0.377286-0j -0.340266-0j 0.200866-0j 0.0515468-0j 0.0022721-0j 3.38216e-06-0j -0.0253444-0j -0.242167-0j -0.030185-0j -0.000830072-0j -4.66333e-06-0j 0.0840687-0j 0.00745249-0j 0.000131899-0j -0.0007826-0j -8.79325e-06-0j 0.283453-0j 0.126103-0j 0.00790456-0j 0.000114228-0j -0.0426881-0j -0.00203325-0j -1.61542e-05-0j 0.000186533-0j 0.00790456-0j 0.000197848-0j -1.61542e-05-0j -0.265281-0j -0.0467625-0j -0.00157495-0j -1.02168e-05-0j 0.0115453-0j 0.000288976-0j -1.6684e-05-0j -0.00222732-0j -2.5026e-05-0j 0.00022384-0j 0.145611-0j 0.0129081-0j 0.000228455-0j -0.0023478-0j -2.63798e-05-0j 0.000323085-0j -2.88976e-05-0j -0.0558918-0j -0.00266215-0j -2.11509e-05-0j 0.000345392-0j -2.99118e-05-0j 0.0158091-0j 0.000395696-0j -3.23085e-05-0j 
0.340266-0j 0.154998-0j -0.246439-0j 0.337479-0j 0.0537514-0j 0.00136386-0j -0.190731-0j -0.108352-0j -0.206153-0j -0.0190213-0j -0.000242089-0j -0.11022-0j 0.0250788-0j 0.00234765-0j 0.00358669-0j -6.52125e-05-0j 0.116154-0j 0.16533-0j 0.0798002-0j 0.00338854-0j 0.0971815-0j -0.00931849-0j -0.000359409-0j -0.00110669-0j -0.0266001-0j 0.00117383-0j 0.000119803-0j 0.118693-0j -0.106457-0j -0.0216542-0j -0.000378851-0j -0.0388519-0j 0.00171448-0j 0.000123732-0j 0.0102079-0j -0.000185598-0j -0.00132803-0j -0.190907-0j 0.0434377-0j 0.00406625-0j 0.0107601-0j -0.000195638-0j -0.00191685-0j 0.00021431-0j 0.12724-0j -0.0122008-0j -0.000470577-0j -0.0020492-0j 0.000221832-0j -0.0532001-0j 0.00234765-0j 0.000239606-0j 
0.200866-0j 0.246439-0j -0.00505952-0j 0.0290035-0j 0.356079-0j 0.0294141-0j -0.112277-0j -0.247996-0j -0.0466886-0j -0.110633-0j -0.00484203-0j 0.00364327-0j -0.105723-0j 0.00249006-0j -0.00802353-0j 0.00083002-0j -0.00715525-0j -0.0163947-0j 0.0373786-0j 0.0280339-0j -0.0660277-0j 0.0625372-0j -0.000508281-0j 0.00352148-0j 0.0373786-0j -0.0112053-0j -0.000508281-0j 0.0905552-0j 0.216989-0j -0.016147-0j -0.00417905-0j 0.0545949-0j -0.0163663-0j -0.000524951-0j -0.0228354-0j 0.00236228-0j 0.00422577-0j 0.00631033-0j -0.183117-0j 0.00431291-0j -0.0240706-0j 0.00249006-0j 0.00609938-0j -0.000909241-0j -0.0864505-0j 0.0818804-0j -0.000665496-0j 0.00652051-0j -0.000941154-0j 0.0747571-0j -0.0224105-0j -0.00101656-0j 
-0.0515468-0j 0.337479-0j -0.0290035-0j 0.0680556-0j 0.272856-0j 0.228789-0j -0.0439088-0j -0.151354-0j -0.135605-0j 0.0597838-0j -0.0275626-0j 0.0158763-0j 0.0627567-0j -0.0570967-0j 0.0080521-0j -0.00366004-0j -0.00315517-0j -0.119072-0j -0.173065-0j -0.0266254-0j -0.0147518-0j -0.1046-0j 0.0174822-0j -0.0062113-0j -0.0133127-0j 0.0329404-0j 0.00134479-0j 0.03316-0j 0.0807991-0j 0.210659-0j 0.00595362-0j -0.0194444-0j 0.0481125-0j 0.00138889-0j 0.0229167-0j -0.0104167-0j -0.00745356-0j 0.0274986-0j 0.108698-0j -0.0988944-0j 0.0241563-0j -0.0109801-0j -0.0107583-0j 0.00240563-0j -0.0193147-0j -0.136953-0j 0.0228896-0j -0.0115011-0j 0.00249006-0j -0.0266254-0j 0.0658808-0j 0.00268957-0j 
0.0022721-0j -0.0537514-0j 0.356079-0j -0.272856-0j 0.220486-0j 0.296525-0j 0.0114412-0j -0.104283-0j -0.0286458-0j 0.0871607-0j 0.0779536-0j 0.00627567-0j 0.0396908-0j 0.114583-0j -0.00115741-0j 0.00810185-0j 0.0152597-0j -0.0658945-0j -0.198464-0j -0.213499-0j -0.00122762-0j 0.0210492-0j -0.0701677-0j 0.00491046-0j -0.00601407-0j -0.0364583-0j -0.00212629-0j 0.0163194-0j 0.0094135-0j -0.0768648-0j 0.0954798-0j -0.0087841-0j -0.0532508-0j -0.00219603-0j -0.00329404-0j 0.0230583-0j 0.00589256-0j 0.0108698-0j 0.0687465-0j 0.198464-0j -0.00347222-0j 0.0243056-0j 0.00850517-0j -0.00380363-0j -0.00160733-0j 0.0275599-0j -0.0918711-0j 0.00909241-0j -0.00393713-0j -0.0120281-0j -0.0729167-0j -0.00425259-0j 
-3.38216e-06-0j 0.00136386-0j -0.0294141-0j 0.228789-0j -0.296525-0j 0-0j -0.000324797-0j 0.0110485-0j -0.123048-0j 0.255794-0j 0.209675-0j -0.00138889-0j 0.0197642-0j 0-0j -0.000896524-0j -0.00806872-0j -0.000681931-0j 0.01875-0j -0.142083-0j 0-0j -0.00285272-0j 0.0209631-0j 0.100468-0j 0-0j -0.00232924-0j 0-0j 0.00164702-0j -0.00134479-0j 0.028125-0j -0.110057-0j -0.280208-0j -0.00340207-0j 0-0j 0.00170103-0j -0.00255155-0j -0.022964-0j 0-0j -0.00240563-0j 0.0342327-0j 0-0j -0.00268957-0j -0.0242061-0j 0-0j 0.00294628-0j -0.00373509-0j 0.0274472-0j 0.131544-0j 0-0j 0.00304969-0j -0.00465847-0j 0-0j 0.00329404-0j 
-0.0253444-0j 0.190731-0j -0.112277-0j 0.0439088-0j 0.0114412-0j 0.000324797-0j 0.102662-0j -0.0776052-0j 0.153588-0j 0.013893-0j 0.000169427-0j -0.358514-0j -0.186834-0j -0.00838621-0j 0.0523939-0j 0.0012779-0j -0.158783-0j 0.107554-0j 0.0396334-0j 0.00145253-0j 0.217206-0j 0.0340308-0j 0.000586913-0j -0.0118599-0j 0.0396334-0j 0.00251586-0j 0.000586913-0j 0.0425061-0j -0.118968-0j -0.0131801-0j -0.000185598-0j -0.115777-0j -0.00734931-0j 0.0015154-0j -0.0186394-0j -0.000454621-0j 0.00284638-0j 0.124193-0j 0.0647212-0j 0.00290507-0j 0.0392954-0j 0.000958424-0j 0.00410839-0j -0.000524951-0j -0.142194-0j -0.0222784-0j -0.000384225-0j -0.0087841-0j -0.000543376-0j 0.0792669-0j 0.00503173-0j 0.00117383-0j 
0.242167-0j -0.108352-0j 0.247996-0j -0.151354-0j 0.104283-0j 0.0110485-0j 0.0776052-0j -0.0856481-0j 0.140734-0j 0.17034-0j 0.00627567-0j -0.24716-0j -0.243276-0j -0.0950907-0j -0.128478-0j 0.00676201-0j -0.116906-0j -0.074148-0j 0.15482-0j 0.0274503-0j -0.0663428-0j 0.083449-0j 0.00931695-0j 0.0448262-0j -0.0516066-0j 0.00950907-0j -0.00310565-0j -0.0469114-0j -0.0363374-0j -0.096959-0j -0.00491046-0j 0.150753-0j -0.0277778-0j -0.00801875-0j 0.0457069-0j -0.00240563-0j -0.0107583-0j 0.0856187-0j 0.0842732-0j 0.0329404-0j -0.0963586-0j 0.00507151-0j -0.0155282-0j 0.00277778-0j 0.0434315-0j -0.0546302-0j -0.00609938-0j 0.0332008-0j 0.00287527-0j -0.103213-0j 0.0190181-0j -0.0062113-0j 
-0.030185-0j 0.206153-0j -0.0466886-0j 0.135605-0j -0.0286458-0j 0.123048-0j 0.153588-0j -0.140734-0j -0.0520833-0j 0.31918-0j 0.0810227-0j -0.0851698-0j -0.0425259-0j -0.0520833-0j 0.0925926-0j -0.0555556-0j -0.0660277-0j -0.0766528-0j -0.00300703-0j 0.117274-0j -0.073657-0j -0.180422-0j 0.00850517-0j -0.073657-0j -0.00300703-0j -0.046875-0j 0.00850517-0j -0.0256944-0j -0.121031-0j -0.0232924-0j -0.0349644-0j 0.0087841-0j 0.136931-0j 0.0219603-0j -0.0329404-0j 0.0197642-0j 0.0176777-0j 0.0295037-0j 0.0147314-0j 0.0180422-0j 0.0694444-0j -0.0416667-0j 0.0255155-0j -0.00760726-0j 0.0482198-0j 0.118114-0j -0.00556794-0j -0.0545545-0j -0.00787426-0j -0.00601407-0j -0.09375-0j 0.0170103-0j 
0.000830072-0j -0.0190213-0j 0.110633-0j 0.0597838-0j -0.0871607-0j 0.255794-0j -0.013893-0j 0.17034-0j -0.31918-0j 0.0486111-0j 0.246528-0j -0.0697332-0j 0.100234-0j 0.31918-0j 0.0261891-0j 0.130946-0j 0.0120353-0j -0.1046-0j 0.0552836-0j -0.0297681-0j -0.0347222-0j -0.0850517-0j -0.156366-0j 0.0347222-0j 0.00425259-0j 0.0368285-0j -0.0120281-0j 0.0186598-0j -0.0950907-0j -0.085645-0j 0.0266254-0j -0.0124226-0j -0.107583-0j -0.0310565-0j -0.00931695-0j -0.0465847-0j -0.00833333-0j 0.0241563-0j -0.0347222-0j -0.110567-0j 0.0196419-0j 0.0982093-0j -0.0120281-0j 0.0107583-0j 0.022731-0j 0.0556794-0j 0.102365-0j 0.0257172-0j 0.0111359-0j 0.00850517-0j 0.073657-0j -0.0240563-0j 
-4.66333e-06-0j 0.000242089-0j -0.00484203-0j 0.0275626-0j 0.0779536-0j -0.209675-0j 0.000169427-0j -0.00627567-0j 0.0810227-0j -0.246528-0j -0.220486-0j 0.00316969-0j -0.0701641-0j 0.405113-0j 0.0130946-0j -0.091662-0j -0.000207505-0j 0.00665635-0j -0.0701677-0j 0.150967-0j 0.00347222-0j -0.0595362-0j 0.198464-0j 0.0173611-0j -0.00212629-0j 0.0257799-0j 0.00601407-0j -0.000491046-0j 0.0133127-0j -0.108703-0j 0.135029-0j 0.0062113-0j -0.075308-0j 0.0155282-0j -0.00465847-0j 0.0326093-0j -0.00416667-0j -0.00109801-0j 0.0243056-0j -0.140335-0j 0.00982093-0j -0.0687465-0j -0.00601407-0j -0.00537914-0j -0.0022731-0j 0.0389756-0j -0.129925-0j 0.0128586-0j -0.00556794-0j -0.00425259-0j 0.0515599-0j 0.0120281-0j 
0.0840687-0j 0.11022-0j 0.00364327-0j -0.0158763-0j 0.00627567-0j 0.00138889-0j -0.358514-0j 0.24716-0j -0.0851698-0j 0.0697332-0j 0.00316969-0j -0.181481-0j 0.143474-0j 0.0502053-0j -0.486514-0j -0.0442285-0j 0.00515237-0j -0.0388889-0j 0.0217395-0j 0.0062113-0j -0.120448-0j 0.170811-0j 0.0109801-0j 0.0710011-0j 0.0217395-0j 0.0107583-0j 0.0109801-0j -0.05415-0j 0.0263889-0j -0.0264619-0j -0.00138889-0j -0.158763-0j -0.0785674-0j -0.0158763-0j -0.0374228-0j -0.00340207-0j 0.0121716-0j -0.044905-0j 0.0355005-0j 0.0124226-0j 0.197235-0j 0.0179305-0j 0.0175682-0j -0.00392837-0j 0.0315408-0j -0.0447288-0j -0.00287527-0j -0.093906-0j -0.00406625-0j 0.0434791-0j 0.0215166-0j 0.0219603-0j 
-0.00745249-0j 0.0250788-0j 0.105723-0j 0.0627567-0j -0.0396908-0j 0.0197642-0j 0.186834-0j -0.243276-0j 0.0425259-0j 0.100234-0j 0.0701641-0j -0.143474-0j -0.12963-0j 0.238145-0j 0.139863-0j -0.139863-0j -0.0498381-0j 0.0307444-0j -0.0589256-0j 0.0491046-0j -0.0200469-0j 0.0491046-0j 0.104167-0j -0.112263-0j 0.0196419-0j 0.0170103-0j -0.0347222-0j -0.0532991-0j -0.00439205-0j -0.0228218-0j -0.0219603-0j -0.143444-0j -0.124226-0j 0.0502053-0j 0.0107583-0j -0.0107583-0j -0.019245-0j -0.0355005-0j -0.032075-0j 0.0589256-0j -0.0567012-0j 0.0567012-0j -0.0277778-0j 0.0124226-0j 0.00524951-0j -0.0128586-0j -0.0272772-0j 0.148478-0j 0.0128586-0j 0.0392837-0j 0.0340207-0j -0.0694444-0j 
0.000131899-0j -0.00234765-0j 0.00249006-0j 0.0570967-0j 0.114583-0j 0-0j -0.00838621-0j 0.0950907-0j -0.0520833-0j -0.31918-0j 0.405113-0j 0.0502053-0j -0.238145-0j 0-0j 0.171296-0j 0.513889-0j 0.00352148-0j -0.0322749-0j 0.0120281-0j 0-0j -0.073657-0j 0.180422-0j 0.0425259-0j 0-0j 0.0120281-0j 0-0j 0.0425259-0j 0.00694444-0j -0.0484123-0j 0.00931695-0j -0.0699289-0j -0.087841-0j 0-0j -0.0614887-0j 0.0131762-0j 0.0395285-0j 0-0j 0.0124226-0j -0.0589256-0j 0-0j -0.0694444-0j -0.208333-0j 0-0j -0.0152145-0j 0.0192879-0j -0.0472456-0j -0.0111359-0j 0-0j -0.0157485-0j 0.0240563-0j 0-0j 0.0850517-0j 
-0.0007826-0j -0.00358669-0j -0.00802353-0j -0.0080521-0j -0.00115741-0j 0.000896524-0j 0.0523939-0j 0.128478-0j 0.0925926-0j -0.0261891-0j 0.0130946-0j -0.486514-0j -0.139863-0j 0.171296-0j -0.0802469-0j 0.0802469-0j -0.011347-0j -0.0197235-0j -0.00400938-0j 0.00400938-0j 0.130946-0j -0.06415-0j 0.0453609-0j 0.24225-0j -0.00400938-0j 0.00694444-0j 0.0453609-0j -0.0175926-0j -0.0179305-0j 0.0062113-0j -0.0035861-0j 0.0468486-0j -0.0811441-0j -0.216675-0j 0.0087841-0j -0.0087841-0j 0.00785674-0j -0.0227748-0j -0.00654729-0j 0.00801875-0j -0.0740741-0j 0.0740741-0j 0.0113402-0j -0.010143-0j -0.021431-0j 0.010499-0j -0.00742392-0j -0.0969857-0j -0.010499-0j -0.00801875-0j 0.0138889-0j 0.0907218-0j 
8.79325e-06-0j -6.52125e-05-0j -0.00083002-0j -0.00366004-0j -0.00810185-0j -0.00806872-0j -0.0012779-0j 0.00676201-0j 0.0555556-0j 0.130946-0j 0.091662-0j 0.0442285-0j -0.139863-0j -0.513889-0j -0.0802469-0j 0.0802469-0j 0.000391275-0j -0.00179305-0j -0.0120281-0j -0.0200469-0j -0.0261891-0j 0.06415-0j 0.136083-0j 0.24225-0j 0.00400938-0j -0.00694444-0j -0.0453609-0j 0.000925926-0j -0.0035861-0j -0.0186339-0j -0.0179305-0j -0.0468486-0j 0.0811441-0j 0.216675-0j 0.0087841-0j -0.0087841-0j 0.00785674-0j 0.00207043-0j -0.00654729-0j -0.0240563-0j -0.0740741-0j 0.0740741-0j 0.0113402-0j 0.010143-0j 0.0042862-0j -0.010499-0j -0.0222718-0j -0.0969857-0j 0.010499-0j 0.00801875-0j -0.0138889-0j -0.0907218-0j 
-0.283453-0j 0.116154-0j 0.00715525-0j -0.00315517-0j -0.0152597-0j -0.000681931-0j 0.158783-0j -0.116906-0j 0.0660277-0j 0.0120353-0j 0.000207505-0j -0.00515237-0j -0.0498381-0j -0.00352148-0j 0.011347-0j 0.000391275-0j -0.0303571-0j 0.0231857-0j 0.158584-0j 0.00914906-0j -0.280132-0j -0.0884409-0j -0.00215645-0j 0.0149404-0j 0.370029-0j 0.0369755-0j -0.00503173-0j -0.128064-0j 0.10229-0j 0.0228354-0j 0.000454621-0j -0.0772088-0j -0.00771517-0j 0.000742392-0j -0.0968822-0j -0.00334077-0j -0.00597614-0j -0.00892416-0j -0.0863221-0j -0.00609938-0j 0.0340409-0j 0.00117383-0j 0.0258775-0j 0.00128586-0j 0.122259-0j 0.0385988-0j 0.000941154-0j -0.00922139-0j -0.00399298-0j -0.105723-0j -0.0105644-0j 0.00143764-0j 
0.126103-0j -0.16533-0j -0.0163947-0j 0.119072-0j -0.0658945-0j -0.01875-0j 0.107554-0j 0.074148-0j -0.0766528-0j 0.1046-0j 0.00665635-0j -0.0388889-0j -0.0307444-0j -0.0322749-0j -0.0197235-0j 0.00179305-0j -0.0231857-0j -0.175-0j 0.293484-0j 0.139754-0j -0.108403-0j -0.15373-0j -0.0296464-0j -0.0456435-0j -0.228265-0j 0.112962-0j 0.0230583-0j -0.0812251-0j -0.0395833-0j 0.119078-0j 0.0104167-0j 0.047629-0j -0.0235702-0j -0.00340207-0j 0.168402-0j -0.0153093-0j 0.0182574-0j -0.0673575-0j -0.0532508-0j -0.0559017-0j -0.0591706-0j 0.00537914-0j -0.0790569-0j -0.00589256-0j 0.0473111-0j 0.0670931-0j 0.0129387-0j 0.0281718-0j 0.0182981-0j 0.0652186-0j -0.0322749-0j -0.00658808-0j 
-0.00790456-0j 0.0798002-0j -0.0373786-0j -0.173065-0j 0.198464-0j -0.142083-0j -0.0396334-0j 0.15482-0j 0.00300703-0j 0.0552836-0j 0.0701677-0j -0.0217395-0j -0.0589256-0j -0.0120281-0j 0.00400938-0j -0.0120281-0j 0.158584-0j -0.293484-0j -0.0625-0j 0.40625-0j -0.0127578-0j 0.09375-0j -0.0220971-0j 0.051031-0j -0.145833-0j -0.378886-0j -0.0515599-0j -0.0565322-0j -0.0139754-0j 0.00806872-0j 0.0605602-0j 0.030429-0j 0.0790569-0j 0.00760726-0j -0.0342327-0j 0.102698-0j -0.0204124-0j -0.037654-0j -0.102062-0j -0.0208333-0j 0.0120281-0j -0.0360844-0j 0.0883883-0j 0.0131762-0j 0.00556794-0j -0.0409159-0j 0.00964396-0j -0.031497-0j -0.0409159-0j 0.0416667-0j 0.108253-0j 0.0147314-0j 
0.000114228-0j -0.00338854-0j 0.0280339-0j 0.0266254-0j -0.213499-0j 0-0j 0.00145253-0j -0.0274503-0j 0.117274-0j 0.0297681-0j 0.150967-0j 0.0062113-0j -0.0491046-0j 0-0j 0.00400938-0j 0.0200469-0j -0.00914906-0j 0.139754-0j -0.40625-0j 0-0j -0.0382733-0j 0.15625-0j 0.287262-0j 0-0j -0.0729167-0j 0-0j 0.0515599-0j 0.00601407-0j -0.0698771-0j 0.104893-0j -0.0326093-0j 0.0152145-0j 0-0j -0.00760726-0j -0.0342327-0j -0.171163-0j 0-0j 0.0107583-0j -0.0850517-0j 0-0j 0.0120281-0j 0.0601407-0j 0-0j -0.0131762-0j 0.0167038-0j -0.0681931-0j -0.125371-0j 0-0j 0.0409159-0j 0.0208333-0j 0-0j -0.0147314-0j 
0.0426881-0j 0.0971815-0j 0.0660277-0j -0.0147518-0j 0.00122762-0j -0.00285272-0j -0.217206-0j -0.0663428-0j 0.073657-0j -0.0347222-0j -0.00347222-0j 0.120448-0j -0.0200469-0j 0.073657-0j -0.130946-0j -0.0261891-0j -0.280132-0j 0.108403-0j -0.0127578-0j 0.0382733-0j -0.3125-0j 0.255155-0j 0.0360844-0j -0.3125-0j -0.0297681-0j 0.15468-0j 0.0841969-0j 0.0363374-0j -0.0570544-0j 0.0329404-0j 0.00380363-0j -0.0124226-0j 0.0645497-0j -0.0310565-0j -0.139754-0j -0.0279508-0j -0.025-0j -0.0417245-0j 0.00694444-0j -0.0255155-0j -0.0982093-0j -0.0196419-0j 0.108253-0j 0.0107583-0j -0.0681931-0j 0.0556794-0j 0.00787426-0j 0.0771517-0j -0.0334077-0j 0.00850517-0j -0.0441942-0j -0.0240563-0j 
-0.00203325-0j 0.00931849-0j 0.0625372-0j 0.1046-0j 0.0210492-0j -0.0209631-0j 0.0340308-0j -0.083449-0j -0.180422-0j 0.0850517-0j -0.0595362-0j 0.170811-0j -0.0491046-0j 0.180422-0j -0.06415-0j -0.06415-0j 0.0884409-0j -0.15373-0j -0.09375-0j 0.15625-0j -0.255155-0j -0.125-0j 0.265165-0j 0.255155-0j 0.0729167-0j 0.126295-0j -0.206239-0j -0.0457069-0j 0.0465847-0j -0.0484123-0j 0.0465847-0j 0.030429-0j 0.0527046-0j 0.0760726-0j -0.0684653-0j -0.0684653-0j 0.0204124-0j -0.0591706-0j 0.0170103-0j -0.0625-0j -0.0481125-0j -0.0481125-0j -0.0883883-0j -0.0263523-0j -0.0556794-0j -0.0272772-0j 0.0578638-0j -0.0629941-0j 0.0818317-0j -0.0208333-0j -0.0360844-0j 0.0589256-0j 
1.61542e-05-0j -0.000359409-0j 0.000508281-0j 0.0174822-0j 0.0701677-0j 0.100468-0j -0.000586913-0j 0.00931695-0j -0.00850517-0j -0.156366-0j -0.198464-0j -0.0109801-0j 0.104167-0j -0.0425259-0j -0.0453609-0j 0.136083-0j -0.00215645-0j 0.0296464-0j -0.0220971-0j -0.287262-0j 0.0360844-0j -0.265165-0j 0.0625-0j 0.180422-0j -0.0515599-0j 0.267913-0j 0.145833-0j 0.00170103-0j -0.0197642-0j 0.0114109-0j 0.085645-0j -0.0215166-0j 0.111803-0j -0.0537914-0j -0.0484123-0j 0.145237-0j 0.0144338-0j 0.00380363-0j -0.0360844-0j 0.0147314-0j -0.0340207-0j 0.102062-0j -0.0625-0j 0.0186339-0j 0.00787426-0j -0.0578638-0j 0.0136386-0j -0.0445435-0j -0.0578638-0j 0.0147314-0j -0.0765466-0j -0.0416667-0j 
-0.000186533-0j -0.00110669-0j -0.00352148-0j -0.0062113-0j -0.00491046-0j 0-0j 0.0118599-0j 0.0448262-0j 0.073657-0j 0.0347222-0j -0.0173611-0j -0.0710011-0j -0.112263-0j 0-0j -0.24225-0j 0.24225-0j 0.0149404-0j 0.0456435-0j 0.051031-0j 0-0j -0.3125-0j -0.255155-0j 0.180422-0j 0-0j 0.119072-0j 0-0j 0.420985-0j -0.00982093-0j -0.0228218-0j -0.0131762-0j 0.00760726-0j 0.124226-0j 0-0j 0.0869582-0j 0.0559017-0j -0.0559017-0j 0-0j -0.0175682-0j -0.0277778-0j 0-0j 0.0982093-0j -0.0982093-0j 0-0j 0.0215166-0j -0.0272772-0j -0.0222718-0j 0.0157485-0j 0-0j -0.0668153-0j -0.0340207-0j 0-0j -0.120281-0j 
0.00790456-0j 0.0266001-0j 0.0373786-0j 0.0133127-0j -0.00601407-0j 0.00232924-0j 0.0396334-0j 0.0516066-0j -0.00300703-0j -0.00425259-0j -0.00212629-0j 0.0217395-0j -0.0196419-0j 0.0120281-0j -0.00400938-0j -0.00400938-0j -0.370029-0j -0.228265-0j 0.145833-0j -0.0729167-0j 0.0297681-0j 0.0729167-0j 0.0515599-0j -0.119072-0j -0.354167-0j 0.306717-0j -0.125217-0j 0.0565322-0j -0.00465847-0j -0.00806872-0j -0.00465847-0j -0.030429-0j 0.0263523-0j -0.00760726-0j 0.0798762-0j 0.0798762-0j 0.0204124-0j 0.037654-0j -0.0340207-0j 0.0208333-0j -0.0120281-0j -0.0120281-0j -0.206239-0j -0.0131762-0j -0.00556794-0j -0.0136386-0j -0.00964396-0j 0.031497-0j 0.0954703-0j -0.0416667-0j 0.0360844-0j -0.0147314-0j 
-0.000197848-0j 0.00117383-0j 0.0112053-0j 0.0329404-0j 0.0364583-0j 0-0j -0.00251586-0j 0.00950907-0j 0.046875-0j 0.0368285-0j -0.0257799-0j -0.0107583-0j 0.0170103-0j 0-0j -0.00694444-0j -0.00694444-0j 0.0369755-0j -0.112962-0j -0.378886-0j 0-0j 0.15468-0j -0.126295-0j 0.267913-0j 0-0j -0.306717-0j 0-0j 0.216882-0j -0.0104167-0j 0.0242061-0j 0.0419263-0j -0.0403436-0j -0.0263523-0j 0-0j 0.0131762-0j 0.13835-0j 0.13835-0j 0-0j -0.0186339-0j 0.0294628-0j 0-0j -0.0208333-0j -0.0208333-0j 0-0j 0.0228218-0j -0.0289319-0j 0.0236228-0j -0.0501115-0j 0-0j -0.165359-0j -0.0360844-0j 0-0j 0.0255155-0j 
-1.61542e-05-0j -0.000119803-0j -0.000508281-0j -0.00134479-0j -0.00212629-0j -0.00164702-0j 0.000586913-0j 0.00310565-0j 0.00850517-0j 0.0120281-0j 0.00601407-0j 0.0109801-0j 0.0347222-0j 0.0425259-0j 0.0453609-0j 0.0453609-0j 0.00503173-0j 0.0230583-0j 0.0515599-0j 0.0515599-0j -0.0841969-0j -0.206239-0j -0.145833-0j -0.420985-0j -0.125217-0j -0.216882-0j 0.354167-0j -0.00170103-0j -0.00658808-0j -0.0114109-0j -0.00658808-0j 0.0215166-0j 0.0372678-0j 0.0537914-0j 0.112962-0j 0.112962-0j -0.0144338-0j -0.00380363-0j -0.0120281-0j -0.0147314-0j 0.0340207-0j 0.0340207-0j 0.145833-0j -0.0186339-0j -0.00787426-0j -0.0192879-0j -0.0136386-0j 0.0445435-0j 0.135015-0j -0.0147314-0j -0.0255155-0j 0.0416667-0j 
-0.265281-0j -0.118693-0j 0.0905552-0j -0.03316-0j 0.0163194-0j 0.00134479-0j 0.0425061-0j 0.0469114-0j -0.0256944-0j -0.0186598-0j -0.000491046-0j -0.05415-0j 0.0532991-0j 0.00694444-0j -0.0175926-0j -0.000925926-0j 0.128064-0j -0.0812251-0j 0.0565322-0j 0.00601407-0j -0.0363374-0j -0.0457069-0j -0.00170103-0j 0.00982093-0j 0.0565322-0j 0.0104167-0j -0.00170103-0j -0.205556-0j 0.159223-0j 0.141618-0j 0.00430331-0j -0.330282-0j -0.0608581-0j 0.00702728-0j 0.200278-0j 0.0105409-0j -0.106066-0j -0.0937906-0j 0.0923167-0j 0.0120281-0j -0.0527778-0j -0.00277778-0j 0.0170103-0j 0.0121716-0j -0.0475769-0j -0.0598444-0j -0.00222718-0j 0.0181848-0j -0.0031497-0j 0.113064-0j 0.0208333-0j -0.00340207-0j 
0.0467625-0j -0.106457-0j -0.216989-0j 0.0807991-0j -0.0094135-0j 0.028125-0j 0.118968-0j -0.0363374-0j 0.121031-0j -0.0950907-0j -0.0133127-0j -0.0263889-0j -0.00439205-0j 0.0484123-0j 0.0179305-0j -0.0035861-0j 0.10229-0j 0.0395833-0j -0.0139754-0j 0.0698771-0j -0.0570544-0j -0.0465847-0j -0.0197642-0j -0.0228218-0j 0.00465847-0j 0.0242061-0j 0.00658808-0j -0.159223-0j -0.25-0j 0.433013-0j 0.0833333-0j -0.0272166-0j -0.141421-0j -0.0272166-0j -0.204124-0j 0.0408248-0j 0.246475-0j -0.0457069-0j -0.00760726-0j 0.0838525-0j 0.0537914-0j -0.0107583-0j -0.0395285-0j -0.0471405-0j -0.0747018-0j -0.0609938-0j -0.0258775-0j -0.0422577-0j 0.0121988-0j 0.00931695-0j 0.0484123-0j 0.0131762-0j 
-0.00157495-0j 0.0216542-0j -0.016147-0j -0.210659-0j -0.0768648-0j 0.110057-0j -0.0131801-0j 0.096959-0j -0.0232924-0j 0.085645-0j -0.108703-0j -0.0264619-0j 0.0228218-0j 0.00931695-0j 0.0062113-0j 0.0186339-0j -0.0228354-0j 0.119078-0j -0.00806872-0j 0.104893-0j -0.0329404-0j -0.0484123-0j -0.0114109-0j 0.0131762-0j -0.00806872-0j -0.0419263-0j -0.0114109-0j 0.141618-0j -0.433013-0j -0.05-0j 0.375278-0j 0.0471405-0j 0.244949-0j 0.0471405-0j -0.0707107-0j -0.212132-0j -0.142302-0j -0.0458333-0j 0.0395285-0j 0.0161374-0j 0.0186339-0j 0.0559017-0j 0.0228218-0j 0.0816497-0j -0.0431291-0j -0.0633866-0j -0.0149404-0j 0.0243975-0j -0.0211289-0j -0.0161374-0j -0.0838525-0j -0.0228218-0j 
1.02168e-05-0j -0.000378851-0j 0.00417905-0j 0.00595362-0j -0.0954798-0j -0.280208-0j 0.000185598-0j -0.00491046-0j 0.0349644-0j 0.0266254-0j -0.135029-0j 0.00138889-0j -0.0219603-0j 0.0699289-0j 0.0035861-0j -0.0179305-0j 0.000454621-0j -0.0104167-0j 0.0605602-0j 0.0326093-0j 0.00380363-0j -0.0465847-0j 0.085645-0j 0.00760726-0j 0.00465847-0j -0.0403436-0j 0.00658808-0j -0.00430331-0j 0.0833333-0j -0.375278-0j -0.116667-0j -0.0272166-0j 0.235702-0j -0.0272166-0j -0.0408248-0j 0.204124-0j -0.0821584-0j 0.00240563-0j -0.0380363-0j 0.12112-0j 0.0107583-0j -0.0537914-0j 0.0131762-0j -0.0471405-0j 0.00498012-0j -0.0609938-0j 0.112136-0j 0.0140859-0j 0.0121988-0j 0.00931695-0j -0.0806872-0j 0.0131762-0j 
0.0115453-0j 0.0388519-0j 0.0545949-0j 0.0194444-0j -0.0087841-0j 0.00340207-0j -0.115777-0j -0.150753-0j 0.0087841-0j 0.0124226-0j 0.0062113-0j -0.158763-0j 0.143444-0j -0.087841-0j 0.0468486-0j 0.0468486-0j 0.0772088-0j 0.047629-0j -0.030429-0j 0.0152145-0j 0.0124226-0j 0.030429-0j 0.0215166-0j -0.124226-0j -0.030429-0j 0.0263523-0j 0.0215166-0j -0.330282-0j 0.0272166-0j 0.0471405-0j 0.0272166-0j -0.355556-0j 0.30792-0j -0.222222-0j 0.0666667-0j 0.0666667-0j -0.268328-0j 0.0549972-0j -0.0496904-0j 0.030429-0j 0.0351364-0j 0.0351364-0j 0.0430331-0j 0.07698-0j -0.0081325-0j -0.0199205-0j -0.0140859-0j -0.0920087-0j -0.0199205-0j -0.0608581-0j 0.0527046-0j 0.0430331-0j 
-0.000288976-0j 0.00171448-0j 0.0163663-0j 0.0481125-0j 0.0532508-0j 0-0j 0.00734931-0j -0.0277778-0j -0.136931-0j -0.107583-0j 0.075308-0j 0.0785674-0j -0.124226-0j 0-0j 0.0811441-0j 0.0811441-0j -0.00771517-0j 0.0235702-0j 0.0790569-0j 0-0j 0.0645497-0j -0.0527046-0j 0.111803-0j 0-0j -0.0263523-0j 0-0j -0.0372678-0j 0.0608581-0j -0.141421-0j -0.244949-0j 0.235702-0j -0.30792-0j 0-0j 0.3849-0j 0.11547-0j 0.11547-0j 0-0j -0.0272166-0j 0.0430331-0j 0-0j 0.0608581-0j 0.0608581-0j 0-0j -0.133333-0j -0.0422577-0j 0.0345033-0j -0.0731925-0j 0-0j 0.0345033-0j -0.0527046-0j 0-0j -0.0745356-0j 
-1.6684e-05-0j -0.000123732-0j -0.000524951-0j -0.00138889-0j -0.00219603-0j -0.00170103-0j 0.0015154-0j 0.00801875-0j 0.0219603-0j 0.0310565-0j 0.0155282-0j -0.0158763-0j -0.0502053-0j -0.0614887-0j -0.216675-0j -0.216675-0j -0.000742392-0j -0.00340207-0j -0.00760726-0j -0.00760726-0j 0.0310565-0j 0.0760726-0j 0.0537914-0j -0.0869582-0j -0.00760726-0j -0.0131762-0j 0.0537914-0j 0.00702728-0j 0.0272166-0j 0.0471405-0j 0.0272166-0j -0.222222-0j -0.3849-0j 0.311111-0j 0.0666667-0j 0.0666667-0j 0.134164-0j -0.00392837-0j -0.0124226-0j -0.0152145-0j 0.087841-0j 0.087841-0j -0.0215166-0j 0.07698-0j -0.0081325-0j -0.0199205-0j -0.0140859-0j 0.115011-0j -0.0199205-0j -0.0152145-0j -0.0263523-0j 0.107583-0j 
0.00222732-0j 0.0102079-0j 0.0228354-0j 0.0229167-0j 0.00329404-0j -0.00255155-0j 0.0186394-0j 0.0457069-0j 0.0329404-0j -0.00931695-0j 0.00465847-0j 0.0374228-0j 0.0107583-0j -0.0131762-0j -0.0087841-0j 0.0087841-0j -0.0968822-0j -0.168402-0j -0.0342327-0j 0.0342327-0j -0.139754-0j 0.0684653-0j -0.0484123-0j 0.0559017-0j -0.0798762-0j 0.13835-0j -0.112962-0j -0.200278-0j -0.204124-0j 0.0707107-0j -0.0408248-0j -0.0666667-0j 0.11547-0j -0.0666667-0j -0.3-0j 0.3-0j 0.201246-0j 0.0648181-0j 0.0186339-0j -0.0228218-0j -0.0263523-0j 0.0263523-0j 0.0968246-0j -0.11547-0j 0.0609938-0j -0.0298807-0j 0.0211289-0j -0.0345033-0j -0.0896421-0j 0.0228218-0j -0.0395285-0j 0.0322749-0j 
-2.5026e-05-0j 0.000185598-0j 0.00236228-0j 0.0104167-0j 0.0230583-0j 0.022964-0j -0.000454621-0j 0.00240563-0j 0.0197642-0j 0.0465847-0j 0.0326093-0j -0.00340207-0j 0.0107583-0j 0.0395285-0j -0.0087841-0j 0.0087841-0j 0.00334077-0j -0.0153093-0j -0.102698-0j -0.171163-0j 0.0279508-0j -0.0684653-0j -0.145237-0j 0.0559017-0j 0.0798762-0j -0.13835-0j 0.112962-0j 0.0105409-0j -0.0408248-0j -0.212132-0j -0.204124-0j 0.0666667-0j -0.11547-0j 0.0666667-0j -0.3-0j 0.3-0j 0.201246-0j -0.00589256-0j 0.0186339-0j 0.0684653-0j -0.0263523-0j 0.0263523-0j 0.0968246-0j 0.11547-0j -0.0121988-0j 0.0298807-0j 0.0633866-0j -0.0345033-0j 0.0896421-0j -0.0228218-0j 0.0395285-0j -0.0322749-0j 
0.00022384-0j 0.00132803-0j 0.00422577-0j 0.00745356-0j 0.00589256-0j 0-0j 0.00284638-0j 0.0107583-0j 0.0176777-0j 0.00833333-0j -0.00416667-0j 0.0121716-0j 0.019245-0j 0-0j 0.00785674-0j -0.00785674-0j 0.00597614-0j 0.0182574-0j 0.0204124-0j 0-0j 0.025-0j 0.0204124-0j -0.0144338-0j 0-0j 0.0204124-0j 0-0j -0.0144338-0j -0.106066-0j -0.246475-0j -0.142302-0j 0.0821584-0j -0.268328-0j 0-0j 0.134164-0j -0.201246-0j 0.201246-0j 0-0j 0.0210819-0j 0.0333333-0j 0-0j 0.0235702-0j -0.0235702-0j 0-0j 0.232379-0j 0.0327327-0j 0.0267261-0j -0.0188982-0j 0-0j -0.0267261-0j 0.0408248-0j 0-0j -0.0288675-0j 
-0.145611-0j -0.190907-0j -0.00631033-0j 0.0274986-0j -0.0108698-0j -0.00240563-0j -0.124193-0j 0.0856187-0j -0.0295037-0j 0.0241563-0j 0.00109801-0j 0.044905-0j -0.0355005-0j -0.0124226-0j 0.0227748-0j 0.00207043-0j -0.00892416-0j 0.0673575-0j -0.037654-0j -0.0107583-0j -0.0417245-0j 0.0591706-0j 0.00380363-0j -0.0175682-0j -0.037654-0j -0.0186339-0j 0.00380363-0j 0.0937906-0j -0.0457069-0j 0.0458333-0j 0.00240563-0j -0.0549972-0j -0.0272166-0j 0.00392837-0j 0.0648181-0j 0.00589256-0j -0.0210819-0j -0.388889-0j 0.307444-0j 0.107583-0j -0.341621-0j -0.0310565-0j 0.152145-0j -0.0340207-0j -0.0546302-0j 0.0774725-0j 0.00498012-0j -0.03253-0j 0.00704295-0j -0.075308-0j -0.0372678-0j 0.00760726-0j 
0.0129081-0j -0.0434377-0j -0.183117-0j -0.108698-0j 0.0687465-0j -0.0342327-0j 0.0647212-0j -0.0842732-0j 0.0147314-0j 0.0347222-0j 0.0243056-0j 0.0355005-0j 0.032075-0j -0.0589256-0j -0.00654729-0j 0.00654729-0j 0.0863221-0j -0.0532508-0j 0.102062-0j -0.0850517-0j -0.00694444-0j 0.0170103-0j 0.0360844-0j 0.0277778-0j -0.0340207-0j -0.0294628-0j -0.0120281-0j 0.0923167-0j 0.00760726-0j 0.0395285-0j 0.0380363-0j -0.0496904-0j -0.0430331-0j -0.0124226-0j -0.0186339-0j 0.0186339-0j 0.0333333-0j -0.307444-0j -0.277778-0j 0.51031-0j 0.0982093-0j -0.0982093-0j -0.240563-0j 0.107583-0j -0.00909241-0j 0.0222718-0j 0.0472456-0j 0.0514344-0j -0.0222718-0j -0.0680414-0j -0.0589256-0j -0.0240563-0j 
-0.000228455-0j 0.00406625-0j -0.00431291-0j -0.0988944-0j -0.198464-0j 0-0j -0.00290507-0j 0.0329404-0j -0.0180422-0j -0.110567-0j 0.140335-0j -0.0124226-0j 0.0589256-0j 0-0j -0.00801875-0j -0.0240563-0j -0.00609938-0j 0.0559017-0j -0.0208333-0j 0-0j -0.0255155-0j 0.0625-0j 0.0147314-0j 0-0j -0.0208333-0j 0-0j 0.0147314-0j -0.0120281-0j 0.0838525-0j -0.0161374-0j 0.12112-0j -0.030429-0j 0-0j 0.0152145-0j -0.0228218-0j -0.0684653-0j 0-0j 0.107583-0j -0.51031-0j 0-0j 0.120281-0j 0.360844-0j 0-0j -0.131762-0j -0.0334077-0j 0.0818317-0j 0.0192879-0j 0-0j 0.0272772-0j -0.0416667-0j 0-0j 0.0294628-0j 
0.0023478-0j 0.0107601-0j 0.0240706-0j 0.0241563-0j 0.00347222-0j -0.00268957-0j -0.0392954-0j -0.0963586-0j -0.0694444-0j 0.0196419-0j -0.00982093-0j -0.197235-0j -0.0567012-0j 0.0694444-0j 0.0740741-0j -0.0740741-0j 0.0340409-0j 0.0591706-0j 0.0120281-0j -0.0120281-0j -0.0982093-0j 0.0481125-0j -0.0340207-0j 0.0982093-0j 0.0120281-0j -0.0208333-0j -0.0340207-0j 0.0527778-0j 0.0537914-0j -0.0186339-0j 0.0107583-0j -0.0351364-0j 0.0608581-0j -0.087841-0j -0.0263523-0j 0.0263523-0j -0.0235702-0j -0.341621-0j -0.0982093-0j 0.120281-0j -0.277778-0j 0.277778-0j 0.170103-0j -0.152145-0j 0.0642931-0j -0.031497-0j 0.0222718-0j 0.0727393-0j 0.031497-0j 0.0240563-0j -0.0416667-0j -0.0680414-0j 
-2.63798e-05-0j 0.000195638-0j 0.00249006-0j 0.0109801-0j 0.0243056-0j 0.0242061-0j 0.000958424-0j -0.00507151-0j -0.0416667-0j -0.0982093-0j -0.0687465-0j 0.0179305-0j -0.0567012-0j -0.208333-0j 0.0740741-0j -0.0740741-0j -0.00117383-0j 0.00537914-0j 0.0360844-0j 0.0601407-0j 0.0196419-0j -0.0481125-0j -0.102062-0j 0.0982093-0j -0.0120281-0j 0.0208333-0j 0.0340207-0j -0.00277778-0j 0.0107583-0j 0.0559017-0j 0.0537914-0j 0.0351364-0j -0.0608581-0j 0.087841-0j -0.0263523-0j 0.0263523-0j -0.0235702-0j 0.0310565-0j -0.0982093-0j -0.360844-0j -0.277778-0j 0.277778-0j 0.170103-0j 0.152145-0j -0.0128586-0j 0.031497-0j 0.0668153-0j 0.0727393-0j -0.031497-0j -0.0240563-0j 0.0416667-0j 0.0680414-0j 
0.000323085-0j 0.00191685-0j 0.00609938-0j 0.0107583-0j 0.00850517-0j 0-0j 0.00410839-0j 0.0155282-0j 0.0255155-0j 0.0120281-0j -0.00601407-0j 0.0175682-0j 0.0277778-0j 0-0j 0.0113402-0j -0.0113402-0j -0.0258775-0j -0.0790569-0j -0.0883883-0j 0-0j -0.108253-0j -0.0883883-0j 0.0625-0j 0-0j -0.206239-0j 0-0j 0.145833-0j 0.0170103-0j 0.0395285-0j 0.0228218-0j -0.0131762-0j 0.0430331-0j 0-0j -0.0215166-0j -0.0968246-0j 0.0968246-0j 0-0j -0.152145-0j -0.240563-0j 0-0j -0.170103-0j 0.170103-0j 0-0j 0.186339-0j 0.0472456-0j 0.0385758-0j -0.0272772-0j 0-0j 0.115728-0j 0.0589256-0j 0-0j -0.0416667-0j 
2.88976e-05-0j 0.00021431-0j 0.000909241-0j 0.00240563-0j 0.00380363-0j 0.00294628-0j 0.000524951-0j 0.00277778-0j 0.00760726-0j 0.0107583-0j 0.00537914-0j 0.00392837-0j 0.0124226-0j 0.0152145-0j 0.010143-0j 0.010143-0j 0.00128586-0j 0.00589256-0j 0.0131762-0j 0.0131762-0j 0.0107583-0j 0.0263523-0j 0.0186339-0j 0.0215166-0j 0.0131762-0j 0.0228218-0j 0.0186339-0j -0.0121716-0j -0.0471405-0j -0.0816497-0j -0.0471405-0j -0.07698-0j -0.133333-0j -0.07698-0j -0.11547-0j -0.11547-0j -0.232379-0j -0.0340207-0j -0.107583-0j -0.131762-0j -0.152145-0j -0.152145-0j -0.186339-0j 0.666667-0j 0.0140859-0j 0.0345033-0j 0.0243975-0j 0.039841-0j 0.0345033-0j 0.0263523-0j 0.0456435-0j 0.0372678-0j 
-0.0558918-0j -0.12724-0j -0.0864505-0j 0.0193147-0j -0.00160733-0j 0.00373509-0j -0.142194-0j -0.0434315-0j 0.0482198-0j -0.022731-0j -0.0022731-0j 0.0315408-0j -0.00524951-0j 0.0192879-0j -0.021431-0j -0.0042862-0j -0.122259-0j 0.0473111-0j -0.00556794-0j 0.0167038-0j 0.0681931-0j -0.0556794-0j -0.00787426-0j 0.0272772-0j -0.00556794-0j 0.0289319-0j -0.00787426-0j -0.0475769-0j 0.0747018-0j -0.0431291-0j -0.00498012-0j -0.0081325-0j 0.0422577-0j -0.0081325-0j -0.0609938-0j -0.0121988-0j 0.0327327-0j 0.0546302-0j -0.00909241-0j 0.0334077-0j -0.0642931-0j -0.0128586-0j 0.0472456-0j -0.0140859-0j -0.535714-0j 0.437409-0j 0.061859-0j -0.303046-0j 0.0874818-0j -0.0111359-0j 0.0578638-0j -0.0157485-0j 
0.00266215-0j -0.0122008-0j -0.0818804-0j -0.136953-0j -0.0275599-0j 0.0274472-0j 0.0222784-0j -0.0546302-0j -0.118114-0j 0.0556794-0j -0.0389756-0j 0.0447288-0j -0.0128586-0j 0.0472456-0j -0.010499-0j -0.010499-0j 0.0385988-0j -0.0670931-0j -0.0409159-0j 0.0681931-0j 0.0556794-0j 0.0272772-0j -0.0578638-0j -0.0222718-0j 0.0136386-0j 0.0236228-0j 0.0192879-0j 0.0598444-0j -0.0609938-0j 0.0633866-0j -0.0609938-0j 0.0199205-0j 0.0345033-0j 0.0199205-0j -0.0298807-0j -0.0298807-0j -0.0267261-0j 0.0774725-0j -0.0222718-0j 0.0818317-0j -0.031497-0j -0.031497-0j -0.0385758-0j 0.0345033-0j -0.437409-0j -0.214286-0j 0.454569-0j 0.247436-0j -0.214286-0j 0.0272772-0j 0.0472456-0j 0.0385758-0j 
-2.11509e-05-0j 0.000470577-0j -0.000665496-0j -0.0228896-0j -0.0918711-0j -0.131544-0j -0.000384225-0j 0.00609938-0j -0.00556794-0j -0.102365-0j -0.129925-0j -0.00287527-0j 0.0272772-0j -0.0111359-0j -0.00742392-0j 0.0222718-0j -0.000941154-0j 0.0129387-0j -0.00964396-0j -0.125371-0j -0.00787426-0j 0.0578638-0j -0.0136386-0j -0.0157485-0j -0.00964396-0j 0.0501115-0j -0.0136386-0j -0.00222718-0j 0.0258775-0j -0.0149404-0j -0.112136-0j -0.0140859-0j 0.0731925-0j -0.0140859-0j -0.0211289-0j 0.0633866-0j -0.0188982-0j -0.00498012-0j 0.0472456-0j -0.0192879-0j -0.0222718-0j 0.0668153-0j -0.0272772-0j -0.0243975-0j 0.061859-0j -0.454569-0j 0.107143-0j 0.174964-0j 0.151523-0j -0.0192879-0j 0.100223-0j -0.0272772-0j 
0.000345392-0j 0.0020492-0j 0.00652051-0j 0.0115011-0j 0.00909241-0j 0-0j -0.0087841-0j -0.0332008-0j -0.0545545-0j -0.0257172-0j 0.0128586-0j -0.093906-0j -0.148478-0j 0-0j -0.0969857-0j 0.0969857-0j 0.00922139-0j 0.0281718-0j 0.031497-0j 0-0j -0.0771517-0j -0.0629941-0j 0.0445435-0j 0-0j 0.031497-0j 0-0j 0.0445435-0j 0.0181848-0j 0.0422577-0j 0.0243975-0j -0.0140859-0j -0.0920087-0j 0-0j 0.115011-0j 0.0345033-0j -0.0345033-0j 0-0j 0.03253-0j 0.0514344-0j 0-0j -0.0727393-0j 0.0727393-0j 0-0j -0.039841-0j -0.303046-0j -0.247436-0j 0.174964-0j 0-0j 0.247436-0j 0.0629941-0j 0-0j 0.0890871-0j 
2.99118e-05-0j 0.000221832-0j 0.000941154-0j 0.00249006-0j 0.00393713-0j 0.00304969-0j 0.000543376-0j 0.00287527-0j 0.00787426-0j 0.0111359-0j 0.00556794-0j 0.00406625-0j 0.0128586-0j 0.0157485-0j 0.010499-0j 0.010499-0j -0.00399298-0j -0.0182981-0j -0.0409159-0j -0.0409159-0j -0.0334077-0j -0.0818317-0j -0.0578638-0j -0.0668153-0j -0.0954703-0j -0.165359-0j -0.135015-0j 0.0031497-0j 0.0121988-0j 0.0211289-0j 0.0121988-0j 0.0199205-0j 0.0345033-0j 0.0199205-0j -0.0896421-0j -0.0896421-0j 0.0267261-0j 0.00704295-0j 0.0222718-0j 0.0272772-0j 0.031497-0j 0.031497-0j -0.115728-0j 0.0345033-0j -0.0874818-0j -0.214286-0j -0.151523-0j -0.247436-0j 0.642857-0j 0.0272772-0j 0.0472456-0j 0.0385758-0j 
-0.0158091-0j -0.0532001-0j -0.0747571-0j -0.0266254-0j 0.0120281-0j -0.00465847-0j -0.0792669-0j -0.103213-0j 0.00601407-0j 0.00850517-0j 0.00425259-0j -0.0434791-0j 0.0392837-0j -0.0240563-0j 0.00801875-0j 0.00801875-0j -0.105723-0j -0.0652186-0j 0.0416667-0j -0.0208333-0j 0.00850517-0j 0.0208333-0j 0.0147314-0j -0.0340207-0j 0.0416667-0j -0.0360844-0j 0.0147314-0j -0.113064-0j 0.00931695-0j 0.0161374-0j 0.00931695-0j 0.0608581-0j -0.0527046-0j 0.0152145-0j 0.0228218-0j 0.0228218-0j -0.0408248-0j -0.075308-0j 0.0680414-0j -0.0416667-0j 0.0240563-0j 0.0240563-0j -0.0589256-0j 0.0263523-0j 0.0111359-0j 0.0272772-0j 0.0192879-0j -0.0629941-0j 0.0272772-0j -0.583333-0j 0.505181-0j -0.206239-0j 
0.000395696-0j -0.00234765-0j -0.0224105-0j -0.0658808-0j -0.0729167-0j 0-0j 0.00503173-0j -0.0190181-0j -0.09375-0j -0.073657-0j 0.0515599-0j 0.0215166-0j -0.0340207-0j 0-0j 0.0138889-0j 0.0138889-0j 0.0105644-0j -0.0322749-0j -0.108253-0j 0-0j 0.0441942-0j -0.0360844-0j 0.0765466-0j 0-0j 0.0360844-0j 0-0j -0.0255155-0j 0.0208333-0j -0.0484123-0j -0.0838525-0j 0.0806872-0j 0.0527046-0j 0-0j -0.0263523-0j 0.0395285-0j 0.0395285-0j 0-0j 0.0372678-0j -0.0589256-0j 0-0j 0.0416667-0j 0.0416667-0j 0-0j -0.0456435-0j 0.0578638-0j -0.0472456-0j 0.100223-0j 0-0j -0.0472456-0j -0.505181-0j 0-0j 0.357217-0j 
3.23085e-05-0j 0.000239606-0j 0.00101656-0j 0.00268957-0j 0.00425259-0j 0.00329404-0j -0.00117383-0j -0.0062113-0j -0.0170103-0j -0.0240563-0j -0.0120281-0j -0.0219603-0j -0.0694444-0j -0.0850517-0j -0.0907218-0j -0.0907218-0j 0.00143764-0j 0.00658808-0j 0.0147314-0j 0.0147314-0j -0.0240563-0j -0.0589256-0j -0.0416667-0j -0.120281-0j 0.0147314-0j 0.0255155-0j -0.0416667-0j 0.00340207-0j 0.0131762-0j 0.0228218-0j 0.0131762-0j -0.0430331-0j -0.0745356-0j -0.107583-0j 0.0322749-0j 0.0322749-0j 0.0288675-0j 0.00760726-0j 0.0240563-0j 0.0294628-0j -0.0680414-0j -0.0680414-0j 0.0416667-0j 0.0372678-0j 0.0157485-0j 0.0385758-0j 0.0272772-0j -0.0890871-0j 0.0385758-0j -0.206239-0j -0.357217-0j 0.583333-0j 
