4.77641-0j -0.266287-0j 0.173462-0j 0.0609655-0j 0.0035557-0j -0.000111967-0j 5.71818e-05-0j 0.0585446-0j -0.249684-0j -0.0406073-0j -0.00107467-0j -2.7297e-05-0j 0.0994254-0j 0.0114394-0j 0.000268491-0j 6.1491e-06-0j -0.00101321-0j -3.55948e-05-0j -8.57772e-06-0j 0.24121-0j 0.14954-0j 0.0121333-0j 0.000261043-0j -9.64994e-06-0j -0.0572474-0j -0.00366299-0j -5.12966e-05-0j 0.000415027-0j 3.80759e-06-0j 0.0121333-0j 0.000440203-0j 2.85569e-06-0j -5.12966e-05-0j -4.71599e-06-0j -0.273515-0j -0.0627114-0j -0.00281971-0j -4.13575e-05-0j 0.0176654-0j 0.000642958-0j 4.17101e-06-0j -5.29789e-05-0j -0.0040126-0j -7.94684e-05-0j 5.89869e-06-0j 0.000498033-0j 4.56911e-06-0j 0.172674-0j 0.0197505-0j 0.000508303-0j -5.44556e-06-0j -0.00422965-0j -8.3767e-05-0j 4.39663e-06-0j 0.000718849-0j 6.59494e-06-0j -9.17621e-05-0j 5.38475e-06-0j -0.0749544-0j -0.00479598-0j -6.7163e-05-0j 0.000768481-0j 7.05029e-06-0j -9.49828e-05-0j 7.7232e-06-0j 0.0241893-0j 0.000880406-0j 5.71139e-06-0j -0.000102593-0j 8.07712e-06-0j 
0.266287-0j 0.198367-0j -0.330551-0j 0.322059-0j 0.0720237-0j 0.0027066-0j 2.34362e-05-0j -0.140472-0j -0.0606296-0j -0.236327-0j -0.0302449-0j -0.000688998-0j -0.105173-0j 0.033604-0j 0.00465894-0j 6.31418e-05-0j 0.00570303-0j -0.000185598-0j -8.4189e-06-0j 0.155657-0j 0.157725-0j 0.106927-0j 0.0067246-0j 6.62988e-05-0j 0.111406-0j -0.0148169-0j -0.0010229-0j -0.00219624-0j 3.0933e-05-0j -0.0356425-0j 0.00232947-0j 6.95993e-05-0j 0.000340965-0j -1.89425e-05-0j 0.0664164-0j -0.122039-0j -0.0344314-0j -0.00107823-0j -0.0520592-0j 0.00340241-0j 0.000101656-0j 0.000352148-0j 0.0162311-0j -0.000528221-0j -4.79212e-05-0j -0.00263549-0j 3.71196e-05-0j -0.182125-0j 0.0582039-0j 0.00806952-0j 0.000109365-0j 0.0171091-0j -0.000556794-0j -3.57184e-05-0j -0.00380401-0j 5.35776e-05-0j 0.000609938-0j -4.37459e-05-0j 0.145864-0j -0.0193999-0j -0.00133929-0j -0.00406665-0j 5.72768e-05-0j 0.000631345-0j -6.27436e-05-0j -0.0712849-0j 0.00465894-0j 0.000139199-0j 0.000681931-0j -6.56188e-05-0j 
0.173462-0j 0.330551-0j 0.0191343-0j -0.109213-0j 0.387968-0j 0.050249-0j 0.000795628-0j -0.095441-0j -0.238175-0j -0.0380261-0j -0.148735-0j -0.0119834-0j -0.0137188-0j -0.115191-0j 0.00425385-0j 0.00077872-0j -0.0107869-0j 0.00205419-0j 3.99343e-05-0j 0.0272043-0j 0.0617346-0j 0.040726-0j 0.0478913-0j 0.00148256-0j -0.053777-0j 0.0840752-0j -0.00125793-0j 0.00601585-0j -0.000440185-0j 0.040726-0j -0.0191423-0j 0.000110046-0j -0.00125793-0j 8.98523e-05-0j 0.0869693-0j 0.176729-0j -0.0217081-0j -0.0103426-0j 0.0594842-0j -0.0279592-0j 0.000160733-0j -0.00129919-0j -0.0306999-0j 0.00584634-0j 0.00022731-0j 0.00721903-0j -0.000528221-0j -0.0237616-0j -0.199516-0j 0.00736789-0j 0.00134878-0j -0.0323606-0j 0.00616258-0j 0.000169427-0j 0.0104198-0j -0.000762422-0j -0.00225026-0j 0.000207505-0j -0.0704107-0j 0.11008-0j -0.00164702-0j 0.0111392-0j -0.000815063-0j -0.00232924-0j 0.000297619-0j 0.0814521-0j -0.0382847-0j 0.000220092-0j -0.00251586-0j 0.000311257-0j 
-0.0609655-0j 0.322059-0j 0.109213-0j 0.0374711-0j 0.147198-0j 0.313717-0j 0.0159122-0j -0.0312784-0j -0.16874-0j -0.19676-0j 0.0602077-0j -0.056262-0j 0.00874143-0j 0.0338554-0j -0.0782914-0j -0.00128102-0j 0.0081092-0j -0.00747103-0j -0.000122001-0j 0.0118808-0j -0.0655607-0j -0.0933636-0j -0.0365089-0j 0.00974487-0j -0.0214047-0j -0.105342-0j 0.0356854-0j -0.00851698-0j 0.00224131-0j -0.00718182-0j 0.0451681-0j -0.00437055-0j 0.00274503-0j -0.000274503-0j 0.036969-0j 0.117238-0j 0.212153-0j 0.0121528-0j -0.0104897-0j 0.0659722-0j -0.0063836-0j 0.00283506-0j 0.0230792-0j -0.0212629-0j -0.000694444-0j -0.0102204-0j 0.00268957-0j 0.0151406-0j 0.0586393-0j -0.135605-0j -0.00221878-0j 0.0243276-0j -0.0224131-0j -0.000517608-0j -0.0147518-0j 0.00388206-0j 0.00491046-0j -0.000633938-0j -0.0280253-0j -0.137924-0j 0.0467232-0j -0.0157704-0j 0.0041501-0j 0.00508281-0j -0.000909241-0j -0.0143636-0j 0.0903362-0j -0.00874111-0j 0.00549007-0j -0.000950907-0j 
0.0035557-0j -0.0720237-0j 0.387968-0j -0.147198-0j 0.206706-0j 0.262094-0j 0.125827-0j 0.0140269-0j -0.0943449-0j -0.121703-0j -0.0251611-0j 0.11693-0j 0.00338554-0j 0.0372101-0j 0.101278-0j -0.0251611-0j 0.000334115-0j 0.0121528-0j 0.000236255-0j 0.0166263-0j -0.0355482-0j -0.18606-0j -0.188709-0j -0.0337549-0j -0.00521556-0j -0.00607639-0j -0.105252-0j 0.00434028-0j -0.00607639-0j -0.00563819-0j -0.0322249-0j 0.0214844-0j -0.00318944-0j 0.000531573-0j 0.0147642-0j 0.0399935-0j 0.022189-0j 0.14322-0j -0.0082351-0j -0.0470675-0j 0.0313799-0j -0.00329404-0j 0.000950907-0j 0.0345874-0j 0.00134479-0j 0.00520833-0j -0.00729167-0j 0.00586393-0j 0.0644498-0j 0.175419-0j -0.0435804-0j 0.00100234-0j 0.0364583-0j 0.00100234-0j 0.00751758-0j -0.0105246-0j -0.00570544-0j 0.00122762-0j -0.00682877-0j -0.00795586-0j -0.137807-0j 0.00803663-0j -0.0112513-0j -0.00590569-0j 0.00176074-0j -0.0112764-0j -0.0644498-0j 0.0429687-0j -0.00637888-0j 0.00184142-0j 
0.000111967-0j 0.0027066-0j -0.050249-0j 0.313717-0j -0.262094-0j 0.222786-0j 0.143472-0j -0.000601506-0j 0.0171265-0j -0.142674-0j 0.104427-0j 0.148263-0j -0.00190445-0j 0.0174693-0j 0.041016-0j 0.104427-0j -0.000366004-0j -0.00570544-0j -0.000258804-0j -0.00116497-0j 0.0257101-0j -0.125585-0j -0.156641-0j -0.128399-0j -0.00330774-0j 0.00855816-0j 0.0710417-0j 0.000950907-0j 0.00855816-0j -0.00205877-0j -0.0090773-0j -0.043504-0j 0.00116462-0j -0.000582309-0j -0.00208457-0j 0.032611-0j -0.0449307-0j -0.198137-0j -0.00300703-0j -0.0132583-0j -0.0635417-0j 0.00120281-0j -0.00104167-0j -0.016238-0j -0.00147314-0j 0.00114109-0j 0.0102698-0j -0.00329861-0j 0.0302577-0j 0.0710417-0j 0.180874-0j -0.00109801-0j -0.0171163-0j -0.00109801-0j 0.00164702-0j 0.0148232-0j 0.00208333-0j -0.00134479-0j -0.00433084-0j 0.0112053-0j 0.0930155-0j 0.00176074-0j 0.0158466-0j 0.00215645-0j -0.00192879-0j -0.00411755-0j -0.0181546-0j -0.087008-0j 0.00232924-0j -0.00201718-0j 
5.71818e-05-0j -2.34362e-05-0j 0.000795628-0j -0.0159122-0j 0.125827-0j -0.143472-0j -0.504145-0j 4.4648e-06-0j -0.000294677-0j 0.00842014-0j -0.100638-0j 0.355893-0j 4.09205e-05-0j -0.00174333-0j 0.0266268-0j -0.100638-0j 0.000149421-0j -0.00284685-0j 0.000105656-0j 1.15999e-05-0j -0.000675189-0j 0.0163055-0j -0.150957-0j 0.308213-0j 0.000122762-0j -0.00427027-0j 0.046119-0j 0.000388206-0j -0.00427027-0j 0.000168098-0j -0.0045293-0j 0.028242-0j 0.000475454-0j 0.000237727-0j 2.93456e-05-0j -0.00147926-0j 0.0291682-0j -0.190947-0j 0.000245523-0j -0.00661547-0j 0.0412501-0j 0.000491046-0j 0.000425259-0j -0.00810227-0j 0.000601407-0j 0.000465847-0j -0.00512432-0j 7.08764e-05-0j -0.00301954-0j 0.046119-0j -0.17431-0j 0.000448262-0j -0.00854054-0j 0.000448262-0j 0.000672393-0j -0.00739632-0j 0.000850517-0j 0.000549007-0j 0.000160733-0j -0.00559109-0j 0.0603839-0j 0.000718818-0j -0.007907-0j 0.000880369-0j 0.000787426-0j 0.000336196-0j -0.00905861-0j 0.056484-0j 0.000950907-0j 0.00082351-0j 
0.0585446-0j 0.140472-0j -0.095441-0j 0.0312784-0j 0.0140269-0j 0.000601506-0j 4.4648e-06-0j 0.206663-0j -0.154872-0j 0.155875-0j 0.0204767-0j 0.000451806-0j -0.255387-0j -0.229059-0j -0.0155308-0j -0.000163031-0j 0.0772226-0j 0.00340773-0j -0.000239113-0j -0.134867-0j 0.0766162-0j 0.0485907-0j 0.00269002-0j 2.44547e-05-0j 0.22044-0j 0.0501575-0j 0.0015651-0j -0.0219639-0j -0.000399343-0j 0.0485907-0j 0.00465925-0j 5.99015e-05-0j 0.0015651-0j 4.89094e-05-0j 0.084827-0j -0.12074-0j -0.0194259-0j -0.000494928-0j -0.141943-0j -0.0136105-0j -0.000174984-0j 0.00404107-0j -0.0274724-0j -0.00121232-0j -0.000247464-0j 0.00527133-0j 9.58424e-05-0j 0.0884688-0j 0.0793484-0j 0.00538003-0j 5.64757e-05-0j 0.0579169-0j 0.0025558-0j -0.000461122-0j 0.00760852-0j 0.000138337-0j -0.00139987-0j 0.000112951-0j -0.144312-0j -0.0328358-0j -0.0010246-0j -0.0162677-0j -0.000295776-0j -0.001449-0j 0.000162003-0j 0.0971815-0j 0.00931849-0j 0.000119803-0j 0.0031302-0j 0.000169427-0j 
0.249684-0j -0.0606296-0j 0.238175-0j -0.16874-0j 0.0943449-0j 0.0171265-0j 0.000294677-0j 0.154872-0j -0.0134921-0j 0.0218596-0j 0.203463-0j 0.0142319-0j -0.275551-0j -0.220092-0j -0.147402-0j -0.00489094-0j -0.153461-0j 0.0153348-0j 0.00143468-0j -0.112277-0j -0.0826652-0j 0.140066-0j 0.0425512-0j 0.0010271-0j -0.0103047-0j 0.0996761-0j 0.0211289-0j 0.0694858-0j -0.00239606-0j -0.0466886-0j 0.0147402-0j 0.00107823-0j -0.00704295-0j -0.000293456-0j -0.00738991-0j -0.00564414-0j -0.115813-0j -0.0111359-0j 0.136386-0j -0.0430588-0j -0.0031497-0j -0.0181848-0j 0.0545949-0j -0.00545545-0j 0.00148478-0j -0.0166766-0j 0.000575055-0j 0.0954535-0j 0.0762422-0j 0.0510614-0j 0.00169427-0j -0.115096-0j 0.0115011-0j 0.00276673-0j -0.0240706-0j 0.00083002-0j 0.00629941-0j -0.000677708-0j 0.00674603-0j -0.0652533-0j -0.0138321-0j 0.0514651-0j -0.00177466-0j 0.00652051-0j -0.00097202-0j -0.0933772-0j 0.0294803-0j 0.00215645-0j -0.0140859-0j -0.00101656-0j 
-0.0406073-0j 0.236327-0j -0.0380261-0j 0.19676-0j -0.121703-0j 0.142674-0j 0.00842014-0j 0.155875-0j -0.0218596-0j -0.0388889-0j 0.230753-0j 0.144938-0j -0.12358-0j -0.180672-0j -0.0603907-0j -0.041206-0j 0.0669405-0j -0.0993808-0j -0.00464888-0j -0.053777-0j -0.111222-0j -0.0127755-0j 0.13598-0j 0.01569-0j -0.0549972-0j -0.130437-0j 0.0152145-0j -0.0854054-0j 0.0232924-0j -0.0127755-0j -0.0543516-0j 0.00116462-0j 0.0152145-0j 0.000950907-0j -0.00399101-0j -0.0903696-0j -0.0168394-0j -0.0625463-0j 0.0373195-0j 0.158771-0j -0.00340207-0j 0.0392837-0j -0.0238145-0j 0.0353553-0j -0.00481125-0j 0.0204973-0j -0.00559017-0j 0.0428094-0j 0.0625867-0j 0.02092-0j 0.0142742-0j 0.0502053-0j -0.0745356-0j -0.00896524-0j 0.0295853-0j -0.00806872-0j -0.0136083-0j 0.00219603-0j 0.0360041-0j 0.0853913-0j -0.00996024-0j -0.063256-0j 0.0172516-0j -0.0140859-0j 0.0031497-0j -0.0255509-0j -0.108703-0j 0.00232924-0j 0.030429-0j 0.00329404-0j 
0.00107467-0j -0.0302449-0j 0.148735-0j 0.0602077-0j 0.0251611-0j 0.104427-0j 0.100638-0j -0.0204767-0j 0.203463-0j -0.230753-0j 0.0648148-0j 0.284666-0j -0.0702277-0j -0.0289352-0j 0.130305-0j 0.0405093-0j 0.0349189-0j 0.151203-0j 0.00848765-0j 0.0161803-0j -0.105342-0j -0.015959-0j -0.0121528-0j 0.0616319-0j -0.0251027-0j -0.113402-0j -0.180556-0j 0.0141753-0j -0.0708764-0j -0.00122762-0j 0.0150352-0j -0.0276418-0j -0.0138889-0j -0.00173611-0j 0.0222883-0j -0.0687465-0j -0.114193-0j 0.0307444-0j 0.0035861-0j -0.0439205-0j 0.0807469-0j -0.035861-0j -0.0124226-0j -0.0537914-0j 0.0087841-0j -0.00340207-0j 0.0170103-0j 0.0243276-0j 0.0100234-0j -0.0451389-0j -0.0140328-0j 0.0261891-0j 0.113402-0j 0.0163682-0j -0.00491046-0j 0.0245523-0j 0.0124226-0j -0.00400938-0j 0.0164336-0j 0.0742392-0j 0.118201-0j 0.010499-0j -0.0524951-0j 0.0128586-0j -0.00575055-0j -0.00245523-0j 0.0300703-0j -0.0552836-0j -0.0277778-0j -0.00601407-0j 
-2.7297e-05-0j 0.000688998-0j -0.0119834-0j 0.056262-0j 0.11693-0j -0.148263-0j 0.355893-0j 0.000451806-0j -0.0142319-0j 0.144938-0j -0.284666-0j 0-0j 0.0064701-0j -0.105246-0j 0.286458-0j 0.355832-0j 0.0151203-0j 0-0j -0.00735052-0j -0.000513549-0j 0.0135872-0j -0.105252-0j 0.10675-0j -0.0954733-0j 0.0062113-0j -0.0687465-0j 0-0j 0.0122762-0j 0.0859331-0j -0.00318944-0j 0.0182292-0j 0.060767-0j 0-0j 0.00150352-0j -0.00111359-0j 0.0238145-0j -0.12552-0j 0-0j 0.00931695-0j -0.0532508-0j -0.177512-0j 0-0j -0.00537914-0j 0-0j -0.00760726-0j -0.00294628-0j -0.0206239-0j -0.00224131-0j 0.0364583-0j -0.0992321-0j -0.123264-0j 0.0113402-0j 0-0j -0.0141753-0j -0.00425259-0j -0.0297681-0j 0-0j 0.00347222-0j -0.00406625-0j 0.0450051-0j 0-0j 0.00909241-0j 0.0636469-0j 0-0j 0.00498012-0j -0.00637888-0j 0.0364583-0j 0.121534-0j 0-0j 0.00520833-0j 
0.0994254-0j 0.105173-0j -0.0137188-0j -0.00874143-0j 0.00338554-0j 0.00190445-0j 4.09205e-05-0j -0.255387-0j 0.275551-0j -0.12358-0j 0.0702277-0j 0.0064701-0j -0.0999228-0j 0.0773999-0j 0.0688419-0j 0.00209189-0j -0.489964-0j -0.0902811-0j 0.0169343-0j -0.0194013-0j -0.021412-0j 0.0117279-0j 0.00851698-0j 0.000224131-0j -0.174769-0j 0.172022-0j 0.0224131-0j 0.0973572-0j 0.00512406-0j 0.0117279-0j 0.0147518-0j 0.000549007-0j 0.0224131-0j 0.000448262-0j -0.0603701-0j 0.0382899-0j -0.0266495-0j -0.00283506-0j -0.0856481-0j -0.107732-0j -0.00400938-0j -0.0324074-0j -0.0376881-0j -0.00694444-0j -0.00567012-0j 0.0166898-0j 0.00087841-0j -0.0247245-0j 0.0191515-0j 0.017034-0j 0.000517608-0j 0.198634-0j 0.0366004-0j 0.00591676-0j 0.0240896-0j 0.00126788-0j -0.00801875-0j 0.00103522-0j 0.0457651-0j -0.0450459-0j -0.00586913-0j -0.128765-0j -0.00677708-0j -0.0083002-0j 0.00148478-0j 0.0234557-0j 0.0295037-0j 0.00109801-0j 0.0448262-0j 0.00155282-0j 
-0.0114394-0j 0.033604-0j 0.115191-0j 0.0338554-0j -0.0372101-0j 0.0174693-0j 0.00174333-0j 0.229059-0j -0.220092-0j 0.180672-0j -0.0289352-0j 0.105246-0j -0.0773999-0j -0.121528-0j 0.210492-0j 0.0405093-0j -0.0403749-0j -0.209794-0j -0.0655864-0j -0.0543014-0j 0.0165857-0j -0.0552427-0j 0.0434028-0j 0.00607639-0j -0.0851698-0j -0.0141753-0j 0.15625-0j -0.099227-0j 0.0198454-0j 0.0184142-0j 0.0150352-0j 0.00637888-0j -0.0520833-0j -0.00173611-0j -0.0482198-0j -0.0186598-0j 0.00658808-0j -0.0329404-0j -0.134479-0j -0.109801-0j -0.0465847-0j 0.075308-0j -0.00310565-0j -0.0161374-0j 0.0219603-0j -0.0170103-0j 0.00340207-0j -0.0191515-0j -0.0300703-0j 0.0520833-0j 0.0100234-0j 0.0163682-0j 0.0850517-0j -0.0229155-0j -0.0245523-0j 0.00491046-0j 0.0186339-0j -0.00400938-0j 0.0223027-0j 0.00371196-0j -0.0409159-0j 0.131238-0j -0.0262475-0j 0.0192879-0j -0.00575055-0j 0.0368285-0j 0.0300703-0j 0.0127578-0j -0.104167-0j -0.00601407-0j 
0.000268491-0j -0.00465894-0j 0.00425385-0j 0.0782914-0j 0.101278-0j -0.041016-0j 0.0266268-0j -0.0155308-0j 0.147402-0j -0.0603907-0j -0.130305-0j 0.286458-0j 0.0688419-0j -0.210492-0j -0.0243056-0j 0.182427-0j 0.0699314-0j 0.363374-0j 0.113599-0j 0.00601585-0j -0.0442555-0j 0.0106315-0j -0.0390914-0j 0.049616-0j -0.0854054-0j 0.073657-0j 0.0300703-0j -0.0343732-0j -0.10312-0j 0.0106315-0j 0.015625-0j 0.00368285-0j 0.0300703-0j 0.00300703-0j 0.0107647-0j -0.0561341-0j 0.00380363-0j -0.0494472-0j -0.0776412-0j -0.114109-0j -0.0268957-0j -0.0434791-0j 0.00537914-0j 0.0279508-0j -0.0380363-0j -0.00589256-0j -0.0176777-0j 0.017034-0j -0.0520833-0j -0.00601407-0j 0.0451389-0j -0.0283506-0j -0.147314-0j 0.0396908-0j -0.00850517-0j -0.0255155-0j -0.0107583-0j 0.00694444-0j 0.0223644-0j -0.0192879-0j -0.00787426-0j 0.0454621-0j 0.136386-0j -0.0111359-0j 0.00996024-0j 0.0212629-0j 0.03125-0j 0.0073657-0j 0.0601407-0j 0.0104167-0j 
-6.1491e-06-0j 6.31418e-05-0j -0.00077872-0j -0.00128102-0j 0.0251611-0j 0.104427-0j 0.100638-0j 0.000163031-0j -0.00489094-0j 0.041206-0j 0.0405093-0j -0.355832-0j -0.00209189-0j 0.0405093-0j -0.182427-0j -0.056713-0j -0.0403749-0j 0.349657-0j -0.0655864-0j -8.47135e-05-0j 0.00224131-0j -0.015959-0j -0.0121528-0j 0.0616319-0j 0.00448262-0j -0.0708764-0j 0.225694-0j -0.0198454-0j 0.099227-0j -0.00122762-0j 0.0150352-0j -0.0276418-0j 0.0173611-0j -0.00173611-0j -0.00021431-0j 0.00491046-0j -0.0285483-0j -0.0153722-0j 0.00896524-0j -0.109801-0j 0.201867-0j -0.0251027-0j -0.00310565-0j 0.0268957-0j 0.0219603-0j -0.00340207-0j 0.0170103-0j -0.000517608-0j 0.0100234-0j -0.0451389-0j -0.0140328-0j 0.0163682-0j -0.141753-0j -0.0229155-0j -0.00491046-0j 0.0245523-0j -0.0062113-0j -0.00400938-0j -0.00117383-0j 0.0185598-0j -0.0591007-0j 0.0262475-0j -0.131238-0j -0.00642931-0j -0.00575055-0j -0.00245523-0j 0.0300703-0j -0.0552836-0j 0.0347222-0j -0.00601407-0j 
-0.00101321-0j -0.00570303-0j -0.0107869-0j -0.0081092-0j 0.000334115-0j 0.000366004-0j 0.000149421-0j 0.0772226-0j 0.153461-0j 0.0669405-0j -0.0349189-0j 0.0151203-0j -0.489964-0j 0.0403749-0j 0.0699314-0j 0.0403749-0j -0.106996-0j 0.0926612-0j -0.261164-0j -0.0152549-0j -0.0198634-0j 0.00115741-0j 0.00163682-0j 0.000818411-0j 0.0946681-0j -0.0855334-0j 0.0523783-0j 0.098898-0j 0.098898-0j 0.00115741-0j 0.00283506-0j 0.00200469-0j 0.0523783-0j 0.00163682-0j -0.0210136-0j -0.012963-0j 0.00828173-0j -0.00414087-0j -0.013524-0j -0.0331269-0j -0.0234243-0j -0.250194-0j 0.0117121-0j -0.010143-0j -0.0331269-0j 0.0032075-0j 0.0032075-0j -0.0229363-0j 0.00189004-0j 0.00327364-0j 0.00189004-0j -0.0987654-0j 0.0855334-0j 0.114198-0j 0.00462963-0j 0.00462963-0j -0.0117121-0j 0.00378008-0j -0.0154937-0j 0.0139987-0j -0.00857241-0j -0.0395943-0j -0.0395943-0j -0.0121232-0j 0.00542167-0j 0.00231481-0j 0.00567012-0j 0.00400938-0j 0.104757-0j 0.00567012-0j 
3.55948e-05-0j -0.000185598-0j -0.00205419-0j -0.00747103-0j -0.0121528-0j -0.00570544-0j 0.00284685-0j -0.00340773-0j 0.0153348-0j 0.0993808-0j 0.151203-0j 0-0j 0.0902811-0j -0.209794-0j -0.363374-0j 0.349657-0j -0.0926612-0j 0-0j 0.452349-0j 0.000968357-0j -0.00366004-0j -0.0180422-0j -0.0141753-0j 0.0099227-0j -0.0468486-0j 0.0740741-0j 0-0j 0.171296-0j 0.171296-0j 0.00601407-0j -0.00491046-0j 0.0104167-0j 0-0j -0.00283506-0j 0.0020998-0j -0.006415-0j -0.0215166-0j 0-0j -0.0702728-0j 0.0573775-0j -0.121716-0j 0-0j 0.010143-0j 0-0j 0.0573775-0j 0.00555556-0j 0.00555556-0j 0.00422625-0j -0.00982093-0j -0.0170103-0j 0.0163682-0j -0.0855334-0j 0-0j -0.197796-0j 0.00801875-0j 0.00801875-0j 0-0j -0.00654729-0j 0.0076674-0j -0.0121232-0j 0-0j -0.0685793-0j -0.0685793-0j 0-0j -0.0093906-0j 0.0120281-0j -0.00982093-0j 0.0208333-0j 0-0j -0.00982093-0j 
-8.57772e-06-0j 8.4189e-06-0j 3.99343e-05-0j 0.000122001-0j 0.000236255-0j 0.000258804-0j 0.000105656-0j -0.000239113-0j -0.00143468-0j -0.00464888-0j -0.00848765-0j -0.00735052-0j 0.0169343-0j 0.0655864-0j 0.113599-0j 0.0655864-0j -0.261164-0j -0.452349-0j -0.024177-0j 5.64757e-05-0j 0.000298841-0j 0.000818411-0j 0.00115741-0j 0.000578704-0j -0.00657451-0j -0.0207904-0j -0.025463-0j 0.160653-0j 0.160653-0j 0.000818411-0j 0.00200469-0j 0.00141753-0j -0.025463-0j 0.00115741-0j 0.000142873-0j 0.000654729-0j 0.00146402-0j 0.00146402-0j -0.013149-0j -0.0322084-0j -0.0227748-0j 0.203212-0j 0.00207043-0j 0.0035861-0j -0.0322084-0j 0.00226805-0j 0.00226805-0j 0.000345072-0j 0.00133646-0j 0.00231481-0j 0.00133646-0j -0.0240067-0j -0.0415808-0j 0.185506-0j 0.00327364-0j 0.00327364-0j 0.00414087-0j 0.00267292-0j 0.00078255-0j 0.00247464-0j 0.0030308-0j -0.0384964-0j -0.0384964-0j 0.0042862-0j 0.0038337-0j 0.00163682-0j 0.00400938-0j 0.00283506-0j -0.0509259-0j 0.00400938-0j 
-0.24121-0j 0.155657-0j -0.0272043-0j 0.0118808-0j -0.0166263-0j -0.00116497-0j -1.15999e-05-0j 0.134867-0j -0.112277-0j 0.053777-0j 0.0161803-0j 0.000513549-0j 0.0194013-0j -0.0543014-0j -0.00601585-0j -8.47135e-05-0j 0.0152549-0j 0.000968357-0j -5.64757e-05-0j 0.115495-0j -0.0873059-0j 0.172786-0j 0.0156296-0j 0.000190605-0j -0.228157-0j -0.1189-0j -0.00533695-0j 0.0255231-0j 0.000622515-0j 0.403167-0j 0.0631665-0j 0.0010894-0j -0.0124529-0j 0.00139777-0j -0.122993-0j 0.083311-0j 0.0306999-0j 0.00112513-0j -0.0841233-0j -0.0131801-0j -0.00022731-0j 0.00183733-0j -0.130249-0j -0.00826797-0j 0.000964396-0j -0.0102092-0j -0.000249006-0j 0.033604-0j -0.0940528-0j -0.0104198-0j -0.000146728-0j 0.0457648-0j 0.00290507-0j -0.000239606-0j 0.0442073-0j 0.00107823-0j 0.00318234-0j -0.000293456-0j 0.0995757-0j 0.0518924-0j 0.00232924-0j -0.0157532-0j -0.000384225-0j -0.00988212-0j -0.000420897-0j -0.115191-0j -0.0180476-0j -0.000311257-0j 0.00355797-0j 0.00132055-0j 
0.14954-0j -0.157725-0j 0.0617346-0j 0.0655607-0j -0.0355482-0j -0.0257101-0j -0.000675189-0j 0.0766162-0j 0.0826652-0j -0.111222-0j 0.105342-0j 0.0135872-0j -0.021412-0j -0.0165857-0j -0.0442555-0j -0.00224131-0j -0.0198634-0j 0.00366004-0j 0.000298841-0j 0.0873059-0j -0.0963542-0j 0.158326-0j 0.191632-0j 0.00706013-0j -0.157292-0j -0.15482-0j -0.0605154-0j -0.0625867-0j 0.00329404-0j -0.123142-0j 0.154894-0j 0.0172937-0j 0.0470675-0j -0.00739632-0j -0.0905552-0j -0.0574348-0j 0.119923-0j 0.0212629-0j 0.0256944-0j -0.0323197-0j -0.00360844-0j -0.00694444-0j 0.169597-0j -0.03125-0j -0.0051031-0j 0.0250347-0j -0.00131762-0j -0.0370867-0j -0.0287273-0j -0.0766528-0j -0.00388206-0j -0.0595902-0j 0.0109801-0j 0.00126788-0j -0.108403-0j 0.00570544-0j -0.0120281-0j 0.00155282-0j 0.0686477-0j 0.0675689-0j 0.0264111-0j 0.0386294-0j -0.00203313-0j 0.0373509-0j 0.00222718-0j 0.0351836-0j -0.0442555-0j -0.00494106-0j -0.0134479-0j -0.00698771-0j 
-0.0121333-0j 0.106927-0j -0.040726-0j -0.0933636-0j 0.18606-0j -0.125585-0j -0.0163055-0j -0.0485907-0j 0.140066-0j 0.0127755-0j -0.015959-0j 0.105252-0j -0.0117279-0j -0.0552427-0j -0.0106315-0j -0.015959-0j -0.00115741-0j -0.0180422-0j -0.000818411-0j 0.172786-0j -0.158326-0j -0.0585937-0j 0.359078-0j 0.0911505-0j -0.0542017-0j -0.0270633-0j -0.0331456-0j 0.0451055-0j -0.0270633-0j -0.136719-0j -0.334891-0j 0.0157869-0j -0.0773398-0j 0.0202557-0j -0.0511448-0j -0.059375-0j -0.00232924-0j 0.0908403-0j 0.0285272-0j 0.0698771-0j -0.00329404-0j 0.0114109-0j 0.00988212-0j 0.154047-0j 0.0139754-0j -0.0180422-0j 0.0108253-0j -0.0203132-0j -0.0956832-0j -0.0184142-0j -0.0276418-0j -0.00347222-0j -0.0541266-0j -0.00347222-0j 0.078125-0j -0.046875-0j 0.0197642-0j -0.00425259-0j 0.0236556-0j 0.0118114-0j 0.0144659-0j -0.0278397-0j 0.0167038-0j -0.0613738-0j -0.00609938-0j 0.0390625-0j 0.0956832-0j -0.00451055-0j 0.0220971-0j 0.0191366-0j 
0.000261043-0j -0.0067246-0j 0.0478913-0j 0.0365089-0j -0.188709-0j 0.156641-0j -0.150957-0j 0.00269002-0j -0.0425512-0j 0.13598-0j 0.0121528-0j 0.10675-0j 0.00851698-0j -0.0434028-0j -0.0390914-0j 0.0121528-0j 0.00163682-0j 0.0141753-0j 0.00115741-0j -0.0156296-0j 0.191632-0j -0.359078-0j 0.0546875-0j 0.277344-0j -0.0443779-0j 0.0637888-0j 0.203125-0j 0.0127578-0j 0.0637888-0j -0.0644498-0j -0.157869-0j -0.290239-0j 0.0364583-0j -0.0286458-0j 0.00932249-0j -0.0810227-0j 0.0428225-0j -0.0230583-0j 0.0134479-0j 0.0329404-0j 0.0605602-0j -0.00537914-0j -0.0139754-0j -0.121031-0j -0.0197642-0j -0.0051031-0j -0.0255155-0j 0.0147518-0j -0.0751758-0j -0.0677083-0j 0.0210492-0j 0.00491046-0j 0.0425259-0j 0.00491046-0j 0.0220971-0j 0.110485-0j -0.00931695-0j 0.00601407-0j 0.0193681-0j -0.0278397-0j -0.088651-0j -0.00787426-0j -0.0393713-0j 0.0289319-0j 0.00862582-0j 0.0184142-0j 0.0451055-0j 0.0829254-0j -0.0104167-0j -0.0270633-0j 
9.64994e-06-0j 6.62988e-05-0j -0.00148256-0j 0.00974487-0j 0.0337549-0j -0.128399-0j -0.308213-0j -2.44547e-05-0j 0.0010271-0j -0.01569-0j 0.0616319-0j 0.0954733-0j -0.000224131-0j 0.00607639-0j -0.049616-0j 0.0616319-0j -0.000818411-0j 0.0099227-0j -0.000578704-0j 0.000190605-0j -0.00706013-0j 0.0911505-0j -0.277344-0j -0.248047-0j 0.00201718-0j -0.0446522-0j 0.257812-0j 0.00637888-0j -0.0446522-0j 0.00644498-0j -0.110508-0j 0.36838-0j 0.0182292-0j 0.0143229-0j -0.000160733-0j 0.00515599-0j -0.0543516-0j 0.116938-0j -0.00134479-0j 0.0230583-0j -0.0768648-0j -0.00268957-0j 0.00698771-0j -0.0847215-0j 0.00988212-0j -0.00255155-0j 0.0178609-0j -0.000388206-0j 0.0105246-0j -0.0859375-0j 0.10675-0j -0.00245523-0j 0.0297681-0j -0.00245523-0j 0.0110485-0j -0.0773398-0j -0.00465847-0j -0.00300703-0j -0.000880369-0j 0.0194878-0j -0.112519-0j -0.00393713-0j 0.0275599-0j 0.0144659-0j -0.00431291-0j -0.00184142-0j 0.0315738-0j -0.105252-0j -0.00520833-0j 0.0135316-0j 
0.0572474-0j 0.111406-0j 0.053777-0j -0.0214047-0j 0.00521556-0j -0.00330774-0j -0.000122762-0j -0.22044-0j -0.0103047-0j 0.0549972-0j -0.0251027-0j -0.0062113-0j 0.174769-0j -0.0851698-0j 0.0854054-0j 0.00448262-0j -0.0946681-0j -0.0468486-0j 0.00657451-0j -0.228157-0j 0.157292-0j -0.0542017-0j 0.0443779-0j 0.00201718-0j -0.233333-0j 0.184466-0j 0.0645497-0j -0.362344-0j -0.0329404-0j -0.126471-0j 0.179351-0j 0.0115291-0j 0.150616-0j 0.0147926-0j 0.00564414-0j -0.0426006-0j 0.0238145-0j 0.00680414-0j -0.0527778-0j 0.0748455-0j 0.00481125-0j -0.0555556-0j -0.101036-0j -0.05-0j -0.0204124-0j -0.0289875-0j -0.00263523-0j -0.0605416-0j 0.0295037-0j -0.0295853-0j -0.00155282-0j -0.0710011-0j -0.0351364-0j 0.0126788-0j 0.12552-0j 0.0114109-0j 0.019245-0j -0.00310565-0j -0.0509175-0j 0.0402538-0j 0.0140859-0j 0.0894575-0j 0.0081325-0j -0.0597614-0j -0.00445435-0j 0.0361345-0j -0.0512432-0j -0.00329404-0j -0.0430331-0j 0.0139754-0j 
-0.00366299-0j 0.0148169-0j 0.0840752-0j 0.105342-0j -0.00607639-0j -0.00855816-0j -0.00427027-0j 0.0501575-0j -0.0996761-0j -0.130437-0j 0.113402-0j -0.0687465-0j 0.172022-0j 0.0141753-0j 0.073657-0j 0.0708764-0j -0.0855334-0j -0.0740741-0j -0.0207904-0j 0.1189-0j -0.15482-0j 0.0270633-0j 0.0637888-0j 0.0446522-0j -0.184466-0j -0.166667-0j 0.306186-0j 0.104167-0j -0.104167-0j -0.0210492-0j 0.0515599-0j 0.109375-0j -0.238145-0j -0.0467784-0j -0.0545949-0j 0.0336788-0j -0.0645497-0j 0.0537914-0j -0.0087841-0j 0.0215166-0j 0.0456435-0j 0.087841-0j -0.0912871-0j -0.0790569-0j 0.0645497-0j 0.00833333-0j -0.00833333-0j -0.0595902-0j -0.00491046-0j -0.0255155-0j -0.0245523-0j -0.06415-0j -0.0555556-0j -0.0400938-0j -0.0360844-0j 0.0360844-0j -0.030429-0j 0.00982093-0j -0.0402538-0j -0.0363696-0j 0.0668153-0j -0.0257172-0j 0.0257172-0j 0.0944911-0j 0.0140859-0j 0.00601407-0j -0.0147314-0j -0.03125-0j 0.0680414-0j -0.0441942-0j 
5.12966e-05-0j -0.0010229-0j 0.00125793-0j 0.0356854-0j 0.105252-0j 0.0710417-0j -0.046119-0j -0.0015651-0j 0.0211289-0j -0.0152145-0j -0.180556-0j 0-0j -0.0224131-0j 0.15625-0j -0.0300703-0j 0.225694-0j -0.0523783-0j 0-0j 0.025463-0j -0.00533695-0j 0.0605154-0j -0.0331456-0j -0.203125-0j 0.257812-0j 0.0645497-0j -0.306186-0j 0-0j 0.127578-0j 0.382733-0j -0.0773398-0j 0.189443-0j 0.0446522-0j 0-0j 0.0572917-0j 0.00385758-0j -0.0353553-0j 0.0131762-0j 0-0j -0.0322749-0j 0.0790569-0j 0.0186339-0j 0-0j -0.0559017-0j 0-0j -0.0790569-0j 0.0102062-0j 0.0306186-0j 0.00776412-0j -0.0541266-0j 0.0104167-0j -0.0781828-0j -0.0392837-0j 0-0j 0.0491046-0j -0.0441942-0j -0.132583-0j 0-0j -0.0120281-0j 0.0140859-0j -0.0668153-0j 0-0j -0.031497-0j -0.0944911-0j 0-0j -0.0172516-0j 0.0220971-0j -0.0541266-0j -0.0127578-0j 0-0j 0.0541266-0j 
-0.000415027-0j -0.00219624-0j -0.00601585-0j -0.00851698-0j -0.00434028-0j 0.000950907-0j -0.000388206-0j 0.0219639-0j 0.0694858-0j 0.0854054-0j 0.0141753-0j -0.0122762-0j -0.0973572-0j -0.099227-0j 0.0343732-0j -0.0198454-0j -0.098898-0j 0.171296-0j -0.160653-0j 0.0255231-0j 0.0625867-0j 0.0451055-0j -0.0127578-0j 0.00637888-0j -0.362344-0j -0.104167-0j 0.127578-0j -0.145833-0j 0.145833-0j 0.105246-0j -0.0515599-0j 0.0364583-0j 0.297681-0j 0.0467784-0j -0.0152236-0j -0.0264619-0j -0.00537914-0j 0.00537914-0j 0.109801-0j -0.0537914-0j 0.0380363-0j 0.0614887-0j 0.0228218-0j -0.0395285-0j -0.161374-0j 0.00833333-0j -0.00833333-0j -0.0240896-0j -0.0245523-0j 0.00850517-0j -0.00491046-0j 0.0400938-0j -0.0694444-0j -0.0561313-0j -0.0360844-0j 0.0360844-0j 0.0152145-0j -0.00982093-0j -0.031628-0j -0.00909241-0j 0.0111359-0j -0.0642931-0j 0.0642931-0j -0.0472456-0j -0.0140859-0j -0.0300703-0j 0.0147314-0j -0.0104167-0j -0.0850517-0j 0.0441942-0j 
3.80759e-06-0j -3.0933e-05-0j -0.000440185-0j -0.00224131-0j -0.00607639-0j -0.00855816-0j -0.00427027-0j -0.000399343-0j 0.00239606-0j 0.0232924-0j 0.0708764-0j 0.0859331-0j 0.00512406-0j -0.0198454-0j -0.10312-0j -0.099227-0j 0.098898-0j -0.171296-0j 0.160653-0j -0.000622515-0j 0.00329404-0j 0.0270633-0j 0.0637888-0j 0.0446522-0j 0.0329404-0j -0.104167-0j -0.382733-0j -0.145833-0j 0.145833-0j -0.0210492-0j 0.0515599-0j 0.109375-0j 0.297681-0j -0.0467784-0j 0.000524951-0j -0.00240563-0j -0.0161374-0j -0.0268957-0j -0.0219603-0j 0.0537914-0j 0.114109-0j 0.0614887-0j -0.0228218-0j 0.0395285-0j 0.161374-0j 0.00833333-0j -0.00833333-0j 0.00126788-0j -0.00491046-0j -0.0255155-0j -0.0245523-0j -0.0400938-0j 0.0694444-0j 0.0561313-0j -0.0360844-0j 0.0360844-0j 0.0152145-0j 0.00982093-0j 0.00287527-0j -0.00909241-0j -0.0334077-0j -0.0642931-0j 0.0642931-0j -0.0472456-0j 0.0140859-0j 0.00601407-0j -0.0147314-0j -0.03125-0j -0.0850517-0j -0.0441942-0j 
0.0121333-0j 0.0356425-0j 0.040726-0j 0.00718182-0j -0.00563819-0j 0.00205877-0j 0.000168098-0j 0.0485907-0j 0.0466886-0j -0.0127755-0j 0.00122762-0j -0.00318944-0j 0.0117279-0j -0.0184142-0j 0.0106315-0j 0.00122762-0j 0.00115741-0j -0.00601407-0j 0.000818411-0j -0.403167-0j -0.123142-0j 0.136719-0j -0.0644498-0j -0.00644498-0j 0.126471-0j -0.0210492-0j 0.0773398-0j -0.105246-0j -0.0210492-0j -0.332031-0j 0.271102-0j 0.0383397-0j -0.187825-0j 0.134424-0j 0.0511448-0j -0.0197917-0j 0.00232924-0j -0.00698771-0j -0.0285272-0j 0.0232924-0j 0.00329404-0j -0.0114109-0j -0.0230583-0j 0.119814-0j -0.0326093-0j 0.0180422-0j 0.00360844-0j 0.0203132-0j -0.0318944-0j 0.0184142-0j 0.00212629-0j 0.00347222-0j -0.0180422-0j 0.00347222-0j -0.182292-0j -0.0364583-0j -0.0197642-0j 0.00425259-0j -0.0236556-0j 0.00393713-0j -0.0144659-0j 0.0278397-0j 0.00556794-0j 0.143205-0j 0.00609938-0j -0.0390625-0j 0.0318944-0j 0.00451055-0j -0.0220971-0j -0.0446522-0j 
-0.000440203-0j 0.00232947-0j 0.0191423-0j 0.0451681-0j 0.0322249-0j -0.0090773-0j 0.0045293-0j -0.00465925-0j 0.0147402-0j 0.0543516-0j 0.0150352-0j -0.0182292-0j -0.0147518-0j 0.0150352-0j -0.015625-0j 0.0150352-0j -0.00283506-0j -0.00491046-0j -0.00200469-0j 0.0631665-0j -0.154894-0j -0.334891-0j 0.157869-0j -0.110508-0j 0.179351-0j -0.0515599-0j 0.189443-0j -0.0515599-0j -0.0515599-0j -0.271102-0j -0.132812-0j 0.281738-0j 0.153359-0j -0.32927-0j -0.016147-0j 0.0280671-0j 0.0171163-0j -0.0285272-0j -0.0232924-0j -0.0114109-0j 0.0242061-0j 0.00931695-0j 0.056481-0j 0.097828-0j 0.0798762-0j 0.00883883-0j 0.00883883-0j -0.0255509-0j 0.0260417-0j -0.0270633-0j 0.0260417-0j -0.00850517-0j -0.0147314-0j -0.00850517-0j -0.0893043-0j -0.0893043-0j 0.0161374-0j -0.0104167-0j -0.0335466-0j 0.00964396-0j -0.0354342-0j 0.0136386-0j 0.0136386-0j -0.116927-0j -0.0149404-0j -0.0318944-0j -0.015625-0j 0.0331456-0j 0.0180422-0j 0.109375-0j 
2.85569e-06-0j -6.95993e-05-0j 0.000110046-0j 0.00437055-0j 0.0214844-0j 0.043504-0j 0.028242-0j 5.99015e-05-0j -0.00107823-0j 0.00116462-0j 0.0276418-0j 0.060767-0j 0.000549007-0j -0.00637888-0j 0.00368285-0j 0.0276418-0j 0.00200469-0j -0.0104167-0j 0.00141753-0j -0.0010894-0j 0.0172937-0j -0.0157869-0j -0.290239-0j -0.36838-0j -0.0115291-0j 0.109375-0j -0.0446522-0j -0.0364583-0j 0.109375-0j 0.0383397-0j -0.281738-0j 0.0664063-0j 0.108441-0j 0.232829-0j 0.000393713-0j -0.00541266-0j 0.00403436-0j 0.0524466-0j 0.00329404-0j -0.0242061-0j 0.00570544-0j 0.00658808-0j -0.0399381-0j 0.207524-0j -0.056481-0j 0.00625-0j -0.01875-0j 0.000950907-0j -0.0110485-0j 0.00637888-0j 0.047877-0j 0.00601407-0j -0.03125-0j 0.00601407-0j -0.0631477-0j 0.189443-0j 0.0114109-0j 0.0073657-0j 0.00215645-0j -0.0204579-0j 0.00835191-0j 0.00964396-0j -0.0289319-0j -0.0826797-0j 0.0105644-0j 0.00451055-0j -0.0331456-0j 0.0078125-0j 0.0127578-0j -0.0773398-0j 
-5.12966e-05-0j -0.000340965-0j -0.00125793-0j -0.00274503-0j -0.00318944-0j -0.00116462-0j 0.000475454-0j 0.0015651-0j 0.00704295-0j 0.0152145-0j 0.0138889-0j 0-0j 0.0224131-0j 0.0520833-0j 0.0300703-0j -0.0173611-0j 0.0523783-0j 0-0j -0.025463-0j 0.0124529-0j 0.0470675-0j 0.0773398-0j 0.0364583-0j -0.0182292-0j -0.150616-0j -0.238145-0j 0-0j -0.297681-0j 0.297681-0j -0.187825-0j -0.153359-0j 0.108441-0j 0-0j 0.380208-0j -0.00385758-0j -0.0117851-0j -0.0131762-0j 0-0j 0.0322749-0j 0.0263523-0j -0.0186339-0j 0-0j 0.130437-0j 0-0j 0.184466-0j -0.0102062-0j 0.0102062-0j -0.00776412-0j -0.0180422-0j -0.0104167-0j 0.00601407-0j 0.0392837-0j 0-0j -0.0491046-0j 0.10312-0j -0.10312-0j 0-0j 0.0120281-0j -0.0140859-0j -0.0222718-0j 0-0j 0.031497-0j -0.031497-0j 0-0j 0.0172516-0j -0.0220971-0j -0.0180422-0j 0.0127578-0j 0-0j -0.126295-0j 
4.71599e-06-0j -1.89425e-05-0j -8.98523e-05-0j -0.000274503-0j -0.000531573-0j -0.000582309-0j -0.000237727-0j -4.89094e-05-0j -0.000293456-0j -0.000950907-0j -0.00173611-0j -0.00150352-0j -0.000448262-0j -0.00173611-0j -0.00300703-0j -0.00173611-0j -0.00163682-0j -0.00283506-0j -0.00115741-0j 0.00139777-0j 0.00739632-0j 0.0202557-0j 0.0286458-0j 0.0143229-0j 0.0147926-0j 0.0467784-0j 0.0572917-0j 0.0467784-0j 0.0467784-0j -0.134424-0j -0.32927-0j -0.232829-0j -0.380208-0j 0.341146-0j -0.000321465-0j -0.00147314-0j -0.00329404-0j -0.00329404-0j -0.00268957-0j -0.00658808-0j -0.00465847-0j -0.00537914-0j 0.0512432-0j 0.0887559-0j 0.0724689-0j -0.0051031-0j -0.0051031-0j -0.000776412-0j -0.00300703-0j -0.00520833-0j -0.00300703-0j -0.00491046-0j -0.00850517-0j -0.00491046-0j 0.0810227-0j 0.0810227-0j -0.00931695-0j -0.00601407-0j -0.00176074-0j -0.00556794-0j -0.00681931-0j -0.00787426-0j -0.00787426-0j 0.106084-0j -0.00862582-0j -0.00368285-0j -0.0090211-0j -0.00637888-0j -0.0104167-0j 0.0992321-0j 
-0.273515-0j -0.0664164-0j 0.0869693-0j -0.036969-0j 0.0147642-0j 0.00208457-0j 2.93456e-05-0j 0.084827-0j 0.00738991-0j -0.00399101-0j -0.0222883-0j -0.00111359-0j -0.0603701-0j 0.0482198-0j 0.0107647-0j 0.00021431-0j -0.0210136-0j -0.0020998-0j 0.000142873-0j 0.122993-0j -0.0905552-0j 0.0511448-0j 0.00932249-0j 0.000160733-0j -0.00564414-0j -0.0545949-0j -0.00385758-0j 0.0152236-0j 0.000524951-0j 0.0511448-0j 0.016147-0j 0.000393713-0j -0.00385758-0j 0.000321465-0j -0.032381-0j 0.0247314-0j 0.169156-0j 0.009759-0j -0.298807-0j -0.094337-0j -0.00230022-0j 0.0159364-0j 0.239223-0j 0.0239046-0j -0.003253-0j -0.164415-0j -0.00566947-0j -0.104564-0j 0.0835191-0j 0.018645-0j 0.000371196-0j -0.0630407-0j -0.00629941-0j 0.000606161-0j 0.026368-0j 0.000909241-0j 0.0276026-0j 0.000742392-0j -0.00738991-0j -0.0714815-0j -0.00505076-0j 0.0281886-0j 0.00097202-0j -0.00714286-0j -0.00425918-0j 0.10229-0j 0.0322941-0j 0.000787426-0j -0.00771517-0j 0.00111359-0j 
0.0627114-0j -0.122039-0j -0.176729-0j 0.117238-0j -0.0399935-0j 0.032611-0j 0.00147926-0j 0.12074-0j -0.00564414-0j 0.0903696-0j -0.0687465-0j -0.0238145-0j -0.0382899-0j -0.0186598-0j 0.0561341-0j 0.00491046-0j 0.012963-0j -0.006415-0j -0.000654729-0j 0.083311-0j 0.0574348-0j -0.059375-0j 0.0810227-0j 0.00515599-0j -0.0426006-0j -0.0336788-0j -0.0353553-0j -0.0264619-0j 0.00240563-0j 0.0197917-0j 0.0280671-0j 0.00541266-0j 0.0117851-0j -0.00147314-0j -0.0247314-0j -0.186667-0j 0.31305-0j 0.149071-0j -0.11563-0j -0.163978-0j -0.0316228-0j -0.0486864-0j -0.147573-0j 0.0730297-0j 0.0149071-0j 0.285788-0j -0.0259808-0j -0.06632-0j -0.0323197-0j 0.0972272-0j 0.00850517-0j 0.0388889-0j -0.019245-0j -0.00277778-0j -0.0458333-0j 0.00416667-0j -0.0843274-0j -0.00340207-0j -0.0557773-0j -0.0440959-0j -0.046291-0j -0.0489979-0j 0.00445435-0j 0.0218218-0j 0.019518-0j 0.0395833-0j 0.0561341-0j 0.0108253-0j 0.0235702-0j -0.0051031-0j 
-0.00281971-0j 0.0344314-0j -0.0217081-0j -0.212153-0j 0.022189-0j 0.0449307-0j 0.0291682-0j -0.0194259-0j 0.115813-0j -0.0168394-0j 0.114193-0j -0.12552-0j -0.0266495-0j -0.00658808-0j 0.00380363-0j 0.0285483-0j 0.00828173-0j 0.0215166-0j 0.00146402-0j -0.0306999-0j 0.119923-0j 0.00232924-0j 0.0428225-0j 0.0543516-0j -0.0238145-0j -0.0645497-0j -0.0131762-0j 0.00537914-0j -0.0161374-0j 0.00232924-0j -0.0171163-0j 0.00403436-0j -0.0131762-0j 0.00329404-0j 0.169156-0j -0.31305-0j -0.0666667-0j 0.433333-0j -0.0136083-0j 0.1-0j -0.0235702-0j 0.0544331-0j -0.0942809-0j -0.244949-0j -0.0333333-0j -0.0580948-0j 0.174284-0j -0.0461584-0j -0.0114109-0j 0.00658808-0j 0.0494472-0j 0.0248452-0j 0.0645497-0j 0.0062113-0j 0.00931695-0j -0.0279508-0j 0.0942809-0j 0.00760726-0j -0.0311805-0j -0.0845154-0j -0.0172516-0j 0.00996024-0j -0.0298807-0j -0.0243975-0j -0.0436436-0j 0.00465847-0j -0.0342327-0j 0.00806872-0j -0.0263523-0j 0.0114109-0j 
4.13575e-05-0j -0.00107823-0j 0.0103426-0j 0.0121528-0j -0.14322-0j -0.198137-0j 0.190947-0j 0.000494928-0j -0.0111359-0j 0.0625463-0j 0.0307444-0j 0-0j 0.00283506-0j -0.0329404-0j 0.0494472-0j -0.0153722-0j 0.00414087-0j 0-0j -0.00146402-0j 0.00112513-0j -0.0212629-0j 0.0908403-0j 0.0230583-0j 0.116938-0j 0.00680414-0j -0.0537914-0j 0-0j 0.00537914-0j 0.0268957-0j 0.00698771-0j -0.0285272-0j -0.0524466-0j 0-0j -0.00329404-0j -0.009759-0j 0.149071-0j -0.433333-0j 0-0j -0.0408248-0j 0.166667-0j 0.306413-0j 0-0j -0.0471405-0j 0-0j 0.0333333-0j -0.0580948-0j -0.290474-0j 0.00491046-0j -0.0570544-0j 0.085645-0j -0.0266254-0j 0.0124226-0j 0-0j -0.0062113-0j 0.00931695-0j 0.0465847-0j 0-0j -0.00760726-0j 0.00890871-0j -0.0704295-0j 0-0j 0.00996024-0j 0.0498012-0j 0-0j 0.0436436-0j 0.0139754-0j -0.0570544-0j -0.104893-0j 0-0j -0.0114109-0j 
0.0176654-0j 0.0520592-0j 0.0594842-0j 0.0104897-0j -0.0082351-0j 0.00300703-0j 0.000245523-0j -0.141943-0j -0.136386-0j 0.0373195-0j -0.0035861-0j 0.00931695-0j -0.0856481-0j 0.134479-0j -0.0776412-0j -0.00896524-0j -0.013524-0j 0.0702728-0j -0.013149-0j 0.0841233-0j 0.0256944-0j -0.0285272-0j 0.0134479-0j 0.00134479-0j 0.0527778-0j -0.0087841-0j 0.0322749-0j -0.109801-0j -0.0219603-0j -0.0285272-0j 0.0232924-0j 0.00329404-0j 0.0322749-0j 0.00268957-0j -0.298807-0j 0.11563-0j -0.0136083-0j 0.0408248-0j -0.333333-0j 0.272166-0j 0.03849-0j -0.333333-0j -0.019245-0j 0.1-0j 0.0544331-0j -0.237171-0j -0.0474342-0j 0.0296694-0j -0.0465847-0j 0.0268957-0j 0.00310565-0j -0.010143-0j 0.0527046-0j -0.0253575-0j 0.0380363-0j 0.00760726-0j 0.11547-0j 0.0062113-0j -0.0345512-0j 0.00575055-0j -0.0211289-0j -0.081325-0j -0.016265-0j -0.0298807-0j -0.0356348-0j -0.0570544-0j 0.0465847-0j 0.00658808-0j 0.0645497-0j 0.00931695-0j 
-0.000642958-0j 0.00340241-0j 0.0279592-0j 0.0659722-0j 0.0470675-0j -0.0132583-0j 0.00661547-0j 0.0136105-0j -0.0430588-0j -0.158771-0j -0.0439205-0j 0.0532508-0j 0.107732-0j -0.109801-0j 0.114109-0j -0.109801-0j 0.0331269-0j 0.0573775-0j 0.0322084-0j -0.0131801-0j 0.0323197-0j 0.0698771-0j -0.0329404-0j 0.0230583-0j 0.0748455-0j -0.0215166-0j 0.0790569-0j -0.0537914-0j -0.0537914-0j -0.0232924-0j -0.0114109-0j 0.0242061-0j -0.0263523-0j -0.00658808-0j 0.094337-0j -0.163978-0j -0.1-0j 0.166667-0j -0.272166-0j -0.133333-0j 0.282843-0j 0.272166-0j 0.0471405-0j 0.0816497-0j -0.133333-0j -0.11619-0j -0.11619-0j -0.0373195-0j 0.0380363-0j -0.0395285-0j 0.0380363-0j 0.0248452-0j 0.0430331-0j 0.062113-0j 0.0186339-0j 0.0186339-0j -0.0942809-0j -0.0152145-0j -0.0489979-0j 0.0140859-0j -0.0517549-0j -0.039841-0j -0.039841-0j 0.0243975-0j 0.0872872-0j -0.0465847-0j -0.0228218-0j 0.0484123-0j -0.0527046-0j -0.0228218-0j 
4.17101e-06-0j -0.000101656-0j 0.000160733-0j 0.0063836-0j 0.0313799-0j 0.0635417-0j 0.0412501-0j -0.000174984-0j 0.0031497-0j -0.00340207-0j -0.0807469-0j -0.177512-0j -0.00400938-0j 0.0465847-0j -0.0268957-0j -0.201867-0j -0.0234243-0j 0.121716-0j -0.0227748-0j 0.00022731-0j -0.00360844-0j 0.00329404-0j 0.0605602-0j 0.0768648-0j -0.00481125-0j 0.0456435-0j -0.0186339-0j -0.0380363-0j 0.114109-0j 0.00329404-0j -0.0242061-0j 0.00570544-0j -0.0186339-0j 0.00465847-0j -0.00230022-0j 0.0316228-0j -0.0235702-0j -0.306413-0j 0.03849-0j -0.282843-0j 0.0666667-0j 0.19245-0j -0.0333333-0j 0.173205-0j 0.0942809-0j -0.0821584-0j 0.246475-0j 0.00138889-0j -0.0161374-0j 0.00931695-0j 0.0699289-0j -0.0175682-0j 0.0912871-0j -0.0439205-0j 0.0131762-0j -0.0395285-0j -0.0666667-0j 0.0107583-0j 0.0031497-0j -0.0298807-0j 0.0121988-0j -0.0281718-0j 0.0845154-0j 0.0172516-0j -0.0617213-0j 0.00658808-0j -0.0484123-0j 0.0114109-0j -0.0372678-0j 0.0161374-0j 
-5.29789e-05-0j -0.000352148-0j -0.00129919-0j -0.00283506-0j -0.00329404-0j -0.00120281-0j 0.000491046-0j 0.00404107-0j 0.0181848-0j 0.0392837-0j 0.035861-0j 0-0j -0.0324074-0j -0.075308-0j -0.0434791-0j 0.0251027-0j -0.250194-0j 0-0j 0.203212-0j -0.00183733-0j -0.00694444-0j -0.0114109-0j -0.00537914-0j 0.00268957-0j 0.0555556-0j 0.087841-0j 0-0j -0.0614887-0j 0.0614887-0j -0.0114109-0j -0.00931695-0j 0.00658808-0j 0-0j 0.00537914-0j 0.0159364-0j 0.0486864-0j 0.0544331-0j 0-0j -0.333333-0j -0.272166-0j 0.19245-0j 0-0j 0.07698-0j 0-0j 0.272166-0j 0.0948683-0j -0.0948683-0j -0.00801875-0j -0.0186339-0j -0.0107583-0j 0.0062113-0j 0.10143-0j 0-0j 0.0710011-0j -0.0152145-0j 0.0152145-0j 0-0j 0.0124226-0j -0.0145479-0j -0.0230022-0j 0-0j 0.081325-0j -0.081325-0j 0-0j -0.0712697-0j -0.0228218-0j -0.0186339-0j 0.0131762-0j 0-0j 0.0186339-0j 
