0.309995-0j -0.232308-0j 0.233812-0j 0.0307151-0j 0.000677708-0j -0.216703-0j -0.194363-0j -0.0131783-0j -0.000138337-0j 0.0501575-0j 0.00221339-0j -0.000130425-0j 0.330661-0j 0.0752363-0j 0.00234765-0j -0.018637-0j -0.000338854-0j 0.00234765-0j -0.212914-0j -0.0204158-0j -0.000262475-0j 0.00342896-0j -0.000371196-0j 0.0868754-0j 0.0038337-0j -0.000391275-0j -0.0244015-0j -0.000443664-0j 0.0046953-0j 0-0j 0-0j 0-0j 0-0j 0-0j 0-0j 0-0j 0-0j 0-0j 0-0j 0-0j 0-0j 0-0j 0-0j 0-0j 0-0j 0-0j 0-0j 0-0j 0-0j 0-0j 0-0j 0-0j 0-0j 0-0j 0-0j 0-0j 0-0j 0-0j 0-0j 0-0j 0-0j 0-0j 0-0j 0-0j 0-0j 0-0j 0-0j 0-0j 0-0j 
0.232308-0j -0.0202381-0j 0.0327895-0j 0.305195-0j 0.0213478-0j -0.233812-0j -0.186754-0j -0.125074-0j -0.0041501-0j -0.0996761-0j 0.00996024-0j 0.00078255-0j -0.0154571-0j 0.149514-0j 0.0316933-0j 0.0589606-0j -0.00203313-0j -0.0105644-0j 0.204579-0j -0.0645881-0j -0.00472456-0j -0.0154303-0j 0.00222718-0j -0.172644-0j 0.0172516-0j 0.00234765-0j 0.0771976-0j -0.00266199-0j -0.0211289-0j 0-0j 0-0j 0-0j 0-0j 0-0j 0-0j 0-0j 0-0j 0-0j 0-0j 0-0j 0-0j 0-0j 0-0j 0-0j 0-0j 0-0j 0-0j 0-0j 0-0j 0-0j 0-0j 0-0j 0-0j 0-0j 0-0j 0-0j 0-0j 0-0j 0-0j 0-0j 0-0j 0-0j 0-0j 0-0j 0-0j 0-0j 0-0j 0-0j 0-0j 
0.233812-0j -0.0327895-0j -0.0583333-0j 0.34613-0j 0.217407-0j -0.104861-0j -0.153306-0j -0.0512432-0j -0.0349644-0j 0.0434791-0j -0.0645497-0j -0.00253575-0j -0.0824958-0j -0.195656-0j 0.0228218-0j -0.0724689-0j 0.0197642-0j 0.0228218-0j 0.0559793-0j 0.238157-0j -0.0051031-0j 0.0333333-0j -0.00721688-0j 0.075308-0j -0.111803-0j -0.00760726-0j -0.094884-0j 0.0258775-0j 0.0456435-0j 0-0j 0-0j 0-0j 0-0j 0-0j 0-0j 0-0j 0-0j 0-0j 0-0j 0-0j 0-0j 0-0j 0-0j 0-0j 0-0j 0-0j 0-0j 0-0j 0-0j 0-0j 0-0j 0-0j 0-0j 0-0j 0-0j 0-0j 0-0j 0-0j 0-0j 0-0j 0-0j 0-0j 0-0j 0-0j 0-0j 0-0j 0-0j 0-0j 0-0j 
-0.0307151-0j 0.305195-0j -0.34613-0j 0.0972222-0j 0.426999-0j -0.0595902-0j -0.0245523-0j 0.110567-0j 0.0343732-0j 0.0226805-0j 0.0982093-0j 0.00462963-0j -0.037654-0j -0.170103-0j -0.270833-0j 0.0120281-0j -0.0601407-0j -0.0208333-0j 0.00537914-0j -0.0658808-0j 0.12112-0j -0.030429-0j 0.0131762-0j 0.0392837-0j 0.170103-0j 0.0138889-0j 0.0157485-0j -0.0787426-0j -0.0416667-0j 0-0j 0-0j 0-0j 0-0j 0-0j 0-0j 0-0j 0-0j 0-0j 0-0j 0-0j 0-0j 0-0j 0-0j 0-0j 0-0j 0-0j 0-0j 0-0j 0-0j 0-0j 0-0j 0-0j 0-0j 0-0j 0-0j 0-0j 0-0j 0-0j 0-0j 0-0j 0-0j 0-0j 0-0j 0-0j 0-0j 0-0j 0-0j 0-0j 0-0j 
0.000677708-0j -0.0213478-0j 0.217407-0j -0.426999-0j 0-0j 0.00549007-0j -0.0893043-0j 0.243068-0j 0.301934-0j 0.00982093-0j 0-0j -0.00400938-0j 0.00931695-0j -0.10312-0j 0-0j 0.0104167-0j 0.0729167-0j 0-0j 0.0139754-0j -0.0798762-0j -0.266268-0j 0-0j -0.0114109-0j 0.0170103-0j 0-0j -0.0120281-0j 0.0136386-0j 0.0954703-0j 0-0j 0-0j 0-0j 0-0j 0-0j 0-0j 0-0j 0-0j 0-0j 0-0j 0-0j 0-0j 0-0j 0-0j 0-0j 0-0j 0-0j 0-0j 0-0j 0-0j 0-0j 0-0j 0-0j 0-0j 0-0j 0-0j 0-0j 0-0j 0-0j 0-0j 0-0j 0-0j 0-0j 0-0j 0-0j 0-0j 0-0j 0-0j 0-0j 0-0j 0-0j 
-0.216703-0j 0.233812-0j -0.104861-0j 0.0595902-0j 0.00549007-0j -0.171296-0j 0.132686-0j 0.118015-0j 0.0035861-0j -0.486552-0j -0.0896524-0j 0.013524-0j -0.148296-0j 0.145966-0j 0.0190181-0j 0.166898-0j 0.0087841-0j 0.0190181-0j -0.0726749-0j -0.0914138-0j -0.00340207-0j -0.0555556-0j -0.00481125-0j 0.168546-0j 0.0310565-0j 0.010143-0j -0.10926-0j -0.00575055-0j 0.0380363-0j 0-0j 0-0j 0-0j 0-0j 0-0j 0-0j 0-0j 0-0j 0-0j 0-0j 0-0j 0-0j 0-0j 0-0j 0-0j 0-0j 0-0j 0-0j 0-0j 0-0j 0-0j 0-0j 0-0j 0-0j 0-0j 0-0j 0-0j 0-0j 0-0j 0-0j 0-0j 0-0j 0-0j 0-0j 0-0j 0-0j 0-0j 0-0j 0-0j 0-0j 
0.194363-0j -0.186754-0j 0.153306-0j -0.0245523-0j 0.0893043-0j -0.132686-0j -0.208333-0j 0.360844-0j 0.0694444-0j -0.0400938-0j -0.208333-0j -0.0523783-0j -0.0722689-0j -0.0120281-0j 0.132583-0j -0.170103-0j 0.0340207-0j -0.0441942-0j -0.114109-0j -0.0931695-0j -0.0395285-0j 0.129099-0j 0.0186339-0j 0.0138889-0j 0.0721688-0j -0.0392837-0j 0.111359-0j -0.0222718-0j -0.0883883-0j 0-0j 0-0j 0-0j 0-0j 0-0j 0-0j 0-0j 0-0j 0-0j 0-0j 0-0j 0-0j 0-0j 0-0j 0-0j 0-0j 0-0j 0-0j 0-0j 0-0j 0-0j 0-0j 0-0j 0-0j 0-0j 0-0j 0-0j 0-0j 0-0j 0-0j 0-0j 0-0j 0-0j 0-0j 0-0j 0-0j 0-0j 0-0j 0-0j 0-0j 
-0.0131783-0j 0.125074-0j -0.0512432-0j -0.110567-0j 0.243068-0j 0.118015-0j -0.360844-0j -0.0416667-0j 0.312731-0j 0.0694444-0j 0.360844-0j 0.0907218-0j -0.0724689-0j 0.0625-0j 0.0255155-0j -0.0589256-0j -0.176777-0j 0.0255155-0j -0.0658808-0j -0.0968246-0j -0.0228218-0j -0.0745356-0j -0.0322749-0j -0.0240563-0j -0.125-0j 0.0680414-0j 0.0385758-0j 0.115728-0j 0.051031-0j 0-0j 0-0j 0-0j 0-0j 0-0j 0-0j 0-0j 0-0j 0-0j 0-0j 0-0j 0-0j 0-0j 0-0j 0-0j 0-0j 0-0j 0-0j 0-0j 0-0j 0-0j 0-0j 0-0j 0-0j 0-0j 0-0j 0-0j 0-0j 0-0j 0-0j 0-0j 0-0j 0-0j 0-0j 0-0j 0-0j 0-0j 0-0j 0-0j 0-0j 
0.000138337-0j -0.0041501-0j 0.0349644-0j 0.0343732-0j -0.301934-0j -0.0035861-0j 0.0694444-0j -0.312731-0j -0.0972222-0j -0.0400938-0j 0.347222-0j -0.0523783-0j 0.00380363-0j -0.0601407-0j 0.191508-0j -0.0340207-0j 0.170103-0j 0.0147314-0j 0.00760726-0j -0.0931695-0j 0.17129-0j -0.0430331-0j 0.0186339-0j 0.0138889-0j -0.120281-0j -0.0392837-0j 0.0222718-0j -0.111359-0j 0.0294628-0j 0-0j 0-0j 0-0j 0-0j 0-0j 0-0j 0-0j 0-0j 0-0j 0-0j 0-0j 0-0j 0-0j 0-0j 0-0j 0-0j 0-0j 0-0j 0-0j 0-0j 0-0j 0-0j 0-0j 0-0j 0-0j 0-0j 0-0j 0-0j 0-0j 0-0j 0-0j 0-0j 0-0j 0-0j 0-0j 0-0j 0-0j 0-0j 0-0j 0-0j 
0.0501575-0j 0.0996761-0j 0.0434791-0j -0.0226805-0j 0.00982093-0j -0.486552-0j 0.0400938-0j 0.0694444-0j 0.0400938-0j -0.259259-0j 0.224525-0j -0.279726-0j 0.0614887-0j -0.0555556-0j 0.0340207-0j 0.0982093-0j 0.0982093-0j 0.0340207-0j -0.0087841-0j -0.0215166-0j -0.0152145-0j -0.248452-0j -0.0215166-0j -0.06415-0j 0.0555556-0j 0.113402-0j -0.0257172-0j -0.0257172-0j 0.0680414-0j 0-0j 0-0j 0-0j 0-0j 0-0j 0-0j 0-0j 0-0j 0-0j 0-0j 0-0j 0-0j 0-0j 0-0j 0-0j 0-0j 0-0j 0-0j 0-0j 0-0j 0-0j 0-0j 0-0j 0-0j 0-0j 0-0j 0-0j 0-0j 0-0j 0-0j 0-0j 0-0j 0-0j 0-0j 0-0j 0-0j 0-0j 0-0j 0-0j 0-0j 
-0.00221339-0j 0.00996024-0j 0.0645497-0j 0.0982093-0j 0-0j 0.0896524-0j -0.208333-0j -0.360844-0j 0.347222-0j -0.224525-0j 0-0j 0.484499-0j -0.030429-0j 0.0481125-0j 0-0j 0.170103-0j 0.170103-0j 0-0j -0.0456435-0j 0.0372678-0j -0.0790569-0j 0-0j 0.0372678-0j -0.0555556-0j 0-0j -0.196419-0j -0.0445435-0j -0.0445435-0j 0-0j 0-0j 0-0j 0-0j 0-0j 0-0j 0-0j 0-0j 0-0j 0-0j 0-0j 0-0j 0-0j 0-0j 0-0j 0-0j 0-0j 0-0j 0-0j 0-0j 0-0j 0-0j 0-0j 0-0j 0-0j 0-0j 0-0j 0-0j 0-0j 0-0j 0-0j 0-0j 0-0j 0-0j 0-0j 0-0j 0-0j 0-0j 0-0j 0-0j 0-0j 
-0.000130425-0j -0.00078255-0j -0.00253575-0j -0.00462963-0j -0.00400938-0j 0.013524-0j 0.0523783-0j 0.0907218-0j 0.0523783-0j -0.279726-0j -0.484499-0j 0.160494-0j -0.0035861-0j -0.0113402-0j -0.0138889-0j 0.1283-0j 0.1283-0j -0.0138889-0j -0.00717219-0j -0.0175682-0j -0.0124226-0j 0.162288-0j -0.0175682-0j -0.0130946-0j -0.0226805-0j 0.148148-0j -0.020998-0j -0.020998-0j -0.0277778-0j 0-0j 0-0j 0-0j 0-0j 0-0j 0-0j 0-0j 0-0j 0-0j 0-0j 0-0j 0-0j 0-0j 0-0j 0-0j 0-0j 0-0j 0-0j 0-0j 0-0j 0-0j 0-0j 0-0j 0-0j 0-0j 0-0j 0-0j 0-0j 0-0j 0-0j 0-0j 0-0j 0-0j 0-0j 0-0j 0-0j 0-0j 0-0j 0-0j 0-0j 
-0.330661-0j -0.0154571-0j 0.0824958-0j -0.037654-0j -0.00931695-0j 0.148296-0j -0.0722689-0j 0.0724689-0j 0.00380363-0j -0.0614887-0j -0.030429-0j 0.0035861-0j -0.35-0j 0.276699-0j 0.0968246-0j -0.307459-0j -0.0279508-0j 0.225924-0j -0.0791667-0j 0.112268-0j 0.00721688-0j -0.0471405-0j -0.0306186-0j -0.106502-0j -0.0527046-0j 0.0107583-0j 0.134186-0j 0.0121988-0j -0.0645497-0j 0-0j 0-0j 0-0j 0-0j 0-0j 0-0j 0-0j 0-0j 0-0j 0-0j 0-0j 0-0j 0-0j 0-0j 0-0j 0-0j 0-0j 0-0j 0-0j 0-0j 0-0j 0-0j 0-0j 0-0j 0-0j 0-0j 0-0j 0-0j 0-0j 0-0j 0-0j 0-0j 0-0j 0-0j 0-0j 0-0j 0-0j 0-0j 0-0j 0-0j 
0.0752363-0j -0.149514-0j -0.195656-0j 0.170103-0j -0.10312-0j 0.145966-0j 0.0120281-0j 0.0625-0j 0.0601407-0j -0.0555556-0j -0.0481125-0j -0.0113402-0j -0.276699-0j -0.25-0j 0.459279-0j 0.0883883-0j -0.0883883-0j -0.357217-0j -0.0131762-0j 0.0322749-0j 0.0684653-0j 0.0745356-0j 0.0968246-0j -0.096225-0j -0.0833333-0j -0.0340207-0j -0.0385758-0j 0.0385758-0j 0.102062-0j 0-0j 0-0j 0-0j 0-0j 0-0j 0-0j 0-0j 0-0j 0-0j 0-0j 0-0j 0-0j 0-0j 0-0j 0-0j 0-0j 0-0j 0-0j 0-0j 0-0j 0-0j 0-0j 0-0j 0-0j 0-0j 0-0j 0-0j 0-0j 0-0j 0-0j 0-0j 0-0j 0-0j 0-0j 0-0j 0-0j 0-0j 0-0j 0-0j 0-0j 
-0.00234765-0j 0.0316933-0j -0.0228218-0j -0.270833-0j 0-0j -0.0190181-0j 0.132583-0j -0.0255155-0j 0.191508-0j -0.0340207-0j 0-0j 0.0138889-0j 0.0968246-0j -0.459279-0j 0-0j 0.108253-0j 0.32476-0j 0-0j -0.0484123-0j 0.118585-0j 0.0279508-0j 0-0j -0.118585-0j -0.0589256-0j 0-0j 0.0416667-0j -0.0472456-0j -0.141737-0j 0-0j 0-0j 0-0j 0-0j 0-0j 0-0j 0-0j 0-0j 0-0j 0-0j 0-0j 0-0j 0-0j 0-0j 0-0j 0-0j 0-0j 0-0j 0-0j 0-0j 0-0j 0-0j 0-0j 0-0j 0-0j 0-0j 0-0j 0-0j 0-0j 0-0j 0-0j 0-0j 0-0j 0-0j 0-0j 0-0j 0-0j 0-0j 0-0j 0-0j 0-0j 
0.018637-0j 0.0589606-0j 0.0724689-0j 0.0120281-0j -0.0104167-0j -0.166898-0j -0.170103-0j 0.0589256-0j -0.0340207-0j -0.0982093-0j 0.170103-0j -0.1283-0j -0.307459-0j -0.0883883-0j 0.108253-0j -0.25-0j 0.25-0j 0.252591-0j 0.0931695-0j -0.0456435-0j 0.0322749-0j 0.105409-0j -0.136931-0j 0.0340207-0j -0.0589256-0j -0.096225-0j -0.0545545-0j 0.0545545-0j -0.0721688-0j 0-0j 0-0j 0-0j 0-0j 0-0j 0-0j 0-0j 0-0j 0-0j 0-0j 0-0j 0-0j 0-0j 0-0j 0-0j 0-0j 0-0j 0-0j 0-0j 0-0j 0-0j 0-0j 0-0j 0-0j 0-0j 0-0j 0-0j 0-0j 0-0j 0-0j 0-0j 0-0j 0-0j 0-0j 0-0j 0-0j 0-0j 0-0j 0-0j 0-0j 
-0.000338854-0j 0.00203313-0j 0.0197642-0j 0.0601407-0j 0.0729167-0j 0.0087841-0j -0.0340207-0j -0.176777-0j -0.170103-0j 0.0982093-0j -0.170103-0j 0.1283-0j 0.0279508-0j -0.0883883-0j -0.32476-0j -0.25-0j 0.25-0j 0.252591-0j -0.0186339-0j 0.0456435-0j 0.0968246-0j 0.105409-0j 0.136931-0j -0.0340207-0j 0.0589256-0j 0.096225-0j -0.0545545-0j 0.0545545-0j -0.0721688-0j 0-0j 0-0j 0-0j 0-0j 0-0j 0-0j 0-0j 0-0j 0-0j 0-0j 0-0j 0-0j 0-0j 0-0j 0-0j 0-0j 0-0j 0-0j 0-0j 0-0j 0-0j 0-0j 0-0j 0-0j 0-0j 0-0j 0-0j 0-0j 0-0j 0-0j 0-0j 0-0j 0-0j 0-0j 0-0j 0-0j 0-0j 0-0j 0-0j 0-0j 
0.00234765-0j 0.0105644-0j 0.0228218-0j 0.0208333-0j 0-0j 0.0190181-0j 0.0441942-0j 0.0255155-0j -0.0147314-0j 0.0340207-0j 0-0j -0.0138889-0j -0.225924-0j -0.357217-0j 0-0j -0.252591-0j 0.252591-0j 0-0j 0.0484123-0j 0.0395285-0j -0.0279508-0j 0-0j 0.276699-0j 0.0589256-0j 0-0j -0.0416667-0j 0.0472456-0j -0.0472456-0j 0-0j 0-0j 0-0j 0-0j 0-0j 0-0j 0-0j 0-0j 0-0j 0-0j 0-0j 0-0j 0-0j 0-0j 0-0j 0-0j 0-0j 0-0j 0-0j 0-0j 0-0j 0-0j 0-0j 0-0j 0-0j 0-0j 0-0j 0-0j 0-0j 0-0j 0-0j 0-0j 0-0j 0-0j 0-0j 0-0j 0-0j 0-0j 0-0j 0-0j 0-0j 
-0.212914-0j -0.204579-0j 0.0559793-0j -0.00537914-0j 0.0139754-0j -0.0726749-0j 0.114109-0j -0.0658808-0j -0.00760726-0j -0.0087841-0j 0.0456435-0j -0.00717219-0j 0.0791667-0j -0.0131762-0j 0.0484123-0j -0.0931695-0j -0.0186339-0j 0.0484123-0j -0.5-0j 0.408248-0j 0.057735-0j -0.282843-0j 0.0816497-0j -0.0152145-0j 0.0790569-0j -0.0215166-0j -0.121988-0j -0.0243975-0j 0.0968246-0j 0-0j 0-0j 0-0j 0-0j 0-0j 0-0j 0-0j 0-0j 0-0j 0-0j 0-0j 0-0j 0-0j 0-0j 0-0j 0-0j 0-0j 0-0j 0-0j 0-0j 0-0j 0-0j 0-0j 0-0j 0-0j 0-0j 0-0j 0-0j 0-0j 0-0j 0-0j 0-0j 0-0j 0-0j 0-0j 0-0j 0-0j 0-0j 0-0j 0-0j 
0.0204158-0j -0.0645881-0j -0.238157-0j -0.0658808-0j 0.0798762-0j 0.0914138-0j -0.0931695-0j 0.0968246-0j -0.0931695-0j 0.0215166-0j 0.0372678-0j 0.0175682-0j 0.112268-0j -0.0322749-0j 0.118585-0j -0.0456435-0j -0.0456435-0j -0.0395285-0j -0.408248-0j -0.2-0j 0.424264-0j 0.23094-0j -0.2-0j 0.0372678-0j 0.0645497-0j 0.0527046-0j -0.0597614-0j -0.0597614-0j -0.0790569-0j 0-0j 0-0j 0-0j 0-0j 0-0j 0-0j 0-0j 0-0j 0-0j 0-0j 0-0j 0-0j 0-0j 0-0j 0-0j 0-0j 0-0j 0-0j 0-0j 0-0j 0-0j 0-0j 0-0j 0-0j 0-0j 0-0j 0-0j 0-0j 0-0j 0-0j 0-0j 0-0j 0-0j 0-0j 0-0j 0-0j 0-0j 0-0j 0-0j 0-0j 
-0.000262475-0j 0.00472456-0j -0.0051031-0j -0.12112-0j -0.266268-0j -0.00340207-0j 0.0395285-0j -0.0228218-0j -0.17129-0j -0.0152145-0j 0.0790569-0j -0.0124226-0j -0.00721688-0j 0.0684653-0j -0.0279508-0j -0.0322749-0j 0.0968246-0j -0.0279508-0j 0.057735-0j -0.424264-0j 0.1-0j 0.163299-0j 0.141421-0j -0.0263523-0j 0.136931-0j -0.0372678-0j -0.0422577-0j 0.126773-0j -0.0559017-0j 0-0j 0-0j 0-0j 0-0j 0-0j 0-0j 0-0j 0-0j 0-0j 0-0j 0-0j 0-0j 0-0j 0-0j 0-0j 0-0j 0-0j 0-0j 0-0j 0-0j 0-0j 0-0j 0-0j 0-0j 0-0j 0-0j 0-0j 0-0j 0-0j 0-0j 0-0j 0-0j 0-0j 0-0j 0-0j 0-0j 0-0j 0-0j 0-0j 0-0j 
0.00342896-0j 0.0154303-0j 0.0333333-0j 0.030429-0j 0-0j -0.0555556-0j -0.129099-0j -0.0745356-0j 0.0430331-0j -0.248452-0j 0-0j 0.162288-0j 0.0471405-0j 0.0745356-0j 0-0j -0.105409-0j 0.105409-0j 0-0j -0.282843-0j -0.23094-0j 0.163299-0j 0-0j 0.23094-0j 0.0860663-0j 0-0j 0.121716-0j 0.0690066-0j -0.0690066-0j 0-0j 0-0j 0-0j 0-0j 0-0j 0-0j 0-0j 0-0j 0-0j 0-0j 0-0j 0-0j 0-0j 0-0j 0-0j 0-0j 0-0j 0-0j 0-0j 0-0j 0-0j 0-0j 0-0j 0-0j 0-0j 0-0j 0-0j 0-0j 0-0j 0-0j 0-0j 0-0j 0-0j 0-0j 0-0j 0-0j 0-0j 0-0j 0-0j 0-0j 0-0j 
0.000371196-0j 0.00222718-0j 0.00721688-0j 0.0131762-0j 0.0114109-0j 0.00481125-0j 0.0186339-0j 0.0322749-0j 0.0186339-0j 0.0215166-0j 0.0372678-0j 0.0175682-0j -0.0306186-0j -0.0968246-0j -0.118585-0j -0.136931-0j -0.136931-0j -0.276699-0j -0.0816497-0j -0.2-0j -0.141421-0j -0.23094-0j 0.6-0j 0.0372678-0j 0.0645497-0j 0.0527046-0j 0.0597614-0j 0.0597614-0j 0.0790569-0j 0-0j 0-0j 0-0j 0-0j 0-0j 0-0j 0-0j 0-0j 0-0j 0-0j 0-0j 0-0j 0-0j 0-0j 0-0j 0-0j 0-0j 0-0j 0-0j 0-0j 0-0j 0-0j 0-0j 0-0j 0-0j 0-0j 0-0j 0-0j 0-0j 0-0j 0-0j 0-0j 0-0j 0-0j 0-0j 0-0j 0-0j 0-0j 0-0j 0-0j 
-0.0868754-0j -0.172644-0j -0.075308-0j 0.0392837-0j -0.0170103-0j -0.168546-0j 0.0138889-0j 0.0240563-0j 0.0138889-0j 0.06415-0j -0.0555556-0j 0.0130946-0j -0.106502-0j 0.096225-0j -0.0589256-0j 0.0340207-0j 0.0340207-0j -0.0589256-0j 0.0152145-0j 0.0372678-0j 0.0263523-0j -0.0860663-0j 0.0372678-0j -0.555556-0j 0.481125-0j -0.196419-0j 0.0445435-0j 0.0445435-0j -0.117851-0j 0-0j 0-0j 0-0j 0-0j 0-0j 0-0j 0-0j 0-0j 0-0j 0-0j 0-0j 0-0j 0-0j 0-0j 0-0j 0-0j 0-0j 0-0j 0-0j 0-0j 0-0j 0-0j 0-0j 0-0j 0-0j 0-0j 0-0j 0-0j 0-0j 0-0j 0-0j 0-0j 0-0j 0-0j 0-0j 0-0j 0-0j 0-0j 0-0j 0-0j 
0.0038337-0j -0.0172516-0j -0.111803-0j -0.170103-0j 0-0j 0.0310565-0j -0.0721688-0j -0.125-0j 0.120281-0j 0.0555556-0j 0-0j -0.0226805-0j 0.0527046-0j -0.0833333-0j 0-0j 0.0589256-0j 0.0589256-0j 0-0j 0.0790569-0j -0.0645497-0j 0.136931-0j 0-0j -0.0645497-0j -0.481125-0j 0-0j 0.340207-0j 0.0771517-0j 0.0771517-0j 0-0j 0-0j 0-0j 0-0j 0-0j 0-0j 0-0j 0-0j 0-0j 0-0j 0-0j 0-0j 0-0j 0-0j 0-0j 0-0j 0-0j 0-0j 0-0j 0-0j 0-0j 0-0j 0-0j 0-0j 0-0j 0-0j 0-0j 0-0j 0-0j 0-0j 0-0j 0-0j 0-0j 0-0j 0-0j 0-0j 0-0j 0-0j 0-0j 0-0j 0-0j 
0.000391275-0j 0.00234765-0j 0.00760726-0j 0.0138889-0j 0.0120281-0j -0.010143-0j -0.0392837-0j -0.0680414-0j -0.0392837-0j -0.113402-0j -0.196419-0j -0.148148-0j 0.0107583-0j 0.0340207-0j 0.0416667-0j -0.096225-0j -0.096225-0j 0.0416667-0j 0.0215166-0j 0.0527046-0j 0.0372678-0j -0.121716-0j 0.0527046-0j -0.196419-0j -0.340207-0j 0.555556-0j 0.0629941-0j 0.0629941-0j 0.0833333-0j 0-0j 0-0j 0-0j 0-0j 0-0j 0-0j 0-0j 0-0j 0-0j 0-0j 0-0j 0-0j 0-0j 0-0j 0-0j 0-0j 0-0j 0-0j 0-0j 0-0j 0-0j 0-0j 0-0j 0-0j 0-0j 0-0j 0-0j 0-0j 0-0j 0-0j 0-0j 0-0j 0-0j 0-0j 0-0j 0-0j 0-0j 0-0j 0-0j 0-0j 
-0.0244015-0j -0.0771976-0j -0.094884-0j -0.0157485-0j 0.0136386-0j -0.10926-0j -0.111359-0j 0.0385758-0j -0.0222718-0j -0.0257172-0j 0.0445435-0j -0.020998-0j -0.134186-0j -0.0385758-0j 0.0472456-0j 0.0545545-0j -0.0545545-0j 0.0472456-0j -0.121988-0j 0.0597614-0j -0.0422577-0j 0.0690066-0j -0.0597614-0j -0.0445435-0j 0.0771517-0j -0.0629941-0j -0.428571-0j 0.428571-0j 0.0944911-0j 0-0j 0-0j 0-0j 0-0j 0-0j 0-0j 0-0j 0-0j 0-0j 0-0j 0-0j 0-0j 0-0j 0-0j 0-0j 0-0j 0-0j 0-0j 0-0j 0-0j 0-0j 0-0j 0-0j 0-0j 0-0j 0-0j 0-0j 0-0j 0-0j 0-0j 0-0j 0-0j 0-0j 0-0j 0-0j 0-0j 0-0j 0-0j 0-0j 0-0j 
0.000443664-0j -0.00266199-0j -0.0258775-0j -0.0787426-0j -0.0954703-0j 0.00575055-0j -0.0222718-0j -0.115728-0j -0.111359-0j 0.0257172-0j -0.0445435-0j 0.020998-0j 0.0121988-0j -0.0385758-0j -0.141737-0j 0.0545545-0j -0.0545545-0j 0.0472456-0j 0.0243975-0j -0.0597614-0j -0.126773-0j 0.0690066-0j 0.0597614-0j 0.0445435-0j -0.0771517-0j 0.0629941-0j -0.428571-0j 0.428571-0j 0.0944911-0j 0-0j 0-0j 0-0j 0-0j 0-0j 0-0j 0-0j 0-0j 0-0j 0-0j 0-0j 0-0j 0-0j 0-0j 0-0j 0-0j 0-0j 0-0j 0-0j 0-0j 0-0j 0-0j 0-0j 0-0j 0-0j 0-0j 0-0j 0-0j 0-0j 0-0j 0-0j 0-0j 0-0j 0-0j 0-0j 0-0j 0-0j 0-0j 0-0j 0-0j 
-0.0046953-0j -0.0211289-0j -0.0456435-0j -0.0416667-0j 0-0j -0.0380363-0j -0.0883883-0j -0.051031-0j 0.0294628-0j -0.0680414-0j 0-0j 0.0277778-0j -0.0645497-0j -0.102062-0j 0-0j -0.0721688-0j 0.0721688-0j 0-0j -0.0968246-0j -0.0790569-0j 0.0559017-0j 0-0j 0.0790569-0j -0.117851-0j 0-0j 0.0833333-0j -0.0944911-0j 0.0944911-0j 0-0j 0-0j 0-0j 0-0j 0-0j 0-0j 0-0j 0-0j 0-0j 0-0j 0-0j 0-0j 0-0j 0-0j 0-0j 0-0j 0-0j 0-0j 0-0j 0-0j 0-0j 0-0j 0-0j 0-0j 0-0j 0-0j 0-0j 0-0j 0-0j 0-0j 0-0j 0-0j 0-0j 0-0j 0-0j 0-0j 0-0j 0-0j 0-0j 0-0j 0-0j 
0-0j 0-0j 0-0j 0-0j 0-0j 0-0j 0-0j 0-0j 0-0j 0-0j 0-0j 0-0j 0-0j 0-0j 0-0j 0-0j 0-0j 0-0j 0-0j 0-0j 0-0j 0-0j 0-0j 0-0j 0-0j 0-0j 0-0j 0-0j 0-0j -0.234375-0j 0.0511019-0j 0.405949-0j 0.078125-0j 0.159472-0j -0.0255155-0j -0.0180422-0j -0.132583-0j -0.0255155-0j 0.100812-0j -0.315738-0j 0.0631477-0j 0.090211-0j -0.0559793-0j -0.0911458-0j -0.00931695-0j -0.0520833-0j 0.102698-0j -0.0104816-0j 0.0658808-0j -0.0131762-0j -0.0425259-0j 0.145237-0j 0.0102062-0j -0.0180422-0j -0.090211-0j -0.105551-0j -0.073657-0j -0.03125-0j -0.0170103-0j -0.051031-0j -0.0441942-0j 0.132055-0j 0.0111359-0j -0.149271-0j 0.0578638-0j 0.0157485-0j -0.162904-0j 0.090211-0j -0.0180422-0j 
0-0j 0-0j 0-0j 0-0j 0-0j 0-0j 0-0j 0-0j 0-0j 0-0j 0-0j 0-0j 0-0j 0-0j 0-0j 0-0j 0-0j 0-0j 0-0j 0-0j 0-0j 0-0j 0-0j 0-0j 0-0j 0-0j 0-0j 0-0j 0-0j -0.0511019-0j -0.155556-0j 0.15373-0j 0.0134479-0j -0.104311-0j -0.122977-0j 0.260875-0j 0.0608581-0j 0.0219603-0j 0.222812-0j -0.0512432-0j 0.00465847-0j 0.124226-0j -0.0852013-0j 0.103549-0j -0.0673575-0j -0.17034-0j -0.0707107-0j 0.00541266-0j 0.149691-0j -0.0136083-0j -0.241563-0j 0.0333333-0j -0.00527046-0j -0.0465847-0j 0.0590073-0j 0.222444-0j 0.0836798-0j 0.0161374-0j -0.0936971-0j -0.0702728-0j -0.00760726-0j -0.0206095-0j 0.0805076-0j -0.104861-0j -0.039841-0j 0.016265-0j -0.152104-0j -0.102486-0j 0.00931695-0j 
0-0j 0-0j 0-0j 0-0j 0-0j 0-0j 0-0j 0-0j 0-0j 0-0j 0-0j 0-0j 0-0j 0-0j 0-0j 0-0j 0-0j 0-0j 0-0j 0-0j 0-0j 0-0j 0-0j 0-0j 0-0j 0-0j 0-0j 0-0j 0-0j -0.405949-0j 0.15373-0j -0.046875-0j 0.351823-0j -0.239385-0j 0.0441942-0j -0.0104167-0j 0.22964-0j 0.0441942-0j -0.00465894-0j -0.109375-0j -0.328125-0j 0.135417-0j -0.0561341-0j 0.148848-0j 0.0484123-0j -0.0300703-0j 0.0197642-0j -0.123048-0j 0.0228218-0j 0.0684653-0j -0.0441942-0j -0.0838525-0j -0.0176777-0j -0.0104167-0j -0.0520833-0j -0.0312934-0j -0.0765466-0j -0.0180422-0j 0.00982093-0j 0.0294628-0j 0.0765466-0j -0.0294803-0j -0.0192879-0j 0.132767-0j -0.100223-0j -0.0272772-0j 0.0541427-0j 0.03125-0j 0.09375-0j 
0-0j 0-0j 0-0j 0-0j 0-0j 0-0j 0-0j 0-0j 0-0j 0-0j 0-0j 0-0j 0-0j 0-0j 0-0j 0-0j 0-0j 0-0j 0-0j 0-0j 0-0j 0-0j 0-0j 0-0j 0-0j 0-0j 0-0j 0-0j 0-0j 0.078125-0j -0.0134479-0j -0.351823-0j -0.109375-0j 0.0148841-0j -0.0255155-0j 0.0781828-0j 0.220971-0j -0.0255155-0j 3.78851e-05-0j -0.0631477-0j 0.315738-0j 0.0420985-0j 0.00294628-0j -0.184896-0j -0.0465847-0j 0.00347222-0j 0.148342-0j -0.313282-0j 0.0131762-0j -0.0658808-0j -0.0425259-0j -0.0484123-0j 0.0102062-0j 0.0781828-0j 0.00601407-0j 0.0123618-0j -0.073657-0j 0.135417-0j 0.00567012-0j 0.0170103-0j -0.0441942-0j 0.000586913-0j 0.0111359-0j -0.00403436-0j -0.0964396-0j 0.0157485-0j -0.0012707-0j 0.0180422-0j -0.090211-0j 
0-0j 0-0j 0-0j 0-0j 0-0j 0-0j 0-0j 0-0j 0-0j 0-0j 0-0j 0-0j 0-0j 0-0j 0-0j 0-0j 0-0j 0-0j 0-0j 0-0j 0-0j 0-0j 0-0j 0-0j 0-0j 0-0j 0-0j 0-0j 0-0j -0.159472-0j -0.104311-0j -0.239385-0j -0.0148841-0j 0.0911458-0j -0.00347222-0j -0.031918-0j -0.090211-0j -0.00347222-0j -0.0411564-0j -0.0184142-0j 0.0184142-0j 0.0515599-0j 0.0228534-0j 0.377417-0j 0.0190181-0j 0.0212629-0j 0.181681-0j 0.127897-0j -0.0268957-0j 0.0268957-0j 0.0868056-0j 0.0197642-0j -0.00416667-0j -0.031918-0j 0.0368285-0j -0.186727-0j 0.150352-0j -0.0552836-0j 0.00694444-0j 0.0208333-0j -0.00601407-0j -0.0539114-0j -0.00454621-0j -0.0203132-0j -0.118114-0j -0.00642931-0j 0.332527-0j -0.0368285-0j 0.0368285-0j 
0-0j 0-0j 0-0j 0-0j 0-0j 0-0j 0-0j 0-0j 0-0j 0-0j 0-0j 0-0j 0-0j 0-0j 0-0j 0-0j 0-0j 0-0j 0-0j 0-0j 0-0j 0-0j 0-0j 0-0j 0-0j 0-0j 0-0j 0-0j 0-0j 0.0255155-0j -0.122977-0j 0.0441942-0j 0.0255155-0j -0.00347222-0j -0.333333-0j 0.0785674-0j 0.288675-0j -0.208333-0j 0.0296338-0j 0.10312-0j 0.10312-0j -0.0392837-0j 0.0673575-0j -0.00425259-0j -0.0608581-0j 0.0283506-0j 0.0372678-0j -0.00190181-0j 0.0430331-0j 0.0430331-0j 0.0694444-0j -0.158114-0j -0.0166667-0j 0.0491046-0j -0.00982093-0j 0.0729828-0j -0.0240563-0j -0.0170103-0j -0.148148-0j -0.111111-0j 0.0721688-0j -0.199352-0j -0.0727393-0j -0.30964-0j 0.0629941-0j 0.0514344-0j 0.0792669-0j -0.0294628-0j -0.0294628-0j 
0-0j 0-0j 0-0j 0-0j 0-0j 0-0j 0-0j 0-0j 0-0j 0-0j 0-0j 0-0j 0-0j 0-0j 0-0j 0-0j 0-0j 0-0j 0-0j 0-0j 0-0j 0-0j 0-0j 0-0j 0-0j 0-0j 0-0j 0-0j 0-0j -0.0180422-0j -0.260875-0j 0.0104167-0j 0.0781828-0j 0.031918-0j -0.0785674-0j -0.0555556-0j -0.204124-0j -0.0491046-0j -0.0209543-0j 0.0104167-0j -0.03125-0j 0.361111-0j -0.047629-0j 0.0992321-0j -0.129099-0j -0.0200469-0j -0.0263523-0j 0.0820319-0j -0.030429-0j 0.0912871-0j 0.147314-0j -0.0372678-0j 0.0117851-0j -0.0347222-0j 0.00694444-0j -0.0516066-0j -0.051031-0j 0.0120281-0j 0.104757-0j 0.0785674-0j 0.0170103-0j 0.140963-0j 0.0514344-0j -0.0729828-0j 0.133631-0j -0.0363696-0j 0.16815-0j 0.0208333-0j -0.0625-0j 
0-0j 0-0j 0-0j 0-0j 0-0j 0-0j 0-0j 0-0j 0-0j 0-0j 0-0j 0-0j 0-0j 0-0j 0-0j 0-0j 0-0j 0-0j 0-0j 0-0j 0-0j 0-0j 0-0j 0-0j 0-0j 0-0j 0-0j 0-0j 0-0j -0.132583-0j -0.0608581-0j -0.22964-0j 0.220971-0j 0.090211-0j -0.288675-0j -0.204124-0j 0-0j 0.360844-0j -0.000964396-0j 0.178609-0j 0.178609-0j 0-0j -0.0333333-0j 0.0515599-0j 0.0527046-0j 0.147314-0j 0-0j -0.0296464-0j 0.0745356-0j 0.0745356-0j -0.120281-0j 0-0j 0.0288675-0j 0.255155-0j -0.051031-0j 0.0403436-0j 0.0416667-0j -0.0883883-0j 0-0j 0-0j -0.125-0j 0.0199205-0j -0.0629941-0j 0.0570544-0j 0-0j -0.0890871-0j 0.00503173-0j -0.051031-0j -0.051031-0j 
0-0j 0-0j 0-0j 0-0j 0-0j 0-0j 0-0j 0-0j 0-0j 0-0j 0-0j 0-0j 0-0j 0-0j 0-0j 0-0j 0-0j 0-0j 0-0j 0-0j 0-0j 0-0j 0-0j 0-0j 0-0j 0-0j 0-0j 0-0j 0-0j 0.0255155-0j 0.0219603-0j 0.0441942-0j 0.0255155-0j -0.00347222-0j -0.208333-0j 0.0491046-0j -0.360844-0j 0.291667-0j -6.1866e-05-0j 0.10312-0j 0.10312-0j 0.0491046-0j -0.00481125-0j -0.00425259-0j -0.0152145-0j -0.0396908-0j -0.0186339-0j -0.00190181-0j 0.107583-0j 0.107583-0j -0.0972222-0j 0.0790569-0j -0.0166667-0j -0.0687465-0j -0.00982093-0j -0.00155282-0j -0.0240563-0j -0.0170103-0j -0.342593-0j 0.138889-0j 0.0721688-0j 0.00479212-0j -0.0181848-0j 0.00658808-0j -0.031497-0j 0.128586-0j -0.00041501-0j -0.0294628-0j -0.0294628-0j 
0-0j 0-0j 0-0j 0-0j 0-0j 0-0j 0-0j 0-0j 0-0j 0-0j 0-0j 0-0j 0-0j 0-0j 0-0j 0-0j 0-0j 0-0j 0-0j 0-0j 0-0j 0-0j 0-0j 0-0j 0-0j 0-0j 0-0j 0-0j 0-0j 0.100812-0j -0.222812-0j 0.00465894-0j 3.78851e-05-0j 0.0411564-0j -0.0296338-0j -0.0209543-0j -0.000964396-0j 6.1866e-05-0j 0.396734-0j 0.00465894-0j 6.56188e-05-0j -0.000393713-0j -0.244078-0j 0.00134492-0j -0.0324622-0j 0.0672081-0j -0.000747018-0j 8.47135e-06-0j 0.00680481-0j 9.58424e-05-0j 0.00439249-0j -0.00105644-0j 7.42392e-05-0j 4.37459e-05-0j 0.116408-0j 0.223107-0j 0.00760801-0j 7.57701e-05-0j -0.000371196-0j -0.00111359-0j 0.000107155-0j -0.121259-0j -0.0387998-0j 0.31545-0j -0.00126269-0j 0.000114554-0j -0.311314-0j 0.00931787-0j 0.000131238-0j 
0-0j 0-0j 0-0j 0-0j 0-0j 0-0j 0-0j 0-0j 0-0j 0-0j 0-0j 0-0j 0-0j 0-0j 0-0j 0-0j 0-0j 0-0j 0-0j 0-0j 0-0j 0-0j 0-0j 0-0j 0-0j 0-0j 0-0j 0-0j 0-0j -0.315738-0j 0.0512432-0j 0.109375-0j -0.0631477-0j 0.0184142-0j -0.10312-0j 0.0104167-0j 0.178609-0j -0.10312-0j 0.00465894-0j -0.265625-0j 0.265625-0j -0.0104167-0j 0.0561341-0j -0.00451055-0j 0.0161374-0j 0.0300703-0j -0.0197642-0j 0.00201718-0j -0.0228218-0j 0.0228218-0j -0.0147314-0j 0.195656-0j 0.0176777-0j 0.0104167-0j 0.0520833-0j 0.0312934-0j -0.0255155-0j 0.0180422-0j -0.00982093-0j -0.0294628-0j -0.178609-0j 0.0294803-0j 0.0192879-0j -0.309789-0j -0.0334077-0j 0.0272772-0j 0.0180476-0j -0.03125-0j 0.03125-0j 
0-0j 0-0j 0-0j 0-0j 0-0j 0-0j 0-0j 0-0j 0-0j 0-0j 0-0j 0-0j 0-0j 0-0j 0-0j 0-0j 0-0j 0-0j 0-0j 0-0j 0-0j 0-0j 0-0j 0-0j 0-0j 0-0j 0-0j 0-0j 0-0j -0.0631477-0j 0.00465847-0j -0.328125-0j -0.315738-0j 0.0184142-0j 0.10312-0j 0.03125-0j -0.178609-0j 0.10312-0j -6.56188e-05-0j -0.265625-0j 0.265625-0j 0.0520833-0j -0.0051031-0j 0.0315738-0j 0.0161374-0j -0.00601407-0j 0.0592927-0j 0.0181546-0j -0.0228218-0j 0.0228218-0j 0.0147314-0j 0.195656-0j -0.0176777-0j 0.03125-0j -0.0104167-0j 0.00494106-0j 0.0255155-0j 0.0541266-0j -0.00982093-0j -0.0294628-0j 0.178609-0j -0.00101656-0j -0.0192879-0j 0.0163047-0j 0.0334077-0j -0.0272772-0j 0.000440185-0j -0.03125-0j 0.03125-0j 
0-0j 0-0j 0-0j 0-0j 0-0j 0-0j 0-0j 0-0j 0-0j 0-0j 0-0j 0-0j 0-0j 0-0j 0-0j 0-0j 0-0j 0-0j 0-0j 0-0j 0-0j 0-0j 0-0j 0-0j 0-0j 0-0j 0-0j 0-0j 0-0j -0.090211-0j 0.124226-0j 0.135417-0j -0.0420985-0j 0.0515599-0j -0.0392837-0j -0.361111-0j 0-0j 0.0491046-0j 0.000393713-0j 0.0104167-0j 0.0520833-0j 0-0j 0.0136083-0j -0.213499-0j -0.107583-0j -0.0601407-0j 0-0j 0.361747-0j -0.030429-0j -0.152145-0j 0.245523-0j 0-0j -0.0117851-0j 0.451389-0j 0.0208333-0j 0.0713708-0j -0.0850517-0j -0.156366-0j 0-0j 0-0j -0.0170103-0j -0.0081325-0j 0.0257172-0j 0.00776412-0j 0-0j 0.0363696-0j -0.010271-0j 0.0208333-0j 0.104167-0j 
0-0j 0-0j 0-0j 0-0j 0-0j 0-0j 0-0j 0-0j 0-0j 0-0j 0-0j 0-0j 0-0j 0-0j 0-0j 0-0j 0-0j 0-0j 0-0j 0-0j 0-0j 0-0j 0-0j 0-0j 0-0j 0-0j 0-0j 0-0j 0-0j -0.0559793-0j 0.0852013-0j 0.0561341-0j 0.00294628-0j -0.0228534-0j -0.0673575-0j -0.047629-0j -0.0333333-0j 0.00481125-0j -0.244078-0j 0.0561341-0j 0.0051031-0j -0.0136083-0j -0.373333-0j 0.0162045-0j 0.295146-0j -0.0373195-0j 0.10328-0j 0.000658808-0j -0.327957-0j -0.0298142-0j 0.0529238-0j 0.146059-0j -0.0519615-0j 0.00340207-0j -0.0646393-0j 0.0812251-0j 0.0916667-0j 0.00589256-0j -0.01283-0j -0.03849-0j 0.00833333-0j -0.0112883-0j -0.0881917-0j 0.11487-0j -0.0436436-0j 0.00890871-0j -0.166622-0j 0.112268-0j 0.0102062-0j 
0-0j 0-0j 0-0j 0-0j 0-0j 0-0j 0-0j 0-0j 0-0j 0-0j 0-0j 0-0j 0-0j 0-0j 0-0j 0-0j 0-0j 0-0j 0-0j 0-0j 0-0j 0-0j 0-0j 0-0j 0-0j 0-0j 0-0j 0-0j 0-0j -0.0911458-0j -0.103549-0j -0.148848-0j -0.184896-0j -0.377417-0j 0.00425259-0j 0.0992321-0j 0.0515599-0j 0.00425259-0j 0.00134492-0j -0.00451055-0j -0.0315738-0j 0.213499-0j 0.0162045-0j 0.165365-0j -0.0326093-0j 0.00868056-0j -0.18828-0j 0.256798-0j -0.00658808-0j -0.0461165-0j 0.0297681-0j -0.00806872-0j 0.0051031-0j 0.0992321-0j 0.0150352-0j 0.298109-0j 0.0515599-0j 0.171875-0j -0.00283506-0j -0.00850517-0j 0.0073657-0j 0.00851023-0j 0.00556794-0j 0.0127755-0j 0.0675077-0j 0.00787426-0j -0.0364692-0j -0.0090211-0j -0.0631477-0j 
0-0j 0-0j 0-0j 0-0j 0-0j 0-0j 0-0j 0-0j 0-0j 0-0j 0-0j 0-0j 0-0j 0-0j 0-0j 0-0j 0-0j 0-0j 0-0j 0-0j 0-0j 0-0j 0-0j 0-0j 0-0j 0-0j 0-0j 0-0j 0-0j 0.00931695-0j -0.0673575-0j 0.0484123-0j 0.0465847-0j 0.0190181-0j -0.0608581-0j 0.129099-0j -0.0527046-0j -0.0152145-0j 0.0324622-0j -0.0161374-0j 0.0161374-0j -0.107583-0j -0.295146-0j 0.0326093-0j -0.266667-0j -0.0062113-0j 0.489898-0j 0.01875-0j 0.0942809-0j -0.0942809-0j 0.0152145-0j -0.23094-0j 0.164317-0j 0.0322749-0j -0.0107583-0j -0.239846-0j 0.0263523-0j 0.0559017-0j 0.020286-0j 0.0608581-0j -0.0263523-0j 0.10919-0j -0.0796819-0j 0.113064-0j -0.0690066-0j -0.0281718-0j -0.0868325-0j -0.0322749-0j 0.0322749-0j 
0-0j 0-0j 0-0j 0-0j 0-0j 0-0j 0-0j 0-0j 0-0j 0-0j 0-0j 0-0j 0-0j 0-0j 0-0j 0-0j 0-0j 0-0j 0-0j 0-0j 0-0j 0-0j 0-0j 0-0j 0-0j 0-0j 0-0j 0-0j 0-0j -0.0520833-0j 0.17034-0j 0.0300703-0j 0.00347222-0j -0.0212629-0j -0.0283506-0j -0.0200469-0j 0.147314-0j 0.0396908-0j 0.0672081-0j 0.0300703-0j 0.00601407-0j 0.0601407-0j -0.0373195-0j 0.00868056-0j 0.0062113-0j -0.243056-0j -0.0228218-0j 0.000776412-0j -0.219603-0j -0.0439205-0j 0.198454-0j -0.0322749-0j 0.00680414-0j 0.0280656-0j -0.0601407-0j 0.0234557-0j 0.0491046-0j 0.00694444-0j -0.419589-0j 0.170103-0j 0.00982093-0j -0.440185-0j 0.00742392-0j 0.0331714-0j -0.0385758-0j -0.0524951-0j 0.108603-0j 0.0601407-0j 0.0120281-0j 
0-0j 0-0j 0-0j 0-0j 0-0j 0-0j 0-0j 0-0j 0-0j 0-0j 0-0j 0-0j 0-0j 0-0j 0-0j 0-0j 0-0j 0-0j 0-0j 0-0j 0-0j 0-0j 0-0j 0-0j 0-0j 0-0j 0-0j 0-0j 0-0j 0.102698-0j 0.0707107-0j -0.0197642-0j 0.148342-0j -0.181681-0j -0.0372678-0j -0.0263523-0j 0-0j 0.0186339-0j -0.000747018-0j -0.0197642-0j -0.0592927-0j 0-0j 0.10328-0j -0.18828-0j -0.489898-0j -0.0228218-0j 0-0j 0.155645-0j 0.11547-0j 0.34641-0j 0.0559017-0j 0-0j -0.201246-0j 0.0131762-0j -0.0395285-0j -0.0104167-0j 0.0968246-0j 0.0228218-0j 0-0j 0-0j 0.0322749-0j -0.00771517-0j -0.048795-0j -0.0147314-0j 0-0j 0.0345033-0j 0.0116927-0j -0.0395285-0j -0.118585-0j 
0-0j 0-0j 0-0j 0-0j 0-0j 0-0j 0-0j 0-0j 0-0j 0-0j 0-0j 0-0j 0-0j 0-0j 0-0j 0-0j 0-0j 0-0j 0-0j 0-0j 0-0j 0-0j 0-0j 0-0j 0-0j 0-0j 0-0j 0-0j 0-0j 0.0104816-0j 0.00541266-0j -0.123048-0j 0.313282-0j 0.127897-0j -0.00190181-0j -0.0820319-0j 0.0296464-0j -0.00190181-0j -8.47135e-06-0j -0.00201718-0j 0.0181546-0j 0.361747-0j -0.000658808-0j -0.256798-0j 0.01875-0j -0.000776412-0j -0.155645-0j -0.445573-0j -0.00294628-0j 0.0265165-0j 0.0171163-0j -0.00360844-0j -0.00228218-0j -0.0820319-0j -0.00134479-0j -0.0129704-0j 0.0296464-0j -0.142083-0j -0.00126788-0j -0.00380363-0j -0.00329404-0j -0.000131238-0j -0.00249006-0j -0.000300703-0j 0.0388162-0j -0.00352148-0j 0.000511448-0j -0.00403436-0j 0.0363092-0j 
0-0j 0-0j 0-0j 0-0j 0-0j 0-0j 0-0j 0-0j 0-0j 0-0j 0-0j 0-0j 0-0j 0-0j 0-0j 0-0j 0-0j 0-0j 0-0j 0-0j 0-0j 0-0j 0-0j 0-0j 0-0j 0-0j 0-0j 0-0j 0-0j 0.0658808-0j -0.149691-0j -0.0228218-0j 0.0131762-0j 0.0268957-0j -0.0430331-0j -0.030429-0j 0.0745356-0j -0.107583-0j 0.00680481-0j -0.0228218-0j 0.0228218-0j 0.030429-0j -0.327957-0j -0.00658808-0j -0.0942809-0j -0.219603-0j 0.11547-0j 0.00294628-0j -0.266667-0j 0.266667-0j 0.107583-0j 0.163299-0j -0.232379-0j -0.0760726-0j 0.0760726-0j 0.0457069-0j -0.0372678-0j 0.0263523-0j 0.114755-0j 0.0860663-0j 0.0372678-0j -0.0861175-0j 0.0281718-0j 0.0646393-0j -0.048795-0j -0.0796819-0j 0.0263602-0j -0.0456435-0j 0.0456435-0j 
0-0j 0-0j 0-0j 0-0j 0-0j 0-0j 0-0j 0-0j 0-0j 0-0j 0-0j 0-0j 0-0j 0-0j 0-0j 0-0j 0-0j 0-0j 0-0j 0-0j 0-0j 0-0j 0-0j 0-0j 0-0j 0-0j 0-0j 0-0j 0-0j 0.0131762-0j -0.0136083-0j 0.0684653-0j 0.0658808-0j 0.0268957-0j 0.0430331-0j -0.0912871-0j -0.0745356-0j 0.107583-0j -9.58424e-05-0j -0.0228218-0j 0.0228218-0j -0.152145-0j 0.0298142-0j 0.0461165-0j -0.0942809-0j 0.0439205-0j -0.34641-0j 0.0265165-0j -0.266667-0j 0.266667-0j -0.107583-0j 0.163299-0j 0.232379-0j -0.228218-0j -0.0152145-0j 0.00721688-0j 0.0372678-0j 0.0790569-0j 0.114755-0j 0.0860663-0j -0.0372678-0j 0.00296957-0j -0.0281718-0j -0.00340207-0j 0.048795-0j 0.0796819-0j 0.000642931-0j -0.0456435-0j 0.0456435-0j 
0-0j 0-0j 0-0j 0-0j 0-0j 0-0j 0-0j 0-0j 0-0j 0-0j 0-0j 0-0j 0-0j 0-0j 0-0j 0-0j 0-0j 0-0j 0-0j 0-0j 0-0j 0-0j 0-0j 0-0j 0-0j 0-0j 0-0j 0-0j 0-0j 0.0425259-0j -0.241563-0j -0.0441942-0j 0.0425259-0j 0.0868056-0j 0.0694444-0j -0.147314-0j 0.120281-0j -0.0972222-0j -0.00439249-0j 0.0147314-0j 0.0147314-0j 0.245523-0j -0.0529238-0j -0.0297681-0j 0.0152145-0j -0.198454-0j -0.0559017-0j 0.0171163-0j -0.107583-0j -0.107583-0j -0.0972222-0j 0.0263523-0j -0.0166667-0j 0.206239-0j -0.0491046-0j 0.088511-0j -0.0240563-0j 0.051031-0j 0.342593-0j -0.138889-0j -0.0240563-0j 0.138972-0j -0.0181848-0j -0.0417245-0j -0.031497-0j 0.128586-0j 0.0170154-0j 0.0294628-0j 0.0294628-0j 
0-0j 0-0j 0-0j 0-0j 0-0j 0-0j 0-0j 0-0j 0-0j 0-0j 0-0j 0-0j 0-0j 0-0j 0-0j 0-0j 0-0j 0-0j 0-0j 0-0j 0-0j 0-0j 0-0j 0-0j 0-0j 0-0j 0-0j 0-0j 0-0j -0.145237-0j 0.0333333-0j -0.0838525-0j 0.0484123-0j 0.0197642-0j -0.158114-0j 0.0372678-0j 0-0j 0.0790569-0j 0.00105644-0j -0.195656-0j 0.195656-0j 0-0j -0.146059-0j 0.00806872-0j -0.23094-0j 0.0322749-0j 0-0j -0.00360844-0j -0.163299-0j 0.163299-0j 0.0263523-0j 0-0j 0.284605-0j -0.0186339-0j 0.0559017-0j 0.0147314-0j 0.0456435-0j -0.0322749-0j 0-0j 0-0j 0.136931-0j 0.0109109-0j 0.0690066-0j -0.0625-0j 0-0j -0.048795-0j 0.00551198-0j 0.0559017-0j -0.0559017-0j 
0-0j 0-0j 0-0j 0-0j 0-0j 0-0j 0-0j 0-0j 0-0j 0-0j 0-0j 0-0j 0-0j 0-0j 0-0j 0-0j 0-0j 0-0j 0-0j 0-0j 0-0j 0-0j 0-0j 0-0j 0-0j 0-0j 0-0j 0-0j 0-0j 0.0102062-0j 0.00527046-0j 0.0176777-0j 0.0102062-0j 0.00416667-0j 0.0166667-0j 0.0117851-0j 0.0288675-0j 0.0166667-0j 7.42392e-05-0j 0.0176777-0j 0.0176777-0j 0.0117851-0j -0.0519615-0j 0.0051031-0j -0.164317-0j 0.00680414-0j -0.201246-0j 0.00228218-0j -0.232379-0j -0.232379-0j 0.0166667-0j -0.284605-0j 0.62-0j 0.0117851-0j 0.0117851-0j 0.00186339-0j 0.0288675-0j 0.0204124-0j 0.0111111-0j 0.0333333-0j 0.0288675-0j 0.00115011-0j 0.0218218-0j 0.00263523-0j 0.0377964-0j 0.0308607-0j 0.000498012-0j 0.0353553-0j 0.0353553-0j 
0-0j 0-0j 0-0j 0-0j 0-0j 0-0j 0-0j 0-0j 0-0j 0-0j 0-0j 0-0j 0-0j 0-0j 0-0j 0-0j 0-0j 0-0j 0-0j 0-0j 0-0j 0-0j 0-0j 0-0j 0-0j 0-0j 0-0j 0-0j 0-0j -0.0180422-0j 0.0465847-0j 0.0104167-0j 0.0781828-0j 0.031918-0j -0.0491046-0j -0.0347222-0j 0.255155-0j 0.0687465-0j 4.37459e-05-0j 0.0104167-0j -0.03125-0j -0.451389-0j 0.00340207-0j 0.0992321-0j -0.0322749-0j 0.0280656-0j 0.0131762-0j 0.0820319-0j -0.0760726-0j 0.228218-0j -0.206239-0j 0.0186339-0j 0.0117851-0j 0.0486111-0j 0.00694444-0j 0.00109801-0j -0.051031-0j 0.0120281-0j 0.24225-0j -0.0982093-0j 0.0170103-0j -0.00338854-0j 0.0128586-0j 0.00155282-0j -0.0668153-0j -0.0909241-0j -0.000880369-0j 0.0208333-0j -0.0625-0j 
0-0j 0-0j 0-0j 0-0j 0-0j 0-0j 0-0j 0-0j 0-0j 0-0j 0-0j 0-0j 0-0j 0-0j 0-0j 0-0j 0-0j 0-0j 0-0j 0-0j 0-0j 0-0j 0-0j 0-0j 0-0j 0-0j 0-0j 0-0j 0-0j 0.090211-0j 0.0590073-0j -0.0520833-0j -0.00601407-0j 0.0368285-0j -0.00982093-0j -0.00694444-0j 0.051031-0j -0.00982093-0j -0.116408-0j -0.0520833-0j -0.0104167-0j 0.0208333-0j 0.0646393-0j -0.0150352-0j -0.0107583-0j 0.0601407-0j 0.0395285-0j -0.00134479-0j -0.0760726-0j -0.0152145-0j -0.0491046-0j 0.0559017-0j -0.0117851-0j -0.00694444-0j -0.520833-0j -0.0406265-0j 0.425259-0j 0.0601407-0j 0.0196419-0j -0.294628-0j 0.0850517-0j -0.152484-0j -0.0128586-0j -0.0574545-0j 0.0668153-0j -0.0181848-0j -0.188106-0j -0.104167-0j -0.0208333-0j 
0-0j 0-0j 0-0j 0-0j 0-0j 0-0j 0-0j 0-0j 0-0j 0-0j 0-0j 0-0j 0-0j 0-0j 0-0j 0-0j 0-0j 0-0j 0-0j 0-0j 0-0j 0-0j 0-0j 0-0j 0-0j 0-0j 0-0j 0-0j 0-0j -0.105551-0j -0.222444-0j 0.0312934-0j 0.0123618-0j 0.186727-0j -0.0729828-0j -0.0516066-0j 0.0403436-0j 0.00155282-0j 0.223107-0j 0.0312934-0j -0.00494106-0j -0.0713708-0j 0.0812251-0j 0.298109-0j 0.239846-0j 0.0234557-0j -0.0104167-0j 0.0129704-0j 0.0457069-0j -0.00721688-0j -0.088511-0j -0.0147314-0j 0.00186339-0j 0.00109801-0j 0.0406265-0j -0.0321181-0j -0.153306-0j 0.00190181-0j -0.00517608-0j -0.0155282-0j 0.00268957-0j -0.116906-0j -0.0955569-0j -0.0454218-0j 0.0528221-0j 0.00287527-0j 0.123469-0j 0.0625867-0j -0.00988212-0j 
0-0j 0-0j 0-0j 0-0j 0-0j 0-0j 0-0j 0-0j 0-0j 0-0j 0-0j 0-0j 0-0j 0-0j 0-0j 0-0j 0-0j 0-0j 0-0j 0-0j 0-0j 0-0j 0-0j 0-0j 0-0j 0-0j 0-0j 0-0j 0-0j -0.073657-0j -0.0836798-0j 0.0765466-0j -0.073657-0j -0.150352-0j 0.0240563-0j -0.051031-0j 0.0416667-0j 0.0240563-0j 0.00760801-0j -0.0255155-0j -0.0255155-0j 0.0850517-0j 0.0916667-0j 0.0515599-0j -0.0263523-0j 0.0491046-0j 0.0968246-0j -0.0296464-0j -0.0372678-0j -0.0372678-0j 0.0240563-0j -0.0456435-0j 0.0288675-0j -0.051031-0j -0.425259-0j -0.153306-0j -0.208333-0j 0.441942-0j -0.0160375-0j 0.240563-0j -0.208333-0j 0.0481412-0j 0.031497-0j 0.0722689-0j 0.0545545-0j 0.0445435-0j -0.0294715-0j -0.051031-0j -0.051031-0j 
0-0j 0-0j 0-0j 0-0j 0-0j 0-0j 0-0j 0-0j 0-0j 0-0j 0-0j 0-0j 0-0j 0-0j 0-0j 0-0j 0-0j 0-0j 0-0j 0-0j 0-0j 0-0j 0-0j 0-0j 0-0j 0-0j 0-0j 0-0j 0-0j 0.03125-0j 0.0161374-0j -0.0180422-0j -0.135417-0j -0.0552836-0j -0.0170103-0j -0.0120281-0j 0.0883883-0j -0.0170103-0j -7.57701e-05-0j -0.0180422-0j 0.0541266-0j -0.156366-0j -0.00589256-0j -0.171875-0j 0.0559017-0j -0.00694444-0j -0.0228218-0j -0.142083-0j -0.0263523-0j 0.0790569-0j 0.051031-0j -0.0322749-0j -0.0204124-0j -0.0120281-0j 0.0601407-0j -0.00190181-0j -0.441942-0j 0.104167-0j -0.0113402-0j 0.170103-0j 0.147314-0j -0.00117383-0j -0.0222718-0j -0.00268957-0j 0.115728-0j -0.031497-0j 0.00152484-0j -0.0360844-0j 0.108253-0j 
0-0j 0-0j 0-0j 0-0j 0-0j 0-0j 0-0j 0-0j 0-0j 0-0j 0-0j 0-0j 0-0j 0-0j 0-0j 0-0j 0-0j 0-0j 0-0j 0-0j 0-0j 0-0j 0-0j 0-0j 0-0j 0-0j 0-0j 0-0j 0-0j -0.0170103-0j 0.0936971-0j -0.00982093-0j 0.00567012-0j -0.00694444-0j 0.148148-0j 0.104757-0j 0-0j 0.342593-0j -0.000371196-0j -0.00982093-0j 0.00982093-0j 0-0j -0.01283-0j -0.00283506-0j -0.020286-0j -0.419589-0j 0-0j 0.00126788-0j 0.114755-0j -0.114755-0j -0.342593-0j 0-0j 0.0111111-0j 0.24225-0j -0.0196419-0j -0.00517608-0j -0.0160375-0j 0.0113402-0j 0-0j 0-0j 0.0160375-0j 0.0306696-0j -0.0242464-0j -0.00732009-0j 0-0j -0.137159-0j -0.00193671-0j -0.0196419-0j 0.0196419-0j 
0-0j 0-0j 0-0j 0-0j 0-0j 0-0j 0-0j 0-0j 0-0j 0-0j 0-0j 0-0j 0-0j 0-0j 0-0j 0-0j 0-0j 0-0j 0-0j 0-0j 0-0j 0-0j 0-0j 0-0j 0-0j 0-0j 0-0j 0-0j 0-0j 0.051031-0j -0.0702728-0j 0.0294628-0j -0.0170103-0j 0.0208333-0j -0.111111-0j -0.0785674-0j 0-0j 0.138889-0j 0.00111359-0j 0.0294628-0j -0.0294628-0j 0-0j 0.03849-0j 0.00850517-0j 0.0608581-0j -0.170103-0j 0-0j -0.00380363-0j -0.0860663-0j 0.0860663-0j -0.138889-0j 0-0j -0.0333333-0j 0.0982093-0j -0.294628-0j 0.0155282-0j -0.240563-0j 0.170103-0j 0-0j 0-0j 0.240563-0j -0.0230022-0j 0.0727393-0j 0.0219603-0j 0-0j 0.102869-0j 0.00581014-0j 0.0589256-0j -0.0589256-0j 
0-0j 0-0j 0-0j 0-0j 0-0j 0-0j 0-0j 0-0j 0-0j 0-0j 0-0j 0-0j 0-0j 0-0j 0-0j 0-0j 0-0j 0-0j 0-0j 0-0j 0-0j 0-0j 0-0j 0-0j 0-0j 0-0j 0-0j 0-0j 0-0j -0.0441942-0j 0.00760726-0j -0.0765466-0j -0.0441942-0j 0.00601407-0j -0.0721688-0j 0.0170103-0j -0.125-0j -0.0721688-0j 0.000107155-0j -0.178609-0j -0.178609-0j 0.0170103-0j 0.00833333-0j 0.0073657-0j 0.0263523-0j 0.00982093-0j 0.0322749-0j 0.00329404-0j 0.0372678-0j 0.0372678-0j 0.0240563-0j -0.136931-0j 0.0288675-0j 0.0170103-0j -0.0850517-0j 0.00268957-0j -0.208333-0j -0.147314-0j 0.0160375-0j -0.240563-0j 0.625-0j 0.00166004-0j 0.031497-0j -0.0114109-0j 0.0545545-0j 0.0445435-0j 0.000718818-0j 0.051031-0j 0.051031-0j 
0-0j 0-0j 0-0j 0-0j 0-0j 0-0j 0-0j 0-0j 0-0j 0-0j 0-0j 0-0j 0-0j 0-0j 0-0j 0-0j 0-0j 0-0j 0-0j 0-0j 0-0j 0-0j 0-0j 0-0j 0-0j 0-0j 0-0j 0-0j 0-0j 0.132055-0j 0.0206095-0j 0.0294803-0j 0.000586913-0j 0.0539114-0j 0.199352-0j 0.140963-0j 0.0199205-0j -0.00479212-0j -0.121259-0j 0.0294803-0j 0.00101656-0j 0.0081325-0j -0.0112883-0j 0.00851023-0j -0.10919-0j -0.440185-0j -0.00771517-0j 0.000131238-0j -0.0861175-0j -0.00296957-0j -0.138972-0j -0.0109109-0j 0.00115011-0j -0.00338854-0j 0.152484-0j -0.116906-0j 0.0481412-0j 0.00117383-0j 0.0306696-0j 0.0230022-0j 0.00166004-0j -0.0269841-0j -0.130507-0j -0.16533-0j -0.013041-0j -0.00354931-0j 0.224554-0j 0.0589606-0j 0.00203313-0j 
0-0j 0-0j 0-0j 0-0j 0-0j 0-0j 0-0j 0-0j 0-0j 0-0j 0-0j 0-0j 0-0j 0-0j 0-0j 0-0j 0-0j 0-0j 0-0j 0-0j 0-0j 0-0j 0-0j 0-0j 0-0j 0-0j 0-0j 0-0j 0-0j 0.0111359-0j -0.0805076-0j 0.0192879-0j 0.0111359-0j 0.00454621-0j 0.0727393-0j 0.0514344-0j -0.0629941-0j 0.0181848-0j -0.0387998-0j 0.0192879-0j 0.0192879-0j -0.0257172-0j -0.0881917-0j 0.00556794-0j 0.0796819-0j 0.00742392-0j -0.048795-0j 0.00249006-0j 0.0281718-0j 0.0281718-0j 0.0181848-0j -0.0690066-0j 0.0218218-0j 0.0128586-0j 0.0128586-0j -0.0955569-0j 0.031497-0j 0.0222718-0j -0.0242464-0j -0.0727393-0j 0.031497-0j -0.130507-0j -0.571429-0j -0.135138-0j 0.494872-0j -0.202031-0j -0.103785-0j 0.0385758-0j 0.0385758-0j 
0-0j 0-0j 0-0j 0-0j 0-0j 0-0j 0-0j 0-0j 0-0j 0-0j 0-0j 0-0j 0-0j 0-0j 0-0j 0-0j 0-0j 0-0j 0-0j 0-0j 0-0j 0-0j 0-0j 0-0j 0-0j 0-0j 0-0j 0-0j 0-0j 0.149271-0j -0.104861-0j 0.132767-0j 0.00403436-0j -0.0203132-0j -0.30964-0j 0.0729828-0j -0.0570544-0j 0.00658808-0j -0.31545-0j 0.309789-0j 0.0163047-0j 0.00776412-0j -0.11487-0j -0.0127755-0j 0.113064-0j -0.0331714-0j 0.0147314-0j -0.000300703-0j -0.0646393-0j -0.00340207-0j -0.0417245-0j -0.0625-0j -0.00263523-0j -0.00155282-0j -0.0574545-0j 0.0454218-0j -0.0722689-0j -0.00268957-0j 0.00732009-0j 0.0219603-0j 0.0114109-0j 0.16533-0j 0.135138-0j -0.192708-0j 0.0249006-0j -0.00406625-0j 0.0582039-0j -0.088511-0j -0.00465847-0j 
