-0.0404762-0j 0.0309142-0j 0.211445-0j 0.0121988-0j -0.373509-0j -0.117921-0j -0.00287527-0j 0.0199205-0j 0.299028-0j 0.0298807-0j -0.00406625-0j -0.129176-0j -0.00445435-0j 0.0345033-0j -0.00532397-0j 0-0j 0-0j 0-0j 0-0j 0-0j 0-0j 0-0j 0-0j 0-0j 0-0j 0-0j 0-0j 0-0j 0-0j 0-0j 0-0j 0-0j 0-0j 0-0j 0-0j 0-0j 0-0j 0-0j 0-0j 0-0j 0-0j 0-0j 0-0j 0-0j 0-0j 0-0j 0-0j 0-0j 0-0j 0-0j 0-0j 0-0j 0-0j 0-0j 0-0j 0-0j 0-0j 0-0j 0-0j 0-0j 0-0j 0-0j 0-0j 0-0j 0-0j 0-0j 0-0j 0-0j 0-0j 0-0j 0-0j 0-0j 0-0j 0-0j 0-0j 0-0j 0-0j 0-0j 0-0j 0-0j 0-0j 0-0j 0-0j 0-0j 0-0j 0-0j 0-0j 0-0j 0-0j 0-0j 0-0j 0-0j 0-0j 0-0j 0-0j 
-0.0309142-0j -0.233333-0j 0.391312-0j 0.186339-0j -0.144538-0j -0.204973-0j -0.0395285-0j -0.0608581-0j -0.184466-0j 0.0912871-0j 0.0186339-0j 0.224537-0j -0.0204124-0j -0.105409-0j 0.0243975-0j 0-0j 0-0j 0-0j 0-0j 0-0j 0-0j 0-0j 0-0j 0-0j 0-0j 0-0j 0-0j 0-0j 0-0j 0-0j 0-0j 0-0j 0-0j 0-0j 0-0j 0-0j 0-0j 0-0j 0-0j 0-0j 0-0j 0-0j 0-0j 0-0j 0-0j 0-0j 0-0j 0-0j 0-0j 0-0j 0-0j 0-0j 0-0j 0-0j 0-0j 0-0j 0-0j 0-0j 0-0j 0-0j 0-0j 0-0j 0-0j 0-0j 0-0j 0-0j 0-0j 0-0j 0-0j 0-0j 0-0j 0-0j 0-0j 0-0j 0-0j 0-0j 0-0j 0-0j 0-0j 0-0j 0-0j 0-0j 0-0j 0-0j 0-0j 0-0j 0-0j 0-0j 0-0j 0-0j 0-0j 0-0j 0-0j 0-0j 0-0j 
0.211445-0j -0.391312-0j -0.0833333-0j 0.541667-0j -0.0170103-0j 0.125-0j -0.0294628-0j 0.0680414-0j -0.117851-0j -0.306186-0j -0.0416667-0j -0.0456435-0j 0.136931-0j 0.117851-0j -0.0545545-0j 0-0j 0-0j 0-0j 0-0j 0-0j 0-0j 0-0j 0-0j 0-0j 0-0j 0-0j 0-0j 0-0j 0-0j 0-0j 0-0j 0-0j 0-0j 0-0j 0-0j 0-0j 0-0j 0-0j 0-0j 0-0j 0-0j 0-0j 0-0j 0-0j 0-0j 0-0j 0-0j 0-0j 0-0j 0-0j 0-0j 0-0j 0-0j 0-0j 0-0j 0-0j 0-0j 0-0j 0-0j 0-0j 0-0j 0-0j 0-0j 0-0j 0-0j 0-0j 0-0j 0-0j 0-0j 0-0j 0-0j 0-0j 0-0j 0-0j 0-0j 0-0j 0-0j 0-0j 0-0j 0-0j 0-0j 0-0j 0-0j 0-0j 0-0j 0-0j 0-0j 0-0j 0-0j 0-0j 0-0j 0-0j 0-0j 0-0j 0-0j 
-0.0121988-0j 0.186339-0j -0.541667-0j 0-0j -0.051031-0j 0.208333-0j 0.383016-0j 0-0j -0.0589256-0j 0-0j 0.0416667-0j -0.0456435-0j -0.228218-0j 0-0j 0.0545545-0j 0-0j 0-0j 0-0j 0-0j 0-0j 0-0j 0-0j 0-0j 0-0j 0-0j 0-0j 0-0j 0-0j 0-0j 0-0j 0-0j 0-0j 0-0j 0-0j 0-0j 0-0j 0-0j 0-0j 0-0j 0-0j 0-0j 0-0j 0-0j 0-0j 0-0j 0-0j 0-0j 0-0j 0-0j 0-0j 0-0j 0-0j 0-0j 0-0j 0-0j 0-0j 0-0j 0-0j 0-0j 0-0j 0-0j 0-0j 0-0j 0-0j 0-0j 0-0j 0-0j 0-0j 0-0j 0-0j 0-0j 0-0j 0-0j 0-0j 0-0j 0-0j 0-0j 0-0j 0-0j 0-0j 0-0j 0-0j 0-0j 0-0j 0-0j 0-0j 0-0j 0-0j 0-0j 0-0j 0-0j 0-0j 0-0j 0-0j 0-0j 
-0.373509-0j 0.144538-0j -0.0170103-0j 0.051031-0j -0.416667-0j 0.340207-0j 0.0481125-0j -0.416667-0j -0.0240563-0j 0.125-0j 0.0680414-0j -0.186339-0j -0.0372678-0j 0.144338-0j -0.0445435-0j 0-0j 0-0j 0-0j 0-0j 0-0j 0-0j 0-0j 0-0j 0-0j 0-0j 0-0j 0-0j 0-0j 0-0j 0-0j 0-0j 0-0j 0-0j 0-0j 0-0j 0-0j 0-0j 0-0j 0-0j 0-0j 0-0j 0-0j 0-0j 0-0j 0-0j 0-0j 0-0j 0-0j 0-0j 0-0j 0-0j 0-0j 0-0j 0-0j 0-0j 0-0j 0-0j 0-0j 0-0j 0-0j 0-0j 0-0j 0-0j 0-0j 0-0j 0-0j 0-0j 0-0j 0-0j 0-0j 0-0j 0-0j 0-0j 0-0j 0-0j 0-0j 0-0j 0-0j 0-0j 0-0j 0-0j 0-0j 0-0j 0-0j 0-0j 0-0j 0-0j 0-0j 0-0j 0-0j 0-0j 0-0j 0-0j 0-0j 0-0j 
0.117921-0j -0.204973-0j -0.125-0j 0.208333-0j -0.340207-0j -0.166667-0j 0.353553-0j 0.340207-0j 0.0589256-0j 0.102062-0j -0.166667-0j -0.0912871-0j -0.0912871-0j -0.117851-0j 0.109109-0j 0-0j 0-0j 0-0j 0-0j 0-0j 0-0j 0-0j 0-0j 0-0j 0-0j 0-0j 0-0j 0-0j 0-0j 0-0j 0-0j 0-0j 0-0j 0-0j 0-0j 0-0j 0-0j 0-0j 0-0j 0-0j 0-0j 0-0j 0-0j 0-0j 0-0j 0-0j 0-0j 0-0j 0-0j 0-0j 0-0j 0-0j 0-0j 0-0j 0-0j 0-0j 0-0j 0-0j 0-0j 0-0j 0-0j 0-0j 0-0j 0-0j 0-0j 0-0j 0-0j 0-0j 0-0j 0-0j 0-0j 0-0j 0-0j 0-0j 0-0j 0-0j 0-0j 0-0j 0-0j 0-0j 0-0j 0-0j 0-0j 0-0j 0-0j 0-0j 0-0j 0-0j 0-0j 0-0j 0-0j 0-0j 0-0j 0-0j 0-0j 
-0.00287527-0j 0.0395285-0j -0.0294628-0j -0.383016-0j 0.0481125-0j -0.353553-0j 0.0833333-0j 0.240563-0j -0.0416667-0j 0.216506-0j 0.117851-0j -0.0645497-0j 0.193649-0j -0.0833333-0j -0.0771517-0j 0-0j 0-0j 0-0j 0-0j 0-0j 0-0j 0-0j 0-0j 0-0j 0-0j 0-0j 0-0j 0-0j 0-0j 0-0j 0-0j 0-0j 0-0j 0-0j 0-0j 0-0j 0-0j 0-0j 0-0j 0-0j 0-0j 0-0j 0-0j 0-0j 0-0j 0-0j 0-0j 0-0j 0-0j 0-0j 0-0j 0-0j 0-0j 0-0j 0-0j 0-0j 0-0j 0-0j 0-0j 0-0j 0-0j 0-0j 0-0j 0-0j 0-0j 0-0j 0-0j 0-0j 0-0j 0-0j 0-0j 0-0j 0-0j 0-0j 0-0j 0-0j 0-0j 0-0j 0-0j 0-0j 0-0j 0-0j 0-0j 0-0j 0-0j 0-0j 0-0j 0-0j 0-0j 0-0j 0-0j 0-0j 0-0j 0-0j 0-0j 
0.0199205-0j 0.0608581-0j 0.0680414-0j 0-0j -0.416667-0j -0.340207-0j 0.240563-0j 0-0j 0.096225-0j 0-0j 0.340207-0j 0.0745356-0j -0.0745356-0j 0-0j -0.0890871-0j 0-0j 0-0j 0-0j 0-0j 0-0j 0-0j 0-0j 0-0j 0-0j 0-0j 0-0j 0-0j 0-0j 0-0j 0-0j 0-0j 0-0j 0-0j 0-0j 0-0j 0-0j 0-0j 0-0j 0-0j 0-0j 0-0j 0-0j 0-0j 0-0j 0-0j 0-0j 0-0j 0-0j 0-0j 0-0j 0-0j 0-0j 0-0j 0-0j 0-0j 0-0j 0-0j 0-0j 0-0j 0-0j 0-0j 0-0j 0-0j 0-0j 0-0j 0-0j 0-0j 0-0j 0-0j 0-0j 0-0j 0-0j 0-0j 0-0j 0-0j 0-0j 0-0j 0-0j 0-0j 0-0j 0-0j 0-0j 0-0j 0-0j 0-0j 0-0j 0-0j 0-0j 0-0j 0-0j 0-0j 0-0j 0-0j 0-0j 0-0j 
-0.299028-0j -0.184466-0j 0.117851-0j -0.0589256-0j 0.0240563-0j 0.0589256-0j 0.0416667-0j -0.096225-0j -0.5-0j 0.433013-0j -0.176777-0j 0.0645497-0j 0.0645497-0j -0.166667-0j 0.0771517-0j 0-0j 0-0j 0-0j 0-0j 0-0j 0-0j 0-0j 0-0j 0-0j 0-0j 0-0j 0-0j 0-0j 0-0j 0-0j 0-0j 0-0j 0-0j 0-0j 0-0j 0-0j 0-0j 0-0j 0-0j 0-0j 0-0j 0-0j 0-0j 0-0j 0-0j 0-0j 0-0j 0-0j 0-0j 0-0j 0-0j 0-0j 0-0j 0-0j 0-0j 0-0j 0-0j 0-0j 0-0j 0-0j 0-0j 0-0j 0-0j 0-0j 0-0j 0-0j 0-0j 0-0j 0-0j 0-0j 0-0j 0-0j 0-0j 0-0j 0-0j 0-0j 0-0j 0-0j 0-0j 0-0j 0-0j 0-0j 0-0j 0-0j 0-0j 0-0j 0-0j 0-0j 0-0j 0-0j 0-0j 0-0j 0-0j 0-0j 0-0j 
0.0298807-0j -0.0912871-0j -0.306186-0j 0-0j 0.125-0j -0.102062-0j 0.216506-0j 0-0j -0.433013-0j 0-0j 0.306186-0j 0.111803-0j 0.111803-0j 0-0j -0.133631-0j 0-0j 0-0j 0-0j 0-0j 0-0j 0-0j 0-0j 0-0j 0-0j 0-0j 0-0j 0-0j 0-0j 0-0j 0-0j 0-0j 0-0j 0-0j 0-0j 0-0j 0-0j 0-0j 0-0j 0-0j 0-0j 0-0j 0-0j 0-0j 0-0j 0-0j 0-0j 0-0j 0-0j 0-0j 0-0j 0-0j 0-0j 0-0j 0-0j 0-0j 0-0j 0-0j 0-0j 0-0j 0-0j 0-0j 0-0j 0-0j 0-0j 0-0j 0-0j 0-0j 0-0j 0-0j 0-0j 0-0j 0-0j 0-0j 0-0j 0-0j 0-0j 0-0j 0-0j 0-0j 0-0j 0-0j 0-0j 0-0j 0-0j 0-0j 0-0j 0-0j 0-0j 0-0j 0-0j 0-0j 0-0j 0-0j 0-0j 0-0j 
0.00406625-0j 0.0186339-0j 0.0416667-0j 0.0416667-0j -0.0680414-0j -0.166667-0j -0.117851-0j -0.340207-0j -0.176777-0j -0.306186-0j 0.5-0j 0.0912871-0j 0.0912871-0j 0.117851-0j 0.109109-0j 0-0j 0-0j 0-0j 0-0j 0-0j 0-0j 0-0j 0-0j 0-0j 0-0j 0-0j 0-0j 0-0j 0-0j 0-0j 0-0j 0-0j 0-0j 0-0j 0-0j 0-0j 0-0j 0-0j 0-0j 0-0j 0-0j 0-0j 0-0j 0-0j 0-0j 0-0j 0-0j 0-0j 0-0j 0-0j 0-0j 0-0j 0-0j 0-0j 0-0j 0-0j 0-0j 0-0j 0-0j 0-0j 0-0j 0-0j 0-0j 0-0j 0-0j 0-0j 0-0j 0-0j 0-0j 0-0j 0-0j 0-0j 0-0j 0-0j 0-0j 0-0j 0-0j 0-0j 0-0j 0-0j 0-0j 0-0j 0-0j 0-0j 0-0j 0-0j 0-0j 0-0j 0-0j 0-0j 0-0j 0-0j 0-0j 0-0j 0-0j 
-0.129176-0j -0.224537-0j -0.0456435-0j 0.0456435-0j -0.186339-0j 0.0912871-0j -0.0645497-0j 0.0745356-0j -0.0645497-0j 0.111803-0j -0.0912871-0j -0.4-0j 0.4-0j 0.129099-0j -0.119523-0j 0-0j 0-0j 0-0j 0-0j 0-0j 0-0j 0-0j 0-0j 0-0j 0-0j 0-0j 0-0j 0-0j 0-0j 0-0j 0-0j 0-0j 0-0j 0-0j 0-0j 0-0j 0-0j 0-0j 0-0j 0-0j 0-0j 0-0j 0-0j 0-0j 0-0j 0-0j 0-0j 0-0j 0-0j 0-0j 0-0j 0-0j 0-0j 0-0j 0-0j 0-0j 0-0j 0-0j 0-0j 0-0j 0-0j 0-0j 0-0j 0-0j 0-0j 0-0j 0-0j 0-0j 0-0j 0-0j 0-0j 0-0j 0-0j 0-0j 0-0j 0-0j 0-0j 0-0j 0-0j 0-0j 0-0j 0-0j 0-0j 0-0j 0-0j 0-0j 0-0j 0-0j 0-0j 0-0j 0-0j 0-0j 0-0j 0-0j 0-0j 
0.00445435-0j -0.0204124-0j -0.136931-0j -0.228218-0j 0.0372678-0j -0.0912871-0j -0.193649-0j 0.0745356-0j 0.0645497-0j -0.111803-0j 0.0912871-0j -0.4-0j 0.4-0j 0.129099-0j 0.119523-0j 0-0j 0-0j 0-0j 0-0j 0-0j 0-0j 0-0j 0-0j 0-0j 0-0j 0-0j 0-0j 0-0j 0-0j 0-0j 0-0j 0-0j 0-0j 0-0j 0-0j 0-0j 0-0j 0-0j 0-0j 0-0j 0-0j 0-0j 0-0j 0-0j 0-0j 0-0j 0-0j 0-0j 0-0j 0-0j 0-0j 0-0j 0-0j 0-0j 0-0j 0-0j 0-0j 0-0j 0-0j 0-0j 0-0j 0-0j 0-0j 0-0j 0-0j 0-0j 0-0j 0-0j 0-0j 0-0j 0-0j 0-0j 0-0j 0-0j 0-0j 0-0j 0-0j 0-0j 0-0j 0-0j 0-0j 0-0j 0-0j 0-0j 0-0j 0-0j 0-0j 0-0j 0-0j 0-0j 0-0j 0-0j 0-0j 0-0j 0-0j 
-0.0345033-0j -0.105409-0j -0.117851-0j 0-0j -0.144338-0j -0.117851-0j 0.0833333-0j 0-0j -0.166667-0j 0-0j 0.117851-0j -0.129099-0j 0.129099-0j 0-0j 0.154303-0j 0-0j 0-0j 0-0j 0-0j 0-0j 0-0j 0-0j 0-0j 0-0j 0-0j 0-0j 0-0j 0-0j 0-0j 0-0j 0-0j 0-0j 0-0j 0-0j 0-0j 0-0j 0-0j 0-0j 0-0j 0-0j 0-0j 0-0j 0-0j 0-0j 0-0j 0-0j 0-0j 0-0j 0-0j 0-0j 0-0j 0-0j 0-0j 0-0j 0-0j 0-0j 0-0j 0-0j 0-0j 0-0j 0-0j 0-0j 0-0j 0-0j 0-0j 0-0j 0-0j 0-0j 0-0j 0-0j 0-0j 0-0j 0-0j 0-0j 0-0j 0-0j 0-0j 0-0j 0-0j 0-0j 0-0j 0-0j 0-0j 0-0j 0-0j 0-0j 0-0j 0-0j 0-0j 0-0j 0-0j 0-0j 0-0j 0-0j 0-0j 
-0.00532397-0j -0.0243975-0j -0.0545545-0j -0.0545545-0j -0.0445435-0j -0.109109-0j -0.0771517-0j -0.0890871-0j -0.0771517-0j -0.133631-0j -0.109109-0j -0.119523-0j -0.119523-0j -0.154303-0j 0.857143-0j 0-0j 0-0j 0-0j 0-0j 0-0j 0-0j 0-0j 0-0j 0-0j 0-0j 0-0j 0-0j 0-0j 0-0j 0-0j 0-0j 0-0j 0-0j 0-0j 0-0j 0-0j 0-0j 0-0j 0-0j 0-0j 0-0j 0-0j 0-0j 0-0j 0-0j 0-0j 0-0j 0-0j 0-0j 0-0j 0-0j 0-0j 0-0j 0-0j 0-0j 0-0j 0-0j 0-0j 0-0j 0-0j 0-0j 0-0j 0-0j 0-0j 0-0j 0-0j 0-0j 0-0j 0-0j 0-0j 0-0j 0-0j 0-0j 0-0j 0-0j 0-0j 0-0j 0-0j 0-0j 0-0j 0-0j 0-0j 0-0j 0-0j 0-0j 0-0j 0-0j 0-0j 0-0j 0-0j 0-0j 0-0j 0-0j 0-0j 0-0j 
0-0j 0-0j 0-0j 0-0j 0-0j 0-0j 0-0j 0-0j 0-0j 0-0j 0-0j 0-0j 0-0j 0-0j 0-0j -0.330729-0j 0.000254141-0j 0.00268957-0j -0.0094135-0j -0.0595362-0j 0.34375-0j 0.00850517-0j -0.0595362-0j 0.00520833-0j 0.121534-0j -0.0893043-0j 0.297696-0j 0.0147314-0j 0.0090211-0j 0.00931695-0j -0.112962-0j 0.0131762-0j -0.369792-0j 0.0147314-0j -0.10312-0j 0.0192879-0j 0.0180422-0j 0-0j 0-0j 0-0j 0-0j 0-0j 0-0j 0-0j 0-0j 0-0j 0-0j 0-0j 0-0j 0-0j 0-0j 0-0j 0-0j 0-0j 0-0j 0-0j 0-0j 0-0j 0-0j 0-0j 0-0j 0-0j 0-0j 0-0j 0-0j 0-0j 0-0j 0-0j 0-0j 0-0j 0-0j 0-0j 0-0j 0-0j 0-0j 0-0j 0-0j 0-0j 0-0j 0-0j 0-0j 0-0j 0-0j 0-0j 0-0j 0-0j 0-0j 0-0j 0-0j 0-0j 0-0j 0-0j 0-0j 0-0j 0-0j 
0-0j 0-0j 0-0j 0-0j 0-0j 0-0j 0-0j 0-0j 0-0j 0-0j 0-0j 0-0j 0-0j 0-0j 0-0j 0.000254141-0j 0.153993-0j -0.304209-0j -0.116408-0j -0.158534-0j -0.00711594-0j 0.0340308-0j 0.00083002-0j 0.325808-0j 0.230381-0j 0.0510462-0j 0.000880369-0j -0.0100635-0j 0.000880369-0j -0.173665-0j -0.011024-0j 0.00128586-0j 0.0208395-0j 0.0589431-0j 0.00143764-0j -0.0131762-0j 0.00176074-0j 0-0j 0-0j 0-0j 0-0j 0-0j 0-0j 0-0j 0-0j 0-0j 0-0j 0-0j 0-0j 0-0j 0-0j 0-0j 0-0j 0-0j 0-0j 0-0j 0-0j 0-0j 0-0j 0-0j 0-0j 0-0j 0-0j 0-0j 0-0j 0-0j 0-0j 0-0j 0-0j 0-0j 0-0j 0-0j 0-0j 0-0j 0-0j 0-0j 0-0j 0-0j 0-0j 0-0j 0-0j 0-0j 0-0j 0-0j 0-0j 0-0j 0-0j 0-0j 0-0j 0-0j 0-0j 0-0j 0-0j 0-0j 0-0j 
0-0j 0-0j 0-0j 0-0j 0-0j 0-0j 0-0j 0-0j 0-0j 0-0j 0-0j 0-0j 0-0j 0-0j 0-0j 0.00268957-0j -0.304209-0j -0.311111-0j 0.209722-0j 0.245955-0j 0.0860663-0j -0.483126-0j -0.0439205-0j -0.102204-0j -0.0722689-0j 0.144938-0j 0.00931695-0j 0.121716-0j 0.00931695-0j -0.134715-0j -0.0666667-0j -0.0272166-0j 0.0591706-0j 0.16736-0j 0.0152145-0j -0.0796819-0j 0.0186339-0j 0-0j 0-0j 0-0j 0-0j 0-0j 0-0j 0-0j 0-0j 0-0j 0-0j 0-0j 0-0j 0-0j 0-0j 0-0j 0-0j 0-0j 0-0j 0-0j 0-0j 0-0j 0-0j 0-0j 0-0j 0-0j 0-0j 0-0j 0-0j 0-0j 0-0j 0-0j 0-0j 0-0j 0-0j 0-0j 0-0j 0-0j 0-0j 0-0j 0-0j 0-0j 0-0j 0-0j 0-0j 0-0j 0-0j 0-0j 0-0j 0-0j 0-0j 0-0j 0-0j 0-0j 0-0j 0-0j 0-0j 0-0j 0-0j 
0-0j 0-0j 0-0j 0-0j 0-0j 0-0j 0-0j 0-0j 0-0j 0-0j 0-0j 0-0j 0-0j 0-0j 0-0j 0.0094135-0j 0.116408-0j -0.209722-0j -0.128472-0j -0.206426-0j -0.0806872-0j -0.083449-0j 0.00439205-0j -0.0995142-0j 0.211101-0j 0.125173-0j 0.0139754-0j 0.0380363-0j -0.00465847-0j 0.226129-0j -0.0416667-0j -0.00680414-0j 0.255509-0j -0.144538-0j 0.00760726-0j 0.0498012-0j -0.00931695-0j 0-0j 0-0j 0-0j 0-0j 0-0j 0-0j 0-0j 0-0j 0-0j 0-0j 0-0j 0-0j 0-0j 0-0j 0-0j 0-0j 0-0j 0-0j 0-0j 0-0j 0-0j 0-0j 0-0j 0-0j 0-0j 0-0j 0-0j 0-0j 0-0j 0-0j 0-0j 0-0j 0-0j 0-0j 0-0j 0-0j 0-0j 0-0j 0-0j 0-0j 0-0j 0-0j 0-0j 0-0j 0-0j 0-0j 0-0j 0-0j 0-0j 0-0j 0-0j 0-0j 0-0j 0-0j 0-0j 0-0j 0-0j 0-0j 
0-0j 0-0j 0-0j 0-0j 0-0j 0-0j 0-0j 0-0j 0-0j 0-0j 0-0j 0-0j 0-0j 0-0j 0-0j 0.0595362-0j 0.158534-0j -0.245955-0j -0.206426-0j -0.222222-0j 0.408248-0j 0.138889-0j -0.138889-0j -0.0170103-0j 0.0360844-0j 0.0416667-0j 0.0883883-0j -0.19245-0j -0.0294628-0j -0.121716-0j -0.105409-0j 0.0860663-0j 0.0850517-0j -0.0481125-0j 0.0481125-0j 0.125988-0j -0.0589256-0j 0-0j 0-0j 0-0j 0-0j 0-0j 0-0j 0-0j 0-0j 0-0j 0-0j 0-0j 0-0j 0-0j 0-0j 0-0j 0-0j 0-0j 0-0j 0-0j 0-0j 0-0j 0-0j 0-0j 0-0j 0-0j 0-0j 0-0j 0-0j 0-0j 0-0j 0-0j 0-0j 0-0j 0-0j 0-0j 0-0j 0-0j 0-0j 0-0j 0-0j 0-0j 0-0j 0-0j 0-0j 0-0j 0-0j 0-0j 0-0j 0-0j 0-0j 0-0j 0-0j 0-0j 0-0j 0-0j 0-0j 0-0j 0-0j 
0-0j 0-0j 0-0j 0-0j 0-0j 0-0j 0-0j 0-0j 0-0j 0-0j 0-0j 0-0j 0-0j 0-0j 0-0j 0.34375-0j -0.00711594-0j 0.0860663-0j 0.0806872-0j -0.408248-0j 0-0j 0.170103-0j 0.51031-0j -0.0625-0j -0.0441942-0j 0.153093-0j 0.0360844-0j 0-0j 0.0360844-0j -0.0745356-0j 0-0j -0.105409-0j -0.270833-0j -0.0589256-0j -0.176777-0j 0-0j 0.0721688-0j 0-0j 0-0j 0-0j 0-0j 0-0j 0-0j 0-0j 0-0j 0-0j 0-0j 0-0j 0-0j 0-0j 0-0j 0-0j 0-0j 0-0j 0-0j 0-0j 0-0j 0-0j 0-0j 0-0j 0-0j 0-0j 0-0j 0-0j 0-0j 0-0j 0-0j 0-0j 0-0j 0-0j 0-0j 0-0j 0-0j 0-0j 0-0j 0-0j 0-0j 0-0j 0-0j 0-0j 0-0j 0-0j 0-0j 0-0j 0-0j 0-0j 0-0j 0-0j 0-0j 0-0j 0-0j 0-0j 0-0j 0-0j 0-0j 
0-0j 0-0j 0-0j 0-0j 0-0j 0-0j 0-0j 0-0j 0-0j 0-0j 0-0j 0-0j 0-0j 0-0j 0-0j 0.00850517-0j 0.0340308-0j -0.483126-0j 0.083449-0j -0.138889-0j 0.170103-0j -0.194444-0j 0.194444-0j 0.0850517-0j 0.0601407-0j -0.0416667-0j 0.0294628-0j 0.240563-0j 0.0294628-0j 0.030429-0j -0.0527046-0j -0.215166-0j -0.0170103-0j -0.0481125-0j 0.0481125-0j -0.0629941-0j 0.0589256-0j 0-0j 0-0j 0-0j 0-0j 0-0j 0-0j 0-0j 0-0j 0-0j 0-0j 0-0j 0-0j 0-0j 0-0j 0-0j 0-0j 0-0j 0-0j 0-0j 0-0j 0-0j 0-0j 0-0j 0-0j 0-0j 0-0j 0-0j 0-0j 0-0j 0-0j 0-0j 0-0j 0-0j 0-0j 0-0j 0-0j 0-0j 0-0j 0-0j 0-0j 0-0j 0-0j 0-0j 0-0j 0-0j 0-0j 0-0j 0-0j 0-0j 0-0j 0-0j 0-0j 0-0j 0-0j 0-0j 0-0j 0-0j 0-0j 
0-0j 0-0j 0-0j 0-0j 0-0j 0-0j 0-0j 0-0j 0-0j 0-0j 0-0j 0-0j 0-0j 0-0j 0-0j 0.0595362-0j -0.00083002-0j 0.0439205-0j 0.00439205-0j -0.138889-0j -0.51031-0j -0.194444-0j 0.194444-0j -0.0170103-0j 0.0360844-0j 0.0416667-0j 0.0883883-0j 0.240563-0j -0.0294628-0j -0.030429-0j 0.0527046-0j 0.215166-0j 0.0850517-0j -0.0481125-0j 0.0481125-0j -0.0629941-0j -0.0589256-0j 0-0j 0-0j 0-0j 0-0j 0-0j 0-0j 0-0j 0-0j 0-0j 0-0j 0-0j 0-0j 0-0j 0-0j 0-0j 0-0j 0-0j 0-0j 0-0j 0-0j 0-0j 0-0j 0-0j 0-0j 0-0j 0-0j 0-0j 0-0j 0-0j 0-0j 0-0j 0-0j 0-0j 0-0j 0-0j 0-0j 0-0j 0-0j 0-0j 0-0j 0-0j 0-0j 0-0j 0-0j 0-0j 0-0j 0-0j 0-0j 0-0j 0-0j 0-0j 0-0j 0-0j 0-0j 0-0j 0-0j 0-0j 0-0j 
0-0j 0-0j 0-0j 0-0j 0-0j 0-0j 0-0j 0-0j 0-0j 0-0j 0-0j 0-0j 0-0j 0-0j 0-0j -0.00520833-0j -0.325808-0j 0.102204-0j -0.0995142-0j -0.0170103-0j 0.0625-0j -0.0850517-0j -0.0170103-0j -0.46875-0j 0.110485-0j 0.382733-0j 0.0541266-0j -0.265165-0j 0.126295-0j -0.0186339-0j 0.0968246-0j -0.0263523-0j -0.0520833-0j -0.147314-0j -0.0294628-0j 0.115728-0j -0.0360844-0j 0-0j 0-0j 0-0j 0-0j 0-0j 0-0j 0-0j 0-0j 0-0j 0-0j 0-0j 0-0j 0-0j 0-0j 0-0j 0-0j 0-0j 0-0j 0-0j 0-0j 0-0j 0-0j 0-0j 0-0j 0-0j 0-0j 0-0j 0-0j 0-0j 0-0j 0-0j 0-0j 0-0j 0-0j 0-0j 0-0j 0-0j 0-0j 0-0j 0-0j 0-0j 0-0j 0-0j 0-0j 0-0j 0-0j 0-0j 0-0j 0-0j 0-0j 0-0j 0-0j 0-0j 0-0j 0-0j 0-0j 0-0j 0-0j 
0-0j 0-0j 0-0j 0-0j 0-0j 0-0j 0-0j 0-0j 0-0j 0-0j 0-0j 0-0j 0-0j 0-0j 0-0j 0.121534-0j 0.230381-0j -0.0722689-0j -0.211101-0j -0.0360844-0j -0.0441942-0j 0.0601407-0j -0.0360844-0j -0.110485-0j -0.078125-0j -0.270633-0j 0.0127578-0j -0.0625-0j 0.0127578-0j 0.0131762-0j 0.205396-0j 0.0186339-0j 0.47877-0j 0.104167-0j -0.0625-0j -0.0818317-0j 0.0255155-0j 0-0j 0-0j 0-0j 0-0j 0-0j 0-0j 0-0j 0-0j 0-0j 0-0j 0-0j 0-0j 0-0j 0-0j 0-0j 0-0j 0-0j 0-0j 0-0j 0-0j 0-0j 0-0j 0-0j 0-0j 0-0j 0-0j 0-0j 0-0j 0-0j 0-0j 0-0j 0-0j 0-0j 0-0j 0-0j 0-0j 0-0j 0-0j 0-0j 0-0j 0-0j 0-0j 0-0j 0-0j 0-0j 0-0j 0-0j 0-0j 0-0j 0-0j 0-0j 0-0j 0-0j 0-0j 0-0j 0-0j 0-0j 0-0j 
0-0j 0-0j 0-0j 0-0j 0-0j 0-0j 0-0j 0-0j 0-0j 0-0j 0-0j 0-0j 0-0j 0-0j 0-0j -0.0893043-0j 0.0510462-0j 0.144938-0j -0.125173-0j -0.0416667-0j 0.153093-0j -0.0416667-0j -0.0416667-0j -0.382733-0j -0.270633-0j -0.1875-0j 0.397748-0j 0.216506-0j -0.309359-0j 0.0456435-0j 0.0790569-0j 0.0645497-0j 0.127578-0j -0.0721688-0j -0.0721688-0j -0.0944911-0j 0.0883883-0j 0-0j 0-0j 0-0j 0-0j 0-0j 0-0j 0-0j 0-0j 0-0j 0-0j 0-0j 0-0j 0-0j 0-0j 0-0j 0-0j 0-0j 0-0j 0-0j 0-0j 0-0j 0-0j 0-0j 0-0j 0-0j 0-0j 0-0j 0-0j 0-0j 0-0j 0-0j 0-0j 0-0j 0-0j 0-0j 0-0j 0-0j 0-0j 0-0j 0-0j 0-0j 0-0j 0-0j 0-0j 0-0j 0-0j 0-0j 0-0j 0-0j 0-0j 0-0j 0-0j 0-0j 0-0j 0-0j 0-0j 0-0j 0-0j 
0-0j 0-0j 0-0j 0-0j 0-0j 0-0j 0-0j 0-0j 0-0j 0-0j 0-0j 0-0j 0-0j 0-0j 0-0j -0.297696-0j -0.000880369-0j -0.00931695-0j 0.0139754-0j 0.0883883-0j -0.0360844-0j -0.0294628-0j 0.0883883-0j 0.0541266-0j -0.0127578-0j -0.397748-0j 0.09375-0j 0.153093-0j 0.21875-0j -0.0322749-0j 0.167705-0j -0.0456435-0j -0.234549-0j -0.051031-0j 0.153093-0j -0.0668153-0j -0.0625-0j 0-0j 0-0j 0-0j 0-0j 0-0j 0-0j 0-0j 0-0j 0-0j 0-0j 0-0j 0-0j 0-0j 0-0j 0-0j 0-0j 0-0j 0-0j 0-0j 0-0j 0-0j 0-0j 0-0j 0-0j 0-0j 0-0j 0-0j 0-0j 0-0j 0-0j 0-0j 0-0j 0-0j 0-0j 0-0j 0-0j 0-0j 0-0j 0-0j 0-0j 0-0j 0-0j 0-0j 0-0j 0-0j 0-0j 0-0j 0-0j 0-0j 0-0j 0-0j 0-0j 0-0j 0-0j 0-0j 0-0j 0-0j 0-0j 
0-0j 0-0j 0-0j 0-0j 0-0j 0-0j 0-0j 0-0j 0-0j 0-0j 0-0j 0-0j 0-0j 0-0j 0-0j -0.0147314-0j 0.0100635-0j -0.121716-0j 0.0380363-0j -0.19245-0j 0-0j -0.240563-0j 0.240563-0j -0.265165-0j 0.0625-0j -0.216506-0j 0.153093-0j 0-0j 0.357217-0j 0.105409-0j 0-0j 0.149071-0j 0.0294628-0j 0.0833333-0j -0.0833333-0j 0-0j -0.102062-0j 0-0j 0-0j 0-0j 0-0j 0-0j 0-0j 0-0j 0-0j 0-0j 0-0j 0-0j 0-0j 0-0j 0-0j 0-0j 0-0j 0-0j 0-0j 0-0j 0-0j 0-0j 0-0j 0-0j 0-0j 0-0j 0-0j 0-0j 0-0j 0-0j 0-0j 0-0j 0-0j 0-0j 0-0j 0-0j 0-0j 0-0j 0-0j 0-0j 0-0j 0-0j 0-0j 0-0j 0-0j 0-0j 0-0j 0-0j 0-0j 0-0j 0-0j 0-0j 0-0j 0-0j 0-0j 0-0j 0-0j 0-0j 0-0j 
0-0j 0-0j 0-0j 0-0j 0-0j 0-0j 0-0j 0-0j 0-0j 0-0j 0-0j 0-0j 0-0j 0-0j 0-0j 0.0090211-0j 0.000880369-0j 0.00931695-0j 0.00465847-0j 0.0294628-0j 0.0360844-0j 0.0294628-0j 0.0294628-0j -0.126295-0j 0.0127578-0j -0.309359-0j -0.21875-0j -0.357217-0j 0.53125-0j 0.0322749-0j 0.0559017-0j 0.0456435-0j 0.0180422-0j 0.051031-0j 0.051031-0j 0.0668153-0j 0.0625-0j 0-0j 0-0j 0-0j 0-0j 0-0j 0-0j 0-0j 0-0j 0-0j 0-0j 0-0j 0-0j 0-0j 0-0j 0-0j 0-0j 0-0j 0-0j 0-0j 0-0j 0-0j 0-0j 0-0j 0-0j 0-0j 0-0j 0-0j 0-0j 0-0j 0-0j 0-0j 0-0j 0-0j 0-0j 0-0j 0-0j 0-0j 0-0j 0-0j 0-0j 0-0j 0-0j 0-0j 0-0j 0-0j 0-0j 0-0j 0-0j 0-0j 0-0j 0-0j 0-0j 0-0j 0-0j 0-0j 0-0j 0-0j 0-0j 
0-0j 0-0j 0-0j 0-0j 0-0j 0-0j 0-0j 0-0j 0-0j 0-0j 0-0j 0-0j 0-0j 0-0j 0-0j 0.00931695-0j -0.173665-0j -0.134715-0j -0.226129-0j 0.121716-0j -0.0745356-0j 0.030429-0j 0.030429-0j 0.0186339-0j 0.0131762-0j 0.0456435-0j 0.0322749-0j -0.105409-0j 0.0322749-0j -0.533333-0j 0.46188-0j -0.188562-0j 0.0186339-0j 0.0527046-0j 0.0527046-0j -0.138013-0j 0.0645497-0j 0-0j 0-0j 0-0j 0-0j 0-0j 0-0j 0-0j 0-0j 0-0j 0-0j 0-0j 0-0j 0-0j 0-0j 0-0j 0-0j 0-0j 0-0j 0-0j 0-0j 0-0j 0-0j 0-0j 0-0j 0-0j 0-0j 0-0j 0-0j 0-0j 0-0j 0-0j 0-0j 0-0j 0-0j 0-0j 0-0j 0-0j 0-0j 0-0j 0-0j 0-0j 0-0j 0-0j 0-0j 0-0j 0-0j 0-0j 0-0j 0-0j 0-0j 0-0j 0-0j 0-0j 0-0j 0-0j 0-0j 0-0j 0-0j 
0-0j 0-0j 0-0j 0-0j 0-0j 0-0j 0-0j 0-0j 0-0j 0-0j 0-0j 0-0j 0-0j 0-0j 0-0j 0.112962-0j 0.011024-0j 0.0666667-0j -0.0416667-0j -0.105409-0j 0-0j 0.0527046-0j 0.0527046-0j 0.0968246-0j -0.205396-0j -0.0790569-0j 0.167705-0j 0-0j -0.0559017-0j -0.46188-0j 0-0j 0.326599-0j -0.161374-0j 0.0912871-0j 0.0912871-0j 0-0j -0.111803-0j 0-0j 0-0j 0-0j 0-0j 0-0j 0-0j 0-0j 0-0j 0-0j 0-0j 0-0j 0-0j 0-0j 0-0j 0-0j 0-0j 0-0j 0-0j 0-0j 0-0j 0-0j 0-0j 0-0j 0-0j 0-0j 0-0j 0-0j 0-0j 0-0j 0-0j 0-0j 0-0j 0-0j 0-0j 0-0j 0-0j 0-0j 0-0j 0-0j 0-0j 0-0j 0-0j 0-0j 0-0j 0-0j 0-0j 0-0j 0-0j 0-0j 0-0j 0-0j 0-0j 0-0j 0-0j 0-0j 0-0j 0-0j 0-0j 
0-0j 0-0j 0-0j 0-0j 0-0j 0-0j 0-0j 0-0j 0-0j 0-0j 0-0j 0-0j 0-0j 0-0j 0-0j 0.0131762-0j 0.00128586-0j -0.0272166-0j 0.00680414-0j -0.0860663-0j -0.105409-0j -0.215166-0j -0.215166-0j 0.0263523-0j 0.0186339-0j 0.0645497-0j 0.0456435-0j -0.149071-0j 0.0456435-0j -0.188562-0j -0.326599-0j 0.533333-0j 0.0263523-0j 0.0745356-0j 0.0745356-0j 0.09759-0j 0.0912871-0j 0-0j 0-0j 0-0j 0-0j 0-0j 0-0j 0-0j 0-0j 0-0j 0-0j 0-0j 0-0j 0-0j 0-0j 0-0j 0-0j 0-0j 0-0j 0-0j 0-0j 0-0j 0-0j 0-0j 0-0j 0-0j 0-0j 0-0j 0-0j 0-0j 0-0j 0-0j 0-0j 0-0j 0-0j 0-0j 0-0j 0-0j 0-0j 0-0j 0-0j 0-0j 0-0j 0-0j 0-0j 0-0j 0-0j 0-0j 0-0j 0-0j 0-0j 0-0j 0-0j 0-0j 0-0j 0-0j 0-0j 0-0j 0-0j 
0-0j 0-0j 0-0j 0-0j 0-0j 0-0j 0-0j 0-0j 0-0j 0-0j 0-0j 0-0j 0-0j 0-0j 0-0j 0.369792-0j -0.0208395-0j -0.0591706-0j 0.255509-0j 0.0850517-0j 0.270833-0j 0.0170103-0j 0.0850517-0j -0.0520833-0j -0.47877-0j -0.127578-0j -0.234549-0j 0.0294628-0j -0.0180422-0j -0.0186339-0j -0.161374-0j -0.0263523-0j 0.0729167-0j 0.0294628-0j 0.147314-0j 0.0385758-0j -0.0360844-0j 0-0j 0-0j 0-0j 0-0j 0-0j 0-0j 0-0j 0-0j 0-0j 0-0j 0-0j 0-0j 0-0j 0-0j 0-0j 0-0j 0-0j 0-0j 0-0j 0-0j 0-0j 0-0j 0-0j 0-0j 0-0j 0-0j 0-0j 0-0j 0-0j 0-0j 0-0j 0-0j 0-0j 0-0j 0-0j 0-0j 0-0j 0-0j 0-0j 0-0j 0-0j 0-0j 0-0j 0-0j 0-0j 0-0j 0-0j 0-0j 0-0j 0-0j 0-0j 0-0j 0-0j 0-0j 0-0j 0-0j 0-0j 0-0j 
0-0j 0-0j 0-0j 0-0j 0-0j 0-0j 0-0j 0-0j 0-0j 0-0j 0-0j 0-0j 0-0j 0-0j 0-0j -0.0147314-0j -0.0589431-0j -0.16736-0j -0.144538-0j -0.0481125-0j 0.0589256-0j 0.0481125-0j -0.0481125-0j -0.147314-0j -0.104167-0j 0.0721688-0j -0.051031-0j 0.0833333-0j -0.051031-0j -0.0527046-0j 0.0912871-0j -0.0745356-0j 0.0294628-0j -0.416667-0j 0.416667-0j 0.109109-0j -0.102062-0j 0-0j 0-0j 0-0j 0-0j 0-0j 0-0j 0-0j 0-0j 0-0j 0-0j 0-0j 0-0j 0-0j 0-0j 0-0j 0-0j 0-0j 0-0j 0-0j 0-0j 0-0j 0-0j 0-0j 0-0j 0-0j 0-0j 0-0j 0-0j 0-0j 0-0j 0-0j 0-0j 0-0j 0-0j 0-0j 0-0j 0-0j 0-0j 0-0j 0-0j 0-0j 0-0j 0-0j 0-0j 0-0j 0-0j 0-0j 0-0j 0-0j 0-0j 0-0j 0-0j 0-0j 0-0j 0-0j 0-0j 0-0j 0-0j 
0-0j 0-0j 0-0j 0-0j 0-0j 0-0j 0-0j 0-0j 0-0j 0-0j 0-0j 0-0j 0-0j 0-0j 0-0j -0.10312-0j 0.00143764-0j 0.0152145-0j -0.00760726-0j -0.0481125-0j -0.176777-0j 0.0481125-0j -0.0481125-0j 0.0294628-0j -0.0625-0j -0.0721688-0j -0.153093-0j 0.0833333-0j 0.051031-0j 0.0527046-0j -0.0912871-0j 0.0745356-0j -0.147314-0j -0.416667-0j 0.416667-0j 0.109109-0j 0.102062-0j 0-0j 0-0j 0-0j 0-0j 0-0j 0-0j 0-0j 0-0j 0-0j 0-0j 0-0j 0-0j 0-0j 0-0j 0-0j 0-0j 0-0j 0-0j 0-0j 0-0j 0-0j 0-0j 0-0j 0-0j 0-0j 0-0j 0-0j 0-0j 0-0j 0-0j 0-0j 0-0j 0-0j 0-0j 0-0j 0-0j 0-0j 0-0j 0-0j 0-0j 0-0j 0-0j 0-0j 0-0j 0-0j 0-0j 0-0j 0-0j 0-0j 0-0j 0-0j 0-0j 0-0j 0-0j 0-0j 0-0j 0-0j 0-0j 
0-0j 0-0j 0-0j 0-0j 0-0j 0-0j 0-0j 0-0j 0-0j 0-0j 0-0j 0-0j 0-0j 0-0j 0-0j 0.0192879-0j -0.0131762-0j -0.0796819-0j -0.0498012-0j -0.125988-0j 0-0j -0.0629941-0j 0.0629941-0j -0.115728-0j -0.0818317-0j -0.0944911-0j 0.0668153-0j 0-0j 0.0668153-0j -0.138013-0j 0-0j 0.09759-0j -0.0385758-0j -0.109109-0j 0.109109-0j 0-0j 0.133631-0j 0-0j 0-0j 0-0j 0-0j 0-0j 0-0j 0-0j 0-0j 0-0j 0-0j 0-0j 0-0j 0-0j 0-0j 0-0j 0-0j 0-0j 0-0j 0-0j 0-0j 0-0j 0-0j 0-0j 0-0j 0-0j 0-0j 0-0j 0-0j 0-0j 0-0j 0-0j 0-0j 0-0j 0-0j 0-0j 0-0j 0-0j 0-0j 0-0j 0-0j 0-0j 0-0j 0-0j 0-0j 0-0j 0-0j 0-0j 0-0j 0-0j 0-0j 0-0j 0-0j 0-0j 0-0j 0-0j 0-0j 0-0j 0-0j 
0-0j 0-0j 0-0j 0-0j 0-0j 0-0j 0-0j 0-0j 0-0j 0-0j 0-0j 0-0j 0-0j 0-0j 0-0j -0.0180422-0j -0.00176074-0j -0.0186339-0j -0.00931695-0j -0.0589256-0j -0.0721688-0j -0.0589256-0j -0.0589256-0j -0.0360844-0j -0.0255155-0j -0.0883883-0j -0.0625-0j -0.102062-0j -0.0625-0j -0.0645497-0j -0.111803-0j -0.0912871-0j -0.0360844-0j -0.102062-0j -0.102062-0j -0.133631-0j 0.875-0j 0-0j 0-0j 0-0j 0-0j 0-0j 0-0j 0-0j 0-0j 0-0j 0-0j 0-0j 0-0j 0-0j 0-0j 0-0j 0-0j 0-0j 0-0j 0-0j 0-0j 0-0j 0-0j 0-0j 0-0j 0-0j 0-0j 0-0j 0-0j 0-0j 0-0j 0-0j 0-0j 0-0j 0-0j 0-0j 0-0j 0-0j 0-0j 0-0j 0-0j 0-0j 0-0j 0-0j 0-0j 0-0j 0-0j 0-0j 0-0j 0-0j 0-0j 0-0j 0-0j 0-0j 0-0j 0-0j 0-0j 0-0j 0-0j 
0-0j 0-0j 0-0j 0-0j 0-0j 0-0j 0-0j 0-0j 0-0j 0-0j 0-0j 0-0j 0-0j 0-0j 0-0j 0-0j 0-0j 0-0j 0-0j 0-0j 0-0j 0-0j 0-0j 0-0j 0-0j 0-0j 0-0j 0-0j 0-0j 0-0j 0-0j 0-0j 0-0j 0-0j 0-0j 0-0j 0-0j -0.171296-0j 0-0j -0.0896524-0j 0-0j 0.013524-0j 0-0j 0.00549007-0j 0-0j -0.148296-0j 0.0595902-0j 0-0j 0-0j 0.145966-0j 0.132686-0j 0-0j 0.0190181-0j 0-0j 0-0j 0-0j 0.166898-0j 0-0j 0.0087841-0j 0-0j 0-0j 0.0190181-0j -0.104861-0j 0-0j 0-0j -0.0726749-0j -0.216703-0j 0.118015-0j 0-0j -0.0914138-0j 0-0j -0.00340207-0j 0-0j 0-0j -0.0555556-0j 0-0j -0.00481125-0j 0.0035861-0j 0.233812-0j 0-0j 0.168546-0j 0-0j 0-0j 0.0310565-0j 0-0j 0.010143-0j 0-0j 0-0j 0-0j -0.10926-0j 0-0j -0.00575055-0j -0.486552-0j 0-0j 0.0380363-0j 
0-0j 0-0j 0-0j 0-0j 0-0j 0-0j 0-0j 0-0j 0-0j 0-0j 0-0j 0-0j 0-0j 0-0j 0-0j 0-0j 0-0j 0-0j 0-0j 0-0j 0-0j 0-0j 0-0j 0-0j 0-0j 0-0j 0-0j 0-0j 0-0j 0-0j 0-0j 0-0j 0-0j 0-0j 0-0j 0-0j 0-0j 0-0j 0-0j 0-0j 0.484499-0j 0-0j -0.00221339-0j 0-0j -0.030429-0j 0-0j 0-0j -0.208333-0j 0.0481125-0j 0-0j 0-0j 0-0j 0-0j 0.0645497-0j 0.00996024-0j 0.170103-0j 0-0j 0.170103-0j 0-0j 0-0j 0-0j 0-0j 0-0j -0.360844-0j -0.0456435-0j 0-0j 0-0j 0-0j 0.0372678-0j 0-0j -0.0790569-0j 0-0j 0.347222-0j 0-0j 0-0j 0.0372678-0j 0-0j 0-0j 0-0j -0.0555556-0j 0-0j 0.0896524-0j 0-0j 0-0j -0.196419-0j 0-0j 0.0982093-0j -0.224525-0j -0.0445435-0j 0-0j -0.0445435-0j 0-0j 0-0j 0-0j 0-0j 
0-0j 0-0j 0-0j 0-0j 0-0j 0-0j 0-0j 0-0j 0-0j 0-0j 0-0j 0-0j 0-0j 0-0j 0-0j 0-0j 0-0j 0-0j 0-0j 0-0j 0-0j 0-0j 0-0j 0-0j 0-0j 0-0j 0-0j 0-0j 0-0j 0-0j 0-0j 0-0j 0-0j 0-0j 0-0j 0-0j 0-0j 0.0896524-0j 0-0j 0-0j 0-0j 0.484499-0j 0-0j 0-0j 0-0j -0.030429-0j 0.0982093-0j 0-0j 0-0j 0.0481125-0j -0.208333-0j 0-0j 0-0j 0-0j 0-0j 0-0j 0.170103-0j 0-0j 0.170103-0j 0-0j 0-0j 0-0j 0.0645497-0j 0-0j 0-0j -0.0456435-0j -0.00221339-0j -0.360844-0j 0-0j 0.0372678-0j 0-0j -0.0790569-0j 0-0j 0-0j 0-0j 0-0j 0.0372678-0j 0.347222-0j 0.00996024-0j 0-0j -0.0555556-0j 0-0j 0-0j 0-0j 0-0j -0.196419-0j 0-0j 0-0j 0-0j -0.0445435-0j 0-0j -0.0445435-0j -0.224525-0j 0-0j 0-0j 
0-0j 0-0j 0-0j 0-0j 0-0j 0-0j 0-0j 0-0j 0-0j 0-0j 0-0j 0-0j 0-0j 0-0j 0-0j 0-0j 0-0j 0-0j 0-0j 0-0j 0-0j 0-0j 0-0j 0-0j 0-0j 0-0j 0-0j 0-0j 0-0j 0-0j 0-0j 0-0j 0-0j 0-0j 0-0j 0-0j 0-0j 0-0j -0.484499-0j 0-0j 0.160494-0j 0-0j -0.000130425-0j 0-0j -0.0035861-0j 0-0j 0-0j 0.0523783-0j -0.0113402-0j 0-0j 0-0j -0.0138889-0j 0-0j -0.00253575-0j -0.00078255-0j 0.1283-0j 0-0j 0.1283-0j 0-0j -0.00400938-0j -0.0138889-0j 0-0j 0-0j 0.0907218-0j -0.00717219-0j 0-0j 0-0j 0-0j -0.0175682-0j 0-0j -0.0124226-0j 0-0j 0.0523783-0j 0.162288-0j 0-0j -0.0175682-0j 0-0j 0-0j 0-0j -0.0130946-0j 0-0j 0.013524-0j -0.0226805-0j 0-0j 0.148148-0j 0-0j -0.00462963-0j -0.279726-0j -0.020998-0j 0-0j -0.020998-0j 0-0j 0-0j -0.0277778-0j 0-0j 
0-0j 0-0j 0-0j 0-0j 0-0j 0-0j 0-0j 0-0j 0-0j 0-0j 0-0j 0-0j 0-0j 0-0j 0-0j 0-0j 0-0j 0-0j 0-0j 0-0j 0-0j 0-0j 0-0j 0-0j 0-0j 0-0j 0-0j 0-0j 0-0j 0-0j 0-0j 0-0j 0-0j 0-0j 0-0j 0-0j 0-0j 0.013524-0j 0-0j -0.484499-0j 0-0j 0.160494-0j 0-0j -0.00400938-0j 0-0j -0.0035861-0j -0.00462963-0j 0-0j 0-0j -0.0113402-0j 0.0523783-0j 0-0j -0.0138889-0j 0-0j 0-0j 0-0j 0.1283-0j 0-0j 0.1283-0j 0-0j 0-0j -0.0138889-0j -0.00253575-0j 0-0j 0-0j -0.00717219-0j -0.000130425-0j 0.0907218-0j 0-0j -0.0175682-0j 0-0j -0.0124226-0j 0-0j 0-0j 0.162288-0j 0-0j -0.0175682-0j 0.0523783-0j -0.00078255-0j 0-0j -0.0130946-0j 0-0j 0-0j -0.0226805-0j 0-0j 0.148148-0j 0-0j 0-0j 0-0j -0.020998-0j 0-0j -0.020998-0j -0.279726-0j 0-0j -0.0277778-0j 
0-0j 0-0j 0-0j 0-0j 0-0j 0-0j 0-0j 0-0j 0-0j 0-0j 0-0j 0-0j 0-0j 0-0j 0-0j 0-0j 0-0j 0-0j 0-0j 0-0j 0-0j 0-0j 0-0j 0-0j 0-0j 0-0j 0-0j 0-0j 0-0j 0-0j 0-0j 0-0j 0-0j 0-0j 0-0j 0-0j 0-0j 0-0j 0.00221339-0j 0-0j -0.000130425-0j 0-0j 0.309995-0j 0-0j 0.330661-0j 0-0j 0-0j -0.194363-0j 0.0752363-0j 0-0j 0-0j 0.00234765-0j 0-0j 0.233812-0j -0.232308-0j -0.018637-0j 0-0j -0.000338854-0j 0-0j 0.000677708-0j 0.00234765-0j 0-0j 0-0j -0.0131783-0j -0.212914-0j 0-0j 0-0j 0-0j -0.0204158-0j 0-0j -0.000262475-0j 0-0j -0.000138337-0j 0.00342896-0j 0-0j -0.000371196-0j 0-0j 0-0j 0-0j 0.0868754-0j 0-0j -0.216703-0j 0.0038337-0j 0-0j -0.000391275-0j 0-0j 0.0307151-0j 0.0501575-0j -0.0244015-0j 0-0j -0.000443664-0j 0-0j 0-0j 0.0046953-0j 0-0j 
0-0j 0-0j 0-0j 0-0j 0-0j 0-0j 0-0j 0-0j 0-0j 0-0j 0-0j 0-0j 0-0j 0-0j 0-0j 0-0j 0-0j 0-0j 0-0j 0-0j 0-0j 0-0j 0-0j 0-0j 0-0j 0-0j 0-0j 0-0j 0-0j 0-0j 0-0j 0-0j 0-0j 0-0j 0-0j 0-0j 0-0j 0.00549007-0j 0-0j 0-0j 0-0j -0.00400938-0j 0-0j 0-0j 0-0j 0.00931695-0j -0.426999-0j 0-0j 0-0j -0.10312-0j -0.0893043-0j 0-0j 0-0j 0-0j 0-0j 0-0j 0.0104167-0j 0-0j 0.0729167-0j 0-0j 0-0j 0-0j 0.217407-0j 0-0j 0-0j 0.0139754-0j 0.000677708-0j 0.243068-0j 0-0j -0.0798762-0j 0-0j -0.266268-0j 0-0j 0-0j 0-0j 0-0j -0.0114109-0j 0.301934-0j -0.0213478-0j 0-0j 0.0170103-0j 0-0j 0-0j 0-0j 0-0j -0.0120281-0j 0-0j 0-0j 0-0j 0.0136386-0j 0-0j 0.0954703-0j 0.00982093-0j 0-0j 0-0j 
0-0j 0-0j 0-0j 0-0j 0-0j 0-0j 0-0j 0-0j 0-0j 0-0j 0-0j 0-0j 0-0j 0-0j 0-0j 0-0j 0-0j 0-0j 0-0j 0-0j 0-0j 0-0j 0-0j 0-0j 0-0j 0-0j 0-0j 0-0j 0-0j 0-0j 0-0j 0-0j 0-0j 0-0j 0-0j 0-0j 0-0j 0-0j -0.030429-0j 0-0j 0.0035861-0j 0-0j -0.330661-0j 0-0j -0.35-0j 0-0j 0-0j -0.0722689-0j 0.276699-0j 0-0j 0-0j 0.0968246-0j 0-0j 0.0824958-0j -0.0154571-0j -0.307459-0j 0-0j -0.0279508-0j 0-0j -0.00931695-0j 0.225924-0j 0-0j 0-0j 0.0724689-0j -0.0791667-0j 0-0j 0-0j 0-0j 0.112268-0j 0-0j 0.00721688-0j 0-0j 0.00380363-0j -0.0471405-0j 0-0j -0.0306186-0j 0-0j 0-0j 0-0j -0.106502-0j 0-0j 0.148296-0j -0.0527046-0j 0-0j 0.0107583-0j 0-0j -0.037654-0j -0.0614887-0j 0.134186-0j 0-0j 0.0121988-0j 0-0j 0-0j -0.0645497-0j 0-0j 
0-0j 0-0j 0-0j 0-0j 0-0j 0-0j 0-0j 0-0j 0-0j 0-0j 0-0j 0-0j 0-0j 0-0j 0-0j 0-0j 0-0j 0-0j 0-0j 0-0j 0-0j 0-0j 0-0j 0-0j 0-0j 0-0j 0-0j 0-0j 0-0j 0-0j 0-0j 0-0j 0-0j 0-0j 0-0j 0-0j 0-0j 0.148296-0j 0-0j -0.030429-0j 0-0j 0.0035861-0j 0-0j -0.00931695-0j 0-0j -0.35-0j -0.037654-0j 0-0j 0-0j 0.276699-0j -0.0722689-0j 0-0j 0.0968246-0j 0-0j 0-0j 0-0j -0.307459-0j 0-0j -0.0279508-0j 0-0j 0-0j 0.225924-0j 0.0824958-0j 0-0j 0-0j -0.0791667-0j -0.330661-0j 0.0724689-0j 0-0j 0.112268-0j 0-0j 0.00721688-0j 0-0j 0-0j -0.0471405-0j 0-0j -0.0306186-0j 0.00380363-0j -0.0154571-0j 0-0j -0.106502-0j 0-0j 0-0j -0.0527046-0j 0-0j 0.0107583-0j 0-0j 0-0j 0-0j 0.134186-0j 0-0j 0.0121988-0j -0.0614887-0j 0-0j -0.0645497-0j 
0-0j 0-0j 0-0j 0-0j 0-0j 0-0j 0-0j 0-0j 0-0j 0-0j 0-0j 0-0j 0-0j 0-0j 0-0j 0-0j 0-0j 0-0j 0-0j 0-0j 0-0j 0-0j 0-0j 0-0j 0-0j 0-0j 0-0j 0-0j 0-0j 0-0j 0-0j 0-0j 0-0j 0-0j 0-0j 0-0j 0-0j -0.0595902-0j 0-0j 0.0982093-0j 0-0j 0.00462963-0j 0-0j 0.426999-0j 0-0j -0.037654-0j 0.0972222-0j 0-0j 0-0j -0.170103-0j -0.0245523-0j 0-0j -0.270833-0j 0-0j 0-0j 0-0j 0.0120281-0j 0-0j -0.0601407-0j 0-0j 0-0j -0.0208333-0j -0.34613-0j 0-0j 0-0j 0.00537914-0j -0.0307151-0j 0.110567-0j 0-0j -0.0658808-0j 0-0j 0.12112-0j 0-0j 0-0j -0.030429-0j 0-0j 0.0131762-0j 0.0343732-0j 0.305195-0j 0-0j 0.0392837-0j 0-0j 0-0j 0.170103-0j 0-0j 0.0138889-0j 0-0j 0-0j 0-0j 0.0157485-0j 0-0j -0.0787426-0j 0.0226805-0j 0-0j -0.0416667-0j 
0-0j 0-0j 0-0j 0-0j 0-0j 0-0j 0-0j 0-0j 0-0j 0-0j 0-0j 0-0j 0-0j 0-0j 0-0j 0-0j 0-0j 0-0j 0-0j 0-0j 0-0j 0-0j 0-0j 0-0j 0-0j 0-0j 0-0j 0-0j 0-0j 0-0j 0-0j 0-0j 0-0j 0-0j 0-0j 0-0j 0-0j 0-0j -0.208333-0j 0-0j -0.0523783-0j 0-0j 0.194363-0j 0-0j -0.0722689-0j 0-0j 0-0j -0.208333-0j -0.0120281-0j 0-0j 0-0j 0.132583-0j 0-0j 0.153306-0j -0.186754-0j -0.170103-0j 0-0j 0.0340207-0j 0-0j 0.0893043-0j -0.0441942-0j 0-0j 0-0j 0.360844-0j -0.114109-0j 0-0j 0-0j 0-0j -0.0931695-0j 0-0j -0.0395285-0j 0-0j 0.0694444-0j 0.129099-0j 0-0j 0.0186339-0j 0-0j 0-0j 0-0j 0.0138889-0j 0-0j -0.132686-0j 0.0721688-0j 0-0j -0.0392837-0j 0-0j -0.0245523-0j -0.0400938-0j 0.111359-0j 0-0j -0.0222718-0j 0-0j 0-0j -0.0883883-0j 0-0j 
0-0j 0-0j 0-0j 0-0j 0-0j 0-0j 0-0j 0-0j 0-0j 0-0j 0-0j 0-0j 0-0j 0-0j 0-0j 0-0j 0-0j 0-0j 0-0j 0-0j 0-0j 0-0j 0-0j 0-0j 0-0j 0-0j 0-0j 0-0j 0-0j 0-0j 0-0j 0-0j 0-0j 0-0j 0-0j 0-0j 0-0j 0-0j -0.0481125-0j 0-0j -0.0113402-0j 0-0j 0.0752363-0j 0-0j -0.276699-0j 0-0j 0-0j 0.0120281-0j -0.25-0j 0-0j 0-0j 0.459279-0j 0-0j -0.195656-0j -0.149514-0j 0.0883883-0j 0-0j -0.0883883-0j 0-0j -0.10312-0j -0.357217-0j 0-0j 0-0j 0.0625-0j -0.0131762-0j 0-0j 0-0j 0-0j 0.0322749-0j 0-0j 0.0684653-0j 0-0j 0.0601407-0j 0.0745356-0j 0-0j 0.0968246-0j 0-0j 0-0j 0-0j -0.096225-0j 0-0j 0.145966-0j -0.0833333-0j 0-0j -0.0340207-0j 0-0j 0.170103-0j -0.0555556-0j -0.0385758-0j 0-0j 0.0385758-0j 0-0j 0-0j 0.102062-0j 0-0j 
0-0j 0-0j 0-0j 0-0j 0-0j 0-0j 0-0j 0-0j 0-0j 0-0j 0-0j 0-0j 0-0j 0-0j 0-0j 0-0j 0-0j 0-0j 0-0j 0-0j 0-0j 0-0j 0-0j 0-0j 0-0j 0-0j 0-0j 0-0j 0-0j 0-0j 0-0j 0-0j 0-0j 0-0j 0-0j 0-0j 0-0j 0.145966-0j 0-0j -0.0481125-0j 0-0j -0.0113402-0j 0-0j -0.10312-0j 0-0j -0.276699-0j 0.170103-0j 0-0j 0-0j -0.25-0j 0.0120281-0j 0-0j 0.459279-0j 0-0j 0-0j 0-0j 0.0883883-0j 0-0j -0.0883883-0j 0-0j 0-0j -0.357217-0j -0.195656-0j 0-0j 0-0j -0.0131762-0j 0.0752363-0j 0.0625-0j 0-0j 0.0322749-0j 0-0j 0.0684653-0j 0-0j 0-0j 0.0745356-0j 0-0j 0.0968246-0j 0.0601407-0j -0.149514-0j 0-0j -0.096225-0j 0-0j 0-0j -0.0833333-0j 0-0j -0.0340207-0j 0-0j 0-0j 0-0j -0.0385758-0j 0-0j 0.0385758-0j -0.0555556-0j 0-0j 0.102062-0j 
0-0j 0-0j 0-0j 0-0j 0-0j 0-0j 0-0j 0-0j 0-0j 0-0j 0-0j 0-0j 0-0j 0-0j 0-0j 0-0j 0-0j 0-0j 0-0j 0-0j 0-0j 0-0j 0-0j 0-0j 0-0j 0-0j 0-0j 0-0j 0-0j 0-0j 0-0j 0-0j 0-0j 0-0j 0-0j 0-0j 0-0j -0.132686-0j 0-0j -0.208333-0j 0-0j -0.0523783-0j 0-0j 0.0893043-0j 0-0j -0.0722689-0j -0.0245523-0j 0-0j 0-0j -0.0120281-0j -0.208333-0j 0-0j 0.132583-0j 0-0j 0-0j 0-0j -0.170103-0j 0-0j 0.0340207-0j 0-0j 0-0j -0.0441942-0j 0.153306-0j 0-0j 0-0j -0.114109-0j 0.194363-0j 0.360844-0j 0-0j -0.0931695-0j 0-0j -0.0395285-0j 0-0j 0-0j 0.129099-0j 0-0j 0.0186339-0j 0.0694444-0j -0.186754-0j 0-0j 0.0138889-0j 0-0j 0-0j 0.0721688-0j 0-0j -0.0392837-0j 0-0j 0-0j 0-0j 0.111359-0j 0-0j -0.0222718-0j -0.0400938-0j 0-0j -0.0883883-0j 
0-0j 0-0j 0-0j 0-0j 0-0j 0-0j 0-0j 0-0j 0-0j 0-0j 0-0j 0-0j 0-0j 0-0j 0-0j 0-0j 0-0j 0-0j 0-0j 0-0j 0-0j 0-0j 0-0j 0-0j 0-0j 0-0j 0-0j 0-0j 0-0j 0-0j 0-0j 0-0j 0-0j 0-0j 0-0j 0-0j 0-0j 0-0j 0-0j 0-0j 0.0138889-0j 0-0j -0.00234765-0j 0-0j 0.0968246-0j 0-0j 0-0j 0.132583-0j -0.459279-0j 0-0j 0-0j 0-0j 0-0j -0.0228218-0j 0.0316933-0j 0.108253-0j 0-0j 0.32476-0j 0-0j 0-0j 0-0j 0-0j 0-0j -0.0255155-0j -0.0484123-0j 0-0j 0-0j 0-0j 0.118585-0j 0-0j 0.0279508-0j 0-0j 0.191508-0j 0-0j 0-0j -0.118585-0j 0-0j 0-0j 0-0j -0.0589256-0j 0-0j -0.0190181-0j 0-0j 0-0j 0.0416667-0j 0-0j -0.270833-0j -0.0340207-0j -0.0472456-0j 0-0j -0.141737-0j 0-0j 0-0j 0-0j 0-0j 
0-0j 0-0j 0-0j 0-0j 0-0j 0-0j 0-0j 0-0j 0-0j 0-0j 0-0j 0-0j 0-0j 0-0j 0-0j 0-0j 0-0j 0-0j 0-0j 0-0j 0-0j 0-0j 0-0j 0-0j 0-0j 0-0j 0-0j 0-0j 0-0j 0-0j 0-0j 0-0j 0-0j 0-0j 0-0j 0-0j 0-0j -0.0190181-0j 0-0j 0-0j 0-0j 0.0138889-0j 0-0j 0-0j 0-0j 0.0968246-0j -0.270833-0j 0-0j 0-0j -0.459279-0j 0.132583-0j 0-0j 0-0j 0-0j 0-0j 0-0j 0.108253-0j 0-0j 0.32476-0j 0-0j 0-0j 0-0j -0.0228218-0j 0-0j 0-0j -0.0484123-0j -0.00234765-0j -0.0255155-0j 0-0j 0.118585-0j 0-0j 0.0279508-0j 0-0j 0-0j 0-0j 0-0j -0.118585-0j 0.191508-0j 0.0316933-0j 0-0j -0.0589256-0j 0-0j 0-0j 0-0j 0-0j 0.0416667-0j 0-0j 0-0j 0-0j -0.0472456-0j 0-0j -0.141737-0j -0.0340207-0j 0-0j 0-0j 
0-0j 0-0j 0-0j 0-0j 0-0j 0-0j 0-0j 0-0j 0-0j 0-0j 0-0j 0-0j 0-0j 0-0j 0-0j 0-0j 0-0j 0-0j 0-0j 0-0j 0-0j 0-0j 0-0j 0-0j 0-0j 0-0j 0-0j 0-0j 0-0j 0-0j 0-0j 0-0j 0-0j 0-0j 0-0j 0-0j 0-0j 0-0j -0.0645497-0j 0-0j -0.00253575-0j 0-0j 0.233812-0j 0-0j -0.0824958-0j 0-0j 0-0j -0.153306-0j -0.195656-0j 0-0j 0-0j 0.0228218-0j 0-0j -0.0583333-0j -0.0327895-0j -0.0724689-0j 0-0j 0.0197642-0j 0-0j 0.217407-0j 0.0228218-0j 0-0j 0-0j -0.0512432-0j 0.0559793-0j 0-0j 0-0j 0-0j 0.238157-0j 0-0j -0.0051031-0j 0-0j -0.0349644-0j 0.0333333-0j 0-0j -0.00721688-0j 0-0j 0-0j 0-0j 0.075308-0j 0-0j -0.104861-0j -0.111803-0j 0-0j -0.00760726-0j 0-0j 0.34613-0j 0.0434791-0j -0.094884-0j 0-0j 0.0258775-0j 0-0j 0-0j 0.0456435-0j 0-0j 
0-0j 0-0j 0-0j 0-0j 0-0j 0-0j 0-0j 0-0j 0-0j 0-0j 0-0j 0-0j 0-0j 0-0j 0-0j 0-0j 0-0j 0-0j 0-0j 0-0j 0-0j 0-0j 0-0j 0-0j 0-0j 0-0j 0-0j 0-0j 0-0j 0-0j 0-0j 0-0j 0-0j 0-0j 0-0j 0-0j 0-0j 0-0j 0.00996024-0j 0-0j 0.00078255-0j 0-0j 0.232308-0j 0-0j -0.0154571-0j 0-0j 0-0j -0.186754-0j 0.149514-0j 0-0j 0-0j 0.0316933-0j 0-0j 0.0327895-0j -0.0202381-0j 0.0589606-0j 0-0j -0.00203313-0j 0-0j 0.0213478-0j -0.0105644-0j 0-0j 0-0j -0.125074-0j 0.204579-0j 0-0j 0-0j 0-0j -0.0645881-0j 0-0j -0.00472456-0j 0-0j -0.0041501-0j -0.0154303-0j 0-0j 0.00222718-0j 0-0j 0-0j 0-0j -0.172644-0j 0-0j -0.233812-0j 0.0172516-0j 0-0j 0.00234765-0j 0-0j 0.305195-0j -0.0996761-0j 0.0771976-0j 0-0j -0.00266199-0j 0-0j 0-0j -0.0211289-0j 0-0j 
0-0j 0-0j 0-0j 0-0j 0-0j 0-0j 0-0j 0-0j 0-0j 0-0j 0-0j 0-0j 0-0j 0-0j 0-0j 0-0j 0-0j 0-0j 0-0j 0-0j 0-0j 0-0j 0-0j 0-0j 0-0j 0-0j 0-0j 0-0j 0-0j 0-0j 0-0j 0-0j 0-0j 0-0j 0-0j 0-0j 0-0j 0-0j 0.170103-0j 0-0j -0.1283-0j 0-0j 0.018637-0j 0-0j -0.307459-0j 0-0j 0-0j -0.170103-0j -0.0883883-0j 0-0j 0-0j 0.108253-0j 0-0j 0.0724689-0j 0.0589606-0j -0.25-0j 0-0j 0.25-0j 0-0j -0.0104167-0j 0.252591-0j 0-0j 0-0j 0.0589256-0j 0.0931695-0j 0-0j 0-0j 0-0j -0.0456435-0j 0-0j 0.0322749-0j 0-0j -0.0340207-0j 0.105409-0j 0-0j -0.136931-0j 0-0j 0-0j 0-0j 0.0340207-0j 0-0j -0.166898-0j -0.0589256-0j 0-0j -0.096225-0j 0-0j 0.0120281-0j -0.0982093-0j -0.0545545-0j 0-0j 0.0545545-0j 0-0j 0-0j -0.0721688-0j 0-0j 
0-0j 0-0j 0-0j 0-0j 0-0j 0-0j 0-0j 0-0j 0-0j 0-0j 0-0j 0-0j 0-0j 0-0j 0-0j 0-0j 0-0j 0-0j 0-0j 0-0j 0-0j 0-0j 0-0j 0-0j 0-0j 0-0j 0-0j 0-0j 0-0j 0-0j 0-0j 0-0j 0-0j 0-0j 0-0j 0-0j 0-0j -0.166898-0j 0-0j 0.170103-0j 0-0j -0.1283-0j 0-0j -0.0104167-0j 0-0j -0.307459-0j 0.0120281-0j 0-0j 0-0j -0.0883883-0j -0.170103-0j 0-0j 0.108253-0j 0-0j 0-0j 0-0j -0.25-0j 0-0j 0.25-0j 0-0j 0-0j 0.252591-0j 0.0724689-0j 0-0j 0-0j 0.0931695-0j 0.018637-0j 0.0589256-0j 0-0j -0.0456435-0j 0-0j 0.0322749-0j 0-0j 0-0j 0.105409-0j 0-0j -0.136931-0j -0.0340207-0j 0.0589606-0j 0-0j 0.0340207-0j 0-0j 0-0j -0.0589256-0j 0-0j -0.096225-0j 0-0j 0-0j 0-0j -0.0545545-0j 0-0j 0.0545545-0j -0.0982093-0j 0-0j -0.0721688-0j 
0-0j 0-0j 0-0j 0-0j 0-0j 0-0j 0-0j 0-0j 0-0j 0-0j 0-0j 0-0j 0-0j 0-0j 0-0j 0-0j 0-0j 0-0j 0-0j 0-0j 0-0j 0-0j 0-0j 0-0j 0-0j 0-0j 0-0j 0-0j 0-0j 0-0j 0-0j 0-0j 0-0j 0-0j 0-0j 0-0j 0-0j 0-0j -0.170103-0j 0-0j 0.1283-0j 0-0j -0.000338854-0j 0-0j 0.0279508-0j 0-0j 0-0j -0.0340207-0j -0.0883883-0j 0-0j 0-0j -0.32476-0j 0-0j 0.0197642-0j 0.00203313-0j -0.25-0j 0-0j 0.25-0j 0-0j 0.0729167-0j 0.252591-0j 0-0j 0-0j -0.176777-0j -0.0186339-0j 0-0j 0-0j 0-0j 0.0456435-0j 0-0j 0.0968246-0j 0-0j -0.170103-0j 0.105409-0j 0-0j 0.136931-0j 0-0j 0-0j 0-0j -0.0340207-0j 0-0j 0.0087841-0j 0.0589256-0j 0-0j 0.096225-0j 0-0j 0.0601407-0j 0.0982093-0j -0.0545545-0j 0-0j 0.0545545-0j 0-0j 0-0j -0.0721688-0j 0-0j 
0-0j 0-0j 0-0j 0-0j 0-0j 0-0j 0-0j 0-0j 0-0j 0-0j 0-0j 0-0j 0-0j 0-0j 0-0j 0-0j 0-0j 0-0j 0-0j 0-0j 0-0j 0-0j 0-0j 0-0j 0-0j 0-0j 0-0j 0-0j 0-0j 0-0j 0-0j 0-0j 0-0j 0-0j 0-0j 0-0j 0-0j 0.0087841-0j 0-0j -0.170103-0j 0-0j 0.1283-0j 0-0j 0.0729167-0j 0-0j 0.0279508-0j 0.0601407-0j 0-0j 0-0j -0.0883883-0j -0.0340207-0j 0-0j -0.32476-0j 0-0j 0-0j 0-0j -0.25-0j 0-0j 0.25-0j 0-0j 0-0j 0.252591-0j 0.0197642-0j 0-0j 0-0j -0.0186339-0j -0.000338854-0j -0.176777-0j 0-0j 0.0456435-0j 0-0j 0.0968246-0j 0-0j 0-0j 0.105409-0j 0-0j 0.136931-0j -0.170103-0j 0.00203313-0j 0-0j -0.0340207-0j 0-0j 0-0j 0.0589256-0j 0-0j 0.096225-0j 0-0j 0-0j 0-0j -0.0545545-0j 0-0j 0.0545545-0j 0.0982093-0j 0-0j -0.0721688-0j 
0-0j 0-0j 0-0j 0-0j 0-0j 0-0j 0-0j 0-0j 0-0j 0-0j 0-0j 0-0j 0-0j 0-0j 0-0j 0-0j 0-0j 0-0j 0-0j 0-0j 0-0j 0-0j 0-0j 0-0j 0-0j 0-0j 0-0j 0-0j 0-0j 0-0j 0-0j 0-0j 0-0j 0-0j 0-0j 0-0j 0-0j 0-0j 0-0j 0-0j -0.00400938-0j 0-0j 0.000677708-0j 0-0j 0.00931695-0j 0-0j 0-0j -0.0893043-0j -0.10312-0j 0-0j 0-0j 0-0j 0-0j 0.217407-0j -0.0213478-0j 0.0104167-0j 0-0j 0.0729167-0j 0-0j 0-0j 0-0j 0-0j 0-0j 0.243068-0j 0.0139754-0j 0-0j 0-0j 0-0j -0.0798762-0j 0-0j -0.266268-0j 0-0j 0.301934-0j 0-0j 0-0j -0.0114109-0j 0-0j 0-0j 0-0j 0.0170103-0j 0-0j 0.00549007-0j 0-0j 0-0j -0.0120281-0j 0-0j -0.426999-0j 0.00982093-0j 0.0136386-0j 0-0j 0.0954703-0j 0-0j 0-0j 0-0j 0-0j 
0-0j 0-0j 0-0j 0-0j 0-0j 0-0j 0-0j 0-0j 0-0j 0-0j 0-0j 0-0j 0-0j 0-0j 0-0j 0-0j 0-0j 0-0j 0-0j 0-0j 0-0j 0-0j 0-0j 0-0j 0-0j 0-0j 0-0j 0-0j 0-0j 0-0j 0-0j 0-0j 0-0j 0-0j 0-0j 0-0j 0-0j 0-0j 0-0j 0-0j -0.0138889-0j 0-0j 0.00234765-0j 0-0j -0.225924-0j 0-0j 0-0j 0.0441942-0j -0.357217-0j 0-0j 0-0j 0-0j 0-0j 0.0228218-0j 0.0105644-0j -0.252591-0j 0-0j 0.252591-0j 0-0j 0-0j 0-0j 0-0j 0-0j 0.0255155-0j 0.0484123-0j 0-0j 0-0j 0-0j 0.0395285-0j 0-0j -0.0279508-0j 0-0j -0.0147314-0j 0-0j 0-0j 0.276699-0j 0-0j 0-0j 0-0j 0.0589256-0j 0-0j 0.0190181-0j 0-0j 0-0j -0.0416667-0j 0-0j 0.0208333-0j 0.0340207-0j 0.0472456-0j 0-0j -0.0472456-0j 0-0j 0-0j 0-0j 0-0j 
