0.139775-0j 0.00165996-0j 0.0519898-0j 0-0j 0-0j 0.00188222-0j -0.00740883-0j 0-0j 0-0j 0.0120092-0j -0.00848788-0j 0-0j 0-0j -0.0107843-0j -0.013175-0j -0.103767-0j 0.0733406-0j 0-0j 0-0j 0-0j 0.11842-0j 0-0j 0.00980546-0j -0.00490048-0j 0-0j 0-0j 0-0j 0.0137378-0j 0-0j 0-0j 0-0j -0.0450452-0j -0.0787117-0j 0-0j 0-0j 0.0300163-0j 0-0j -0.096095-0j 0.0679182-0j 0-0j 0-0j -0.135991-0j 0-0j 0-0j 0-0j 0.0108354-0j 0-0j 0-0j 0-0j -0.0826066-0j 0-0j 0-0j 0-0j 0-0j 0.00741924-0j 0.0183812-0j 0.000586885-0j 0-0j 0-0j 0-0j 0.00566119-0j -0.00282929-0j 0-0j 0.000553321-0j -0.0703949-0j -0.0296368-0j 0.00625583-0j 0-0j 0.00637351-0j 0-0j 0-0j 0-0j 0.00279352-0j 0-0j 0-0j 0-0j 0-0j 0.00173338-0j 0-0j -0.00054789-0j 0-0j 0.00205758-0j 0.00103532-0j 0.0038309-0j 0-0j 0-0j 0-0j 0-0j 0-0j 0-0j 0.000197376-0j 0-0j 
0.00165996-0j 0.131774-0j 0.128513-0j 0-0j 0-0j 0.00198403-0j 0.0334322-0j 0-0j 0-0j 0.0126588-0j -0.00894701-0j 0-0j 0-0j -0.006487-0j 0.00117377-0j -0.0395757-0j 0.0279714-0j 0-0j 0-0j 0-0j -0.00506119-0j 0-0j -0.181829-0j 0.0908727-0j 0-0j 0-0j 0-0j 0.0144809-0j 0-0j 0-0j 0-0j 0.0063294-0j -0.0473467-0j 0-0j 0-0j 0.0403285-0j 0-0j 0.0063294-0j -0.00447351-0j 0-0j 0-0j 0.0121156-0j 0-0j 0-0j 0-0j -0.200928-0j 0-0j 0-0j 0-0j 0.00735949-0j 0-0j 0-0j 0-0j 0-0j -0.0334792-0j -0.00258278-0j -0.00264831-0j 0-0j 0-0j 0-0j -0.0570594-0j 0.0285166-0j 0-0j -0.00865704-0j 0.00989134-0j 0.00416433-0j -0.0630528-0j 0-0j -0.0287603-0j 0-0j 0-0j 0-0j 0.00294463-0j 0-0j 0-0j 0-0j 0-0j 0.00182714-0j 0-0j -0.000577527-0j 0-0j -0.0092848-0j 0.00109132-0j 0.00403812-0j 0-0j 0-0j 0-0j 0-0j 0-0j 0-0j 0.000208053-0j 0-0j 
-0.0519898-0j -0.128513-0j 0.834918-0j 0-0j 0-0j 0.00828332-0j 0.0067633-0j 0-0j 0-0j 0.00774834-0j 0.00774834-0j 0-0j 0-0j -0.04746-0j 0.00490048-0j 0.00565859-0j 0.00565859-0j 0-0j 0-0j 0-0j 0.00438312-0j 0-0j -0.111296-0j -0.078698-0j 0-0j 0-0j 0-0j 0.00478238-0j 0-0j 0-0j 0-0j -0.0290632-0j -0.027401-0j 0-0j 0-0j -0.027401-0j 0-0j -0.0620006-0j -0.0620006-0j 0-0j 0-0j 0.00400122-0j 0-0j 0-0j 0-0j -0.0454363-0j 0-0j 0-0j 0-0j 0.0012653-0j 0-0j 0-0j 0-0j 0-0j 0.00258278-0j -0.0167796-0j 0.00258278-0j 0-0j 0-0j 0-0j 0.0036526-0j 0.00258278-0j 0-0j 0.00243507-0j -0.0167796-0j -0.00433249-0j 0.00149117-0j 0-0j 0.00115505-0j 0-0j 0-0j 0-0j 0.000408373-0j 0-0j 0-0j 0-0j 0-0j 0.00111838-0j 0-0j 0.000500153-0j 0-0j 0.000252053-0j 0.000109142-0j 0.00091315-0j 0-0j 0-0j 0-0j 0-0j 0-0j 0-0j 1.627e-05-0j 0-0j 
0-0j 0-0j 0-0j 0.143435-0j 0.0824444-0j 0-0j 0-0j 0.00116191-0j 0.0363908-0j 0-0j 0-0j 0.00133113-0j -0.00523963-0j 0-0j 0-0j 0-0j 0-0j 0.000972121-0j -0.043078-0j 0.0304467-0j 0-0j 0.000753002-0j 0-0j 0-0j -0.01352-0j -0.106484-0j 0.0752611-0j 0-0j 0.00686343-0j -0.00343014-0j 0.00971554-0j 0-0j 0-0j -0.0393246-0j 0.0196533-0j 0-0j -0.00470739-0j 0-0j 0-0j -0.0106514-0j 0.0419264-0j 0-0j 0.00406046-0j 0.00709523-0j -0.00270573-0j 0-0j -0.139552-0j 0.00758436-0j -0.0434553-0j 0-0j 0.00267152-0j 0.00634553-0j -0.00165692-0j -0.036442-0j 0-0j 0-0j 0-0j -0.00288267-0j -0.0847698-0j -0.0777417-0j 0-0j 0-0j 0.000443711-0j 0-0j 0-0j 0-0j 0-0j 0.00243875-0j 0-0j 0.00409602-0j 0.00457995-0j -0.0101065-0j 0-0j -0.0313055-0j 0.00214005-0j 0.00201766-0j -0.00142605-0j 0-0j -0.000756275-0j 0-0j 8.59242e-05-0j 0-0j 0-0j 0-0j 0.00140232-0j 0.00063911-0j 0.00278205-0j 0.00095262-0j 0.00170365-0j 0.000297296-0j 0-0j 4.98986e-05-0j 
0-0j 0-0j 0-0j -0.0824444-0j 0.872473-0j 0-0j 0-0j 0.00501004-0j 0.00433882-0j 0-0j 0-0j 0.00573972-0j 0.00468646-0j 0-0j 0-0j 0-0j 0-0j -0.0495948-0j -0.0429504-0j -0.0429504-0j 0-0j -0.0800788-0j 0-0j 0-0j -0.058297-0j -0.0673156-0j -0.0673156-0j 0-0j 0.00433882-0j 0.00306801-0j 0.00331383-0j 0-0j 0-0j 0.00331383-0j 0.00234323-0j 0-0j 0.00270573-0j 0-0j 0-0j 0.00286986-0j 0.00234323-0j 0-0j -0.0303705-0j -0.0286336-0j -0.0286336-0j 0-0j -0.0475993-0j 0.00177132-0j 0.00135287-0j 0-0j -0.00452736-0j -0.0175344-0j -0.0175344-0j 0.00165692-0j 0-0j 0-0j 0-0j 0.00165692-0j -0.0150522-0j 0.00165692-0j 0-0j 0-0j 0.00191324-0j 0-0j 0-0j 0-0j 0-0j 0.000349308-0j 0-0j 0.000956621-0j 0.00156215-0j 0.000161698-0j 0-0j 0.000740995-0j 0.00135287-0j 0.00127549-0j 0.00127549-0j 0-0j 0.000676433-0j 0-0j 0.000370498-0j 0-0j 0-0j 0-0j 0.00047831-0j 6.60131e-05-0j 0.000493997-0j 0.000114338-0j 0.00030251-0j 2.69497e-05-0j 0-0j 3.6339e-06-0j 
0.00188222-0j 0.00198403-0j -0.00828332-0j 0-0j 0-0j 0.108567-0j 0.223064-0j 0-0j 0-0j 0.0143537-0j 0.0194355-0j 0-0j 0-0j -0.00329174-0j -0.00643048-0j 0.0104825-0j 0.0141937-0j 0-0j 0-0j 0-0j -0.00573885-0j 0-0j -0.0224525-0j 0.0282994-0j 0-0j 0-0j 0-0j -0.413615-0j 0-0j 0-0j 0-0j -0.0346755-0j 0.0125408-0j 0-0j 0-0j -0.00478238-0j 0-0j 0.00717686-0j 0.00971777-0j 0-0j 0-0j -0.0263186-0j 0-0j 0-0j 0-0j 0.0129508-0j 0-0j 0-0j 0-0j 0.00834488-0j 0-0j 0-0j 0-0j 0-0j -0.0428448-0j 0.0226889-0j -0.00543447-0j 0-0j 0-0j 0-0j -0.012963-0j 0.0163387-0j 0-0j 0.000661345-0j -0.0214869-0j 0.00472191-0j 0.00747715-0j 0-0j -0.014594-0j 0-0j 0-0j 0-0j -0.0161321-0j 0-0j 0-0j 0-0j 0-0j -0.0220917-0j 0-0j 0.00889221-0j 0-0j 0.00245928-0j -0.00237067-0j -0.0354736-0j 0-0j 0-0j 0-0j 0-0j 0-0j 0-0j 0.00023591-0j 0-0j 
0.00740883-0j -0.0334322-0j 0.0067633-0j 0-0j 0-0j -0.223064-0j 0.779687-0j 0-0j 0-0j 0.00828332-0j 0.00828332-0j 0-0j 0-0j -0.0289531-0j 0.00523883-0j -0.0258965-0j -0.0258965-0j 0-0j 0-0j 0-0j 0.00468575-0j 0-0j 0.0067633-0j 0.00478238-0j 0-0j 0-0j 0-0j -0.128786-0j 0-0j 0-0j 0-0j 0.00414166-0j -0.0167161-0j 0-0j 0-0j -0.037337-0j 0-0j 0.00414166-0j 0.00414166-0j 0-0j 0-0j 0.00427749-0j 0-0j 0-0j 0-0j 0.00276111-0j 0-0j 0-0j 0-0j 0.00135266-0j 0-0j 0-0j 0-0j 0-0j -0.0118201-0j 0.00239119-0j -0.0118201-0j 0-0j 0-0j 0-0j -0.037337-0j -0.0264012-0j 0-0j -0.0386386-0j 0.00239119-0j 0.000617402-0j -0.0152428-0j 0-0j -0.00528609-0j 0-0j 0-0j 0-0j 0.000436569-0j 0-0j 0-0j 0-0j 0-0j 0.00119559-0j 0-0j 0.000534686-0j 0-0j -0.00115352-0j 0.000116678-0j 0.000976199-0j 0-0j 0-0j 0-0j 0-0j 0-0j 0-0j 1.73933e-05-0j 0-0j 
0-0j 0-0j 0-0j 0.00116191-0j -0.00501004-0j 0-0j 0-0j 0.133947-0j 0.130633-0j 0-0j 0-0j 0.00142304-0j 0.0239791-0j 0-0j 0-0j 0-0j 0-0j -0.0044489-0j 0.00613884-0j -0.00433882-0j 0-0j 0.000804993-0j 0-0j 0-0j 0.000821593-0j -0.0277014-0j 0.0195788-0j 0-0j -0.184827-0j 0.0923712-0j 0.0103863-0j 0-0j 0-0j -0.0239901-0j 0.0119895-0j 0-0j -0.00641434-0j 0-0j 0-0j 0.00071152-0j 0.0119895-0j 0-0j 0.00434082-0j -0.0324712-0j 0.027658-0j 0-0j 0.00848042-0j -0.204241-0j -0.02651-0j 0-0j 0.00285598-0j 0.00678366-0j -0.00177132-0j 0.00519317-0j 0-0j 0-0j 0-0j 0.000410796-0j 0.00515135-0j 0.00519317-0j 0-0j 0-0j -0.00453562-0j 0-0j 0-0j 0-0j 0-0j -0.0111609-0j 0-0j -0.0187454-0j -0.0468163-0j 0.00144023-0j 0-0j 0.0044612-0j -0.00979392-0j -0.0320153-0j 0.0226279-0j 0-0j 0.00346108-0j 0-0j 9.18568e-05-0j 0-0j 0-0j 0-0j 0.00149914-0j -0.00292488-0j -0.0284382-0j 0.00101839-0j 0.00182128-0j 0.000317823-0j 0-0j 5.33438e-05-0j 
0-0j 0-0j 0-0j -0.0363908-0j 0.00433882-0j 0-0j 0-0j -0.130633-0j 0.848686-0j 0-0j 0-0j 0.00594118-0j 0.00485095-0j 0-0j 0-0j 0-0j 0-0j 0.00433882-0j -0.0281882-0j -0.0281882-0j 0-0j 0.00336084-0j 0-0j 0-0j 0.00343014-0j 0.00396079-0j 0.00396079-0j 0-0j -0.113131-0j -0.0799958-0j 0.00343014-0j 0-0j 0-0j -0.0257322-0j -0.0181954-0j 0-0j -0.0210102-0j 0-0j 0-0j -0.0475401-0j -0.0388163-0j 0-0j 0.00265698-0j 0.00250502-0j 0.00250502-0j 0-0j 0.0028007-0j -0.0461856-0j -0.0105051-0j 0-0j 0.000396079-0j 0.00153401-0j 0.00153401-0j -0.0128661-0j 0-0j 0-0j 0-0j -0.0128661-0j 0.000885659-0j -0.0274473-0j 0-0j 0-0j 0.00198039-0j 0-0j 0-0j 0-0j 0-0j 0.000361569-0j 0-0j 0.000990196-0j 0.00161698-0j -0.0012556-0j 0-0j -0.00575389-0j 0.00140035-0j 0.00132026-0j 0.00132026-0j 0-0j 0.000700175-0j 0-0j 0.000383501-0j 0-0j 0-0j 0-0j 0.000495098-0j 6.833e-05-0j 0.000511335-0j 0.000118351-0j 0.000313128-0j 2.78956e-05-0j 0-0j 3.76145e-06-0j 
0.0120092-0j 0.0126588-0j -0.00774834-0j 0-0j 0-0j 0.0143537-0j -0.00828332-0j 0-0j 0-0j -0.304774-0j 0.333471-0j 0-0j 0-0j 0.0109628-0j 0.00849178-0j 0.00633393-0j -0.00693032-0j 0-0j 0-0j 0-0j -0.00536821-0j 0-0j 0.00708155-0j -0.0054789-0j 0-0j 0-0j 0-0j -0.0146591-0j 0-0j 0-0j 0-0j 0.00433655-0j -0.0111961-0j 0-0j 0-0j -0.00447351-0j 0-0j 0.00433655-0j -0.00474487-0j 0-0j 0-0j -0.0122647-0j 0-0j 0-0j 0-0j -0.027948-0j 0-0j 0-0j 0-0j -0.0280234-0j 0-0j 0-0j 0-0j 0-0j -0.00791684-0j -0.00273945-0j 0.00447556-0j 0-0j 0-0j 0-0j 0.00408853-0j -0.00316325-0j 0-0j 0.0042196-0j -0.0242037-0j -0.0213948-0j -0.0161358-0j 0-0j -0.0255818-0j 0-0j 0-0j 0-0j -0.0151284-0j 0-0j 0-0j 0-0j 0-0j 0.00125185-0j 0-0j -0.00061256-0j 0-0j -0.0139926-0j -0.00846448-0j -0.00988113-0j 0-0j 0-0j 0-0j 0-0j 0-0j 0-0j -0.0021533-0j 0-0j 
0.00848788-0j 0.00894701-0j 0.00774834-0j 0-0j 0-0j -0.0194355-0j 0.00828332-0j 0-0j 0-0j -0.333471-0j 0.638859-0j 0-0j 0-0j -0.0148441-0j -0.0289983-0j 0.00693032-0j -0.013277-0j 0-0j 0-0j 0-0j 0.00536821-0j 0-0j -0.0148441-0j -0.0264717-0j 0-0j 0-0j 0-0j 0.00585719-0j 0-0j 0-0j 0-0j -0.0229251-0j 0.00447351-0j 0-0j 0-0j 0.00447351-0j 0-0j 0.00474487-0j -0.00909014-0j 0-0j 0-0j -0.00938825-0j 0-0j 0-0j 0-0j 0.00316325-0j 0-0j 0-0j 0-0j 0.00154967-0j 0-0j 0-0j 0-0j 0-0j -0.0152834-0j -0.0212235-0j -0.0245068-0j 0-0j 0-0j 0-0j -0.00857026-0j -0.0152834-0j 0-0j 0.00298234-0j -0.00524819-0j 0.000707323-0j 0.0018263-0j 0-0j -0.00271016-0j 0-0j 0-0j 0-0j -0.00241652-0j 0-0j 0-0j 0-0j 0-0j -0.0146056-0j 0-0j -0.0083179-0j 0-0j 0.000308701-0j -0.000256086-0j -0.00866445-0j 0-0j 0-0j 0-0j 0-0j 0-0j 0-0j 1.99266e-05-0j 0-0j 
0-0j 0-0j 0-0j 0.00133113-0j -0.00573972-0j 0-0j 0-0j 0.00142304-0j -0.00594118-0j 0-0j 0-0j 0.109753-0j 0.225502-0j 0-0j 0-0j 0-0j 0-0j -0.00228093-0j 0.00703293-0j 0.00952287-0j 0-0j 0.000922235-0j 0-0j 0-0j -0.00454772-0j 0.00741336-0j 0.010038-0j 0-0j -0.016104-0j 0.0202976-0j -0.418135-0j 0-0j 0-0j -0.0122996-0j 0.0155026-0j 0-0j 0.000768529-0j 0-0j 0-0j -0.00156165-0j -0.0032086-0j 0-0j -0.0240275-0j 0.00868984-0j -0.00331383-0j 0-0j -0.0186129-0j 0.00928891-0j 0.00709452-0j 0-0j 0.00327193-0j -0.0148888-0j 0.0157217-0j -0.0287455-0j 0-0j 0-0j 0-0j -0.00364611-0j 0.00590162-0j 0.00594953-0j 0-0j 0-0j -0.00262563-0j 0-0j 0-0j 0-0j 0-0j -0.00572216-0j 0-0j -0.024238-0j -0.0107461-0j 0.00164999-0j 0-0j -0.00979147-0j -0.0203059-0j 0.00247112-0j 0.003346-0j 0-0j 0.00987666-0j 0-0j -0.00142898-0j 0-0j 0-0j 0-0j -0.0183137-0j 0.000782747-0j 0.0034073-0j -0.00563707-0j -0.0161651-0j -0.00069756-0j 0-0j 6.11131e-05-0j 
0-0j 0-0j 0-0j 0.00523963-0j 0.00468646-0j 0-0j 0-0j -0.0239791-0j 0.00485095-0j 0-0j 0-0j -0.225502-0j 0.788208-0j 0-0j 0-0j 0-0j 0-0j -0.0200623-0j 0.0040586-0j 0.0040586-0j 0-0j 0.00363012-0j 0-0j 0-0j 0.00370498-0j -0.0183143-0j -0.0183143-0j 0-0j 0.00485095-0j 0.00343014-0j -0.130194-0j 0-0j 0-0j -0.0158607-0j -0.0112152-0j 0-0j -0.0289255-0j 0-0j 0-0j 0.0032086-0j -0.0112152-0j 0-0j 0.00286986-0j -0.011583-0j -0.0258717-0j 0-0j 0.0030251-0j 0.00198039-0j -0.00647509-0j 0-0j 0.000427814-0j 0.00165692-0j 0.00165692-0j 0.00185249-0j 0-0j 0-0j 0-0j 0.00185249-0j 0.000956621-0j 0.00185249-0j 0-0j 0-0j -0.0204534-0j 0-0j 0-0j 0-0j 0-0j -0.00167186-0j 0-0j -0.00457858-0j -0.0167001-0j 0.000180784-0j 0-0j 0.000828458-0j -0.00647509-0j -0.0211664-0j -0.0211664-0j 0-0j -0.00323755-0j 0-0j 0.000414229-0j 0-0j 0-0j 0-0j 0.000534767-0j -0.000315952-0j -0.00528105-0j 0.000127834-0j 0.000338216-0j 3.01307e-05-0j 0-0j 4.06283e-06-0j 
0.0107843-0j 0.006487-0j -0.04746-0j 0-0j 0-0j 0.00329174-0j -0.0289531-0j 0-0j 0-0j -0.0109628-0j -0.0148441-0j 0-0j 0-0j 0.0807394-0j 0.00491136-0j 0.0342735-0j 0.0464078-0j 0-0j 0-0j 0-0j 0.00438312-0j 0-0j 0.0171484-0j -0.021614-0j 0-0j 0-0j 0-0j -0.0125408-0j 0-0j 0-0j 0-0j -0.198676-0j -0.307599-0j 0-0j 0-0j 0.262004-0j 0-0j 0.0877223-0j 0.11878-0j 0-0j 0-0j 0.0201011-0j 0-0j 0-0j 0-0j -0.00989134-0j 0-0j 0-0j 0-0j -0.00637351-0j 0-0j 0-0j 0-0j 0-0j -0.140085-0j 0.129998-0j -0.0177685-0j 0-0j 0-0j 0-0j -0.0946682-0j 0.119321-0j 0-0j 0.00749722-0j -0.123111-0j 0.0270546-0j 0.0546054-0j 0-0j -0.0477167-0j 0-0j 0-0j 0-0j 0.0123211-0j 0-0j 0-0j 0-0j 0-0j 0.0168728-0j 0-0j -0.00679154-0j 0-0j 0.00804087-0j 0.00181063-0j 0.0270934-0j 0-0j 0-0j 0-0j 0-0j 0-0j 0-0j -0.000180179-0j 0-0j 
0.013175-0j -0.00117377-0j 0.00490048-0j 0-0j 0-0j 0.00643048-0j 0.00523883-0j 0-0j 0-0j -0.00849178-0j -0.0289983-0j 0-0j 0-0j 0.00491136-0j 0.0590684-0j 0.0733743-0j 0.250563-0j 0-0j 0-0j 0-0j -0.0837357-0j 0-0j 0.0334997-0j 0.0219707-0j 0-0j 0-0j 0-0j -0.00971407-0j 0-0j 0-0j 0-0j -0.0269208-0j -0.00741924-0j 0-0j 0-0j 0.00282929-0j 0-0j -0.00424589-0j -0.0144991-0j 0-0j 0-0j -0.464605-0j 0-0j 0-0j 0-0j -0.0076618-0j 0-0j 0-0j 0-0j 0.0584117-0j 0-0j 0-0j 0-0j 0-0j -0.0332632-0j 0.0598018-0j -0.0143238-0j 0-0j 0-0j 0-0j 0.0193411-0j 0.0126848-0j 0-0j -0.000391257-0j 0.0320589-0j -0.00279352-0j -0.00442354-0j 0-0j 0.0217747-0j 0-0j 0-0j 0-0j -0.0125244-0j 0-0j 0-0j 0-0j 0-0j -0.097681-0j 0-0j 0.0549659-0j 0-0j -0.00145493-0j 0.0035371-0j -0.0934989-0j 0-0j 0-0j 0-0j 0-0j 0-0j 0-0j -0.000139566-0j 0-0j 
0.103767-0j 0.0395757-0j 0.00565859-0j 0-0j 0-0j -0.0104825-0j -0.0258965-0j 0-0j 0-0j -0.00633393-0j 0.00693032-0j 0-0j 0-0j 0.0342735-0j 0.0733743-0j -0.234291-0j 0.256351-0j 0-0j 0-0j 0-0j -0.0966897-0j 0-0j -0.00517163-0j 0.00400122-0j 0-0j 0-0j 0-0j 0.0107055-0j 0-0j 0-0j 0-0j -0.00316696-0j -0.0350028-0j 0-0j 0-0j -0.0312384-0j 0-0j -0.00316696-0j 0.00346516-0j 0-0j 0-0j -0.105975-0j 0-0j 0-0j 0-0j 0.0204104-0j 0-0j 0-0j 0-0j -0.24214-0j 0-0j 0-0j 0-0j 0-0j -0.0247507-0j 0.00200061-0j 0.0139921-0j 0-0j 0-0j 0-0j 0.0285501-0j -0.0220889-0j 0-0j 0.0457388-0j 0.0176759-0j 0.0156246-0j -0.112676-0j 0-0j -0.0799772-0j 0-0j 0-0j 0-0j 0.0110482-0j 0-0j 0-0j 0-0j 0-0j -0.000914224-0j 0-0j 0.000447351-0j 0-0j -0.0437456-0j 0.00618158-0j 0.00721615-0j 0-0j 0-0j 0-0j 0-0j 0-0j 0-0j 0.00157255-0j 0-0j 
0.0733406-0j 0.0279714-0j -0.00565859-0j 0-0j 0-0j 0.0141937-0j 0.0258965-0j 0-0j 0-0j -0.00693032-0j 0.013277-0j 0-0j 0-0j -0.0464078-0j -0.250563-0j -0.256351-0j 0.491113-0j 0-0j 0-0j 0-0j 0.0966897-0j 0-0j 0.0108406-0j 0.0193322-0j 0-0j 0-0j 0-0j -0.00427749-0j 0-0j 0-0j 0-0j 0.0167422-0j 0.0139857-0j 0-0j 0-0j 0.0312384-0j 0-0j -0.00346516-0j 0.0066385-0j 0-0j 0-0j -0.0811204-0j 0-0j 0-0j 0-0j -0.00231011-0j 0-0j 0-0j 0-0j 0.0133901-0j 0-0j 0-0j 0-0j 0-0j -0.0477811-0j 0.0154994-0j -0.0766164-0j 0-0j 0-0j 0-0j -0.0598459-0j -0.106724-0j 0-0j 0.0323273-0j 0.00383274-0j -0.000516556-0j 0.012753-0j 0-0j -0.00847286-0j 0-0j 0-0j 0-0j 0.00176478-0j 0-0j 0-0j 0-0j 0-0j 0.0106664-0j 0-0j 0.00607453-0j 0-0j 0.000965104-0j 0.000187018-0j 0.00632762-0j 0-0j 0-0j 0-0j 0-0j 0-0j 0-0j -1.45523e-05-0j 0-0j 
0-0j 0-0j 0-0j -0.000972121-0j -0.0495948-0j 0-0j 0-0j 0.0044489-0j 0.00433882-0j 0-0j 0-0j 0.00228093-0j -0.0200623-0j 0-0j 0-0j 0-0j 0-0j 0.0843711-0j 0.0607689-0j 0.0822835-0j 0-0j 0.0166109-0j 0-0j 0-0j 0.00332119-0j 0.0231766-0j 0.0313821-0j 0-0j 0.0117607-0j -0.0148233-0j -0.00868984-0j 0-0j 0-0j -0.0384528-0j 0.0484663-0j 0-0j 0.00536662-0j 0-0j 0-0j 0.00114047-0j -0.0100312-0j 0-0j -0.207613-0j -0.321435-0j 0.273789-0j 0-0j 0.0135929-0j -0.00678366-0j 0.0221799-0j 0-0j 0.0282715-0j -0.128649-0j 0.135845-0j 0.0209928-0j 0-0j 0-0j 0-0j 0.00266274-0j -0.00430993-0j -0.00434492-0j 0-0j 0-0j -0.0183347-0j 0-0j 0-0j 0-0j 0-0j -0.0178894-0j 0-0j -0.075776-0j -0.07504-0j -0.00120498-0j 0-0j 0.00715068-0j -0.0634832-0j 0.0267859-0j 0.0362693-0j 0-0j 0.0308778-0j 0-0j 0.00104358-0j 0-0j 0-0j 0-0j 0.0133745-0j 0.00244713-0j 0.0237931-0j 0.00411673-0j 0.0118053-0j 0.000509426-0j 0-0j -4.46307e-05-0j 
0-0j 0-0j 0-0j 0.043078-0j -0.0429504-0j 0-0j 0-0j -0.00613884-0j -0.0281882-0j 0-0j 0-0j -0.00703293-0j 0.0040586-0j 0-0j 0-0j 0-0j 0-0j 0.0607689-0j -0.255024-0j 0.279037-0j 0-0j 0.0981212-0j 0-0j 0-0j -0.00406046-0j -0.00302866-0j 0.00331383-0j 0-0j -0.00343417-0j 0.00265698-0j 0.00718257-0j 0-0j 0-0j 0.0196764-0j -0.0152234-0j 0-0j 0.0248711-0j 0-0j 0-0j 0.056276-0j -0.032476-0j 0-0j 0.0240382-0j -0.0620619-0j -0.0247974-0j 0-0j 0.00586454-0j 0.0135533-0j -0.0776549-0j 0-0j -0.118595-0j -0.134165-0j -0.0151852-0j -0.0269411-0j 0-0j 0-0j 0-0j 0.0152304-0j 0.0133998-0j -0.0574734-0j 0-0j 0-0j -0.00234431-0j 0-0j 0-0j 0-0j 0-0j 0.00915019-0j 0-0j 0.00731963-0j 0.0033859-0j -0.047617-0j 0-0j -0.087055-0j -0.00107079-0j -0.00100955-0j 0.00110461-0j 0-0j 0.000585808-0j 0-0j -0.000453974-0j 0-0j 0-0j 0-0j 0.00103671-0j 0.00362011-0j 0.00773637-0j 0.0044883-0j 0.00473754-0j 0.00196596-0j 0-0j 0.000424237-0j 
0-0j 0-0j 0-0j 0.0304467-0j 0.0429504-0j 0-0j 0-0j -0.00433882-0j 0.0281882-0j 0-0j 0-0j 0.00952287-0j -0.0040586-0j 0-0j 0-0j 0-0j 0-0j -0.0822835-0j -0.279037-0j 0.534575-0j 0-0j 0.0693503-0j 0-0j 0-0j 0.0138659-0j -0.00331383-0j 0.00634858-0j 0-0j 0.00719861-0j 0.0128374-0j -0.00286986-0j 0-0j 0-0j -0.0412451-0j -0.0735527-0j 0-0j 0.0175784-0j 0-0j 0-0j -0.0762-0j 0.032476-0j 0-0j -0.127078-0j 0.0247974-0j 0.0247974-0j 0-0j 0.00448912-0j -0.00153401-0j 0.00878922-0j 0-0j 0.00392081-0j -0.0290916-0j -0.117645-0j -0.0520096-0j 0-0j 0-0j 0-0j -0.0833967-0j -0.000740995-0j 0.022964-0j 0-0j 0-0j 0.0080055-0j 0-0j 0-0j 0-0j 0-0j 0.000579543-0j 0-0j 0.00400275-0j 0.0025918-0j 0.00105051-0j 0-0j -0.00922268-0j 0.00907692-0j -0.00110461-0j 0.00211619-0j 0-0j 0.00624655-0j 0-0j 0.00435693-0j 0-0j 0-0j 0-0j 0.00441698-0j -5.7169e-05-0j -0.000427814-0j 0.00047842-0j 0.00202966-0j 4.47127e-05-0j 0-0j -3.14705e-06-0j 
-0.11842-0j 0.00506119-0j 0.00438312-0j 0-0j 0-0j 0.00573885-0j 0.00468575-0j 0-0j 0-0j 0.00536821-0j 0.00536821-0j 0-0j 0-0j 0.00438312-0j -0.0837357-0j -0.0966897-0j -0.0966897-0j 0-0j 0-0j 0-0j 0.847172-0j 0-0j 0.00438312-0j 0.00309934-0j 0-0j 0-0j 0-0j 0.00331333-0j 0-0j 0-0j 0-0j 0.0026841-0j 0.0025306-0j 0-0j 0-0j 0.0025306-0j 0-0j 0.0026841-0j 0.0026841-0j 0-0j 0-0j -0.0683699-0j 0-0j 0-0j 0-0j 0.0017894-0j 0-0j 0-0j 0-0j -0.0216205-0j 0-0j 0-0j 0-0j 0-0j 0.0017894-0j 0.00154967-0j 0.0017894-0j 0-0j 0-0j 0-0j 0.0025306-0j 0.0017894-0j 0-0j 0.00168706-0j 0.00154967-0j 0.000400122-0j 0.00103311-0j 0-0j 0.000800245-0j 0-0j 0-0j 0-0j 0.000282929-0j 0-0j 0-0j 0-0j 0-0j 0.000774834-0j 0-0j 0.000346516-0j 0-0j 0.000174628-0j 7.5616e-05-0j 0.000632649-0j 0-0j 0-0j 0-0j 0-0j 0-0j 0-0j 1.12722e-05-0j 0-0j 
0-0j 0-0j 0-0j 0.000753002-0j 0.0800788-0j 0-0j 0-0j 0.000804993-0j -0.00336084-0j 0-0j 0-0j 0.000922235-0j -0.00363012-0j 0-0j 0-0j 0-0j 0-0j -0.0166109-0j -0.0981212-0j 0.0693503-0j 0-0j 0.145541-0j 0-0j 0-0j 0.000532453-0j 0.00419363-0j -0.00296398-0j 0-0j 0.00475513-0j -0.00237647-0j 0.00673112-0j 0-0j 0-0j 0.00363179-0j -0.00181506-0j 0-0j 0.000434746-0j 0-0j 0-0j 0.000461118-0j -0.00181506-0j 0-0j -0.0693821-0j -0.121238-0j 0.0462335-0j 0-0j 0.00549594-0j 0.0052546-0j 0.00401327-0j 0-0j -0.045649-0j -0.108428-0j 0.0283121-0j 0.00336556-0j 0-0j 0-0j 0-0j 0.000266226-0j 0.00333846-0j 0.00336556-0j 0-0j 0-0j 0.000307412-0j 0-0j 0-0j 0-0j 0-0j 0.00168962-0j 0-0j 0.00283781-0j 0.00317308-0j 0.000933374-0j 0-0j 0.00289119-0j 0.00148267-0j 0.00139788-0j -0.000987994-0j 0-0j -0.000523963-0j 0-0j 5.953e-05-0j 0-0j 0-0j 0-0j 0.000971554-0j 0.000442788-0j 0.00192746-0j 0.000659995-0j 0.00118032-0j 0.000205973-0j 0-0j 3.45708e-05-0j 
-0.00980546-0j 0.181829-0j -0.111296-0j 0-0j 0-0j 0.0224525-0j 0.0067633-0j 0-0j 0-0j -0.00708155-0j -0.0148441-0j 0-0j 0-0j 0.0171484-0j 0.0334997-0j -0.00517163-0j -0.0108406-0j 0-0j 0-0j 0-0j 0.00438312-0j 0-0j -0.19487-0j 0.380235-0j 0-0j 0-0j 0-0j 0.0119691-0j 0-0j 0-0j 0-0j 0.0171075-0j 0.00914158-0j 0-0j 0-0j 0.0036526-0j 0-0j -0.00354077-0j -0.00742207-0j 0-0j 0-0j -0.0191848-0j 0-0j 0-0j 0-0j -0.401441-0j 0-0j 0-0j 0-0j 0.022881-0j 0-0j 0-0j 0-0j 0-0j -0.0312316-0j -0.0173289-0j 0.028311-0j 0-0j 0-0j 0-0j 0.00639541-0j -0.0124789-0j 0-0j -0.00344529-0j -0.0378602-0j 0.0174688-0j 0.0131748-0j 0-0j -0.0400158-0j 0-0j 0-0j 0-0j -0.0596809-0j 0-0j 0-0j 0-0j 0-0j 0.0108991-0j 0-0j -0.00679154-0j 0-0j 0.0114249-0j -0.0132404-0j -0.0625049-0j 0-0j 0-0j 0-0j 0-0j 0-0j 0-0j 0.00175816-0j 0-0j 
-0.00490048-0j 0.0908727-0j 0.078698-0j 0-0j 0-0j 0.0282994-0j -0.00478238-0j 0-0j 0-0j -0.0054789-0j 0.0264717-0j 0-0j 0-0j 0.021614-0j -0.0219707-0j -0.00400122-0j 0.0193322-0j 0-0j 0-0j 0-0j -0.00309934-0j 0-0j -0.380235-0j 0.352833-0j 0-0j 0-0j 0-0j -0.00338165-0j 0-0j 0-0j 0-0j -0.0173693-0j -0.00258278-0j 0-0j 0-0j -0.00258278-0j 0-0j -0.00273945-0j 0.0132358-0j 0-0j 0-0j 0.0136699-0j 0-0j 0-0j 0-0j 0.0321283-0j 0-0j 0-0j 0-0j -0.000894701-0j 0-0j 0-0j 0-0j 0-0j -0.0115796-0j -0.0545914-0j -0.0630367-0j 0-0j 0-0j 0-0j 0.0124789-0j -0.0115796-0j 0-0j -0.00172185-0j 0.00764171-0j -0.000408373-0j -0.00105442-0j 0-0j 0.00394616-0j 0-0j 0-0j 0-0j -0.00183089-0j 0-0j 0-0j 0-0j 0-0j -0.0630239-0j 0-0j -0.0501768-0j 0-0j -0.000178229-0j 0.000372877-0j -0.0222868-0j 0-0j 0-0j 0-0j 0-0j 0-0j 0-0j -1.15046e-05-0j 0-0j 
0-0j 0-0j 0-0j 0.01352-0j -0.058297-0j 0-0j 0-0j -0.000821593-0j 0.00343014-0j 0-0j 0-0j 0.00454772-0j 0.00370498-0j 0-0j 0-0j 0-0j 0-0j 0.00332119-0j -0.00406046-0j -0.0138659-0j 0-0j -0.000532453-0j 0-0j 0-0j 0.0606152-0j 0.0752957-0j 0.257125-0j 0-0j 0.0234485-0j 0.0153786-0j -0.00686992-0j 0-0j 0-0j 0.0179091-0j 0.0117456-0j 0-0j -0.000443711-0j 0-0j 0-0j 0.00227386-0j 0.00185249-0j 0-0j -0.0182046-0j -0.00501708-0j 0.00191324-0j 0-0j -0.476771-0j -0.00536295-0j -0.00409602-0j 0-0j -0.00188905-0j 0.0216791-0j 0.0404395-0j -0.0217792-0j 0-0j 0-0j 0-0j -0.00937857-0j 0.0599413-0j -0.00343496-0j 0-0j 0-0j -0.00198932-0j 0-0j 0-0j 0-0j 0-0j 0.00833184-0j 0-0j -0.018364-0j 0.0156471-0j -0.00095262-0j 0-0j 0.014257-0j -0.0522312-0j -0.0014267-0j -0.00487199-0j 0-0j 0.0426184-0j 0-0j -0.00862016-0j 0-0j 0-0j 0-0j -0.0790248-0j -0.000451919-0j -0.00196721-0j -0.00427095-0j -0.0415802-0j 0.00101569-0j 0-0j -3.52836e-05-0j 
0-0j 0-0j 0-0j 0.106484-0j -0.0673156-0j 0-0j 0-0j 0.0277014-0j 0.00396079-0j 0-0j 0-0j -0.00741336-0j -0.0183143-0j 0-0j 0-0j 0-0j 0-0j 0.0231766-0j -0.00302866-0j 0.00331383-0j 0-0j -0.00419363-0j 0-0j 0-0j 0.0752957-0j -0.240426-0j 0.263064-0j 0-0j -0.00361994-0j 0.0028007-0j 0.00757109-0j 0-0j 0-0j 0.0118358-0j -0.00915717-0j 0-0j 0.0334156-0j 0-0j 0-0j -0.00370668-0j -0.00915717-0j 0-0j -0.00214158-0j -0.0236698-0j -0.0211242-0j 0-0j -0.10875-0j 0.0142864-0j -0.046711-0j 0-0j 0.0105657-0j 0.0119529-0j 0.00135287-0j 0.00378555-0j 0-0j 0-0j 0-0j -0.00214005-0j -0.248481-0j 0.00378555-0j 0-0j 0-0j 0.0236284-0j 0-0j 0-0j 0-0j 0-0j -0.04129-0j 0-0j -0.0330297-0j -0.0341266-0j 0.00669077-0j 0-0j 0.0122323-0j 0.00483192-0j 0.0157951-0j -0.0172823-0j 0-0j -0.00264345-0j 0-0j -0.00047853-0j 0-0j 0-0j 0-0j 0.00109279-0j -0.0163357-0j -0.0779753-0j 0.00473109-0j 0.00499381-0j 0.0020723-0j 0-0j 0.000447185-0j 
0-0j 0-0j 0-0j 0.0752611-0j 0.0673156-0j 0-0j 0-0j 0.0195788-0j -0.00396079-0j 0-0j 0-0j 0.010038-0j 0.0183143-0j 0-0j 0-0j 0-0j 0-0j -0.0313821-0j -0.00331383-0j 0.00634858-0j 0-0j -0.00296398-0j 0-0j 0-0j -0.257125-0j -0.263064-0j 0.503973-0j 0-0j 0.007588-0j 0.0135318-0j -0.0030251-0j 0-0j 0-0j -0.0248097-0j -0.0442435-0j 0-0j 0.0236176-0j 0-0j 0-0j 0.00501899-0j 0.00915717-0j 0-0j 0.0113215-0j 0.00945748-0j 0.0211242-0j 0-0j -0.0832446-0j -0.00161698-0j 0.00528689-0j 0-0j -0.000349308-0j 0.0025918-0j 0.0104811-0j 0.00730798-0j 0-0j 0-0j 0-0j 0.0117183-0j 0.0137407-0j -0.00151255-0j 0-0j 0-0j -0.0806878-0j 0-0j 0-0j 0-0j 0-0j -0.00261518-0j 0-0j -0.0180623-0j -0.0261228-0j -0.00014761-0j 0-0j 0.0012959-0j -0.0409594-0j 0.0172823-0j -0.0331092-0j 0-0j -0.0281874-0j 0-0j 0.00459261-0j 0-0j 0-0j 0-0j 0.0046559-0j 0.000257974-0j 0.00431196-0j 0.000504299-0j 0.00213945-0j 4.71314e-05-0j 0-0j -3.31728e-06-0j 
-0.0137378-0j -0.0144809-0j 0.00478238-0j 0-0j 0-0j 0.413615-0j -0.128786-0j 0-0j 0-0j 0.0146591-0j 0.00585719-0j 0-0j 0-0j -0.0125408-0j -0.00971407-0j 0.0107055-0j 0.00427749-0j 0-0j 0-0j 0-0j 0.00331333-0j 0-0j 0.0119691-0j 0.00338165-0j 0-0j 0-0j 0-0j -0.529394-0j 0-0j 0-0j 0-0j 0.00732957-0j 0.0160512-0j 0-0j 0-0j 0.00276111-0j 0-0j 0.00732957-0j 0.0029286-0j 0-0j 0-0j 0.0175832-0j 0-0j 0-0j 0-0j -0.00634997-0j 0-0j 0-0j 0-0j -0.0337217-0j 0-0j 0-0j 0-0j 0-0j 0.0113499-0j 0.00169083-0j -0.00511976-0j 0-0j 0-0j 0-0j 0.00691038-0j 0.0019524-0j 0-0j -0.00482696-0j -0.00549923-0j -0.0439888-0j -0.00366616-0j 0-0j -0.0307836-0j 0-0j 0-0j 0-0j -0.0311048-0j 0-0j 0-0j 0-0j 0-0j 0.00211586-0j 0-0j 0.00037808-0j 0-0j -0.0400743-0j -0.0308989-0j -0.00224505-0j 0-0j 0-0j 0-0j 0-0j 0-0j 0-0j -0.0111799-0j 0-0j 
0-0j 0-0j 0-0j -0.00686343-0j 0.00433882-0j 0-0j 0-0j 0.184827-0j -0.113131-0j 0-0j 0-0j 0.016104-0j 0.00485095-0j 0-0j 0-0j 0-0j 0-0j 0.0117607-0j -0.00343417-0j -0.00719861-0j 0-0j -0.00475513-0j 0-0j 0-0j 0.0234485-0j -0.00361994-0j -0.007588-0j 0-0j -0.198083-0j 0.386505-0j 0.00858481-0j 0-0j 0-0j 0.0060059-0j -0.0117188-0j 0-0j -0.00396261-0j 0-0j 0-0j 0.00805199-0j 0.00242548-0j 0-0j 0.0117326-0j 0.00626946-0j 0.00250502-0j 0-0j -0.0134286-0j -0.408061-0j 0.0123724-0j 0-0j 0.0119804-0j -0.0259652-0j -0.0118845-0j -0.020739-0j 0-0j 0-0j 0-0j 0.0187996-0j 0.0160158-0j 0.00429241-0j 0-0j 0-0j 0.013538-0j 0-0j 0-0j 0-0j 0-0j -0.0209521-0j 0-0j -0.0422696-0j -0.00775302-0j 0.00758662-0j 0-0j -0.0265721-0j 0.00991537-0j -0.00120665-0j -0.00252933-0j 0-0j -0.00746605-0j 0-0j 0.00736795-0j 0-0j 0-0j 0-0j -0.0132128-0j 0.00432686-0j 0.00924674-0j -0.0259192-0j -0.0438689-0j -0.00450165-0j 0-0j 0.00050706-0j 
0-0j 0-0j 0-0j -0.00343014-0j -0.00306801-0j 0-0j 0-0j 0.0923712-0j 0.0799958-0j 0-0j 0-0j 0.0202976-0j -0.00343014-0j 0-0j 0-0j 0-0j 0-0j 0.0148233-0j -0.00265698-0j 0.0128374-0j 0-0j -0.00237647-0j 0-0j 0-0j -0.0153786-0j -0.0028007-0j 0.0135318-0j 0-0j -0.386505-0j 0.358651-0j -0.00242548-0j 0-0j 0-0j 0.0117188-0j -0.0108743-0j 0-0j -0.00198039-0j 0-0j 0-0j 0.0101488-0j -0.00171507-0j 0-0j -0.0119122-0j -0.00177132-0j -0.00177132-0j 0-0j 0.0095684-0j 0.0326582-0j -0.000990196-0j 0-0j -0.00028007-0j 0.00524083-0j -0.0374397-0j -0.0076893-0j 0-0j 0-0j 0-0j -0.0418589-0j -0.000626255-0j -0.00121274-0j 0-0j 0-0j -0.00887884-0j 0-0j 0-0j 0-0j 0-0j 0.00123527-0j 0-0j -0.00443942-0j 0.00552432-0j -0.000118351-0j 0-0j 0.00262041-0j -0.0341777-0j -0.000933566-0j 0.00451059-0j 0-0j -0.039457-0j 0-0j -0.038474-0j 0-0j 0-0j 0-0j -0.0279003-0j -4.83166e-05-0j -0.000361569-0j -0.000530612-0j -0.00764236-0j 9.53035e-05-0j 0-0j -2.65974e-06-0j 
0-0j 0-0j 0-0j -0.00971554-0j 0.00331383-0j 0-0j 0-0j -0.0103863-0j 0.00343014-0j 0-0j 0-0j 0.418135-0j -0.130194-0j 0-0j 0-0j 0-0j 0-0j -0.00868984-0j 0.00718257-0j 0.00286986-0j 0-0j -0.00673112-0j 0-0j 0-0j -0.00686992-0j 0.00757109-0j 0.0030251-0j 0-0j 0.00858481-0j 0.00242548-0j -0.53518-0j 0-0j 0-0j 0.00655676-0j 0.00185249-0j 0-0j -0.00560927-0j 0-0j 0-0j -0.00594953-0j 0.00185249-0j 0-0j 0.00507884-0j 0.0111223-0j 0.00191324-0j 0-0j 0.0124351-0j -0.00455449-0j -0.00347855-0j 0-0j -0.0304809-0j -0.00381056-0j 0.00117162-0j 0.00761492-0j 0-0j 0-0j 0-0j -0.00343496-0j -0.0238485-0j 0.00761492-0j 0-0j 0-0j -0.00396635-0j 0-0j 0-0j 0-0j 0-0j -0.0278252-0j 0-0j -0.0024597-0j 0.00717942-0j -0.0268867-0j 0-0j -0.0206534-0j 0.00267679-0j 0.0025237-0j 0.00100837-0j 0-0j 0.000534767-0j 0-0j -0.000768081-0j 0-0j 0-0j 0-0j 0.00219824-0j -0.0195452-0j -0.0137689-0j -0.0190118-0j -0.00843171-0j -0.0128662-0j 0-0j -0.00373598-0j 
-0.0450452-0j 0.0063294-0j 0.0290632-0j 0-0j 0-0j -0.0346755-0j -0.00414166-0j 0-0j 0-0j 0.00433655-0j 0.0229251-0j 0-0j 0-0j 0.198676-0j 0.0269208-0j 0.00316696-0j 0.0167422-0j 0-0j 0-0j 0-0j -0.0026841-0j 0-0j -0.0171075-0j -0.0173693-0j 0-0j 0-0j 0-0j -0.00732957-0j 0-0j 0-0j 0-0j -0.103133-0j 0.0419954-0j 0-0j 0-0j 0.0167796-0j 0-0j -0.0347001-0j -0.183442-0j 0-0j 0-0j 0.0296289-0j 0-0j 0-0j 0-0j -0.013974-0j 0-0j 0-0j 0-0j -0.0140117-0j 0-0j 0-0j 0-0j 0-0j -0.0250981-0j 0.354666-0j 0.0772393-0j 0-0j 0-0j 0-0j -0.00987701-0j -0.0100282-0j 0-0j 0.0021098-0j -0.438637-0j 0.0802496-0j -0.00806791-0j 0-0j 0.0618-0j 0-0j 0-0j 0-0j -0.0479604-0j 0-0j 0-0j 0-0j 0-0j 0.0498833-0j 0-0j -0.0434544-0j 0-0j -0.00699631-0j 0.0204484-0j -0.170529-0j 0-0j 0-0j 0-0j 0-0j 0-0j 0-0j -0.00107665-0j 0-0j 
-0.0787117-0j -0.0473467-0j 0.027401-0j 0-0j 0-0j 0.0125408-0j 0.0167161-0j 0-0j 0-0j -0.0111961-0j -0.00447351-0j 0-0j 0-0j 0.307599-0j 0.00741924-0j 0.0350028-0j 0.0139857-0j 0-0j 0-0j 0-0j -0.0025306-0j 0-0j -0.00914158-0j -0.00258278-0j 0-0j 0-0j 0-0j -0.0160512-0j 0-0j 0-0j 0-0j 0.0419954-0j -0.393702-0j 0-0j 0-0j -0.151268-0j 0-0j 0.0895888-0j 0.035796-0j 0-0j 0-0j -0.0134294-0j 0-0j 0-0j 0-0j 0.00484987-0j 0-0j 0-0j 0-0j 0.0257554-0j 0-0j 0-0j 0-0j 0-0j 0.0371098-0j 0.00968773-0j -0.0167396-0j 0-0j 0-0j 0-0j 0.0504663-0j 0.0142583-0j 0-0j -0.05472-0j -0.0315083-0j -0.252037-0j -0.0267738-0j 0-0j -0.10065-0j 0-0j 0-0j 0-0j 0.0237566-0j 0-0j 0-0j 0-0j 0-0j -0.00161602-0j 0-0j -0.000288764-0j 0-0j -0.131027-0j 0.0235994-0j 0.00171469-0j 0-0j 0-0j 0-0j 0-0j 0-0j 0-0j 0.00853878-0j 0-0j 
0-0j 0-0j 0-0j -0.0393246-0j -0.00331383-0j 0-0j 0-0j -0.0239901-0j 0.0257322-0j 0-0j 0-0j -0.0122996-0j 0.0158607-0j 0-0j 0-0j 0-0j 0-0j 0.0384528-0j -0.0196764-0j -0.0412451-0j 0-0j 0.00363179-0j 0-0j 0-0j -0.0179091-0j -0.0118358-0j -0.0248097-0j 0-0j -0.0060059-0j 0.0117188-0j -0.00655676-0j 0-0j 0-0j -0.147312-0j 0.287438-0j 0-0j 0.217093-0j 0-0j 0-0j 0.098419-0j -0.126914-0j 0-0j -0.00896094-0j 0.0204986-0j 0.0182941-0j 0-0j 0.0102563-0j -0.0123724-0j -0.303469-0j 0-0j -0.00915019-0j 0.0198313-0j 0.00907692-0j -0.118826-0j 0-0j 0-0j 0-0j 0.107714-0j -0.0122323-0j 0.0524658-0j 0-0j 0-0j 0.0988674-0j 0-0j 0-0j 0-0j 0-0j -0.068505-0j 0-0j -0.138205-0j -0.05662-0j 0.0434682-0j 0-0j -0.152247-0j 0.0324193-0j -0.0136789-0j -0.0286734-0j 0-0j -0.024411-0j 0-0j -0.00562736-0j 0-0j 0-0j 0-0j 0.0100914-0j 0.0141471-0j 0.0675286-0j 0.0197961-0j 0.0335055-0j 0.00343819-0j 0-0j -0.000387273-0j 
0-0j 0-0j 0-0j -0.0196533-0j 0.00234323-0j 0-0j 0-0j -0.0119895-0j -0.0181954-0j 0-0j 0-0j -0.0155026-0j -0.0112152-0j 0-0j 0-0j 0-0j 0-0j 0.0484663-0j -0.0152234-0j 0.0735527-0j 0-0j 0.00181506-0j 0-0j 0-0j 0.0117456-0j -0.00915717-0j 0.0442435-0j 0-0j -0.0117188-0j 0.0108743-0j 0.00185249-0j 0-0j 0-0j -0.287438-0j 0.266724-0j 0-0j 0.108496-0j 0-0j 0-0j 0.124048-0j 0.0897416-0j 0-0j 0.0090981-0j -0.0057915-0j -0.0129359-0j 0-0j -0.00730798-0j 0.000990196-0j 0.0242874-0j 0-0j 0.000213907-0j -0.00400275-0j 0.0285951-0j -0.0440565-0j 0-0j 0-0j 0-0j -0.239834-0j 0.00047831-0j -0.0148232-0j 0-0j 0-0j -0.0648419-0j 0-0j 0-0j 0-0j 0-0j 0.00403886-0j 0-0j -0.0145151-0j 0.0403439-0j -0.000678103-0j 0-0j 0.0150139-0j -0.111747-0j -0.0105832-0j 0.0511335-0j 0-0j -0.129008-0j 0-0j 0.029385-0j 0-0j 0-0j 0-0j 0.0213092-0j -0.000157976-0j -0.00264052-0j 0.000405262-0j 0.00583695-0j -7.27893e-05-0j 0-0j 2.03141e-06-0j 
0.0300163-0j 0.0403285-0j 0.027401-0j 0-0j 0-0j -0.00478238-0j 0.037337-0j 0-0j 0-0j -0.00447351-0j -0.00447351-0j 0-0j 0-0j -0.262004-0j -0.00282929-0j 0.0312384-0j 0.0312384-0j 0-0j 0-0j 0-0j -0.0025306-0j 0-0j -0.0036526-0j -0.00258278-0j 0-0j 0-0j 0-0j -0.00276111-0j 0-0j 0-0j 0-0j 0.0167796-0j -0.151268-0j 0-0j 0-0j 0.564021-0j 0-0j 0.035796-0j 0.035796-0j 0-0j 0-0j -0.00231011-0j 0-0j 0-0j 0-0j -0.00149117-0j 0-0j 0-0j 0-0j -0.00073052-0j 0-0j 0-0j 0-0j 0-0j 0.0142583-0j 0.00968773-0j 0.0142583-0j 0-0j 0-0j 0-0j -0.0751849-0j -0.0531638-0j 0-0j -0.192104-0j 0.00968773-0j 0.00250136-0j -0.0306941-0j 0-0j 0.0063765-0j 0-0j 0-0j 0-0j -0.000235774-0j 0-0j 0-0j 0-0j 0-0j -0.000645695-0j 0-0j -0.000288764-0j 0-0j 0.00139147-0j -6.30134e-05-0j -0.000527208-0j 0-0j 0-0j 0-0j 0-0j 0-0j 0-0j -9.39348e-06-0j 0-0j 
0-0j 0-0j 0-0j 0.00470739-0j 0.00270573-0j 0-0j 0-0j 0.00641434-0j -0.0210102-0j 0-0j 0-0j -0.000768529-0j -0.0289255-0j 0-0j 0-0j 0-0j 0-0j 0.00536662-0j 0.0248711-0j -0.0175784-0j 0-0j -0.000434746-0j 0-0j 0-0j -0.000443711-0j 0.0334156-0j -0.0236176-0j 0-0j -0.00396261-0j 0.00198039-0j -0.00560927-0j 0-0j 0-0j -0.217093-0j 0.108496-0j 0-0j 0.0968965-0j 0-0j 0-0j 0.00614961-0j 0.231456-0j 0-0j -0.00234431-0j 0.0391694-0j 0.0556946-0j 0-0j -0.00457995-0j -0.00437883-0j -0.239896-0j 0-0j -0.0015424-0j -0.0036636-0j 0.000956621-0j 0.0210398-0j 0-0j 0-0j 0-0j 0.00166431-0j -0.00278205-0j 0.0448842-0j 0-0j 0-0j -0.00913331-0j 0-0j 0-0j 0-0j 0-0j 0.0134632-0j 0-0j 0.0226122-0j -0.0942734-0j 0.00583498-0j 0-0j 0.0180742-0j 0.0118142-0j -0.159175-0j 0.112502-0j 0-0j -0.00417503-0j 0-0j -4.96084e-05-0j 0-0j 0-0j 0-0j -0.000809628-0j 0.00352822-0j -0.0572655-0j -0.000549996-0j -0.000983603-0j -0.000171644-0j 0-0j -2.8809e-05-0j 
0.096095-0j -0.0063294-0j -0.0620006-0j 0-0j 0-0j -0.00717686-0j 0.00414166-0j 0-0j 0-0j -0.00433655-0j 0.00474487-0j 0-0j 0-0j 0.0877223-0j -0.00424589-0j -0.00316696-0j 0.00346516-0j 0-0j 0-0j 0-0j 0.0026841-0j 0-0j -0.00354077-0j 0.00273945-0j 0-0j 0-0j 0-0j 0.00732957-0j 0-0j 0-0j 0-0j 0.0347001-0j -0.0895888-0j 0-0j 0-0j -0.035796-0j 0-0j -0.241879-0j 0.264654-0j 0-0j 0-0j 0.00613236-0j 0-0j 0-0j 0-0j 0.013974-0j 0-0j 0-0j 0-0j 0.0140117-0j 0-0j 0-0j 0-0j 0-0j 0.00395842-0j -0.0219205-0j -0.00223778-0j 0-0j 0-0j 0-0j -0.00204427-0j 0.00158162-0j 0-0j -0.0021098-0j -0.193673-0j -0.171197-0j 0.00806791-0j 0-0j 0.0127909-0j 0-0j 0-0j 0-0j 0.00756421-0j 0-0j 0-0j 0-0j 0-0j -0.000625926-0j 0-0j 0.00030628-0j 0-0j 0.00699631-0j 0.00423224-0j 0.00494056-0j 0-0j 0-0j 0-0j 0-0j 0-0j 0-0j 0.00107665-0j 0-0j 
0.0679182-0j -0.00447351-0j 0.0620006-0j 0-0j 0-0j 0.00971777-0j -0.00414166-0j 0-0j 0-0j -0.00474487-0j 0.00909014-0j 0-0j 0-0j -0.11878-0j 0.0144991-0j -0.00346516-0j 0.0066385-0j 0-0j 0-0j 0-0j -0.0026841-0j 0-0j 0.00742207-0j 0.0132358-0j 0-0j 0-0j 0-0j -0.0029286-0j 0-0j 0-0j 0-0j -0.183442-0j 0.035796-0j 0-0j 0-0j 0.035796-0j 0-0j -0.264654-0j 0.507019-0j 0-0j 0-0j 0.00469413-0j 0-0j 0-0j 0-0j -0.00158162-0j 0-0j 0-0j 0-0j -0.000774834-0j 0-0j 0-0j 0-0j 0-0j 0.00764171-0j -0.169826-0j 0.0122534-0j 0-0j 0-0j 0-0j 0.00428513-0j 0.00764171-0j 0-0j -0.00149117-0j -0.0419949-0j 0.00565985-0j -0.00091315-0j 0-0j 0.00135508-0j 0-0j 0-0j 0-0j 0.00120826-0j 0-0j 0-0j 0-0j 0-0j 0.00730278-0j 0-0j 0.00415895-0j 0-0j -0.000154351-0j 0.000128043-0j 0.00433223-0j 0-0j 0-0j 0-0j 0-0j 0-0j 0-0j -9.96329e-06-0j 0-0j 
0-0j 0-0j 0-0j 0.0106514-0j 0.00286986-0j 0-0j 0-0j -0.00071152-0j -0.0475401-0j 0-0j 0-0j 0.00156165-0j 0.0032086-0j 0-0j 0-0j 0-0j 0-0j 0.00114047-0j 0.056276-0j 0.0762-0j 0-0j -0.000461118-0j 0-0j 0-0j 0.00227386-0j -0.00370668-0j -0.00501899-0j 0-0j 0.00805199-0j -0.0101488-0j -0.00594953-0j 0-0j 0-0j -0.098419-0j 0.124048-0j 0-0j 0.00614961-0j 0-0j 0-0j 0.0871038-0j 0.178966-0j 0-0j 0.0120138-0j -0.00434492-0j 0.00165692-0j 0-0j 0.00930643-0j -0.00464446-0j 0.0567689-0j 0-0j -0.00163597-0j 0.00744441-0j -0.00786084-0j -0.230016-0j 0-0j 0-0j 0-0j -0.0291754-0j -0.00295081-0j -0.331846-0j 0-0j 0-0j 0.00131281-0j 0-0j 0-0j 0-0j 0-0j 0.00286108-0j 0-0j 0.012119-0j 0.00537307-0j 0.0132028-0j 0-0j -0.0783493-0j 0.010153-0j -0.00123556-0j -0.001673-0j 0-0j -0.00493833-0j 0-0j 0.00071449-0j 0-0j 0-0j 0-0j 0.00915686-0j -0.000391373-0j -0.00170365-0j 0.00281853-0j 0.00808256-0j 0.00034878-0j 0-0j -3.05565e-05-0j 
0-0j 0-0j 0-0j 0.0419264-0j -0.00234323-0j 0-0j 0-0j 0.0119895-0j 0.0388163-0j 0-0j 0-0j -0.0032086-0j 0.0112152-0j 0-0j 0-0j 0-0j 0-0j 0.0100312-0j 0.032476-0j 0.032476-0j 0-0j -0.00181506-0j 0-0j 0-0j -0.00185249-0j 0.00915717-0j 0.00915717-0j 0-0j -0.00242548-0j -0.00171507-0j -0.00185249-0j 0-0j 0-0j -0.126914-0j -0.0897416-0j 0-0j -0.231456-0j 0-0j 0-0j -0.178966-0j 0.625548-0j 0-0j -0.00143493-0j 0.0057915-0j 0.0129359-0j 0-0j -0.00151255-0j -0.000990196-0j -0.0518123-0j 0-0j -0.000213907-0j -0.000828458-0j -0.000828458-0j 0.0148232-0j 0-0j 0-0j 0-0j 0.0148232-0j -0.00047831-0j -0.103326-0j 0-0j 0-0j 0.0102267-0j 0-0j 0-0j 0-0j 0-0j 0.000835931-0j 0-0j 0.00228929-0j 0.00835007-0j 0.0014466-0j 0-0j 0.00662914-0j 0.00323755-0j 0.0105832-0j 0.0105832-0j 0-0j 0.00161877-0j 0-0j -0.000207114-0j 0-0j 0-0j 0-0j -0.000267384-0j 0.000157976-0j 0.00264052-0j -6.39169e-05-0j -0.000169108-0j -1.50654e-05-0j 0-0j -2.03141e-06-0j 
-0.135991-0j 0.0121156-0j -0.00400122-0j 0-0j 0-0j -0.0263186-0j -0.00427749-0j 0-0j 0-0j -0.0122647-0j 0.00938825-0j 0-0j 0-0j -0.0201011-0j 0.464605-0j 0.105975-0j -0.0811204-0j 0-0j 0-0j 0-0j 0.0683699-0j 0-0j 0.0191848-0j 0.0136699-0j 0-0j 0-0j 0-0j -0.0175832-0j 0-0j 0-0j 0-0j 0.0296289-0j -0.0134294-0j 0-0j 0-0j -0.00231011-0j 0-0j -0.00613236-0j 0.00469413-0j 0-0j 0-0j -0.333457-0j 0-0j 0-0j 0-0j 0.00531276-0j 0-0j 0-0j 0-0j -0.333814-0j 0-0j 0-0j 0-0j 0-0j 0.0458807-0j 0.0109598-0j -0.0331858-0j 0-0j 0-0j 0-0j 0.0110764-0j 0.00789233-0j 0-0j 0.00403852-0j -0.00881449-0j 0.0368036-0j 0.00306733-0j 0-0j -0.0493418-0j 0-0j 0-0j 0-0j -0.125737-0j 0-0j 0-0j 0-0j 0-0j 0.0188765-0j 0-0j 0.00429534-0j 0-0j 0.0335286-0j -0.0495266-0j -0.0145522-0j 0-0j 0-0j 0-0j 0-0j 0-0j 0-0j 0.00935376-0j 0-0j 
0-0j 0-0j 0-0j 0.00406046-0j 0.0303705-0j 0-0j 0-0j 0.00434082-0j -0.00265698-0j 0-0j 0-0j -0.0240275-0j -0.00286986-0j 0-0j 0-0j 0-0j 0-0j 0.207613-0j -0.0240382-0j -0.127078-0j 0-0j -0.0693821-0j 0-0j 0-0j 0.0182046-0j 0.00214158-0j 0.0113215-0j 0-0j -0.0117326-0j -0.0119122-0j -0.00507884-0j 0-0j 0-0j -0.00896094-0j -0.0090981-0j 0-0j 0.00234431-0j 0-0j 0-0j -0.0120138-0j -0.00143493-0j 0-0j -0.107772-0j 0.0438844-0j 0.0175344-0j 0-0j 0.0200358-0j -0.00958364-0j -0.00731963-0j 0-0j 0.0838593-0j -0.458367-0j 0.370619-0j -0.0161011-0j 0-0j 0-0j 0-0j 0.0495509-0j -0.00947508-0j -0.00253942-0j 0-0j 0-0j 0.0105104-0j 0-0j 0-0j 0-0j 0-0j 0.031261-0j 0-0j -0.0328166-0j 0.0115677-0j -0.0044883-0j 0-0j 0.0396462-0j 0.0261343-0j 0.000713861-0j 0.00377383-0j 0-0j -0.0330121-0j 0-0j 0.0455439-0j 0-0j 0-0j 0-0j -0.058422-0j -0.00255981-0j -0.00547044-0j -0.0201227-0j -0.115627-0j 0.00671657-0j 0-0j -0.000299981-0j 
0-0j 0-0j 0-0j 0.00709523-0j 0.0286336-0j 0-0j 0-0j -0.0324712-0j -0.00250502-0j 0-0j 0-0j 0.00868984-0j 0.011583-0j 0-0j 0-0j 0-0j 0-0j 0.321435-0j 0.0620619-0j 0.0247974-0j 0-0j -0.121238-0j 0-0j 0-0j 0.00501708-0j 0.0236698-0j 0.00945748-0j 0-0j -0.00626946-0j -0.00177132-0j -0.0111223-0j 0-0j 0-0j 0.0204986-0j 0.0057915-0j 0-0j -0.0391694-0j 0-0j 0-0j 0.00434492-0j 0.0057915-0j 0-0j 0.0438844-0j -0.411412-0j -0.158072-0j 0-0j -0.00908133-0j 0.00332613-0j -0.0108751-0j 0-0j -0.263374-0j -0.0329256-0j 0.0101235-0j -0.00556115-0j 0-0j 0-0j 0-0j 0.00250854-0j 0.0174165-0j -0.00556115-0j 0-0j 0-0j -0.0276969-0j 0-0j 0-0j 0-0j 0-0j -0.0869908-0j 0-0j -0.00768986-0j 0.0501337-0j 0.0196353-0j 0-0j 0.0150831-0j 0.00836853-0j 0.0273559-0j 0.0109303-0j 0-0j 0.00167186-0j 0-0j 0.000560927-0j 0-0j 0-0j 0-0j -0.00160537-0j -0.0611047-0j -0.096148-0j 0.0138842-0j 0.00615765-0j 0.00939618-0j 0-0j 0.00272837-0j 
0-0j 0-0j 0-0j -0.00270573-0j 0.0286336-0j 0-0j 0-0j 0.027658-0j -0.00250502-0j 0-0j 0-0j -0.00331383-0j 0.0258717-0j 0-0j 0-0j 0-0j 0-0j -0.273789-0j 0.0247974-0j 0.0247974-0j 0-0j 0.0462335-0j 0-0j 0-0j -0.00191324-0j 0.0211242-0j 0.0211242-0j 0-0j -0.00250502-0j -0.00177132-0j -0.00191324-0j 0-0j 0-0j 0.0182941-0j 0.0129359-0j 0-0j -0.0556946-0j 0-0j 0-0j -0.00165692-0j 0.0129359-0j 0-0j 0.0175344-0j -0.158072-0j 0.589392-0j 0-0j -0.00156215-0j -0.00102267-0j 0.00746853-0j 0-0j 0.00261388-0j 0.0101235-0j 0.0101235-0j -0.000956621-0j 0-0j 0-0j 0-0j -0.000956621-0j -0.000493997-0j -0.000956621-0j 0-0j 0-0j -0.039382-0j 0-0j 0-0j 0-0j 0-0j 0.00192837-0j 0-0j 0.00528105-0j -0.0321553-0j -9.33566e-05-0j 0-0j -0.000427814-0j 0.00746853-0j -0.100625-0j -0.100625-0j 0-0j 0.00373426-0j 0-0j -0.000213907-0j 0-0j 0-0j 0-0j -0.000276153-0j 0.000364427-0j -0.0101684-0j -6.60131e-05-0j -0.000174654-0j -1.55594e-05-0j 0-0j -2.09803e-06-0j 
