-0.0811182-0j -0.0855061-0j -0.0287476-0j -0.0969548-0j -0.0746886-0j -0.0578535-0j -0.0307542-0j 0.880358-0j -0.0646822-0j -0.0944744-0j -0.105626-0j -0.0615084-0j -0.0652395-0j -0.0189953-0j -0.0977903-0j -0.0753321-0j -0.0825222-0j -0.0537268-0j -0.0615084-0j -0.0358179-0j -0.0537268-0j -0.0221229-0j -0.0339798-0j -0.0312865-0j -0.0171363-0j -0.0122216-0j -0.00814775-0j -0.00380417-0j -0.000639492-0j 0.00674945-0j 0.00974199-0j 0.0104146-0j 0.005673-0j -0.0818962-0j 0.00601713-0j 0.00878858-0j 0.00694798-0j 0.00404598-0j 0.00350392-0j 0.000790253-0j 0.0107638-0j 0.011346-0j 0.00381459-0j 0.0128652-0j 0.0099106-0j 0.00767671-0j 0.00408085-0j -0.0826019-0j 0.00606898-0j 0.00886431-0j 0.0099106-0j 0.00577119-0j 0.00612127-0j 0.00178228-0j 0.00749171-0j 0.00577119-0j 0.00632202-0j 0.00411601-0j 0.00408085-0j 0.00237638-0j 0.00356457-0j 0.00146777-0j 0.00201643-0j 0.0018566-0j 0.000928299-0j 0.000662062-0j 0.000408634-0j 0.000178468-0j 2.68337e-05-0j 
-0.280792-0j 0.0431215-0j 0.0144977-0j 0.0488951-0j -0.258536-0j 0.029176-0j 0.0155096-0j 0.0646822-0j 0.5282-0j 0.0476442-0j 0.0532679-0j 0.0310192-0j -0.225828-0j 0.00957949-0j 0.0493165-0j -0.260764-0j 0.0416166-0j 0.0270949-0j 0.0310192-0j 0.0180633-0j -0.185977-0j 0.0111568-0j 0.0171363-0j 0.015778-0j -0.0593177-0j 0.00616346-0j 0.00410898-0j 0.00191848-0j 0.000322501-0j -0.0034038-0j 0.0337221-0j -0.00525218-0j 0.0196372-0j -0.00601713-0j -0.0491363-0j -0.00443215-0j -0.00350392-0j -0.00204042-0j 0.0121289-0j -0.000398531-0j 0.037259-0j -0.00572189-0j -0.00192373-0j -0.00648801-0j 0.0343057-0j -0.00387143-0j -0.00205801-0j -0.00606898-0j -0.0495597-0j -0.00447034-0j -0.004998-0j -0.00291046-0j 0.0211889-0j -0.000898821-0j -0.00377813-0j 0.0199771-0j -0.00318825-0j -0.00207574-0j -0.00205801-0j -0.00119843-0j 0.0123388-0j -0.000740208-0j -0.0010169-0j -0.000936297-0j 0.00321332-0j -0.000333884-0j -0.000206077-0j -9.0003e-05-0j -1.35325e-05-0j 
-0.233921-0j -0.122751-0j -0.166159-0j 0.0714159-0j -0.107222-0j -0.166832-0j -0.0441502-0j 0.0944744-0j 0.0476442-0j 0.530966-0j 0.0778027-0j -0.221907-0j 0.0480548-0j 0.0139917-0j 0.0720313-0j -0.108146-0j -0.237969-0j -0.0771294-0j 0.0453065-0j -0.129222-0j 0.0395746-0j 0.0162955-0j -0.0979876-0j -0.0449144-0j 0.0126224-0j 0.00900232-0j -0.0116968-0j 0.00280211-0j 0.000471043-0j 0.0438983-0j -0.00717584-0j 0.0149511-0j 0.0204668-0j -0.00878858-0j -0.00443215-0j -0.0493937-0j -0.00511781-0j 0.0145969-0j -0.00258095-0j -0.000582092-0j 0.0310395-0j 0.0162881-0j 0.0220481-0j -0.00947634-0j 0.0142275-0j 0.0221373-0j 0.0058584-0j -0.00886431-0j -0.00447034-0j -0.0498193-0j -0.00730004-0j 0.020821-0j -0.00450886-0j -0.00131281-0j -0.00551831-0j 0.00828503-0j 0.0182308-0j 0.00590888-0j -0.00300591-0j 0.0085734-0j -0.00262562-0j -0.00108114-0j 0.00581476-0j 0.0026653-0j -0.000683775-0j -0.000487668-0j 0.000586628-0j -0.000131458-0j -1.97654e-05-0j 
0.0668035-0j -0.344897-0j 0.0236746-0j -0.0771286-0j -0.0594155-0j -0.13969-0j -0.12405-0j 0.105626-0j 0.0532679-0j 0.0778027-0j 0.411554-0j -0.0489306-0j -0.157524-0j -0.107374-0j 0.0805334-0j 0.0620384-0j -0.0656473-0j -0.129726-0j -0.2481-0j 0.0294972-0j -0.0427403-0j -0.0892348-0j 0.0279835-0j -0.0248887-0j 0.0141123-0j -0.0295097-0j 0.00670993-0j -0.00302626-0j 0.000526642-0j -0.00555838-0j 0.0392952-0j -0.00857677-0j -0.0046719-0j 0.00949159-0j 0.00478669-0j 0.0069914-0j -0.0821688-0j 0.00976924-0j 0.0141334-0j 0.00574646-0j -0.00886431-0j 0.0457652-0j -0.00314144-0j 0.0102344-0j 0.00788398-0j 0.0185358-0j 0.0164605-0j -0.0099106-0j -0.004998-0j -0.00730004-0j -0.0386151-0j 0.00459104-0j 0.0147801-0j 0.0100746-0j -0.00616966-0j -0.00475276-0j 0.00502923-0j 0.00993832-0j 0.0164605-0j -0.00195703-0j 0.00283565-0j 0.00592038-0j -0.00166059-0j 0.00147694-0j -0.000764484-0j 0.00159858-0j -0.000336523-0j 0.000141973-0j -2.20984e-05-0j 
-0.0389013-0j 0.200842-0j -0.4892-0j 0.0449139-0j -0.169464-0j 0.0813452-0j -0.353813-0j -0.0615084-0j -0.0310192-0j 0.221907-0j 0.0489306-0j 0.187969-0j 0.0917303-0j 0.0625263-0j -0.0468966-0j 0.176945-0j 0.038228-0j -0.370003-0j -0.0294972-0j -0.113315-0j 0.0248887-0j 0.0519637-0j -0.0162955-0j -0.0709872-0j -0.00821795-0j 0.0171843-0j 0.0191379-0j 0.00176227-0j -0.000306677-0j 0.00323679-0j 0.0046719-0j -0.0244625-0j 0.0179473-0j -0.00552719-0j -0.00278741-0j 0.0199408-0j -0.00976924-0j -0.0375289-0j -0.00823024-0j -0.00334631-0j 0.00516191-0j -0.0266502-0j 0.064913-0j -0.00595973-0j 0.0224866-0j -0.0107939-0j 0.0469483-0j 0.00577119-0j 0.00291046-0j -0.020821-0j -0.00459104-0j -0.0176366-0j -0.00860684-0j -0.0058667-0j 0.00359275-0j -0.0135557-0j -0.00292865-0j 0.0283459-0j 0.00195703-0j 0.00751798-0j -0.00165127-0j -0.00344759-0j 0.000967004-0j 0.00421251-0j 0.000445178-0j -0.000930896-0j -0.000959825-0j -8.26746e-05-0j 1.28685e-05-0j 
0.120975-0j -0.043493-0j -0.0146226-0j 0.144593-0j -0.326579-0j -0.0254903-0j -0.19389-0j -0.0652395-0j 0.225828-0j -0.0480548-0j 0.157524-0j 0.0917303-0j 0.0842776-0j -0.305831-0j -0.0497414-0j 0.112346-0j 0.123069-0j -0.0236721-0j -0.0312865-0j -0.0182189-0j -0.234923-0j -0.139474-0j -0.017284-0j 0.046659-0j 0.0255562-0j -0.00538486-0j -0.00414438-0j 0.00567334-0j -0.00032528-0j 0.00343313-0j -0.0145287-0j 0.00529744-0j -0.00846041-0j -0.0177939-0j 0.061594-0j -0.0131068-0j 0.00306129-0j 0.00178266-0j -0.0647681-0j 0.0235718-0j -0.0160525-0j 0.00577119-0j 0.00194031-0j -0.0191864-0j 0.0433346-0j 0.00338237-0j 0.0257277-0j 0.00612127-0j -0.0211889-0j 0.00450886-0j -0.0147801-0j -0.00860684-0j -0.00790757-0j 0.0286954-0j 0.00381069-0j -0.00860684-0j -0.00942832-0j 0.00181352-0j 0.00207574-0j 0.00120875-0j 0.0155863-0j 0.00925354-0j 0.00102566-0j -0.00276883-0j -0.00138441-0j 0.000291705-0j 0.000207853-0j -0.000266158-0j 1.36491e-05-0j 
0.0120137-0j 0.0126635-0j 0.00425755-0j -0.0985594-0j -0.0759246-0j 0.271207-0j -0.299774-0j 0.0189953-0j 0.00957949-0j 0.0139917-0j -0.107374-0j -0.0625263-0j 0.305831-0j -0.346334-0j 0.0144828-0j 0.0111568-0j -0.0838879-0j 0.251862-0j 0.00910946-0j 0.00530467-0j -0.054616-0j -0.215641-0j 0.00503245-0j -0.0318043-0j 0.00253791-0j 0.0572927-0j 0.00120669-0j -0.00386713-0j 9.47094e-05-0j -0.000999599-0j -0.0014428-0j -0.00154242-0j -0.000840177-0j 0.0121289-0j 0.00611671-0j 0.00893402-0j -0.0325709-0j -0.0189668-0j 0.0341542-0j -0.0461665-0j -0.00159412-0j -0.00168035-0j -0.000564944-0j 0.0130781-0j 0.0100746-0j -0.035987-0j 0.0397777-0j -0.00178228-0j -0.000898821-0j -0.00131281-0j 0.0100746-0j 0.0058667-0j -0.0286954-0j 0.0324957-0j -0.00110953-0j -0.000854719-0j 0.00642665-0j -0.0192951-0j -0.000604377-0j -0.000351944-0j 0.00362356-0j 0.0143069-0j -0.000298635-0j 0.00188732-0j -0.000137482-0j -0.00310363-0j -6.0519e-05-0j 0.000181422-0j -3.9741e-06-0j 
0.0874663-0j 0.0921976-0j 0.0309973-0j -0.614803-0j 0.0805334-0j 0.0623809-0j 0.0331609-0j 0.00235287-0j 0.00118657-0j 0.0017331-0j 0.00193766-0j 0.00112835-0j 0.0011968-0j 0.000348462-0j 0.599001-0j -0.0784635-0j -0.0859524-0j -0.0559601-0j -0.129259-0j -0.0752706-0j -0.112906-0j -0.0464908-0j -0.107424-0j -0.0989089-0j -0.0723376-0j -0.0515912-0j -0.04303-0j -0.0241227-0j -0.00541071-0j -0.00727763-0j -0.0105044-0j 0.0660404-0j -0.00611695-0j -0.0128652-0j -0.00648801-0j -0.00947634-0j -0.00749171-0j -0.00436261-0j -0.00377813-0j -0.000852095-0j -0.000197457-0j -0.000208138-0j -6.99773e-05-0j 0.00138793-0j -0.000181806-0j -0.000140827-0j -7.48616e-05-0j 0.0125345-0j 0.00632125-0j 0.00923277-0j 0.0103226-0j 0.00601108-0j 0.00637572-0j 0.00185637-0j -0.092587-0j 0.012128-0j 0.0132856-0j 0.00864971-0j 0.0129012-0j 0.00751267-0j 0.011269-0j 0.00464019-0j 0.00851194-0j 0.00783726-0j 0.00490254-0j 0.00349649-0j 0.0025912-0j 0.00132085-0j 0.00025548-0j 
0.197552-0j 0.138423-0j 0.187373-0j -0.0805334-0j -0.354503-0j -0.0480548-0j 0.0497868-0j -0.00181252-0j 0.00627406-0j 0.00260202-0j -0.00149267-0j 0.00425735-0j 0.00270309-0j -0.000268435-0j 0.0784635-0j 0.345391-0j 0.0662129-0j -0.0840168-0j 0.0995736-0j -0.284002-0j -0.25501-0j 0.0358139-0j 0.0827531-0j -0.148499-0j -0.163382-0j 0.0397429-0j -0.0646039-0j 0.0185828-0j 0.00416811-0j 0.00560628-0j -0.0237252-0j -0.0168598-0j 0.0676687-0j 0.0099106-0j -0.0343057-0j -0.0142275-0j 0.00577119-0j -0.0164605-0j -0.00853331-0j 0.000656406-0j -0.000445978-0j -0.000312492-0j -0.000422998-0j 0.000181806-0j 0.000800299-0j 0.000108485-0j -0.000112395-0j -0.00965586-0j 0.033424-0j 0.0138618-0j -0.00795191-0j 0.0226803-0j 0.0144002-0j -0.00143004-0j -0.012128-0j -0.0533868-0j -0.0102345-0j 0.0129864-0j -0.00993832-0j 0.0283459-0j 0.0254522-0j -0.00357454-0j -0.00655712-0j 0.0117666-0j 0.0110729-0j -0.0026935-0j 0.00389035-0j -0.00101751-0j -0.000196808-0j 
0.288962-0j -0.0778027-0j -0.0261577-0j 0.0852181-0j 0.0656473-0j -0.604237-0j 0.137061-0j -0.00198551-0j -0.00100131-0j 0.00572562-0j 0.0015795-0j 0.00091978-0j 0.00296109-0j 0.00201837-0j 0.0859524-0j 0.0662129-0j 0.274298-0j -0.138455-0j 0.109077-0j 0.0635185-0j -0.0920358-0j -0.192156-0j -0.354894-0j -0.0806261-0j 0.0610435-0j -0.127646-0j 0.0363117-0j -0.0196638-0j 0.00456593-0j -0.0542275-0j 0.00886431-0j 0.00947634-0j 0.00516191-0j -0.0104871-0j -0.00528874-0j 0.0302417-0j -0.0185358-0j -0.0107939-0j -0.0156158-0j -0.00634918-0j -0.000652338-0j 0.000175642-0j 5.90517e-05-0j -0.000192382-0j -0.0001482-0j 0.00136408-0j -0.000309418-0j -0.0105775-0j -0.00533431-0j 0.0305022-0j 0.00841449-0j 0.00489997-0j 0.0157747-0j 0.0107525-0j -0.0132856-0j -0.0102345-0j -0.0423981-0j 0.0214009-0j -0.0108869-0j -0.00633971-0j 0.00918599-0j 0.0191789-0j 0.0281208-0j 0.00638858-0j -0.00413711-0j 0.00865095-0j -0.00218663-0j 0.0010767-0j -0.000215592-0j 
0.0480548-0j -0.0987229-0j -0.133634-0j -0.168401-0j 0.252831-0j 0.0296873-0j -0.440102-0j 0.00129269-0j 0.000651913-0j -0.00185576-0j -0.00312126-0j 0.0089024-0j 0.000569559-0j 0.00605988-0j -0.0559601-0j 0.0840168-0j 0.138455-0j 0.051904-0j -0.0710159-0j 0.20255-0j 0.181873-0j -0.316585-0j -0.0590195-0j -0.31052-0j -0.0397429-0j -0.0245524-0j 0.0460755-0j 0.0388578-0j -0.00297269-0j -0.0039984-0j -0.00577119-0j 0.0120244-0j 0.0164605-0j 0.0207237-0j 0.0104511-0j -0.0297506-0j -0.00356533-0j 0.010169-0j -0.0257277-0j -0.0274529-0j -0.000108485-0j 0.00022287-0j 0.000301682-0j 0.000380168-0j -0.000570773-0j -6.70198e-05-0j 0.000993541-0j 0.00688656-0j 0.00347295-0j -0.00988623-0j -0.016628-0j 0.047426-0j 0.00303422-0j 0.0322829-0j 0.00864971-0j -0.0129864-0j -0.0214009-0j -0.00802275-0j 0.00708801-0j -0.0202163-0j -0.0181525-0j 0.031598-0j 0.00467654-0j 0.0246048-0j 0.0026935-0j 0.00166399-0j -0.00277459-0j -0.00212768-0j 0.000140363-0j 
-0.0673791-0j 0.347869-0j -0.0238786-0j -0.0805334-0j -0.0620384-0j -0.0480548-0j -0.0255453-0j 0.102911-0j 0.0518987-0j 0.0758029-0j -0.4151-0j 0.0493522-0j 0.0523459-0j 0.0152412-0j 0.0811803-0j 0.0625368-0j 0.0685056-0j 0.0446012-0j 0.225128-0j -0.026766-0j -0.040149-0j -0.016532-0j -0.133538-0j -0.122953-0j -0.14939-0j -0.106545-0j -0.123119-0j -0.087911-0j -0.0280873-0j 0.00560628-0j -0.0396338-0j 0.00865068-0j 0.00471216-0j 0.0099106-0j 0.004998-0j 0.00730004-0j -0.0282668-0j 0.00336071-0j 0.00291046-0j 0.000656406-0j -0.00863647-0j 0.0445889-0j -0.00306069-0j -0.0103226-0j -0.00795191-0j -0.00615953-0j -0.00327433-0j -0.00999021-0j -0.00503814-0j -0.00735868-0j 0.0402964-0j -0.00479094-0j -0.00508156-0j -0.00147956-0j 0.00559841-0j 0.0043127-0j 0.00472432-0j 0.00307582-0j -0.0785499-0j 0.00933898-0j 0.0140085-0j 0.00576821-0j 0.0175787-0j 0.0161854-0j 0.0140274-0j 0.0100043-0j 0.00944316-0j 0.00583816-0j 0.00152242-0j 
0.0392365-0j -0.202573-0j 0.493415-0j 0.0468966-0j -0.176945-0j 0.0279835-0j -0.0728599-0j -0.0599275-0j -0.0302219-0j 0.216204-0j -0.0493522-0j -0.189588-0j -0.0304823-0j -0.00887532-0j -0.0472734-0j 0.178366-0j -0.0398925-0j 0.127211-0j 0.026766-0j 0.102823-0j 0.0233798-0j 0.00962701-0j 0.0777626-0j -0.350686-0j 0.0869938-0j 0.062044-0j -0.351158-0j 0.0511928-0j 0.0163559-0j -0.00326468-0j -0.00471216-0j 0.0246733-0j -0.0181019-0j -0.00577119-0j -0.00291046-0j 0.020821-0j -0.00336071-0j -0.0129103-0j -0.00169483-0j -0.000382242-0j 0.00502923-0j -0.0259652-0j 0.0632446-0j 0.00601108-0j -0.0226803-0j 0.00358685-0j -0.00933898-0j 0.00581755-0j 0.00293384-0j -0.0209883-0j 0.00479094-0j 0.0184046-0j 0.00295912-0j 0.000861585-0j -0.00326009-0j 0.0123006-0j -0.00275109-0j 0.00877279-0j -0.00933898-0j -0.035876-0j -0.00815749-0j -0.00335898-0j -0.0102365-0j 0.0461637-0j -0.00816848-0j -0.00582576-0j 0.0269336-0j -0.00339971-0j -0.000886541-0j 
-0.172559-0j 0.0620384-0j 0.0208577-0j -0.0679514-0j 0.153475-0j -0.123069-0j -0.10929-0j -0.0898912-0j 0.31116-0j -0.0662129-0j 0.0715094-0j 0.0416417-0j -0.393054-0j 0.0913788-0j -0.07091-0j 0.160158-0j 0.0578027-0j 0.114225-0j 0.040149-0j 0.0233798-0j 0.0993238-0j -0.0707285-0j 0.116644-0j -0.103744-0j -0.382592-0j -0.272864-0j 0.107543-0j -0.0741763-0j 0.0245339-0j -0.00489702-0j 0.0207237-0j -0.00755626-0j 0.0120679-0j 0.00836222-0j -0.028946-0j 0.00615953-0j 0.0147801-0j 0.00860684-0j -0.0365078-0j 0.00506272-0j -0.0221182-0j 0.00795191-0j 0.00267348-0j -0.00870982-0j 0.0196721-0j -0.0157747-0j -0.0140085-0j 0.00872632-0j -0.0302063-0j 0.00642772-0j -0.00694188-0j -0.00404243-0j 0.0381563-0j -0.00887074-0j -0.00489014-0j 0.0110449-0j 0.00398622-0j 0.00787722-0j -0.0140085-0j -0.00815749-0j -0.0346552-0j 0.024678-0j -0.0153548-0j 0.0136567-0j 0.0359243-0j 0.0256212-0j -0.00824848-0j 0.00492604-0j -0.00132981-0j 
-0.0242344-0j -0.0255453-0j -0.00858848-0j 0.141872-0j 0.10929-0j -0.214226-0j -0.06694-0j 0.0370141-0j 0.0186665-0j 0.0272642-0j -0.1493-0j -0.0869412-0j 0.233356-0j -0.360792-0j 0.0291983-0j 0.0224928-0j -0.120683-0j 0.19883-0j -0.016532-0j -0.00962701-0j 0.0707285-0j -0.0433212-0j -0.04803-0j 0.216601-0j -0.0537317-0j -0.474973-0j -0.0442826-0j 0.154868-0j -0.0101022-0j 0.00201643-0j 0.00291046-0j 0.00311141-0j 0.00169483-0j -0.017459-0j -0.00880471-0j -0.0128601-0j 0.0257277-0j 0.0149819-0j 0.00762669-0j -0.0596135-0j -0.0031063-0j -0.00327433-0j -0.00110085-0j 0.0181847-0j 0.0140085-0j -0.0274589-0j -0.00858019-0j -0.0035932-0j -0.00181208-0j -0.00264672-0j 0.0144935-0j 0.00843994-0j -0.0226533-0j 0.0350244-0j 0.00201359-0j 0.00155116-0j -0.0083226-0j 0.0137118-0j 0.00576821-0j 0.00335898-0j -0.024678-0j 0.0151153-0j 0.00632259-0j -0.0285129-0j 0.00504526-0j 0.0445987-0j 0.00339644-0j -0.0102848-0j 0.000547571-0j 
-0.16827-0j 0.0453065-0j 0.0152323-0j 0.0513727-0j 0.0395746-0j -0.12001-0j 0.0162955-0j -0.132451-0j -0.066796-0j 0.381948-0j -0.109077-0j -0.0635185-0j -0.0673716-0j -0.0196161-0j 0.0466161-0j 0.0359104-0j -0.154005-0j 0.0256113-0j 0.125375-0j 0.0730088-0j 0.109513-0j 0.0450938-0j -0.0841513-0j 0.0197912-0j -0.115845-0j -0.0826208-0j -0.188699-0j -0.19624-0j -0.100141-0j 0.031578-0j -0.00516191-0j -0.00551831-0j -0.00300591-0j -0.00632202-0j -0.00318825-0j 0.0182308-0j -0.00368147-0j -0.00214381-0j -0.0018566-0j -0.000418725-0j -0.0435166-0j 0.0117168-0j 0.00393925-0j 0.0132856-0j 0.0102345-0j -0.031036-0j 0.00421421-0j -0.00573666-0j -0.00289305-0j 0.0165428-0j -0.00472432-0j -0.00275109-0j -0.00291797-0j -0.000849605-0j -0.0152706-0j -0.0117636-0j 0.0504493-0j -0.0083898-0j -0.00258146-0j -0.00150325-0j -0.00225487-0j -0.00092848-0j -0.0533663-0j 0.012551-0j 0.0214991-0j 0.0153332-0j 0.0210796-0j 0.0169647-0j 0.0064191-0j 
-0.0395746-0j 0.0813015-0j 0.110052-0j 0.0456913-0j -0.0685995-0j 0.0827531-0j -0.143225-0j 0.121952-0j 0.0615016-0j -0.175073-0j -0.0970143-0j 0.276702-0j -0.181873-0j -0.12397-0j -0.0429211-0j 0.0644405-0j 0.0349874-0j -0.134749-0j -0.115437-0j 0.329247-0j 0.0974018-0j 0.203359-0j -0.0197912-0j -0.0343064-0j 0.106663-0j -0.223039-0j -0.338617-0j -0.174538-0j 0.0922037-0j 0.00329281-0j 0.00475276-0j -0.0099025-0j -0.0135557-0j -0.00562285-0j -0.00283565-0j 0.00807208-0j -0.00993832-0j 0.0283459-0j -0.00837269-0j -0.00340423-0j -0.0102345-0j 0.0210256-0j 0.0284608-0j 0.0118163-0j -0.0177406-0j 0.0214009-0j -0.0370396-0j 0.00528196-0j 0.00266373-0j -0.00758269-0j -0.00420185-0j 0.0119844-0j -0.00787722-0j -0.00536937-0j 0.0140602-0j -0.0211095-0j -0.0114612-0j 0.0441414-0j 0.00237685-0j -0.0067792-0j -0.0020055-0j -0.00418716-0j -0.012551-0j -0.0217562-0j -0.019795-0j 0.0413927-0j 0.0378269-0j 0.0150886-0j -0.0059103-0j 
0.071054-0j -0.0255453-0j -0.00858848-0j -0.0289657-0j 0.0654221-0j -0.017284-0j -0.00918795-0j 0.112346-0j -0.388889-0j 0.0827531-0j 0.0925208-0j 0.0538772-0j -0.167547-0j 0.0166386-0j -0.138225-0j 0.312196-0j -0.116644-0j -0.0759421-0j -0.0219382-0j -0.0127752-0j 0.0561841-0j -0.00789057-0j 0.141432-0j 0.130222-0j -0.279583-0j 0.068009-0j -0.0767723-0j -0.231167-0j -0.24676-0j 0.00201643-0j -0.00853331-0j 0.00311141-0j -0.00496916-0j 0.00356457-0j -0.0123388-0j 0.00262562-0j 0.00207574-0j 0.00120875-0j -0.0030692-0j 0.000236091-0j 0.0276433-0j -0.00993832-0j -0.00334132-0j -0.011269-0j 0.0254522-0j -0.00672428-0j -0.00357454-0j 0.0170102-0j -0.0588812-0j 0.0125296-0j 0.0140085-0j 0.00815749-0j -0.0253681-0j 0.00251923-0j 0.00267207-0j -0.00603515-0j 0.00225487-0j 0.00146806-0j -0.0169855-0j -0.00989107-0j 0.0435001-0j -0.00610921-0j -0.0112207-0j -0.0103313-0j -0.0256455-0j 0.00623829-0j 0.0248314-0j 0.0312552-0j 0.01967-0j 
0.017284-0j 0.0182189-0j 0.0061253-0j -0.0605691-0j -0.046659-0j 0.0106777-0j 0.081219-0j -0.0801253-0j -0.0404079-0j -0.0590195-0j 0.193467-0j 0.112661-0j -0.0353033-0j -0.375613-0j 0.098582-0j 0.0759421-0j -0.24391-0j 0.0469155-0j 0.0156463-0j 0.00911124-0j -0.0400705-0j 0.0697505-0j -0.100869-0j 0.272302-0j -0.068009-0j -0.0420146-0j 0.054754-0j -0.483386-0j 0.175989-0j -0.00143811-0j -0.00207574-0j -0.00221906-0j -0.00120875-0j 0.00745374-0j 0.00375898-0j 0.00549035-0j -0.00128235-0j -0.000746745-0j -0.00925354-0j -0.00987404-0j 0.00672428-0j 0.00708801-0j 0.00238303-0j -0.0235642-0j -0.0181525-0j 0.00415413-0j 0.031598-0j -0.0121317-0j -0.00611811-0j -0.00893608-0j 0.0292926-0j 0.0170578-0j -0.00534524-0j -0.0568711-0j -0.00190572-0j -0.00146806-0j 0.00471508-0j -0.000906937-0j 0.012114-0j 0.00705431-0j -0.0310243-0j 0.0540038-0j 0.0080026-0j -0.0216034-0j -0.00623829-0j -0.0038539-0j -0.0177097-0j 0.0653566-0j -0.0140287-0j 
0.0126224-0j -0.0259313-0j -0.0351013-0j 0.0150867-0j -0.0226507-0j 0.00900232-0j -0.00932679-0j -0.0781335-0j -0.0394034-0j 0.112167-0j -0.0643455-0j 0.183525-0j -0.0397429-0j -0.0115717-0j 0.159705-0j -0.239776-0j 0.13477-0j -0.171008-0j -0.122112-0j 0.348285-0j -0.106663-0j -0.0439202-0j -0.0984849-0j 0.176729-0j 0.132922-0j 0.0947996-0j -0.349381-0j -0.00806166-0j -0.387532-0j -0.00105025-0j -0.00151591-0j 0.00315843-0j 0.00432364-0j -0.0018566-0j -0.000936297-0j 0.0026653-0j -0.00108114-0j 0.00308362-0j -0.00054523-0j -0.000122968-0j 0.00655712-0j -0.0134708-0j -0.0182345-0j 0.00783726-0j -0.0117666-0j 0.00467654-0j -0.0048451-0j -0.0196536-0j -0.00991148-0j 0.0282144-0j -0.0161854-0j 0.0461637-0j -0.00999689-0j -0.00291072-0j 0.0148732-0j -0.0223301-0j 0.012551-0j -0.0159258-0j 0.0118277-0j -0.0337346-0j 0.0103313-0j 0.00425408-0j -0.0156408-0j 0.0280672-0j -0.0204243-0j -0.0145666-0j -0.00168772-0j 0.0281405-0j 0.0427675-0j 
-0.0063656-0j -0.00670993-0j -0.00225592-0j 0.00734946-0j 0.00566161-0j 0.0133109-0j 0.0118205-0j 0.0492971-0j 0.0248609-0j 0.0363117-0j -0.0392163-0j -0.0228366-0j -0.073519-0j -0.0501129-0j -0.139604-0j -0.107543-0j 0.113799-0j 0.224879-0j 0.210972-0j 0.122855-0j -0.178011-0j -0.371659-0j -0.0840998-0j 0.074799-0j -0.19014-0j 0.397594-0j 0.0975745-0j -0.284487-0j -0.25444-0j 0.00052965-0j 0.000764484-0j 0.000817267-0j 0.000445178-0j -0.000904439-0j -0.000456116-0j -0.0006662-0j -0.00159858-0j -0.000930896-0j -0.00134675-0j -0.000547572-0j -0.00413711-0j -0.00436089-0j -0.00146616-0j 0.00477653-0j 0.00367957-0j 0.00865095-0j 0.00768236-0j 0.0171799-0j 0.00866399-0j 0.0126546-0j -0.0136668-0j -0.00795853-0j -0.0256212-0j -0.0174643-0j -0.0256964-0j -0.019795-0j 0.0209465-0j 0.0413927-0j 0.0101001-0j 0.00588152-0j -0.00852209-0j -0.0177927-0j 0.0223737-0j -0.0198993-0j -0.011117-0j 0.0232463-0j -0.0316353-0j 0.0122598-0j 0.059038-0j 
0.00121335-0j 0.00127898-0j 0.000430002-0j 0.00145023-0j 0.00111718-0j 0.000865361-0j 0.000460015-0j -0.0131682-0j -0.00664084-0j -0.00969957-0j -0.0108444-0j -0.006315-0j -0.00669806-0j -0.00195023-0j 0.0576065-0j 0.0443768-0j 0.0486124-0j 0.0316495-0j -0.165054-0j -0.096115-0j -0.144172-0j -0.0593653-0j 0.297945-0j 0.274329-0j -0.259736-0j -0.185243-0j -0.110443-0j 0.389885-0j -0.454574-0j -0.000100957-0j -0.000145719-0j -0.00015578-0j -8.48557e-05-0j -0.000178468-0j -9.0003e-05-0j -0.000131458-0j -0.000103927-0j -6.0519e-05-0j -5.2411e-05-0j -1.18204e-05-0j 0.0011051-0j 0.00116488-0j 0.000391639-0j 0.00132085-0j 0.00101751-0j 0.000788159-0j 0.000418976-0j -0.00708917-0j -0.00357513-0j -0.00522181-0j -0.00583816-0j -0.00339971-0j -0.00360593-0j -0.00104991-0j 0.0201035-0j 0.0154866-0j 0.0169647-0j 0.011045-0j -0.035782-0j -0.0208368-0j -0.0312552-0j -0.0128698-0j 0.030563-0j 0.0281405-0j 0.0125832-0j 0.00897432-0j -0.0418804-0j -0.0169572-0j 0.06018-0j 
0.0781403-0j 0.00717584-0j 0.00241256-0j 0.00813664-0j -0.0183775-0j -0.0190077-0j 0.00258095-0j 0.0107638-0j -0.037259-0j -0.0310395-0j 0.00886431-0j 0.00516191-0j -0.0160525-0j 0.00159412-0j 0.00820675-0j -0.0185358-0j -0.0271126-0j 0.00450886-0j 0.00516191-0j 0.00300591-0j -0.0132197-0j 0.0018566-0j -0.011164-0j 0.00262562-0j -0.00421647-0j 0.00102566-0j 0.000683775-0j 0.000319254-0j 5.36674e-05-0j -0.283973-0j -0.1361-0j 0.0496247-0j -0.0792544-0j 0.0568522-0j -0.196795-0j -0.163945-0j 0.0331065-0j 0.0192787-0j -0.0489514-0j 0.00376548-0j 0.588707-0j 0.0540626-0j 0.0181762-0j 0.0613013-0j -0.138455-0j -0.143204-0j 0.0194448-0j 0.0573421-0j -0.198491-0j -0.165357-0j 0.047223-0j 0.0274992-0j -0.0855169-0j 0.00849242-0j 0.0356973-0j -0.0806261-0j -0.117933-0j 0.0196124-0j 0.0194448-0j 0.0113232-0j -0.0497986-0j 0.00699378-0j -0.037615-0j 0.00884651-0j -0.0129687-0j 0.00315466-0j 0.0019471-0j 0.000850384-0j 0.00012786-0j 
0.00717584-0j 0.0722049-0j -0.0199551-0j 0.00857677-0j -0.0128769-0j 0.00511781-0j -0.00530227-0j 0.011346-0j 0.00572189-0j -0.0162881-0j -0.0457652-0j -0.0266502-0j 0.00577119-0j 0.00168035-0j 0.00865068-0j -0.0129879-0j 0.00730004-0j -0.00926294-0j -0.0266502-0j -0.0155191-0j 0.00475276-0j 0.00195703-0j 0.00300591-0j -0.00539404-0j 0.00151591-0j 0.00108114-0j -0.00140474-0j 0.000336523-0j 5.65704e-05-0j 0.0339001-0j -0.239658-0j -0.101948-0j -0.139559-0j 0.0599275-0j 0.0302219-0j -0.0860309-0j -0.170924-0j -0.0995334-0j 0.017599-0j 0.00396916-0j 0.0540626-0j 0.54399-0j -0.150341-0j 0.0646172-0j -0.0970143-0j 0.0385574-0j -0.0399472-0j 0.0604439-0j 0.0304823-0j -0.0867722-0j -0.243806-0j -0.141974-0j 0.030745-0j 0.00895179-0j 0.0376282-0j -0.0564939-0j 0.0317533-0j -0.0402914-0j -0.100391-0j -0.0584602-0j 0.0179036-0j 0.00737209-0j 0.0101278-0j -0.0181741-0j 0.00466252-0j 0.00332531-0j -0.00400009-0j 0.000896383-0j 0.000134776-0j 
-0.00241256-0j 0.0199551-0j 0.01956-0j -0.00288356-0j 0.0174305-0j -0.00172064-0j 0.0071773-0j -0.00381459-0j -0.00192373-0j 0.0220481-0j -0.00314144-0j -0.064913-0j -0.00194031-0j -0.000564944-0j -0.00290841-0j 0.0175807-0j -0.00245431-0j 0.0125386-0j -0.00182934-0j -0.0378005-0j -0.0015979-0j -0.000657963-0j -0.0010106-0j 0.00730152-0j -0.000509656-0j -0.000363486-0j 0.00190149-0j -0.000113141-0j -1.90193e-05-0j -0.0113974-0j -0.0164507-0j 0.138-0j -0.339929-0j -0.020148-0j -0.0101608-0j 0.116454-0j -0.0117327-0j -0.242438-0j -0.00591688-0j -0.00133445-0j -0.0181762-0j 0.150341-0j 0.147365-0j -0.0217247-0j 0.131321-0j -0.0129632-0j 0.0540736-0j -0.0203216-0j -0.0102483-0j 0.117457-0j -0.0167355-0j -0.345813-0j -0.0103366-0j -0.00300964-0j -0.0126508-0j 0.0764716-0j -0.0106756-0j 0.0545395-0j -0.00689109-0j -0.142394-0j -0.00601929-0j -0.00247854-0j -0.00340502-0j 0.024601-0j -0.00156756-0j -0.00111799-0j 0.00541463-0j -0.000301369-0j -4.53126e-05-0j 
0.00813664-0j 0.00857677-0j 0.00288356-0j 0.0552466-0j -0.00723679-0j -0.0170142-0j -0.0151093-0j 0.0128652-0j 0.00648801-0j 0.00947634-0j -0.0102344-0j -0.00595973-0j -0.0191864-0j -0.0130781-0j -0.0576855-0j 0.00755626-0j -0.00799582-0j -0.0158006-0j 0.00616966-0j 0.00359275-0j -0.00520575-0j -0.0108688-0j 0.00340838-0j -0.00303144-0j 0.00171887-0j -0.00359428-0j 0.000817267-0j -0.000368597-0j 6.41449e-05-0j 0.0384391-0j 0.0554821-0j -0.348813-0j 0.0323086-0j -0.0656392-0j -0.0331024-0j -0.0483492-0j -0.116017-0j -0.0675593-0j -0.0977398-0j -0.0397398-0j 0.0613013-0j 0.0646172-0j 0.0217247-0j 0.416227-0j -0.0545218-0j -0.128185-0j -0.113833-0j 0.0685369-0j 0.0345637-0j 0.0504836-0j -0.0545218-0j -0.0317494-0j -0.102212-0j -0.0696711-0j -0.250917-0j 0.0328678-0j -0.0347797-0j -0.0687286-0j 0.023241-0j 0.0135338-0j -0.01961-0j -0.0409425-0j 0.0114838-0j -0.0102138-0j 0.0052868-0j -0.011055-0j 0.00232723-0j -0.000981819-0j 0.000152822-0j 
0.0183775-0j 0.0128769-0j 0.0174305-0j 0.00723679-0j 0.0318559-0j 0.0131068-0j -0.0226846-0j -0.0099106-0j 0.0343057-0j 0.0142275-0j 0.00788398-0j -0.0224866-0j -0.0433346-0j 0.0100746-0j -0.00755626-0j -0.0332622-0j 0.00615953-0j -0.0237226-0j -0.00475276-0j 0.0135557-0j -0.0117577-0j 0.00837269-0j -0.00262562-0j -0.00455131-0j 0.00388226-0j 0.00276883-0j 0.00122702-0j 0.000283947-0j -4.94136e-05-0j -0.0296113-0j 0.125312-0j 0.0890504-0j -0.357413-0j 0.0505648-0j -0.175031-0j -0.07259-0j 0.0893726-0j -0.254907-0j -0.220756-0j 0.0306133-0j 0.138455-0j 0.0970143-0j 0.131321-0j 0.0545218-0j 0.240001-0j 0.0987464-0j -0.170905-0j -0.052797-0j 0.182758-0j 0.0757945-0j 0.0420005-0j -0.119793-0j -0.230857-0j 0.0536707-0j -0.0328678-0j -0.144682-0j 0.0267924-0j -0.103187-0j -0.0179036-0j 0.0510643-0j -0.0442913-0j 0.0315398-0j -0.00884651-0j -0.0153347-0j 0.0119408-0j 0.00851618-0j 0.00349403-0j 0.000756338-0j -0.000117726-0j 
0.0190077-0j -0.00511781-0j -0.00172064-0j 0.0170142-0j 0.0131068-0j 0.0117426-0j -0.0228149-0j -0.00767671-0j -0.00387143-0j 0.0221373-0j 0.0185358-0j 0.0107939-0j -0.00338237-0j -0.035987-0j -0.00585305-0j -0.00450886-0j -0.0566942-0j -0.00278549-0j -0.00368147-0j -0.00214381-0j 0.00942832-0j -0.0164118-0j 0.00796219-0j 0.00549035-0j -0.00102566-0j -0.000633634-0j -0.000487668-0j 0.00066758-0j -3.82756e-05-0j 0.202529-0j -0.0331065-0j -0.0353923-0j -0.0192787-0j 0.118882-0j 0.059953-0j -0.342819-0j -0.0204525-0j -0.01191-0j -0.147587-0j -0.157483-0j 0.143204-0j -0.0385574-0j -0.0129632-0j 0.128185-0j 0.0987464-0j 0.0884684-0j -0.171887-0j -0.0408964-0j -0.0206244-0j 0.117933-0j 0.0987464-0j 0.0575025-0j -0.018019-0j -0.191715-0j -0.0254593-0j -0.0196124-0j -0.246605-0j -0.0121162-0j -0.0138681-0j -0.00807572-0j 0.0355164-0j -0.0618231-0j 0.026827-0j 0.0184986-0j -0.00315466-0j -0.00194889-0j -0.00138867-0j 0.00177821-0j -9.11898e-05-0j 
0.00258095-0j -0.00530227-0j -0.0071773-0j -0.0151093-0j 0.0226846-0j 0.0228149-0j -0.0138943-0j 0.00408085-0j 0.00205801-0j -0.0058584-0j -0.0164605-0j 0.0469483-0j 0.0257277-0j -0.0397777-0j 0.00311141-0j -0.00467138-0j -0.0128601-0j -0.0412937-0j 0.00195703-0j -0.00558179-0j -0.00837269-0j 0.00512827-0j 0.00108114-0j 0.0095024-0j 0.00054523-0j 0.00481968-0j -0.000505245-0j -0.000592835-0j 2.03468e-05-0j 0.0121929-0j 0.017599-0j -0.036668-0j -0.0501955-0j -0.105571-0j -0.0532404-0j 0.151556-0j 0.15557-0j -0.443715-0j 0.0461171-0j -0.360471-0j 0.0194448-0j -0.0399472-0j -0.0540736-0j -0.113833-0j 0.170905-0j 0.171887-0j -0.104679-0j 0.02174-0j 0.0109637-0j -0.0312096-0j -0.0876903-0j 0.250109-0j 0.13706-0j -0.211909-0j 0.0135338-0j -0.0203193-0j -0.0559381-0j -0.179617-0j 0.00737209-0j -0.0210265-0j -0.0315398-0j 0.0193181-0j 0.00364269-0j 0.0320164-0j 0.00167698-0j 0.0148241-0j -0.00143872-0j -0.00157911-0j 4.84754e-05-0j 
0.0107638-0j 0.011346-0j 0.00381459-0j 0.0128652-0j 0.0099106-0j 0.00767671-0j 0.00408085-0j -0.00198743-0j 0.000146022-0j 0.000213278-0j 0.000238452-0j 0.000138857-0j 0.00014728-0j 4.28824e-05-0j -0.0125345-0j -0.00965586-0j -0.0105775-0j -0.00688656-0j -0.0159068-0j -0.00926294-0j -0.0138944-0j -0.00572125-0j -0.0132197-0j -0.0121719-0j -0.008902-0j -0.00634891-0j -0.00529535-0j -0.00296859-0j -0.000665852-0j 0.0508501-0j 0.0733959-0j 0.0784635-0j 0.0427403-0j -0.617004-0j 0.0453329-0j 0.0662129-0j 0.0523459-0j 0.0304823-0j 0.0263985-0j 0.00595374-0j 0.00137967-0j 0.0014543-0j 0.000488944-0j 0.00164902-0j 0.00127031-0j 0.00098398-0j 0.000523072-0j 0.601145-0j -0.0441677-0j -0.0645111-0j -0.0721256-0j -0.0420005-0j -0.0445483-0j -0.0129708-0j -0.110004-0j -0.0847408-0j -0.0928289-0j -0.0604371-0j -0.0901427-0j -0.0524924-0j -0.0787385-0j -0.0324219-0j -0.0594745-0j -0.0547604-0j -0.034255-0j -0.0244306-0j -0.0181052-0j -0.00922902-0j -0.00178509-0j 
0.037259-0j -0.00572189-0j -0.00192373-0j -0.00648801-0j 0.0343057-0j -0.00387143-0j -0.00205801-0j -0.000146022-0j -0.00119242-0j -0.000107558-0j -0.000120254-0j -7.00266e-05-0j 0.000509812-0j -2.16259e-05-0j 0.00632125-0j -0.033424-0j 0.00533431-0j 0.00347295-0j 0.00802194-0j 0.00467138-0j -0.0480958-0j 0.00288527-0j 0.00666683-0j 0.0061384-0j -0.0308145-0j 0.00320181-0j 0.00267049-0j 0.00149709-0j 0.000335795-0j -0.0256442-0j 0.254061-0j -0.0395698-0j 0.147946-0j -0.0453329-0j -0.370192-0j -0.0333917-0j -0.0263985-0j -0.0153725-0j 0.0913788-0j -0.00300252-0j 0.00477575-0j -0.000733416-0j -0.000246578-0j -0.000831615-0j 0.00439721-0j -0.000496229-0j -0.000263789-0j 0.0441677-0j 0.360677-0j 0.0325335-0j 0.0363735-0j 0.0211812-0j -0.154205-0j 0.00654128-0j 0.0554759-0j -0.293332-0j 0.0468144-0j 0.0304789-0j 0.0454597-0j 0.0264723-0j -0.272555-0j 0.0163506-0j 0.0299935-0j 0.0276161-0j -0.118574-0j 0.0123206-0j 0.00913059-0j 0.00465427-0j 0.000900234-0j 
0.0310395-0j 0.0162881-0j 0.0220481-0j -0.00947634-0j 0.0142275-0j 0.0221373-0j 0.0058584-0j -0.000213278-0j -0.000107558-0j -0.00119867-0j -0.000175642-0j 0.000500962-0j -0.000108485-0j -3.15867e-05-0j 0.00923277-0j -0.0138618-0j -0.0305022-0j -0.00988623-0j 0.0117168-0j -0.0334184-0j 0.0102345-0j 0.00421421-0j -0.0381218-0j -0.0174738-0j 0.00655712-0j 0.00467654-0j -0.00760192-0j 0.00218663-0j 0.00049046-0j 0.330729-0j -0.0540626-0j 0.112641-0j 0.154196-0j -0.0662129-0j -0.0333917-0j -0.372131-0j -0.0385574-0j 0.109973-0j -0.0194448-0j -0.00438546-0j 0.00397855-0j 0.00208777-0j 0.00282606-0j -0.00121465-0j 0.00182364-0j 0.0028375-0j 0.000750913-0j 0.0645111-0j 0.0325335-0j 0.362566-0j 0.0531269-0j -0.151528-0j 0.0328138-0j 0.00955415-0j 0.0810277-0j -0.121652-0j -0.267691-0j -0.0867625-0j 0.0663982-0j -0.18938-0j 0.057998-0j 0.0238816-0j -0.171507-0j -0.0786131-0j 0.0252318-0j 0.0179953-0j -0.0259915-0j 0.006798-0j 0.00131488-0j 
-0.00886431-0j 0.0457652-0j -0.00314144-0j 0.0102344-0j 0.00788398-0j 0.0185358-0j 0.0164605-0j -0.000238452-0j -0.000120254-0j -0.000175642-0j -0.000929093-0j 0.000110462-0j 0.000355615-0j 0.000242399-0j 0.0103226-0j 0.00795191-0j -0.00841449-0j -0.016628-0j -0.0641617-0j 0.00762833-0j -0.0110531-0j -0.0230772-0j 0.0108869-0j -0.00968288-0j 0.00733108-0j -0.0153298-0j 0.00436089-0j -0.00236154-0j 0.000548351-0j -0.0418767-0j 0.296049-0j -0.0646172-0j -0.035198-0j 0.0715094-0j 0.0360628-0j 0.0526731-0j -0.619058-0j 0.0736012-0j 0.106481-0j 0.0432937-0j -0.0011362-0j 0.00586606-0j -0.000402661-0j 0.00131181-0j 0.00101055-0j 0.00237587-0j 0.00210986-0j 0.0721256-0j 0.0363735-0j 0.0531269-0j 0.281026-0j -0.0334118-0j -0.107564-0j -0.0733192-0j 0.0905917-0j 0.0697868-0j -0.0738463-0j -0.145929-0j -0.363599-0j 0.0432291-0j -0.0626373-0j -0.130777-0j 0.0489791-0j -0.0435624-0j 0.0282101-0j -0.058989-0j 0.0149102-0j -0.00734178-0j 0.00147008-0j 
0.00516191-0j -0.0266502-0j 0.064913-0j -0.00595973-0j 0.0224866-0j -0.0107939-0j 0.0469483-0j 0.000138857-0j 7.00266e-05-0j -0.000500962-0j -0.000110462-0j -0.000424344-0j -0.000207084-0j -0.000141155-0j -0.00601108-0j 0.0226803-0j 0.00489997-0j -0.047426-0j -0.00762833-0j -0.0293045-0j 0.00643652-0j 0.0134384-0j -0.00633971-0j -0.0276173-0j -0.00426907-0j 0.00892691-0j 0.0124381-0j 0.00137519-0j -0.000319318-0j 0.0243859-0j 0.035198-0j -0.1843-0j 0.135214-0j -0.0416417-0j -0.0210003-0j 0.150233-0j -0.0736012-0j -0.282742-0j -0.0620064-0j -0.025211-0j 0.000661639-0j -0.00341595-0j 0.00832037-0j -0.000763902-0j 0.00288226-0j -0.00138353-0j 0.0060177-0j -0.0420005-0j -0.0211812-0j 0.151528-0j 0.0334118-0j 0.128353-0j 0.0626373-0j 0.0426956-0j -0.0527538-0j 0.199045-0j 0.0430026-0j -0.416215-0j -0.0432291-0j -0.166066-0j 0.0364753-0j 0.0761545-0j -0.0285218-0j -0.124248-0j -0.0164274-0j 0.0343508-0j 0.0425266-0j 0.0042753-0j -0.000856062-0j 
-0.0160525-0j 0.00577119-0j 0.00194031-0j -0.0191864-0j 0.0433346-0j 0.00338237-0j 0.0257277-0j 0.00014728-0j -0.000509812-0j 0.000108485-0j -0.000355615-0j -0.000207084-0j -0.000190259-0j 0.000690421-0j -0.00637572-0j 0.0144002-0j 0.0157747-0j -0.00303422-0j -0.00809106-0j -0.00471163-0j -0.060754-0j -0.0360696-0j -0.00672428-0j 0.0181525-0j 0.013276-0j -0.00279733-0j -0.0026935-0j 0.0044272-0j -0.000338688-0j 0.0258651-0j -0.109459-0j 0.0399108-0j -0.0637405-0j -0.134059-0j 0.464047-0j -0.0987464-0j 0.0230637-0j 0.0134305-0j -0.487961-0j 0.177589-0j -0.00205757-0j 0.000739735-0j 0.000248703-0j -0.00245926-0j 0.0055545-0j 0.000433543-0j 0.0032977-0j -0.0445483-0j 0.154205-0j -0.0328138-0j 0.107564-0j 0.0626373-0j 0.0575483-0j -0.208834-0j -0.0559539-0j 0.126378-0j 0.13844-0j -0.0266286-0j -0.0458514-0j -0.0267004-0j -0.344288-0j -0.204403-0j -0.0302519-0j 0.0816666-0j 0.051086-0j -0.0107642-0j -0.00920927-0j 0.0137637-0j -0.000907991-0j 
-0.00159412-0j -0.00168035-0j -0.000564944-0j 0.0130781-0j 0.0100746-0j -0.035987-0j 0.0397777-0j -4.28824e-05-0j -2.16259e-05-0j -3.15867e-05-0j 0.000242399-0j 0.000141155-0j -0.000690421-0j 0.000781858-0j 0.00185637-0j 0.00143004-0j -0.0107525-0j 0.0322829-0j 0.00235582-0j 0.00137185-0j -0.0141244-0j -0.0557673-0j 0.00195786-0j -0.0123733-0j 0.0013184-0j 0.0297625-0j 0.000784247-0j -0.00301772-0j 9.86134e-05-0j -0.00753096-0j -0.01087-0j -0.0116205-0j -0.00632987-0j 0.0913788-0j 0.0460831-0j 0.0673087-0j -0.245388-0j -0.142896-0j 0.257317-0j -0.347817-0j -0.00020433-0j -0.000215383-0j -7.2413e-05-0j 0.00167631-0j 0.00129134-0j -0.00461272-0j 0.00509859-0j 0.0129708-0j 0.00654128-0j 0.00955415-0j -0.0733192-0j -0.0426956-0j 0.208834-0j -0.236492-0j 0.0162917-0j 0.0125502-0j -0.0943651-0j 0.283318-0j 0.0133502-0j 0.00777417-0j -0.0800416-0j -0.316029-0j 0.00880823-0j -0.0556666-0j 0.00507319-0j 0.114526-0j 0.00268139-0j -0.00938176-0j 0.000264373-0j 
-0.00820675-0j -0.00865068-0j -0.00290841-0j 0.0576855-0j -0.00755626-0j -0.00585305-0j -0.00311141-0j 0.0125345-0j 0.00632125-0j 0.00923277-0j 0.0103226-0j 0.00601108-0j 0.00637572-0j 0.00185637-0j -0.0581489-0j 0.00761696-0j 0.00834396-0j 0.00543241-0j -0.00559841-0j -0.00326009-0j -0.00489014-0j -0.00201359-0j -0.0162649-0j -0.0149757-0j -0.0181957-0j -0.0129772-0j -0.0149959-0j -0.0107075-0j -0.00342103-0j -0.0387703-0j -0.0559601-0j 0.351819-0j -0.032587-0j -0.0685369-0j -0.0345637-0j -0.0504836-0j -0.0399108-0j -0.023241-0j -0.0201273-0j -0.00453939-0j 0.0597256-0j 0.0629563-0j 0.0211663-0j -0.419813-0j 0.0549916-0j 0.0425963-0j 0.0226437-0j 0.0690874-0j 0.0348414-0j 0.0508891-0j 0.0568957-0j 0.0331318-0j 0.0351416-0j 0.0102319-0j 0.227685-0j -0.0298245-0j -0.0326711-0j -0.0212709-0j -0.110907-0j -0.0645839-0j -0.0968758-0j -0.0398902-0j -0.121566-0j -0.11193-0j -0.0970064-0j -0.069185-0j -0.0653043-0j -0.0403739-0j -0.0105283-0j 
-0.0185358-0j -0.0129879-0j -0.0175807-0j 0.00755626-0j 0.0332622-0j 0.00450886-0j -0.00467138-0j -0.00965586-0j 0.033424-0j 0.0138618-0j -0.00795191-0j 0.0226803-0j 0.0144002-0j -0.00143004-0j -0.00761696-0j -0.0335294-0j -0.00642772-0j 0.00815606-0j 0.0043127-0j -0.0123006-0j -0.0110449-0j 0.00155116-0j 0.0125296-0j -0.022484-0j -0.041097-0j 0.00999689-0j -0.0225144-0j 0.00824848-0j 0.00263537-0j 0.0298665-0j -0.126392-0j -0.0898178-0j 0.360493-0j 0.052797-0j -0.182758-0j -0.0757945-0j 0.030745-0j -0.0876903-0j -0.0454597-0j 0.00349689-0j 0.134897-0j 0.0945207-0j 0.127946-0j -0.0549916-0j -0.242069-0j -0.0328138-0j 0.0339965-0j -0.0532211-0j 0.184226-0j 0.0764033-0j -0.0438293-0j 0.125009-0j 0.079371-0j -0.00788209-0j 0.0298245-0j 0.131286-0j 0.025168-0j -0.0319354-0j 0.0854364-0j -0.24368-0j -0.218804-0j 0.0307291-0j 0.0936476-0j -0.168049-0j -0.219099-0j 0.0532962-0j -0.0980459-0j 0.0311018-0j 0.0081104-0j 
-0.0271126-0j 0.00730004-0j 0.00245431-0j -0.00799582-0j -0.00615953-0j 0.0566942-0j -0.0128601-0j -0.0105775-0j -0.00533431-0j 0.0305022-0j 0.00841449-0j 0.00489997-0j 0.0157747-0j 0.0107525-0j -0.00834396-0j -0.00642772-0j -0.0266279-0j 0.0134408-0j 0.00472432-0j 0.00275109-0j -0.00398622-0j -0.0083226-0j -0.0537342-0j -0.0122075-0j 0.0153548-0j -0.0321079-0j 0.0126546-0j -0.0087283-0j 0.0028869-0j -0.288887-0j 0.047223-0j 0.0504836-0j 0.0274992-0j -0.0558682-0j -0.0281748-0j 0.161107-0j -0.0987464-0j -0.0575025-0j -0.0831904-0j -0.0338241-0j 0.197315-0j -0.0531269-0j -0.0178616-0j 0.0581905-0j 0.0448267-0j -0.412599-0j 0.0935909-0j -0.0583008-0j -0.0294016-0j 0.168122-0j 0.0463789-0j 0.0270076-0j 0.0869466-0j 0.0592656-0j 0.0326711-0j 0.025168-0j 0.104263-0j -0.0526279-0j 0.0935909-0j 0.0545004-0j -0.0789688-0j -0.164874-0j -0.401617-0j -0.0912406-0j 0.0818608-0j -0.171176-0j 0.0551083-0j -0.032911-0j 0.0088845-0j 
-0.00450886-0j 0.00926294-0j 0.0125386-0j 0.0158006-0j -0.0237226-0j -0.00278549-0j 0.0412937-0j 0.00688656-0j 0.00347295-0j -0.00988623-0j -0.016628-0j 0.047426-0j 0.00303422-0j 0.0322829-0j 0.00543241-0j -0.00815606-0j -0.0134408-0j -0.00503865-0j -0.00307582-0j 0.00877279-0j 0.00787722-0j -0.0137118-0j -0.00893608-0j -0.0470156-0j -0.00999689-0j -0.00617588-0j 0.0160572-0j 0.0172481-0j -0.00187954-0j -0.0213008-0j -0.030745-0j 0.064058-0j 0.0876903-0j 0.110402-0j 0.0556766-0j -0.158491-0j -0.0189937-0j 0.0541734-0j -0.13706-0j -0.14625-0j 0.0328138-0j -0.0674122-0j -0.0912509-0j -0.114991-0j 0.172644-0j 0.0202717-0j -0.30052-0j 0.0379573-0j 0.0191422-0j -0.0544908-0j -0.0916498-0j 0.261402-0j 0.016724-0j 0.177937-0j -0.0212709-0j 0.0319354-0j 0.0526279-0j 0.0197291-0j -0.0609332-0j 0.173793-0j 0.156051-0j -0.271637-0j -0.0667894-0j -0.351401-0j -0.0532962-0j -0.0329254-0j 0.0699263-0j 0.0650358-0j -0.00578434-0j 
0.00516191-0j -0.0266502-0j 0.00182934-0j 0.00616966-0j 0.00475276-0j 0.00368147-0j 0.00195703-0j -0.0159068-0j -0.00802194-0j -0.0117168-0j 0.0641617-0j -0.00762833-0j -0.00809106-0j -0.00235582-0j 0.00559841-0j 0.0043127-0j 0.00472432-0j 0.00307582-0j -0.073748-0j 0.00876807-0j 0.0131521-0j 0.00541559-0j 0.00258146-0j 0.00237685-0j -0.0139126-0j -0.00992244-0j -0.0226621-0j -0.0235677-0j -0.0120266-0j 0.0243859-0j -0.172397-0j 0.0376282-0j 0.0204967-0j 0.0431085-0j 0.02174-0j 0.0317533-0j -0.122953-0j 0.0146182-0j 0.0126597-0j 0.0028552-0j -0.0757945-0j 0.391316-0j -0.0268609-0j -0.0905917-0j -0.0697868-0j -0.0540566-0j -0.0287358-0j 0.0391171-0j 0.0197271-0j 0.0288132-0j -0.157783-0j 0.0187591-0j 0.0198971-0j 0.00579328-0j 0.104127-0j 0.0802135-0j 0.0878695-0j 0.0572083-0j -0.0862153-0j 0.0102503-0j 0.0153755-0j 0.00633111-0j -0.0929502-0j -0.0855826-0j -0.146598-0j -0.104554-0j -0.143737-0j -0.115679-0j -0.0437705-0j 
-0.00300591-0j 0.0155191-0j -0.0378005-0j -0.00359275-0j 0.0135557-0j -0.00214381-0j 0.00558179-0j 0.00926294-0j 0.00467138-0j -0.0334184-0j 0.00762833-0j 0.0293045-0j 0.00471163-0j 0.00137185-0j -0.00326009-0j 0.0123006-0j -0.00275109-0j 0.00877279-0j -0.00876807-0j -0.0336829-0j -0.0076588-0j -0.00315363-0j -0.00150325-0j 0.0067792-0j 0.00810164-0j 0.00577808-0j -0.0646363-0j 0.0137241-0j 0.00700337-0j -0.0142005-0j -0.0204967-0j 0.107323-0j -0.0787387-0j -0.0251032-0j -0.0126597-0j 0.0905662-0j -0.0146182-0j -0.0561564-0j -0.00737209-0j -0.00166265-0j 0.044137-0j -0.227873-0j 0.55504-0j 0.0527538-0j -0.199045-0j 0.0314785-0j -0.0819598-0j -0.0227789-0j -0.0114876-0j 0.0821806-0j -0.0187591-0j -0.0720639-0j -0.0115866-0j -0.00337357-0j -0.0606357-0j 0.228784-0j -0.0511686-0j 0.163168-0j -0.0102503-0j -0.0393771-0j -0.00895355-0j -0.00368677-0j 0.0541272-0j -0.244097-0j 0.0853677-0j 0.0608842-0j -0.409965-0j 0.0673628-0j 0.0254887-0j 
