-0.235946-0j 0.0276593-0j 0.0298754-0j 0.0150664-0j -0.137397-0j -0.206096-0j 0.0246034-0j 0.00827179-0j 0.0197266-0j 0.0151962-0j -0.0848634-0j 0.00442458-0j 0.619064-0j 0.0301328-0j 0.0322134-0j 0.0175471-0j 0.0369051-0j 0.0186115-0j -0.24003-0j 0.0214907-0j 0.0125146-0j 0.010838-0j 0.00244432-0j -0.207872-0j 0.0248154-0j 0.00834307-0j 0.028138-0j 0.0216759-0j -0.148254-0j 0.00892541-0j 0.0214907-0j 0.010838-0j -0.139776-0j 0.0176983-0j 0.0103062-0j 0.0109313-0j 0.0031828-0j 0.0115863-0j 0.00892541-0j -0.0863322-0j 0.0063656-0j 0.00564492-0j 0.00328718-0j 0.00493077-0j 0.00203032-0j -0.022483-0j 0.00234442-0j 0.00108525-0j 0.000774003-0j 0.000446871-0j 0.000184006-0j 2.50252e-05-0j 
-0.188908-0j -0.117051-0j 0.0431215-0j -0.149266-0j 0.0224597-0j -0.098776-0j -0.173934-0j 0.0119393-0j 0.0284729-0j -0.064309-0j 0.0138722-0j 0.00638633-0j 0.0301328-0j 0.624579-0j 0.046496-0j -0.0742577-0j 0.0532679-0j -0.184388-0j 0.0392365-0j -0.15193-0j 0.0180633-0j -0.0458652-0j 0.00352808-0j -0.0996271-0j -0.175433-0j 0.0120422-0j 0.0406137-0j -0.0917303-0j 0.0242344-0j 0.0128827-0j 0.0310192-0j -0.107374-0j 0.0228484-0j -0.125119-0j 0.0148757-0j -0.0462604-0j 0.00459397-0j 0.0167233-0j -0.0377714-0j 0.0141123-0j 0.00918795-0j -0.039907-0j 0.00474464-0j -0.0208665-0j 0.00293052-0j 0.00367518-0j 0.00338387-0j -0.00459269-0j 0.00111718-0j 0.000645002-0j 0.00026559-0j 3.61207e-05-0j 
0.041232-0j -0.250992-0j -0.0898447-0j -0.0453094-0j -0.117601-0j 0.0360156-0j -0.07399-0j -0.100155-0j -0.179008-0j -0.0456998-0j 0.01483-0j -0.0133061-0j 0.0322134-0j 0.046496-0j 0.569717-0j -0.132615-0j 0.0569457-0j 0.0287182-0j -0.0817504-0j 0.0331609-0j -0.094581-0j 0.0167233-0j 0.00377167-0j 0.036326-0j -0.0746275-0j -0.101018-0j -0.255336-0j -0.0651862-0j 0.0259077-0j -0.0268415-0j 0.0331609-0j 0.0167233-0j -0.0476053-0j 0.0273091-0j -0.0778905-0j 0.0168674-0j 0.00491117-0j -0.105139-0j -0.0268415-0j 0.0150867-0j -0.0191433-0j 0.00871031-0j -0.0248434-0j 0.00760835-0j 0.00313286-0j 0.00392893-0j -0.00705039-0j 0.00167458-0j 0.00119431-0j -0.00134388-0j 0.000283928-0j 3.86147e-05-0j 
-0.0224597-0j 0.0681619-0j 0.12299-0j -0.425733-0j -0.0862798-0j 0.0575197-0j 0.101286-0j -0.246707-0j -0.0165805-0j -0.183421-0j -0.00807814-0j 0.018215-0j -0.0175471-0j 0.0742577-0j 0.132615-0j 0.285263-0j -0.0310192-0j 0.107374-0j 0.11191-0j -0.0180633-0j -0.0693907-0j 0.0267084-0j -0.00205449-0j 0.0580154-0j 0.102159-0j -0.248833-0j -0.0236504-0j -0.261632-0j -0.0141123-0j 0.0367439-0j -0.0180633-0j 0.0625263-0j 0.0651679-0j -0.0148757-0j -0.0571455-0j 0.0269386-0j -0.00267519-0j -0.00973842-0j -0.107731-0j -0.00821795-0j 0.0262057-0j -0.00474464-0j -0.0182267-0j 0.0121511-0j -0.00170652-0j -0.00214015-0j 0.00965142-0j 0.00267444-0j -0.00065056-0j 0.00183966-0j -0.00015466-0j -2.1034e-05-0j 
0.0472372-0j 0.0488951-0j -0.362501-0j 0.0266339-0j 0.0275074-0j -0.0398571-0j -0.0420131-0j -0.014125-0j -0.102243-0j -0.0787621-0j -0.0832153-0j -0.0536868-0j 0.0369051-0j 0.0532679-0j 0.0569457-0j 0.0310192-0j 0.43256-0j -0.0317813-0j -0.0464196-0j -0.111386-0j -0.0648632-0j -0.0938392-0j -0.0381538-0j 0.0416166-0j 0.0438678-0j 0.0147486-0j -0.0480489-0j -0.0370141-0j -0.087023-0j -0.0772796-0j -0.260764-0j 0.019159-0j 0.0279835-0j -0.0302219-0j -0.017599-0j -0.0566572-0j -0.0386193-0j 0.0204818-0j 0.015778-0j -0.0166959-0j -0.0329929-0j 0.00997891-0j 0.00581097-0j -0.00841986-0j -0.0175793-0j 0.00450116-0j -0.00400336-0j 0.00191848-0j -0.00401166-0j 0.000789963-0j -0.000314212-0j 4.42387e-05-0j 
-0.0238221-0j 0.169251-0j -0.0266339-0j -0.217495-0j -0.0138722-0j -0.137966-0j 0.0211876-0j 0.00712338-0j 0.0515619-0j -0.272637-0j 0.0419662-0j 0.0270747-0j -0.0186115-0j 0.184388-0j -0.0287182-0j 0.107374-0j 0.0317813-0j 0.259529-0j 0.0234098-0j 0.0561731-0j 0.032711-0j -0.324826-0j 0.0192413-0j 0.144057-0j -0.0221229-0j -0.00743784-0j 0.0242314-0j -0.128125-0j 0.0438865-0j 0.0389727-0j -0.019159-0j -0.156454-0j -0.0141123-0j 0.0152412-0j 0.00887532-0j -0.19612-0j 0.0194761-0j -0.0103292-0j 0.054616-0j 0.00841986-0j 0.0166386-0j -0.00503245-0j -0.00293052-0j -0.0291455-0j 0.0088654-0j -0.00226997-0j 0.00201893-0j 0.00664084-0j 0.00202311-0j -0.000398385-0j 0.00015846-0j -2.23099e-05-0j 
0.136218-0j -0.0360156-0j 0.0758172-0j 0.0382352-0j -0.388518-0j -0.114936-0j -0.0603133-0j -0.0816418-0j 0.075311-0j -0.11307-0j -0.239968-0j -0.0770719-0j 0.24003-0j -0.0392365-0j 0.0817504-0j 0.11191-0j 0.0464196-0j 0.0234098-0j 0.260888-0j 0.0820461-0j -0.23401-0j 0.069121-0j 0.0281037-0j 0.12001-0j 0.0629759-0j 0.0852458-0j 0.0353923-0j -0.0531369-0j -0.250948-0j -0.110941-0j -0.0279835-0j -0.0141123-0j -0.157273-0j 0.0222612-0j -0.0634929-0j 0.0417331-0j 0.0284466-0j -0.0150867-0j 0.0226507-0j -0.0481459-0j -0.0473641-0j -0.00735036-0j 0.0209646-0j 0.00620198-0j 0.0129487-0j 0.01298-0j -0.00574716-0j -0.00141313-0j 0.00295494-0j 0.00113406-0j 0.000231445-0j -3.25858e-05-0j 
0.134729-0j -0.0284729-0j -0.0307542-0j -0.0155096-0j -0.0160183-0j 0.070447-0j -0.363708-0j 0.0249658-0j -0.01759-0j -0.0135503-0j -0.122627-0j -0.14417-0j -0.0214907-0j 0.15193-0j -0.0331609-0j -0.0180633-0j 0.111386-0j 0.0561731-0j 0.0820461-0j 0.0938592-0j -0.0111591-0j -0.138282-0j -0.147555-0j -0.0242344-0j 0.125119-0j -0.00858848-0j 0.0849258-0j 0.0654221-0j -0.0149715-0j -0.11388-0j -0.0221229-0j -0.0111568-0j -0.0162955-0j -0.261632-0j 0.031106-0j -0.00974737-0j -0.103708-0j -0.0119271-0j -0.00918795-0j 0.0295097-0j -0.00567614-0j 0.0284617-0j -0.00338387-0j 0.014882-0j -0.025905-0j -0.00262114-0j 0.0070759-0j -0.00111718-0j -0.00069017-0j -0.000460015-0j 0.000555366-0j -2.57613e-05-0j 
0.0160183-0j 0.0165805-0j -0.0877166-0j -0.0442362-0j 0.0615347-0j -0.0410231-0j 0.211796-0j -0.515881-0j 0.0102431-0j -0.038648-0j 0.0714086-0j -0.411199-0j 0.0125146-0j 0.0180633-0j -0.094581-0j 0.0693907-0j -0.0648632-0j -0.032711-0j 0.23401-0j 0.0111591-0j 0.0428682-0j 0.0805252-0j 0.0859248-0j 0.0141123-0j -0.0728599-0j 0.177468-0j -0.0494544-0j 0.186596-0j 0.00871831-0j -0.324806-0j 0.0128827-0j 0.00649686-0j -0.0464777-0j -0.031106-0j -0.119495-0j 0.00567614-0j 0.0603918-0j 0.00694544-0j -0.0262057-0j -0.0171843-0j -0.0161894-0j 0.00338387-0j 0.0129993-0j -0.00866617-0j 0.0150851-0j 0.00152635-0j 0.0201817-0j 0.00065056-0j 0.000401903-0j -0.00131205-0j -0.000323403-0j 1.50015e-05-0j 
0.0138722-0j -0.0421001-0j 0.0155096-0j -0.0536868-0j 0.00807814-0j 0.174008-0j -0.0625595-0j -0.0210328-0j 0.126931-0j -0.286686-0j 0.0363513-0j -0.151178-0j 0.010838-0j -0.0458652-0j 0.0167233-0j -0.0267084-0j -0.0938392-0j 0.324826-0j -0.069121-0j 0.138282-0j 0.0805252-0j -0.120187-0j -0.320413-0j -0.0358331-0j 0.0128827-0j 0.00433124-0j -0.071547-0j 0.161597-0j 0.108036-0j 0.0337584-0j 0.0111568-0j -0.0386193-0j 0.00821795-0j -0.0450018-0j -0.0262057-0j -0.206227-0j -0.108749-0j 0.00601493-0j -0.0135854-0j -0.0248609-0j 0.0409594-0j 0.00293052-0j 0.00170652-0j 0.0367595-0j 0.00767926-0j 0.00132186-0j -0.00596119-0j -0.00165186-0j 0.00498032-0j 0.00023199-0j -0.000467876-0j 1.29916e-05-0j 
-0.00312865-0j -0.00323846-0j -0.00349794-0j -0.00176404-0j -0.00182189-0j 0.0241306-0j 0.0254359-0j 0.00855168-0j -0.135442-0j -0.104337-0j 0.284138-0j -0.204349-0j -0.00244432-0j -0.00352808-0j -0.00377167-0j -0.00205449-0j 0.0381538-0j 0.0192413-0j 0.0281037-0j -0.147555-0j -0.0859248-0j 0.320413-0j -0.459226-0j -0.00275638-0j -0.00290548-0j -0.00097684-0j 0.0290901-0j 0.0224094-0j -0.11528-0j 0.26387-0j -0.00251622-0j -0.00126895-0j -0.00185342-0j 0.0182972-0j 0.0106549-0j -0.0750542-0j -0.146998-0j -0.00135657-0j -0.00104502-0j 0.0101081-0j -0.043706-0j -0.000660931-0j -0.000384877-0j 0.00509761-0j 0.0600244-0j -0.000298124-0j 0.00242374-0j -0.000127066-0j -0.00531428-0j -5.23215e-05-0j 0.000190232-0j -2.83507e-05-0j 
0.166832-0j 0.129328-0j -0.0476442-0j 0.164921-0j 0.0971505-0j -0.42726-0j -0.0392365-0j -0.0131915-0j -0.0314592-0j 0.071054-0j 0.0600049-0j -0.00705615-0j 0.00500147-0j 0.00239706-0j -0.000874016-0j 0.00139587-0j -0.00100131-0j 0.00346606-0j 0.00288748-0j -0.000583088-0j -0.000339547-0j 0.000862158-0j -6.63196e-05-0j 0.416278-0j 0.038228-0j 0.0128525-0j 0.0433465-0j -0.0979028-0j -0.10126-0j 0.0137496-0j 0.066796-0j -0.231216-0j -0.19262-0j 0.0550087-0j 0.0320329-0j -0.099616-0j 0.00989255-0j 0.0541746-0j -0.122359-0j -0.178976-0j 0.029764-0j 0.0352435-0j 0.0205232-0j -0.0902592-0j 0.0126761-0j -0.0778631-0j 0.0183123-0j -0.029842-0j 0.0072591-0j 0.00489157-0j 0.00230264-0j 0.000391624-0j 
0.220012-0j -0.046496-0j 0.0978795-0j 0.0493615-0j 0.128118-0j -0.0392365-0j -0.394806-0j 0.109112-0j -0.0331609-0j 0.0497868-0j -0.0161563-0j 0.0144961-0j -0.000597066-0j 0.00422098-0j 0.00179556-0j 0.00245798-0j -0.00105547-0j -0.000532284-0j 0.00151522-0j 0.0030104-0j 0.00175303-0j -0.000309963-0j -6.9907e-05-0j 0.038228-0j 0.384659-0j -0.106307-0j 0.0456913-0j -0.0685995-0j 0.0272642-0j -0.0282469-0j 0.0704092-0j 0.0355079-0j -0.101078-0j -0.284002-0j -0.165382-0j 0.0358139-0j 0.0104277-0j 0.0571051-0j -0.0857358-0j 0.0481892-0j -0.0611467-0j -0.181957-0j -0.105958-0j 0.03245-0j 0.0133618-0j 0.0209646-0j -0.0376205-0j 0.0107288-0j 0.00765177-0j -0.0100492-0j 0.00242719-0j 0.000412807-0j 
0.0151022-0j 0.0156322-0j -0.132492-0j -0.066817-0j 0.312063-0j 0.0131915-0j -0.109112-0j -0.106952-0j 0.0111489-0j -0.0673928-0j 0.00543183-0j -0.0196222-0j 0.000200737-0j 0.000289739-0j -0.00243052-0j 0.00598701-0j 0.000354856-0j 0.000178957-0j -0.00205104-0j 0.000206642-0j 0.00426994-0j 0.000104211-0j 2.35031e-05-0j -0.0128525-0j 0.106307-0j 0.104203-0j -0.0153617-0j 0.0928581-0j -0.00916639-0j 0.0382358-0j -0.023672-0j -0.011938-0j 0.136822-0j -0.0194946-0j -0.402827-0j -0.0120408-0j -0.00350584-0j -0.019199-0j 0.116054-0j -0.0162015-0j 0.0827699-0j -0.01249-0j -0.258087-0j -0.0109099-0j -0.00449231-0j -0.0070484-0j 0.0509241-0j -0.00360708-0j -0.00257257-0j 0.0136028-0j -0.000816036-0j -0.000138788-0j 
-0.0509338-0j 0.31005-0j -0.0569457-0j -0.0287182-0j -0.02966-0j 0.0429762-0j 0.0453009-0j 0.0152304-0j -0.648335-0j 0.0849258-0j 0.0897274-0j 0.0578881-0j -0.00067701-0j -0.000977179-0j 0.00614348-0j -0.000569036-0j 0.00115607-0j 0.000583017-0j 0.000851551-0j 0.00204334-0j 0.00118989-0j 0.00172145-0j 0.000699918-0j 0.0433465-0j 0.0456913-0j 0.0153617-0j 0.294317-0j -0.0385527-0j -0.0906404-0j -0.0804919-0j 0.0798365-0j 0.0402622-0j 0.0588067-0j -0.0635108-0j -0.0369839-0j -0.119064-0j -0.0811577-0j -0.380795-0j 0.0498806-0j -0.0527822-0j -0.104303-0j 0.042124-0j 0.0245299-0j -0.0355428-0j -0.0742077-0j 0.0237716-0j -0.0211426-0j 0.0121653-0j -0.0254384-0j 0.00584655-0j -0.00265853-0j 0.00046808-0j 
0.0392365-0j -0.119077-0j -0.0854966-0j 0.295948-0j -0.11191-0j 0.0970664-0j 0.0680134-0j 0.0920648-0j -0.0849258-0j -0.373838-0j -0.069121-0j 0.0869115-0j 0.00052153-0j -0.00220706-0j -0.0015684-0j 0.00629495-0j -0.000890573-0j 0.00308274-0j 0.00127849-0j -0.00157408-0j 0.00448956-0j 0.00388807-0j -0.000539177-0j 0.0979028-0j 0.0685995-0j 0.0928581-0j 0.0385527-0j 0.169707-0j 0.0698242-0j -0.120848-0j -0.0615016-0j 0.212889-0j 0.0882906-0j 0.0489251-0j -0.139543-0j -0.268918-0j 0.0625194-0j -0.0498806-0j -0.219571-0j 0.0406604-0j -0.156598-0j -0.03245-0j 0.0925532-0j -0.0802772-0j 0.0571654-0j -0.0183123-0j -0.0317429-0j 0.0274766-0j 0.0195963-0j 0.00877783-0j 0.00204798-0j -0.000360582-0j 
-0.118985-0j 0.0314592-0j 0.0339798-0j 0.0171363-0j -0.0692877-0j 0.304722-0j -0.0820461-0j -0.0275844-0j 0.0194349-0j 0.0149715-0j -0.530428-0j 0.159291-0j -0.00356705-0j 0.000583088-0j 0.000623348-0j 0.000339547-0j -0.0020938-0j -0.00105592-0j 0.0060379-0j 0.000360221-0j 0.000209766-0j 0.00259938-0j 0.00277368-0j 0.10126-0j -0.0272642-0j -0.00916639-0j 0.0906404-0j 0.0698242-0j 0.0625566-0j -0.121543-0j -0.0476389-0j -0.0240247-0j 0.137376-0j 0.115027-0j 0.0669829-0j -0.0209897-0j -0.223322-0j -0.0386373-0j -0.029764-0j -0.374251-0j -0.0183876-0j -0.0251356-0j -0.0146371-0j 0.0643729-0j -0.112053-0j 0.0555319-0j 0.0382922-0j -0.0072591-0j -0.00448453-0j -0.00348867-0j 0.00481496-0j -0.000279306-0j 
-0.0161563-0j -0.0167233-0j 0.0352046-0j 0.017754-0j 0.0460806-0j 0.069121-0j -0.142001-0j -0.192216-0j -0.14783-0j 0.221947-0j -0.0423366-0j -0.343153-0j -0.000214748-0j -0.000309963-0j 0.000645815-0j 0.00088407-0j 0.00185937-0j 0.000937698-0j -0.00266929-0j -0.00273999-0j 0.00781494-0j -0.000812239-0j 0.00634881-0j 0.0137496-0j -0.0282469-0j -0.0382358-0j -0.0804919-0j 0.120848-0j 0.121543-0j -0.0740195-0j 0.0253243-0j 0.0127712-0j -0.0363551-0j -0.102148-0j 0.291344-0j 0.159657-0j -0.246846-0j 0.0205391-0j -0.0308368-0j -0.0848924-0j -0.272589-0j 0.0133618-0j -0.0381103-0j -0.0571654-0j 0.0350138-0j 0.00754038-0j 0.066274-0j 0.00385885-0j 0.0341112-0j -0.00361441-0j -0.00427586-0j 0.000148476-0j 
-0.0476442-0j -0.0493165-0j 0.365625-0j -0.0268634-0j -0.0277444-0j -0.0416166-0j -0.0438678-0j -0.0147486-0j -0.0351725-0j -0.0270949-0j -0.0171363-0j -0.00788902-0j 0.0359565-0j 0.0518987-0j 0.0554821-0j 0.0302219-0j -0.436288-0j 0.0320552-0j 0.0468196-0j 0.0370141-0j 0.0215543-0j 0.0186665-0j 0.00420993-0j 0.0419509-0j 0.0442202-0j 0.0148671-0j 0.050141-0j 0.0386258-0j 0.0299194-0j 0.0159048-0j 0.236619-0j -0.017385-0j -0.0253925-0j -0.0283897-0j -0.016532-0j -0.0175348-0j -0.00510549-0j -0.0977398-0j -0.0752933-0j -0.0824797-0j -0.0536991-0j -0.105635-0j -0.0615139-0j -0.0922709-0j -0.037994-0j -0.0825909-0j -0.0760445-0j -0.0538343-0j -0.0383946-0j -0.0313792-0j -0.0173481-0j -0.00382228-0j 
0.0240274-0j -0.17071-0j 0.0268634-0j 0.219369-0j 0.0139917-0j -0.144057-0j 0.0221229-0j 0.00743784-0j 0.0177378-0j -0.0937895-0j 0.00864199-0j 0.0039785-0j -0.0181332-0j 0.179648-0j -0.0279801-0j 0.104614-0j -0.0320552-0j -0.261765-0j -0.0236115-0j -0.0186665-0j -0.01087-0j 0.0646146-0j -0.0021231-0j 0.145214-0j -0.0223006-0j -0.00749759-0j -0.0252865-0j 0.133704-0j -0.0150886-0j -0.00802092-0j 0.017385-0j 0.141968-0j 0.0128056-0j 0.0143171-0j 0.00833723-0j -0.0606972-0j 0.00257474-0j 0.049291-0j -0.260629-0j 0.0415952-0j 0.0270809-0j 0.0532726-0j 0.031022-0j -0.319397-0j 0.0191607-0j 0.0416513-0j 0.0383499-0j -0.186348-0j 0.0193627-0j 0.0158248-0j 0.00874879-0j 0.00192761-0j 
-0.137392-0j 0.036326-0j -0.0764705-0j -0.0385647-0j 0.391866-0j -0.12001-0j -0.0629759-0j -0.0852458-0j 0.0259077-0j -0.038897-0j -0.049416-0j -0.0113253-0j 0.233861-0j -0.038228-0j 0.0796491-0j 0.109033-0j -0.0468196-0j -0.0236115-0j -0.263136-0j -0.0272642-0j 0.0777626-0j -0.0137496-0j -0.00310099-0j 0.120974-0j 0.0634818-0j 0.0859306-0j -0.0369333-0j 0.0554505-0j 0.0862785-0j 0.0228326-0j 0.0253925-0j 0.0128056-0j 0.142711-0j 0.0209115-0j -0.0596435-0j 0.012916-0j 0.00376065-0j 0.0719941-0j -0.10809-0j -0.237847-0j -0.0770896-0j 0.0778096-0j -0.221927-0j 0.0679658-0j 0.027986-0j -0.238167-0j -0.109168-0j 0.0396538-0j 0.0282811-0j -0.0450474-0j 0.0127784-0j 0.00281545-0j 
-0.192177-0j 0.0406137-0j 0.0438678-0j 0.0221229-0j 0.0228484-0j -0.0331065-0j 0.170924-0j -0.0117327-0j -0.0849258-0j -0.0654221-0j -0.069121-0j -0.0445938-0j -0.0296113-0j 0.209338-0j -0.0456913-0j -0.0248887-0j 0.0505648-0j 0.0255002-0j 0.0372455-0j -0.43774-0j 0.0520439-0j 0.0752933-0j 0.0306133-0j -0.0345479-0j 0.178366-0j -0.0122435-0j 0.0398876-0j 0.0307272-0j 0.072242-0j 0.0641535-0j 0.0283897-0j 0.0143171-0j 0.0209115-0j 0.110616-0j -0.0131514-0j -0.0423388-0j -0.0288595-0j 0.0804919-0j 0.0620064-0j -0.0656134-0j -0.129659-0j -0.426089-0j 0.0506587-0j -0.0734024-0j -0.153252-0j 0.0680162-0j -0.0604941-0j 0.0443343-0j -0.0927058-0j 0.0258417-0j -0.0138006-0j 0.00314777-0j 
-0.0228484-0j -0.0236504-0j 0.125119-0j 0.0630985-0j -0.0877731-0j 0.0192787-0j -0.0995334-0j 0.242438-0j 0.0494544-0j -0.186596-0j 0.0402509-0j -0.12719-0j 0.0172434-0j 0.0248887-0j -0.13032-0j 0.0956109-0j -0.0294451-0j -0.0148494-0j 0.106231-0j -0.0520439-0j -0.199929-0j -0.0438452-0j -0.0178269-0j 0.0201181-0j -0.103867-0j 0.252993-0j -0.0232276-0j 0.0876396-0j -0.0420683-0j 0.182977-0j -0.016532-0j -0.00833723-0j 0.0596435-0j 0.0131514-0j 0.0505215-0j 0.024655-0j 0.0168056-0j -0.0468725-0j 0.176854-0j 0.0382083-0j -0.369812-0j -0.0506587-0j -0.194607-0j 0.0427441-0j 0.0892428-0j -0.0396076-0j -0.17254-0j -0.025817-0j 0.0539849-0j 0.0737054-0j 0.00803643-0j -0.00183303-0j 
-0.0242344-0j 0.0735479-0j -0.0270949-0j 0.0937895-0j -0.0141123-0j -0.181971-0j 0.0654221-0j 0.0219953-0j -0.015497-0j 0.0350017-0j -0.108036-0j -0.127016-0j 0.0182894-0j -0.0773989-0j 0.0282212-0j -0.0450714-0j -0.094794-0j 0.328131-0j -0.0698242-0j 0.0163085-0j 0.00949683-0j -0.345041-0j 0.125574-0j -0.0625634-0j 0.0224928-0j 0.00756219-0j -0.0747775-0j 0.168893-0j 0.0131825-0j 0.100272-0j -0.0175348-0j 0.0606972-0j -0.012916-0j 0.0423388-0j 0.024655-0j 0.0226518-0j -0.0822001-0j -0.0497157-0j 0.112288-0j 0.123006-0j -0.0236599-0j -0.0537317-0j -0.0312893-0j -0.403459-0j -0.239533-0j -0.0420102-0j 0.113409-0j 0.0802855-0j -0.0169167-0j -0.0159611-0j 0.025872-0j -0.00194422-0j 
0.00705615-0j 0.00730381-0j 0.00788902-0j 0.0039785-0j 0.00410898-0j -0.0423054-0j -0.0445938-0j -0.0149927-0j 0.164882-0j 0.127016-0j -0.167035-0j -0.143838-0j -0.00532519-0j -0.00768625-0j -0.00821695-0j -0.0044759-0j 0.0646146-0j 0.0325857-0j 0.0475944-0j -0.173515-0j -0.101042-0j 0.18195-0j -0.245944-0j -0.00621297-0j -0.00654905-0j -0.00220183-0j 0.0509708-0j 0.039265-0j -0.140257-0j 0.15503-0j 0.00510549-0j 0.00257474-0j 0.00376065-0j -0.0288595-0j -0.0168056-0j 0.0822001-0j -0.0930865-0j 0.0144754-0j 0.011151-0j -0.0838446-0j 0.251732-0j 0.0156446-0j 0.00911027-0j -0.0937979-0j -0.370343-0j 0.0122318-0j -0.0773029-0j 0.00797291-0j 0.179987-0j 0.00464728-0j -0.0176352-0j 0.000566084-0j 
0.02966-0j -0.18055-0j 0.0331609-0j 0.0167233-0j 0.0172718-0j 0.0259077-0j 0.0273091-0j 0.00918147-0j -0.128768-0j 0.0168674-0j 0.0106679-0j 0.00491117-0j -0.0451623-0j -0.0651862-0j 0.409823-0j -0.0379596-0j -0.0798365-0j -0.0402622-0j -0.0588067-0j -0.0464908-0j -0.0270728-0j -0.0234457-0j -0.00528779-0j 0.0235089-0j 0.0247805-0j 0.00833135-0j -0.165245-0j 0.0216455-0j 0.0167665-0j 0.00891288-0j 0.0917648-0j 0.0462778-0j 0.067593-0j 0.0755713-0j 0.044007-0j 0.0466765-0j 0.0135905-0j -0.0902927-0j 0.0118275-0j 0.0129564-0j 0.00843537-0j -0.0799408-0j -0.0465515-0j -0.0698273-0j -0.0287525-0j -0.123533-0j -0.113741-0j -0.117276-0j -0.0836412-0j -0.0889852-0j -0.0603615-0j -0.0181357-0j 
-0.0228484-0j 0.0693416-0j 0.0497868-0j -0.172338-0j 0.0651679-0j 0.0585153-0j 0.041001-0j 0.0555001-0j -0.0168674-0j -0.0742494-0j -0.00821795-0j 0.00737347-0j 0.0347905-0j -0.14723-0j -0.104626-0j 0.419927-0j 0.0615016-0j -0.212889-0j -0.0882906-0j 0.0358139-0j -0.102148-0j -0.0529546-0j 0.00407342-0j 0.0530973-0j 0.0372047-0j 0.0503613-0j -0.0216455-0j -0.095282-0j -0.012916-0j 0.0133815-0j -0.0706904-0j 0.244696-0j 0.101482-0j -0.0582158-0j 0.166042-0j 0.105424-0j -0.0104693-0j -0.0118275-0j -0.0520639-0j -0.00998086-0j 0.0126646-0j 0.0615819-0j -0.175643-0j -0.157712-0j 0.0221493-0j 0.0951627-0j -0.170768-0j -0.264881-0j 0.0644325-0j -0.1336-0j 0.0464991-0j 0.0139707-0j 
0.0979876-0j -0.0259077-0j -0.0279835-0j -0.0141123-0j 0.0570607-0j -0.0826786-0j 0.0222612-0j 0.00748432-0j 0.0541746-0j 0.0417331-0j -0.17262-0j 0.0284466-0j -0.336516-0j 0.0550087-0j 0.0588067-0j 0.0320329-0j -0.0650792-0j -0.03282-0j 0.187669-0j -0.115027-0j -0.0669829-0j -0.0969059-0j -0.0394007-0j 0.0776661-0j -0.0209115-0j -0.00703057-0j 0.0229046-0j 0.0176444-0j -0.162405-0j 0.0368387-0j -0.0774375-0j -0.0390524-0j 0.223306-0j 0.0616023-0j 0.0358726-0j 0.115486-0j 0.078719-0j -0.0129564-0j -0.00998086-0j -0.0413474-0j 0.0208706-0j 0.0674596-0j 0.0392834-0j -0.0569201-0j -0.11884-0j -0.408114-0j -0.0927167-0j 0.0989657-0j -0.206944-0j 0.0750919-0j -0.049204-0j 0.0153042-0j 
0.0162955-0j 0.0168674-0j -0.0355079-0j -0.0179069-0j -0.0464777-0j -0.0417331-0j 0.0857358-0j 0.116054-0j 0.0104204-0j -0.0156448-0j 0.0726445-0j -0.166455-0j -0.0248126-0j -0.0358139-0j 0.0746192-0j 0.102148-0j 0.128604-0j 0.0648559-0j -0.184621-0j -0.0221251-0j 0.0631049-0j -0.159657-0j -0.170362-0j 0.012916-0j -0.0265344-0j -0.0359177-0j -0.0452621-0j 0.0679551-0j 0.00797924-0j -0.118289-0j 0.0504164-0j 0.0254254-0j -0.072377-0j -0.121733-0j 0.347205-0j 0.0222135-0j 0.236343-0j 0.00843537-0j -0.0126646-0j -0.0208706-0j -0.00782395-0j -0.0439202-0j 0.125268-0j 0.11248-0j -0.195794-0j -0.06787-0j -0.357086-0j -0.0644325-0j -0.0398052-0j 0.0952832-0j 0.0972326-0j -0.00996393-0j 
0.0791322-0j -0.0167233-0j -0.0180633-0j -0.00910946-0j -0.00940821-0j -0.0141123-0j 0.0728599-0j -0.00500129-0j -0.0119271-0j -0.00918795-0j -0.00581097-0j -0.00267519-0j 0.0370083-0j -0.261632-0j 0.0571051-0j 0.031106-0j 0.0654221-0j 0.0329929-0j 0.0481892-0j -0.186596-0j 0.0221848-0j 0.0192126-0j 0.00433308-0j -0.0673444-0j 0.34769-0j -0.0238663-0j -0.0804919-0j -0.0620064-0j -0.04803-0j -0.0255321-0j -0.0155126-0j -0.00782316-0j -0.0114265-0j 0.0625717-0j -0.0074393-0j -0.00789057-0j -0.00229744-0j 0.0975976-0j 0.0751837-0j 0.0823596-0j 0.053621-0j -0.311369-0j 0.0370194-0j 0.0555291-0j 0.022865-0j -0.048555-0j -0.0447064-0j -0.133465-0j -0.0951869-0j -0.158384-0j -0.143695-0j -0.0639848-0j 
0.00940821-0j 0.00973842-0j -0.0515197-0j -0.0259818-0j 0.036142-0j 0.00821795-0j -0.0424281-0j 0.103344-0j 0.00694544-0j -0.0262057-0j 0.00338387-0j -0.00763012-0j -0.0215509-0j -0.031106-0j 0.162874-0j -0.119495-0j -0.0380969-0j -0.0192126-0j 0.137444-0j -0.0221848-0j -0.0852237-0j -0.011188-0j -0.00252326-0j 0.0392163-0j -0.202468-0j 0.493161-0j 0.0468725-0j -0.176854-0j 0.0279691-0j -0.0728223-0j 0.0090334-0j 0.00455562-0j -0.0325903-0j 0.0074393-0j 0.0285783-0j 0.00459488-0j 0.00133786-0j -0.0568335-0j 0.214438-0j -0.0479601-0j 0.152937-0j -0.0370194-0j -0.142211-0j -0.032336-0j -0.0133149-0j 0.0282748-0j -0.127511-0j 0.0777198-0j 0.0554297-0j -0.45174-0j 0.083677-0j 0.0372599-0j 
0.0141123-0j -0.0428288-0j 0.015778-0j -0.054616-0j 0.00821795-0j 0.0349121-0j -0.0125516-0j -0.00421992-0j -0.0305455-0j 0.0689902-0j -0.0248609-0j -0.0160392-0j -0.0323263-0j 0.136802-0j -0.0498806-0j 0.0796631-0j 0.0552009-0j -0.191079-0j 0.0406604-0j 0.0975669-0j 0.0568157-0j -0.240996-0j 0.0334201-0j -0.17247-0j 0.0620064-0j 0.0208469-0j -0.0679163-0j 0.153396-0j -0.123006-0j -0.109233-0j 0.0135501-0j -0.0469039-0j 0.00998086-0j -0.0107792-0j -0.00627703-0j 0.0592485-0j -0.0137743-0j -0.0852503-0j 0.192547-0j 0.0694922-0j 0.137324-0j -0.0555291-0j -0.032336-0j -0.137372-0j 0.0978227-0j 0.0424122-0j -0.0377218-0j -0.341805-0j -0.243775-0j 0.138346-0j -0.121245-0j 0.0558899-0j 
-0.00581097-0j -0.00601493-0j -0.00649686-0j -0.00327642-0j -0.00338387-0j 0.0248609-0j 0.0262057-0j 0.00881051-0j -0.0531703-0j -0.0409594-0j -0.0152273-0j 0.0633276-0j 0.0133109-0j 0.0192126-0j 0.0205391-0j 0.011188-0j -0.115251-0j -0.0581219-0j -0.0848924-0j 0.169834-0j 0.0988987-0j 0.0503455-0j -0.393522-0j -0.0242219-0j -0.0255321-0j -0.00858405-0j 0.141798-0j 0.109233-0j -0.214115-0j -0.0669055-0j -0.00557947-0j -0.00281377-0j -0.00410978-0j 0.0225053-0j 0.0131054-0j -0.0351758-0j 0.0543854-0j 0.0351032-0j 0.0270415-0j -0.145089-0j 0.23904-0j 0.022865-0j 0.0133149-0j -0.0978227-0j 0.0599164-0j -0.0174639-0j 0.078757-0j -0.0480035-0j -0.424338-0j -0.0569664-0j 0.253139-0j -0.0230297-0j 
-0.0312534-0j 0.00826332-0j 0.00892541-0j 0.00450116-0j -0.0181996-0j -0.0272995-0j 0.00735036-0j 0.00247123-0j 0.0058934-0j 0.00453994-0j -0.011241-0j 0.00132186-0j 0.215602-0j -0.0352435-0j -0.0376769-0j -0.0205232-0j -0.0431643-0j -0.0217681-0j 0.124473-0j -0.0251356-0j -0.0146371-0j -0.0126761-0j -0.00285889-0j -0.288988-0j 0.0778096-0j 0.02616-0j 0.0882278-0j 0.0679658-0j -0.206106-0j 0.027986-0j -0.081915-0j -0.0413104-0j 0.236218-0j -0.0674596-0j -0.0392834-0j -0.0416664-0j -0.0121317-0j -0.0644735-0j -0.0496667-0j 0.213001-0j -0.0354223-0j 0.084067-0j 0.0489543-0j 0.0734315-0j 0.0302366-0j -0.421087-0j 0.0990337-0j -0.00441555-0j -0.00314917-0j -0.135283-0j -0.214089-0j -0.166674-0j 
-0.00735036-0j -0.00760835-0j 0.0160165-0j 0.00807724-0j 0.0209646-0j 0.00620198-0j -0.0127413-0j -0.0172469-0j 0.0159095-0j -0.0238861-0j 0.0129487-0j -0.0162815-0j 0.022482-0j 0.03245-0j -0.0676103-0j -0.0925532-0j -0.0383906-0j -0.0193607-0j 0.0551129-0j -0.0678549-0j 0.193535-0j -0.0571654-0j -0.0232427-0j -0.0679658-0j 0.139628-0j 0.189004-0j 0.0784705-0j -0.117813-0j 0.142121-0j -0.245975-0j 0.0754221-0j 0.038036-0j -0.108275-0j -0.0599991-0j 0.171128-0j -0.11248-0j -0.0766703-0j 0.0593631-0j -0.089126-0j -0.0483902-0j 0.186368-0j -0.0774036-0j 0.220769-0j 0.0653105-0j 0.136358-0j -0.0990337-0j -0.171667-0j 0.00406556-0j -0.00850135-0j -0.242762-0j -0.190412-0j 0.153462-0j 
-0.00367518-0j 0.0111536-0j -0.00410898-0j 0.0142233-0j -0.00214015-0j 0.00941221-0j -0.00338387-0j -0.00113768-0j -0.00271313-0j 0.00612791-0j -0.00132186-0j -0.000608543-0j 0.0140635-0j -0.0595152-0j 0.0217004-0j -0.0346572-0j 0.0248609-0j -0.0860565-0j 0.0183123-0j 0.0144771-0j 0.0084304-0j -0.021406-0j 0.00164661-0j 0.172703-0j -0.06209-0j -0.020875-0j -0.0704035-0j 0.159014-0j -0.0420102-0j -0.0223321-0j 0.129194-0j -0.447206-0j 0.0951627-0j 0.106395-0j 0.0619566-0j -0.192672-0j 0.0191337-0j -0.0502592-0j 0.113516-0j -0.0424122-0j -0.0276129-0j -0.109777-0j -0.063926-0j 0.281141-0j -0.0394838-0j 0.0534438-0j 0.0492076-0j -0.431742-0j 0.105022-0j 0.0556976-0j -0.128316-0j -0.304354-0j 
0.00262114-0j 0.00271313-0j 0.00293052-0j 0.00147789-0j 0.00152635-0j -0.00671278-0j -0.0070759-0j -0.00237896-0j 0.00167612-0j 0.00129119-0j 0.0116849-0j 0.0137377-0j -0.0100301-0j -0.0144771-0j -0.0154767-0j -0.0084304-0j 0.0519858-0j 0.0262169-0j 0.0382922-0j -0.00894369-0j -0.00520814-0j -0.0645384-0j -0.068866-0j 0.0420102-0j 0.0442826-0j 0.0148881-0j -0.147218-0j -0.113409-0j 0.0259531-0j 0.19741-0j -0.0921409-0j -0.0464674-0j -0.06787-0j 0.222479-0j 0.129555-0j -0.0405974-0j -0.431939-0j 0.0358449-0j 0.0276129-0j -0.0886867-0j 0.0170587-0j 0.078293-0j 0.045592-0j -0.20051-0j 0.349026-0j -0.0381161-0j 0.102896-0j -0.105022-0j -0.0648804-0j -0.0397235-0j -0.268318-0j 0.217205-0j 
0.0016178-0j 0.00167458-0j -0.00352519-0j -0.00177779-0j -0.00461426-0j 0.00141313-0j -0.00290311-0j -0.00392973-0j 0.00119431-0j -0.0017931-0j 0.000581879-0j -0.000522085-0j -0.00743312-0j -0.0107288-0j 0.0223537-0j 0.0306005-0j -0.01314-0j -0.00662663-0j 0.0188636-0j -0.00765177-0j 0.0218242-0j -0.00385885-0j -0.0008703-0j 0.0396538-0j -0.0814641-0j -0.110272-0j 0.0473953-0j -0.0711579-0j 0.0282811-0j -0.0293004-0j -0.126673-0j -0.0638821-0j 0.181849-0j -0.104319-0j 0.297537-0j -0.0644325-0j -0.0187603-0j 0.14268-0j -0.214215-0j 0.120403-0j -0.152778-0j -0.0046544-0j 0.0132752-0j -0.00406556-0j -0.00167406-0j -0.152084-0j 0.272911-0j 0.00417478-0j 0.00297745-0j -0.361293-0j 0.145799-0j -0.325505-0j 
-0.000706565-0j -0.000731364-0j -0.000789963-0j -0.000398385-0j -0.00041145-0j 0.000596175-0j 0.000628424-0j 0.00021128-0j 0.00152933-0j 0.00117811-0j 0.00124472-0j 0.000803037-0j 0.003789-0j 0.00546895-0j 0.00584655-0j 0.0031847-0j -0.00647015-0j -0.00326295-0j -0.00476585-0j -0.0114359-0j -0.00665942-0j -0.00963436-0j -0.00391721-0j -0.0245156-0j -0.0258417-0j -0.00868814-0j 0.0283047-0j 0.0218044-0j 0.0512637-0j 0.045524-0j 0.101945-0j 0.0514119-0j 0.0750919-0j -0.0810986-0j -0.0472257-0j -0.152036-0j -0.103632-0j -0.17959-0j -0.138346-0j 0.146394-0j 0.289291-0j 0.151251-0j 0.0880771-0j -0.12762-0j -0.26645-0j 0.0610136-0j -0.054266-0j -0.196622-0j 0.41115-0j -0.0750584-0j -0.223353-0j -0.0120884-0j 
0.000106236-0j 0.000109965-0j 0.000118775-0j 5.98995e-05-0j 6.18639e-05-0j 9.27959e-05-0j 9.78154e-05-0j 3.28861e-05-0j 7.84268e-05-0j 6.04156e-05-0j 3.82102e-05-0j 1.75908e-05-0j -0.000732871-0j -0.00105781-0j -0.00113085-0j -0.000615989-0j -0.00129555-0j -0.000653355-0j -0.000954286-0j -0.000754429-0j -0.000439323-0j -0.000380465-0j -8.58076e-05-0j 0.00639294-0j 0.00673875-0j 0.0022656-0j 0.00764102-0j 0.00588621-0j 0.00455944-0j 0.00242374-0j -0.038574-0j -0.0194532-0j -0.0284132-0j -0.0317669-0j -0.0184987-0j -0.0196208-0j -0.00571285-0j 0.113023-0j 0.0870665-0j 0.0953766-0j 0.0620958-0j -0.229868-0j -0.133858-0j -0.200787-0j -0.082698-0j 0.28382-0j 0.261323-0j -0.0939942-0j -0.0671416-0j -0.266378-0j 0.230698-0j -0.193768-0j 
0.087024-0j 0.00469769-0j 0.00507409-0j 0.0025589-0j -0.0103465-0j -0.0155197-0j -0.0204668-0j 0.00140489-0j 0.00335039-0j 0.00258095-0j -0.0063905-0j 0.000751477-0j -0.0313083-0j -0.0250666-0j 0.00547117-0j 0.00298023-0j 0.00626801-0j 0.00316101-0j -0.0180751-0j -0.0178775-0j 0.0021255-0j 0.00184074-0j 0.000415148-0j -0.0156535-0j -0.0206432-0j 0.001417-0j 0.004779-0j 0.00368147-0j -0.011164-0j 0.00151591-0j 0.00365002-0j 0.00184074-0j -0.0105256-0j -0.0147227-0j 0.00175042-0j 0.0018566-0j 0.000540572-0j 0.00196783-0j 0.00151591-0j -0.0065011-0j 0.00108114-0j -0.00469585-0j 0.0005583-0j 0.00083745-0j 0.000344833-0j -0.00169304-0j 0.000398179-0j 0.000184321-0j 0.000131458-0j 7.58972e-05-0j 3.12519e-05-0j 4.25032e-06-0j 
0.00469769-0j 0.083843-0j 0.00525218-0j -0.0181805-0j 0.00273558-0j -0.0120309-0j 0.00432534-0j 0.0014542-0j -0.0203949-0j -0.00783282-0j 0.00168963-0j 0.000777853-0j 0.00367017-0j -0.0155318-0j -0.0333047-0j -0.00904456-0j 0.00648801-0j -0.0224584-0j 0.004779-0j 0.00377813-0j 0.0022001-0j -0.00558636-0j 0.000429719-0j -0.0121346-0j 0.00436261-0j 0.00146673-0j -0.0290913-0j -0.0111727-0j 0.00295174-0j 0.00156911-0j 0.00377813-0j -0.0130781-0j 0.00278293-0j 0.00311141-0j 0.00181185-0j -0.0056345-0j 0.000559545-0j -0.0119788-0j -0.00460055-0j 0.00171887-0j 0.00111909-0j 0.000992393-0j 0.000577895-0j -0.00254154-0j 0.000356937-0j 0.000447636-0j 0.000412155-0j -0.000559388-0j 0.000136072-0j 7.85611e-05-0j 3.23488e-05-0j 4.3995e-06-0j 
0.00507409-0j 0.00525218-0j 0.0758904-0j -0.00557586-0j -0.0144722-0j 0.00443215-0j -0.00910535-0j -0.0123252-0j 0.00374585-0j -0.00562391-0j 0.00182501-0j -0.00163747-0j 0.00396424-0j 0.00572189-0j -0.0119217-0j -0.0163199-0j -0.0481011-0j 0.00353412-0j -0.0100604-0j 0.00408085-0j -0.0116393-0j 0.00205801-0j 0.000464149-0j 0.00447034-0j -0.00918381-0j -0.0124314-0j 0.00534308-0j -0.00802194-0j 0.00318825-0j -0.00330316-0j -0.0280105-0j 0.00205801-0j -0.0058584-0j 0.00336071-0j -0.00958535-0j 0.00207574-0j 0.000604377-0j 0.0022001-0j -0.00330316-0j 0.0018566-0j -0.00235582-0j 0.00107191-0j -0.00305727-0j 0.000936297-0j 0.000385535-0j 0.000483502-0j -0.000867634-0j 0.000206077-0j 0.000146974-0j -0.00016538-0j 3.49407e-05-0j 4.752e-06-0j 
-0.0025589-0j 0.0181805-0j 0.00557586-0j 0.0455329-0j 0.00729846-0j 0.015342-0j 0.0045919-0j 0.00621572-0j -0.00188907-0j -0.0194673-0j -0.000920368-0j 0.000825791-0j -0.0019992-0j 0.0198064-0j 0.00601221-0j -0.0564915-0j -0.00353412-0j -0.0288599-0j 0.00507352-0j -0.00205801-0j 0.00586981-0j 0.00712383-0j -0.000234074-0j 0.0154742-0j 0.00463147-0j 0.00626928-0j -0.00269456-0j -0.0277681-0j -0.00160786-0j 0.00166581-0j -0.00205801-0j -0.0168058-0j 0.00295444-0j -0.00169483-0j 0.00483397-0j 0.00718521-0j -0.000304793-0j -0.00110953-0j -0.011434-0j -0.000936297-0j 0.00118806-0j -0.000540572-0j 0.00154181-0j 0.00324101-0j -0.000194429-0j -0.000243834-0j 0.000437555-0j 0.000713341-0j -7.41204e-05-0j 8.34027e-05-0j -1.76209e-05-0j -2.39647e-06-0j 
0.0103465-0j -0.00273558-0j 0.0144722-0j 0.00729846-0j 0.0397464-0j 0.00903753-0j 0.0119183-0j -0.02903-0j -0.00195102-0j 0.00736135-0j 0.00372135-0j 0.00214335-0j 0.0182316-0j -0.00298023-0j 0.0156048-0j -0.0114487-0j -0.00365002-0j -0.00184074-0j -0.0515534-0j -0.0021255-0j -0.00816518-0j -0.00107191-0j -0.000241751-0j 0.0091154-0j 0.012021-0j -0.0292801-0j -0.00278293-0j 0.0105002-0j 0.0065011-0j 0.00432364-0j -0.0021255-0j -0.00107191-0j -0.0300208-0j -0.00175042-0j -0.00672429-0j -0.00108114-0j -0.000314788-0j -0.00114592-0j 0.00432364-0j 0.00378576-0j 0.00308362-0j -0.0005583-0j -0.00214473-0j -0.000487668-0j -0.000200805-0j 0.000985901-0j 0.00113568-0j -0.000107335-0j -7.65512e-05-0j 0.000216473-0j -1.81988e-05-0j -2.47507e-06-0j 
0.0155197-0j 0.0120309-0j -0.00443215-0j 0.015342-0j 0.00903753-0j 0.0383939-0j 0.00352582-0j 0.0011854-0j 0.00858042-0j -0.0193798-0j -0.0273403-0j 0.0045055-0j 0.0273474-0j 0.0131068-0j -0.004779-0j 0.00763243-0j 0.00528874-0j -0.0183071-0j -0.0152511-0j 0.00934777-0j 0.00544344-0j -0.0230896-0j 0.00320194-0j -0.0400888-0j -0.00368147-0j -0.00123773-0j 0.00403236-0j -0.00910751-0j -0.0285913-0j 0.00648546-0j -0.00318825-0j 0.0110362-0j 0.00919395-0j 0.00253628-0j 0.00147694-0j -0.0139408-0j 0.00324101-0j -0.00171887-0j 0.00388226-0j -0.00548541-0j 0.00276883-0j -0.00083745-0j -0.000487668-0j -0.00207175-0j 0.00147529-0j 0.00147885-0j 0.00033597-0j 0.00047205-0j 0.000336666-0j -6.62953e-05-0j 2.63693e-05-0j -3.7126e-06-0j 
0.0204668-0j -0.00432534-0j 0.00910535-0j 0.0045919-0j 0.0119183-0j 0.00352582-0j 0.0354776-0j -0.00980486-0j 0.00904456-0j -0.0135792-0j 0.00736135-0j -0.00925603-0j -0.00326468-0j 0.0230798-0j 0.0098179-0j 0.0134399-0j 0.00557482-0j 0.00281143-0j -0.00800312-0j -0.0482613-0j -0.0281037-0j 0.00830116-0j 0.00337514-0j -0.00368147-0j -0.0370438-0j 0.0102377-0j 0.00425048-0j -0.00638154-0j 0.00769819-0j -0.0133236-0j -0.00336071-0j -0.00169483-0j 0.00482458-0j -0.0130945-0j -0.00762525-0j 0.00501198-0j 0.00341633-0j -0.00181185-0j 0.00272026-0j 0.00147694-0j -0.00568824-0j 0.00432364-0j 0.00251776-0j 0.000744834-0j 0.00155509-0j -0.000398179-0j -0.000690212-0j -0.000169711-0j 0.000354877-0j 0.000136196-0j 2.77957e-05-0j -3.91342e-06-0j 
0.00140489-0j 0.0014542-0j -0.0123252-0j -0.00621572-0j 0.02903-0j -0.0011854-0j 0.00980486-0j 0.00961075-0j -0.00304083-0j 0.0183812-0j -0.00247493-0j 0.0125292-0j 0.0010976-0j 0.00158425-0j -0.0132898-0j 0.0327362-0j -0.00187428-0j -0.000945217-0j 0.0108332-0j -0.00331277-0j -0.0684535-0j -0.0027909-0j -0.00113474-0j 0.00123773-0j -0.0102377-0j -0.010035-0j -0.00142903-0j 0.00863822-0j -0.00258818-0j 0.0180352-0j 0.00112989-0j 0.000569812-0j -0.00653068-0j -0.000898838-0j -0.0185731-0j -0.00168506-0j -0.00114859-0j 0.000609155-0j -0.00368222-0j -0.000496556-0j 0.00769975-0j 0.000296785-0j 0.00613262-0j -0.000250417-0j -0.000522831-0j 0.00013387-0j 0.000934289-0j 5.70579e-05-0j -0.000119312-0j -0.000184359-0j -9.34506e-06-0j 1.31571e-06-0j 
-0.00335039-0j 0.0203949-0j -0.00374585-0j -0.00188907-0j -0.00195102-0j 0.00858042-0j 0.00904456-0j 0.00304083-0j 0.0125996-0j -0.00165043-0j -0.0149359-0j -0.0175599-0j -0.00261757-0j -0.00377813-0j 0.0237529-0j -0.0022001-0j 0.0135668-0j 0.00684187-0j 0.00999319-0j -0.00233406-0j -0.00135918-0j -0.0168427-0j -0.0179721-0j -0.00295174-0j -0.00311141-0j -0.00104607-0j -0.0608317-0j 0.00796839-0j -0.00182353-0j -0.0138705-0j -0.00269456-0j -0.00135889-0j -0.00198479-0j 0.00650616-0j 0.0037887-0j -0.00118723-0j -0.0126316-0j 0.00854328-0j -0.00111909-0j 0.00359428-0j -0.000691352-0j -0.000707774-0j -0.000412155-0j 0.00181262-0j -0.00315522-0j -0.000319254-0j 0.000861842-0j -0.000136072-0j -8.40625e-05-0j -5.60297e-05-0j 6.76434e-05-0j -3.13772e-06-0j 
0.00258095-0j -0.00783282-0j -0.00562391-0j 0.0194673-0j -0.00736135-0j 0.0193798-0j 0.0135792-0j 0.0183812-0j 0.00165043-0j 0.00726507-0j 0.0115058-0j -0.0263638-0j 0.00201643-0j -0.00853331-0j -0.00606402-0j 0.0243386-0j -0.0104511-0j 0.0361768-0j 0.0150035-0j 0.00179802-0j -0.0051283-0j -0.0380411-0j 0.0138447-0j -0.00666683-0j -0.00467138-0j -0.0063233-0j -0.00796839-0j -0.0350763-0j 0.00140475-0j -0.0208248-0j 0.00207574-0j -0.00718521-0j -0.0029799-0j -0.00501198-0j 0.0142951-0j -0.00268148-0j 0.00973068-0j 0.00111909-0j 0.00492616-0j -0.00276883-0j -0.00103797-0j 0.00054523-0j -0.00155509-0j 0.00409401-0j 0.00243061-0j 0.000245935-0j 0.00129394-0j -0.000307333-0j 6.4757e-05-0j -8.41213e-05-0j -5.21087e-05-0j 2.41712e-06-0j 
-0.0063905-0j 0.00168963-0j 0.00182501-0j 0.000920368-0j -0.00372135-0j 0.0273403-0j -0.00736135-0j -0.00247493-0j 0.0149359-0j 0.0115058-0j -0.0167459-0j -0.0177891-0j -0.0112607-0j 0.00184074-0j 0.00196783-0j 0.00107191-0j -0.011042-0j -0.00556859-0j 0.0318419-0j 0.0162716-0j 0.00947537-0j 0.00482354-0j -0.0377029-0j -0.00563012-0j 0.00151591-0j 0.000509656-0j -0.00841891-0j -0.00648546-0j -0.0497688-0j 0.00397234-0j 0.00131281-0j 0.000662062-0j -0.00378576-0j -0.00529535-0j -0.00308362-0j 0.00827662-0j -0.0127965-0j 0.000707774-0j 0.00054523-0j 0.0114527-0j 0.00481968-0j 0.000344833-0j 0.000200805-0j -0.00147529-0j 0.000903616-0j -0.000608941-0j -0.000701452-0j 6.62953e-05-0j 0.000586033-0j 2.72981e-05-0j -5.50548e-05-0j 1.52872e-06-0j 
-0.000751477-0j -0.000777853-0j 0.00163747-0j 0.000825791-0j 0.00214335-0j 0.0045055-0j -0.00925603-0j -0.0125292-0j -0.0175599-0j 0.0263638-0j 0.0177891-0j -0.0298554-0j -0.000587108-0j -0.000847417-0j 0.00176561-0j 0.00241699-0j 0.00712383-0j 0.0035926-0j -0.0102268-0j -0.0191303-0j 0.054563-0j 0.0200602-0j -0.0271156-0j -0.000662062-0j 0.00136013-0j 0.00184111-0j 0.00543151-0j -0.0081547-0j -0.0149459-0j -0.0321973-0j -0.000604377-0j -0.000304793-0j 0.000867634-0j 0.00341633-0j -0.00974398-0j -0.00973068-0j 0.0110194-0j -0.000325837-0j 0.000489202-0j 0.00188732-0j 0.0110436-0j -0.00015875-0j 0.000452785-0j 0.000951792-0j 0.00375797-0j -7.16071e-05-0j -0.000881993-0j -3.05203e-05-0j -0.000688989-0j 2.4493e-05-0j 3.55189e-05-0j -7.03775e-07-0j 
0.0313083-0j -0.00367017-0j -0.00396424-0j -0.0019992-0j 0.0182316-0j 0.0273474-0j -0.00326468-0j -0.0010976-0j -0.00261757-0j -0.00201643-0j 0.0112607-0j -0.000587108-0j -0.00139755-0j -6.80257e-05-0j -7.27225e-05-0j -3.96131e-05-0j -8.33141e-05-0j -4.2016e-05-0j 0.000541874-0j -4.85159e-05-0j -2.8252e-05-0j -2.4467e-05-0j -5.51812e-06-0j -0.0266445-0j 0.00318077-0j 0.00106939-0j 0.00360665-0j 0.00277836-0j -0.0190028-0j 0.00114403-0j 0.00555776-0j 0.00280283-0j -0.0361476-0j 0.004577-0j 0.0026653-0j 0.00282698-0j 0.00082311-0j 0.0045076-0j 0.0034724-0j -0.0335873-0j 0.00247652-0j 0.00293243-0j 0.00170763-0j 0.00256144-0j 0.00105472-0j -0.014612-0j 0.00152367-0j 0.000846879-0j 0.000603994-0j 0.000407004-0j 0.000191591-0j 3.2585e-05-0j 
0.0250666-0j 0.0155318-0j -0.00572189-0j 0.0198064-0j -0.00298023-0j 0.0131068-0j 0.0230798-0j -0.00158425-0j -0.00377813-0j 0.00853331-0j -0.00184074-0j -0.000847417-0j -6.80257e-05-0j -0.00141-0j -0.000104966-0j 0.000167639-0j -0.000120254-0j 0.00041626-0j -8.85775e-05-0j 0.000342985-0j -4.07783e-05-0j 0.000103542-0j -7.96472e-06-0j -0.0127699-0j -0.0224866-0j 0.00154353-0j 0.00520575-0j -0.0117577-0j 0.0031063-0j 0.00165127-0j 0.00802194-0j -0.0277681-0j 0.00590888-0j -0.0323573-0j 0.00384703-0j -0.0119635-0j 0.00118806-0j 0.00650616-0j -0.0146949-0j 0.00549035-0j 0.00357454-0j -0.020731-0j 0.00246475-0j -0.0108398-0j 0.00152235-0j 0.00238856-0j 0.00219923-0j -0.00358391-0j 0.00087179-0j 0.000587459-0j 0.000276538-0j 4.70325e-05-0j 
-0.00547117-0j 0.0333047-0j 0.0119217-0j 0.00601221-0j 0.0156048-0j -0.004779-0j 0.0098179-0j 0.0132898-0j 0.0237529-0j 0.00606402-0j -0.00196783-0j 0.00176561-0j -7.27225e-05-0j -0.000104966-0j -0.00128615-0j 0.000299382-0j -0.000128556-0j -6.48321e-05-0j 0.000184554-0j -7.48616e-05-0j 0.000213519-0j -3.77533e-05-0j -8.51465e-06-0j 0.00465616-0j -0.00956555-0j -0.0129482-0j -0.0327283-0j -0.00835539-0j 0.00332078-0j -0.00344047-0j 0.00857582-0j 0.00432486-0j -0.0123113-0j 0.00706246-0j -0.0201434-0j 0.00436212-0j 0.00127009-0j -0.0409039-0j -0.0104426-0j 0.00586943-0j -0.00744765-0j 0.00452484-0j -0.0129057-0j 0.0039524-0j 0.00162746-0j 0.00255348-0j -0.00458216-0j 0.00130676-0j 0.000931983-0j -0.00122399-0j 0.000295631-0j 5.02798e-05-0j 
0.00298023-0j -0.00904456-0j -0.0163199-0j 0.0564915-0j 0.0114487-0j -0.00763243-0j -0.0134399-0j 0.0327362-0j 0.0022001-0j 0.0243386-0j 0.00107191-0j -0.00241699-0j 3.96131e-05-0j -0.000167639-0j -0.000299382-0j -0.000643989-0j 7.00266e-05-0j -0.000242399-0j -0.000252639-0j 4.07783e-05-0j 0.000156651-0j -6.0295e-05-0j 4.63806e-06-0j 0.00743625-0j 0.0130945-0j -0.0318948-0j -0.00303144-0j -0.0335352-0j -0.00180888-0j 0.00470973-0j -0.00467138-0j 0.0161701-0j 0.0168532-0j -0.00384703-0j -0.0147785-0j 0.00696664-0j -0.000691836-0j -0.0037887-0j -0.0419124-0j -0.00319717-0j 0.0101952-0j -0.00246475-0j -0.00946843-0j 0.00631228-0j -0.000886504-0j -0.00139092-0j 0.00627262-0j 0.002087-0j -0.000507665-0j 0.00167554-0j -0.000161035-0j -2.73882e-05-0j 
