-0.135773-0j -0.148172-0j -0.114773-0j -0.115963-0j -0.104773-0j -0.12965-0j -0.0864335-0j -0.0756293-0j -0.0748536-0j -0.106956-0j -0.053478-0j -0.0441171-0j -0.0540322-0j -0.0244143-0j -0.00538285-0j 0.125972-0j -0.0197878-0j -0.0151132-0j -0.0152698-0j -0.0135177-0j -0.00925491-0j -0.0167273-0j -0.00975756-0j -0.0152698-0j -0.00935082-0j -0.00881604-0j -0.0133611-0j -0.0089074-0j -0.00551117-0j -0.0109093-0j -0.00272732-0j -0.0089997-0j -0.00551117-0j -0.00287545-0j -0.00393737-0j -0.00145262-0j -0.000277365-0j -0.0122056-0j -0.00176173-0j 0.0899424-0j 0.0129821-0j -0.0098877-0j -0.00999017-0j -0.00142717-0j -0.00144196-0j -0.00872013-0j -0.00125864-0j -0.00827264-0j -0.0107906-0j -0.00119405-0j -0.00629452-0j -0.00155749-0j -0.000908536-0j -0.00965142-0j -0.00660787-0j -0.00591026-0j -0.00139306-0j -0.000953764-0j -0.00844499-0j -0.000853073-0j -0.00763012-0j -0.00348338-0j -0.00121893-0j -0.00293683-0j -0.00110131-0j -0.00770919-0j -0.000502783-0j -0.000423895-0j -0.00667635-0j -0.00111273-0j -0.00629452-0j -0.000963648-0j -0.00550771-0j -0.00314726-0j -0.00367181-0j -0.000908536-0j -0.000794969-0j -0.00175974-0j -0.000454268-0j -0.00550771-0j -0.00052998-0j -0.000253997-0j -0.00194727-0j -0.000794969-0j -0.00321283-0j -0.00227181-0j -0.000281064-0j -0.000838146-0j -0.000463732-0j -0.00125722-0j -0.000327908-0j -0.000120976-0j -0.000392007-0j -0.000181464-0j -5.65813e-05-0j -6.60115e-05-0j -9.52794e-06-0j 
-0.863394-0j 0.00316766-0j 0.123969-0j -0.120296-0j 0.113168-0j 0.0027717-0j 0.0018478-0j -0.158527-0j 0.0808511-0j -0.110953-0j 0.00114327-0j -0.139183-0j -0.113257-0j -0.102872-0j -0.0340793-0j 0.0197878-0j -0.00249054-0j 0.0163241-0j -0.0158404-0j 0.0146007-0j 0.00999645-0j 0.0003576-0j -0.0204529-0j 0.000326443-0j 0.0101-0j 0.00952241-0j -0.0138604-0j -0.00924024-0j -0.017387-0j 0.000233222-0j 0.00294584-0j -0.0188644-0j -0.00571711-0j -0.012116-0j -0.0124218-0j -0.00765874-0j -0.00204968-0j 0.0131836-0j 0.00190289-0j 0.000279633-0j 4.03615e-05-0j -0.0628767-0j 0.0610136-0j -0.00907547-0j 0.00880655-0j 0.00941882-0j 0.00135949-0j 0.00893548-0j 0.000230685-0j 0.00128972-0j -0.013194-0j 3.32965e-05-0j -0.00190439-0j 0.000206331-0j 0.000141265-0j 0.00638381-0j 2.97813e-05-0j 2.03899e-05-0j -0.00876055-0j 0.000921424-0j 0.00824147-0j -0.0109896-0j -0.00126448-0j 0.00317214-0j 0.00118955-0j -0.00799725-0j -0.00158621-0j 0.000457859-0j 0.000142729-0j -0.0011543-0j 0.000134566-0j 2.06012e-05-0j -0.0115448-0j 0.00339943-0j -0.00769652-0j 1.9423e-05-0j -0.00166634-0j -0.00741484-0j 0.000490666-0j -0.00571351-0j -0.0011109-0j -0.00107024-0j 4.16293e-05-0j -0.000824675-0j -0.010136-0j -0.00476198-0j 6.00868e-06-0j -0.004419-0j -0.00146301-0j -0.00529742-0j -0.000687332-0j -0.000637827-0j -0.00248183-0j -0.000764617-0j -0.000358221-0j -0.000557704-0j -8.04976e-05-0j 
0.112007-0j -0.598923-0j -0.0910517-0j 0.0956643-0j 0.0864335-0j -0.102854-0j 0.071304-0j 0.062391-0j -0.180516-0j -0.0848501-0j -0.215509-0j 0.0363947-0j -0.130304-0j -0.0193683-0j 0.00444063-0j 0.0151132-0j 0.0163241-0j 0.058746-0j -0.061722-0j 0.0111515-0j 0.00763491-0j -0.01327-0j 0.00804958-0j 0.012597-0j -0.0225504-0j -0.00699392-0j -0.0105996-0j 0.00734823-0j 0.00454648-0j -0.0263088-0j -0.0154043-0j -0.00713963-0j -0.0222093-0j 0.00237212-0j -0.00949534-0j -0.00115239-0j 0.000228814-0j 0.0100691-0j 0.00145336-0j 0.0107906-0j 0.00155749-0j -0.0078441-0j 0.00824147-0j -0.0011322-0j 0.00118955-0j -0.0352475-0j -0.00508754-0j 0.00682458-0j 0.0419438-0j 0.000985044-0j -0.025443-0j 0.00605406-0j -0.00367238-0j 0.00796201-0j 0.00545122-0j -0.0142532-0j 0.00114922-0j 0.000786816-0j -0.00669957-0j -0.00205727-0j -0.00605311-0j 0.00287364-0j -0.000966999-0j 0.00242276-0j -0.000873691-0j 0.00635975-0j 0.000414775-0j 0.000349696-0j -0.0161007-0j 0.000917951-0j -0.00499356-0j -0.00232393-0j -0.00436937-0j -0.0126831-0j 0.00302909-0j -0.000720759-0j -0.000630664-0j 0.00145171-0j -0.00183064-0j -0.0132824-0j 0.000437211-0j 0.000209536-0j -0.0109985-0j -0.00191714-0j -0.0025488-0j -0.00915512-0j -0.00158749-0j 0.000691435-0j -0.000367887-0j -0.0030319-0j -0.00132143-0j 9.98e-05-0j -0.000310986-0j -0.000437617-0j -4.4887e-05-0j 5.44567e-05-0j 7.86015e-06-0j 
-0.113168-0j -0.581175-0j -0.0956643-0j 0.0965799-0j -0.0873292-0j 0.103787-0j 0.0691911-0j -0.0556997-0j -0.062391-0j 0.0890787-0j 0.0428098-0j -0.172387-0j -0.0397938-0j -0.211921-0j -0.12397-0j -0.0152698-0j 0.0158404-0j 0.061722-0j -0.0623127-0j -0.0112671-0j -0.00771403-0j 0.0133904-0j -0.00718628-0j 0.0122237-0j -0.00779397-0j -0.00734823-0j 0.0111278-0j 0.00741856-0j -0.0215349-0j 0.00873302-0j -0.00227324-0j -0.00662813-0j 0.00459-0j -0.0249594-0j -0.0153853-0j -0.0218686-0j -0.00904441-0j -0.0101735-0j -0.00146842-0j 0.0104709-0j 0.00151134-0j -0.00824147-0j 0.00832035-0j -0.00118955-0j 0.00120094-0j 0.0356128-0j 0.00514027-0j -0.00689531-0j -0.0423242-0j -0.000995252-0j 0.0227143-0j -0.00610897-0j 0.00327853-0j 0.00772608-0j 0.00528969-0j -0.00492624-0j 0.00111516-0j 0.0007635-0j 0.00703344-0j -0.000711042-0j -0.00635975-0j -0.0136113-0j 0.00101519-0j -0.00244787-0j -0.000917951-0j 0.00642063-0j -0.00196462-0j -0.00035332-0j 0.0053445-0j 0.000926738-0j 0.00503885-0j 0.000771413-0j -0.00405633-0j -0.00262326-0j -0.00270422-0j 0.000727295-0j -0.000585481-0j -0.0152749-0j -0.000378636-0j 0.00458712-0j -0.000390321-0j -0.00220474-0j 0.00155881-0j 0.000662093-0j -0.0125541-0j -0.00167315-0j 0.000224995-0j -0.0126179-0j -0.00181203-0j -0.0109129-0j -0.000241499-0j -0.00182124-0j -0.00902816-0j -0.00157514-0j -0.0013031-0j -0.0028905-0j -0.000417207-0j 
0.100182-0j 0.109331-0j -0.331412-0j -0.334847-0j -0.150312-0j 0.0956643-0j -0.311779-0j 0.0558042-0j -0.107388-0j -0.153444-0j 0.0394595-0j -0.0632924-0j 0.0398684-0j 0.0180145-0j 0.00397182-0j 0.0135177-0j 0.0146007-0j 0.0111515-0j 0.0112671-0j 0.0758922-0j 0.00682887-0j -0.0483006-0j -0.0281753-0j -0.0219068-0j 0.00689964-0j -0.0318008-0j 0.00985868-0j -0.0321304-0j 0.0040665-0j -0.015651-0j 0.00201239-0j -0.0129114-0j 0.0040665-0j -0.00412525-0j 0.00290525-0j 0.00107184-0j 0.000204658-0j 0.00900611-0j 0.00129992-0j 0.00965142-0j 0.00139306-0j 0.00729579-0j 0.00737139-0j 0.00105306-0j 0.00106397-0j -0.0125103-0j -0.00180571-0j -0.0238876-0j 0.00796201-0j -0.00344787-0j 0.00464451-0j 0.00114922-0j 0.000670377-0j 0.054186-0j 0.00487572-0j -0.0170661-0j 0.00782107-0j 0.000703749-0j -0.0243852-0j -0.00246328-0j -0.0109465-0j -0.0100584-0j -0.00351971-0j -0.0169739-0j -0.00157999-0j -0.0110599-0j -0.0014518-0j -0.00244997-0j 0.00492624-0j -0.00159637-0j -0.0227053-0j 0.000711042-0j 0.00406394-0j -0.00451521-0j -0.0132448-0j -0.00327723-0j 0.00058658-0j 0.00129845-0j -0.000651714-0j -0.00790161-0j -0.00191172-0j 0.000187415-0j 0.00143682-0j -0.0011405-0j -0.00460927-0j 0.00167629-0j 0.000207387-0j -0.00120244-0j -0.000665291-0j 0.000927657-0j 0.000241952-0j -0.000173558-0j 0.000289248-0j 0.000133896-0j 4.17494e-05-0j 4.87076e-05-0j 7.03033e-06-0j 
0.0685901-0j 0.0748536-0j 0.0579813-0j 0.0585822-0j -0.362909-0j -0.449076-0j 0.0436646-0j -0.261961-0j 0.0378146-0j 0.0540322-0j 0.0270161-0j 0.0222871-0j 0.027296-0j 0.0123337-0j 0.00271932-0j 0.00925491-0j 0.00999645-0j 0.00763491-0j 0.00771403-0j 0.00682887-0j 0.0755033-0j 0.0084503-0j 0.00492934-0j -0.0528909-0j -0.0323889-0j 0.0044537-0j -0.0462796-0j 0.00449985-0j -0.0190893-0j 0.00551117-0j 0.00137779-0j 0.00454648-0j 0.00278414-0j 0.00145262-0j 0.00198909-0j 0.000733839-0j 0.00014012-0j 0.00616606-0j 0.000889995-0j 0.00660787-0j 0.000953764-0j 0.00499508-0j 0.00504685-0j 0.000720978-0j 0.00072845-0j 0.00440525-0j 0.000635843-0j -0.0286544-0j 0.00545122-0j -0.00413591-0j 0.00317988-0j 0.000786816-0j 0.000458976-0j 0.00487572-0j 0.0539083-0j 0.00298576-0j 0.000703749-0j 0.007781-0j 0.00426625-0j 0.000430957-0j -0.0264288-0j 0.00175974-0j 0.000615781-0j 0.00148363-0j -0.00381468-0j -0.0267027-0j 0.000253997-0j 0.000214144-0j -0.0231252-0j -0.00385421-0j 0.00317988-0j -0.00333784-0j -0.0190774-0j 0.00158994-0j 0.00185493-0j 0.000458976-0j -0.00275358-0j -0.00609531-0j 0.000229488-0j 0.00278239-0j 0.000267736-0j -0.000879782-0j 0.000983724-0j 0.000401604-0j 0.00162306-0j 0.00114768-0j 0.000141988-0j 0.000423416-0j 0.000234269-0j 0.000635124-0j 0.000165653-0j 6.11148e-05-0j 0.000198035-0j 9.16722e-05-0j 2.85838e-05-0j 3.33478e-05-0j 4.81334e-06-0j 
-0.123969-0j -0.00267772-0j -0.394373-0j -0.397949-0j -0.0956643-0j 0.00225314-0j -0.001562-0j 0.134008-0j 0.199795-0j -0.0901944-0j 0.004721-0j 0.117656-0j -0.279876-0j -0.0836258-0j 0.0288083-0j -0.0167273-0j -0.0003576-0j 0.01327-0j 0.0133904-0j 0.0483006-0j -0.0084503-0j -0.0011376-0j -0.0676602-0j -0.000275952-0j 0.0249587-0j 0.00774086-0j -0.0112672-0j 0.00781105-0j 0.0146977-0j 0.000576327-0j 0.0170495-0j -0.015335-0j -0.0236082-0j 0.010242-0j -0.0306962-0j -0.00622586-0j 0.00173266-0j -0.0111445-0j -0.00160857-0j -0.000236382-0j -3.41188e-05-0j 0.00868182-0j 0.00876055-0j 0.00125311-0j 0.00126448-0j -0.00796201-0j -0.00114922-0j 0.0295594-0j 0.000187526-0j 0.00426653-0j 0.0111533-0j 2.70671e-05-0j 0.00160984-0j 0.000682562-0j -0.000119416-0j -0.0617348-0j 9.85193e-05-0j -1.72362e-05-0j 0.0278692-0j -0.00891065-0j 0.00669957-0j -0.0363545-0j 0.00402257-0j -0.00268151-0j 0.000966999-0j 0.00676032-0j -0.00524732-0j -0.000387042-0j 0.000352705-0j 0.000975768-0j 0.00010939-0j 5.09086e-05-0j -0.00938486-0j 0.0140376-0j 0.0065061-0j 1.57891e-05-0j -0.00135459-0j 0.00626799-0j 0.00202615-0j -0.0141189-0j 0.000939074-0j 0.000904707-0j 0.000240935-0j -0.00203789-0j -0.00823967-0j -0.0196641-0j 3.4776e-05-0j 0.00373551-0j -0.00118929-0j -0.0130907-0j -0.00283826-0j 0.000539175-0j -0.0020175-0j -0.00188948-0j -0.000291202-0j 0.000471444-0j 6.80471e-05-0j 
0.0723154-0j -0.153152-0j -0.239226-0j -0.21357-0j 0.0558042-0j -0.134008-0j -0.0893387-0j 0.153953-0j 0.0398684-0j 0.0503356-0j -0.0552755-0j 0.0287515-0j 0.109989-0j -0.163352-0j -0.276089-0j 0.00975756-0j -0.0204529-0j 0.00804958-0j 0.00718628-0j -0.0281753-0j 0.00492934-0j 0.0676602-0j -0.0777302-0j -0.0157831-0j 0.00498042-0j 0.00469559-0j 0.006288-0j 0.004192-0j 0.00359168-0j -0.011276-0j 0.00145262-0j 0.01832-0j 0.00259367-0j -0.0192391-0j 0.00256602-0j -0.0334127-0j -0.0262296-0j 0.00650096-0j 0.000938332-0j -0.0135199-0j -0.00195142-0j 0.00526638-0j 0.00470157-0j 0.000760136-0j 0.000678613-0j 0.00464451-0j 0.000670377-0j -0.017243-0j -0.0111533-0j -0.00248881-0j 0.0128133-0j -0.00160984-0j 0.00184944-0j 0.0390391-0j -0.00682998-0j -0.012319-0j 0.00563481-0j -0.000985823-0j -0.0155532-0j -0.00177809-0j 0.00406394-0j -0.00888394-0j -0.00224491-0j 0.00156421-0j 0.00058658-0j 0.0036281-0j -0.00128229-0j 0.000225775-0j -0.00690076-0j 0.000523671-0j -0.0065061-0j -0.000996039-0j 0.0112116-0j 0.00167629-0j 0.00747442-0j -0.000939074-0j 0.00161826-0j -0.0117741-0j 0.000241952-0j 0.00259204-0j 0.00107884-0j -0.00169944-0j -0.00201272-0j 0.000374128-0j 0.00209383-0j 0.00462456-0j -0.000290511-0j -0.0192787-0j 0.000302218-0j -0.00841182-0j 0.000667498-0j -0.00278265-0j -0.0201062-0j -0.00121414-0j -0.00290208-0j -0.0102873-0j -0.00148484-0j 
-0.113168-0j -0.00244441-0j -0.0956643-0j 0.0928296-0j -0.497201-0j 0.00626307-0j 0.00697075-0j -0.358216-0j 0.121308-0j -0.166472-0j -0.000882235-0j -0.208829-0j 0.0873982-0j 0.0793842-0j 0.0262983-0j -0.0152698-0j -0.000326443-0j -0.012597-0j 0.0122237-0j 0.0219068-0j 0.0528909-0j -0.000275952-0j 0.0157831-0j -0.00143422-0j 0.0228225-0j 0.0359228-0j -0.0313195-0j -0.0348584-0j -0.0392884-0j 0.000349924-0j -0.00227324-0j -0.0283039-0j 0.00441176-0j -0.0181787-0j 0.00958565-0j 0.00591007-0j 0.00158169-0j -0.0101735-0j -0.00146842-0j -0.000215786-0j -3.11461e-05-0j -0.00824147-0j 0.00799725-0j -0.00118955-0j 0.0011543-0j 0.0141319-0j 0.00203976-0j 0.020191-0j -0.000178015-0j 0.00291432-0j 0.0101815-0j -2.56942e-05-0j 0.00146958-0j 0.000309577-0j 0.00074743-0j -0.00492624-0j 4.46835e-05-0j 0.000107882-0j 0.00676032-0j -0.000711042-0j -0.0362087-0j 0.0084804-0j 0.000975768-0j 0.0191741-0j -0.00522628-0j 0.0351358-0j 0.00122404-0j 0.00276754-0j 0.000322518-0j 0.00507141-0j 0.000507645-0j 4.65514e-05-0j -0.0260871-0j 0.00510047-0j -0.0290348-0j 7.32723e-05-0j -0.00376535-0j -0.0167549-0j 0.000736189-0j -0.00857249-0j -0.00419081-0j -0.00241837-0j -3.21244e-05-0j -0.00123733-0j -0.015208-0j 0.00367471-0j -4.63676e-06-0j -0.00663021-0j -0.00219508-0j 0.0040879-0j 0.000530399-0j -0.000956988-0j 0.00191517-0j 0.000590037-0j 0.000276431-0j 0.000430367-0j 6.21182e-05-0j 
-0.0693009-0j -0.0756293-0j 0.171253-0j -0.0591893-0j 0.156596-0j -0.566468-0j -0.0441171-0j 0.113037-0j -0.0324576-0j 0.159589-0j -0.336246-0j -0.0225181-0j -0.0234291-0j 0.0364286-0j -0.0027475-0j -0.00935082-0j -0.0101-0j 0.0225504-0j -0.00779397-0j -0.00689964-0j 0.0323889-0j 0.0249587-0j -0.00498042-0j 0.0228225-0j 0.0118729-0j 0.0131544-0j -0.0583773-0j -0.00454648-0j 0.00823708-0j -0.00473043-0j -0.0438273-0j 0.0134284-0j -0.0346518-0j -0.00146768-0j -0.0017073-0j 0.00216746-0j -0.000141572-0j -0.00622996-0j -0.000899218-0j -0.00667635-0j -0.000963648-0j 0.0147534-0j -0.00509915-0j 0.00212947-0j -0.000735999-0j -0.0044509-0j -0.000642432-0j 0.0123644-0j 0.0161007-0j 0.00178465-0j -0.00321283-0j 0.00232393-0j -0.000463732-0j -0.00492624-0j 0.0231252-0j -0.00256278-0j -0.000711042-0j 0.00333784-0j 0.0126008-0j -0.000369905-0j -0.0333375-0j -0.00177798-0j 0.00181876-0j -0.00149901-0j -0.00481186-0j 0.0115223-0j -0.000256629-0j -0.000216363-0j 0.00847711-0j 0.0016631-0j 0.00939205-0j 0.00122357-0j -0.0240643-0j -0.0197886-0j -0.00187415-0j 0.00135563-0j -0.00347338-0j 0.00263014-0j -0.00285624-0j -0.00238822-0j -0.00027051-0j 0.000379627-0j -0.0312921-0j -0.00034471-0j 0.00479386-0j -0.0142842-0j -0.00451662-0j -0.000427804-0j 0.000691934-0j -0.000545148-0j -0.00206174-0j -6.17481e-05-0j 0.000584913-0j -7.86854e-05-0j 8.44249e-05-0j -3.36934e-05-0j -4.86322e-06-0j 
-0.0653376-0j -0.071304-0j 0.0531135-0j -0.0558042-0j 0.246483-0j 0.0599981-0j -0.272888-0j -0.0363947-0j -0.51478-0j -0.241968-0j 0.125714-0j 0.103787-0j 0.0760105-0j 0.0112982-0j -0.00259037-0j -0.00881604-0j -0.00952241-0j 0.00699392-0j -0.00734823-0j 0.0318008-0j -0.0044537-0j 0.00774086-0j -0.00469559-0j 0.0359228-0j 0.0131544-0j 0.0267665-0j 0.0061831-0j -0.0281225-0j -0.00265212-0j -0.0750249-0j 0.00898585-0j -0.0203601-0j 0.0129554-0j 0.0067646-0j 0.00553895-0j 0.000672229-0j -0.000133475-0j -0.00587367-0j -0.000847791-0j -0.00629452-0j -0.000908536-0j 0.00457572-0j -0.00480752-0j 0.000660449-0j -0.000693906-0j 0.0205144-0j 0.00296101-0j -0.00398101-0j 0.00499356-0j -0.000574609-0j -0.00302909-0j 0.000720759-0j -0.000437211-0j 0.0227053-0j -0.00317988-0j 0.00831434-0j 0.00327723-0j -0.000458976-0j 0.00390808-0j 0.00120007-0j -0.0172617-0j -0.00167629-0j 0.000564083-0j -0.0499569-0j -0.00249151-0j 0.0181362-0j -0.000241952-0j -0.00721065-0j 0.00939205-0j 0.00261773-0j 0.0191109-0j 0.00135563-0j 0.0025488-0j -0.0361684-0j -0.0115926-0j 0.00275842-0j 0.000367887-0j -0.000846831-0j -0.00522046-0j -0.0378774-0j -0.00167325-0j -0.00012223-0j 0.00641577-0j -0.00546713-0j -0.00726842-0j 0.00534049-0j 0.000926037-0j 0.00197177-0j -0.00104911-0j 0.00176861-0j 0.000770833-0j 0.0002846-0j 0.000181409-0j 0.000255277-0j 2.61841e-05-0j -3.17664e-05-0j -4.58509e-06-0j 
0.099022-0j -0.103787-0j -0.0804959-0j -0.0845075-0j -0.223755-0j -0.255723-0j -0.0605422-0j -0.142714-0j -0.159589-0j 0.0749545-0j 0.182983-0j 0.150839-0j -0.101788-0j -0.178319-0j 0.108474-0j 0.0133611-0j -0.0138604-0j -0.0105996-0j -0.0111278-0j 0.00985868-0j -0.0462796-0j 0.0112672-0j 0.006288-0j 0.0313195-0j 0.0583773-0j -0.0061831-0j -0.0274182-0j -0.00649124-0j -0.0551767-0j 0.022338-0j -0.0136185-0j -0.00557718-0j 0.0196191-0j 0.0218395-0j -0.0393537-0j -0.0184012-0j 0.00791386-0j 0.0089018-0j 0.00128486-0j -0.00916201-0j -0.00132242-0j -0.00693471-0j -0.00728031-0j -0.00100094-0j -0.00105082-0j 0.00635975-0j 0.000917951-0j -0.0176671-0j 0.00726839-0j -0.00255003-0j 0.00405633-0j 0.0010491-0j 0.000585481-0j -0.00676032-0j 0.0317349-0j -0.0126008-0j -0.000975768-0j 0.00458054-0j 0.00591823-0j -0.00181876-0j 0.01567-0j 0.0119099-0j 0.000854223-0j 0.00214189-0j 0.00226177-0j 0.0164509-0j 0.00171904-0j 0.000309155-0j -0.0400307-0j 0.00237449-0j 0.00423989-0j -0.00577793-0j 0.00999453-0j -0.0112127-0j 0.0023662-0j 0.000611976-0j 0.00144259-0j -0.0391373-0j -0.00161841-0j 0.0117333-0j 0.000341531-0j -0.00564898-0j 0.00933849-0j 0.00169356-0j -0.0105636-0j -0.0071516-0j 0.00134789-0j 0.0110407-0j -0.00152472-0j -0.0279139-0j -0.00103224-0j 0.00159358-0j -0.00759666-0j -0.00402903-0j -0.00109648-0j 0.00252918-0j 0.000365056-0j 
0.0660146-0j -0.0691911-0j 0.0558042-0j -0.0563383-0j -0.249037-0j -0.0605422-0j -0.264802-0j 0.0324915-0j -0.177921-0j 0.254026-0j -0.0249724-0j -0.491598-0j 0.023213-0j 0.123621-0j 0.0723161-0j 0.0089074-0j -0.00924024-0j 0.00734823-0j -0.00741856-0j -0.0321304-0j 0.00449985-0j -0.00781105-0j 0.004192-0j 0.0348584-0j 0.00454648-0j 0.0281225-0j -0.00649124-0j -0.0283917-0j 0.012562-0j 0.024904-0j 0.00132606-0j -0.0189015-0j -0.0026775-0j -0.071177-0j 0.00897474-0j 0.0127567-0j 0.00527591-0j 0.00593453-0j 0.000856576-0j -0.006108-0j -0.000881614-0j 0.00480752-0j -0.00485354-0j 0.000693906-0j -0.000700548-0j -0.020727-0j -0.00299169-0j 0.00402226-0j -0.00503885-0j 0.000580564-0j 0.00270422-0j -0.000727295-0j 0.000390321-0j 0.0220325-0j -0.00308565-0j 0.00287364-0j 0.00318012-0j -0.000445375-0j -0.00410284-0j 0.000414775-0j -0.0181362-0j 0.00793993-0j -0.000592194-0j 0.0504746-0j -0.00261773-0j 0.0183097-0j 0.00114603-0j 0.00728538-0j -0.00311763-0j 0.00264278-0j -0.0192842-0j -0.000449991-0j 0.0023662-0j -0.00748078-0j 0.0103494-0j -0.00278344-0j 0.000341531-0j 0.00891034-0j -0.00107976-0j 0.0130811-0j 0.0014938-0j 0.0012861-0j -0.000909308-0j 0.0018881-0j -0.0358007-0j 0.000976006-0j -0.000131247-0j -0.0359826-0j -0.00516739-0j 0.00636586-0j 0.000140874-0j -0.00519364-0j 0.00526642-0j 0.000918832-0j 0.000760143-0j 0.00168612-0j 0.000243371-0j 
-0.0408445-0j 0.130194-0j -0.0345271-0j -0.163541-0j 0.0922941-0j -0.333583-0j 0.0759464-0j 0.0815175-0j -0.0225181-0j -0.150839-0j 0.0469894-0j 0.182638-0j -0.0198888-0j 0.136307-0j -0.323895-0j -0.00551117-0j 0.017387-0j -0.00454648-0j -0.0215349-0j -0.0040665-0j 0.0190893-0j 0.0146977-0j -0.00359168-0j -0.0392884-0j 0.00823708-0j -0.00265212-0j 0.0551767-0j -0.012562-0j -0.0668087-0j 0.00958565-0j -0.000820456-0j -0.00331272-0j -0.00777235-0j 0.0160538-0j 0.0163001-0j -0.0134134-0j -0.0481937-0j -0.00367181-0j -0.00052998-0j 0.0114932-0j 0.0016589-0j -0.0029745-0j -0.014089-0j -0.000429332-0j -0.00203358-0j -0.00262326-0j -0.000378636-0j 0.00728733-0j 0.00948138-0j 0.00105184-0j -0.00231696-0j 0.00136852-0j -0.000334425-0j 0.0084804-0j -0.0398095-0j -0.00177798-0j 0.00122404-0j -0.00574601-0j -0.0119099-0j -0.000256629-0j 0.00672133-0j 0.0144207-0j -0.00171904-0j -0.000883483-0j 0.00097014-0j 0.0318363-0j 0.00208144-0j -0.00012752-0j -0.0171779-0j 0.00459517-0j 0.0055308-0j -0.00247941-0j 0.00593652-0j -0.000946786-0j -0.00135156-0j 0.000798303-0j 0.000856863-0j -0.0287691-0j -0.000136657-0j -0.00776747-0j -0.000195081-0j -0.00415246-0j 0.00171101-0j -0.00112114-0j 0.0133006-0j -0.000836236-0j 0.000246962-0j -0.00773936-0j 0.00191978-0j 0.00701914-0j -0.0001207-0j -0.00111708-0j -0.0235877-0j 0.00101313-0j -0.00340459-0j -0.0252941-0j -0.00365088-0j 
0.0808511-0j 0.00174637-0j -0.199795-0j -0.0663206-0j -0.121308-0j -0.00446702-0j -0.00498014-0j -0.0873982-0j -0.073626-0j -0.347677-0j 0.00776432-0j 0.149194-0j -0.053045-0j 0.165794-0j -0.0187884-0j 0.0109093-0j 0.000233222-0j -0.0263088-0j -0.00873302-0j -0.015651-0j 0.00551117-0j -0.000576327-0j -0.011276-0j -0.000349924-0j 0.00473043-0j 0.0750249-0j 0.022338-0j 0.024904-0j -0.00958565-0j -0.000212381-0j 0.0511319-0j -0.0591128-0j -0.0388268-0j 0.0129875-0j -0.00581786-0j 0.0123432-0j -0.00113002-0j 0.00726829-0j 0.00104909-0j 0.000154165-0j 2.22518e-05-0j -0.0172123-0j -0.00571351-0j -0.00248438-0j -0.000824675-0j -0.0100963-0j -0.00145728-0j 0.00492624-0j -0.000371784-0j 0.000711042-0j -0.00727404-0j -5.36624e-05-0j -0.00104992-0j -0.000221172-0j 7.78814e-05-0j 0.00298991-0j -3.19235e-05-0j 1.12412e-05-0j 0.0141189-0j 0.000431556-0j 0.0258252-0j -0.00605869-0j 0.00203789-0j -0.0136986-0j 0.00372754-0j 0.00857249-0j -0.000874497-0j -0.00197723-0j 6.68482e-05-0j 0.00123733-0j 0.00106022-0j 9.64871e-06-0j 0.0186061-0j -0.0448879-0j 0.0207434-0j 0.000153029-0j 0.00268556-0j -0.0040879-0j -0.00647901-0j 0.00520294-0j 0.00299406-0j -0.000590037-0j 0.000722572-0j 0.000750979-0j -0.0317619-0j -0.0323402-0j 0.000104294-0j 0.00473685-0j -0.00458443-0j -0.00248109-0j -0.0046679-0j 0.000683705-0j 0.00399984-0j -0.000358114-0j 0.000577328-0j -0.000307469-0j -4.43794e-05-0j 
0.0202128-0j 0.0220585-0j -0.116984-0j 0.0172635-0j 0.0155977-0j -0.132148-0j 0.0128675-0j 0.011259-0j 0.350839-0j -0.109016-0j -0.518877-0j 0.00656778-0j 0.253249-0j -0.0248846-0j 0.000801354-0j 0.00272732-0j 0.00294584-0j -0.0154043-0j 0.00227324-0j 0.00201239-0j 0.00137779-0j -0.0170495-0j 0.00145262-0j 0.00227324-0j 0.0438273-0j -0.00898585-0j -0.0136185-0j 0.00132606-0j 0.000820456-0j 0.0511319-0j -0.0497797-0j -0.00917306-0j -0.0534728-0j 0.000428072-0j 0.0184545-0j -0.0014806-0j 4.12917e-05-0j 0.00181707-0j 0.000262272-0j 0.00194727-0j 0.000281064-0j -0.0100782-0j 0.00148725-0j -0.00145466-0j 0.000214666-0j 0.00129818-0j 0.000187376-0j 0.00123156-0j -0.0109985-0j 0.000177761-0j 0.000937075-0j -0.00158749-0j 0.000135255-0j 0.00143682-0j 0.000983724-0j 0.0277014-0j 0.000207387-0j 0.000141988-0j -0.00860766-0j 0.00399835-0j -0.00777709-0j 0.000518576-0j -0.00124241-0j 0.000437211-0j -0.00112253-0j 0.00114768-0j 7.485e-05-0j 6.31059e-05-0j 0.0312921-0j 0.000165653-0j -0.00641577-0j 0.00451662-0j -0.0056138-0j -0.0305367-0j 0.000546627-0j -0.000926037-0j -0.000810282-0j 0.000261975-0j -0.00440759-0j 0.0258146-0j 7.88989e-05-0j 3.78129e-05-0j -0.035542-0j 0.00372602-0j -0.00327472-0j -0.0220426-0j -0.00513005-0j 0.000124776-0j -0.000472665-0j 0.00589259-0j -0.00318157-0j 1.80099e-05-0j -0.000399558-0j 0.000850522-0j -5.76712e-05-0j 9.82724e-06-0j 1.41844e-06-0j 
-0.0666987-0j 0.141257-0j 0.05422-0j -0.0503356-0j 0.100074-0j -0.118859-0j -0.402823-0j -0.141995-0j -0.209005-0j -0.0868051-0j -0.249046-0j 0.0515602-0j 0.296558-0j -0.144886-0j 0.254645-0j -0.0089997-0j 0.0188644-0j 0.00713963-0j -0.00662813-0j 0.0129114-0j -0.00454648-0j -0.015335-0j -0.01832-0j -0.0283039-0j 0.0134284-0j -0.0203601-0j 0.00557718-0j 0.0189015-0j -0.00331272-0j 0.0591128-0j 0.00917306-0j -0.0315934-0j 0.0116858-0j -0.0345016-0j 0.00691862-0j -0.0296357-0j 0.0241923-0j -0.00599603-0j -0.000865453-0j 0.0124698-0j 0.00179986-0j 0.00467105-0j -0.0043364-0j 0.000674208-0j -0.000625906-0j 0.00832903-0j 0.00120219-0j -0.00406394-0j -0.00989251-0j -0.00058658-0j -0.0118181-0j -0.00142786-0j -0.00170579-0j -0.0178897-0j 0.0062995-0j 0.00848756-0j -0.00258216-0j 0.000909255-0j 0.0035251-0j 0.00122507-0j -0.00700839-0j -0.00209383-0j 0.000508805-0j 0.0113008-0j -0.00101157-0j 0.00650629-0j -0.000302218-0j 0.00163113-0j -0.0186061-0j 0.000939102-0j 0.0282105-0j -0.00268556-0j 0.00994423-0j -0.0146846-0j 0.0337017-0j 0.00407184-0j 0.00143533-0j 0.0108596-0j -0.00211955-0j -0.0135884-0j 0.00486443-0j 0.00156745-0j -0.01271-0j -0.00196132-0j -0.00361087-0j 0.0208361-0j -0.00183453-0j -0.0345727-0j -0.000521184-0j -0.0226803-0j 0.00300743-0j -0.00499014-0j -0.0178333-0j -0.00327362-0j -0.00257402-0j 0.00948829-0j 0.00136952-0j 
-0.0408445-0j 0.0428098-0j 0.168663-0j 0.0348575-0j -0.0315188-0j -0.182983-0j 0.0249724-0j -0.0201031-0j -0.277389-0j -0.157052-0j 0.113085-0j -0.0622179-0j -0.176922-0j 0.373631-0j -0.0447433-0j -0.00551117-0j 0.00571711-0j 0.0222093-0j 0.00459-0j -0.0040665-0j -0.00278414-0j -0.0236082-0j -0.00259367-0j 0.00441176-0j -0.0346518-0j 0.0129554-0j -0.0196191-0j 0.0026775-0j -0.00777235-0j 0.0388268-0j 0.0534728-0j 0.0116858-0j 0.0121249-0j -0.00900834-0j -0.0684025-0j 0.0385559-0j -0.0032643-0j -0.00367181-0j -0.00052998-0j 0.00377913-0j 0.000545471-0j 0.0145303-0j 0.00300297-0j 0.00209726-0j 0.000433442-0j -0.00262326-0j -0.000378636-0j -0.00248865-0j -0.0152294-0j -0.000359205-0j -0.00167315-0j -0.00219818-0j -0.000241499-0j 0.00278849-0j 0.00190915-0j -0.021902-0j 0.000402484-0j 0.000275562-0j -0.0124004-0j -0.00316127-0j 0.0112127-0j -0.00491258-0j -0.00178985-0j -0.000883483-0j 0.00161841-0j 0.00231733-0j -0.00070907-0j -0.00012752-0j 0.0237615-0j 0.000334477-0j -0.00888383-0j 0.00342968-0j 0.0071516-0j -0.00692956-0j -0.000976006-0j -0.00128227-0j 0.00103224-0j -0.00551299-0j -0.0010002-0j 0.0203942-0j -0.000140874-0j -0.000795732-0j -0.0366675-0j 0.00294365-0j 0.0221338-0j -0.00441977-0j -0.0052925-0j -0.00455405-0j 0.00319474-0j -0.0485185-0j -0.000637938-0j -0.00065732-0j 0.0159173-0j -0.00700304-0j 0.00229746-0j -0.00104324-0j -0.000150578-0j 
0.0213106-0j -0.0907248-0j 0.0180145-0j 0.189548-0j -0.0319741-0j -0.0793842-0j 0.258721-0j -0.149119-0j -0.0228434-0j -0.339918-0j -0.0327443-0j 0.249867-0j -0.106536-0j 0.187333-0j -0.00894898-0j 0.00287545-0j -0.012116-0j 0.00237212-0j 0.0249594-0j -0.00412525-0j 0.00145262-0j -0.010242-0j -0.0192391-0j 0.0181787-0j 0.00146768-0j -0.0067646-0j 0.0218395-0j -0.071177-0j -0.0160538-0j 0.0129875-0j 0.000428072-0j 0.0345016-0j 0.00900834-0j -0.0428987-0j -0.0114694-0j 0.0318846-0j -0.043138-0j 0.00191576-0j 0.000276516-0j -0.00800895-0j -0.00115599-0j 0.00155194-0j 0.0163295-0j 0.000224004-0j 0.00235696-0j -0.00266116-0j -0.000384106-0j 0.00129845-0j -0.00660704-0j 0.000187415-0j -0.012411-0j -0.000953644-0j -0.00179137-0j 0.01149-0j -0.00404597-0j 0.000927657-0j 0.00165844-0j -0.000583986-0j 0.0138038-0j 0.000133896-0j -0.00232852-0j -0.010147-0j 0.00199241-0j -0.00361066-0j -0.000336093-0j -0.0245006-0j -0.00146459-0j -0.000521153-0j -0.0040879-0j -0.00353636-0j 0.0188413-0j -0.000590037-0j -0.0108596-0j -0.000960465-0j 0.0353925-0j 0.00271951-0j -0.00156745-0j 0.0135026-0j -0.000138631-0j -0.0175041-0j 0.00510847-0j 0.00194894-0j -0.0011923-0j -0.0025265-0j 0.0181966-0j -0.00447936-0j -0.000172094-0j -0.0357696-0j 0.00262646-0j 0.00964675-0j -0.00064654-0j -0.0051629-0j -0.000651711-0j 0.00139239-0j -9.40663e-05-0j -0.0395964-0j -0.00571525-0j 
0.0291807-0j -0.093015-0j -0.0721099-0j 0.116839-0j 0.0225181-0j 0.237921-0j -0.0542587-0j 0.0198888-0j 0.013667-0j -0.315028-0j -0.413542-0j -0.130483-0j 0.0120712-0j 0.284677-0j 0.231402-0j 0.00393737-0j -0.0124218-0j -0.00949534-0j 0.0153853-0j 0.00290525-0j 0.00198909-0j 0.0306962-0j 0.00256602-0j -0.00958565-0j 0.0017073-0j -0.00553895-0j -0.0393537-0j 0.00897474-0j -0.0163001-0j -0.00581786-0j 0.0184545-0j -0.00691862-0j 0.0684025-0j -0.0114694-0j -0.00989309-0j -0.0280139-0j 0.0344312-0j 0.00262326-0j 0.000378636-0j -0.00821111-0j -0.00118517-0j -0.00621226-0j 0.0100657-0j -0.000896662-0j 0.00145286-0j 0.00187415-0j 0.00027051-0j 0.00177798-0j 0.0198019-0j 0.000256629-0j 0.00165532-0j 0.00285816-0j 0.000238925-0j -0.00605869-0j -0.0041481-0j 0.00107911-0j -0.000874497-0j -0.000598727-0j -0.0248738-0j 0.000155757-0j -0.00479386-0j -0.0103026-0j -0.00359023-0j 0.000631191-0j -0.000691934-0j 0.00776747-0j -0.00148706-0j 9.11046e-05-0j -0.00356046-0j 0.00112114-0j 0.0115511-0j -0.000513908-0j -0.00423411-0j 0.00833242-0j 0.000965602-0j 0.00166726-0j -0.000611141-0j -0.00701914-0j 0.00120268-0j 0.00471434-0j 0.000139373-0j -0.00101313-0j -0.0384855-0j 0.000680457-0j 0.0277784-0j 0.0073595-0j -0.00555491-0j 0.00552926-0j 0.00400947-0j -0.00426016-0j 0.00106225-0j 0.000798081-0j -0.0492629-0j -0.000614901-0j -0.00711049-0j 0.018071-0j 0.00260832-0j 
-0.0107657-0j 0.0573488-0j 0.00875155-0j -0.166075-0j -0.00830765-0j -0.0482556-0j 0.0334534-0j 0.258977-0j 0.0173506-0j 0.147302-0j -0.10111-0j -0.107375-0j -0.540873-0j 0.260337-0j 0.414067-0j -0.00145262-0j 0.00765874-0j 0.00115239-0j -0.0218686-0j -0.00107184-0j -0.000733839-0j -0.00622586-0j 0.0334127-0j 0.00591007-0j 0.00216746-0j 0.000672229-0j 0.0184012-0j -0.0127567-0j -0.0134134-0j -0.0123432-0j 0.0014806-0j -0.0296357-0j 0.0385559-0j -0.0318846-0j 0.0280139-0j -0.0163564-0j 0.0199658-0j -0.000967807-0j -0.000139691-0j 0.0050626-0j 0.000730723-0j 0.000753944-0j -0.0143074-0j 0.000108823-0j -0.00206509-0j -0.000691435-0j -9.98e-05-0j -0.000655953-0j -0.00401625-0j -9.46786e-05-0j 0.0215543-0j -0.000579696-0j 0.00311109-0j 0.00373551-0j 0.00255753-0j 0.00136996-0j 0.000539175-0j 0.000369148-0j 0.0116306-0j 0.000197737-0j 0.000581802-0j -0.00847804-0j 0.00167873-0j -0.000232867-0j 8.39759e-05-0j -0.0110407-0j -0.0012237-0j -3.36114e-05-0j -0.00755389-0j -0.00159358-0j -0.00234281-0j -0.00109031-0j -0.0181367-0j 0.00121905-0j 0.0125733-0j -0.000338156-0j -0.0026178-0j -0.019513-0j 0.000175954-0j 0.0230585-0j 0.0018148-0j -0.00281645-0j -0.00516011-0j 0.00332821-0j 0.00751966-0j -0.0380017-0j -0.000744798-0j 0.0098138-0j 0.00108537-0j 0.0407529-0j -0.00548507-0j 0.0014165-0j -0.028998-0j 0.00588217-0j -0.0041855-0j -0.0257514-0j -0.0037169-0j 
0.00205561-0j -0.0153481-0j 0.00173767-0j 0.0686854-0j 0.00158627-0j -0.0134295-0j -0.00895303-0j -0.203301-0j 0.00113329-0j 0.0633507-0j -0.0055394-0j 0.385792-0j -0.145245-0j -0.366268-0j 0.545994-0j 0.000277365-0j -0.00204968-0j 0.000228814-0j 0.00904441-0j 0.000204658-0j 0.00014012-0j -0.00173266-0j -0.0262296-0j -0.00158169-0j 0.000141572-0j 0.000133475-0j 0.00791386-0j 0.00527591-0j 0.0481937-0j -0.00113002-0j 4.12917e-05-0j -0.0241923-0j 0.0032643-0j -0.043138-0j 0.0344312-0j -0.0199658-0j 0.0267147-0j 0.000184794-0j 2.66727e-05-0j -0.00135489-0j -0.000195561-0j 0.0001497-0j 0.00591724-0j 2.16073e-05-0j 0.00085408-0j 0.000132023-0j 1.90559e-05-0j 0.000125248-0j -0.00111772-0j 1.8078e-05-0j -0.0169205-0j -0.000161329-0j -0.00244226-0j -0.000999722-0j -0.000684463-0j 8.94815e-05-0j -0.000144297-0j -9.87937e-05-0j 0.00500202-0j 1.29155e-05-0j 0.00011552-0j 0.0304612-0j 0.000721979-0j 4.44637e-05-0j 1.66739e-05-0j 0.0045662-0j 0.0043967-0j 6.41779e-06-0j -0.000691556-0j 0.000659074-0j -0.000652005-0j -9.98175e-05-0j -0.0148054-0j 4.76496e-05-0j -0.00987028-0j -9.41089e-05-0j -0.00213698-0j -0.0263999-0j 6.87763e-06-0j 0.00326225-0j -0.00142465-0j -0.0038105-0j -0.000201704-0j 0.000470865-0j 0.0280953-0j -0.00610692-0j -2.91134e-05-0j -0.01152-0j 0.00405521-0j -0.018861-0j -0.000881458-0j -0.00166277-0j 0.0397621-0j -0.00272236-0j 0.00573916-0j -0.04614-0j -0.0066662-0j 
0.0184648-0j 0.0201509-0j 0.0156089-0j 0.0157706-0j 0.0142489-0j 0.0176321-0j 0.0117547-0j 0.0102854-0j 0.0101799-0j 0.0145457-0j 0.00727286-0j 0.0059998-0j 0.00734823-0j 0.00332028-0j 0.000732053-0j -0.117174-0j -0.126562-0j -0.0966637-0j -0.0976654-0j -0.0864586-0j -0.0591942-0j -0.106987-0j -0.0624091-0j -0.0976654-0j -0.0598076-0j -0.0563872-0j -0.0854572-0j -0.0569715-0j -0.0352493-0j -0.0697755-0j -0.0174439-0j -0.0575619-0j -0.0352493-0j -0.0183913-0j -0.0251833-0j -0.00929094-0j -0.00177402-0j -0.0130576-0j 0.17916-0j 0.00177887-0j -0.0244075-0j 0.0013447-0j 0.00135864-0j -0.0184503-0j -0.0186415-0j 0.00118591-0j -0.0162717-0j 0.00112506-0j 0.00146749-0j -0.0154367-0j 0.000856038-0j -0.0201352-0j -0.0117455-0j 0.00131257-0j 0.000898653-0j 0.00080378-0j -0.0180094-0j -0.0123302-0j 0.0011485-0j -0.0110285-0j 0.00103768-0j 0.00047373-0j -0.0157583-0j 0.000399401-0j -0.0142377-0j 0.00104843-0j -0.00649995-0j -0.0054801-0j 0.000907966-0j -0.0143853-0j 0.000856038-0j -0.012458-0j 0.000749033-0j 0.000428019-0j 0.000499356-0j -0.0117455-0j -0.0102773-0j 0.00023932-0j -0.00587276-0j 0.000749033-0j -0.00685155-0j -0.00328365-0j 0.000264823-0j -0.0102773-0j 0.000436936-0j 0.000308961-0j -0.00363358-0j 0.000113986-0j -0.0059951-0j 0.000170978-0j -0.00423918-0j -0.00156397-0j 5.33119e-05-0j -0.00234596-0j -0.00073148-0j 8.97739e-06-0j -0.000123177-0j 
-0.0197878-0j -0.000427414-0j -0.0167273-0j 0.0162316-0j -0.0152698-0j -0.000373988-0j -0.000249325-0j 0.0213902-0j -0.0109093-0j 0.0149709-0j -0.000154262-0j 0.0187801-0j 0.0152819-0j 0.0138806-0j 0.00459835-0j -0.863446-0j 0.00268447-0j 0.10359-0j -0.10052-0j 0.0926535-0j 0.0634355-0j 0.00226926-0j -0.129791-0j 0.00207155-0j 0.0640929-0j 0.0604274-0j -0.0879552-0j -0.0586368-0j -0.110334-0j 0.00147998-0j 0.0186938-0j -0.11971-0j -0.0362797-0j -0.0768858-0j -0.0788266-0j -0.0486009-0j -0.0130069-0j -0.00177887-0j 0.0244075-0j 0.000259447-0j -0.00355981-0j -0.00144105-0j 0.00139835-0j 0.0197723-0j -0.0191864-0j -0.00127089-0j 0.0174376-0j -0.00120567-0j -3.11265e-05-0j 0.0165427-0j 0.00178028-0j 0.00042708-0j -0.0244268-0j -2.78404e-05-0j -1.9061e-05-0j -0.000861372-0j 0.000381992-0j 0.000261532-0j 0.00118207-0j 0.0118187-0j -0.00111203-0j 0.00148283-0j -0.0162189-0j -0.000428019-0j 0.0152579-0j 0.00107907-0j -0.0203456-0j 0.00587276-0j -1.92585e-05-0j -0.0148057-0j -1.81571e-05-0j 0.000264242-0j 0.00155774-0j -0.000458687-0j 0.0010385-0j 0.00024913-0j -0.0213735-0j 0.00100049-0j 0.00629355-0j 0.000770928-0j -0.014249-0j -0.0137275-0j -5.61707e-06-0j -0.0105777-0j 0.00136766-0j 0.000642536-0j 7.70706e-05-0j 0.000596258-0j -0.0187654-0j 0.000714784-0j -0.0088161-0j -0.00818112-0j 0.000334875-0j -0.00980739-0j -0.00459475-0j 7.52513e-05-0j -0.00103251-0j 
0.0880644-0j -0.0163241-0j 0.0121597-0j -0.0127757-0j -0.0115429-0j 0.0137358-0j -0.00952241-0j -0.00833211-0j 0.0241074-0j 0.0113315-0j 0.0287806-0j -0.0048604-0j 0.0174016-0j 0.00258658-0j -0.000593031-0j 0.0949219-0j -0.603616-0j -0.0753033-0j 0.079118-0j 0.0700395-0j 0.0479528-0j -0.0833454-0j 0.0505572-0j 0.079118-0j -0.141633-0j -0.0439269-0j -0.0665732-0j 0.0461522-0j 0.0285552-0j -0.165238-0j -0.0967503-0j -0.044842-0j -0.139491-0j 0.0148987-0j -0.0596376-0j -0.00723786-0j 0.00143712-0j -0.0013447-0j 0.0184503-0j -0.00144105-0j 0.0197723-0j -0.00616733-0j 0.00647976-0j 0.0846206-0j -0.0889073-0j -0.0009607-0j 0.0131816-0j -0.0009114-0j 0.00114321-0j 0.0125051-0j -0.00069347-0j -0.0156858-0j 0.00951495-0j -0.0010633-0j -0.000727992-0j 0.00190346-0j 0.0145893-0j 0.00998862-0j 0.000894705-0j -0.026117-0j 0.000808373-0j -0.000383765-0j -0.012276-0j -0.000323552-0j -0.0110915-0j -0.000849324-0j 0.00526556-0j 0.00443939-0j 0.00215019-0j 0.0116534-0j 0.000666874-0j -0.0295023-0j 0.000583515-0j 0.00169378-0j -0.000404524-0j -0.00915003-0j -0.00800627-0j -0.000193871-0j -0.02324-0j 0.00177382-0j 0.00555039-0j 0.00266006-0j 0.00146881-0j -0.0243381-0j 0.000340383-0j 0.00122264-0j -0.0201532-0j -9.23389e-05-0j -0.00467033-0j 0.0004049-0j -0.0167755-0j 0.00126696-0j 4.15312e-05-0j -0.00555555-0j -0.00056984-0j -7.27252e-06-0j 9.97846e-05-0j 
-0.088977-0j -0.0158404-0j 0.0127757-0j -0.0128979-0j 0.0116625-0j -0.0138604-0j -0.00924024-0j 0.00743851-0j 0.00833211-0j -0.0118962-0j -0.00571711-0j 0.0230218-0j 0.00531433-0j 0.0283014-0j 0.0165558-0j -0.0959055-0j -0.58573-0j -0.079118-0j 0.0798753-0j -0.0707653-0j -0.0484497-0j 0.0841013-0j -0.045135-0j 0.0767736-0j -0.0489518-0j -0.0461522-0j 0.0698909-0j 0.0465939-0j -0.135255-0j 0.0548497-0j -0.0142776-0j -0.0416294-0j 0.0288285-0j -0.156763-0j -0.0966306-0j -0.137351-0j -0.0568054-0j 0.00135864-0j -0.0186415-0j -0.00139835-0j 0.0191864-0j -0.00647976-0j 0.00654178-0j 0.0889073-0j -0.0897583-0j 0.000970656-0j -0.0133182-0j 0.000920845-0j -0.00115358-0j -0.0126347-0j 0.000619097-0j 0.015828-0j -0.00849449-0j -0.00103179-0j -0.00070642-0j 0.000657884-0j 0.014157-0j 0.00969263-0j -0.000939293-0j -0.00902668-0j 0.000849324-0j 0.00181774-0j 0.0128878-0j 0.000326905-0j -0.0116534-0j -0.000857453-0j -0.0249409-0j -0.00448539-0j -0.000713741-0j 0.0117649-0j -0.000672921-0j 0.00979308-0j 0.00054171-0j 0.000350328-0j 0.00036114-0j 0.009233-0j -0.00743268-0j 0.00203991-0j -0.00480678-0j -0.000612594-0j -0.00495512-0j -0.0279891-0j -0.000208174-0j 0.00840527-0j 0.00167656-0j 0.000223444-0j 0.00285631-0j 0.00168508-0j -0.0230037-0j 0.00145738-0j -0.00306583-0j -0.0231206-0j 0.00120568-0j -0.0199964-0j -0.0165429-0j 0.000386016-0j -0.00529644-0j 
-0.0131919-0j 0.0705394-0j -0.0111515-0j -0.0112671-0j 0.019793-0j -0.012597-0j 0.0410547-0j -0.00734823-0j 0.0141408-0j 0.0202053-0j -0.00519598-0j 0.00833426-0j -0.00524983-0j -0.00237212-0j -0.000523004-0j 0.0837132-0j 0.0904206-0j -0.338376-0j -0.341883-0j -0.120099-0j 0.0422904-0j 0.0764353-0j 0.0445872-0j -0.135666-0j 0.0427286-0j -0.196939-0j 0.0610536-0j -0.198979-0j 0.0251833-0j -0.0969245-0j 0.0124625-0j -0.0799586-0j 0.0251833-0j -0.0255472-0j 0.0179918-0j 0.00663777-0j 0.00126742-0j -0.00118591-0j 0.0162717-0j -0.00127089-0j 0.0174376-0j -0.0009607-0j -0.000970656-0j 0.0131816-0j 0.0133182-0j -0.00807156-0j 0.110748-0j -0.00080378-0j 0.00513704-0j 0.0110285-0j 0.00299661-0j -0.0704842-0j -0.0411158-0j 0.00182327-0j -0.000642029-0j -0.000574248-0j -0.0250167-0j 0.00880913-0j -0.000820525-0j 0.00787913-0j 0.00144142-0j -0.000338449-0j 0.0112582-0j 0.0022351-0j -0.0197775-0j 0.00145636-0j 0.00464379-0j -0.0306674-0j -0.000648682-0j -0.0199824-0j 0.00298981-0j 0.00890042-0j -0.000535135-0j 0.000594557-0j 0.00174406-0j -0.0410225-0j 0.00734247-0j -0.000170978-0j -0.00815778-0j 0.00104047-0j -0.0239298-0j 0.00234596-0j -0.000189199-0j -0.0142761-0j 0.000606943-0j -0.000220732-0j 0.00259596-0j 0.000158336-0j -0.00832774-0j -0.000122153-0j 0.00302862-0j -0.00217249-0j -3.80878e-05-0j 0.00167603-0j 0.000522595-0j -6.41376e-06-0j 8.80017e-05-0j 
-0.0125149-0j -0.0136577-0j 0.0414005-0j 0.0418295-0j 0.0282793-0j 0.0349939-0j -0.00796702-0j 0.0204131-0j -0.00689964-0j -0.00985868-0j -0.00492934-0j -0.0040665-0j -0.00498042-0j -0.00225039-0j -0.000496165-0j 0.0794173-0j 0.0857805-0j 0.065516-0j 0.0661949-0j -0.229321-0j -0.275082-0j -0.28377-0j -0.165532-0j -0.193834-0j -0.118698-0j 0.0382176-0j -0.169604-0j 0.0386137-0j -0.0699583-0j 0.0472919-0j 0.011823-0j 0.0390138-0j 0.023891-0j 0.0124651-0j 0.0170686-0j 0.00629714-0j 0.00120238-0j -0.00112506-0j 0.0154367-0j -0.00120567-0j 0.0165427-0j -0.0009114-0j -0.000920845-0j 0.0125051-0j 0.0126347-0j -0.00080378-0j 0.0110285-0j -0.00873804-0j -0.000994627-0j 0.119893-0j -0.000580199-0j 0.0136471-0j 0.00796078-0j 0.00348142-0j 0.00417614-0j 0.00213192-0j -0.0477677-0j -0.0572999-0j 0.00304624-0j -0.0292517-0j 0.00205944-0j 0.00125651-0j -0.0417968-0j -0.000270703-0j -0.0282572-0j 0.00208079-0j -0.0172403-0j 0.00371426-0j 0.00180201-0j -0.02855-0j -0.000580199-0j -0.024725-0j 0.00148659-0j -0.000290099-0j -0.000338449-0j 0.00796078-0j -0.0203971-0j 0.000474971-0j 0.00398039-0j -0.000507674-0j 0.00464379-0j -0.00651697-0j -0.00017949-0j 0.00696568-0j -0.000296143-0j -0.000209405-0j 0.00246274-0j -7.72562e-05-0j 0.00406331-0j -0.000115884-0j 0.0028732-0j 0.00106002-0j -3.61333e-05-0j 0.00159002-0j 0.000495777-0j -6.08462e-06-0j 8.34858e-05-0j 
0.0163241-0j -0.00172765-0j -0.01327-0j -0.0133904-0j 0.012597-0j -0.000296691-0j 0.000205683-0j -0.017646-0j -0.0263088-0j 0.0118767-0j -0.000621656-0j -0.0154928-0j 0.0368538-0j 0.0110118-0j -0.00379344-0j -0.10359-0j -0.00221458-0j -0.40266-0j -0.406312-0j -0.0764353-0j -0.0523317-0j 0.00180025-0j 0.107072-0j -0.00170894-0j 0.154566-0j 0.0479382-0j -0.0697765-0j 0.0483729-0j 0.0910212-0j 0.00356912-0j 0.105585-0j -0.094968-0j -0.146202-0j 0.0634276-0j -0.190098-0j -0.038556-0j 0.0107301-0j 0.00146749-0j -0.0201352-0j 3.11265e-05-0j -0.00042708-0j -0.00114321-0j -0.00115358-0j 0.0156858-0j 0.015828-0j -0.00513704-0j 0.0704842-0j 0.000994627-0j 0.000120991-0j -0.0136471-0j 0.00719604-0j -0.00166009-0j -0.0987353-0j 2.29671e-05-0j 1.57245e-05-0j -0.00207728-0j -0.000315127-0j -0.000215753-0j 0.000937756-0j 0.0285019-0j -0.000882191-0j -0.00122327-0j -0.0128667-0j 0.000353098-0j 0.0121043-0j -0.000890191-0j 0.0167842-0j -0.00484478-0j -4.64438e-05-0j 0.0122141-0j -1.44044e-05-0j 0.000637245-0j 0.00123579-0j -0.00184845-0j -0.000856715-0j 0.000197639-0j -0.016956-0j -0.000825362-0j 0.0253622-0j 0.00185917-0j 0.0117548-0j 0.0113246-0j -3.17261e-05-0j -0.0255092-0j 0.00108499-0j 0.00258934-0j 0.000435306-0j -0.000491888-0j -0.0148869-0j 0.00172377-0j -0.0355277-0j 0.00674908-0j 0.000265663-0j -0.0236515-0j -0.0036451-0j -6.20792e-05-0j 0.000851775-0j 
