0.747979-0j -0.294025-0j -0.180053-0j -0.257272-0j -0.106119-0j -0.0324338-0j 0.108738-0j -0.0299147-0j -0.0302247-0j -0.0261753-0j -0.0215935-0j -0.00689924-0j -0.0208702-0j -0.00301236-0j -0.0230991-0j -0.00333407-0j 0.0541985-0j -0.0121743-0j 0.0547602-0j 0.00782288-0j -0.00175721-0j 0.00790395-0j -0.021305-0j -0.00753247-0j -0.0124279-0j -0.00307512-0j -0.00108722-0j -0.0131818-0j -0.00179382-0j -0.00190263-0j -0.00768939-0j -0.00110987-0j -0.00200597-0j -0.000289536-0j -0.0157269-0j -0.00278015-0j -0.00023168-0j -0.0171631-0j -0.00303403-0j -0.000252836-0j -0.0132945-0j -0.0134322-0j 0.036019-0j -0.00235015-0j -0.0023745-0j -0.000195846-0j 0.0445712-0j 0.00636732-0j -0.000197875-0j -0.0100118-0j 0.0259999-0j 0.00053061-0j -0.00867046-0j 0.00787916-0j -0.00176985-0j -0.012389-0j 0.00459617-0j 0.000656596-0j -0.00619448-0j -0.00153274-0j -0.00511018-0j -0.000147488-0j 0.000383015-0j -0.00219008-0j -0.000127728-0j -0.00625867-0j -0.00109504-0j -0.000903361-0j -0.000182507-0j -0.00282797-0j -9.12533e-05-0j -0.00110639-0j -7.52801e-05-0j -0.000623508-0j -9.21989e-05-0j -0.000499919-0j -0.000110222-0j -4.16599e-05-0j -9.18514e-06-0j 
0.294025-0j -0.0116881-0j 0.210062-0j -0.28975-0j -0.362837-0j 0.0378394-0j 0.000740578-0j -0.0686353-0j 0.0669436-0j 0.000529095-0j -0.0490755-0j -0.0314992-0j 0.0243486-0j 0.00351442-0j 0.000466914-0j 6.73932e-05-0j 0.021305-0j -0.0700681-0j -0.0207799-0j 0.00307512-0j -0.0101135-0j -0.00299932-0j -0.000846916-0j 0.00878788-0j 0.0555465-0j -0.000122242-0j 0.00126842-0j -0.0148459-0j 0.00801744-0j -0.00214282-0j -0.0262912-0j -0.0037948-0j -0.0114582-0j -0.00165385-0j 0.0183481-0j 0.00324351-0j 0.000270293-0j 0.000346925-0j 6.13283e-05-0j 5.11069e-06-0j 0.0155102-0j -0.0151279-0j -0.0278448-0j 0.00274184-0j -0.00267426-0j 0.000228487-0j 0.00030356-0j -0.0049223-0j -0.000222855-0j -0.000998348-0j -0.0199095-0j -0.000410192-0j -0.0198933-0j 5.36623e-05-0j -0.000176485-0j 0.0274399-0j -0.00351954-0j 4.47186e-06-0j 0.000125212-0j -0.00351666-0j 0.0343614-0j -1.47071e-05-0j -0.000293295-0j 0.00485073-0j -0.000293055-0j -0.014224-0j 2.21346e-05-0j 0.0060743-0j 0.000404228-0j -0.0129114-0j 1.84455e-06-0j -0.00251448-0j 0.000506191-0j -0.00427634-0j -0.00020954-0j -0.00228243-0j -0.000755956-0j -0.000190202-0j -6.29964e-05-0j 
0.180053-0j 0.210062-0j 0.114197-0j -0.540947-0j 0.0758152-0j 0.0231718-0j 0.0261753-0j -0.0628994-0j 0.0215935-0j 0.0166014-0j -0.0454032-0j 0.00492906-0j 0.0149104-0j 0.00215213-0j 0.0165028-0j 0.00238197-0j -0.038397-0j 0.00869774-0j 0.0131818-0j -0.00554213-0j 0.00125541-0j 0.00190263-0j -0.0447965-0j 0.0672275-0j 0.00887895-0j -0.00646582-0j 0.00970346-0j 0.00836043-0j 0.00128157-0j 0.00120672-0j -0.0161679-0j -0.00233364-0j 0.00143313-0j 0.000206855-0j 0.0112359-0j 0.00198624-0j 0.00016552-0j 0.0122619-0j 0.00216762-0j 0.000180635-0j -0.0279533-0j 0.00959644-0j 0.00867046-0j -0.00494149-0j 0.00169643-0j -0.000411791-0j -0.0315766-0j 0.00153274-0j 0.000141369-0j 0.00715277-0j 0.00625867-0j 0.000127728-0j 0.00549915-0j -0.005582-0j 0.00126444-0j -0.0260493-0j 0.00110639-0j -0.000465167-0j 0.0552859-0j 0.000972121-0j 0.00365089-0j 0.00010537-0j 9.21989e-05-0j -0.00460492-0j 8.10101e-05-0j 0.00396949-0j 0.00977326-0j 0.000645392-0j -0.000383743-0j -0.00594616-0j 0.000814438-0j 0.000701714-0j 5.37827e-05-0j 0.000445456-0j 5.84762e-05-0j -0.00105114-0j 7.87462e-05-0j -8.75952e-05-0j 6.56218e-06-0j 
-0.257272-0j 0.28975-0j 0.540947-0j -0.255002-0j -0.51201-0j -0.0331095-0j 0.0361051-0j 0.0296685-0j 0.0308358-0j -0.0759156-0j 0.0192282-0j -0.0738543-0j -0.021305-0j -0.00307512-0j 0.0227633-0j 0.00328559-0j 0.0181112-0j -0.0124279-0j 0.0188238-0j 0.00261413-0j -0.00179382-0j 0.00271698-0j -0.0203976-0j 0.0377903-0j -0.0113908-0j -0.00294413-0j 0.00545456-0j -0.0395794-0j -0.00164413-0j -0.00571279-0j 0.036044-0j 0.00520251-0j -0.0372228-0j -0.00537266-0j -0.0160546-0j -0.00283807-0j -0.000236506-0j 0.0169135-0j 0.00298991-0j 0.000249159-0j 0.0131851-0j 0.0137038-0j -0.012389-0j 0.00233081-0j 0.00242252-0j 0.000194234-0j -0.014378-0j -0.00219008-0j 0.000201876-0j 0.00986621-0j -0.00802927-0j -0.000182507-0j 0.0260493-0j -0.0025417-0j 0.00174412-0j -0.0122796-0j -0.00141939-0j -0.000211808-0j -0.0300007-0j 0.00460492-0j -0.0246559-0j 0.000145343-0j -0.000118282-0j -0.00217076-0j 0.000383743-0j 0.0168826-0j -0.00530342-0j -0.00435859-0j -0.000180896-0j 0.0294107-0j -0.000441952-0j 0.00298444-0j -0.000363216-0j -0.0176945-0j 0.000248704-0j 0.00519913-0j -0.00312798-0j 0.000433261-0j -0.000260665-0j 
0.106119-0j -0.362837-0j 0.0758152-0j 0.51201-0j -0.621676-0j 0.013657-0j -0.0452124-0j 0.0125962-0j 0.0601517-0j -0.0323013-0j 0.0108857-0j -0.0540888-0j 0.00878788-0j 0.00126842-0j -0.0285051-0j -0.00411436-0j 0.00768939-0j 0.00512626-0j 0.0367197-0j 0.00110987-0j 0.000739912-0j 0.00530003-0j -0.0262912-0j 0.00317171-0j 0.00626517-0j -0.0037948-0j 0.000457797-0j 0.0262338-0j 0.000904299-0j 0.00378652-0j -0.0450466-0j -0.00650191-0j 0.0265592-0j 0.00383349-0j 0.00662217-0j 0.00117065-0j 9.75538e-05-0j -0.0211798-0j -0.0037441-0j -0.000312008-0j 0.00559792-0j 0.0267321-0j 0.00511018-0j 0.000989583-0j 0.00472562-0j 8.24652e-05-0j -0.0185323-0j 0.000903361-0j 0.000393802-0j -0.0123549-0j 0.00441625-0j 7.52801e-05-0j 0.00365089-0j -0.00327609-0j -0.00218406-0j 0.0246559-0j 0.000780689-0j -0.000273007-0j -0.0076442-0j 0.000645392-0j -0.0299369-0j -0.000182005-0j 6.50574e-05-0j 0.00435859-0j 5.37827e-05-0j 0.00315512-0j -0.00135132-0j -0.00529214-0j 0.000363216-0j -0.0221708-0j -0.00011261-0j 0.000557751-0j -0.000441012-0j 0.0533008-0j 4.64793e-05-0j -0.00391927-0j 0.00942234-0j -0.000326606-0j 0.000785195-0j 
0.0324338-0j 0.0378394-0j 0.0231718-0j 0.0331095-0j 0.013657-0j 0.782421-0j -0.222321-0j -0.181525-0j -0.183406-0j -0.158834-0j -0.131031-0j -0.0418651-0j 0.00268588-0j -0.0369461-0j -0.0118181-0j 0.162566-0j 0.00235015-0j 0.00156677-0j 0.0023745-0j -0.0323279-0j -0.0215519-0j -0.0326629-0j 0.00274184-0j 0.000969387-0j 0.00159941-0j -0.0377158-0j -0.0133346-0j 0.00169643-0j -0.0220009-0j -0.0233355-0j 0.000989583-0j -0.0136124-0j 0.000258157-0j -0.00355112-0j 0.00202397-0j -0.0168702-0j -0.00427718-0j 0.00220879-0j -0.0184107-0j -0.00466776-0j -0.00680178-0j -0.00687227-0j 0.00156185-0j 0.0566942-0j 0.0572817-0j 0.014374-0j 0.00193269-0j -0.0130184-0j 0.0145229-0j 0.00128846-0j 0.0011274-0j -0.0033006-0j 0.00111584-0j -0.0161094-0j -0.0107396-0j 0.00159439-0j -0.00939714-0j -0.00408429-0j 0.000797195-0j -0.00930076-0j 0.000657652-0j -0.00272286-0j -0.0023825-0j -0.0132896-0j -0.00235807-0j 0.000805456-0j -0.00664478-0j -0.00548167-0j -0.00336937-0j 0.000363944-0j -0.00168468-0j -0.00671364-0j -0.00138979-0j 8.02421e-05-0j -0.00170214-0j -0.00303355-0j -0.000668834-0j -0.000769109-0j -0.000169573-0j 
0.108738-0j -0.000740578-0j -0.0261753-0j 0.0361051-0j 0.0452124-0j 0.222321-0j -0.012914-0j 0.205054-0j -0.2-0j 0.00310864-0j -0.288338-0j -0.18507-0j -0.00303403-0j 0.0417351-0j -5.81811e-05-0j 0.000800321-0j 0.00787916-0j -0.00176985-0j -0.00768495-0j -0.108383-0j 0.0243455-0j 0.105712-0j -5.36623e-05-0j -0.00109504-0j 0.00351954-0j 0.00073816-0j 0.015063-0j 0.00184991-0j -0.0484136-0j -0.0254468-0j 0.00327609-0j -0.0450648-0j 0.00142778-0j -0.0196401-0j -0.00228632-0j 0.0190569-0j 0.00483159-0j -4.32296e-05-0j 0.000360328-0j 9.13556e-05-0j -0.00193269-0j 0.00188506-0j 0.00523629-0j 0.0161094-0j -0.0157123-0j 0.00408429-0j 0.000112264-0j -0.0436456-0j -0.00398362-0j -2.52173e-05-0j -0.00736305-0j -0.0110657-0j -0.00126048-0j -0.000935746-0j 0.000210191-0j 0.00173865-0j 0.0613725-0j -0.000237244-0j -1.56024e-05-0j 0.0105063-0j 0.00217721-0j 5.32908e-05-0j 0.0155601-0j -0.014492-0j 0.00266372-0j 0.00177243-0j 0.000130049-0j -0.0181475-0j -0.00367422-0j 0.00160886-0j 3.2972e-05-0j -0.0147735-0j -0.00460101-0j 0.000532865-0j -0.00374561-0j -0.0134102-0j -0.00444154-0j -0.00339994-0j -0.00112608-0j 
-0.0299147-0j 0.0686353-0j 0.0628994-0j 0.0296685-0j -0.0125962-0j 0.181525-0j 0.205054-0j 0.319887-0j -0.332672-0j -0.431152-0j -0.117414-0j 0.0386135-0j -0.00247727-0j 0.0340766-0j -0.00274184-0j 0.0377158-0j 0.00210591-0j 0.00712886-0j -0.00219008-0j -0.0289682-0j -0.0980623-0j 0.030126-0j -0.00483174-0j 0.00439412-0j 0.0029011-0j 0.0664637-0j -0.0604441-0j 0.00460492-0j -0.0399066-0j -0.0633437-0j 0.00088674-0j -0.0121977-0j -0.000238106-0j 0.00327531-0j -0.00186677-0j 0.0155599-0j 0.00394498-0j -0.00203724-0j 0.0169808-0j 0.00430522-0j 0.00153311-0j -0.00159439-0j 0.00283298-0j -0.0127788-0j 0.0132896-0j -0.00323987-0j 0.00173184-0j -0.0236135-0j 0.00336937-0j 0.00586257-0j -0.00103984-0j -0.00598683-0j -0.0059567-0j -0.0144352-0j -0.0488657-0j -0.00280967-0j 0.00866728-0j -0.00365983-0j 0.00361359-0j 0.0496503-0j 0.00119289-0j -0.0123891-0j 0.00219746-0j 0.0234192-0j 0.0125881-0j 0.0021864-0j -0.03012-0j -0.00994297-0j 0.00593758-0j 0.000326121-0j -0.00763648-0j -0.018224-0j -0.00252089-0j -7.40098e-05-0j -0.00462043-0j -0.00271828-0j 0.000616886-0j -0.000689179-0j 0.000156402-0j 
0.0302247-0j 0.0669436-0j 0.0215935-0j -0.0308358-0j 0.0601517-0j -0.183406-0j 0.2-0j 0.332672-0j -0.335918-0j 0.142887-0j -0.109633-0j -0.409106-0j 0.00250295-0j -0.0344297-0j -0.00267426-0j 0.0367862-0j 0.00219008-0j -0.00720274-0j -0.00221145-0j -0.030126-0j 0.0990785-0j 0.0304199-0j 0.00485073-0j 0.000903361-0j -0.00263173-0j -0.0667251-0j -0.0124263-0j -0.00157993-0j 0.0362013-0j 0.021733-0j 0.00435859-0j -0.0599553-0j 0.00437299-0j -0.0601535-0j 0.00188611-0j -0.0157212-0j -0.00398586-0j -0.00198702-0j 0.0165622-0j 0.0041991-0j 0.00159439-0j -0.00160995-0j -0.00286234-0j -0.0132896-0j 0.0134192-0j -0.00336937-0j -0.00173865-0j 0.0238582-0j 0.00340224-0j 0.00571807-0j 0.000943291-0j 0.00604887-0j -0.00204495-0j 0.014492-0j -0.0476612-0j 0.00292022-0j -0.00786252-0j 0.00367422-0j -0.000717155-0j 0.0170451-0j -0.00569648-0j -0.0120838-0j -0.00199342-0j -0.0243406-0j 0.00432152-0j 0.00067392-0j 0.00597763-0j 0.0474814-0j -0.00617119-0j 0.00355646-0j 0.00151554-0j -0.00561726-0j 0.0120382-0j 0.00207878-0j -0.00142417-0j -0.0296438-0j -0.017327-0j -0.00751574-0j -0.00439301-0j 
0.0261753-0j 0.000529095-0j 0.0166014-0j 0.0759156-0j -0.0323013-0j -0.158834-0j -0.00310864-0j 0.431152-0j 0.142887-0j -0.00197162-0j -0.606267-0j 0.13222-0j 0.00216762-0j -0.029817-0j 4.15666e-05-0j -0.000571777-0j -0.005582-0j 0.00126444-0j -0.00184991-0j 0.0767842-0j -0.0173932-0j 0.0254468-0j -0.000112832-0j 0.00977326-0j -0.00251448-0j 0.00155208-0j -0.134438-0j -0.00117329-0j 0.0345883-0j 0.0161394-0j 0.00688839-0j -0.0947544-0j -0.00102006-0j 0.0140316-0j 0.00163342-0j -0.0136149-0j -0.00345185-0j 3.08847e-05-0j -0.000257431-0j -6.52676e-05-0j -0.00406373-0j -0.00134675-0j 0.00126048-0j 0.033872-0j 0.0112254-0j 0.00858774-0j -7.95338e-05-0j -0.0105063-0j 0.00284604-0j 1.80161e-05-0j -0.00177243-0j -0.00266372-0j 0.000799444-0j 0.000662931-0j -0.000150168-0j 0.00365572-0j 0.0147735-0j 0.000168076-0j 0.000139252-0j -0.00666353-0j -0.00155547-0j -3.80728e-05-0j 0.00374561-0j -0.0304712-0j -0.00168944-0j -0.00112414-0j -0.00116069-0j 0.0129652-0j -0.00772551-0j 0.00338283-0j -0.000294276-0j 0.00936996-0j 0.00328712-0j -0.000380697-0j 0.00237561-0j -0.0281966-0j 0.00317319-0j -0.00714881-0j 0.000804514-0j 
-0.0215935-0j 0.0490755-0j 0.0454032-0j 0.0192282-0j -0.0108857-0j 0.131031-0j -0.288338-0j -0.117414-0j 0.109633-0j 0.606267-0j -0.325802-0j -0.354994-0j -0.00178819-0j 0.0245978-0j 0.00385546-0j -0.0530344-0j 0.00152013-0j -0.00104311-0j -0.00141939-0j -0.0209103-0j 0.0143487-0j 0.0195246-0j -0.00345478-0j 0.00317184-0j -0.00409336-0j 0.0475228-0j -0.0436308-0j 0.00298444-0j 0.0563069-0j -0.041053-0j 0.000766325-0j -0.0105413-0j 0.00750229-0j -0.103199-0j -0.00134751-0j 0.0112317-0j 0.00284763-0j 0.00286468-0j -0.0238777-0j -0.00605381-0j 0.00110666-0j -0.00103332-0j -0.00103984-0j -0.00922424-0j 0.00861296-0j -0.00233866-0j -0.00243523-0j 0.00866728-0j 0.00218369-0j 0.00167106-0j -0.00288537-0j 0.00219746-0j 0.0021864-0j 0.0202982-0j -0.0139286-0j 0.000925935-0j 0.0240501-0j 0.00514629-0j -0.00508128-0j -0.018224-0j -0.000524204-0j -0.00353139-0j 0.00609754-0j -0.00771785-0j -0.00462043-0j 0.00606685-0j 0.0423535-0j 0.00436934-0j -0.00195674-0j -0.0029982-0j 0.0107381-0j -0.0505684-0j 0.00110778-0j 0.00519471-0j -0.0128208-0j 0.0249906-0j -0.043299-0j 0.00633599-0j -0.0109778-0j 
0.00689924-0j -0.0314992-0j 0.00492906-0j 0.0738543-0j -0.0540888-0j -0.0418651-0j 0.18507-0j -0.0386135-0j -0.409106-0j 0.13222-0j 0.354994-0j -0.442956-0j 0.000571336-0j -0.00785911-0j -0.00247463-0j 0.0340402-0j 0.000499919-0j 0.000333279-0j 0.00529659-0j -0.00687672-0j -0.00458448-0j -0.0728581-0j -0.00228243-0j 0.000206206-0j -0.00433317-0j 0.0313963-0j -0.0028365-0j 0.00378407-0j 0.0596056-0j -0.0520523-0j -0.00391927-0j 0.0539122-0j 0.00775506-0j -0.106676-0j 0.000430535-0j -0.00358859-0j -0.000909833-0j -0.0018387-0j 0.0153259-0j 0.00388565-0j 0.000363944-0j 0.00385595-0j 0.000332234-0j -0.00303355-0j -0.0321401-0j -0.000769109-0j -0.00160886-0j -0.00276924-0j -0.00814864-0j -0.00107257-0j -0.0030544-0j -0.000702098-0j 0.000237359-0j 0.0134102-0j 0.00894011-0j 0.00355646-0j 0.0254591-0j 0.00339994-0j -0.00066362-0j -0.00197844-0j -0.00260465-0j 0.00226663-0j 0.00645475-0j -0.0296438-0j -0.000501603-0j -0.00218217-0j 0.00553141-0j 0.0217103-0j -0.00751574-0j 0.00385073-0j 0.0014024-0j 0.0181888-0j 0.00550432-0j -0.000226577-0j 0.0046115-0j -0.0320966-0j 0.00188857-0j -0.0081376-0j 0.000478818-0j 
0.0208702-0j 0.0243486-0j 0.0149104-0j 0.021305-0j 0.00878788-0j 0.00268588-0j 0.00303403-0j 0.00247727-0j 0.00250295-0j 0.00216762-0j 0.00178819-0j 0.000571336-0j 0.824415-0j -0.00124464-0j -0.18288-0j 0.000276099-0j -0.144579-0j -0.0963863-0j -0.146078-0j 0.000218275-0j 0.000145517-0j 0.000220537-0j -0.168676-0j -0.059636-0j -0.0983943-0j 0.000254655-0j 9.0034e-05-0j -0.104363-0j 0.000148549-0j 0.00015756-0j -0.0608784-0j 9.19097e-05-0j -0.0158816-0j 2.39769e-05-0j 0.00130237-0j -0.022011-0j 1.91857e-05-0j -0.00709141-0j 0.11985-0j -0.000104466-0j 0.00110093-0j 0.00111234-0j 0.00100501-0j -0.0186066-0j -0.0187994-0j 1.62183e-05-0j 0.00124363-0j -0.0169854-0j 1.63863e-05-0j 0.00082909-0j 0.000725454-0j 1.48052e-05-0j 0.000718013-0j -0.0210184-0j -0.0140122-0j 0.00102595-0j -0.0122607-0j 1.83205e-05-0j 0.000512973-0j -0.012135-0j 0.000423181-0j 1.22136e-05-0j 1.06869e-05-0j -0.0173393-0j 1.05773e-05-0j 0.000518289-0j -0.00866963-0j -0.00715208-0j 1.51136e-05-0j 0.000234188-0j 7.55681e-06-0j -0.00875947-0j 6.23405e-06-0j 5.16336e-05-0j 7.63512e-06-0j -0.00395795-0j -0.000872646-0j 3.44991e-06-0j 7.60634e-07-0j 
-0.00301236-0j -0.00351442-0j -0.00215213-0j -0.00307512-0j -0.00126842-0j 0.0369461-0j 0.0417351-0j 0.0340766-0j 0.0344297-0j 0.029817-0j 0.0245978-0j 0.00785911-0j 0.00124464-0j 0.798617-0j -0.000276099-0j -0.177157-0j -0.000218275-0j -0.000145517-0j -0.000220537-0j -0.140055-0j -0.0933701-0j -0.141506-0j -0.000254655-0j -9.0034e-05-0j -0.000148549-0j -0.163398-0j -0.0577698-0j -0.00015756-0j -0.0953153-0j -0.101097-0j -9.19097e-05-0j -0.0589733-0j -2.39769e-05-0j -0.0153846-0j -0.000187981-0j 0.00316695-0j -0.0377257-0j 0.00102356-0j -0.017244-0j 0.205417-0j -0.000158906-0j -0.000160553-0j -0.00014506-0j 0.00267712-0j 0.00270486-0j -0.0318907-0j -0.000179503-0j 0.00244386-0j -0.0322211-0j -0.000119669-0j -0.00010471-0j -0.0291121-0j -0.000103636-0j 0.00302412-0j 0.00201608-0j -0.000148083-0j 0.00176407-0j -0.0360243-0j -7.40413e-05-0j 0.00174598-0j -6.1081e-05-0j -0.0240162-0j -0.0210142-0j 0.00249477-0j -0.0207987-0j -7.48086e-05-0j 0.00124739-0j 0.00102904-0j -0.0297186-0j -3.38021e-05-0j -0.0148593-0j 0.00126031-0j -0.0122583-0j -7.45267e-06-0j -0.0150133-0j 0.00056947-0j 0.000125556-0j -0.00678371-0j -0.00149567-0j 
-0.0230991-0j -0.000466914-0j -0.0165028-0j 0.0227633-0j 0.0285051-0j 0.0118181-0j -5.81811e-05-0j -0.00274184-0j 0.00267426-0j -4.15666e-05-0j 0.00385546-0j 0.00247463-0j 0.18288-0j -0.000276099-0j -0.0139419-0j 2.10484e-05-0j 0.16002-0j 0.10668-0j -0.156076-0j -0.000241587-0j -0.000161058-0j 0.000235632-0j 0.00323456-0j 0.0660049-0j -0.212145-0j -4.88331e-06-0j -9.96494e-05-0j -0.111506-0j 0.00032028-0j 0.000168344-0j -0.19747-0j 0.000298126-0j -0.0860614-0j 0.000129929-0j -0.00144146-0j 0.0243617-0j -2.12347e-05-0j -2.72551e-05-0j 0.000460631-0j -4.01505e-07-0j 0.00484418-0j -0.00472478-0j -0.00111234-0j -0.0818703-0j 0.0798524-0j 7.13616e-05-0j -2.38482e-05-0j 0.0187994-0j -6.96027e-05-0j -1.58988e-05-0j 0.00156413-0j -1.63863e-05-0j -0.000794695-0j 0.000403052-0j 0.000268701-0j 0.00109617-0j -0.0264349-0j -3.51317e-07-0j -9.83687e-06-0j 0.0134309-0j 0.00137267-0j -2.34211e-07-0j 2.30417e-05-0j -0.018526-0j -1.1707e-05-0j 0.00111747-0j 0.000166251-0j -0.0231991-0j 1.61481e-05-0j 0.00101434-0j -1.44911e-07-0j -0.018886-0j 2.02213e-05-0j 0.000335956-0j 1.64618e-05-0j -0.0171431-0j -0.00567792-0j 1.49426e-05-0j 4.94911e-06-0j 
0.00333407-0j 6.73932e-05-0j 0.00238197-0j -0.00328559-0j -0.00411436-0j 0.162566-0j -0.000800321-0j -0.0377158-0j 0.0367862-0j -0.000571777-0j 0.0530344-0j 0.0340402-0j 0.000276099-0j 0.177157-0j -2.10484e-05-0j -0.0135056-0j 0.000241587-0j 0.000161058-0j -0.000235632-0j 0.155013-0j 0.103342-0j -0.151192-0j 4.88331e-06-0j 9.96494e-05-0j -0.00032028-0j 0.00313334-0j 0.0639394-0j -0.000168344-0j -0.205506-0j -0.108017-0j -0.000298126-0j -0.191291-0j -0.000129929-0j -0.0833683-0j 0.000208057-0j -0.00350517-0j 0.0417547-0j 3.93393e-06-0j -6.62756e-05-0j 0.000789497-0j -0.000699198-0j 0.000681964-0j 0.000160553-0j 0.0117795-0j -0.0114892-0j -0.140321-0j 3.44219e-06-0j -0.00270486-0j 0.136863-0j 2.29479e-06-0j -0.000225762-0j 0.0322211-0j 0.000114704-0j -5.79912e-05-0j -3.86608e-05-0j -0.000158218-0j 0.00380346-0j 0.00069081-0j 1.41983e-06-0j -0.00193244-0j -0.000198127-0j 0.00046054-0j -0.045308-0j 0.00266553-0j 0.0230199-0j -0.000161292-0j -2.39201e-05-0j 0.00333789-0j -0.0317526-0j -0.000146407-0j 0.000284944-0j 0.00271732-0j -0.039762-0j -4.84911e-05-0j -0.0323696-0j 0.00246655-0j 0.000816939-0j -0.0293824-0j -0.00973164-0j 
0.0541985-0j -0.021305-0j 0.038397-0j 0.0181112-0j -0.00768939-0j -0.00235015-0j 0.00787916-0j 0.00210591-0j -0.00219008-0j 0.005582-0j 0.00152013-0j -0.000499919-0j 0.144579-0j -0.000218275-0j 0.16002-0j -0.000241587-0j 0.364774-0j 0.084338-0j -0.379353-0j -0.000550709-0j -0.000127327-0j 0.00057272-0j -0.14339-0j -0.256451-0j 0.086095-0j 0.00021648-0j 0.000387171-0j -0.268753-0j -0.00012998-0j 0.000405744-0j -0.0517521-0j 7.81316e-05-0j 0.0138964-0j -2.09798e-05-0j -0.00113957-0j 0.0192596-0j -1.67875e-05-0j -0.00124363-0j 0.0210184-0j -1.83205e-05-0j 0.000935892-0j -0.000973298-0j 0.00260993-0j -0.0158173-0j 0.0164495-0j 1.3787e-05-0j -0.00313769-0j -0.0441099-0j -1.4338e-05-0j -0.000725454-0j 0.00188395-0j 3.8448e-05-0j 0.00184901-0j 0.0530293-0j 0.0122607-0j 0.000872147-0j -0.0318402-0j -4.62225e-05-0j 0.00220592-0j -0.0312497-0j -0.000370284-0j -1.06869e-05-0j 2.77532e-05-0j -0.0147399-0j 2.72385e-05-0j 0.00133469-0j -0.0372818-0j 0.00625807-0j 1.28479e-05-0j 0.000199081-0j 3.24963e-05-0j -0.0225572-0j -5.45479e-06-0j -4.51794e-05-0j 1.96618e-05-0j -0.00336462-0j 0.000763565-0j 2.93274e-06-0j -6.65555e-07-0j 
-0.0121743-0j 0.0700681-0j -0.00869774-0j -0.0124279-0j -0.00512626-0j -0.00156677-0j -0.00176985-0j 0.00712886-0j 0.00720274-0j -0.00126444-0j -0.00104311-0j -0.000333279-0j 0.0963863-0j -0.000145517-0j 0.10668-0j -0.000161058-0j 0.084338-0j 0.378681-0j 0.085212-0j -0.000127327-0j -0.000571705-0j -0.000128647-0j -0.4854-0j 0.0347876-0j -0.28315-0j 0.000732821-0j -5.25198e-05-0j 0.0608784-0j 0.000427479-0j -9.19097e-05-0j 0.0355124-0j -5.3614e-05-0j 0.00926428-0j -1.39865e-05-0j -0.000759715-0j 0.0128398-0j -1.11917e-05-0j -0.00082909-0j 0.0140122-0j -1.22136e-05-0j -0.00064221-0j -0.000648865-0j 0.00289212-0j 0.0108538-0j 0.0109663-0j -9.46065e-06-0j -0.000725454-0j -0.048879-0j -9.55869e-06-0j -0.00325732-0j -0.000423181-0j 4.26049e-05-0j 0.00206623-0j 0.0122607-0j 0.0550511-0j 0.00295237-0j 0.00715208-0j -1.06869e-05-0j -0.000299234-0j -0.0349208-0j 0.00121779-0j -4.79848e-05-0j -6.23405e-06-0j -0.0498973-0j 3.04384e-05-0j -0.000302335-0j 0.00505728-0j -0.0205816-0j 4.34925e-05-0j -0.00013661-0j -4.40814e-06-0j 0.00510969-0j 1.79397e-05-0j -3.01196e-05-0j -4.45382e-06-0j 0.0023088-0j 0.000509044-0j -2.01245e-06-0j -4.43703e-07-0j 
-0.0547602-0j -0.0207799-0j 0.0131818-0j -0.0188238-0j 0.0367197-0j 0.0023745-0j 0.00768495-0j 0.00219008-0j -0.00221145-0j -0.00184991-0j 0.00141939-0j 0.00529659-0j -0.146078-0j 0.000220537-0j 0.156076-0j -0.000235632-0j 0.379353-0j -0.085212-0j -0.383054-0j -0.00057272-0j 0.000128647-0j 0.000578307-0j 0.143954-0j -0.0527222-0j -0.0781011-0j -0.000217331-0j 7.95961e-05-0j 0.0922085-0j 0.000117911-0j -0.00013921-0j -0.254377-0j 0.00038404-0j -0.255218-0j 0.000385309-0j 0.00115138-0j -0.0194592-0j 1.69615e-05-0j -0.00121298-0j 0.0205003-0j -1.78689e-05-0j 0.000973298-0j -0.000982794-0j -0.00263698-0j -0.0164495-0j 0.01661-0j 1.4338e-05-0j 0.00315003-0j 0.044567-0j -1.44779e-05-0j -0.000707573-0j -0.00170903-0j -3.88464e-05-0j 0.000634772-0j -0.0532378-0j 0.0119585-0j -0.000906461-0j 0.0288838-0j 4.64043e-05-0j -0.000437788-0j -0.0107281-0j 0.00176824-0j -1.04235e-05-0j -2.51763e-05-0j 0.0153199-0j 9.35107e-06-0j 0.000411395-0j 0.00739895-0j -0.0298846-0j -1.33534e-05-0j 0.00217105-0j -6.44923e-06-0j -0.00695289-0j 2.60486e-05-0j 0.00126899-0j 6.06043e-06-0j -0.0366923-0j -0.0214469-0j 3.19825e-05-0j 1.8694e-05-0j 
-0.00782288-0j 0.00307512-0j -0.00554213-0j -0.00261413-0j 0.00110987-0j -0.0323279-0j 0.108383-0j 0.0289682-0j -0.030126-0j 0.0767842-0j 0.0209103-0j -0.00687672-0j 0.000218275-0j 0.140055-0j 0.000241587-0j 0.155013-0j 0.000550709-0j 0.000127327-0j -0.00057272-0j 0.353359-0j 0.0816988-0j -0.367482-0j -0.00021648-0j -0.000387171-0j 0.00012998-0j -0.138903-0j -0.248426-0j -0.000405744-0j 0.0834009-0j -0.260343-0j -7.81316e-05-0j -0.0501327-0j 2.09798e-05-0j 0.0134616-0j 0.000164483-0j -0.00277108-0j 0.03301-0j 0.000179503-0j -0.00302412-0j 0.0360243-0j -0.000135084-0j 0.000140483-0j -0.000376712-0j 0.00227579-0j -0.00236675-0j -0.02711-0j 0.000452886-0j 0.00634653-0j 0.0281935-0j 0.00010471-0j -0.000271925-0j -0.0756019-0j -0.000266882-0j -0.00762986-0j -0.00176407-0j -0.000125884-0j 0.00458117-0j 0.0908894-0j -0.000318398-0j 0.00449621-0j 5.34458e-05-0j 0.0210142-0j -0.0545723-0j 0.00212078-0j -0.0535603-0j -0.000192646-0j 0.00536411-0j -0.000900412-0j -0.0252635-0j -2.87349e-05-0j -0.0638989-0j 0.00324554-0j 0.010726-0j 6.52108e-06-0j -0.0386619-0j 0.000484102-0j -0.000109862-0j -0.00576677-0j 0.00130871-0j 
0.00175721-0j -0.0101135-0j 0.00125541-0j 0.00179382-0j 0.000739912-0j -0.0215519-0j -0.0243455-0j 0.0980623-0j 0.0990785-0j -0.0173932-0j -0.0143487-0j -0.00458448-0j 0.000145517-0j 0.0933701-0j 0.000161058-0j 0.103342-0j 0.000127327-0j 0.000571705-0j 0.000128647-0j 0.0816988-0j 0.366831-0j 0.0825454-0j -0.000732821-0j 5.25198e-05-0j -0.000427479-0j -0.47021-0j 0.033699-0j 9.19097e-05-0j -0.274289-0j 0.0589733-0j 5.3614e-05-0j 0.0344011-0j 1.39865e-05-0j 0.00897437-0j 0.000109655-0j -0.00184739-0j 0.0220066-0j 0.000119669-0j -0.00201608-0j 0.0240162-0j 9.26951e-05-0j 9.36557e-05-0j -0.000417441-0j -0.00156165-0j -0.00157783-0j 0.0186029-0j 0.00010471-0j 0.00703271-0j 0.0187957-0j 0.000470153-0j 6.1081e-05-0j -0.0837759-0j -0.000298234-0j -0.00176407-0j -0.00792075-0j -0.000426138-0j -0.00102904-0j 0.0210142-0j 4.31908e-05-0j 0.00502441-0j -0.000175773-0j 0.0943546-0j 0.0122583-0j 0.00717922-0j -0.0598524-0j 4.36383e-05-0j -0.000727643-0j 0.00296128-0j -0.0855212-0j 1.97179e-05-0j 0.00866791-0j -0.000735183-0j -0.0352757-0j 4.34739e-06-0j 0.00875774-0j -0.000332191-0j -7.32412e-05-0j 0.00395717-0j 0.000872473-0j 
0.00790395-0j 0.00299932-0j -0.00190263-0j 0.00271698-0j -0.00530003-0j 0.0326629-0j 0.105712-0j 0.030126-0j -0.0304199-0j -0.0254468-0j 0.0195246-0j 0.0728581-0j -0.000220537-0j -0.141506-0j 0.000235632-0j 0.151192-0j 0.00057272-0j -0.000128647-0j -0.000578307-0j 0.367482-0j -0.0825454-0j -0.371067-0j 0.000217331-0j -7.95961e-05-0j -0.000117911-0j 0.139449-0j -0.0510724-0j 0.00013921-0j -0.0756571-0j 0.089323-0j -0.00038404-0j -0.246417-0j -0.000385309-0j -0.247231-0j -0.000166188-0j 0.00279979-0j -0.033352-0j 0.000175079-0j -0.00294959-0j 0.0351364-0j -0.000140483-0j 0.000141854-0j 0.000380616-0j 0.00236675-0j -0.00238984-0j -0.0281935-0j -0.000454667-0j -0.0064123-0j 0.0284686-0j 0.000102129-0j 0.000246677-0j 0.0763854-0j -9.16214e-05-0j 0.00765986-0j -0.00172059-0j 0.000130836-0j -0.00415581-0j -0.0912467-0j 6.31893e-05-0j 0.00154356-0j -0.000255224-0j 0.0204962-0j 0.0495053-0j -0.00220423-0j -0.0183874-0j -5.93798e-05-0j -0.00106456-0j 0.0042998-0j 0.0262574-0j -0.000313364-0j 0.0126814-0j 0.00100038-0j -0.0512206-0j -0.000183163-0j -0.0119169-0j 0.0052793-0j 0.00308579-0j -0.0628887-0j -0.0367589-0j 
0.021305-0j -0.000846916-0j -0.0447965-0j 0.0203976-0j -0.0262912-0j 0.00274184-0j 5.36623e-05-0j 0.00483174-0j 0.00485073-0j -0.000112832-0j 0.00345478-0j -0.00228243-0j -0.168676-0j 0.000254655-0j -0.00323456-0j 4.88331e-06-0j 0.14339-0j 0.4854-0j 0.143954-0j -0.00021648-0j -0.000732821-0j -0.000217331-0j -0.00570002-0j 0.299193-0j -0.384801-0j 8.60548e-06-0j -0.000451699-0j -0.302681-0j 0.000580944-0j 0.000456965-0j -0.176948-0j 0.000267143-0j 0.0793771-0j -0.000119838-0j 0.0013295-0j -0.0224696-0j 1.95854e-05-0j 2.51382e-05-0j -0.000424854-0j 3.70321e-07-0j -0.00109187-0j -0.00109617-0j -0.00201763-0j 0.0184535-0j 0.018526-0j -1.60848e-05-0j -2.13697e-05-0j 0.0340995-0j -1.61481e-05-0j -7.23403e-05-0j -0.00144264-0j -2.97225e-05-0j 0.00424232-0j 0.000361165-0j 0.00122261-0j -0.00193169-0j 0.0243817-0j -3.14806e-07-0j -4.45894e-05-0j -0.0716984-0j 0.00248983-0j -1.06567e-06-0j -2.12521e-05-0j 0.032647-0j 6.24953e-05-0j 0.00303334-0j 0.000753595-0j -0.0420799-0j -2.84565e-05-0j 0.000908924-0j -6.56864e-07-0j -0.0512657-0j 3.66786e-05-0j -0.000309863-0j 4.46853e-05-0j -0.0153615-0j 0.00523692-0j 1.33897e-05-0j -4.56471e-06-0j 
0.00753247-0j 0.00878788-0j 0.0672275-0j -0.0377903-0j 0.00317171-0j 0.000969387-0j 0.00109504-0j -0.00439412-0j 0.000903361-0j 0.00977326-0j -0.00317184-0j 0.000206206-0j -0.059636-0j 9.0034e-05-0j -0.0660049-0j 9.96494e-05-0j 0.256451-0j -0.0347876-0j -0.0527222-0j -0.000387171-0j 5.25198e-05-0j 7.95961e-05-0j 0.299193-0j -0.15587-0j -0.0355124-0j -0.000451699-0j 0.000235321-0j -0.470548-0j 5.3614e-05-0j 0.000710398-0j 0.107984-0j -0.000163027-0j -0.00573198-0j 8.65372e-06-0j 0.00047005-0j -0.00794419-0j 6.92449e-06-0j 0.000512973-0j -0.00866963-0j 7.55681e-06-0j -0.0019528-0j 0.000401465-0j 0.000362727-0j 0.0330038-0j -0.00678506-0j -2.87675e-05-0j -0.00220592-0j -0.00613035-0j 5.91414e-06-0j 0.000299234-0j 0.00026183-0j 5.34347e-06-0j 0.00323735-0j 0.0372818-0j -0.00505728-0j -0.00181979-0j -0.00442512-0j -3.24963e-05-0j 0.00134075-0j -0.0547136-0j 0.000152734-0j 4.40814e-06-0j 3.85712e-06-0j 0.0307559-0j 4.76906e-05-0j 0.00233684-0j -0.0226597-0j -0.00258132-0j -2.68081e-05-0j -0.000415396-0j 1.97511e-05-0j -0.0394944-0j 2.24999e-06-0j 1.86355e-05-0j 3.44249e-05-0j 0.0070205-0j -0.000314955-0j -6.11936e-06-0j 2.74527e-07-0j 
-0.0124279-0j -0.0555465-0j -0.00887895-0j -0.0113908-0j -0.00626517-0j -0.00159941-0j 0.00351954-0j 0.0029011-0j 0.00263173-0j 0.00251448-0j -0.00409336-0j 0.00433317-0j 0.0983943-0j -0.000148549-0j -0.212145-0j 0.00032028-0j 0.086095-0j -0.28315-0j 0.0781011-0j -0.00012998-0j 0.000427479-0j -0.000117911-0j 0.384801-0j 0.0355124-0j -0.442948-0j -0.000580944-0j -5.3614e-05-0j 0.0557981-0j 0.000668731-0j -8.424e-05-0j 0.0434022-0j -6.55255e-05-0j -0.41281-0j 0.00062323-0j -0.000775542-0j 0.0131073-0j -1.14248e-05-0j 0.00164873-0j -0.0278648-0j 2.42881e-05-0j -0.00065559-0j -0.000594718-0j 0.00117695-0j 0.01108-0j 0.0100512-0j -9.65775e-06-0j 0.00144264-0j -0.0198914-0j -8.76103e-06-0j -0.00474457-0j -0.00166064-0j 1.73381e-05-0j 0.000840854-0j -0.0243817-0j 0.0801867-0j 0.00107874-0j 0.0280661-0j 2.12521e-05-0j 0.000595059-0j -0.0142111-0j 0.000593324-0j -6.98941e-05-0j -2.44636e-05-0j -0.0182314-0j 1.2387e-05-0j -0.00118642-0j -0.0100569-0j -0.0100276-0j 1.58913e-05-0j 0.00177614-0j 8.76605e-06-0j 0.0200514-0j 8.74049e-06-0j 0.00298976-0j -1.74776e-05-0j -0.0300182-0j -0.0505292-0j 2.61651e-05-0j 4.40433e-05-0j 
-0.00307512-0j 0.000122242-0j 0.00646582-0j -0.00294413-0j 0.0037948-0j 0.0377158-0j 0.00073816-0j 0.0664637-0j 0.0667251-0j -0.00155208-0j 0.0475228-0j -0.0313963-0j -0.000254655-0j -0.163398-0j -4.88331e-06-0j -0.00313334-0j 0.00021648-0j 0.000732821-0j 0.000217331-0j 0.138903-0j 0.47021-0j 0.139449-0j -8.60548e-06-0j 0.000451699-0j -0.000580944-0j -0.00552165-0j 0.28983-0j -0.000456965-0j -0.372759-0j -0.293209-0j -0.000267143-0j -0.171411-0j 0.000119838-0j 0.0768931-0j -0.000191897-0j 0.00323292-0j -0.0385116-0j -3.62839e-06-0j 6.11281e-05-0j -0.000728177-0j 0.000157598-0j 0.000158218-0j 0.00029122-0j -0.00265509-0j -0.00266553-0j 0.0316283-0j 3.08446e-06-0j -0.00490623-0j 0.0317526-0j 1.04414e-05-0j 0.000208227-0j 0.0584446-0j -0.000612327-0j -5.19644e-05-0j -0.000175909-0j 0.000278816-0j -0.00350804-0j 0.000619017-0j 6.43593e-06-0j 0.010316-0j -0.000359375-0j 0.00209548-0j 0.041789-0j -0.00469726-0j -0.122887-0j -0.000437824-0j -0.000108427-0j 0.00605446-0j 0.0559552-0j -0.000131192-0j 0.00129162-0j 0.00737611-0j -0.0721227-0j 4.47249e-05-0j -0.0878666-0j 0.00221021-0j -0.000753488-0j -0.0263288-0j 0.00897579-0j 
-0.00108722-0j -0.00126842-0j -0.00970346-0j 0.00545456-0j -0.000457797-0j 0.0133346-0j 0.015063-0j -0.0604441-0j 0.0124263-0j 0.134438-0j -0.0436308-0j 0.0028365-0j -9.0034e-05-0j -0.0577698-0j -9.96494e-05-0j -0.0639394-0j 0.000387171-0j -5.25198e-05-0j -7.95961e-05-0j 0.248426-0j -0.033699-0j -0.0510724-0j 0.000451699-0j -0.000235321-0j -5.3614e-05-0j 0.28983-0j -0.150992-0j -0.000710398-0j -0.0344011-0j -0.455823-0j 0.000163027-0j 0.104605-0j -8.65372e-06-0j -0.00555261-0j -6.78458e-05-0j 0.00114301-0j -0.0136159-0j -7.40413e-05-0j 0.00124739-0j -0.0148593-0j 0.000281863-0j -5.79465e-05-0j -5.23551e-05-0j -0.00474859-0j 0.000976235-0j 0.0565668-0j 0.000318398-0j 0.000882036-0j -0.0116292-0j -4.31908e-05-0j -3.77919e-05-0j -0.0105071-0j -0.000467271-0j -0.00536411-0j 0.000727643-0j 0.000262665-0j 0.000636687-0j 0.0638989-0j -0.000193521-0j 0.0078722-0j -2.20453e-05-0j -0.00866791-0j -0.00758442-0j -0.00442516-0j -0.0937762-0j -0.000337294-0j 0.00326028-0j 0.000371401-0j 0.0527139-0j 5.99572e-05-0j -0.0388375-0j 0.00568246-0j -0.00442425-0j -2.68981e-06-0j -0.0676912-0j -0.00101011-0j 4.53157e-05-0j 0.0120328-0j -0.000539815-0j 
-0.0131818-0j 0.0148459-0j -0.00836043-0j -0.0395794-0j -0.0262338-0j -0.00169643-0j 0.00184991-0j 0.00460492-0j 0.00157993-0j 0.00117329-0j 0.00298444-0j -0.00378407-0j 0.104363-0j -0.00015756-0j -0.111506-0j 0.000168344-0j -0.268753-0j 0.0608784-0j -0.0922085-0j 0.000405744-0j -9.19097e-05-0j 0.00013921-0j 0.302681-0j 0.470548-0j 0.0557981-0j -0.000456965-0j -0.000710398-0j -0.0584823-0j -8.424e-05-0j 8.82922e-05-0j -0.53486-0j 0.000807493-0j 0.182337-0j -0.000275278-0j -0.000822587-0j 0.0139023-0j -1.21179e-05-0j 0.000866596-0j -0.0146461-0j 1.27662e-05-0j 0.00204648-0j 0.000702142-0j -0.000634772-0j -0.0345871-0j -0.0118667-0j 3.01475e-05-0j -0.00223164-0j 0.0107281-0j 1.03435e-05-0j 0.000505514-0j -0.000411395-0j -9.35107e-06-0j -0.000402597-0j 0.0377164-0j -0.00854357-0j -0.00190595-0j 0.00695289-0j -3.28752e-05-0j 0.00390728-0j 0.0068042-0j -0.00126329-0j 7.44693e-06-0j -6.06043e-06-0j 0.032212-0j -5.93082e-06-0j -0.000260923-0j -0.0660359-0j 0.0213506-0j -2.80773e-05-0j 0.0045649-0j 5.75596e-05-0j 0.0044098-0j -1.861e-05-0j -0.000906613-0j -3.84376e-06-0j -0.0771503-0j 0.0153224-0j 6.72474e-05-0j -1.33557e-05-0j 
0.00179382-0j 0.00801744-0j 0.00128157-0j 0.00164413-0j 0.000904299-0j -0.0220009-0j 0.0484136-0j 0.0399066-0j 0.0362013-0j 0.0345883-0j -0.0563069-0j 0.0596056-0j 0.000148549-0j 0.0953153-0j -0.00032028-0j -0.205506-0j 0.00012998-0j -0.000427479-0j 0.000117911-0j 0.0834009-0j -0.274289-0j 0.0756571-0j 0.000580944-0j 5.3614e-05-0j -0.000668731-0j 0.372759-0j 0.0344011-0j 8.424e-05-0j -0.429087-0j 0.0540521-0j 6.55255e-05-0j 0.042044-0j -0.00062323-0j -0.399892-0j 0.00011194-0j -0.00188587-0j 0.0224651-0j -0.000237974-0j 0.00400919-0j -0.0477588-0j 9.46262e-05-0j 8.58402e-05-0j -0.000169878-0j -0.00159419-0j -0.00144617-0j 0.0189904-0j -0.000208227-0j 0.00286197-0j 0.0172272-0j 0.000684819-0j 0.000239693-0j -0.0340927-0j -0.000121367-0j 0.00350804-0j -0.0115373-0j -0.000155702-0j -0.00403815-0j -0.041789-0j -8.58894e-05-0j 0.00204469-0j -8.56389e-05-0j 0.137436-0j 0.0481037-0j 0.00262314-0j -0.024357-0j 0.000171245-0j 0.00144699-0j 0.00144277-0j -0.0312477-0j -0.000256364-0j -0.0172371-0j -0.00288499-0j -0.0171868-0j -0.000431535-0j 0.034367-0j 0.00431902-0j 0.00727014-0j -0.0514495-0j -0.0866043-0j 
0.00190263-0j -0.00214282-0j 0.00120672-0j 0.00571279-0j 0.00378652-0j -0.0233355-0j 0.0254468-0j 0.0633437-0j 0.021733-0j 0.0161394-0j 0.041053-0j -0.0520523-0j 0.00015756-0j 0.101097-0j -0.000168344-0j -0.108017-0j -0.000405744-0j 9.19097e-05-0j -0.00013921-0j -0.260343-0j 0.0589733-0j -0.089323-0j 0.000456965-0j 0.000710398-0j 8.424e-05-0j 0.293209-0j 0.455823-0j -8.82922e-05-0j 0.0540521-0j -0.0566522-0j -0.000807493-0j -0.518123-0j 0.000275278-0j 0.176631-0j 0.00011873-0j -0.00200027-0j 0.0238279-0j -0.000125082-0j 0.00210729-0j -0.0251027-0j -0.000295384-0j -0.000101345-0j 9.16214e-05-0j 0.00497639-0j 0.00170739-0j -0.0592804-0j 0.00032211-0j -0.00154356-0j -0.0203389-0j -7.29647e-05-0j 5.93798e-05-0j 0.0183874-0j 5.81099e-05-0j -0.00542664-0j 0.00122925-0j 0.0002751-0j -0.00100038-0j 0.0646439-0j -0.000563967-0j -0.000978988-0j 0.00018234-0j -0.0146432-0j 0.0119169-0j -0.00463466-0j 0.011662-0j 3.7661e-05-0j 0.00950125-0j -0.00307192-0j 0.0552096-0j -0.000658887-0j -0.113182-0j -0.000634482-0j 0.0365937-0j 0.000130858-0j 0.00755815-0j 0.0111004-0j -0.00220459-0j -0.132231-0j 0.0262618-0j 
0.00768939-0j -0.0262912-0j -0.0161679-0j -0.036044-0j -0.0450466-0j 0.000989583-0j -0.00327609-0j -0.00088674-0j 0.00435859-0j 0.00688839-0j -0.000766325-0j -0.00391927-0j -0.0608784-0j 9.19097e-05-0j 0.19747-0j -0.000298126-0j 0.0517521-0j -0.0355124-0j -0.254377-0j -7.81316e-05-0j 5.3614e-05-0j 0.00038404-0j -0.176948-0j 0.107984-0j -0.0434022-0j 0.000267143-0j -0.000163027-0j 0.53486-0j 6.55255e-05-0j -0.000807493-0j -0.303178-0j 0.000457717-0j -0.18399-0j 0.000277774-0j 0.000479842-0j -0.0081097-0j 7.06875e-06-0j -0.00153469-0j 0.0259374-0j -2.26081e-05-0j -0.000394078-0j 0.00193701-0j 0.000370284-0j 0.00666022-0j -0.0327369-0j -5.80532e-06-0j 0.00130462-0j -0.00625807-0j 2.85349e-05-0j -0.000895235-0j 0.000320001-0j 5.45479e-06-0j -0.000778568-0j -0.0220491-0j 0.0151301-0j -0.00173571-0j -0.00540826-0j 1.92189e-05-0j 0.00272219-0j 0.0131584-0j -0.00216922-0j -1.31881e-05-0j 4.71406e-06-0j 0.0293347-0j -1.14694e-05-0j -0.000672843-0j -0.046007-0j 0.0366615-0j -2.55694e-05-0j 0.00156076-0j 4.01016e-05-0j 0.0113715-0j -3.19557e-05-0j 0.00386218-0j -9.91191e-06-0j -0.026378-0j -0.0652737-0j 2.29921e-05-0j 5.68952e-05-0j 
-0.00110987-0j 0.0037948-0j 0.00233364-0j 0.00520251-0j 0.00650191-0j 0.0136124-0j -0.0450648-0j -0.0121977-0j 0.0599553-0j 0.0947544-0j -0.0105413-0j -0.0539122-0j -9.19097e-05-0j -0.0589733-0j 0.000298126-0j 0.191291-0j 7.81316e-05-0j -5.3614e-05-0j -0.00038404-0j 0.0501327-0j -0.0344011-0j -0.246417-0j -0.000267143-0j 0.000163027-0j -6.55255e-05-0j -0.171411-0j 0.104605-0j 0.000807493-0j -0.042044-0j 0.518123-0j -0.000457717-0j -0.293691-0j -0.000277774-0j -0.178232-0j -6.92593e-05-0j 0.00116682-0j -0.0138996-0j 0.000221513-0j -0.00373187-0j 0.0444553-0j 5.68803e-05-0j -0.000279583-0j -5.34458e-05-0j -0.000958273-0j 0.00471019-0j 0.0114153-0j -0.000188306-0j 0.000900412-0j -0.0561093-0j 0.000129216-0j -4.61882e-05-0j -0.010726-0j 0.000112377-0j 0.00317243-0j -0.00217693-0j 0.000250527-0j 0.00077814-0j -0.037791-0j -0.000392914-0j -0.00189323-0j 0.0003131-0j 0.0259323-0j -0.00926946-0j -0.00422068-0j 0.0225528-0j 9.71165e-05-0j 0.00661949-0j -0.00527486-0j 0.0502781-0j -0.000225276-0j -0.0788535-0j -0.00163614-0j 0.0628358-0j -0.000557457-0j 0.0194902-0j 0.00379527-0j 0.00939158-0j -0.0452105-0j -0.111876-0j 
-0.00200597-0j 0.0114582-0j -0.00143313-0j -0.0372228-0j -0.0265592-0j -0.000258157-0j 0.00142778-0j -0.000238106-0j -0.00437299-0j 0.00102006-0j 0.00750229-0j -0.00775506-0j 0.0158816-0j -2.39769e-05-0j -0.0860614-0j 0.000129929-0j 0.0138964-0j 0.00926428-0j 0.255218-0j -2.09798e-05-0j -1.39865e-05-0j -0.000385309-0j -0.0793771-0j 0.00573198-0j -0.41281-0j 0.000119838-0j -8.65372e-06-0j 0.182337-0j 0.00062323-0j -0.000275278-0j 0.18399-0j -0.000277774-0j -0.232098-0j 0.000350405-0j -0.000125179-0j 0.00211561-0j -1.84406e-06-0j 0.000668847-0j -0.011304-0j 9.85304e-06-0j -0.000105817-0j -0.00194341-0j -9.65976e-05-0j 0.00178839-0j 0.0328451-0j -1.55884e-06-0j 0.000585241-0j 0.00163257-0j -2.86292e-05-0j 0.000390161-0j 0.00304361-0j -1.42302e-06-0j -6.90126e-05-0j -0.00989101-0j -0.00659401-0j -0.00179247-0j -0.0514393-0j 8.62141e-06-0j 0.0002414-0j 0.00116637-0j -0.00127896-0j 5.74761e-06-0j 4.48367e-05-0j 0.0302941-0j -1.01665e-06-0j 0.00217446-0j -0.00407983-0j 0.0216154-0j -2.64056e-05-0j -0.00317876-0j 3.55615e-06-0j -0.03675-0j -1.88409e-05-0j 0.00488684-0j 3.20329e-05-0j 0.0537235-0j -0.0825913-0j -4.68276e-05-0j 7.199e-05-0j 
0.000289536-0j -0.00165385-0j 0.000206855-0j 0.00537266-0j 0.00383349-0j -0.00355112-0j 0.0196401-0j -0.00327531-0j -0.0601535-0j 0.0140316-0j 0.103199-0j -0.106676-0j 2.39769e-05-0j 0.0153846-0j -0.000129929-0j -0.0833683-0j 2.09798e-05-0j 1.39865e-05-0j 0.000385309-0j 0.0134616-0j 0.00897437-0j 0.247231-0j -0.000119838-0j 8.65372e-06-0j -0.00062323-0j -0.0768931-0j 0.00555261-0j 0.000275278-0j -0.399892-0j 0.176631-0j 0.000277774-0j 0.178232-0j -0.000350405-0j -0.224835-0j 1.8068e-05-0j -0.000304395-0j 0.00362605-0j -9.65397e-05-0j 0.00162642-0j -0.0193745-0j 1.52734e-05-0j 0.000280508-0j 1.39427e-05-0j -0.000257314-0j -0.00472576-0j 0.00306521-0j -8.44723e-05-0j -0.000234895-0j 0.0562948-0j -5.63148e-05-0j -0.000439308-0j 0.00279814-0j 9.96112e-06-0j 0.00142312-0j 0.000948746-0j 0.000258721-0j 0.0074011-0j -0.0169527-0j -3.4843e-05-0j -0.000167817-0j 0.000184602-0j -0.0113018-0j -0.0881643-0j -0.00435872-0j 0.00199909-0j -0.000313857-0j 0.000587007-0j -0.00311002-0j 0.0519224-0j 0.000458815-0j -0.00699261-0j 0.0052876-0j 0.0370476-0j -0.000705355-0j -0.0629876-0j -0.00772974-0j 0.0118832-0j 0.0920792-0j -0.141557-0j 
0.0157269-0j 0.0183481-0j 0.0112359-0j 0.0160546-0j 0.00662217-0j 0.00202397-0j 0.00228632-0j 0.00186677-0j 0.00188611-0j 0.00163342-0j 0.00134751-0j 0.000430535-0j 0.00130237-0j 0.000187981-0j 0.00144146-0j 0.000208057-0j 0.00113957-0j 0.000759715-0j 0.00115138-0j 0.000164483-0j 0.000109655-0j 0.000166188-0j 0.0013295-0j 0.00047005-0j 0.000775542-0j 0.000191897-0j 6.78458e-05-0j 0.000822587-0j 0.00011194-0j 0.00011873-0j 0.000479842-0j 6.92593e-05-0j 0.000125179-0j 1.8068e-05-0j 0.851441-0j -0.00104261-0j -8.68842e-05-0j -0.154618-0j 0.000189333-0j 1.57778e-05-0j -0.119766-0j -0.121007-0j -0.109331-0j 0.000146657-0j 0.000148177-0j 1.22214e-05-0j -0.13529-0j 0.000133879-0j 1.2348e-05-0j -0.0901936-0j -0.0789194-0j 1.11566e-05-0j -0.07811-0j 0.000165666-0j 0.000110444-0j -0.111609-0j 9.66387e-05-0j 1.38055e-05-0j -0.0558045-0j 9.56475e-05-0j -0.0460363-0j 9.20369e-06-0j 8.05323e-06-0j 0.000136668-0j 7.97063e-06-0j -0.0563828-0j 6.83339e-05-0j 5.63726e-05-0j 1.1389e-05-0j -0.0254764-0j 5.69449e-06-0j 6.9042e-05-0j 4.69772e-06-0j -0.00561703-0j 5.7535e-06-0j 3.11965e-05-0j 6.87818e-06-0j 2.59971e-06-0j 5.73182e-07-0j 
