-0.0597182-1.52656e-16j -0.00172753-0.00202107j -0.0264591+0.00260326j -0.209406+0.00722619j 0.0245347-0.00784828j -0.0596524+0.00413973j 0.0269533+0.00084141j 0.000328459+0.00745598j 0.036829-0.00766177j 0.0341877+0.00166821j -0.0326086+0.00181223j -0.00471429-0.00369962j 0.0766739-0.0038711j 0.0510483-0.0064199j -0.0379995+0.00103241j 0.0500103+0.00238815j -0.0408248+0.00727948j 0.0892035-0.00579807j -0.0810676-0.010658j -0.0749121+0.00883354j 0.00741134-0.00662931j -0.0297771-0.00338135j -0.045052+0.00659309j 0.00347529+0.00692979j -0.0329282-0.000191327j -0.00588134-0.00145396j 0.00854276+0.00238744j 0.00524077+0.00431679j -0.0229771-0.00105553j -0.00514978+0.000124338j 0.0194635-0.00224751j -0.00312885-0.00479211j -0.0293455-0.00994973j -0.0277466-0.0249141j 0.0106429+0.00287409j -0.0261876+0.00351961j -0.0187138-0.0122735j -0.0324792-0.0215364j 0.00532934-0.00868867j -0.0405225+0.0265013j 0.00544595+0.00410468j 0.0304613+0.0497144j -0.00855751-0.00626617j -7.85333e-05-0.0101363j -0.0135547-0.00519399j 0.00803967+0.00351343j -0.00948577+0.0112309j 0.0135466-0.010555j -0.00659807+0.0238166j -0.0428015-0.0122014j -0.00428596-0.0175291j -0.0196641+0.0428491j -0.00718856+0.0477769j -0.0107042-0.0354408j 0.0234725+0.00502192j -0.0481365+0.028705j -0.00946626-0.0744869j 0.0180487-0.0207335j 0.0200196+0.00574846j 0.0180506+0.0258195j 0.0207725-0.0246274j -0.0180264-0.0275429j 0.0205097-0.00832029j 0.00572503+0.00525546j -0.0131969-0.0147423j -0.0162172+0.0236483j -0.00882638+0.00998178j -0.00940996+0.0220233j -0.0174532-0.00952665j -0.00172627+0.00530054j 0.00304014+0.00130067j 0.0154103+0.0174002j -0.00054943+0.00295912j -0.0103549-0.0187887j -0.0109467+0.00441905j 0.00691923+0.0368435j 0.00939745+0.00867999j 0.00520039-0.00443433j -0.008365-0.00306865j 0.0339092-0.00879876j 0.0245962+0.0156789j -0.016087-0.00157919j 0.0153673-0.0221357j -0.0317341+0.0136486j 0.0107206-0.0296051j 0.0302464-0.20446j 0.0486863+0.111881j 0.00218925-0.0100355j 0.0289341+0.0091771j 0.12944+0.0209434j -0.106493+0.249773j 0.0629177+0.15578j -0.0705926+0.0490141j 0.168709+0.0470947j 0.296297+0.0548547j 
-0.00172753+0.00202107j 0.0456729+4.16334e-17j -0.118345+0.00111464j -0.0307083-0.00660609j 0.0164432-0.00717561j -0.0246119-0.00397841j -0.0261363+0.00642669j 0.0418698-0.00688134j -0.0308613+0.0016302j 0.00331568-0.000742806j -0.0208733+0.00246791j 0.00414693-0.00303158j 0.00975399+0.00683752j -0.00248014+0.00145128j -0.0123399+0.00342355j -0.0409572+0.0138788j 0.00553028-0.00490874j 0.131118+0.00388767j 0.166225-0.0110808j 0.0364531+0.00500466j 0.00814866-0.00218767j 0.0349253-0.00536495j -0.00144923-0.00254446j 0.0155857-0.00813626j -0.0146876+8.2865e-05j -0.00546756-0.000298259j -0.0102551+0.00471895j -0.00344673+0.000503576j -0.0321009+0.00230117j -0.00553721-0.00207628j 0.0144528+0.0171262j 0.0148597-0.00194045j 0.0253427-0.0326119j 0.0420746+0.0161365j 0.032229+0.0263492j -0.0480275-0.012947j -0.0205789-0.00353779j 0.00224552-0.023686j 0.0136301-0.00353305j -0.0295067-0.00539546j -0.0107173+0.00165782j -0.0208456+0.0370978j 0.00567913-0.00627387j -0.0137837-0.00158915j 0.00837616-0.00807002j 0.00307543+0.00756794j -0.0106199-0.00687181j 0.0140251+0.0182217j -0.0252458+0.00863456j -0.00159189-0.0232383j -0.00608088-0.0139795j -0.00789253-0.015008j -0.0145663-0.0162232j 0.0206092+0.0182714j -0.0224789+0.0267173j -0.00197508-0.00646805j 0.019315-0.0018187j 0.00638741+0.0517671j -0.0232397+0.0660895j -0.00890095+0.0390562j 0.0137149+0.0377571j 0.0138721+0.00167105j 0.0248985+0.0150243j -0.0309274+0.00426984j 0.00242458-0.0124476j -0.00693881-0.0332549j 0.00676694+0.00201946j -0.00859055-0.0234184j 0.00707244-0.021746j 0.00134078+0.00929171j 0.0297856-0.0291027j -0.0179974+0.00990945j -0.013076+0.0247917j 0.0162704-0.00351176j 0.00191399+0.0030025j -0.0283628+0.00768748j 0.0085136-0.0140244j 0.00331103-0.0295405j 0.011798-0.00954074j -0.0174159+0.032674j -0.00629875+0.0359251j -0.00999445-0.0444597j 0.00842708+0.0251098j -0.00271512-0.0280357j 0.0249517+0.00102679j 0.125193-0.00534705j -0.0700094+0.0842304j -0.00548515-0.0092922j -0.0100088+0.0275867j -0.0269855+0.298736j -0.0817525-0.165547j -0.11121+0.153429j -0.080066-0.00920414j -0.311551-0.056161j 0.160181+0.0479709j 
-0.0264591-0.00260326j -0.118345-0.00111464j 0.244656-1.55084e-15j -0.801844+0.00214379j -0.165373-0.00140738j -0.069011+0.00484115j -0.0189515+0.00322151j 0.0382026+0.00266872j -0.0198774+0.00625311j 0.0532691+0.00129106j -0.00215111-0.00384105j -0.0186921-3.28856e-05j 0.148349-0.00718564j 0.0626573-0.00150158j 0.0315541+0.000103547j 0.19929+0.00271074j 0.056714-0.00632882j 0.0129255+0.00068839j 0.070942-0.0044154j -0.0183252+0.00299597j 0.00703168+0.0128794j 0.0274662-0.00518813j -0.0133296-0.00762621j -0.0172208-0.0032095j -0.00613335+0.00877932j 0.00542298-0.00627345j 0.0106495+0.00170813j -0.0065984+0.00334468j -0.0111079-6.45649e-05j -0.000613695+0.00429187j -0.0201245+0.0010626j -0.00136627-0.00383387j 0.00755339+0.0132235j -0.038389+0.00256706j 0.0191254-0.00108079j 0.0241772+0.00491589j 0.0241292+0.00785739j 0.0278958+0.00869895j -0.0168636+0.0305608j 0.00363869-0.0183316j -0.00520021-0.0252949j 0.0154222-0.00295755j -0.044758+0.00491341j -0.000423172+0.0172049j -0.0590175-0.00820245j 0.00693343+0.014862j -0.00805008-0.0133973j -0.0135164+0.00169426j 0.0100909+0.00183726j 0.0164644-0.0067169j -0.0189628-0.00522105j -0.0261215+0.0203603j 0.00929728-0.00562104j 0.00371066+0.0115682j -0.0346046-0.0270524j 0.0129426-0.0034703j 0.0120933+0.0210653j -0.00385283-0.00778755j 0.00798329+0.0134725j 2.15954e-05+0.0023047j 0.00456191-0.0285255j 0.00196043-0.0264613j 0.00619124-0.015432j -0.0020392+0.0276689j -0.00661837+0.0158872j -0.00114088+0.0185186j -0.00576201-0.00258978j -0.0217043+0.00760519j -0.00448796+0.00175075j -0.0031612-0.014436j -0.00163973-0.0145331j -0.00325883+0.0113127j -0.0010378-0.0119738j 0.00140417-0.0104718j 0.0196328-0.00524145j 0.00433882-0.00496414j -0.00252178-0.00539127j 0.0119524-0.0157671j -0.0026171+0.0194865j -0.00173028+0.00329577j 0.0297719+0.00198495j -0.0123215+0.0521465j -0.00324993-0.0322898j 0.00665093-0.0216654j 0.00605805+0.0157453j -0.022139+0.00792362j -0.0226117-0.000571875j 0.0025702+0.0223938j -0.00488688+0.0106027j -0.0479889-0.0197546j 0.0182571-0.131808j 0.0100619-0.0391774j -0.0147861-0.0359999j -0.0826476+0.00563383j -0.122748-0.029291j 
-0.209406-0.00722619j -0.0307083+0.00660609j -0.801844-0.00214379j -0.214083-8.49147e-16j 0.22612-0.0191027j -0.180787+0.00030245j 0.012071+0.00139047j -0.153241-0.000536465j -0.141359+0.0038714j 0.0882809+0.00536806j -0.0615259-0.00806896j 0.00272456+0.000400551j 0.00255513-0.00831188j -0.0306203-0.0047739j 0.0591716+0.000769059j -0.00722357+0.0016351j 0.0560645+0.00178394j 0.0579731+0.00701389j 0.0332491-0.00465301j 0.0491897+0.00326686j 0.031781-0.00599232j -0.016155+0.000552983j -0.0803086-0.00468677j 0.00412869+0.0150017j -0.00271443-0.00198518j 0.00232712+0.0159541j 0.00422531-0.00240293j -0.0270986-0.0010682j -0.0294077-0.00402683j -0.00447659-0.00344664j 0.0178154+0.00293164j -0.0351406+0.00299473j -0.0616032+0.0130453j -0.0716732-0.00604734j 0.036257-0.0116581j -0.0295221+0.00503104j -0.0234742+0.0185464j 0.0274636+0.00987187j -0.010075-0.0343989j 0.02337-0.00584632j -0.00192438-0.0209203j -0.0273108+0.00147886j 0.0278608+0.0151996j 0.00759715-0.01415j -0.0289312-0.00356885j 0.0287035-0.00413722j 0.03072-0.0212121j 0.0261504+0.0106211j 0.0021353+0.000489382j 0.0134365+1.87978e-05j -0.0116411-0.03082j 0.0026253-0.0132625j 0.00426897+0.0105308j -0.00225115-0.000717351j -0.00854963+0.0264985j 0.00117185+0.0159193j 0.00499162+0.0293501j -0.00997234+0.00142773j 0.00914857-0.000306195j -0.0104447+0.0032395j -0.00148398+0.00120868j 0.00590003+0.00647711j 0.00461741-0.00331492j -0.00770768+0.0136094j 0.00278254-0.0142143j -0.00552741-0.00180642j 0.0020597-0.0293678j -0.00490349+0.00795416j -0.0122811+0.000363235j 0.010738+0.0139927j 0.00740969-0.0167954j 0.00506808-0.00881708j -0.00618999-0.0049767j 0.0056211-0.0128752j 0.0130082+0.00267232j 0.0120419+0.0146739j 0.0168547-0.0106189j -0.011389-0.00119711j -0.00732382-0.00075905j -0.0151247+0.00892586j -0.00243357+0.0213562j -0.0325169+0.000220844j 0.00125498+0.00366868j -0.00387543+0.0126072j 0.00565366+0.00833267j -0.000403549+0.00313086j -0.0100179-0.0498903j -0.00815171+0.00826856j -0.00480025-0.00543524j 0.00452925-0.0746794j 0.028517-0.0185897j 0.0175449-0.0474709j 0.0182602-0.0468584j 0.0486557+0.0328164j -0.109728-0.00669789j 
0.0245347+0.00784828j 0.0164432+0.00717561j -0.165373+0.00140738j 0.22612+0.0191027j 0.0237112-4.57967e-16j 0.101641-0.00389808j 0.0426929-0.00343729j -0.00709182+0.00105207j -0.00318889+0.00658574j -0.00210597-0.00622438j -0.0152741+0.00336698j 0.0163317+0.00107983j -0.0952948-0.00435991j -0.0333454+0.000452545j 0.0712277-0.00287505j 0.134961-0.0075386j 0.0948909-0.00472546j -0.0319054-0.0107821j 0.188711-0.00949468j 0.0189085+0.00701625j -0.0271141+0.00137109j 0.0168616-0.00202547j 0.0540854-0.00307005j 0.0151518+0.000613602j 0.00637541-0.0032333j 9.15772e-05+0.00366475j 0.00162376-0.00561501j 0.0334367-0.00155559j 0.00288884+0.0108228j 0.00290921-0.000334991j -0.0247771+0.000888992j 0.0164136+0.000184445j 0.0371728+0.00179983j 0.0258616+0.00437504j 0.0206268+0.00071673j 0.00708814-0.0086781j 0.0115818+0.00787197j 0.0708119-0.00482389j -0.000257922-0.0114473j -0.00776292-0.00518931j -0.0561748+0.0218586j -0.0214097+0.00589472j 0.0132828-0.000971445j -0.0119452-0.00454189j 0.0133558-0.0394745j 0.0118434+0.0163433j -0.0180624+0.0154749j 0.0307501+0.00608772j -0.0155941+0.000206247j -0.00662191-0.00680974j -0.0281005-0.0140446j 0.0108406+0.0169998j 0.00188619+0.0222051j -0.00278683-0.0325599j 0.0319049+0.00491922j -0.0134334+0.0149608j -0.0269548-0.0218048j 0.0352344-0.105794j 0.0206811-0.0413618j 0.0500308-0.0142252j -0.00611267-0.0403159j -0.0413851-0.0161242j -0.030624-0.0238937j 0.0467939-0.00179363j -0.00483099-0.00414804j -0.00363198+0.0550837j -0.0198133-0.0163165j 0.0277007+0.0519111j -0.0144307+0.0108472j -0.0217496-0.00871608j -0.0359646+0.0165148j 0.0145206+0.00533582j 0.00210543-0.0239332j -0.0299432-0.00851715j 0.0153274-0.0207249j 0.0106959-0.00899611j -0.00623085+0.00555833j -0.00877944-0.00100896j -0.0149568+0.0511626j 0.0253143-0.0612332j 0.0496625-0.0819546j 0.0185619+0.109759j -0.0150112-0.0837394j -0.0094986+0.0237491j 0.0382847+0.0058448j -0.078423-0.0339479j 0.0216413+0.0542371j 0.0460706+0.0143944j 0.0347406+0.0179217j -0.137367+0.0593444j -0.0777324-0.0801865j 0.0642582+0.00679116j -0.0843956-0.0383196j -0.048693-0.0594575j 0.0168581+0.0243674j 
-0.0596524-0.00413973j -0.0246119+0.00397841j -0.069011-0.00484115j -0.180787-0.00030245j 0.101641+0.00389808j 0.0813129-1.44329e-15j -0.107159+0.00283768j -0.114881+0.00321224j 0.120984+0.00326671j -0.00453971-0.00149315j -0.0171575-0.00276459j 0.106102+0.00235584j -0.142321+0.000253947j 0.0718977+0.00502962j 0.0224313-0.00433838j 0.103424-0.00797817j -0.335884+0.000275143j 0.149699+0.000540412j 0.0471407+0.0108274j -0.0554828+0.00995599j -0.0371141+0.00608531j -0.0963767+0.0028921j 0.00952133-0.00122573j 0.0895655+0.00980488j -0.107569+0.00392869j -0.0277458+0.00393954j -0.0119928-0.000334624j 0.0409962-0.0076451j -0.0874243+0.0143384j -0.0240298+0.00694746j -0.0421452+0.00129762j -0.00852434+0.00920343j 0.000398588+0.0138883j -0.0123679+0.00419427j 0.00437458+6.45486e-05j -0.0754053+0.0035626j 0.0291876+0.007266j -0.0392257-0.00565372j 0.0269914-0.00237418j -0.00573272-0.00711177j 0.0656573-0.0129818j 0.0260626-0.0324854j -0.0493093-0.0249214j -0.0135521+0.0284599j -0.0295822+0.0430352j -0.0355588+0.0119638j 0.0068853+0.0192911j -0.00910363+0.0266658j 0.0223615-0.0277976j 0.0221186+0.0201369j -0.0525191+0.0099412j 0.0349533-0.0435661j 0.0361495-0.00020144j -0.0143205+0.00842169j -0.00499586-0.00964312j 0.0010578-0.0332477j -0.0453383+0.0218574j -0.00974834-0.0418127j -0.0066511-0.0580819j -0.0191981-0.0347402j -0.0493856-0.027841j -0.018867-0.0129587j -0.0377967+0.0173191j -0.00178354-0.00403486j 0.0117908-0.00761935j 0.0399897+0.000817703j -0.00942075-0.0257311j 0.0192625+0.00696866j -0.0132+0.00973777j -0.00080024-0.0159855j -0.0256789+0.0312837j 0.00139509-0.00870764j -0.00811612-0.00868501j -0.0255767-0.00248686j 0.00531882-0.0276399j 0.00884197-0.0426415j 0.00665533+0.0608922j -0.0135443+0.0965943j 0.0125369-0.0439991j -0.0239582+0.0360892j 0.0254753-0.0700757j 0.0635265-0.0421796j 0.0323015+0.0230553j -0.0575793-0.0268525j -0.0967471-0.0548439j 0.00277441+0.0946023j 0.0368601+0.0138219j 0.0131256-0.00748982j -0.00164071+0.0137696j -0.0126522+0.0066255j -0.0794921+0.0107353j -0.0636045+0.0847993j 0.143637+0.0825342j -0.0296715+0.047367j 0.031173+0.0276369j 
0.0269533-0.00084141j -0.0261363-0.00642669j -0.0189515-0.00322151j 0.012071-0.00139047j 0.0426929+0.00343729j -0.107159-0.00283768j -0.0401586+3.46945e-15j -0.0322267-0.00301432j -0.162542-0.00239772j -0.0317409-0.00484614j 0.1114+0.00358085j 0.112204-0.00275602j -0.184433+0.00424657j 0.196461+0.000467378j 0.213996-0.00174224j 0.351472-0.00377969j 0.161871-0.00437283j -0.0270603+0.00185568j -0.391255+0.00187831j -0.170063-0.00457971j 0.107582-0.00738651j -0.1172+0.00179413j -0.0177616-0.00485921j 0.0196126-0.00868819j 0.00450785-0.00134366j -0.00381825+0.000956705j 0.0269883-0.00219687j 0.0848628-0.00237221j 0.100227+0.00330903j 0.00179256-0.00520854j -0.0384033+0.0134147j 0.0700374-0.00232206j 0.0115176-0.00838933j -0.00751645+0.0279126j -0.0274951+0.000234596j 0.00366559+0.00400132j 0.044162-0.00204584j -0.0595666-0.0123756j -0.0210253-0.0041219j -0.0148872+0.0110386j -1.77785e-05+0.0171121j 0.0102082-0.00994761j 0.0180328+0.0359289j 0.0273522-0.00827986j 0.000603324-0.00156194j 0.0245231-0.0139977j 0.0342414-0.0268553j -0.00424142-0.0321455j 0.00577258-0.00457459j -0.00938559-0.0123101j 0.0260222+0.0191761j -0.035896+0.0034796j -0.0101945-0.0215299j 0.00855456+0.00494598j -0.024627+0.0199509j 0.0169098+0.016816j -0.00585234+0.0134325j -0.0213822+0.0185689j -0.0112869-0.00510214j -0.0141083-0.00192548j -0.00463998-0.0155003j 0.0284948-0.00181679j -0.0150141-0.0180653j 0.0151618-0.00366744j 0.0227983-0.0182551j 0.0359572-0.021957j 0.0126075-0.0356534j 0.0304725+0.0110953j -0.00771427+0.00748381j 0.0145236+0.00654967j 0.0199157-0.0434396j -0.000532119+0.0192353j 0.00984116+0.0247234j 0.00182345-0.000671995j -0.0319476+0.00226057j -0.0189319+0.0141686j -0.0228191-0.0112002j 0.0300231-0.0299396j 0.0173995-0.0121527j 0.0517018-0.00635984j 0.00466956-0.0764547j 0.0163134-0.0430065j 0.00290619+0.0106718j 0.0467242+0.0125743j 0.0236712-0.00169173j 0.00382638+0.0415192j 0.0714006+0.0476674j 0.0102078-0.00705477j -0.00868846+0.0180926j 0.00240397+0.0458066j -0.0124471-0.0249458j -0.03002+0.0360768j 0.0317382+0.0750011j -0.10557-0.00853056j 0.0536196-0.0420934j 
0.000328459-0.00745598j 0.0418698+0.00688134j 0.0382026-0.00266872j -0.153241+0.000536465j -0.00709182-0.00105207j -0.114881-0.00321224j -0.0322267+0.00301432j 0.154321-2.35402e-15j -0.0571092-0.00530861j -0.0422717-0.00194301j 0.0423277-0.000102256j 0.0696793-0.00453348j -0.126416+0.00540248j 0.164636-0.00291144j -0.150351-0.00234995j -0.37068-0.00440383j 0.0911755-0.00211748j 0.109316+0.00167375j 0.283785+0.00482521j 0.351255-0.000825688j 0.0553199-0.00121295j 0.113092-0.00909546j -0.0215377+0.00897279j 0.0027895+0.0046428j 0.0069619+0.00281681j 0.0046667-0.00410451j -0.0221465+0.00346377j 0.00964164-0.00185748j -0.0559458-0.000139388j -0.0123734+0.00185521j 0.0205636-0.00112057j 0.00256703-0.0015741j 0.0464692-0.0118392j 0.0789933-0.00361508j 0.00961948-0.00882409j -0.0664+0.0103345j -0.051588-0.00831375j 0.0149321-0.00422308j -0.0203062+0.0188506j -0.0150082+0.00617756j -0.00779535+0.000462074j 0.0231642-0.0124612j -0.00252887+0.0353976j 0.0287544-0.00599917j -0.0124296-0.0125879j 0.0226311-0.0139195j -0.00432283-0.0341087j -0.00972276-0.0299193j 0.0153126-0.00279218j -0.00193045-0.0257893j 0.0331314+0.0189269j -0.0245786+0.0300659j -0.0188266-0.0166733j 0.0328156-0.0118411j -0.00669036-0.000896894j 0.0164508+0.0155684j -0.00816593+0.00417492j 0.0124283-0.0114563j 0.000353561-0.0700572j -0.0277121-0.0414151j 0.00150405-0.0205324j 0.0207103-0.00308296j -0.0250238+0.0154176j 0.00234191-0.0463628j 0.00499555-0.0159349j 0.0477457-0.00777069j -0.0455684-0.00624923j 0.0371111+0.0191513j -0.00899395+0.0148167j -0.0370877+0.00785981j -0.00656941-0.00562397j 0.00924614+0.0158667j -0.0182759+0.0173626j -0.0238644-0.0127979j 0.0249722+0.002188j -0.0151746+0.0295027j 0.00887275+0.025667j -0.0302359-0.00524726j -0.00299551-0.0116459j -0.026316-0.0306848j -0.0378055-0.0502886j 0.0302313-0.042549j 0.00986821+0.0139025j -0.012171-0.00798169j 0.0495786+0.0456901j 0.00248057+0.0310725j 0.0317393-0.0382224j 0.0111667-0.0111753j 0.0105567+0.0118559j -0.00960107-0.0286001j -0.0541863+0.0765726j -0.0318244+0.0448773j 0.0890914-0.0101089j 0.119216+0.0203288j 0.0253634+0.0907884j 
0.036829+0.00766177j -0.0308613-0.0016302j -0.0198774-0.00625311j -0.141359-0.0038714j -0.00318889-0.00658574j 0.120984-0.00326671j -0.162542+0.00239772j -0.0571092+0.00530861j -0.108596+3.73562e-16j -0.0114949-0.000559231j 0.0710928-0.00289787j 0.149345-0.00241842j -0.215879-0.00379821j 0.0228823-0.00245401j 0.20628-0.000996696j -0.17476-0.00680793j -0.0620746+0.00762j -0.523589-0.00374226j -0.0834533+0.00250392j 0.436357-0.0028517j 0.0434146+0.00199209j -0.0469388-0.00615841j 0.113893-0.00334419j 0.0429715+0.00820826j 0.0132562+0.00862747j -0.015046+0.00391701j 0.044885-0.00311754j -0.0111401-0.00873307j 0.104762+0.0104234j 0.00560642+0.00761714j -0.0186483+0.00168566j 0.0180331-0.000965222j 0.019098-0.000652044j -0.0153546+0.0172572j -0.0674939+0.00998559j 0.052473-0.00576613j -0.023901-0.00387307j 0.057468-0.0232287j -0.00941596-0.00245214j 0.0528124+0.00436425j 0.0079995-0.0163148j -0.0248132+0.0296132j -0.0524696-0.00683217j -0.0338398+0.00935689j -0.0386395+0.0287978j -0.008389+0.013305j -0.0107176+0.01105j -0.0132694+0.00647972j 0.00337035+0.00566496j -0.00261513+0.0103103j -0.0202869-0.0193287j 0.00622476+0.00423767j -0.0218923+0.0589691j 0.0210381-0.00719903j 1.87437e-05-0.0252111j -0.0328312+0.0275077j -0.0230108-0.0322969j -0.0239275-0.0191716j -0.0219281+0.0294828j 0.0212539+0.0270944j -0.004055+0.00122897j -0.0128619-0.0174623j -0.0108029+0.00867999j 0.0199358+0.0165814j -0.00701294-0.0158607j 0.0026899+0.0111552j 0.0478913-0.00804322j 0.0264129+0.00558278j -0.0114696+0.00655363j 0.00890899+0.00854903j -0.00995932+0.00285401j -0.00572039+0.00880757j -0.00402291-0.00580632j 0.0162186-0.00272907j -0.0078811-0.013804j -0.00964111-0.00545723j -0.0150997+0.00150634j -0.0220596+0.00201753j -0.0208338+0.0162005j 0.0185975+0.0263384j -0.0133323-0.0223875j 0.00392096-0.026044j -0.0197241+0.0151573j 0.0243794+0.053936j -0.0168993-0.0246514j 0.000338297+0.0103167j 0.0191343+0.0198268j 0.000863048-0.0149109j 0.00347344-0.0198314j -0.0201352+0.0514422j 0.0152691+0.0437843j -0.00294689-0.00114643j -0.0371903+0.02255j -0.00178188-0.0827753j 0.112008-0.00888509j 
0.0341877-0.00166821j 0.00331568+0.000742806j 0.0532691-0.00129106j 0.0882809-0.00536806j -0.00210597+0.00622438j -0.00453971+0.00149315j -0.0317409+0.00484614j -0.0422717+0.00194301j -0.0114949+0.000559231j -0.115015-1.47018e-15j 0.0978337+0.000881718j 0.0654008-0.00247052j 0.101906+0.00679728j 0.0207941+0.00459536j 0.598448-0.00404947j -0.194132+0.00220068j -0.220161+0.00243275j 0.451893-0.00560882j 0.0982467-0.00190478j -0.0186278+0.00199653j 0.0400869+0.00288168j 0.0331349+0.00349798j 0.0467096-0.00483804j 0.0606869-0.00162456j 0.0183536-0.00352779j 0.0074166-0.000194507j -0.0120174+9.76349e-05j -0.0568001-0.000369858j -0.0426624-0.0054934j -0.00705218+0.00540573j -0.0455237-0.00399605j -0.00168682+0.00158314j 0.0725111+0.00564156j 0.0212015+0.00551652j 0.0941525-0.00124792j -0.0144231+0.000968268j 0.0237607-0.00619461j 0.0321832+0.00787096j -0.0098749+0.00266018j 0.00138158-0.0120463j 0.0137546-0.00290927j -0.011274-0.00176643j -0.0177556+0.0100677j 0.00744155-0.00543936j 0.0327226+0.0245959j -0.00751639-0.00952513j 0.0210504-0.00148313j 0.00169251-0.0192991j -0.00506791-0.00266002j 0.00204918+0.00468192j 0.02415+0.0247226j -0.0227274+0.00768666j -0.0100258+0.0244481j 0.0010738-0.0213285j -0.00765535+0.00685297j -0.0367988-0.0123912j -0.0327847-0.0370369j -0.0495308-0.00642186j -0.0180403+0.0101457j 0.00463601+0.0114483j -0.011542-0.00419528j -0.0180658-0.0223145j 0.00766793-0.00529206j -0.000570227+0.0212157j -0.0167126+0.00510342j 0.00387025+0.013404j 0.00687658-0.00620796j 0.00738274-0.00422907j -0.00631266+0.00262649j -0.019981-0.00803382j 0.00838111-0.00850107j -0.00659484+0.0255159j -0.00908918-0.0146154j 0.00751603-0.00206112j 0.00231611+0.00560441j 0.0150376+0.0179126j 0.00797797-0.0289607j -0.02075-0.00949493j -0.037394+0.00310927j -0.0015119+0.0271404j 0.031192-0.045734j -0.0114785+0.013736j -0.0061255+0.040088j 0.0180602+0.0716567j 0.0171257+0.0076456j 0.0120307-0.00780169j -0.00102538-0.0205461j 0.00124021+0.0055936j 0.00551322-0.00630873j -0.0291866-0.0390332j 0.00732575-0.0156969j 0.0255963-0.0467786j -0.0285719-0.065706j 0.0601534+0.00180736j -0.0771427+0.0290967j 
-0.0326086-0.00181223j -0.0208733-0.00246791j -0.00215111+0.00384105j -0.0615259+0.00806896j -0.0152741-0.00336698j -0.0171575+0.00276459j 0.1114-0.00358085j 0.0423277+0.000102256j 0.0710928+0.00289787j 0.0978337-0.000881718j -0.0933129+6.63749e-16j -0.121248+0.00230378j 0.372698-0.00602712j -0.00690528-0.00345944j 0.378129+0.000129734j -0.477546-0.00153148j -0.0244794-0.00235334j -0.154561+0.00354578j -0.366256-0.00101408j -0.0284342-0.000891059j -0.0105372-0.00113313j -0.0295171-0.00100533j -0.0949391-0.00211321j -0.0551473+0.00212438j -0.047702+0.000699086j -0.0286161+0.000793766j 0.0425902-0.000511535j -0.0445439-0.00205213j -0.0065547+0.00296824j -0.0156427+0.00746429j 0.0627826-0.00135971j -0.0590416+0.001235j -0.0255018-0.0041527j -0.0445618-0.00199476j -0.0504043-0.00167307j -0.0125669+0.00320698j -0.00592912+0.00573128j -0.0595228-0.00668616j -0.00839616-0.00183008j -0.00453069-0.000568762j -0.0139562+0.00384864j 0.00433536-0.0145043j 0.0269747-0.00283087j 0.0113361-0.0073387j -0.0142571-0.0402978j -0.000601048+0.00897139j -0.0222692+0.00897125j 0.00710203+0.0150009j 0.0199932+0.00783065j -0.0112223+0.014288j -0.014548-0.00972947j 0.00414314+0.000335667j 0.0201672-0.0226126j 0.00404863+0.00729829j -0.0020473+0.00427647j 0.0308599-0.00299068j 0.0293767+0.0328317j 0.00185369-0.011828j -0.00410905-0.0165001j -0.013845-0.0170584j -0.00410969-0.0162772j -0.000927812-0.00171599j 0.00236288-0.0143324j 0.00778161-0.0154997j -0.0116442+0.0273429j -0.00751031+0.0146877j -0.0558442+0.0132204j -0.0302261-0.00301109j 0.0396815+0.0041858j -0.00725553-0.0234104j -0.00403146-0.000737098j 0.00401427-0.00519211j -0.0201332+0.00142494j 0.000298343-0.00301197j -0.0182098+0.00985214j 0.00886893-0.00856989j 0.014887+0.0226686j -0.0271521-0.00826576j -0.0228984+0.0104219j 0.028206-0.0112107j 0.0154156-0.0190721j 0.0159568+0.00804295j 0.0183494+0.0503284j -0.0112395-0.00621379j -0.00669743-0.0207561j -0.0281488-0.00911335j 0.0270239-0.0311258j 0.00965582-0.00319905j 0.00936306+0.00175714j -0.0204793+0.065499j -0.0471276-0.0408108j 0.000310112+0.0657265j 0.0196049+0.031338j -0.10689+0.0135411j 0.0368267-0.0294996j 
-0.00471429+0.00369962j 0.00414693+0.00303158j -0.0186921+3.28856e-05j 0.00272456-0.000400551j 0.0163317-0.00107983j 0.106102-0.00235584j 0.112204+0.00275602j 0.0696793+0.00453348j 0.149345+0.00241842j 0.0654008+0.00247052j -0.121248-0.00230378j -0.395993+3.17185e-13j -0.22866-0.000423458j 0.624046+0.000601666j 0.267678+0.000732586j -0.000882252+0.00361548j 0.358668-0.000198388j -0.00979894-0.000633438j 0.168853+0.00430415j -0.0449617+0.00282334j -0.0837727+0.00431849j -0.0250775+0.00150652j 0.0305947+0.000965522j -0.0130632+0.00450832j 0.0197936+0.000426595j 0.0319241+0.00273385j 0.064386-0.000410439j 0.0780512-0.00366121j -0.0149177+0.006548j 0.00230181+0.000754188j -0.0114865-0.00335643j 0.0186621+0.0052517j 0.00513144+0.00697529j 0.0020878-0.00558596j 0.0259001+0.000486308j 0.0114698-0.0056106j -0.0160487+0.00196654j 0.0168636+0.00269929j 0.00951365-0.00782297j 0.0137697+0.00095965j -0.00608114+0.0116841j 8.78122e-06+6.86916e-05j 0.011327-0.0207698j -0.022987+0.0109181j 0.00484032+0.0161384j -0.0287982+0.00960877j 0.0275454+0.00860323j 0.00514043+0.0306529j 0.0165164-0.0187374j -0.0205783-0.0220066j -0.0467651-0.00247159j 0.0107186-0.00491707j -0.0134202+0.00363941j 0.00743782+0.00311279j 0.00840883-0.0117787j 0.00852331+0.0138464j -0.0197399+0.0106786j -0.00660663+0.0132518j -0.00374434+0.00854227j 0.00626572+0.01899j 0.00167498-0.0224041j -0.014031+0.0139475j 0.00821825-0.0129442j 0.0124072-0.0139333j 0.0143568+0.0297241j -0.0422279+0.0175199j -0.00832142-0.0113178j -0.0166046-0.0170103j 0.0302471-0.0002628j -0.0103145-0.0135457j -0.00462836+0.0222787j -0.00622377-0.00467778j 0.00261871+0.00723204j -0.0118594+0.0220175j 0.0125043-0.00630295j -0.00385399-0.0171993j 0.000822816+0.0043674j -0.0161707+0.010298j -0.00348251+0.00206139j -0.0221233+0.0249026j 0.00284985+0.0219472j 0.0145373+0.00725574j 0.00287846+0.0162059j -0.0129551-0.0136809j -0.0365354+0.00132562j 0.0040983-0.0143988j -0.0275827-0.00869146j -0.00175347-0.00319225j -0.0203493+0.00716288j 0.022095-0.0193862j 0.0113571+0.0323504j -0.0109407+0.00312407j 0.0118625+0.00643226j 0.0418514-0.00396229j 0.0168505+0.0143364j 
0.0766739+0.0038711j 0.00975399-0.00683752j 0.148349+0.00718564j 0.00255513+0.00831188j -0.0952948+0.00435991j -0.142321-0.000253947j -0.184433-0.00424657j -0.126416-0.00540248j -0.215879+0.00379821j 0.101906-0.00679728j 0.372698+0.00602712j -0.22866+0.000423458j -0.157197+1.03654e-14j 0.0914829+0.00118885j -0.0369037+0.00156484j -0.0571108-0.00323822j -0.0631217-0.00199599j 0.283261+0.00180552j -0.0896557-0.00238022j 0.0877957+0.000481505j 0.135921-0.00269077j 0.00176588+0.00984776j -0.0110191-0.0081241j -0.0174986-0.00486828j 0.0635729+0.00135758j 0.0109678-0.00502707j -0.0942853-0.00125871j -0.0247832+0.00463933j 0.102199-0.00866851j 0.0291867-0.00367821j 0.00290975+0.00591287j 0.0353022+0.000477734j 0.0386533-0.0117835j 0.0295872+0.0156915j 0.00817717+0.00769821j 0.000511163-0.0125551j 0.0276327-0.00795554j -0.013359+0.00368287j -0.0074717+0.000378768j -0.0180646+0.0197543j -0.0253323+0.0073808j -0.0386299+0.0144212j -0.0158396+0.000875164j -0.00339928+0.00291819j 0.0359506-0.0429615j -0.0158627+0.0272029j -0.0201912+0.0179593j -0.0236791+0.0316104j 0.00500927-0.00843129j -0.0127579-0.00725356j -0.0192738-0.0363324j -0.0154075-0.019454j 0.0343693-0.0117874j 0.039123+0.00693804j -0.048075-0.00938738j -0.000169972+0.00143258j 0.0599529+0.0274341j -0.0181433-0.0593575j -0.0116411+0.0112588j 0.0310046+0.00379514j -0.0328781+0.0122951j -0.0226859-0.00429205j -0.0225166-0.00407975j -0.0067874+0.0110977j -0.0199488-0.0308118j 0.0308952-0.010983j 0.00672467-0.0125145j 0.015106+0.00938103j -0.0207449-0.00984528j 0.0168291+0.0132316j 0.0175742-0.0341549j -0.010681-0.00100561j -0.0156772+0.025415j -0.0116956-0.0255074j -0.0012595+0.0025471j -0.00927402+0.0428699j 0.00737451-0.0127894j -0.0242421+0.0195815j -0.00567002-0.00432913j 0.0141538+0.00632772j 0.00507536+0.00828462j -0.0153085-0.0102255j -0.0292393+0.00743968j -0.0123663+0.0263818j 0.00224529+0.0205279j 0.00201106-0.0072j -9.74296e-05-0.00504962j -0.00300054-0.000903459j 0.0039527-0.00576999j 0.00860245-0.0189955j 0.0312957+0.0199182j 0.0179599-0.0403837j -0.0264008-0.0292276j 0.0395176-0.00209849j -0.0252751-0.000927665j 
0.0510483+0.0064199j -0.00248014-0.00145128j 0.0626573+0.00150158j -0.0306203+0.0047739j -0.0333454-0.000452545j 0.0718977-0.00502962j 0.196461-0.000467378j 0.164636+0.00291144j 0.0228823+0.00245401j 0.0207941-0.00459536j -0.00690528+0.00345944j 0.624046-0.000601666j 0.0914829-0.00118885j -0.066721+2.23875e-14j 0.253434+0.00239409j 0.134723+0.00284552j 0.173598-0.00576596j 0.00142213+0.00417638j 0.233861+0.0068118j -0.0219548-0.000121931j -0.0447872+0.00498725j -0.0134417+0.000251104j 0.059409+0.000607718j 0.0346891-0.00764401j 0.0239053+0.000436134j 0.00229655+0.00404095j 0.0892636-0.00149967j -0.00640803-0.000674042j -0.00482549+0.00518747j -0.0130996-0.00399153j -0.029212+0.00554076j 0.0367898-0.00275092j 0.0529643-0.000602336j 0.0104711+0.0101729j 0.060591+0.00632252j 0.033093+0.00176743j 0.00578875-0.00894135j 0.00946009-0.00729566j -0.0177257-0.0074881j 0.0144797-0.0204288j -0.0329135+0.00529134j 0.0241108+0.00672395j 0.0254586-0.0054941j -0.012518-0.0322691j 0.00760603-0.0359136j 0.0160978+0.0331995j -0.0313017+0.0262406j 0.0207037+0.0127674j -0.0184534+0.0053108j 0.0202472+0.00418046j -0.0302878-0.012089j 0.00498323-0.020462j 0.00835037-0.00788292j 0.0088329+0.0133639j -0.0187086+0.00579698j 0.0332116+0.0188659j -0.00729462+0.0402162j -0.00501798-0.000409397j -0.00245813+0.00549072j 0.018286+0.000364269j -0.00773964-0.000850559j -0.00219686-0.0195422j -0.0100174+0.00283003j 0.0192979-0.00814542j -0.0170628+0.000190491j 0.0210734+0.00389392j 0.00226376-0.0117525j 0.0045991-0.00161357j 0.0196221-0.00495577j -0.00981867+0.000623187j -0.0207018-0.00269026j -0.0161755-0.00401136j -0.0182498+0.0170324j 0.00806763-0.00994919j 0.00903644-0.0325743j -0.0203996-0.0156896j 0.0101186-0.00465789j -0.0146064+0.00109616j 0.0175614+0.00973507j -0.0157167+0.0191974j -0.0128823+0.0260148j -0.0115452-0.025994j -0.0123818-0.00173381j -0.0119762+0.00327986j -0.00358025+0.00662457j 0.0116814-0.0101327j -0.0184064+0.00351249j -0.00932949-0.00721426j -0.0209874+0.0012933j 0.0353308-0.0496701j 0.0183969+0.0760175j -0.0153575-0.00250506j 0.0206332+0.0050892j 0.101436-0.00794849j 0.02905+0.0331982j 
-0.0379995-0.00103241j -0.0123399-0.00342355j 0.0315541-0.000103547j 0.0591716-0.000769059j 0.0712277+0.00287505j 0.0224313+0.00433838j 0.213996+0.00174224j -0.150351+0.00234995j 0.20628+0.000996696j 0.598448+0.00404947j 0.378129-0.000129734j 0.267678-0.000732586j -0.0369037-0.00156484j 0.253434-0.00239409j -0.176594+8.66971e-15j -0.150327+0.00250793j -0.137551+0.00258822j -0.000960758+0.000718165j 0.00472785-0.00477021j -0.037061+0.00101686j -0.136028+0.00490344j -0.199106+0.00371414j -0.0313541+0.000852195j -0.0366068+0.00732687j 0.0209584-0.00261138j -0.00387139-0.00155821j 0.00649271+0.00173005j 0.0163431-0.00474004j -0.0119328+0.00422109j -0.00507169-0.000908359j -0.0349772-0.0187534j -0.0379737+0.00142763j -0.0245989+0.00553366j -0.0293983-0.00286256j -0.0362102-0.000927128j -0.02615+0.00311239j -0.0129089-0.0014653j 0.0113647-3.98635e-05j 0.00480748+0.00154861j -0.0130734-0.000332576j 0.010225+0.00864025j 0.0403765-0.00588017j 0.0131722-0.00443841j 0.0245694-0.00782685j -0.00565892+0.00180145j -0.00891687-0.0173168j 0.0153142-0.01789j -0.0107132+0.0110985j 0.044649-0.00170758j -0.0446156-0.0146787j -0.0285064+0.0085908j 0.0278755+0.00828396j -0.00159454+0.00892546j -0.0333524-0.00539093j 0.0379487+0.0161129j 0.0127654+0.0182385j 0.00693348+0.0126207j 0.00619939+0.00951608j 0.0121261+0.0102051j -0.00606581-0.00113494j -0.0134516+0.0444733j -0.0032904-0.0383466j 0.0143792+0.00237673j 0.00705451+0.00735491j -0.0732599+0.0232624j 0.0260689+0.0219464j 0.0250214+0.0192108j -0.0417679-0.00875218j 0.0233253+0.00697177j 0.00176755-0.0117593j 0.0221058-0.00249303j 0.00273991+0.00583672j 0.0195785-0.00632545j 0.0143822-0.00469169j -0.0111164+0.00502483j 0.00144334+0.0186547j -0.00212805+0.00416662j 0.0127318-0.0163627j -0.0139486+0.0201229j 0.0225974+0.0189632j 0.0135042+0.0135456j -0.0240713+0.0254714j 0.00361026-0.00777491j 0.00513796+0.0206975j 0.00873299-0.0281977j 0.00432089-0.000869452j -0.00744718+0.00540965j -0.000272042+0.00324642j -0.000315011-0.00536884j -0.00201681+0.0177834j 0.0102747-0.05711j 0.030255-0.0330749j -0.0467009-0.0102423j -0.0703176+0.0166274j -0.0551672-0.0490708j 
0.0500103-0.00238815j -0.0409572-0.0138788j 0.19929-0.00271074j -0.00722357-0.0016351j 0.134961+0.0075386j 0.103424+0.00797817j 0.351472+0.00377969j -0.37068+0.00440383j -0.17476+0.00680793j -0.194132-0.00220068j -0.477546+0.00153148j -0.000882252-0.00361548j -0.0571108+0.00323822j 0.134723-0.00284552j -0.150327-0.00250793j -0.109797+3.45297e-15j -0.167529+0.00375222j 0.0668905+0.00248453j 0.0201456-0.00183169j 0.0181333-0.000482529j -0.104193+0.0196855j -0.105919-0.00423419j -0.0527325+0.00268351j -0.0465504-0.00222064j -0.0108885+0.00445749j -0.0225328+0.00271827j 0.0525495-0.006133j -0.12373-0.00659982j 0.0244767+0.00486118j 0.010612-0.000807961j -0.0749692-0.00508006j -0.00447906-0.00300082j 0.049944+0.0129853j -0.0195631+0.0289611j -0.0142911+0.00323967j 0.0341868+0.00175606j 0.0110044-0.010044j 0.004816-0.00924494j -0.0229536+0.0140417j -0.0303073+0.00825552j 0.0123218+0.00160472j 0.0758261+0.00355662j -0.018812+0.00386229j 0.00169208-0.0114049j -0.0334913-0.011945j -0.01843-0.0002612j -0.0106413-0.00268331j 0.00989886+0.00323485j 0.021708+0.0082298j 0.000433944-0.0073065j -0.0168591-0.0102104j 0.00956305-0.00317881j 0.0346365+0.0155358j -0.0427573-0.014279j 0.0186095+0.0235798j -0.0027822+0.00233771j 0.00228889+0.0169621j -0.00450289-0.024034j -0.000757859+0.0232336j 0.0188766+0.0262297j -0.00192119-0.00451408j -0.0180703+0.0448743j 0.0141583-0.00315565j -0.000855999-0.00546023j 0.0566481-0.019435j -0.0415743-0.016504j -0.00619652-0.0222802j 0.00384781+0.0133309j -0.0317079+0.00600303j 0.0173613+0.0186471j 0.013222-0.00771161j 0.00663363+0.0111159j 0.00511831+0.0159063j 0.017869+0.00424981j -0.0091674-0.0232862j -0.0119051+0.00270397j 0.0302968-0.0131191j 0.0153291-0.0241687j 0.00891016+0.0258913j 0.0139877+0.0179352j 0.0120832+0.00447006j -0.0176779-0.00669191j -0.0108778-0.010903j 0.02401+0.00893497j 0.0202693-0.0231476j 0.0185402-0.0121099j 0.0193034+0.00303567j -0.00459144+0.00620045j -0.000848691-0.00370858j 0.00603603-0.0124979j 0.025424-0.0331978j 0.0176089-0.0316863j -0.028113-0.0194985j -0.0263272+0.0119657j -0.0483595-0.0338492j 
-0.0408248-0.00727948j 0.00553028+0.00490874j 0.056714+0.00632882j 0.0560645-0.00178394j 0.0948909+0.00472546j -0.335884-0.000275143j 0.161871+0.00437283j 0.0911755+0.00211748j -0.0620746-0.00762j -0.220161-0.00243275j -0.0244794+0.00235334j 0.358668+0.000198388j -0.0631217+0.00199599j 0.173598+0.00576596j -0.137551-0.00258822j -0.167529-0.00375222j 0.305053-6.43438e-14j 0.138066-0.00709163j -0.252074+0.000892902j 0.0273698-0.00135441j 0.140931-0.000907086j 0.0368525-0.00657902j -0.138377+0.0133717j -0.0523301+0.00308224j 0.0939445-0.00311771j 0.0609851-0.000956629j 0.0589031+0.00291306j 0.00412964+0.00763608j -0.0406697-0.0112784j -0.0192758-0.00629943j 0.00148938-0.00518307j -0.00219861-0.00878983j 0.00985961-0.00552913j -0.00651195-0.0138625j -0.0525709+0.0010027j -0.039878+0.0077209j -0.0192893-0.00253936j -0.03956+0.00886985j -0.0119809+0.0183768j -0.0419539-0.0100345j 0.0332918-0.00141066j 0.0638848-0.0158388j 0.040485-0.0113632j -0.0022906+0.000664974j 0.0169056+0.0403349j -0.00658171+0.0140654j 0.0190938+0.0212865j -0.0172702+0.00933311j -0.00567408-0.0155499j 0.00351232+0.0161851j 0.0270809+0.013109j -0.0357728-0.0106399j -0.00673384+0.00563123j 0.0106646+0.00504158j -0.0190695-0.00702274j -0.0301166+0.0230149j 0.0465488-0.00662121j 0.0125535-0.0102745j 0.00869199-0.0030498j 0.00232407-0.0150904j -0.0148622+0.0032675j -0.00785875+0.00758854j 0.0131428-0.0158368j -0.0371188+0.0245885j 0.00350769-0.0192617j 0.00200192-0.00990774j 0.00791426-0.00858502j 0.00802676-0.00108796j -0.0313598-0.0122881j 0.0191757+0.00437229j 0.00368184+0.00073138j 0.00163214-0.0160562j -0.0018922-0.0126231j -0.0117257-0.0244226j 0.00387819+0.0209891j 0.0346275+0.014739j 0.00112359-0.00991297j -0.000494681+0.0378275j -0.0187731-0.0220817j -0.0109585+0.00257712j 0.0153506+0.0110362j 0.00523271+0.028865j 0.0126069-0.000180499j -0.0305431-0.00560947j -0.0429817+0.00538027j -0.00202097+0.00143348j -0.00752019-0.0184713j 0.00866587-0.00150978j -0.00316165+0.00794828j -0.0135687+0.034375j -0.0125439-0.0529167j 0.0176278-0.0035983j -0.0138387-0.0173979j -0.0653789+0.024528j -0.0420862-0.0205229j 
0.0892035+0.00579807j 0.131118-0.00388767j 0.0129255-0.00068839j 0.0579731-0.00701389j -0.0319054+0.0107821j 0.149699-0.000540412j -0.0270603-0.00185568j 0.109316-0.00167375j -0.523589+0.00374226j 0.451893+0.00560882j -0.154561-0.00354578j -0.00979894+0.000633438j 0.283261-0.00180552j 0.00142213-0.00417638j -0.000960758-0.000718165j 0.0668905-0.00248453j 0.138066+0.00709163j 0.0617427+2.06822e-15j 0.0460883+0.00211067j -0.0462562+0.00237176j -0.0688729-0.000446178j 0.00658476-0.00164689j -0.042852+0.00175607j -0.0569044-0.0178132j -0.00335289+0.000406043j -0.056187-0.00475282j -0.0461583+0.00779477j -0.0111644-0.00249164j 0.134546+0.00482563j 0.0256201-0.00297194j 0.135966-0.00496495j 0.0789849+0.00234799j 0.0331834-0.00996521j 0.142697+0.00531316j 0.0822739+0.00322397j 0.0280318-0.00297899j -0.0790203-0.00679463j 0.0214362-0.00605334j 0.0012702+0.00212208j -0.0229017+0.000672146j 0.00683111-0.00570296j -0.0233102-0.00193956j 0.0488173-0.0156004j 8.9383e-06+0.000969996j -0.00687886+0.0372956j -0.00294811-0.0251873j 0.00214444+0.00229249j 0.0247125+0.0173218j -0.0206217-0.00212282j 0.00827696+0.0228655j -0.00156384-0.00622956j -0.0339871-0.000319557j -0.0232848+0.0275142j 0.0131138-0.00322411j 0.0123953-0.00153754j -0.0417284-0.00123531j -0.00341573+0.00168839j 0.00612379-0.00758119j -0.000680561-0.0293431j -0.0254346+0.00429621j 0.000161234+0.0226282j 0.00326918-0.0147103j -0.0205224-0.000395418j 0.0198706-0.0377719j -0.00197492+0.00375794j 0.00935439-0.0031747j -0.0025926+7.03285e-05j -0.012281-0.00427188j 0.0143513+0.0137692j -0.0248995-0.0113388j 0.00508741+0.000682428j 0.00361284+0.0093754j -0.0198116-0.00286824j -0.00679566-0.0183015j 0.0229884+0.00569402j 0.0111084-0.000561246j -0.0111739+0.0153685j 0.00808932+0.009945j 0.0117093-0.0280329j -0.0222374-0.00503048j -0.0181362-0.0311423j 0.0399101-0.0213534j 0.00289643+0.0125095j -0.00450598-0.0453549j -0.0207217+0.0249736j 0.0018351+0.0183304j 0.00692954-0.0151366j 0.00641254-0.00230797j -0.00541046+0.0151048j -0.0164425-0.0259955j -0.0205382+0.0184399j -0.0396248+0.0303248j 0.0716589+0.00254379j 0.0443185+0.0105233j 0.0103784+0.0476919j 
