-0.146606-0j -0.17104-0j -0.10474-0j -0.14966-0j -0.0617316-0j -0.0189148-0j -0.0213666-0j -0.0174457-0j -0.0176265-0j -0.015265-0j -0.012593-0j -0.00402353-0j -0.0122018-0j -0.00176118-0j -0.0135049-0j -0.00194927-0j -0.0106766-0j -0.00711772-0j -0.0107872-0j -0.00154103-0j -0.00102735-0j -0.001557-0j -0.012456-0j -0.00440387-0j -0.00726601-0j -0.00179787-0j -0.00770677-0j -0.000635643-0j -0.00104876-0j -0.00111238-0j -0.00449561-0j -0.00117279-0j -0.000648886-0j -0.000169278-0j -0.00921791-0j -0.00162951-0j -0.000135793-0j -0.0100597-0j -0.00177831-0j -0.000148193-0j -0.00779218-0j -0.00787293-0j -0.00711325-0j -0.00137748-0j -0.00139175-0j -0.00011479-0j -0.0088022-0j -0.00125746-0j -0.000115979-0j -0.00586813-0j -0.00513462-0j -0.000104788-0j -0.00508195-0j -0.00155602-0j -0.00103735-0j -0.00726144-0j -0.00090768-0j -0.000129669-0j -0.000898371-0j -0.00363072-0j -0.00299519-0j -8.64458e-05-0j -7.564e-05-0j -0.00128365-0j -7.48642e-05-0j -0.00366835-0j -0.000641827-0j -0.000106971-0j -0.00052948-0j -0.00165754-0j -5.34856e-05-0j -0.000648478-0j -4.41234e-05-0j -0.000365452-0j -0.000293014-0j -5.40399e-05-0j -2.44178e-05-0j -6.46034e-05-0j -5.38362e-06-0j -0.00746267-0j -0.00124378-0j -0.000761655-0j -0.000155472-0j -9.16129e-06-0j -0.0080606-0j -0.00134343-0j -0.000822682-0j -0.00615639-0j -0.000167929-0j -0.00622019-0j -9.89532e-06-0j -0.00550644-0j -0.00102606-0j -0.00377-0j -0.000628334-0j -0.0010367-0j -0.00681387-0j -0.000128258-0j -0.000634845-0j -0.00091774-0j -0.00397476-0j -0.000129587-0j -7.55768e-06-0j -0.00622019-0j -0.000628334-0j -0.000561999-0j -7.636e-06-0j -0.00380907-0j -0.000384774-0j -0.00113565-0j -0.000114717-0j -0.00359123-0j -0.00544266-0j -7.85417e-05-0j -0.000695438-0j -0.00066246-0j -6.75979e-06-0j -0.0010367-0j -0.00362844-0j -0.00224498-0j -4.62811e-06-0j -0.000141956-0j -0.000405672-0j -0.000634845-0j -0.00444392-0j -0.000634845-0j -8.28075e-05-0j -8.36482e-06-0j -0.000598538-0j -0.000388762-0j -0.00111098-0j -0.00366604-0j -0.00090711-0j -0.000129587-0j -4.87948e-06-0j -0.000366528-0j -0.00060474-0j -7.93556e-05-0j -0.00224498-0j -0.000555489-0j -0.00117132-0j -7.636e-06-0j -0.000374164-0j -0.000740653-0j -7.48172e-05-0j -0.000370326-0j -0.000113389-0j -0.00160389-0j -0.000229128-0j -4.67608e-06-0j -0.000453555-0j -0.000185163-0j -0.000611007-0j -4.40865e-06-0j -7.55925e-05-0j -0.000591728-0j -4.67705e-05-0j -6.6815e-06-0j -0.000113389-0j -9.25816e-05-0j -0.000374164-0j -0.000374164-0j -4.45433e-06-0j -0.00019522-0j -2.75598e-06-0j -0.000112985-0j -0.000229128-0j -2.31454e-05-0j -7.63759e-05-0j -0.000267316-0j -0.000119547-0j -5.45542e-06-0j -1.36386e-06-0j -4.67705e-05-0j -0.000163697-0j -2.44025e-05-0j -4.50049e-06-0j -9.86214e-05-0j -2.75598e-06-0j -3.34145e-05-0j -6.0393e-05-0j -1.88308e-05-0j -1.43793e-06-0j -1.23277e-05-0j -1.96897e-06-0j -1.15315e-05-0j -7.26415e-07-0j -2.35385e-06-0j -1.38702e-07-0j 
0.154712-0j 0.00357248-0j 0.110531-0j -0.151683-0j -0.190277-0j 0.0199606-0j 0.000446279-0j 0.0184103-0j -0.0178648-0j 0.000318837-0j -0.0257895-0j -0.0165637-0j 0.0128764-0j 0.00185855-0j 0.000282075-0j 4.0714e-05-0j 0.0112669-0j 0.00751126-0j -0.010933-0j 0.00162624-0j 0.00108416-0j -0.00157805-0j 0.000260166-0j 0.00464735-0j -0.0148802-0j 3.75518e-05-0j -0.00781093-0j 0.000670788-0j -0.00214777-0j -0.00112741-0j -0.0138569-0j -0.0060412-0j -0.00200008-0j -0.000871972-0j 0.00972756-0j 0.00171961-0j 0.000143301-0j 0.000210114-0j 3.71433e-05-0j 3.09527e-06-0j 0.008223-0j -0.00797934-0j 0.00750654-0j 0.00145364-0j -0.00141056-0j 0.000121136-0j 0.00018385-0j 0.00132698-0j -0.000117547-0j 0.000122566-0j -0.0105153-0j 0.000110582-0j 0.00536293-0j 3.25003e-05-0j 2.16669e-05-0j -0.00735959-0j -0.00185886-0j 2.70836e-06-0j 0.000948041-0j 7.58341e-05-0j -0.00923215-0j 1.80557e-06-0j -0.000154905-0j -0.001301-0j 7.90034e-05-0j -0.00751248-0j 1.34057e-05-0j -0.000108417-0j -0.00163203-0j -0.00682362-0j 1.11714e-06-0j -0.00132803-0j -0.000136002-0j -0.00226052-0j -0.00120626-0j -0.000110669-0j -0.000100521-0j -0.000399607-0j -3.33005e-05-0j 0.00787528-0j 0.00131255-0j 0.000803767-0j 0.000164068-0j 9.66781e-06-0j 0.00016836-0j 2.806e-05-0j 1.71832e-05-0j 0.00649677-0j 3.5075e-06-0j -0.00630426-0j 2.06682e-07-0j 0.00581089-0j 0.0010828-0j 0.00397844-0j 0.000663074-0j -0.00105071-0j 0.00014232-0j 0.000135349-0j -0.000643426-0j 0.000968482-0j -0.00813998-0j -0.000131339-0j 7.97554e-06-0j 0.00012992-0j 0.000663074-0j 0.000593071-0j -7.73921e-06-0j 0.00401967-0j 0.000406048-0j 2.372e-05-0j 0.00012106-0j 0.00378978-0j -0.00551623-0j 8.28842e-05-0j 1.45255e-05-0j -0.00135666-0j 7.13354e-06-0j 2.16533e-05-0j -0.00367748-0j -0.00691976-0j 4.884e-06-0j 2.965e-06-0j -0.000830784-0j 1.32599e-05-0j 9.28191e-05-0j 0.000669945-0j -0.000169583-0j 1.74714e-07-0j 0.000631631-0j 0.000410256-0j 0.0011724-0j -0.00750776-0j -0.000919371-0j 2.70666e-06-0j -9.99277e-06-0j 0.000386793-0j -0.000612914-0j 8.37432e-05-0j -0.00227533-0j -0.000562997-0j -0.004822-0j 1.59492e-07-0j -0.00115329-0j 1.54699e-05-0j 7.89538e-05-0j -0.000375332-0j -0.000114921-0j -0.00494372-0j -0.000706245-0j 4.93461e-06-0j 9.47331e-06-0j 0.000195401-0j -0.00125129-0j 4.6524e-06-0j -7.66142e-05-0j -0.00304807-0j -0.000144162-0j -6.77181e-06-0j 0.000119658-0j 1.93373e-06-0j -0.000766257-0j -0.000379221-0j -4.51454e-06-0j -0.000803666-0j -8.49481e-06-0j -0.000815744-0j -0.000232225-0j 2.44251e-05-0j -0.000156412-0j -0.000823953-0j -0.000492143-0j 1.13946e-07-0j 1.43926e-06-0j -4.74026e-05-0j -0.000504566-0j -0.000100458-0j -9.21664e-06-0j -0.000508011-0j -2.79323e-06-0j -0.000102994-0j -0.000311092-0j -0.000135957-0j -5.91956e-06-0j -6.35014e-05-0j -6.06899e-06-0j -8.32565e-05-0j -3.74186e-06-0j -1.69947e-05-0j -1.00142e-06-0j 
0.114737-0j 0.13386-0j -0.239629-0j -0.112635-0j 0.0483127-0j 0.0148032-0j 0.016722-0j -0.0131298-0j 0.0137949-0j -0.0349239-0j -0.0094776-0j 0.00314891-0j 0.00954943-0j 0.00137834-0j 0.0105693-0j 0.00152554-0j -0.00803528-0j 0.0055705-0j 0.00844234-0j -0.00115979-0j 0.000804032-0j 0.00121855-0j -0.0093745-0j -0.0168363-0j 0.00568655-0j -0.00135309-0j -0.0176318-0j -0.00243011-0j 0.000820783-0j -0.00254494-0j -0.00338343-0j 0.000917854-0j -0.000488357-0j 0.000132481-0j 0.00721415-0j 0.00127529-0j 0.000106275-0j 0.00787293-0j 0.00139175-0j 0.000115979-0j -0.00586445-0j 0.00616154-0j 0.005567-0j -0.0010367-0j 0.00108922-0j -8.63916e-05-0j -0.00662461-0j 0.000984116-0j 9.0768e-05-0j 0.00459254-0j 0.00401847-0j 8.20096e-05-0j -0.0116267-0j -0.00117108-0j 0.000811854-0j -0.00546502-0j 0.000710372-0j -9.75897e-05-0j -0.00205533-0j -0.0138805-0j 0.00234411-0j 6.76545e-05-0j 5.91977e-05-0j -0.000966088-0j -0.000171277-0j -0.00839259-0j -0.00245375-0j -8.05074e-05-0j 0.000414384-0j -0.00124747-0j -0.000204479-0j -0.00148361-0j 3.4532e-05-0j 0.000286012-0j -0.000220524-0j -0.000123635-0j -1.8377e-05-0j 5.05602e-05-0j 4.21335e-06-0j 0.00584046-0j 0.00097341-0j 0.00059609-0j 0.000121676-0j 7.16984e-06-0j 0.00630842-0j 0.0010514-0j 0.00064385-0j -0.00463335-0j 0.000131425-0j 0.00486806-0j 7.74432e-06-0j 0.00430947-0j -0.000772224-0j 0.00295049-0j -0.000472889-0j 0.000811344-0j -0.00512817-0j -9.6528e-05-0j 0.000496845-0j 0.000718245-0j 0.00311074-0j 0.000101418-0j -5.68797e-06-0j 0.00486806-0j 0.000491749-0j 0.000439834-0j 5.97611e-06-0j -0.00871454-0j 0.000301133-0j -0.000854696-0j 8.97806e-05-0j -0.00270279-0j -0.00409619-0j 6.14686e-05-0j -0.000523392-0j 0.000518457-0j 5.29038e-06-0j 0.000811344-0j 0.0028397-0j 0.00175698-0j 3.62207e-06-0j -0.000106837-0j 0.000317489-0j 0.000496845-0j -0.010167-0j -0.00145242-0j 6.48071e-05-0j -6.29543e-06-0j -0.000450464-0j -0.000889424-0j -0.00595296-0j -0.00275909-0j -0.000682698-0j 0.000101418-0j 3.81879e-06-0j -0.000275852-0j 0.000473284-0j -0.000181553-0j -0.00858273-0j -0.000418066-0j 0.000916702-0j 5.97611e-06-0j 0.00029283-0j -0.00169449-0j -5.6308e-05-0j 0.000289826-0j -8.53373e-05-0j -0.00366945-0j 0.000179321-0j -1.06981e-05-0j -0.00103766-0j -0.00099216-0j -0.000459849-0j -3.31798e-06-0j 5.91605e-05-0j -0.000445339-0j 3.66037e-05-0j -5.02855e-06-0j -0.000607572-0j -0.000211812-0j -0.000281599-0j -0.00143046-0j 3.48607e-06-0j 0.000152784-0j 2.15689e-06-0j 8.84247e-05-0j -0.000875972-0j -0.00012402-0j -5.74811e-05-0j -0.000611575-0j 9.35605e-05-0j -1.24811e-05-0j -7.30795e-06-0j -0.000178807-0j -0.000374512-0j 1.9098e-05-0j -3.38711e-06-0j -7.42232e-05-0j -1.05363e-05-0j -7.64469e-05-0j -4.54523e-05-0j 1.47375e-05-0j 1.12536e-06-0j -9.27791e-06-0j -4.50468e-06-0j 9.02481e-06-0j -5.46706e-07-0j 1.84218e-06-0j 1.08552e-07-0j 
-0.115926-0j 0.129894-0j -0.0828217-0j 0.118249-0j -0.228838-0j -0.0149566-0j 0.0162265-0j -0.0137949-0j 0.013927-0j 0.0115928-0j -0.0087986-0j -0.0331327-0j -0.00964839-0j -0.00139262-0j 0.0102561-0j 0.00148034-0j -0.00844234-0j -0.00562823-0j 0.00852314-0j -0.00121855-0j -0.000812364-0j 0.00123021-0j 0.00945951-0j -0.00348229-0j -0.00507668-0j 0.00136536-0j 0.00608923-0j -0.000502625-0j -0.000732756-0j 0.000878904-0j -0.0166651-0j -0.0167498-0j -0.00240541-0j -0.00241763-0j -0.00728891-0j -0.00128851-0j -0.000107376-0j 0.00763963-0j 0.00135051-0j 0.000112542-0j -0.00616154-0j 0.00622051-0j -0.00562469-0j -0.00108922-0j 0.00109964-0j -9.0768e-05-0j 0.00668468-0j -0.000994314-0j 9.16368e-05-0j 0.00445645-0j -0.0035875-0j -8.28595e-05-0j -0.00401847-0j 0.0011817-0j 0.000787797-0j 0.00573737-0j -0.000634187-0j 9.84746e-05-0j -0.000710372-0j 0.00275729-0j -0.0111031-0j 6.56498e-05-0j -5.28489e-05-0j 0.00101423-0j -5.91977e-05-0j -0.00256303-0j 0.000487425-0j 8.45195e-05-0j -0.00196277-0j -0.0136494-0j 4.06187e-05-0j -0.000453085-0j -0.000163564-0j -0.00798468-0j -0.00241289-0j -3.77571e-05-0j -0.000201075-0j -0.0014115-0j -0.000117625-0j -0.00590099-0j -0.000983498-0j -0.000602267-0j -0.000122937-0j -7.24414e-06-0j 0.00612149-0j 0.00102025-0j 0.000624772-0j -0.00486806-0j 0.000127531-0j 0.00491466-0j 7.51483e-06-0j -0.00435413-0j -0.000811344-0j -0.00298107-0j -0.000496845-0j 0.00081911-0j 0.00517468-0j -0.000101418-0j 0.0005016-0j -0.000725688-0j -0.00277712-0j 0.000102389-0j -5.97611e-06-0j 0.00472381-0j -0.000496845-0j -0.000444392-0j 6.03331e-06-0j -0.00301196-0j -0.000304254-0j 0.000862446-0j -9.0711e-05-0j -0.0028397-0j 0.00430033-0j -6.21056e-05-0j 0.000528138-0j -0.000462853-0j -5.3452e-06-0j 0.000787302-0j 0.00286688-0j -0.00832211-0j -3.65961e-06-0j 0.000107806-0j -0.000283439-0j 0.000482122-0j 0.00337486-0j -0.000501994-0j -5.78567e-05-0j 6.35252e-06-0j -0.000473284-0j -0.000307407-0j -0.000878489-0j -0.00256142-0j 0.000716721-0j 9.84128e-05-0j -3.40924e-06-0j -0.000289826-0j 0.000477814-0j -6.27492e-05-0j 0.00177379-0j 0.0004389-0j -0.00964552-0j 5.79903e-06-0j -0.00138702-0j 0.000562476-0j -5.91605e-05-0j 0.0002926-0j 8.95901e-05-0j -0.0059456-0j -0.000849371-0j -3.69753e-06-0j 0.000344445-0j -0.000146415-0j -0.000426904-0j -3.48607e-06-0j 5.97268e-05-0j -0.00845107-0j -0.000173377-0j 5.27915e-06-0j -8.96604e-05-0j 7.03095e-05-0j -0.000261424-0j 0.000295632-0j 3.51943e-06-0j -0.00160759-0j -1.02163e-05-0j -0.00349519-0j 0.000181037-0j -1.83018e-05-0j -5.3363e-05-0j -0.000990933-0j -0.000984441-0j 4.14303e-06-0j -1.07845e-06-0j 3.6954e-05-0j -0.00060682-0j -0.000200948-0j -3.14445e-06-0j -0.00140851-0j 2.17754e-06-0j -0.000123867-0j -0.000862534-0j -0.000582532-0j -1.1841e-05-0j -0.000176064-0j -7.29891e-06-0j -0.000356726-0j -1.03747e-05-0j -7.28165e-05-0j -4.29075e-06-0j 
0.0987501-0j -0.224002-0j 0.0705505-0j 0.100807-0j 0.0415809-0j 0.0127406-0j 0.014392-0j -0.0228478-0j -0.0230845-0j 0.0102821-0j 0.00848234-0j 0.00271015-0j 0.00821884-0j 0.00118629-0j 0.00909659-0j 0.00131298-0j 0.00719148-0j -0.0234377-0j 0.00726601-0j 0.001038-0j -0.00338294-0j 0.00104876-0j -0.016313-0j 0.00296634-0j -0.0095159-0j -0.00235457-0j 0.00519109-0j 0.000428154-0j -0.0013735-0j 0.000749269-0j 0.00302813-0j 0.000789963-0j 0.000437073-0j 0.000114021-0j 0.00620895-0j 0.0010976-0j 9.14665e-05-0j 0.00677594-0j 0.00119783-0j 9.9819e-05-0j 0.00524862-0j 0.00530301-0j -0.00931584-0j 0.000927833-0j 0.000937448-0j 7.73194e-05-0j 0.00592894-0j -0.00164682-0j 7.81207e-05-0j -0.019323-0j 0.00345855-0j -0.000137235-0j -0.00665556-0j 0.0010481-0j -0.00341585-0j -0.00950992-0j 0.000611391-0j 8.73416e-05-0j -0.00117655-0j 0.00244556-0j -0.00392264-0j -0.000284654-0j 5.09493e-05-0j -0.00168113-0j -9.80456e-05-0j 0.00247091-0j 0.000432319-0j -0.000140094-0j -0.000693432-0j 0.00111647-0j 3.60266e-05-0j 0.000436799-0j -5.7786e-05-0j 0.00024616-0j 0.000197367-0j 3.63999e-05-0j 1.64472e-05-0j 4.35153e-05-0j 3.62627e-06-0j 0.00502667-0j 0.000837778-0j 0.000513032-0j 0.000104722-0j 6.17082e-06-0j 0.00542942-0j 0.000904904-0j 0.000554138-0j 0.00414679-0j 0.000113113-0j 0.00418976-0j 6.66525e-06-0j -0.00721149-0j 0.000691132-0j 0.00253938-0j 0.00042323-0j 0.000698294-0j 0.00458966-0j 8.63915e-05-0j 0.000427616-0j -0.00120191-0j 0.0026773-0j 8.72867e-05-0j 5.09067e-06-0j -0.00814624-0j 0.00042323-0j -0.000736019-0j 5.14342e-06-0j 0.0025657-0j 0.000259174-0j 0.000764943-0j -0.000150239-0j -0.0118254-0j 0.00366604-0j 5.29038e-05-0j 0.00046843-0j 0.000446217-0j -8.85294e-06-0j -0.00135771-0j -0.011948-0j 0.00151217-0j 3.11738e-06-0j 9.56178e-05-0j 0.000273251-0j -0.000831422-0j -0.00581996-0j 0.000427616-0j 5.57771e-05-0j 5.63433e-06-0j -0.00197091-0j 0.00026186-0j 0.000748328-0j -0.00480122-0j 0.000611007-0j -0.000169713-0j 3.2867e-06-0j -0.00120693-0j -0.00199133-0j 5.3452e-05-0j 0.00151217-0j 0.000374164-0j -0.00153401-0j -1.00005e-05-0j 0.000252028-0j -0.000969993-0j -0.000246363-0j -0.00121944-0j 7.63759e-05-0j 0.00108034-0j 0.000154335-0j 3.14969e-06-0j -0.000593997-0j 0.000124721-0j -0.000800203-0j -1.45171e-05-0j -0.000248916-0j 0.000398574-0j 3.15034e-05-0j 4.50049e-06-0j 7.63759e-05-0j -0.000121249-0j -0.000490022-0j 0.000252028-0j -1.46675e-05-0j -0.000255669-0j 1.85636e-06-0j 7.61039e-05-0j 0.000154335-0j 1.55902e-05-0j -0.000100025-0j 0.000180057-0j -0.000156564-0j -7.14467e-06-0j 9.18659e-07-0j 3.15034e-05-0j 0.000110262-0j -3.19586e-05-0j -5.89405e-06-0j 6.64289e-05-0j 1.85636e-06-0j 2.25072e-05-0j 4.06792e-05-0j 1.2684e-05-0j -1.88318e-06-0j 8.30362e-06-0j 1.32625e-06-0j 7.76732e-06-0j 4.89295e-07-0j 1.5855e-06-0j 9.34264e-08-0j 
-0.122197-0j -0.00282168-0j 0.255209-0j -0.11521-0j 0.150288-0j -0.0157657-0j -0.000352488-0j 0.0139835-0j 0.0141103-0j 0.000736172-0j -0.0195882-0j 0.0130827-0j -0.0101703-0j -0.00146796-0j -0.000222793-0j -3.21574e-05-0j 0.0085577-0j -0.00593267-0j 0.00863531-0j 0.0012352-0j -0.000856307-0j 0.0012464-0j 0.000197608-0j 0.0179309-0j 0.0117529-0j 2.85222e-05-0j -0.0180349-0j 0.00258811-0j 0.00169639-0j -0.00260311-0j -0.010525-0j 0.00477156-0j -0.00151915-0j 0.000688716-0j -0.00768319-0j -0.00135821-0j -0.000113184-0j -0.000165956-0j -2.93371e-05-0j -2.44476e-06-0j 0.00624574-0j 0.00630238-0j -0.00592894-0j 0.0011041-0j 0.00111411-0j 9.20084e-05-0j 0.000139642-0j -0.0010481-0j 9.28428e-05-0j -9.68076e-05-0j 0.00830536-0j -8.73416e-05-0j 0.0123826-0j 2.46855e-05-0j -1.71133e-05-0j -0.00558994-0j 0.00146819-0j 2.05712e-06-0j 0.00218896-0j 0.000292591-0j 0.00729189-0j -1.42611e-06-0j 0.000122349-0j -0.000988171-0j 0.000182413-0j -0.0173458-0j 5.17234e-05-0j -8.23476e-05-0j 0.00128904-0j -0.00518284-0j 4.31028e-06-0j -0.00306633-0j 0.00010742-0j 0.00178544-0j -0.000916206-0j -0.000255527-0j -7.63505e-05-0j 0.000315624-0j 2.6302e-05-0j -0.00622019-0j -0.0010367-0j -0.000634845-0j -0.000129587-0j -7.636e-06-0j -0.000132977-0j -2.21628e-05-0j -1.35719e-05-0j 0.00493459-0j -2.77036e-06-0j 0.00497934-0j -1.63245e-07-0j -0.00458966-0j 0.000822431-0j -0.00314232-0j 0.000503634-0j 0.000829889-0j 0.000108098-0j 0.000102804-0j 0.000508201-0j -0.000764943-0j 0.00642926-0j 0.000103736-0j 6.05778e-06-0j -0.000102615-0j -0.00052372-0j -0.00046843-0j 6.11271e-06-0j 0.00928113-0j -0.000320712-0j 1.80164e-05-0j -9.56178e-05-0j 0.00287851-0j -0.00418982-0j -6.54651e-05-0j 1.10327e-05-0j 0.00107154-0j -5.63433e-06-0j -1.71026e-05-0j 0.00290461-0j 0.00546548-0j -3.85757e-06-0j 2.25205e-06-0j 0.000656184-0j -1.04731e-05-0j 0.000214313-0j 0.00154685-0j 0.000133943-0j 1.32703e-07-0j 0.000479752-0j 0.000947251-0j 0.00634-0j -0.00570248-0j -0.000698303-0j -2.13782e-06-0j 7.89266e-06-0j 0.000293787-0j 0.000484102-0j 0.000193357-0j -0.00877891-0j -0.000427622-0j 0.00380859-0j -1.25972e-07-0j 0.000910914-0j 3.57188e-05-0j 5.99689e-05-0j 0.000296451-0j -8.72879e-05-0j -0.0114147-0j 0.000557819-0j 1.13937e-05-0j 2.18732e-05-0j 0.00105667-0j -0.000950413-0j 3.5337e-06-0j 6.05128e-05-0j -0.00231514-0j 0.000113864-0j -5.14349e-06-0j 0.000647073-0j 4.46484e-06-0j -0.000582007-0j -0.00146315-0j 3.56575e-06-0j 0.000634765-0j 6.70952e-06-0j 0.000644305-0j -0.000895994-0j 0.000132083-0j -0.000118802-0j -0.00190245-0j 0.000388713-0j 2.63094e-07-0j 7.78308e-06-0j -0.000182894-0j -0.00116501-0j 7.93456e-05-0j -7.00045e-06-0j -0.000385857-0j -1.07771e-05-0j -0.000237806-0j -0.000236288-0j 0.000107384-0j 4.67549e-06-0j -4.82322e-05-0j -1.40128e-05-0j 6.57591e-05-0j -2.84211e-06-0j 1.3423e-05-0j 7.90959e-07-0j 
0.0712816-0j -0.161386-0j 0.050926-0j 0.0642962-0j 0.0367258-0j 0.00919663-0j -0.0201605-0j 0.00848234-0j 0.00757263-0j -0.0144034-0j 0.0234011-0j -0.0245751-0j 0.00593267-0j 0.000856307-0j -0.0127426-0j -0.00183924-0j 0.00519109-0j 0.00346072-0j 0.00463435-0j 0.000749269-0j 0.000499513-0j 0.000668911-0j -0.0117529-0j 0.00214121-0j 0.0135021-0j -0.00169639-0j 0.00331094-0j 0.000309058-0j 0.00194887-0j 0.000477893-0j 0.00267456-0j -0.0246257-0j 0.000386039-0j -0.00355442-0j 0.00448186-0j 0.000792288-0j 6.6024e-05-0j -0.00949184-0j -0.00167794-0j -0.000139828-0j 0.00378865-0j 0.00338233-0j 0.00345855-0j 0.000669745-0j 0.000597917-0j 5.58121e-05-0j -0.00830536-0j 0.000611391-0j 4.98264e-05-0j -0.0055369-0j 0.00954146-0j 5.09493e-05-0j 0.00247091-0j -0.00146819-0j -0.000978796-0j 0.00311963-0j 0.00168671-0j -0.000122349-0j 0.000436799-0j -0.00342578-0j 0.00178192-0j -8.15663e-05-0j 0.000140559-0j 0.000551477-0j 3.63999e-05-0j 0.00681675-0j -0.000605599-0j 4.59564e-05-0j 0.000315002-0j -0.010124-0j -5.04666e-05-0j 0.00120504-0j 2.62501e-05-0j -0.017111-0j -0.00178968-0j 0.00010042-0j -0.00014914-0j -0.00302483-0j -0.00025207-0j 0.00362844-0j 0.00060474-0j 0.000370326-0j 7.55925e-05-0j 4.45433e-06-0j -0.00760562-0j -0.0012676-0j -0.000776245-0j 0.00299331-0j -0.00015845-0j 0.00267229-0j -9.33678e-06-0j 0.0026773-0j 0.000498885-0j 0.00183302-0j 0.000305504-0j 0.000445381-0j -0.00642926-0j 6.23607e-05-0j 0.000272739-0j 0.000446217-0j 0.00738614-0j 5.56726e-05-0j 3.67464e-06-0j -0.00586909-0j 0.000305504-0j 0.000273251-0j 3.28054e-06-0j 0.00185202-0j 0.000187082-0j -0.00107154-0j 5.57771e-05-0j 0.0017461-0j 0.00233825-0j 3.81879e-05-0j -0.000656184-0j 0.00123102-0j 3.2867e-06-0j -0.000978181-0j 0.00155883-0j 0.0013356-0j 2.25025e-06-0j -0.000133943-0j 0.000753845-0j -0.000599011-0j -0.00419308-0j 0.000308669-0j 0.000153878-0j -7.89266e-06-0j 0.000291016-0j 0.000189021-0j 0.000540172-0j 0.00681247-0j 0.000389708-0j -0.000122273-0j 9.06735e-06-0j 0.00017821-0j 0.000259806-0j 3.85837e-05-0j 0.000964479-0j 0.000238647-0j -0.00715424-0j -7.20498e-06-0j 0.0002226-0j -0.000698846-0j 3.6377e-05-0j 0.000159098-0j 4.87135e-05-0j 0.000954198-0j 0.000136314-0j 2.27357e-06-0j -0.000427954-0j 9.00286e-05-0j 0.00113541-0j 2.14354e-06-0j 3.24757e-05-0j -0.0124248-0j 2.7825e-05-0j 2.87047e-06-0j 5.5131e-05-0j -8.73558e-05-0j 0.000695295-0j 0.000160746-0j 1.91365e-06-0j -0.00119237-0j 1.6396e-06-0j -0.00975371-0j 9.84367e-05-0j 1.12536e-05-0j 0.000141926-0j 0.000159033-0j -0.000730177-0j -5.14749e-06-0j 6.63123e-07-0j 2.00933e-05-0j 9.73874e-05-0j -0.000149047-0j 8.36309e-06-0j -0.00207081-0j 1.18401e-06-0j 1.98791e-05-0j -0.0012681-0j -0.00162562-0j -8.78266e-06-0j -0.000258851-0j 1.17139e-06-0j -0.000995483-0j -1.52529e-05-0j -0.000203202-0j -1.19738e-05-0j 
-0.265613-0j 0.105826-0j 0.0648047-0j 0.0925975-0j 0.0381945-0j 0.011703-0j -0.0387109-0j 0.010794-0j 0.0109059-0j 0.00944475-0j 0.00779152-0j 0.00248943-0j 0.00754948-0j 0.00108967-0j 0.00835575-0j 0.00120605-0j -0.0193433-0j 0.00440387-0j -0.0195437-0j -0.00279196-0j 0.000635643-0j -0.0028209-0j 0.00770677-0j 0.00272475-0j 0.00449561-0j 0.00111238-0j 0.00476832-0j 0.000393284-0j 0.000648886-0j 0.000688247-0j 0.00278152-0j 0.000725628-0j 0.000401478-0j 0.000104735-0j 0.00570329-0j 0.00100821-0j 8.40174e-05-0j 0.00622409-0j 0.00110027-0j 9.16896e-05-0j 0.00482116-0j 0.00487112-0j -0.0128874-0j 0.000852269-0j 0.000861101-0j 7.10224e-05-0j -0.0159474-0j -0.0022782-0j 7.17584e-05-0j 0.00363072-0j -0.00930263-0j -0.00018985-0j 0.0031443-0j -0.00281912-0j 0.000641827-0j 0.00449279-0j -0.00164449-0j -0.000234927-0j 0.000555839-0j 0.00224639-0j 0.00185318-0j 5.34856e-05-0j -0.000137041-0j 0.00079422-0j 4.63199e-05-0j 0.00226967-0j 0.00039711-0j 6.6185e-05-0j 0.000327599-0j 0.00102555-0j 3.30925e-05-0j 0.000401225-0j 2.72999e-05-0j 0.000226112-0j 0.000181293-0j 3.34355e-05-0j 1.51077e-05-0j 3.99713e-05-0j 3.33094e-06-0j -0.0317495-0j -0.00529159-0j -0.00324042-0j -0.000661449-0j -3.89762e-05-0j 0.00498724-0j 0.000831207-0j 0.000509008-0j 0.00380907-0j 0.000103901-0j 0.00384854-0j 6.12242e-06-0j 0.00340694-0j 0.000634845-0j -0.0159932-0j 0.000388762-0j 0.000641424-0j 0.00421587-0j 7.93556e-05-0j 0.00039279-0j 0.000567823-0j 0.00245926-0j 8.0178e-05-0j 4.67608e-06-0j -0.0112694-0j -0.00266553-0j 0.000347719-0j 4.72453e-06-0j -0.00690108-0j -0.00163229-0j 0.000702645-0j 7.09778e-05-0j 0.00222196-0j -0.00986073-0j -0.000333191-0j 0.00043028-0j 0.000409876-0j 4.18241e-06-0j -0.00187824-0j 0.00224498-0j -0.00406735-0j -1.96335e-05-0j 8.78306e-05-0j 0.000250997-0j -0.00115018-0j 0.00274953-0j -0.00115018-0j 5.12345e-05-0j 5.17547e-06-0j 0.000370326-0j -0.000704338-0j 0.000687383-0j 0.00226825-0j -0.00164346-0j -0.000234779-0j 3.01902e-06-0j 0.000226778-0j 0.000374164-0j -0.000143772-0j 0.00138901-0j -0.00100641-0j 0.000724716-0j -1.38345e-05-0j -0.000677891-0j 0.000458255-0j 4.62908e-05-0j 0.000229128-0j -0.000205432-0j 0.000992359-0j -0.000415122-0j -8.47187e-06-0j 0.000280623-0j 0.000114564-0j 0.000378041-0j 2.72771e-06-0j 4.67705e-05-0j 0.000366113-0j -8.47364e-05-0j -1.21052e-05-0j 7.01557e-05-0j 5.72819e-05-0j 0.000231502-0j 0.000231502-0j 2.75598e-06-0j 0.000120786-0j -4.99314e-06-0j 6.99059e-05-0j 0.000141766-0j 1.43205e-05-0j 4.72552e-05-0j 0.000165393-0j 7.3966e-05-0j 3.37537e-06-0j 8.43842e-07-0j 2.89378e-05-0j 0.000101282-0j 1.50983e-05-0j 2.78454e-06-0j 6.10189e-05-0j 1.70517e-06-0j 2.06741e-05-0j 3.73663e-05-0j 1.1651e-05-0j 8.89673e-07-0j 7.62736e-06-0j 1.21824e-06-0j 7.13474e-06-0j 4.49446e-07-0j 1.45637e-06-0j 8.58176e-08-0j 
0.0867332-0j 0.101189-0j 0.0619652-0j 0.0885401-0j 0.0365209-0j -0.0437913-0j 0.0126406-0j 0.010321-0j 0.010428-0j 0.00903091-0j 0.00745012-0j 0.00238035-0j 0.00721869-0j 0.00104193-0j -0.0312664-0j -0.00451291-0j 0.00631635-0j 0.0042109-0j 0.00638181-0j 0.000911687-0j 0.000607791-0j 0.000921135-0j 0.00736908-0j 0.00260536-0j 0.00429863-0j 0.00106363-0j 0.00455938-0j 0.000376052-0j 0.000620454-0j 0.00065809-0j 0.00265964-0j 0.000693833-0j 0.000383886-0j 0.000100146-0j -0.0321061-0j -0.00567561-0j -0.000472968-0j 0.00595137-0j 0.00105206-0j 8.7672e-05-0j -0.0180403-0j -0.0182273-0j 0.00420826-0j -0.0031891-0j -0.00322215-0j -0.000265759-0j 0.00520745-0j 0.000743922-0j -0.000268513-0j 0.00347163-0j 0.00303768-0j 6.19935e-05-0j 0.00300652-0j 0.000920556-0j 0.000613704-0j 0.00429593-0j 0.000536991-0j 7.6713e-05-0j 0.000531483-0j 0.00214796-0j 0.00177198-0j 5.1142e-05-0j 4.47493e-05-0j 0.00075942-0j 4.42903e-05-0j 0.00217022-0j 0.00037971-0j 6.3285e-05-0j 0.000313245-0j 0.000980611-0j 3.16425e-05-0j 0.000383645-0j 2.61037e-05-0j 0.000216204-0j 0.000173349-0j 3.19704e-05-0j 1.44458e-05-0j 3.82199e-05-0j 3.18499e-06-0j 0.00441497-0j 0.000735829-0j 0.000450601-0j 9.19786e-05-0j 5.41989e-06-0j -0.0280752-0j -0.0046792-0j -0.00286541-0j 0.00364217-0j -0.0005849-0j 0.00367991-0j -3.44656e-05-0j -0.0127484-0j 0.000607028-0j 0.00223036-0j 0.000371727-0j 0.000613319-0j -0.0157753-0j 7.58785e-05-0j 0.000375579-0j -0.00212473-0j -0.00920229-0j 7.66648e-05-0j 4.47118e-06-0j 0.00367991-0j 0.000371727-0j -0.00130113-0j 4.51752e-06-0j 0.00225348-0j 0.000227635-0j -0.00262922-0j -0.000265592-0j 0.0021246-0j 0.00321992-0j 4.64659e-05-0j -0.00161006-0j -0.00153371-0j -1.56501e-05-0j 0.000613319-0j 0.00214661-0j 0.00132815-0j 2.73803e-06-0j -0.000328653-0j -0.000939204-0j 0.000375579-0j 0.00262906-0j 0.000375579-0j -0.000191714-0j -1.93661e-05-0j 0.0003541-0j 0.000229994-0j 0.000657264-0j 0.00216886-0j 0.000536654-0j 7.66648e-05-0j -1.12969e-05-0j 0.000216841-0j 0.000357769-0j 4.69474e-05-0j 0.00132815-0j 0.000328632-0j 0.000692961-0j 4.51752e-06-0j 0.000221358-0j 0.000438176-0j 4.42625e-05-0j 0.000219088-0j 6.70817e-05-0j 0.000948876-0j 0.000135554-0j 2.7664e-06-0j 0.000268327-0j 0.000109544-0j 0.000361477-0j 2.60819e-06-0j 4.47211e-05-0j 0.000350071-0j 2.76698e-05-0j 3.95283e-06-0j 6.70817e-05-0j 5.4772e-05-0j 0.000221358-0j 0.000221358-0j 2.63522e-06-0j 0.000115494-0j 1.63046e-06-0j 6.68428e-05-0j 0.000135554-0j 1.3693e-05-0j 4.51846e-05-0j 0.000158146-0j 7.07251e-05-0j 3.22747e-06-0j 8.06868e-07-0j 2.76698e-05-0j 9.68443e-05-0j 1.44367e-05-0j 2.66253e-06-0j 5.83452e-05-0j 1.63046e-06-0j 1.97683e-05-0j 3.5729e-05-0j 1.11405e-05-0j 8.5069e-07-0j 7.29315e-06-0j 1.16486e-06-0j 6.82212e-06-0j 4.29753e-07-0j 1.39256e-06-0j 8.20573e-08-0j 
-0.105826-0j 0.00475123-0j -0.0756055-0j 0.103754-0j 0.130153-0j -0.0136535-0j -0.000305264-0j 0.0244848-0j -0.0237593-0j -0.000218091-0j 0.0176405-0j 0.0113299-0j -0.00880773-0j -0.00127129-0j -0.000192944-0j -2.78491e-05-0j -0.00770677-0j 0.0251171-0j 0.0074784-0j -0.00111238-0j 0.00362534-0j 0.00107941-0j 0.000346009-0j -0.00317888-0j -0.0197899-0j 4.9942e-05-0j 0.00534282-0j -0.000458832-0j -0.00285643-0j 0.00077117-0j 0.0094784-0j 0.00413229-0j 0.00136809-0j 0.000596445-0j -0.00665384-0j -0.00117624-0j -9.80203e-05-0j -0.000143722-0j -2.54067e-05-0j -2.11722e-06-0j -0.00562469-0j 0.00545802-0j 0.00998334-0j -0.000994314-0j 0.00096485-0j -8.28595e-05-0j -0.000125757-0j 0.00176482-0j 8.04042e-05-0j 0.000409853-0j 0.00719265-0j 0.000147068-0j 0.00713244-0j -2.22309e-05-0j 7.24524e-05-0j -0.0097879-0j 0.00127149-0j -1.85257e-06-0j 0.00126085-0j -5.1872e-05-0j -0.0122783-0j 6.0377e-06-0j 0.000105958-0j -0.00173027-0j 0.000105071-0j 0.00513868-0j -9.16976e-06-0j -0.000144189-0j -0.00217052-0j 0.00466748-0j -7.64147e-07-0j 0.000908398-0j -0.000180877-0j 0.00154624-0j 0.000825102-0j 7.56999e-05-0j 6.87585e-05-0j 0.000273338-0j 2.27782e-05-0j 0.0370411-0j 0.00617352-0j 0.00378049-0j 0.00077169-0j 4.54723e-05-0j -0.000115162-0j -1.91936e-05-0j -1.17536e-05-0j -0.00444392-0j -2.3992e-06-0j 0.00431223-0j -1.41374e-07-0j 0.0077282-0j -0.000740653-0j -0.00272133-0j -0.000453555-0j 0.000718705-0j -9.73495e-05-0j -9.25816e-05-0j 0.000440115-0j 0.00128803-0j 0.0055679-0j 8.98382e-05-0j -5.45542e-06-0j 0.000172787-0j -0.000453555-0j 0.000788756-0j 5.29376e-06-0j -0.00274953-0j -0.000277745-0j -1.62249e-05-0j 0.000161004-0j 0.0126727-0j 0.0037732-0j -5.66944e-05-0j -9.9357e-06-0j 0.000927984-0j 9.48727e-06-0j 2.87978e-05-0j -0.0122972-0j 0.00473325-0j -3.34075e-06-0j -2.02812e-06-0j 0.000568272-0j 1.7635e-05-0j 0.000123445-0j -0.000458255-0j 0.000115998-0j -1.19508e-07-0j 0.00211212-0j -0.000280623-0j -0.000801947-0j -0.00998496-0j 0.000628867-0j 3.59973e-06-0j 6.83525e-06-0j 0.00129341-0j -0.00204954-0j -5.72819e-05-0j 0.00155637-0j 0.000385101-0j -0.00641302-0j 2.12116e-07-0j 0.000788875-0j 2.05742e-05-0j 0.000264015-0j -0.00125508-0j 7.86084e-05-0j 0.0033816-0j 0.000483085-0j -3.37537e-06-0j 1.25991e-05-0j -0.000133658-0j -0.00166416-0j 1.55573e-05-0j -0.000256192-0j 0.00208494-0j 9.86093e-05-0j 4.63204e-06-0j -8.18484e-05-0j 2.57177e-06-0j -0.00101909-0j 0.000259394-0j -1.50963e-05-0j -0.00106884-0j 5.81061e-06-0j 0.000557985-0j 0.000158846-0j -1.67072e-05-0j -0.00020802-0j 0.000563599-0j -0.000654526-0j 1.51543e-07-0j -9.84483e-07-0j 3.24243e-05-0j 0.000345133-0j -0.000133605-0j -1.22577e-05-0j 0.000347489-0j 1.91062e-06-0j 7.04499e-05-0j 0.000212793-0j 9.29974e-05-0j -7.87273e-06-0j 4.34362e-05-0j 4.1513e-06-0j 5.69491e-05-0j 2.5595e-06-0j 1.16247e-05-0j 6.84991e-07-0j 
0.0604718-0j 0.0705505-0j 0.0432032-0j 0.0617316-0j 0.025463-0j 0.00780197-0j 0.00881327-0j 0.007196-0j 0.00727057-0j 0.0062965-0j 0.00519435-0j 0.00165962-0j -0.0543538-0j -0.00784529-0j 0.0055705-0j 0.000804032-0j 0.00440387-0j 0.00293591-0j 0.0044495-0j 0.000635643-0j 0.000423762-0j 0.00064223-0j 0.00513784-0j 0.0018165-0j 0.00299708-0j 0.000741584-0j 0.00317888-0j 0.000262189-0j 0.000432591-0j 0.000458832-0j 0.00185435-0j 0.000483752-0j 0.000267652-0j 6.98235e-05-0j 0.00380219-0j 0.000672139-0j 5.60116e-05-0j -0.0448114-0j -0.00792161-0j -0.000660134-0j 0.00321411-0j 0.00324742-0j 0.00293407-0j 0.00056818-0j 0.000574068-0j 4.73483e-05-0j 0.00363072-0j 0.000518675-0j 4.7839e-05-0j 0.00242048-0j 0.00211792-0j 4.32229e-05-0j 0.0020962-0j 0.000641827-0j 0.000427885-0j 0.00299519-0j 0.000374399-0j 5.34856e-05-0j 0.000370559-0j 0.0014976-0j 0.00123545-0j 3.56571e-05-0j 3.11999e-05-0j 0.00052948-0j 3.08799e-05-0j 0.00151312-0j 0.00026474-0j 4.41234e-05-0j 0.000218399-0j 0.000683699-0j 2.20617e-05-0j 0.000267484-0j 1.82e-05-0j 0.000150741-0j 0.000120862-0j 2.22903e-05-0j 1.00718e-05-0j 2.66476e-05-0j 2.22063e-06-0j 0.00307819-0j 0.000513032-0j 0.000314167-0j 6.4129e-05-0j 3.77884e-06-0j 0.00332483-0j 0.000554138-0j 0.000339339-0j -0.027424-0j 6.92673e-05-0j -0.0277082-0j 4.08161e-06-0j 0.00227129-0j -0.00457067-0j 0.00155505-0j -0.00279895-0j -0.00461804-0j 0.00281058-0j -0.000571334-0j -0.00282796-0j 0.000378548-0j 0.0016395-0j -0.000577255-0j -3.36662e-05-0j 0.0025657-0j 0.000259174-0j 0.000231813-0j -3.40151e-05-0j 0.00157116-0j 0.000158711-0j 0.00046843-0j 4.73186e-05-0j 0.00148131-0j 0.00224498-0j 3.23968e-05-0j 0.000286853-0j 0.000273251-0j 2.78827e-06-0j 0.000427616-0j 0.00149666-0j 0.000926008-0j 1.909e-06-0j 5.85537e-05-0j 0.000167331-0j 0.00026186-0j 0.00183302-0j 0.00026186-0j 3.41563e-05-0j 3.45031e-06-0j 0.000246884-0j 0.000160356-0j 0.000458255-0j 0.00151217-0j 0.000374164-0j 5.3452e-05-0j 2.01268e-06-0j 0.000151185-0j 0.000249443-0j 3.27325e-05-0j 0.000926008-0j 0.000229128-0j 0.000483144-0j 3.14969e-06-0j 0.000154335-0j 0.000305504-0j 3.08605e-05-0j 0.000152752-0j 4.67705e-05-0j 0.000661572-0j 9.45103e-05-0j 1.92878e-06-0j 0.000187082-0j 7.63759e-05-0j 0.000252028-0j 1.81847e-06-0j 3.11803e-05-0j 0.000244075-0j 1.92918e-05-0j 2.75598e-06-0j 4.67705e-05-0j 3.81879e-05-0j 0.000154335-0j 0.000154335-0j 1.83732e-06-0j 8.0524e-05-0j 1.13678e-06-0j 4.66039e-05-0j 9.45103e-05-0j 9.54699e-06-0j 3.15034e-05-0j 0.000110262-0j 4.93107e-05-0j 2.25025e-06-0j 5.62562e-07-0j 1.92918e-05-0j 6.75215e-05-0j 1.00655e-05-0j 1.85636e-06-0j 4.06792e-05-0j 1.13678e-06-0j 1.37828e-05-0j 2.49109e-05-0j 7.76732e-06-0j 5.93115e-07-0j 5.08491e-06-0j 8.12157e-07-0j 4.75649e-06-0j 2.99631e-07-0j 9.70915e-07-0j 5.72117e-08-0j 
-0.0648047-0j -0.0756055-0j -0.0393322-0j 0.19339-0j -0.0272875-0j -0.008361-0j -0.00944475-0j 0.0225433-0j -0.00779152-0j -0.00573234-0j 0.0162726-0j -0.00177853-0j -0.00539361-0j -0.000778501-0j -0.00596963-0j -0.000861643-0j 0.0137962-0j -0.00314627-0j -0.00476832-0j 0.00199131-0j -0.000454125-0j -0.000688247-0j 0.0160956-0j -0.0239799-0j -0.00321182-0j 0.0023232-0j -0.00289405-0j -0.00346119-0j -0.000463586-0j -0.000417721-0j 0.00580921-0j -0.000518413-0j 0.000838487-0j -7.48265e-05-0j -0.00407463-0j -0.000720299-0j -6.00249e-05-0j -0.00444671-0j -0.000786074-0j -6.55062e-05-0j 0.010069-0j -0.0034801-0j -0.0031443-0j 0.00177997-0j -0.0006152-0j 0.000148331-0j 0.0113742-0j -0.000555839-0j -5.12667e-05-0j -0.00259391-0j -0.00226967-0j -4.63199e-05-0j -0.00190838-0j 0.00201069-0j -0.000458543-0j 0.0093832-0j -0.000401225-0j 0.000167557-0j -0.000337357-0j -0.0197699-0j -0.00132398-0j -3.82119e-05-0j -3.34355e-05-0j 0.00165873-0j -2.81131e-05-0j -0.00137754-0j -0.00349487-0j 0.000138228-0j -0.000234048-0j 0.00214186-0j -0.000291239-0j -0.000243517-0j -1.9504e-05-0j -0.000161542-0j 0.000378631-0j -2.02931e-05-0j 3.15526e-05-0j -2.85569e-05-0j -2.37974e-06-0j 0.022683-0j 0.00378049-0j 0.00231507-0j 0.000472562-0j 2.7846e-05-0j -0.00356306-0j -0.000593843-0j -0.000363653-0j 0.00795525-0j -7.42304e-05-0j -0.00274953-0j -4.37407e-06-0j -0.00243403-0j 0.00132588-0j -0.00166647-0j 0.000811929-0j -0.000458255-0j 0.00880485-0j 0.000165734-0j -0.000280623-0j -0.000405672-0j -0.00175698-0j -5.72819e-05-0j 9.76599e-06-0j -0.00274953-0j -0.000277745-0j -0.000248422-0j -3.37537e-06-0j -0.00143039-0j -0.000170083-0j 0.00146748-0j -5.0709e-05-0j 0.00464056-0j 0.00703298-0j -3.47181e-05-0j 0.000898641-0j -0.00029283-0j -2.98806e-06-0j -0.000458255-0j -0.00160389-0j -0.000992359-0j -2.04578e-06-0j 0.000183434-0j -0.000179321-0j -0.000280623-0j -0.00166878-0j -0.000238398-0j -3.66037e-05-0j 1.0809e-05-0j 0.000773427-0j -0.000145988-0j -0.0154613-0j 0.00473724-0j 0.00117216-0j -5.72819e-05-0j -2.15689e-06-0j 0.000473626-0j -0.000267316-0j -2.97997e-05-0j -0.0122243-0j 0.000717801-0j -0.000517762-0j -3.37537e-06-0j -0.000165393-0j -0.000278131-0j 9.66784e-05-0j -0.000163697-0j 0.00014652-0j -0.000602296-0j -0.000101282-0j -1.75597e-06-0j -0.00017032-0j -0.00257688-0j 0.00078954-0j 5.69683e-06-0j -3.34145e-05-0j 0.000764628-0j -2.06741e-05-0j 8.6338e-06-0j -0.00157801-0j -3.47663e-05-0j 0.000483493-0j -0.00203739-0j -1.96897e-06-0j -8.62937e-05-0j -1.21824e-06-0j -4.99432e-05-0j -0.00124764-0j -0.00032211-0j 9.86925e-05-0j -0.000100383-0j -5.28439e-05-0j -2.04863e-06-0j -1.89805e-05-0j -0.000254674-0j -6.14716e-05-0j -1.07867e-05-0j 5.81551e-06-0j 0.000127438-0j -1.50068e-05-0j -1.25478e-05-0j 7.80396e-05-0j -8.32386e-06-0j -6.35613e-07-0j 1.59298e-05-0j -7.39388e-07-0j -5.09731e-06-0j 9.3867e-07-0j -1.04048e-06-0j -6.13111e-08-0j 
0.0925975-0j -0.103754-0j -0.19339-0j 0.09083-0j 0.182787-0j 0.0119468-0j -0.0129611-0j -0.0105963-0j -0.0111243-0j 0.0270693-0j -0.00675844-0j 0.0264652-0j 0.00770677-0j 0.00111238-0j -0.00819217-0j -0.00118244-0j -0.00648479-0j 0.00449561-0j -0.00680796-0j -0.000935999-0j 0.000648886-0j -0.000982645-0j 0.00726611-0j -0.0135876-0j 0.00405506-0j 0.00104877-0j 0.0142184-0j -0.00196119-0j 0.000585298-0j 0.00205226-0j -0.0128009-0j 0.0133791-0j -0.00184766-0j 0.00193111-0j 0.00582211-0j 0.00102921-0j 8.57677e-05-0j -0.00610225-0j -0.00107874-0j -8.98946e-05-0j -0.00473285-0j -0.00496871-0j 0.00449279-0j -0.000836657-0j -0.000878352-0j -6.97214e-05-0j 0.00513469-0j 0.00079422-0j -7.3196e-05-0j -0.00355965-0j 0.00286556-0j 6.6185e-05-0j -0.0093832-0j 0.000907693-0j -0.000629262-0j 0.00440703-0j 0.000506564-0j 7.56411e-05-0j -0.00165873-0j 0.0107587-0j 0.00886875-0j -5.24385e-05-0j 4.22137e-05-0j 0.000779061-0j -0.000138228-0j -0.00598473-0j 0.00190188-0j 6.49217e-05-0j 0.00156779-0j -0.0104845-0j 0.00015849-0j -0.00105796-0j 0.000130649-0j 0.00637786-0j -0.00185341-0j -8.81634e-05-0j -0.000154451-0j 0.00112746-0j 9.39547e-05-0j -0.032411-0j -0.00540183-0j -0.00330793-0j -0.000675229-0j -3.97882e-05-0j -0.00488961-0j -0.000814935-0j -0.000499044-0j -0.00373929-0j -0.000101867-0j -0.00392564-0j -6.00257e-06-0j 0.00347791-0j -0.000623216-0j 0.00238116-0j -0.00038164-0j -0.000654274-0j 0.00397481-0j -7.7902e-05-0j -0.000400659-0j 0.000579652-0j 0.00221826-0j -8.17842e-05-0j -4.59042e-06-0j -0.0037732-0j 0.000396861-0j 0.000354963-0j -4.81918e-06-0j -0.00703298-0j 0.000243027-0j 0.000662469-0j 7.24565e-05-0j -0.00218125-0j 0.0033032-0j 4.96076e-05-0j 0.000405678-0j 0.00036971-0j 4.26954e-06-0j -0.000628867-0j -0.00228996-0j 0.00664738-0j 2.92316e-06-0j 8.28086e-05-0j 0.0002264-0j -0.000385101-0j 0.00788034-0j -0.00117216-0j 4.62137e-05-0j 4.87954e-06-0j -0.000363542-0j -0.000717801-0j -0.00480428-0j -0.0019675-0j 0.000550533-0j -7.86084e-05-0j 2.72317e-06-0j -0.000222623-0j -0.00038166-0j -0.00014652-0j 0.00692118-0j 0.000337131-0j 0.00770447-0j -4.63204e-06-0j 0.0011079-0j 0.00131339-0j -4.54428e-05-0j -0.000233718-0j 6.88166e-05-0j -0.0138831-0j 0.000678446-0j -8.6338e-06-0j 0.000804284-0j -0.000800713-0j -0.000327917-0j -2.67774e-06-0j -4.77075e-05-0j -0.0064915-0j 0.000138487-0j 4.05506e-06-0j -0.000490334-0j 0.000164174-0j -0.000200807-0j 0.00115353-0j -2.81119e-06-0j 0.00128408-0j 8.16043e-06-0j 0.00279182-0j 0.00070639-0j -0.000100089-0j -4.09896e-05-0j -0.00231385-0j 0.000786335-0j 9.67404e-06-0j -5.89781e-06-0j 0.000144191-0j -0.00141694-0j 0.00016051-0j -2.41533e-06-0j -0.00108192-0j 8.49655e-06-0j -0.000289231-0j -0.000662536-0j 0.000465304-0j 9.45813e-06-0j -0.00013524-0j -1.70431e-05-0j 0.000284939-0j -7.96907e-06-0j 5.8163e-05-0j 3.42729e-06-0j 
-0.0381945-0j 0.130153-0j -0.0272875-0j -0.182787-0j 0.221321-0j -0.00492779-0j 0.0162589-0j -0.00454506-0j -0.0215281-0j 0.0116159-0j -0.00401436-0j 0.0194541-0j -0.00317888-0j -0.000458832-0j 0.0102766-0j 0.0014833-0j -0.00278152-0j -0.00185435-0j -0.0131749-0j -0.000401478-0j -0.000267652-0j -0.00190164-0j 0.0094784-0j -0.00114732-0j -0.00231623-0j 0.00136809-0j -0.00941264-0j -0.000165601-0j -0.00033432-0j -0.0013586-0j 0.0161177-0j -0.00937857-0j 0.00232639-0j -0.00135368-0j -0.0024015-0j -0.000424529-0j -3.53774e-05-0j 0.00765489-0j 0.00135321-0j 0.000112767-0j -0.00203006-0j -0.00961558-0j -0.00185318-0j -0.000358867-0j -0.00169981-0j -2.99056e-05-0j 0.00669803-0j -0.000327599-0j -0.000141651-0j 0.00446535-0j -0.0016368-0j -2.72999e-05-0j -0.00132398-0j 0.00118406-0j 0.000789371-0j -0.00886875-0j -0.000289347-0j 9.86713e-05-0j -0.000234048-0j 0.0027628-0j 0.0107384-0j 6.57809e-05-0j -2.41123e-05-0j -0.00156779-0j -1.9504e-05-0j -0.00116938-0j 0.000488398-0j -0.000130649-0j 0.0018983-0j 0.00801432-0j 4.06998e-05-0j -0.00020672-0j 0.000158192-0j -0.0190438-0j 0.00141675-0j -1.72267e-05-0j 0.000118062-0j -0.00336649-0j -0.000280541-0j 0.0133688-0j 0.00222814-0j 0.00136445-0j 0.000278518-0j 1.64118e-05-0j 0.00613371-0j 0.00102229-0j 0.00062602-0j -0.00160389-0j 0.000127786-0j -0.00759701-0j 7.52984e-06-0j -0.00143457-0j -0.000267316-0j -0.00098218-0j -0.000163697-0j -0.00126617-0j 0.00518501-0j -3.34145e-05-0j -0.000775366-0j -0.000239094-0j -0.00126706-0j -0.000158271-0j -1.96897e-06-0j 0.00473325-0j -0.000163697-0j -0.000146415-0j -9.32621e-06-0j -0.000992359-0j -0.000100243-0j 0.000864169-0j -2.98868e-05-0j -0.000935605-0j -0.00664738-0j -2.04621e-05-0j 0.000529193-0j -0.000211177-0j -1.7611e-06-0j 0.000788875-0j -0.00443159-0j 0.00804874-0j -1.20574e-06-0j 0.000108021-0j -0.000129319-0j 0.000483085-0j 0.0033816-0j -0.000165393-0j -2.63971e-05-0j 6.36521e-06-0j -0.000155934-0j -0.000101282-0j -0.000289438-0j -0.00116865-0j -0.0011079-0j 9.86093e-05-0j -1.55546e-06-0j -9.54898e-05-0j -0.000738598-0j -2.06741e-05-0j -0.00274191-0j -0.000678446-0j 0.00566342-0j 5.81061e-06-0j 0.00134146-0j 0.000563599-0j -1.94918e-05-0j -0.000452297-0j -0.000138487-0j 0.0057503-0j 0.000821471-0j -1.21824e-06-0j 0.000345133-0j -4.82397e-05-0j -0.000194775-0j -1.14856e-06-0j -9.23248e-05-0j -0.00473193-0j 0.000167682-0j -8.16043e-06-0j -2.95406e-05-0j 7.04499e-05-0j -0.000119275-0j -0.000456984-0j -5.44029e-06-0j 0.000943904-0j 9.88077e-06-0j -0.0170016-0j -0.000279845-0j -6.02996e-06-0j -2.43469e-05-0j 0.000958383-0j 0.00057802-0j 4.1513e-06-0j -3.55319e-07-0j -5.7123e-05-0j 0.000586888-0j 0.000117988-0j -1.43465e-06-0j -0.000788655-0j -3.36601e-06-0j 0.000119798-0j -0.000482951-0j -0.0028336-0j 6.95251e-06-0j -9.85819e-05-0j 7.05916e-06-0j -0.00173522-0j -5.80899e-06-0j -0.0003542-0j -2.08715e-05-0j 
0.286895-0j -0.00226237-0j -0.0699971-0j 0.0960575-0j 0.120498-0j -0.0126406-0j 0.000827573-0j -0.0116589-0j 0.0113134-0j -0.000201913-0j 0.0163319-0j 0.0104895-0j -0.00815437-0j -0.00117698-0j -0.000178632-0j -2.57833e-05-0j 0.0208931-0j -0.00475672-0j -0.020274-0j 0.00301566-0j -0.000686573-0j -0.0029263-0j -0.000164758-0j -0.00294307-0j 0.00942331-0j -2.37807e-05-0j 0.00494649-0j -0.000424795-0j 0.00136014-0j 0.000713965-0j 0.00877529-0j 0.00382576-0j 0.0012666-0j 0.000552201-0j 0.0362677-0j 0.00641128-0j 0.000534274-0j -0.000133061-0j -2.3522e-05-0j -1.96017e-06-0j -0.00520745-0j 0.00505314-0j 0.01392-0j -0.000920556-0j 0.000893278-0j -7.6713e-05-0j 0.000340928-0j 0.00246073-0j 7.44398e-05-0j -7.76187e-05-0j -0.0194994-0j 0.000205061-0j -0.00339623-0j 6.02681e-05-0j -1.37212e-05-0j 0.00466067-0j -0.00344703-0j 5.02234e-06-0j -0.000600374-0j -4.80241e-05-0j 0.00584652-0j -1.14343e-06-0j -0.000287253-0j 0.000823898-0j -5.00312e-05-0j 0.00475749-0j -8.48955e-06-0j 6.86582e-05-0j 0.00103353-0j 0.00432125-0j -7.07462e-07-0j 0.000841013-0j 8.61274e-05-0j 0.00143154-0j 0.000763896-0j 7.00845e-05-0j 6.3658e-05-0j 0.000253062-0j 2.10885e-05-0j -0.00498724-0j -0.000831207-0j -0.000509008-0j -0.000103901-0j -6.12242e-06-0j 0.000627705-0j 0.000104617-0j 6.40648e-05-0j -0.00411427-0j 1.30772e-05-0j 0.00399235-0j 7.7058e-07-0j -0.00367991-0j -0.000685711-0j 0.0172746-0j -0.00041991-0j 0.000665392-0j -9.01282e-05-0j -8.57139e-05-0j 0.000407468-0j -0.000613319-0j 0.00515488-0j 8.3174e-05-0j -5.05074e-06-0j 0.000240921-0j 0.0028791-0j -0.000375579-0j 4.90107e-06-0j 0.00745401-0j 0.00176308-0j -1.50214e-05-0j -7.66648e-05-0j -0.00239999-0j -0.0102292-0j 0.000359887-0j -9.19867e-06-0j 0.000859146-0j -4.51752e-06-0j 4.01535e-05-0j 0.00232887-0j -0.0128319-0j 2.12066e-05-0j -1.87767e-06-0j 0.000526117-0j 2.45889e-05-0j -5.87804e-05-0j 0.00124234-0j 0.000107393-0j -1.10643e-07-0j -0.000399998-0j 0.000760772-0j -0.000742459-0j 0.0047545-0j -0.00170487-0j 5.01919e-06-0j 6.32821e-06-0j -0.000244948-0j 0.000388145-0j 0.000155292-0j 0.00144092-0j -0.00104401-0j 0.00305367-0j 2.95758e-07-0j -0.00213865-0j -9.79673e-06-0j -4.99998e-05-0j 0.000237689-0j -0.000213108-0j 0.00313075-0j -0.00130965-0j 9.15067e-06-0j -5.99925e-06-0j -0.000123743-0j 0.000792417-0j -2.94626e-06-0j 4.85182e-05-0j 0.00193028-0j -0.000267331-0j -1.25575e-05-0j -7.57769e-05-0j -1.22459e-06-0j 0.000485254-0j 0.000240153-0j 2.85896e-06-0j 0.000508944-0j -1.57526e-05-0j 0.000516593-0j 0.000147063-0j -1.54679e-05-0j 9.90521e-05-0j 0.000521792-0j 0.000311663-0j -7.21597e-08-0j -9.11454e-07-0j 3.00191e-05-0j 0.000319531-0j 6.3618e-05-0j 5.8367e-06-0j 0.000321713-0j 1.76889e-06-0j 6.5224e-05-0j 0.000197008-0j 8.60989e-05-0j 3.74873e-06-0j 4.02141e-05-0j 3.84336e-06-0j 5.27246e-05-0j 2.36964e-06-0j 1.07624e-05-0j 6.34178e-07-0j 
-0.0946534-0j -0.00218566-0j -0.0676236-0j 0.0928004-0j 0.116412-0j 0.0477902-0j -0.000273036-0j -0.0112635-0j 0.0109298-0j -0.000195066-0j 0.0157781-0j 0.0101338-0j 0.0385996-0j 0.00557138-0j 0.000675349-0j 9.74782e-05-0j -0.00689314-0j -0.00459543-0j 0.00668888-0j -0.000994939-0j -0.000663293-0j 0.000965457-0j -0.000159171-0j -0.00284328-0j 0.00910378-0j -2.29744e-05-0j 0.00477877-0j -0.000410391-0j 0.00131402-0j 0.000689756-0j 0.00847774-0j 0.00369604-0j 0.00122366-0j 0.000533477-0j -0.00595137-0j -0.00105206-0j -8.7672e-05-0j 0.000629857-0j 0.000111344-0j 9.27867e-06-0j 0.0196877-0j -0.0191043-0j -0.00459254-0j 0.00348032-0j -0.00337719-0j 0.000290027-0j -0.00011248-0j -0.000811854-0j -0.000281433-0j -7.49868e-05-0j 0.0064333-0j -6.76545e-05-0j -0.00328107-0j -1.98839e-05-0j -1.32559e-05-0j 0.00450264-0j 0.00113726-0j -1.65699e-06-0j -0.000580017-0j -4.63957e-05-0j 0.00564828-0j -1.10466e-06-0j 9.47715e-05-0j 0.000795961-0j -4.83347e-05-0j 0.00459617-0j -8.20168e-06-0j 6.63301e-05-0j 0.000998484-0j 0.00417472-0j -6.83474e-07-0j 0.000812496-0j 8.3207e-05-0j 0.001383-0j 0.000737994-0j 6.7708e-05-0j 6.14995e-05-0j 0.000244481-0j 2.03734e-05-0j -0.00481813-0j -0.000803022-0j -0.000491749-0j -0.000100378-0j -5.91482e-06-0j -0.000103004-0j -1.71673e-05-0j -1.05128e-05-0j 0.0194753-0j -2.14591e-06-0j -0.0188982-0j -1.26449e-07-0j 0.0139125-0j 0.00324589-0j -0.00243403-0j 0.00198769-0j -0.0031497-0j 0.000340745-0j 0.000405736-0j -0.00192879-0j 0.00231876-0j -0.0194889-0j -0.000393713-0j 2.39082e-05-0j -7.94856e-05-0j -0.000405672-0j 0.00141994-0j -2.31998e-05-0j -0.00245926-0j -0.000248422-0j 5.67909e-05-0j 0.000289845-0j -0.00231861-0j 0.00337486-0j -5.0709e-05-0j 3.47772e-05-0j -0.00324815-0j 1.70793e-05-0j -1.32476e-05-0j 0.0022499-0j 0.00423355-0j -2.98806e-06-0j 7.09886e-06-0j -0.00198908-0j -8.11246e-06-0j -5.67872e-05-0j -0.000409876-0j -0.000406019-0j 4.18304e-07-0j -0.000386435-0j -0.000250997-0j -0.000717283-0j 0.00459329-0j 0.000562476-0j -1.65595e-06-0j -2.39249e-05-0j -0.000236642-0j 0.000374984-0j -5.12345e-05-0j 0.00139206-0j 0.000344445-0j 0.00295012-0j -9.75777e-08-0j 0.000705591-0j -9.46454e-06-0j -4.83044e-05-0j 0.00022963-0j 7.03095e-05-0j 0.00302459-0j 0.000432085-0j -3.01902e-06-0j -5.79582e-06-0j -0.000119547-0j 0.000765548-0j -2.84636e-06-0j 4.6873e-05-0j 0.00186482-0j 8.81989e-05-0j 4.14303e-06-0j -7.32074e-05-0j -1.18307e-06-0j 0.0004688-0j 0.000232009-0j 2.76202e-06-0j 0.000491687-0j 5.19717e-06-0j 0.000499077-0j 0.000142076-0j -1.49434e-05-0j 9.56935e-05-0j 0.000504099-0j 0.000301096-0j -6.97129e-08-0j -8.80548e-07-0j 2.90012e-05-0j 0.000308696-0j 6.14609e-05-0j 5.63879e-06-0j 0.000310804-0j 1.70891e-06-0j 6.30123e-05-0j 0.000190328-0j 8.31794e-05-0j 3.62162e-06-0j 3.88505e-05-0j 3.71304e-06-0j 5.09368e-05-0j 2.28929e-06-0j 1.03974e-05-0j 6.12674e-07-0j 
-0.0799967-0j 0.181462-0j 0.167073-0j 0.0785313-0j -0.0336844-0j -0.010321-0j -0.0116589-0j -0.0177989-0j 0.0187006-0j 0.0243496-0j 0.00660794-0j -0.00219547-0j -0.00665802-0j -0.000961002-0j -0.00736908-0j -0.00106363-0j 0.00560233-0j 0.0189867-0j -0.00588614-0j 0.000808627-0j 0.0027405-0j -0.000849591-0j -0.0127082-0j 0.0117385-0j 0.00770876-0j -0.00183427-0j 0.0122932-0j 0.00169431-0j 0.00111266-0j 0.00177437-0j 0.00235899-0j -0.000639943-0j 0.00034049-0j -9.23679e-05-0j 0.0296125-0j 0.00523479-0j 0.000436233-0j -0.00548914-0j -0.000970351-0j -8.08626e-05-0j 0.0040888-0j -0.00429593-0j 0.00754669-0j 0.000722804-0j -0.00075942-0j 6.02336e-05-0j 0.00461879-0j 0.00133408-0j -6.3285e-05-0j 0.0156534-0j -0.00280175-0j 0.000111173-0j -0.0157613-0j 0.000816494-0j 0.00276716-0j -0.00740845-0j -0.000495283-0j 6.80411e-05-0j -0.00278623-0j 0.00967772-0j 0.0031777-0j 0.000230596-0j -4.12736e-05-0j -0.00130964-0j -0.000232186-0j 0.00585145-0j 0.0017108-0j -0.000109137-0j 0.000561744-0j 0.00086976-0j 0.000142566-0j 0.0010344-0j 4.6812e-05-0j -0.000199412-0j 0.000153753-0j 8.62001e-05-0j 1.28128e-05-0j -3.52514e-05-0j -2.93762e-06-0j -0.00407207-0j -0.000678678-0j -0.000415604-0j -8.48347e-05-0j -4.99893e-06-0j 0.0258946-0j 0.00431577-0j 0.00264286-0j 0.00323045-0j 0.000539471-0j -0.0033941-0j 3.17886e-05-0j 0.00584197-0j 0.000538408-0j -0.00205713-0j 0.000329706-0j -0.000565683-0j 0.00357545-0j 6.7301e-05-0j -0.000346408-0j 0.000973662-0j -0.00216886-0j -7.07103e-05-0j 3.96575e-06-0j 0.00659921-0j -0.000342855-0j 0.000596244-0j -4.16665e-06-0j 0.00607592-0j -0.000209955-0j 0.000595908-0j 0.000121708-0j -0.00921229-0j 0.00285593-0j -4.28569e-05-0j 0.000364918-0j -0.000361477-0j 7.1717e-06-0j 0.00109987-0j 0.00967897-0j -0.00122499-0j -2.52537e-06-0j 7.44885e-05-0j -0.000221358-0j 0.000673529-0j -0.0137825-0j 0.00101265-0j -4.51846e-05-0j 4.38928e-06-0j -0.00153538-0j 0.000620121-0j 0.0041505-0j -0.00374026-0j 0.000475989-0j 0.000137484-0j -2.66253e-06-0j -0.000940225-0j 0.00161316-0j 0.000126582-0j 0.00598402-0j 0.000291482-0j 0.00124269-0j 8.1013e-06-0j -0.000204166-0j -0.00229708-0j -0.000191923-0j 0.000987855-0j 5.94986e-05-0j 0.0025584-0j -0.000125025-0j 7.4589e-06-0j -0.00140667-0j 0.000691751-0j -0.000623377-0j -1.13091e-05-0j 0.000201645-0j 0.000310498-0j -2.55207e-05-0j 3.50599e-06-0j 0.000423609-0j -0.000287135-0j -0.000381739-0j 0.000997337-0j 1.18821e-05-0j 0.000207115-0j -1.50382e-06-0j -6.16512e-05-0j 0.000610742-0j 8.64688e-05-0j -7.79221e-05-0j 0.000426401-0j 0.000126832-0j -1.69196e-05-0j 5.09522e-06-0j 0.000124667-0j 0.000261116-0j 2.58894e-05-0j -4.5916e-06-0j 5.17497e-05-0j 7.34608e-06-0j 5.33001e-05-0j 3.16901e-05-0j -1.02752e-05-0j 1.52555e-06-0j 6.46871e-06-0j 3.14074e-06-0j -6.29225e-06-0j 3.81172e-07-0j -1.2844e-06-0j -7.5684e-08-0j 
0.0808257-0j 0.176085-0j 0.0577447-0j -0.0824449-0j 0.15955-0j 0.010428-0j -0.0113134-0j -0.0187006-0j 0.0188796-0j -0.00808267-0j 0.00613453-0j 0.0231007-0j 0.00672702-0j 0.000970961-0j -0.00715072-0j -0.00103212-0j 0.00588614-0j -0.0191835-0j -0.00594248-0j 0.000849591-0j -0.0027689-0j -0.000857723-0j 0.0128234-0j 0.00242791-0j -0.00688201-0j 0.0018509-0j -0.00424551-0j 0.000350438-0j -0.000993333-0j -0.000612787-0j 0.0116192-0j 0.0116783-0j 0.00167709-0j 0.00168561-0j -0.0299193-0j -0.00528904-0j -0.000440753-0j -0.00532648-0j -0.000941598-0j -7.84665e-05-0j 0.00429593-0j -0.00433705-0j -0.0076249-0j 0.00075942-0j -0.000766689-0j 6.3285e-05-0j -0.00466067-0j -0.0013479-0j -6.38907e-05-0j 0.0151896-0j 0.00250127-0j -0.000112325-0j -0.00544749-0j -0.000823898-0j 0.00268516-0j 0.00777765-0j 0.000442165-0j -6.86582e-05-0j -0.00096299-0j -0.00192243-0j -0.0150515-0j 0.000223763-0j 3.68471e-05-0j 0.00137491-0j -8.02491e-05-0j 0.00178699-0j -0.000339841-0j 0.000114576-0j -0.00266076-0j 0.00951659-0j -2.832e-05-0j 0.000315898-0j -0.00022173-0j 0.00556705-0j 0.00168231-0j 2.63249e-05-0j 0.000140193-0j 0.000984125-0j 8.20104e-05-0j 0.00411427-0j 0.000685711-0j 0.00041991-0j 8.57139e-05-0j 5.05074e-06-0j 0.0251273-0j 0.00418788-0j 0.00256454-0j 0.0033941-0j 0.000523486-0j -0.00342658-0j 3.08467e-05-0j -0.00590251-0j 0.000565683-0j 0.00207845-0j 0.000346408-0j -0.000571097-0j -0.00360787-0j 7.07103e-05-0j -0.000349724-0j -0.000983752-0j 0.00193625-0j -7.13871e-05-0j 4.16665e-06-0j 0.00640366-0j 0.000346408-0j -0.000602423-0j -4.20653e-06-0j 0.00209999-0j 0.000212131-0j -0.000601312-0j -0.000122969-0j -0.00967897-0j -0.00299826-0j 4.33011e-05-0j -0.000368227-0j 0.000322709-0j -7.24602e-06-0j 0.00106728-0j 0.00977161-0j 0.00580231-0j 2.55154e-06-0j -7.5164e-05-0j 0.000197618-0j 0.000653571-0j 0.004575-0j 0.000349998-0j 4.03386e-05-0j -4.42908e-06-0j -0.00161316-0j 0.000214329-0j 0.000612497-0j -0.0034723-0j -0.00049971-0j 0.00013341-0j 2.37698e-06-0j -0.000987855-0j 0.0016286-0j 4.37498e-05-0j -0.00123672-0j -0.000306009-0j -0.0130756-0j 7.86124e-06-0j 0.000967052-0j 0.000762499-0j -0.000201645-0j 0.000997311-0j -6.24637e-05-0j 0.00414537-0j 0.000592196-0j 2.57798e-06-0j 0.000466934-0j 0.000102083-0j -0.000578716-0j -1.18821e-05-0j 0.000203575-0j 0.00589223-0j 0.000120881-0j -3.68071e-06-0j 6.25127e-05-0j 9.53124e-05-0j -0.00035439-0j -0.00020612-0j 1.19958e-05-0j -0.00217926-0j 7.12301e-06-0j 0.0024369-0j -0.000126222-0j 1.27604e-05-0j -7.23396e-05-0j 0.000690895-0j -0.00133452-0j 5.61634e-06-0j 7.51911e-07-0j -2.5765e-05-0j 0.000423085-0j -0.000272408-0j -4.26265e-06-0j 0.000982038-0j -1.51822e-06-0j 8.63619e-05-0j 0.000601373-0j 0.000406151-0j -1.60518e-05-0j 0.000122755-0j 5.08892e-06-0j 0.000248716-0j 7.23339e-06-0j 5.07688e-05-0j 2.99158e-06-0j 
0.0699971-0j 0.00161632-0j 0.0424836-0j 0.200616-0j -0.0860881-0j 0.00903091-0j 0.000201913-0j -0.0243496-0j -0.00808267-0j 0.000122548-0j 0.0341092-0j -0.00749404-0j 0.00582577-0j 0.000840877-0j 0.000127621-0j 1.84205e-05-0j -0.0149016-0j 0.00339836-0j -0.00494649-0j -0.00215086-0j 0.000490512-0j -0.000713965-0j -0.000344097-0j 0.0259012-0j -0.00673234-0j -4.96661e-05-0j -0.0030022-0j 0.00373852-0j -0.000971729-0j -0.00043333-0j 0.0183272-0j -0.00273326-0j 0.00264531-0j -0.000394511-0j -0.0259109-0j -0.00458044-0j -0.000381704-0j 9.50631e-05-0j 1.68049e-05-0j 1.40041e-06-0j -0.0108758-0j -0.00361014-0j 0.00339623-0j -0.00192258-0j -0.000638189-0j -0.000160215-0j -0.00024316-0j 0.000600374-0j -5.31824e-05-0j 5.54535e-05-0j -0.00475749-0j 5.00312e-05-0j 0.00206129-0j -4.29851e-05-0j 9.80288e-06-0j 0.00973382-0j -0.000841013-0j -3.58209e-06-0j 0.000364388-0j 0.000422648-0j -0.00417696-0j 8.16907e-07-0j -7.00845e-05-0j 0.00172071-0j 3.03656e-05-0j -0.00288748-0j 7.47143e-05-0j 0.000143393-0j -0.000738389-0j 0.00902494-0j 6.22619e-06-0j -0.00051044-0j -6.15324e-05-0j -0.00102274-0j 0.0015954-0j -4.25366e-05-0j 0.00013295-0j -0.000180796-0j -1.50664e-05-0j 0.00356306-0j 0.000593843-0j 0.000363653-0j 7.42304e-05-0j 4.37407e-06-0j -0.000448454-0j -7.47423e-05-0j -4.57701e-05-0j -0.00859265-0j -9.34279e-06-0j -0.00285227-0j -5.50529e-07-0j 0.00262906-0j -0.00143211-0j 0.00179999-0j -0.000876984-0j -0.000475379-0j -0.000188233-0j -0.000179014-0j -0.000291109-0j 0.000438176-0j -0.00368282-0j -5.94224e-05-0j -1.05485e-05-0j 5.87804e-05-0j 0.000299999-0j 0.000268327-0j -3.5015e-06-0j 0.00154499-0j 0.000183711-0j -3.13721e-05-0j 5.4772e-05-0j -0.00501238-0j 0.00729578-0j 3.74998e-05-0j -1.92114e-05-0j -0.000613804-0j 3.22747e-06-0j 9.79673e-06-0j -0.00166383-0j -0.00313075-0j 2.2097e-06-0j -3.92152e-06-0j -0.000375876-0j 5.99925e-06-0j 3.56758e-05-0j 0.000257499-0j -7.67255e-05-0j -2.31078e-07-0j -0.000835397-0j 0.000157685-0j 0.0167001-0j 0.00992979-0j 0.00121596-0j 1.22459e-06-0j -4.52109e-06-0j -0.000511574-0j -0.000277304-0j 3.21874e-05-0j -0.0126811-0j 0.000744622-0j -0.00218164-0j 7.21597e-08-0j -0.000521792-0j 5.94597e-06-0j -0.000104425-0j -0.000169814-0j 0.000151995-0j -0.00190016-0j -0.000319531-0j 1.89666e-06-0j 3.64115e-06-0j 0.00278334-0j 0.00165496-0j -6.15328e-06-0j -3.4663e-05-0j 0.00403139-0j -6.5224e-05-0j 8.95642e-06-0j 0.00170444-0j 7.43246e-07-0j 0.00101345-0j -0.00211352-0j -2.04254e-06-0j -0.000363607-0j -3.84336e-06-0j -0.000369072-0j -0.00129426-0j 0.000347918-0j 0.000206871-0j -0.000316693-0j -0.000222663-0j 4.37962e-08-0j 2.05013e-05-0j -0.00026419-0j -0.000193934-0j -4.54509e-05-0j 1.219e-05-0j 0.000671898-0j -1.55676e-05-0j -3.95866e-05-0j 0.000411452-0j -6.1512e-05-0j -2.67822e-06-0j 8.39872e-05-0j -2.33266e-06-0j -3.76683e-05-0j 4.94899e-06-0j -7.689e-06-0j -4.53079e-07-0j 
0.219119-0j -0.0873017-0j 0.156283-0j 0.0734593-0j -0.0315089-0j -0.00965445-0j 0.0319348-0j 0.00856308-0j -0.00899688-0j 0.0227769-0j 0.00618116-0j -0.00205367-0j 0.0305157-0j 0.00440456-0j -0.00689314-0j -0.000994939-0j -0.0153454-0j -0.003633-0j 0.0161228-0j -0.00221492-0j -0.000524379-0j 0.00232712-0j 0.00611392-0j 0.0109804-0j -0.00370869-0j 0.000882468-0j 0.0114993-0j 0.00158488-0j -0.000535304-0j 0.00165977-0j 0.00220663-0j -0.000598612-0j 0.0003185-0j -8.64022e-05-0j -0.00470497-0j -0.00083173-0j -6.93108e-05-0j 0.0251583-0j 0.00444741-0j 0.000370617-0j 0.00382472-0j -0.00401847-0j 0.0106316-0j 0.000676121-0j -0.000710372-0j 5.63434e-05-0j -0.0126513-0j 0.00187942-0j -5.91977e-05-0j -0.00299519-0j 0.00767428-0j 0.000156618-0j 0.00758277-0j -0.00223646-0j -0.00052948-0j 0.00356421-0j 0.00135663-0j -0.000186372-0j 0.00134046-0j 0.00905268-0j -0.0015288-0j -4.41234e-05-0j 0.000113053-0j 0.00063007-0j 0.000111705-0j 0.00547353-0j 0.0016003-0j 5.25058e-05-0j -0.000270256-0j 0.000813586-0j 0.000133359-0j 0.000967593-0j -2.25213e-05-0j -0.000186533-0j 0.000143823-0j 8.06328e-05-0j 1.19853e-05-0j -3.29747e-05-0j -2.74789e-06-0j -0.00380907-0j -0.000634845-0j -0.000388762-0j -7.93556e-05-0j -4.67608e-06-0j -0.00411427-0j -0.000685711-0j -0.00041991-0j -0.0148061-0j -8.57139e-05-0j 0.0155562-0j -5.05074e-06-0j -0.00281058-0j -0.00246768-0j 0.0131937-0j -0.00151114-0j 0.00259269-0j 0.00334453-0j -0.00030846-0j 0.00158769-0j -0.00046843-0j -0.00202878-0j 0.000324086-0j -1.81762e-05-0j 0.00929679-0j 0.00219895-0j -0.000286853-0j 1.9097e-05-0j -0.0166426-0j 0.00134657-0j 0.000557421-0j -5.85537e-05-0j 0.00176272-0j -0.0078227-0j 0.000274868-0j 0.000341349-0j -0.00033813-0j -3.45031e-06-0j 0.00154946-0j -0.00185202-0j 0.00335539-0j 1.61968e-05-0j 6.96776e-05-0j -0.000207062-0j 0.00094885-0j 0.00663076-0j -0.00277377-0j -4.22663e-05-0j 4.10579e-06-0j 0.000293787-0j -0.00169858-0j 0.00388244-0j 0.00179944-0j -0.00130378-0j 0.000193683-0j -2.49057e-06-0j 0.000179907-0j -0.000308669-0j -0.000346721-0j 0.00559754-0j -0.000798401-0j -0.00059786-0j 1.14129e-05-0j 0.000559231-0j 0.00110513-0j 3.67233e-05-0j -0.000189021-0j -0.000162973-0j 0.00239317-0j 0.000342458-0j -2.04307e-05-0j 0.000676749-0j 0.000647073-0j 0.000299907-0j 2.16394e-06-0j -3.85837e-05-0j 0.000290444-0j 6.99039e-05-0j -9.60327e-06-0j 0.00039625-0j 0.000138141-0j 0.000183655-0j 0.000932924-0j -2.27357e-06-0j -9.96434e-05-0j 4.11913e-06-0j -5.76694e-05-0j 0.000571297-0j 8.08842e-05-0j 3.74884e-05-0j 0.000398861-0j -6.10189e-05-0j 8.14002e-06-0j 4.76615e-06-0j 0.000116615-0j 0.000244252-0j -1.24554e-05-0j 2.20903e-06-0j 4.84074e-05-0j 6.87163e-06-0j 4.98576e-05-0j 2.96434e-05-0j -9.61157e-06-0j -7.33943e-07-0j 6.05092e-06-0j 2.93789e-06-0j -5.88586e-06-0j 3.56554e-07-0j -1.20145e-06-0j -7.07959e-08-0j 
-0.0577447-0j 0.130737-0j 0.1206-0j 0.0500883-0j -0.0297513-0j -0.00745012-0j 0.0163319-0j 0.00660794-0j -0.00613453-0j -0.0341092-0j 0.01823-0j 0.0199081-0j -0.00480601-0j -0.000693688-0j 0.0103227-0j 0.00148996-0j 0.00404398-0j -0.00280351-0j -0.00375426-0j 0.000583698-0j -0.000404651-0j -0.00054188-0j -0.00915581-0j 0.00847333-0j -0.010938-0j -0.00132153-0j 0.00784077-0j 0.00122302-0j -0.00157876-0j 0.00113172-0j 0.00208354-0j 0.0199491-0j 0.000300733-0j 0.00287941-0j 0.0213754-0j 0.00377867-0j 0.000314889-0j 0.00768927-0j 0.00135928-0j 0.000113274-0j 0.00295145-0j -0.00274-0j -0.00280175-0j 0.000521747-0j -0.000484368-0j 4.34789e-05-0j -0.00647007-0j -0.000495283-0j -4.0364e-05-0j 0.00448541-0j -0.00772947-0j -4.12736e-05-0j 0.00585145-0j -0.00114376-0j 0.000792915-0j 0.00243026-0j -0.00136639-0j -9.53131e-05-0j 0.0010344-0j -0.0135567-0j -0.00144352-0j 6.60763e-05-0j -0.000113866-0j 0.000429614-0j 8.62001e-05-0j 0.016143-0j -0.00239651-0j 3.58011e-05-0j -0.00025518-0j -0.00788682-0j -0.000199709-0j 0.00285371-0j -2.1265e-05-0j 0.0138615-0j -0.00139421-0j 0.000237809-0j -0.000116184-0j 0.0024504-0j 0.0002042-0j -0.00293937-0j -0.000489896-0j -0.000299999-0j -6.12369e-05-0j -3.60842e-06-0j -0.0362736-0j -0.0060456-0j -0.00370216-0j 0.00233186-0j -0.0007557-0j -0.0021648-0j -4.453e-05-0j -0.00216886-0j 0.000388643-0j -0.00148492-0j 0.000237994-0j -0.0003608-0j -0.00500854-0j 4.85804e-05-0j -0.000220944-0j -0.000361477-0j -0.00598346-0j -4.51e-05-0j 2.86263e-06-0j 0.0047545-0j -0.000247486-0j -0.000221358-0j -2.65754e-06-0j 0.00438583-0j -0.000151554-0j -0.000834757-0j -4.51846e-05-0j 0.00136025-0j 0.00182155-0j -3.09358e-05-0j -0.000511182-0j -0.000997243-0j -2.66253e-06-0j 0.000792417-0j -0.0012628-0j -0.00108196-0j -1.82291e-06-0j -0.000104345-0j -0.000610684-0j 0.000485254-0j -0.00992979-0j 0.000730972-0j -0.000124655-0j -6.14857e-06-0j 0.000226709-0j 0.000447627-0j 0.00299599-0j 0.00530707-0j 0.000303592-0j 9.90521e-05-0j -7.34539e-06-0j 0.00013883-0j -0.000210467-0j 9.13715e-05-0j 0.00381669-0j 0.000185911-0j 0.0057956-0j 5.8367e-06-0j -0.000180327-0j -0.00165496-0j 2.83386e-05-0j -0.000128884-0j 3.7949e-05-0j 0.00225967-0j -0.000110427-0j 5.38412e-06-0j -0.00101345-0j 0.000499332-0j 0.000884512-0j 1.66987e-06-0j -2.63083e-05-0j -0.00967924-0j -2.25408e-05-0j 2.23617e-06-0j 0.000305777-0j -0.000206871-0j 0.000541651-0j 0.000636115-0j -1.55023e-06-0j 0.000965933-0j -1.32823e-06-0j 0.00790141-0j 0.000389539-0j 6.24165e-05-0j 0.000110564-0j 0.000376612-0j 0.000591511-0j -1.219e-05-0j 3.67793e-06-0j 7.95144e-05-0j 0.000230627-0j 0.000120742-0j 6.51505e-06-0j -0.00161321-0j 4.68543e-06-0j 4.70765e-05-0j -0.000987883-0j 0.0013169-0j 7.11477e-06-0j -0.000201651-0j 2.77401e-06-0j 0.000806434-0j -1.18824e-05-0j 0.000164613-0j 9.69989e-06-0j 
-0.0518438-0j -0.0604844-0j 0.108276-0j 0.0508941-0j -0.02183-0j 0.0590403-0j -0.0075558-0j 0.00593268-0j -0.00623322-0j 0.0157803-0j 0.00428243-0j -0.00142283-0j -0.00431489-0j -0.000622801-0j 0.0421539-0j 0.0060844-0j 0.00363073-0j -0.00251702-0j -0.00381465-0j 0.00052405-0j -0.0003633-0j -0.000550598-0j 0.00423585-0j 0.00760745-0j -0.00256946-0j 0.000611392-0j 0.00796691-0j 0.00109804-0j -0.000370869-0j 0.00114993-0j 0.0015288-0j -0.000414731-0j 0.000220663-0j -5.98612e-05-0j -0.0032597-0j -0.000576239-0j -4.80199e-05-0j -0.00355737-0j -0.000628859-0j -5.2405e-05-0j -0.0233895-0j 0.0245744-0j -0.00251544-0j -0.00413471-0j 0.00434417-0j -0.000344559-0j 0.00299332-0j -0.000444671-0j 0.000362014-0j -0.00207513-0j -0.00181574-0j -3.70559e-05-0j 0.0052535-0j 0.000529148-0j -0.000366835-0j 0.00246936-0j -0.00032098-0j 4.40957e-05-0j 0.000928696-0j 0.00627188-0j -0.00105918-0j -3.05696e-05-0j -2.67484e-05-0j 0.000436525-0j 7.73913e-05-0j 0.00379218-0j 0.00110872-0j 3.63771e-05-0j -0.000187239-0j 0.000563669-0j 9.23935e-05-0j 0.000670368-0j -1.56032e-05-0j -0.000129234-0j 9.96435e-05-0j 5.5864e-05-0j 8.30363e-06-0j -2.28455e-05-0j -1.90379e-06-0j -0.002639-0j -0.000439834-0j -0.000269342-0j -5.49792e-05-0j -3.23968e-06-0j -0.00285045-0j -0.000475074-0j -0.000290923-0j 0.00209357-0j -5.93843e-05-0j -0.00219963-0j -3.49925e-06-0j 0.0171877-0j 0.000348928-0j -0.00133317-0j 0.000213674-0j -0.000366604-0j -0.0204529-0j 4.3616e-05-0j -0.000224498-0j 0.00286461-0j 0.0124067-0j -4.58255e-05-0j 2.5701e-06-0j -0.00219963-0j -0.000222196-0j 0.00175421-0j -2.7003e-06-0j 0.00393765-0j -0.000136067-0j -0.00340882-0j 0.000358076-0j 0.00122125-0j 0.00185086-0j -2.77745e-05-0j -0.00208747-0j 0.00206778-0j 2.10998e-05-0j -0.000366604-0j -0.00128311-0j -0.000793887-0j -1.63663e-06-0j -0.000426103-0j 0.00126625-0j -0.000224498-0j 0.00459392-0j 0.000656275-0j 0.000258473-0j -2.51083e-05-0j 0.000203541-0j 0.000401885-0j 0.00268983-0j 0.00124669-0j 0.000308476-0j -4.58255e-05-0j 1.52307e-05-0j 0.000124643-0j -0.000213852-0j 8.20343e-05-0j 0.00387809-0j 0.000188902-0j -0.00041421-0j -2.7003e-06-0j -0.000132314-0j 0.000765654-0j 2.54427e-05-0j -0.000130957-0j 3.85595e-05-0j 0.00165803-0j -8.10257e-05-0j 4.83392e-06-0j 0.000468865-0j 0.000448306-0j 0.000207782-0j 1.49922e-06-0j -2.67316e-05-0j 0.000201226-0j -1.65393e-05-0j 2.27214e-06-0j 0.00027453-0j 9.57067e-05-0j 0.00012724-0j 0.000646349-0j -1.57517e-06-0j -6.9035e-05-0j -9.74588e-07-0j -3.99546e-05-0j 0.000395806-0j 5.60382e-05-0j 2.59727e-05-0j 0.000276339-0j -4.22751e-05-0j 5.63957e-06-0j 3.30208e-06-0j 8.07936e-05-0j 0.000169222-0j -8.62937e-06-0j 1.53046e-06-0j 3.35376e-05-0j 4.76081e-06-0j 3.45424e-05-0j 2.05375e-05-0j -6.65909e-06-0j -5.08491e-07-0j 4.1922e-06-0j 2.03543e-06-0j -4.07784e-06-0j 2.47028e-07-0j -8.32386e-07-0j -4.90488e-08-0j 
-0.0498867-0j 0.284525-0j -0.0356408-0j -0.050926-0j -0.0210059-0j -0.0064363-0j -0.00727057-0j 0.0290209-0j 0.0293217-0j -0.00519435-0j -0.00428512-0j -0.00136912-0j 0.0203438-0j 0.00293637-0j -0.00459543-0j -0.000663293-0j -0.003633-0j -0.0158902-0j -0.00367065-0j -0.000524379-0j -0.00229355-0j -0.000529813-0j 0.0207205-0j -0.00149854-0j 0.012087-0j 0.00299075-0j -0.00262244-0j -0.000216295-0j 0.0017446-0j -0.000378517-0j -0.00152976-0j -0.000399075-0j -0.000220801-0j -5.76015e-05-0j -0.00313665-0j -0.000554486-0j -4.62072e-05-0j 0.0167722-0j 0.00296494-0j 0.000247078-0j -0.0026515-0j -0.00267898-0j 0.0118329-0j -0.000468724-0j -0.000473582-0j -3.90603e-05-0j -0.00299519-0j 0.00209177-0j -3.94651e-05-0j -0.0131005-0j -0.0017472-0j 0.000174315-0j 0.00845381-0j -0.00052948-0j -0.00231586-0j 0.0120794-0j -0.000308863-0j -4.41234e-05-0j 0.00149444-0j -0.00123545-0j 0.00498249-0j -0.000192989-0j -2.57386e-05-0j 0.00213535-0j 0.000124536-0j -0.00124826-0j -0.000218399-0j 0.000177946-0j 0.000880788-0j -0.000564022-0j -1.82e-05-0j -0.000220663-0j 7.3399e-05-0j -0.000124355-0j -9.9706e-05-0j -1.83886e-05-0j -8.30884e-06-0j -2.19831e-05-0j -1.83193e-06-0j -0.00253938-0j -0.00042323-0j -0.000259174-0j -5.29038e-05-0j -3.11738e-06-0j -0.00274284-0j -0.000457141-0j -0.00027994-0j 0.0102644-0j -5.71426e-05-0j 0.0103708-0j -3.36716e-06-0j 0.00915994-0j 0.00171073-0j -0.00128285-0j 0.00104761-0j 0.00172846-0j -0.00231861-0j 0.000213842-0j 0.00105846-0j 0.00152666-0j -0.00135252-0j 0.000216058-0j 1.26007e-05-0j 0.0103473-0j -0.000213808-0j 0.000934882-0j 1.27313e-05-0j -0.00129614-0j -0.00013093-0j -0.000386435-0j 0.000190832-0j -0.00801734-0j -0.00185202-0j -2.6726e-05-0j -0.000236642-0j -0.00022542-0j 1.12449e-05-0j 0.00172454-0j -0.00810043-0j -0.000763918-0j -1.57484e-06-0j -4.83044e-05-0j -0.000138041-0j 0.00105606-0j 0.00739243-0j -0.000216024-0j -2.81775e-05-0j -2.84636e-06-0j -0.00133622-0j -0.000132287-0j -0.000378041-0j 0.00609845-0j -0.000308669-0j 0.000215568-0j -1.66038e-06-0j -0.000818267-0j -0.00135007-0j -2.7003e-05-0j -0.000763918-0j -0.000189021-0j 0.00194848-0j 1.27025e-05-0j -0.00012732-0j 0.00123207-0j -0.000167028-0j -0.000826747-0j -3.85837e-05-0j -0.000545769-0j -7.79671e-05-0j -1.59116e-06-0j 0.000754487-0j -6.30069e-05-0j 0.00101641-0j -9.84222e-06-0j -0.000168759-0j -0.000201352-0j -1.5915e-05-0j -2.27357e-06-0j -3.85837e-05-0j 0.000154009-0j 0.00062242-0j -0.00012732-0j -9.94422e-06-0j 0.000324747-0j -9.37798e-07-0j -3.84463e-05-0j -7.79671e-05-0j -7.87586e-06-0j 0.000127051-0j -9.09616e-05-0j 0.000198866-0j 9.07507e-06-0j -4.6409e-07-0j -1.5915e-05-0j -5.57024e-05-0j 4.05934e-05-0j 7.48655e-06-0j -3.35587e-05-0j -9.37798e-07-0j -1.13702e-05-0j -2.05504e-05-0j -6.40771e-06-0j 2.39199e-06-0j -4.19483e-06-0j -6.69995e-07-0j -3.92391e-06-0j -2.47183e-07-0j -8.00964e-07-0j -4.71973e-08-0j 
-0.22139-0j -0.0847148-0j 0.0540152-0j -0.0771202-0j 0.149245-0j 0.0097545-0j 0.0309885-0j 0.00899688-0j -0.00908299-0j -0.00756064-0j 0.00573833-0j 0.0216087-0j -0.0308319-0j -0.0044502-0j -0.00668888-0j -0.000965457-0j -0.0161228-0j 0.00367065-0j 0.0162771-0j -0.00232712-0j 0.000529813-0j 0.00234939-0j -0.00616936-0j 0.0022711-0j 0.00331094-0j -0.000890471-0j -0.00397131-0j 0.000327805-0j 0.000477893-0j -0.000573209-0j 0.0108688-0j 0.010924-0j 0.00156877-0j 0.00157674-0j 0.00475373-0j 0.000840349-0j 7.00291e-05-0j 0.0244128-0j 0.00431562-0j 0.000359635-0j 0.00401847-0j -0.00405694-0j -0.0107418-0j 0.000710372-0j -0.000717172-0j 5.91977e-05-0j 0.0127661-0j -0.00189889-0j -5.97643e-05-0j -0.00290644-0j -0.00685123-0j -0.000158241-0j 0.00262079-0j 0.00225674-0j -0.000513791-0j -0.00374184-0j -0.00121114-0j 0.000188062-0j 0.000463295-0j -0.00179827-0j 0.0072413-0j -4.28159e-05-0j -0.000100928-0j -0.00066147-0j 3.86079e-05-0j 0.00167158-0j -0.000317892-0j -5.51225e-05-0j 0.00128009-0j 0.00890195-0j -2.6491e-05-0j 0.000295496-0j 0.000106674-0j 0.0052075-0j 0.00157366-0j 2.46246e-05-0j 0.000131138-0j 0.000920564-0j 7.67137e-05-0j 0.00384854-0j 0.000641424-0j 0.00039279-0j 8.0178e-05-0j 4.72453e-06-0j -0.00399235-0j -0.000665392-0j -0.000407468-0j -0.0155562-0j -8.3174e-05-0j 0.015705-0j -4.90107e-06-0j 0.0028397-0j -0.00259269-0j -0.0133304-0j -0.00158769-0j 0.00261751-0j -0.00337486-0j -0.000324086-0j 0.00160289-0j 0.000473284-0j 0.0018112-0j 0.000327188-0j -1.9097e-05-0j 0.00902131-0j -0.00222173-0j 0.000289826-0j 1.92798e-05-0j -0.0057521-0j -0.00136053-0j -0.000562476-0j 5.91605e-05-0j 0.00185202-0j 0.00821255-0j -0.000277717-0j -0.000344445-0j 0.000301867-0j 3.48607e-06-0j 0.00150355-0j -0.00186974-0j -0.0158931-0j -1.63646e-05-0j -7.03095e-05-0j 0.000184855-0j 0.000920733-0j -0.00220104-0j -0.000958683-0j 3.77333e-05-0j -4.14303e-06-0j 0.000308669-0j -0.000587071-0j 0.000572939-0j 0.00167053-0j 0.00136876-0j 0.000187944-0j 2.22346e-06-0j 0.000189021-0j -0.000311624-0j -0.000119835-0j -0.00115684-0j 0.00083819-0j 0.00629068-0j 1.10747e-05-0j -0.00264886-0j -0.000366839-0j 3.85837e-05-0j -0.00019083-0j 0.000171095-0j 0.00387764-0j -0.00162209-0j -7.06136e-06-0j -0.000224642-0j 9.54898e-05-0j 0.000278421-0j 2.27357e-06-0j -3.8953e-05-0j 0.00551168-0j -0.000331107-0j 1.00819e-05-0j 5.84753e-05-0j -4.58549e-05-0j 0.000170497-0j -0.000192807-0j -2.29533e-06-0j 0.00104845-0j -1.95107e-05-0j 0.00227952-0j -0.00011807-0j 1.19362e-05-0j 3.48026e-05-0j 0.000646273-0j 0.000642039-0j -2.70203e-06-0j 7.03348e-07-0j -2.41009e-05-0j 0.00039576-0j 0.000131056-0j 2.05076e-06-0j 0.000918613-0j -1.42016e-06-0j 8.07842e-05-0j 0.000562533-0j 0.000379919-0j 7.72253e-06-0j 0.000114827-0j 4.76025e-06-0j 0.000232652-0j 6.76622e-06-0j 4.74899e-05-0j 2.79837e-06-0j 
0.0184497-0j -0.0839685-0j 0.0131811-0j 0.196139-0j -0.144178-0j 0.00238035-0j -0.0104895-0j 0.00219547-0j 0.0231007-0j -0.00749404-0j -0.0199081-0j 0.0247534-0j 0.00153554-0j 0.000221637-0j -0.00662995-0j -0.000956951-0j 0.0013436-0j 0.000895734-0j 0.0141373-0j 0.000193932-0j 0.000129288-0j 0.00204055-0j -0.00611501-0j 0.000554207-0j -0.0114867-0j -0.000882626-0j 0.0101002-0j 7.99929e-05-0j -0.00165797-0j 0.00145784-0j -0.0104998-0j 0.0206398-0j -0.00151552-0j 0.0029791-0j -0.00682954-0j -0.0012073-0j -0.000100609-0j -0.00493857-0j -0.000873024-0j -7.2752e-05-0j 0.000980611-0j 0.010318-0j 0.000895171-0j 0.000173349-0j 0.00182398-0j 1.44458e-05-0j -0.00432125-0j 0.000158245-0j 0.000151998-0j -0.00288083-0j -0.00811724-0j 1.31871e-05-0j 0.000639541-0j -0.000763896-0j -0.000509264-0j 0.00951659-0j -0.00143494-0j -6.3658e-05-0j 0.000113056-0j -0.00178242-0j -0.00699547-0j -4.24387e-05-0j -0.000119578-0j 0.00168231-0j 9.42133e-06-0j -0.00579924-0j -0.000315091-0j 0.000140193-0j -0.00123664-0j 0.0101974-0j -2.62576e-05-0j -0.00102517-0j -0.000103053-0j -0.000487135-0j 0.00180267-0j -8.54309e-05-0j 0.000150222-0j -8.61141e-05-0j -7.17617e-06-0j 0.000939144-0j 0.000156524-0j 9.5851e-05-0j 1.95655e-05-0j 1.15291e-06-0j 0.0232974-0j 0.0038829-0j 0.00237778-0j 0.000774754-0j 0.000485362-0j 0.00815195-0j 2.86002e-05-0j 0.000692961-0j 0.000129126-0j 0.000474438-0j 7.9073e-05-0j 0.00135866-0j -0.00334512-0j 1.61407e-05-0j 0.000832005-0j 0.000115494-0j -0.00628364-0j 0.000169832-0j 9.51101e-07-0j -0.00305367-0j 7.9073e-05-0j 7.07251e-05-0j 1.00075e-05-0j 0.000479355-0j 4.84221e-05-0j -0.000557521-0j 1.44367e-05-0j 0.00045194-0j 0.00713296-0j 9.88413e-06-0j -0.00034141-0j -0.00104727-0j 8.5069e-07-0j -0.000508944-0j 0.0047553-0j -0.00524331-0j 5.82428e-07-0j -6.96901e-05-0j -0.000641321-0j -0.000311663-0j -0.00218164-0j 7.98925e-05-0j -0.000130909-0j -4.10653e-06-0j 7.53233e-05-0j 4.89239e-05-0j 0.000139812-0j -0.0057956-0j 0.00118883-0j -6.3618e-05-0j -7.7139e-06-0j 4.61259e-05-0j 0.000792551-0j 9.98656e-06-0j 0.00294219-0j 0.000728004-0j 0.00720614-0j -3.74873e-06-0j -0.000873885-0j -0.000363607-0j 9.41542e-06-0j 0.000485336-0j 0.000148603-0j -0.003746-0j -0.000535143-0j 5.88464e-07-0j -0.000222663-0j 2.3302e-05-0j -0.000965933-0j 5.54809e-07-0j 9.90688e-05-0j 0.0104137-0j -0.000109236-0j 8.75653e-06-0j 1.42695e-05-0j -4.54509e-05-0j -0.000591511-0j 0.000490366-0j 5.83769e-06-0j 0.00120102-0j -6.43677e-06-0j -0.0140892-0j 0.000300286-0j 2.91275e-06-0j -0.000120742-0j -0.000624333-0j 0.000735473-0j -2.67822e-06-0j 1.71635e-07-0j 6.12957e-05-0j -0.000382325-0j 0.000150128-0j -7.11477e-06-0j 0.00173562-0j 3.61188e-06-0j -7.80417e-05-0j 0.00106285-0j -0.0023482-0j 8.84637e-06-0j 0.000216953-0j -4.59865e-06-0j -0.00143797-0j 1.27841e-05-0j -0.000293525-0j -1.72961e-05-0j 
0.052381-0j -0.0586921-0j 0.0374228-0j -0.0534304-0j 0.1034-0j -0.0596521-0j -0.00733191-0j 0.00623322-0j -0.00629288-0j -0.00523817-0j 0.00397563-0j 0.014971-0j 0.0043596-0j 0.000629255-0j 0.0409048-0j 0.0059041-0j 0.00381465-0j 0.0025431-0j -0.00385117-0j 0.000550598-0j 0.000367065-0j -0.000555868-0j -0.00427426-0j 0.00157346-0j 0.00229389-0j -0.000616936-0j -0.00275141-0j 0.00022711-0j 0.000331094-0j -0.000397131-0j 0.00753011-0j 0.00756837-0j 0.00108688-0j 0.0010924-0j 0.00329348-0j 0.000582211-0j 4.85176e-05-0j -0.00345195-0j -0.000610225-0j -5.08521e-05-0j -0.0245744-0j 0.0248096-0j 0.00254151-0j -0.00434417-0j 0.00438575-0j -0.000362014-0j -0.00302046-0j 0.000449279-0j 0.000365479-0j -0.00201364-0j 0.00162101-0j 3.74399e-05-0j 0.00181574-0j -0.000533947-0j -0.000355965-0j -0.00259242-0j 0.000286556-0j -4.44956e-05-0j 0.00032098-0j -0.00124588-0j 0.00501692-0j -2.96637e-05-0j 2.38797e-05-0j -0.00045828-0j 2.67484e-05-0j 0.0011581-0j -0.000220242-0j -3.819e-05-0j 0.000886875-0j 0.00616745-0j -1.83535e-05-0j 0.000204725-0j 7.39062e-05-0j 0.00360786-0j 0.00109026-0j 1.70605e-05-0j 9.08552e-05-0j 0.000637786-0j 5.31488e-05-0j 0.00266635-0j 0.000444392-0j 0.000272133-0j 5.55489e-05-0j 3.27325e-06-0j -0.00276598-0j -0.000460997-0j -0.000282302-0j 0.00219963-0j -5.76246e-05-0j -0.00222068-0j -3.39556e-06-0j -0.0173658-0j 0.000366604-0j 0.00134699-0j 0.000224498-0j -0.000370113-0j 0.0206384-0j 4.58255e-05-0j -0.000226647-0j -0.0028943-0j -0.0110761-0j -4.62641e-05-0j 2.7003e-06-0j -0.00213445-0j 0.000224498-0j -0.00177239-0j -2.72614e-06-0j 0.00136095-0j 0.000137477-0j 0.00343973-0j -0.000361787-0j 0.00128311-0j -0.00194309-0j 2.80623e-05-0j 0.0021064-0j -0.00184602-0j -2.13185e-05-0j -0.000355741-0j -0.0012954-0j 0.00376033-0j 1.65359e-06-0j 0.000429967-0j -0.00113045-0j -0.000217846-0j -0.00152492-0j 0.000226825-0j -0.000230752-0j 2.5336e-05-0j 0.000213852-0j 0.000138901-0j 0.000396943-0j 0.00115737-0j -0.000323849-0j -4.44676e-05-0j -1.35972e-05-0j 0.000130957-0j -0.000215899-0j 2.83531e-05-0j -0.000801485-0j -0.000198316-0j 0.00435831-0j -2.62028e-06-0j 0.000626721-0j -0.000254154-0j 2.67316e-05-0j -0.000132211-0j -4.04811e-05-0j 0.00268651-0j 0.000383787-0j 1.67072e-06-0j -0.000155637-0j 6.61572e-05-0j 0.000192896-0j 1.57517e-06-0j -2.69874e-05-0j 0.0038186-0j 7.83401e-05-0j -2.38537e-06-0j 4.05129e-05-0j -3.17692e-05-0j 0.000118124-0j -0.000133581-0j -1.59025e-06-0j 0.000726385-0j 4.61624e-06-0j 0.00157929-0j -8.18013e-05-0j 8.26966e-06-0j 2.4112e-05-0j 0.000447751-0j 0.000444818-0j -1.87202e-06-0j 4.87294e-07-0j -1.66976e-05-0j 0.000274191-0j 9.07981e-05-0j 1.42081e-06-0j 0.000636433-0j -9.83916e-07-0j 5.59689e-05-0j 0.000389734-0j 0.000263216-0j 5.35033e-06-0j 7.95542e-05-0j 3.298e-06-0j 0.000161186-0j 4.68777e-06-0j 3.2902e-05-0j 1.93877e-06-0j 
0.195986-0j 0.151822-0j -0.0478171-0j -0.0683244-0j -0.0281824-0j 0.0337928-0j 0.0285634-0j 0.0154856-0j 0.015646-0j -0.00696895-0j -0.00574909-0j -0.00183686-0j -0.0055705-0j -0.000804032-0j 0.0241275-0j 0.00348251-0j 0.0142727-0j 0.0158854-0j 0.0144206-0j 0.00206009-0j 0.00229286-0j 0.00208144-0j 0.0110565-0j -0.0020105-0j 0.00644961-0j 0.00159586-0j -0.00351837-0j -0.000290191-0j 0.000930921-0j -0.000507833-0j -0.00205238-0j -0.000535415-0j -0.000296236-0j -7.72805e-05-0j -0.00420826-0j -0.000743922-0j -6.19935e-05-0j -0.00459254-0j -0.000811854-0j -6.76545e-05-0j 0.0139213-0j 0.0140656-0j -0.0184889-0j 0.00246096-0j 0.00248646-0j 0.00020508-0j 0.011767-0j -0.0032684-0j 0.000207205-0j 0.0130966-0j 0.00686409-0j -0.000272367-0j 0.00451095-0j 0.00208013-0j 0.00231517-0j 0.00644556-0j 0.00121341-0j 0.000173344-0j 0.000797431-0j -0.00165754-0j 0.00265866-0j 0.000192931-0j 0.000101118-0j 0.00113942-0j 6.64526e-05-0j -0.00167471-0j -0.000293014-0j 9.49521e-05-0j 0.000469989-0j -0.000756716-0j -2.44178e-05-0j -0.00029605-0j 3.91657e-05-0j -0.00016684-0j -0.00013377-0j -2.46708e-05-0j -1.11475e-05-0j -2.94934e-05-0j -2.45779e-06-0j -0.00340694-0j -0.000567823-0j -0.000347719-0j -7.09778e-05-0j -4.18241e-06-0j -0.00367991-0j -0.000613319-0j -0.000375579-0j -0.00281058-0j -7.66648e-05-0j -0.0028397-0j -4.51752e-06-0j -0.0191276-0j -0.00046843-0j 0.0118008-0j -0.000286853-0j -0.000473284-0j 0.0121735-0j -5.85537e-05-0j -0.000289826-0j -0.00318793-0j 0.0071012-0j -5.91605e-05-0j -3.45031e-06-0j -0.0161676-0j 0.0019668-0j -0.0019522-0j -3.48607e-06-0j 0.00509206-0j 0.00120441-0j 0.00202891-0j -0.000398491-0j 0.00801495-0j 0.00727589-0j 0.00024585-0j 0.00124245-0j 0.00118353-0j -2.34813e-05-0j -0.0026946-0j 0.00809801-0j 0.00300115-0j 1.44868e-05-0j 0.000253614-0j 0.000724763-0j -0.0016501-0j 0.0039446-0j 0.000848677-0j 0.000147942-0j 1.49444e-05-0j 0.00133582-0j 0.000519706-0j -0.000507196-0j 0.00325413-0j 0.00121265-0j -0.000336825-0j 8.71754e-06-0j 0.000818022-0j 0.00134967-0j 0.000106085-0j -0.0010249-0j 0.000742592-0j 0.00103971-0j -1.98476e-05-0j 0.000500192-0j 0.000657434-0j 0.000166978-0j 0.000826499-0j 0.000151581-0j -0.000732226-0j 0.000306304-0j 6.2511e-06-0j 0.000402594-0j -8.45326e-05-0j 0.000542355-0j 9.83928e-06-0j 0.000168708-0j -0.000270142-0j 6.2524e-05-0j 8.932e-06-0j -5.17654e-05-0j 8.21792e-05-0j 0.000332123-0j -0.000170817-0j 9.94124e-06-0j 0.000173285-0j 3.68426e-06-0j -5.15811e-05-0j -0.000104604-0j -1.05666e-05-0j 6.77944e-05-0j -0.000122038-0j 0.000106115-0j 4.84246e-06-0j -6.22642e-07-0j -2.13522e-05-0j -7.47326e-05-0j 2.16606e-05-0j 3.99482e-06-0j -4.50237e-05-0j -1.25819e-06-0j -1.52547e-05-0j -2.75713e-05-0j -8.59685e-06-0j 1.27637e-06-0j -5.62796e-06-0j -8.98893e-07-0j -5.26447e-06-0j -3.31631e-07-0j -1.07461e-06-0j -6.33218e-08-0j 
0.0873017-0j -0.00391956-0j -0.18233-0j 0.08231-0j -0.107371-0j 0.0112635-0j 0.00025183-0j 0.0194243-0j 0.0196004-0j -0.000525947-0j 0.0139945-0j -0.00934671-0j -0.0356016-0j -0.00513865-0j 0.000159171-0j 2.29744e-05-0j -0.00611392-0j -0.0207205-0j -0.00616936-0j -0.000882468-0j -0.00299075-0j -0.000890471-0j 0.000274495-0j -0.0128105-0j 0.0163259-0j 3.96199e-05-0j 0.0128847-0j -0.00184903-0j 0.00235644-0j 0.00185975-0j 0.00751939-0j -0.00340897-0j 0.00108533-0j -0.000492042-0j 0.00548914-0j 0.000970351-0j 8.08626e-05-0j -0.000580937-0j -0.000102696-0j -8.55801e-06-0j -0.00446217-0j -0.00450264-0j -0.00823583-0j -0.000788808-0j -0.000795961-0j -6.5734e-05-0j -9.97651e-05-0j -0.0014559-0j -6.63301e-05-0j -0.000338111-0j -0.00593363-0j -0.000121325-0j 0.0172006-0j -1.76361e-05-0j -5.97702e-05-0j -0.00776492-0j -0.00104893-0j -1.46968e-06-0j 0.00304066-0j -0.000209037-0j 0.0101291-0j -4.98085e-06-0j -8.74107e-05-0j -0.00137266-0j 0.000253388-0j 0.0123924-0j -3.69529e-05-0j -0.000114388-0j 0.00179059-0j 0.0037028-0j -3.07941e-06-0j 0.00219069-0j 0.000149216-0j -0.00127558-0j 0.000654569-0j 0.000182557-0j 5.45474e-05-0j -0.000225493-0j -1.87911e-05-0j 0.00444392-0j 0.000740653-0j 0.000453555-0j 9.25816e-05-0j 5.45542e-06-0j 9.50034e-05-0j 1.58339e-05-0j 9.69625e-06-0j 0.0172738-0j 1.97924e-06-0j 0.0174304-0j 1.16628e-07-0j -0.00637544-0j 0.00287896-0j 0.00224498-0j 0.001763-0j 0.00290507-0j -7.72292e-05-0j 0.00035987-0j 0.00177898-0j -0.00106257-0j -0.00459329-0j 0.000363134-0j 2.12056e-05-0j -0.000142542-0j 0.000374164-0j -0.000650691-0j 2.13979e-05-0j -0.00663076-0j 0.000229128-0j -1.28715e-05-0j -0.000132822-0j 0.0100535-0j 0.00299335-0j 4.67705e-05-0j -7.88217e-06-0j -0.000765548-0j -7.82659e-06-0j -2.3757e-05-0j 0.0101447-0j -0.00390473-0j 2.75598e-06-0j -1.60894e-06-0j -0.0004688-0j -1.45481e-05-0j 0.000297699-0j -0.00110513-0j -9.56935e-05-0j -9.48078e-08-0j 0.00167559-0j -0.000676749-0j -0.00452951-0j -0.00792125-0j 0.000498892-0j -2.96962e-06-0j -5.63879e-06-0j 0.00102608-0j 0.00169078-0j -0.000138141-0j 0.00627196-0j 0.000305508-0j 0.00529047-0j -1.74987e-07-0j -0.000650788-0j 4.96165e-05-0j 0.000209448-0j 0.00103539-0j 6.23615e-05-0j 0.00815504-0j -0.000398525-0j -8.14002e-06-0j 3.03838e-05-0j -0.000754919-0j -0.00132021-0j 1.23419e-05-0j 0.000211348-0j 0.00165402-0j -8.13486e-05-0j 3.67469e-06-0j -0.000462292-0j 6.20207e-06-0j -0.000808459-0j 0.00104533-0j 1.24538e-05-0j 0.000881746-0j -4.79351e-06-0j -0.000460314-0j 0.000640129-0j -9.43649e-05-0j -0.000165026-0j 0.00135917-0j 0.000539957-0j 3.6546e-07-0j -5.5605e-06-0j 0.000130666-0j 0.00083232-0j 0.000110218-0j -9.72425e-06-0j 0.00027567-0j 7.69956e-06-0j 0.000169897-0j 0.000168813-0j -7.6719e-05-0j 6.49467e-06-0j 3.44587e-05-0j 1.00113e-05-0j -4.69806e-05-0j 2.0305e-06-0j -9.58987e-06-0j -5.65088e-07-0j 
0.285324-0j -0.0308658-0j -0.0189014-0j -0.0270076-0j -0.0111401-0j -0.00341336-0j 0.0415836-0j -0.00314825-0j -0.00318088-0j -0.00275472-0j -0.00227253-0j -0.000726084-0j -0.00220193-0j -0.000317822-0j -0.00243709-0j -0.000351764-0j 0.0207788-0j -0.00128446-0j 0.0209941-0j 0.00299915-0j -0.000185396-0j 0.00303024-0j -0.00224781-0j -0.00079472-0j -0.00131122-0j -0.000324443-0j -0.00139076-0j -0.000114708-0j -0.000189258-0j -0.000200739-0j -0.000811276-0j -0.000211641-0j -0.000117098-0j -3.05478e-05-0j -0.00166346-0j -0.000294061-0j -2.45051e-05-0j -0.00181536-0j -0.000320914-0j -2.67428e-05-0j -0.00140617-0j -0.00142074-0j 0.0138438-0j -0.000248579-0j -0.000251155-0j -2.07149e-05-0j 0.0171308-0j 0.00244726-0j -2.09295e-05-0j -0.00105896-0j 0.00999298-0j 0.000203938-0j -0.000917087-0j 0.00302833-0j -0.0001872-0j -0.0013104-0j 0.00176653-0j 0.000252361-0j -0.00016212-0j -0.000655198-0j -0.000540511-0j -1.56e-05-0j 0.000147211-0j -0.000231648-0j -1.351e-05-0j -0.000661988-0j -0.000115824-0j -1.9304e-05-0j -9.55498e-05-0j -0.000299118-0j -9.65198e-06-0j -0.000117024-0j -7.96248e-06-0j -6.59493e-05-0j -5.28771e-05-0j -9.75201e-06-0j -4.40643e-06-0j -1.16583e-05-0j -9.71526e-07-0j -0.00134671-0j -0.000224452-0j -0.000137448-0j -2.80565e-05-0j -1.65324e-06-0j -0.00145461-0j -0.000242435-0j -0.000148461-0j -0.00111098-0j -3.03044e-05-0j -0.00112249-0j -1.78571e-06-0j -0.00099369-0j -0.000185163-0j -0.0476345-0j -0.000113389-0j -0.000187082-0j -0.00122963-0j -2.31454e-05-0j -0.000114564-0j -0.000165615-0j -0.000717283-0j -2.33852e-05-0j -1.36386e-06-0j 0.0121057-0j -0.00793908-0j -0.000101418-0j -1.37799e-06-0j 0.00741321-0j -0.00486168-0j -0.000204938-0j -2.07019e-05-0j -0.000648071-0j 0.0105925-0j -0.000992385-0j -0.000125498-0j -0.000119547-0j -1.21987e-06-0j 0.00201762-0j -0.000654787-0j 0.00436918-0j -5.84769e-05-0j -2.56173e-05-0j -7.32074e-05-0j 0.00123553-0j -0.000801947-0j 0.00123553-0j -1.49434e-05-0j -1.50951e-06-0j -0.000108012-0j 0.000756607-0j -0.000200487-0j -0.000661572-0j 0.00176542-0j 0.000252202-0j -8.80548e-07-0j -6.61435e-05-0j -0.000109131-0j 0.000154442-0j -0.000405129-0j 0.00108109-0j -0.000211376-0j 1.48612e-05-0j 0.000728197-0j -0.000133658-0j -1.35015e-05-0j -6.68289e-05-0j 0.000220677-0j -0.000289438-0j 0.000445928-0j 9.10057e-06-0j -8.18484e-05-0j -3.34145e-05-0j -0.000110262-0j -7.95582e-07-0j -1.36414e-05-0j -0.000106783-0j 9.10247e-05-0j 1.30035e-05-0j -2.04621e-05-0j -1.67072e-05-0j -6.75215e-05-0j -6.75215e-05-0j -8.03827e-07-0j -3.52293e-05-0j 5.36368e-06-0j -2.03892e-05-0j -4.13483e-05-0j -4.17681e-06-0j -1.37828e-05-0j -4.82397e-05-0j -2.15734e-05-0j -9.84483e-07-0j -2.46121e-07-0j -8.44018e-06-0j -2.95406e-05-0j -4.40366e-06-0j -8.12157e-07-0j -1.77972e-05-0j -4.97342e-07-0j -6.02996e-06-0j -1.08985e-05-0j -3.3982e-06-0j -2.59488e-07-0j -2.22465e-06-0j -3.55319e-07-0j -2.08097e-06-0j -1.31089e-07-0j -4.24775e-07-0j -2.50301e-08-0j 
0.0308658-0j 0.0360101-0j 0.271642-0j -0.153919-0j 0.0129967-0j 0.00398226-0j 0.00449844-0j -0.0179422-0j 0.00371102-0j 0.0395896-0j -0.0129514-0j 0.000847098-0j -0.0125871-0j -0.00181679-0j 0.00284328-0j 0.000410391-0j -0.0109804-0j 0.00149854-0j 0.0022711-0j -0.00158488-0j 0.000216295-0j 0.000327805-0j -0.0128105-0j 0.00678601-0j 0.00152976-0j -0.00184903-0j 0.0199874-0j 0.000979477-0j 0.000220801-0j 0.00288493-0j -0.00462354-0j 0.000246915-0j -0.000667351-0j 3.56391e-05-0j 0.0019407-0j 0.000343071-0j 2.85892e-05-0j -0.0103773-0j -0.00183446-0j -0.000152872-0j -0.00801392-0j 0.00165754-0j 0.0014976-0j -0.00141667-0j 0.000293014-0j -0.000118056-0j -0.00905268-0j 0.00026474-0j 2.44178e-05-0j 0.00123545-0j 0.00108102-0j 2.20617e-05-0j 0.01318-0j -0.0016003-0j 0.000218399-0j -0.00746808-0j 0.0001911-0j -0.000133359-0j 0.00232991-0j 0.00559466-0j 0.000630596-0j 1.82e-05-0j 1.5925e-05-0j -0.00132018-0j 0.000194159-0j 0.0095138-0j 0.000989005-0j -0.000110015-0j 0.000111475-0j -0.0017047-0j 8.24171e-05-0j 0.00168182-0j 9.28956e-06-0j 7.69409e-05-0j -0.000301352-0j 0.000140152-0j -2.51127e-05-0j 1.36014e-05-0j 1.13345e-06-0j 0.00157116-0j 0.00026186-0j 0.000160356-0j 3.27325e-05-0j 1.92878e-06-0j 0.00169705-0j 0.000282841-0j 0.000173204-0j 0.0310232-0j 3.53552e-05-0j -0.00641658-0j 2.08332e-06-0j 0.0011593-0j 0.00517053-0j 0.000793722-0j 0.00316629-0j -0.00106943-0j -0.00700777-0j 0.000646316-0j -0.00065489-0j 0.000193217-0j 0.00083683-0j -0.000133679-0j 3.80845e-05-0j 0.00130957-0j 0.000132287-0j 0.000118321-0j -7.8771e-06-0j 0.00987876-0j 8.10089e-05-0j -0.00116796-0j 2.41522e-05-0j -0.00369342-0j -0.00559754-0j 1.65359e-05-0j -0.000715228-0j 0.000139472-0j 1.42318e-06-0j 0.000218262-0j 0.000763918-0j 0.00047265-0j 9.74385e-07-0j -0.000145995-0j 8.54086e-05-0j 0.000133658-0j 0.0115252-0j 0.00164646-0j 1.7434e-05-0j -8.60285e-06-0j -0.00061557-0j 0.00100825-0j -0.0152444-0j -0.00377037-0j -0.000932924-0j 2.72828e-05-0j 1.02731e-06-0j -0.000376958-0j 0.00012732-0j 0.000205808-0j 0.00345934-0j -0.000571297-0j 0.000246605-0j 1.60765e-06-0j 7.8775e-05-0j 0.00192087-0j -7.69463e-05-0j 7.79671e-05-0j -0.000116615-0j 0.00415967-0j 4.82397e-05-0j 1.21273e-05-0j 0.00117629-0j -0.00254073-0j -0.000628394-0j -4.5341e-06-0j 1.5915e-05-0j -0.000608567-0j 9.84688e-06-0j -6.87163e-06-0j -0.00155587-0j 0.000240109-0j -0.000384811-0j 0.000576557-0j 9.37798e-07-0j 4.11008e-05-0j 5.80233e-07-0j 2.37874e-05-0j 0.000353068-0j -0.000317591-0j -7.85493e-05-0j 0.000693279-0j 2.5169e-05-0j 1.41485e-05-0j -1.87143e-05-0j 7.20697e-05-0j 0.000424545-0j 5.1376e-06-0j -4.62856e-06-0j -0.000101428-0j 4.24675e-06-0j 8.66599e-05-0j -6.21116e-05-0j 3.96457e-06-0j 3.02736e-07-0j -1.26785e-05-0j 5.10648e-06-0j 2.42779e-06-0j -7.47087e-07-0j 4.95571e-07-0j 2.92018e-08-0j 
-0.050926-0j -0.224179-0j -0.0363833-0j -0.0459355-0j -0.0262382-0j -0.00657039-0j 0.0144034-0j 0.0117827-0j 0.0105191-0j 0.0102903-0j -0.0167186-0j 0.0175573-0j 0.0207676-0j 0.00299755-0j 0.00910378-0j 0.00131402-0j -0.00370869-0j 0.012087-0j -0.00331094-0j -0.000535304-0j 0.0017446-0j -0.000477893-0j -0.0163259-0j -0.00152976-0j 0.0187557-0j -0.00235644-0j -0.00236545-0j -0.000220801-0j 0.00270715-0j -0.000341424-0j -0.0019108-0j 0.0175935-0j -0.0002758-0j 0.0025394-0j -0.003202-0j -0.000566038-0j -4.71699e-05-0j -0.0332267-0j -0.0058737-0j -0.000489475-0j -0.00270674-0j -0.00241645-0j 0.00480424-0j -0.000478489-0j -0.000427172-0j -3.98741e-05-0j 0.00593363-0j 0.000849277-0j -3.55977e-05-0j -0.0193383-0j -0.00681675-0j 7.07731e-05-0j 0.00343231-0j 0.00104893-0j -0.00341855-0j 0.00433344-0j -0.00120504-0j 8.74107e-05-0j 0.000606753-0j 0.0024475-0j 0.00247524-0j -0.00028488-0j -0.00010042-0j 0.000766051-0j 5.05627e-05-0j -0.00487012-0j 0.000432661-0j 6.38376e-05-0j 0.000437565-0j 0.00723292-0j 3.60551e-05-0j -0.000860924-0j 3.64638e-05-0j 0.0122247-0j 0.00127861-0j -7.17437e-05-0j 0.000106551-0j 0.00216105-0j 0.000180087-0j -0.00259228-0j -0.000432047-0j -0.000264574-0j -5.40059e-05-0j -3.18233e-06-0j 0.00543372-0j 0.000905619-0j 0.000554576-0j 0.0104782-0j 0.000113202-0j 0.00935447-0j 6.67052e-06-0j 0.00371901-0j 0.00174637-0j -0.00130957-0j 0.00106943-0j 0.00155908-0j 0.00459329-0j 0.000218297-0j 0.000954737-0j 0.000619835-0j -0.00527692-0j 0.000194885-0j 1.28633e-05-0j -0.00815268-0j -0.000218262-0j 0.00037957-0j 1.14837e-05-0j -0.00132314-0j -0.000133658-0j 0.000765548-0j 7.74793e-05-0j 0.00609845-0j -0.00167053-0j -2.72828e-05-0j 0.0004688-0j -0.000879486-0j 4.56551e-06-0j -0.00135878-0j 0.0054444-0j -0.000954198-0j -1.60765e-06-0j 9.56935e-05-0j -0.000538573-0j -0.00083208-0j -0.00582456-0j -0.000220524-0j -0.000109936-0j 5.63879e-06-0j 0.00101641-0j -0.000135043-0j -0.000385917-0j 0.00946313-0j -0.000278421-0j -0.000169848-0j -6.47803e-06-0j 0.00062242-0j 0.0009074-0j -2.75655e-05-0j -0.000689057-0j -0.000170497-0j -0.00993788-0j -1.00084e-05-0j -0.000159033-0j -0.00097076-0j 0.000127051-0j 0.000555667-0j -3.48026e-05-0j -0.000681712-0j -9.73874e-05-0j -1.62431e-06-0j -0.000594467-0j -6.43195e-05-0j 0.00157719-0j 7.48655e-06-0j 0.000113425-0j 0.00887673-0j -1.98791e-05-0j -2.05076e-06-0j -3.93875e-05-0j -0.000121345-0j 0.000965826-0j -0.000114843-0j 6.68363e-06-0j -0.00165631-0j -1.17139e-06-0j 0.00696838-0j -7.03266e-05-0j -8.03994e-06-0j 0.000197148-0j -0.000113619-0j -0.00101428-0j -7.15032e-06-0j -4.73758e-07-0j -1.43554e-05-0j -6.9577e-05-0j -0.000207039-0j 1.16171e-05-0j 0.00147946-0j -8.45897e-07-0j -1.42023e-05-0j 0.000905978-0j 0.0011614-0j -1.21999e-05-0j 0.000184932-0j -8.36881e-07-0j 0.000711208-0j 1.08972e-05-0j 0.000145175-0j 8.5545e-06-0j 
-0.242521-0j 0.00191245-0j -0.172973-0j 0.0780861-0j -0.101861-0j -0.0418164-0j -0.000699573-0j -0.0094776-0j -0.00956354-0j -0.000498957-0j 0.0132764-0j -0.00886706-0j 0.00689314-0j 0.000994939-0j -0.00059093-0j -8.52934e-05-0j 0.0169842-0j 0.004021-0j 0.0171382-0j 0.00245146-0j 0.000580381-0j 0.00247369-0j -0.000133933-0j -0.0121531-0j -0.00796581-0j -1.93316e-05-0j 0.0122235-0j -0.00175415-0j -0.00114977-0j 0.00176431-0j 0.00713352-0j -0.00323403-0j 0.00102963-0j -0.000466792-0j 0.00520745-0j 0.000920556-0j 7.6713e-05-0j 0.00011248-0j 1.98839e-05-0j 1.65699e-06-0j 0.016566-0j 0.0167163-0j -0.011767-0j 0.00292849-0j 0.00295504-0j 0.000244041-0j 0.000277144-0j -0.00208013-0j 0.000246254-0j 6.56135e-05-0j 0.0164834-0j -0.000173344-0j -0.00839259-0j 4.89925e-05-0j 1.15989e-05-0j 0.0037887-0j 0.00291388-0j 4.08271e-06-0j -0.00148361-0j -0.00019831-0j -0.00494224-0j 9.66577e-07-0j 0.000242823-0j 0.000669754-0j -0.000123635-0j 0.0117565-0j -3.50566e-05-0j 5.58129e-05-0j -0.000873673-0j 0.00351279-0j -2.92139e-06-0j 0.00207827-0j -7.28061e-05-0j -0.00121012-0j 0.000620979-0j 0.000173189-0j 5.17482e-05-0j -0.000213921-0j -1.78268e-05-0j 0.00421587-0j 0.000702645-0j 0.00043028-0j 8.78306e-05-0j 5.17547e-06-0j 9.01282e-05-0j 1.50214e-05-0j 9.19867e-06-0j -0.00334453-0j 1.87767e-06-0j -0.00337486-0j 1.10643e-07-0j -0.0121735-0j -0.000557421-0j -0.0146027-0j -0.000341349-0j -0.000562476-0j 0.000286717-0j -6.96776e-05-0j -0.000344445-0j -0.00202891-0j 0.0170528-0j -7.03095e-05-0j -4.10579e-06-0j -0.000203658-0j -0.00243379-0j -0.00124245-0j -4.14303e-06-0j 0.01842-0j -0.00149038-0j 4.77862e-05-0j -0.000253614-0j -0.00195097-0j -0.00831541-0j -0.000304224-0j 2.92629e-05-0j 0.00284213-0j -1.49444e-05-0j -3.3943e-05-0j -0.00196867-0j 0.0108472-0j -1.79265e-05-0j 5.97327e-06-0j 0.00174044-0j -2.07857e-05-0j -0.000145255-0j 0.00307-0j 0.000355267-0j 3.51979e-07-0j -0.000325162-0j 0.00187998-0j -0.00429707-0j 0.00386498-0j -0.0013859-0j -4.24287e-06-0j 2.09343e-05-0j -0.00019912-0j -0.000328111-0j 0.00038375-0j 0.0059501-0j -0.000848688-0j -0.00258136-0j -2.50014e-07-0j 0.00180786-0j -2.42092e-05-0j -4.06453e-05-0j -0.000200926-0j -0.000173238-0j 0.00773655-0j 0.00110709-0j 2.26127e-05-0j -1.4825e-05-0j -0.000716179-0j 0.000644163-0j -2.39505e-06-0j -4.10139e-05-0j 0.00156914-0j 0.000225983-0j -1.02081e-05-0j -0.000438568-0j -3.02615e-06-0j 0.000394468-0j 0.000991684-0j -2.41677e-06-0j -0.000430226-0j 1.33162e-05-0j -0.000436692-0j 0.00060728-0j -8.95224e-05-0j 8.05204e-05-0j 0.00128943-0j -0.000263459-0j -1.78317e-07-0j -5.27516e-06-0j 0.00012396-0j 0.000789608-0j -5.37783e-05-0j 4.74471e-06-0j 0.000261523-0j 7.30444e-06-0j 0.000161178-0j 0.00016015-0j -7.2782e-05-0j -3.16891e-06-0j 3.26904e-05-0j 9.49751e-06-0j -4.45697e-05-0j 1.9263e-06-0j -9.09775e-06-0j -5.3609e-07-0j 
-0.0540152-0j 0.0605232-0j -0.0327837-0j -0.161066-0j -0.106626-0j -0.00696895-0j 0.00756064-0j 0.01879-0j 0.0064892-0j 0.00458881-0j 0.0119845-0j -0.015438-0j 0.0220274-0j 0.00317938-0j 0.00477877-0j 0.000689756-0j 0.0114993-0j -0.00262244-0j 0.00397131-0j 0.00165977-0j -0.000378517-0j 0.000573209-0j -0.0128847-0j -0.0199874-0j -0.00236545-0j -0.00185975-0j 0.00241032-0j -0.00288493-0j -0.000341424-0j 0.0003479-0j 0.0226995-0j -0.00780449-0j 0.00327639-0j -0.00112648-0j -0.00339623-0j -0.000600374-0j -5.00312e-05-0j -0.0174414-0j -0.00308323-0j -0.000256936-0j 0.00839259-0j 0.00289841-0j -0.00262079-0j 0.00148361-0j 0.000512372-0j 0.000123635-0j -0.00910516-0j -0.000463295-0j 4.26977e-05-0j 0.00207646-0j -0.00167158-0j -3.86079e-05-0j -0.00159065-0j -0.00160958-0j 0.00036707-0j -0.00781484-0j -0.000295496-0j -0.000134132-0j -0.00028119-0j 0.0158261-0j -0.00517344-0j 3.05891e-05-0j -2.46246e-05-0j -0.00138148-0j -2.34325e-05-0j -0.00101454-0j 0.00279768-0j -0.000115123-0j -0.000914543-0j 0.0185917-0j 0.00023314-0j -0.000179346-0j -7.62119e-05-0j -0.00372042-0j 0.00328659-0j -1.49455e-05-0j 0.000273882-0j -0.000657683-0j -5.48069e-05-0j -0.00274953-0j -0.000458255-0j -0.000280623-0j -5.72819e-05-0j -3.37537e-06-0j 0.00285227-0j 0.000475379-0j 0.000291109-0j -0.0324891-0j 5.94224e-05-0j -0.0112202-0j 3.5015e-06-0j -0.00202878-0j -0.00541484-0j -0.00138901-0j -0.0033159-0j -0.00187004-0j -0.00704839-0j -0.000676855-0j -0.00114516-0j -0.00033813-0j -0.00129398-0j -0.000233755-0j -3.98841e-05-0j 0.00220104-0j -0.000231502-0j -0.000207062-0j -1.37741e-05-0j -0.00119224-0j -0.000141766-0j -0.00117473-0j -4.22663e-05-0j 0.00386794-0j -0.00585745-0j -2.89378e-05-0j -0.000719374-0j -0.000215664-0j -2.49057e-06-0j 0.000366839-0j 0.00133581-0j -0.00387764-0j -1.70517e-06-0j -0.000146842-0j -0.000132067-0j 0.000224642-0j 0.00133588-0j -0.000198706-0j -2.6958e-05-0j -8.65272e-06-0j 0.000644657-0j -0.000121682-0j -0.0128871-0j 0.0034889-0j -0.000976241-0j 4.58549e-05-0j -1.58852e-06-0j 0.00039477-0j 0.000222635-0j -2.48383e-05-0j 0.0101811-0j -0.000597823-0j -0.00449428-0j 2.70203e-06-0j -0.000646273-0j 0.000222647-0j 8.05821e-05-0j 0.000136335-0j -0.00012203-0j -0.00235347-0j -0.00039576-0j -1.46361e-06-0j 0.000136343-0j -0.00214784-0j 0.000581483-0j 4.74835e-06-0j 2.78294e-05-0j 0.0115111-0j -8.07842e-05-0j -7.19069e-06-0j -0.00131528-0j 2.78309e-05-0j 0.000356084-0j 0.00169685-0j 1.63986e-06-0j -0.000749046-0j -4.76025e-06-0j -0.00162856-0j 0.0010391-0j -0.000268481-0j 7.26854e-05-0j -0.000392245-0j -0.000458695-0j 1.63995e-06-0j -1.58204e-05-0j 0.000212106-0j -0.0002402-0j -9.36308e-05-0j 4.28303e-06-0j 0.00191852-0j 1.24985e-05-0j -4.90307e-05-0j 0.00117485-0j -0.000271427-0j -5.51725e-06-0j 0.000239816-0j -2.88916e-06-0j -0.000166215-0j 1.41313e-05-0j -3.39284e-05-0j -1.99925e-06-0j 
0.0552145-0j -0.00623287-0j 0.0394471-0j -0.0541336-0j -0.0679072-0j -0.0278776-0j 0.000159271-0j -0.0321203-0j 0.0311685-0j 0.000113789-0j -0.0092039-0j -0.00591138-0j 0.00459543-0j 0.000663293-0j -0.000393954-0j -5.68623e-05-0j 0.004021-0j 0.0175872-0j -0.00390185-0j 0.000580381-0j 0.0025385-0j -0.000563183-0j -0.000453909-0j 0.00165858-0j 0.0259613-0j -6.55161e-05-0j -0.00278761-0j 0.000239395-0j 0.00374719-0j -0.000402357-0j -0.00494535-0j -0.00215602-0j -0.000713799-0j -0.000311195-0j 0.00347163-0j 0.000613704-0j 5.1142e-05-0j 7.49868e-05-0j 1.32559e-05-0j 1.10466e-06-0j -0.0114845-0j 0.0111442-0j -0.0130966-0j -0.00203019-0j 0.00197003-0j -0.000169182-0j 6.56135e-05-0j -0.00231517-0j 0.000164169-0j 0.000286983-0j -0.00375276-0j -0.000192931-0j -0.00935665-0j 1.15989e-05-0j 5.07319e-05-0j 0.0128402-0j -0.0006634-0j 9.66577e-07-0j -0.00165404-0j 2.70642e-05-0j 0.0161072-0j 4.22766e-06-0j -5.52834e-05-0j 0.00226985-0j -0.000137836-0j -0.0026811-0j 4.78431e-06-0j 0.000189154-0j 0.00284738-0j -0.00243526-0j 3.98693e-07-0j -0.000473956-0j 0.000237282-0j -0.000806747-0j -0.000430496-0j -3.94963e-05-0j -3.58747e-05-0j -0.000142614-0j -1.18845e-05-0j 0.00281058-0j 0.00046843-0j 0.000286853-0j 5.85537e-05-0j 3.45031e-06-0j 6.00854e-05-0j 1.00142e-05-0j 6.13244e-06-0j 0.00231861-0j 1.25178e-06-0j -0.0022499-0j 7.37618e-08-0j 0.0396745-0j 0.000386435-0j 0.00141985-0j 0.000236642-0j -0.000374984-0j -0.000198768-0j 4.83044e-05-0j -0.00022963-0j 0.00661242-0j 0.0113685-0j -4.6873e-05-0j 2.84636e-06-0j -0.00022667-0j 0.000236642-0j 0.00404926-0j -2.76202e-06-0j 0.00143457-0j 0.000144913-0j -3.3128e-05-0j 0.000826552-0j 0.00887357-0j -0.00196867-0j 2.95803e-05-0j -2.02867e-05-0j 0.00189476-0j 4.87051e-05-0j -3.77783e-05-0j -0.00861063-0j -0.00246957-0j 1.74303e-06-0j -4.141e-06-0j 0.0011603-0j -2.31344e-05-0j -0.000161941-0j 0.000239094-0j 0.000236844-0j -2.44011e-07-0j 0.00147893-0j 0.000146415-0j 0.000418415-0j 0.0130987-0j -0.000328111-0j -4.72228e-06-0j 1.39562e-05-0j 0.000905655-0j -0.00143511-0j 2.98868e-05-0j -0.000812033-0j -0.000200926-0j 0.00841288-0j -2.78263e-07-0j -0.000411595-0j -2.69901e-05-0j 0.000184866-0j -0.000878819-0j -4.10139e-05-0j -0.00176435-0j -0.000252049-0j 1.7611e-06-0j -1.6528e-05-0j 6.97359e-05-0j 0.00218312-0j 1.08933e-05-0j -0.000179388-0j -0.00108781-0j -5.14493e-05-0j -2.41677e-06-0j 4.27043e-05-0j -3.37376e-06-0j 0.00133688-0j -0.000135339-0j -1.05705e-05-0j 0.00140215-0j -3.03168e-06-0j -0.000291128-0j -8.28778e-05-0j 8.71698e-06-0j 0.00027289-0j -0.000294058-0j 0.000858636-0j -1.98801e-07-0j 5.13653e-07-0j -1.69174e-05-0j -0.000180073-0j 0.000175268-0j 1.60802e-05-0j -0.000181302-0j -9.96865e-07-0j -3.67572e-05-0j -0.000111025-0j -4.85213e-05-0j 1.03278e-05-0j -2.26628e-05-0j -2.16594e-06-0j -2.97131e-05-0j -1.33542e-06-0j -6.06517e-06-0j -3.57393e-07-0j 
0.14147-0j 0.109383-0j -0.0345162-0j -0.0435782-0j -0.0248917-0j 0.0243929-0j -0.040012-0j -0.00574909-0j -0.00513251-0j 0.00976221-0j -0.0158606-0j 0.0166563-0j -0.004021-0j -0.000580381-0j -0.0337982-0j -0.00487836-0j 0.0103026-0j -0.00234558-0j 0.00919767-0j 0.00148705-0j -0.000338556-0j 0.00132757-0j 0.00796581-0j -0.00145126-0j -0.00915138-0j 0.00114977-0j -0.00224406-0j -0.000209471-0j -0.00132089-0j -0.000323903-0j -0.00181274-0j 0.0166906-0j -0.000261647-0j 0.00240908-0j -0.00303768-0j -0.000536991-0j -4.47493e-05-0j 0.0064333-0j 0.00113726-0j 9.47715e-05-0j 0.0100489-0j 0.0089712-0j 0.00686409-0j 0.00177642-0j 0.0015859-0j 0.000148035-0j -0.0164834-0j 0.00121341-0j 0.000132158-0j 0.00375276-0j 0.0189367-0j 0.000101118-0j -0.00167471-0j -0.00291388-0j 0.0006634-0j -0.0021144-0j 0.00334756-0j -0.000242823-0j -0.00029605-0j 0.0023219-0j -0.00120773-0j 5.52834e-05-0j 0.000278963-0j -0.000373776-0j -2.46708e-05-0j -0.0046202-0j 0.000410458-0j -3.1148e-05-0j -0.000213499-0j 0.00686175-0j 3.42048e-05-0j -0.000816744-0j -1.77916e-05-0j 0.0115974-0j 0.001213-0j -6.8062e-05-0j 0.000101083-0j 0.00205015-0j 0.000170846-0j -0.00245926-0j -0.000409876-0j -0.000250997-0j -5.12345e-05-0j -3.01902e-06-0j 0.00515488-0j 0.000859146-0j 0.000526117-0j -0.00202878-0j 0.000107393-0j -0.0018112-0j 6.32821e-06-0j 0.0071012-0j -0.00033813-0j 0.00851826-0j -0.000207062-0j -0.000301867-0j -0.0170528-0j -4.22663e-05-0j -0.000184855-0j 0.00118353-0j 0.0195908-0j -3.77333e-05-0j -2.49057e-06-0j -0.0116482-0j 0.00141971-0j 0.000724763-0j -2.22346e-06-0j 0.00367564-0j 0.000869391-0j -0.00284213-0j 0.000147942-0j -0.00118346-0j 0.00464066-0j 0.000177464-0j -0.00174044-0j 0.00326513-0j 8.71754e-06-0j -0.00194137-0j -0.00105653-0j 0.00265073-0j 1.04572e-05-0j -0.000355267-0j 0.00199948-0j -0.00118884-0j 0.00284195-0j 0.000612607-0j 0.000408142-0j -2.09343e-05-0j -0.000197243-0j 0.000375144-0j -0.000366113-0j -0.0046173-0j 0.000773443-0j -0.000242671-0j 2.405e-05-0j -0.000120786-0j -0.000176089-0j 7.65759e-05-0j -0.000653697-0j 0.000473635-0j 0.00484894-0j -1.42995e-05-0j 0.000441788-0j 0.000473658-0j -2.46553e-05-0j -0.000107832-0j 9.66803e-05-0j -0.000646729-0j 0.000270539-0j 4.51228e-06-0j 0.000290055-0j -6.10189e-05-0j -0.00076955-0j -1.45283e-06-0j -2.20111e-05-0j 0.00842121-0j 5.52234e-05-0j 5.69694e-06-0j -3.73663e-05-0j 5.92073e-05-0j -0.000471251-0j -0.000108949-0j -1.29702e-06-0j 0.000808157-0j 3.25407e-06-0j 0.00661079-0j -6.67177e-05-0j -7.62736e-06-0j -9.61938e-05-0j -0.000107788-0j 0.000494893-0j 3.48882e-06-0j -4.49446e-07-0j -1.36187e-05-0j -6.60065e-05-0j 0.00010102-0j -5.66827e-06-0j 0.00140353-0j -8.02489e-07-0j -1.34735e-05-0j 0.000859486-0j 0.0011018-0j 5.95264e-06-0j 0.000175442-0j -7.93935e-07-0j 0.000674711-0j 1.0338e-05-0j 0.000137725-0j 8.11551e-06-0j 
0.0315089-0j -0.107371-0j -0.0658063-0j -0.145008-0j -0.182581-0j 0.00406522-0j -0.0134129-0j -0.00360568-0j 0.0177598-0j 0.0280129-0j -0.00318466-0j -0.0160488-0j -0.0128493-0j -0.00185464-0j -0.00847774-0j -0.00122366-0j -0.00220663-0j 0.00152976-0j 0.0108688-0j -0.0003185-0j 0.000220801-0j 0.00156877-0j 0.00751939-0j -0.00462354-0j 0.0019108-0j 0.00108533-0j -0.0226995-0j -0.000667351-0j 0.0002758-0j -0.00327639-0j 0.0127865-0j 0.00773693-0j 0.00184557-0j 0.00111673-0j 0.00198113-0j 0.000350218-0j 2.91849e-05-0j 0.0309418-0j 0.00546978-0j 0.000455815-0j -0.00161048-0j 0.00793245-0j 0.0015288-0j -0.000284696-0j 0.00140227-0j -2.37246e-05-0j 0.00531367-0j 0.000270256-0j 0.000116856-0j -0.00368373-0j 0.00135029-0j 2.25213e-05-0j -0.00319289-0j 0.000939333-0j -0.000651198-0j -0.00703574-0j 0.000238699-0j 7.82778e-05-0j -0.000564429-0j 0.0111337-0j -0.00885873-0j -5.42665e-05-0j 1.98916e-05-0j -0.00124375-0j -4.70358e-05-0j -0.00282008-0j 0.00196818-0j -0.000103646-0j -0.00156602-0j 0.00635791-0j 0.000164015-0j -0.000498524-0j -0.000130501-0j 0.0157103-0j 0.00112393-0j -4.15437e-05-0j 9.36608e-05-0j 0.00277722-0j 0.000231435-0j 0.00160389-0j 0.000267316-0j 0.000163697-0j 3.34145e-05-0j 1.96897e-06-0j -0.00506006-0j -0.000843343-0j -0.00051644-0j 0.00623444-0j -0.000105418-0j -0.0307078-0j -6.2118e-06-0j 0.00118346-0j 0.00103907-0j 0.000810257-0j 0.000636299-0j -0.00511796-0j 0.00411337-0j 0.000129884-0j -0.0031341-0j 0.000197243-0j 0.00104527-0j -0.000639745-0j 7.65349e-06-0j -0.00390473-0j 0.000135043-0j 0.000120786-0j -3.76974e-05-0j -0.00239317-0j 8.26966e-05-0j 0.000685561-0j 2.46553e-05-0j -0.000742232-0j -0.00527349-0j 1.68804e-05-0j 0.000419819-0j 0.000174212-0j 1.45283e-06-0j -0.000650788-0j 0.00365587-0j -0.00663988-0j 9.94685e-07-0j 8.56952e-05-0j 0.000106683-0j -0.000398525-0j 0.00815504-0j -0.000398861-0j 2.17765e-05-0j 5.04964e-06-0j -0.000123705-0j -0.000244252-0j -0.00163479-0j -0.000927111-0j -0.000878915-0j -8.13486e-05-0j 1.28319e-06-0j -7.57538e-05-0j 0.000609312-0j -4.98576e-05-0j -0.0110495-0j -0.000538223-0j -0.00467208-0j -4.79351e-06-0j -0.00110665-0j 0.00135917-0j -1.54632e-05-0j 0.000373126-0j -0.000109864-0j 0.0138674-0j -0.000677679-0j -2.93789e-06-0j 0.00083232-0j -0.000272465-0j -0.000154519-0j -9.11176e-07-0j 7.6164e-05-0j -0.00375393-0j -0.000138331-0j -6.47382e-06-0j -0.00016685-0j 0.000169897-0j -9.46229e-05-0j -0.00184159-0j 4.48801e-06-0j -0.000778681-0j -8.15122e-06-0j 0.0140256-0j -0.00112774-0j -3.40581e-05-0j -1.93148e-05-0j 0.00231123-0j -0.000476843-0j 1.00113e-05-0j -2.00689e-06-0j -0.000230198-0j 0.00141534-0j -9.73351e-05-0j -1.13814e-06-0j -0.000625655-0j -1.35646e-05-0j 0.000288904-0j -0.000383134-0j 0.0023376-0j -5.73552e-06-0j -7.82068e-05-0j 1.70238e-05-0j 0.00143148-0j -4.60838e-06-0j 0.0002922-0j 1.72181e-05-0j 
-0.366554-0j -0.00240023-0j 0.0381945-0j -0.0524146-0j -0.0657509-0j 0.00689747-0j -0.00105736-0j -0.0123693-0j 0.0120028-0j 0.000110175-0j -0.00891164-0j -0.00572366-0j 0.0044495-0j 0.00064223-0j 9.74719e-05-0j 1.40689e-05-0j -0.0266943-0j -0.0126887-0j 0.0259033-0j -0.003853-0j -0.00183145-0j 0.00373882-0j -0.000174797-0j 0.00160591-0j 0.00999751-0j -2.52298e-05-0j -0.0026991-0j 0.000231793-0j 0.00144302-0j -0.000389581-0j -0.00478831-0j -0.00208756-0j -0.000691133-0j -0.000301313-0j 0.0033614-0j 0.000594216-0j 4.9518e-05-0j 7.26057e-05-0j 1.2835e-05-0j 1.06958e-06-0j 0.00284149-0j -0.00275729-0j 0.0345798-0j 0.000502309-0j -0.000487425-0j 4.18591e-05-0j -0.00043559-0j 0.00611291-0j -4.06187e-05-0j -0.00020705-0j 0.0249136-0j 0.000509409-0j -0.00360318-0j -7.70022e-05-0j -3.66016e-05-0j 0.00494467-0j 0.00440414-0j -6.41685e-06-0j -0.000636958-0j 2.62048e-05-0j 0.00620278-0j -3.05014e-06-0j 0.000367012-0j 0.000874102-0j -5.30798e-05-0j -0.00259596-0j 4.63239e-06-0j 7.28418e-05-0j 0.00109651-0j -0.00235793-0j 3.86033e-07-0j -0.000458906-0j 9.13755e-05-0j -0.00078113-0j -0.000416826-0j -3.82422e-05-0j -3.47355e-05-0j -0.000138086-0j -1.15071e-05-0j 0.00272133-0j 0.000453555-0j 0.000277745-0j 5.66944e-05-0j 3.34075e-06-0j 5.81775e-05-0j 9.69625e-06-0j 5.93771e-06-0j 0.00224498-0j 1.21203e-06-0j -0.00217846-0j 7.14196e-08-0j -0.00390415-0j 0.000374164-0j 0.0222011-0j 0.000229128-0j -0.000363077-0j 4.91792e-05-0j 4.67705e-05-0j -0.000222338-0j -0.000650691-0j -0.0028128-0j -4.53846e-05-0j 2.75598e-06-0j 0.000598492-0j 0.00370019-0j -0.000398465-0j -2.67431e-06-0j -0.0095237-0j 0.00226589-0j 8.19653e-06-0j -8.13364e-05-0j -0.00640204-0j 0.0130694-0j 0.000462524-0j 5.01933e-06-0j -0.0004688-0j -4.79279e-06-0j 9.97486e-05-0j 0.00621233-0j 0.0163948-0j 2.72545e-05-0j 1.02457e-06-0j -0.00028708-0j 6.10833e-05-0j -6.23621e-05-0j -0.00158728-0j -5.86e-05-0j 6.03731e-08-0j -0.00106701-0j -0.000972009-0j 0.000405129-0j 0.00504422-0j 0.00217824-0j 1.24686e-05-0j -3.45304e-06-0j -0.000653405-0j 0.00103539-0j -0.00019841-0j -0.000786248-0j 0.00133389-0j 0.00323974-0j 7.34718e-07-0j 0.00273247-0j -1.03937e-05-0j -0.000133376-0j 0.000634043-0j 0.00027228-0j -0.00170832-0j 0.00167329-0j -1.16915e-05-0j -6.36481e-06-0j 6.75215e-05-0j 0.000840703-0j -7.85924e-06-0j 0.000129424-0j -0.00105327-0j 0.000341559-0j 1.60443e-05-0j 4.13483e-05-0j -1.29921e-06-0j 0.000514823-0j -0.000131041-0j 7.62635e-06-0j 0.000539957-0j 2.01265e-05-0j -0.000281883-0j -8.02461e-05-0j 8.44018e-06-0j 0.000105088-0j -0.00028472-0j 0.000330655-0j -7.65567e-08-0j 4.97342e-07-0j -1.63802e-05-0j -0.000174355-0j 6.74946e-05-0j 6.19236e-06-0j -0.000175545-0j -9.6521e-07-0j -3.559e-05-0j -0.000107499-0j -4.69806e-05-0j 3.97716e-06-0j -2.19432e-05-0j -2.09716e-06-0j -2.87696e-05-0j -1.29301e-06-0j -5.87257e-06-0j -3.46045e-07-0j 
0.0478171-0j -0.108467-0j 0.0290218-0j -0.142696-0j 0.0201345-0j -0.0241427-0j 0.00696895-0j 0.0323416-0j -0.0111781-0j 0.00422969-0j -0.012007-0j 0.00131232-0j 0.00397976-0j 0.000574428-0j -0.0172375-0j -0.00248803-0j -0.0101797-0j -0.0113491-0j 0.00351837-0j -0.00146932-0j -0.0016381-0j 0.000507833-0j 0.0230915-0j 0.0176939-0j -0.00460782-0j 0.00333297-0j 0.00213542-0j 0.00255389-0j -0.000665082-0j 0.000308221-0j -0.00428641-0j 0.000382519-0j -0.00061869-0j 5.52119e-05-0j 0.00300652-0j 0.000531483-0j 4.42903e-05-0j 0.00328107-0j 0.000580017-0j 4.83347e-05-0j 0.0290747-0j -0.0100489-0j -0.00451095-0j 0.00513972-0j -0.00177642-0j 0.00042831-0j -0.00839259-0j -0.000797431-0j -0.000148035-0j -0.00935665-0j 0.00167471-0j -6.64526e-05-0j -0.00273785-0j -0.00148361-0j -0.00165404-0j 0.0134616-0j 0.00029605-0j -0.000123635-0j -0.000483988-0j 0.0145875-0j -0.00189944-0j -0.000137836-0j 2.46708e-05-0j 0.00237969-0j -4.03323e-05-0j 0.00101644-0j 0.00257874-0j 0.000198308-0j -0.000335776-0j -0.0015804-0j 0.000214895-0j 0.000179683-0j -2.79813e-05-0j 0.000119196-0j -0.000279378-0j 1.49736e-05-0j -2.32815e-05-0j 2.10711e-05-0j 1.75593e-06-0j 0.00243403-0j 0.000405672-0j 0.000248422-0j 5.0709e-05-0j 2.98806e-06-0j 0.00262906-0j 0.000438176-0j 0.000268327-0j -0.0058699-0j 5.4772e-05-0j 0.00202878-0j 3.22747e-06-0j 0.0136654-0j -0.000978317-0j 0.00122963-0j -0.000599094-0j 0.00033813-0j 0.0254243-0j -0.00012229-0j 0.000207062-0j 0.00227756-0j -0.00507334-0j 4.22663e-05-0j -7.20598e-06-0j -0.0039446-0j 0.000204938-0j 0.00139472-0j 2.49057e-06-0j 0.00105543-0j 0.000125498-0j 0.00423739-0j 0.000284696-0j 0.0167392-0j -0.00518939-0j 2.56173e-05-0j 0.00259486-0j -0.000845557-0j 1.67758e-05-0j -0.000657434-0j -0.00578549-0j 0.000732226-0j 1.50951e-06-0j 0.000529674-0j -0.000517796-0j -0.000402594-0j -0.00239411-0j 0.000175905-0j -0.000105695-0j 3.12113e-05-0j 0.00278987-0j 0.00010772-0j 0.0114083-0j 0.00679626-0j -0.000864898-0j -8.21792e-05-0j -6.22811e-06-0j 0.00170844-0j -0.000964249-0j 2.19882e-05-0j 0.00901991-0j -0.00052964-0j -0.000742805-0j -4.84246e-06-0j 0.000122038-0j -0.000399019-0j 0.000348734-0j -0.00059048-0j -0.000108112-0j 0.000444413-0j 7.47326e-05-0j 1.29567e-06-0j -0.000244348-0j 0.00190139-0j 0.00113271-0j 2.05494e-05-0j -0.000120531-0j -0.000564192-0j 1.52547e-05-0j -6.37058e-06-0j 0.00116436-0j -4.98774e-05-0j 0.000693641-0j 0.00150332-0j -7.10237e-06-0j -0.000123801-0j 8.98893e-07-0j 3.68513e-05-0j 0.000920591-0j 0.000237673-0j 0.000141589-0j 7.40689e-05-0j -7.58123e-05-0j -2.93905e-06-0j 1.4005e-05-0j 0.000187915-0j 4.53577e-05-0j -1.54751e-05-0j 8.3432e-06-0j -9.40321e-05-0j 1.1073e-05-0j 9.25861e-06-0j -5.75826e-05-0j 6.14189e-06-0j -9.1188e-07-0j -1.1754e-05-0j 5.45569e-07-0j 3.76112e-06-0j -6.92612e-07-0j 7.67736e-07-0j 4.52393e-08-0j 
-0.00821986-0j 0.0468104-0j -0.00587255-0j -0.151558-0j -0.10624-0j -0.00106051-0j 0.00584762-0j -0.000978144-0j -0.01785-0j 0.00417774-0j 0.0304919-0j -0.0315476-0j 0.00335206-0j 0.000483828-0j 0.00369604-0j 0.000533477-0j -0.000598612-0j -0.000399075-0j -0.010924-0j -8.64022e-05-0j -5.76015e-05-0j -0.00157674-0j 0.00340897-0j -0.000246915-0j 0.0175935-0j 0.000492042-0j -0.00780449-0j -3.56391e-05-0j 0.0025394-0j -0.00112648-0j -0.00773693-0j 0.00971009-0j -0.00111673-0j 0.00140153-0j -0.000516827-0j -9.13631e-05-0j -7.61359e-06-0j -0.0134897-0j -0.00238466-0j -0.000198721-0j -0.00043689-0j -0.00797275-0j -0.000398824-0j -7.7232e-05-0j -0.0014094-0j -6.436e-06-0j 0.00240899-0j -7.05028e-05-0j -0.00011745-0j 0.00160599-0j 0.0124326-0j -5.87523e-06-0j -0.000284934-0j 0.000425853-0j 0.000283902-0j -0.00735352-0j 0.0021978-0j 3.54878e-05-0j -5.03696e-05-0j 0.000993658-0j -0.00515471-0j 2.36585e-05-0j 0.00018315-0j -0.00129993-0j -4.19747e-06-0j 0.00888231-0j 0.000175656-0j -0.000108328-0j -0.000911233-0j -0.0129964-0j 1.4638e-05-0j 0.00157019-0j -7.59361e-05-0j 0.0198781-0j -0.00229746-0j 0.000130849-0j -0.000191455-0j 0.00351398-0j 0.000292832-0j -0.000418415-0j -6.97359e-05-0j -4.27043e-05-0j -8.71698e-06-0j -5.13653e-07-0j 0.00220603-0j 0.000367672-0j 0.000225152-0j 0.00169127-0j 4.5959e-05-0j 0.0308638-0j 2.70816e-06-0j -0.000308734-0j 0.000281878-0j -0.000211376-0j 0.000172615-0j 0.00514397-0j 0.00186482-0j 3.52348e-05-0j 0.00315002-0j -5.14556e-05-0j 0.00962424-0j 0.000642996-0j 2.07623e-06-0j 0.00170234-0j -3.52293e-05-0j -3.151e-05-0j 3.78889e-05-0j -0.000213566-0j -2.15734e-05-0j 0.000310804-0j -6.43195e-06-0j -0.000201352-0j -0.00551168-0j -4.40366e-06-0j 0.000190328-0j 0.00160404-0j -3.79007e-07-0j 0.000283724-0j -0.00367445-0j -0.00386361-0j -2.59488e-07-0j 3.88505e-05-0j 0.00098227-0j 0.000173745-0j 0.00121621-0j -3.55943e-05-0j 0.000200505-0j 2.28929e-06-0j -3.35587e-05-0j -2.1797e-05-0j -6.22901e-05-0j 0.00887673-0j -0.000918613-0j 3.54655e-05-0j 1.18149e-05-0j -2.05504e-05-0j -0.000612408-0j -4.44929e-06-0j -0.00227345-0j -0.000562533-0j -0.00918406-0j 2.08982e-06-0j -0.000643934-0j 0.000202702-0j -4.19483e-06-0j -0.000375022-0j -0.000114827-0j -0.00276029-0j -0.000394328-0j -2.62177e-07-0j 0.000124129-0j -1.03817e-05-0j 0.00147946-0j -2.47183e-07-0j -7.6551e-05-0j 0.0048992-0j -8.04918e-05-0j -6.76622e-06-0j -6.35746e-06-0j 2.53378e-05-0j 0.000905978-0j -0.000378908-0j -4.51081e-06-0j -0.00153068-0j -4.74302e-06-0j 0.00575098-0j -0.000232033-0j -1.29771e-06-0j 0.000184932-0j -0.000460049-0j -0.000937344-0j 1.49304e-06-0j -7.64683e-08-0j -4.73635e-05-0j -0.000281721-0j -0.000191335-0j 1.08972e-05-0j 0.000816533-0j -2.79092e-06-0j -5.75061e-05-0j 0.000500022-0j 0.000958496-0j -1.12745e-05-0j 0.000102067-0j -3.38858e-06-0j 0.000586957-0j 6.01433e-06-0j 0.000119812-0j 7.05999e-06-0j 
-0.224468-0j 0.0381945-0j 0.0198699-0j -0.0976971-0j 0.0137851-0j 0.00422382-0j -0.0327143-0j -0.0113885-0j 0.00393613-0j 0.00289587-0j -0.00822062-0j 0.000898483-0j 0.00272475-0j 0.000393284-0j 0.00301575-0j 0.000435286-0j 0.0477867-0j 0.00158944-0j -0.0165163-0j 0.00689742-0j 0.000229416-0j -0.00238392-0j -0.0081312-0j 0.0121142-0j 0.00162255-0j -0.00117364-0j 0.00146202-0j 0.00174853-0j 0.000234195-0j 0.000211025-0j -0.0029347-0j 0.000261893-0j -0.000423588-0j 3.7801e-05-0j 0.00205843-0j 0.000363882-0j 3.03235e-05-0j 0.00224639-0j 0.00039711-0j 3.30925e-05-0j -0.00508668-0j 0.00175808-0j -0.0108911-0j -0.000899206-0j 0.000310788-0j -7.49338e-05-0j 0.0393973-0j -0.00192529-0j 2.5899e-05-0j 0.0013104-0j -0.00786159-0j -0.000160441-0j 0.000964079-0j 0.00696452-0j 0.000231648-0j -0.00474022-0j -0.00138975-0j 0.000580377-0j 0.000170427-0j 0.00998741-0j 0.000668848-0j 1.9304e-05-0j -0.000115812-0j -0.00083796-0j 1.42022e-05-0j 0.000695909-0j 0.00176554-0j -6.983e-05-0j 0.000118237-0j -0.00108203-0j 0.000147128-0j 0.00012302-0j 9.85307e-06-0j 8.16081e-05-0j -0.000191277-0j 1.02517e-05-0j -1.59398e-05-0j 1.44264e-05-0j 1.2022e-06-0j 0.00166647-0j 0.000277745-0j 0.000170083-0j 3.47181e-05-0j 2.04578e-06-0j 0.00179999-0j 0.000299999-0j 0.000183711-0j -0.00401885-0j 3.74998e-05-0j 0.00138901-0j 2.2097e-06-0j 0.00122963-0j -0.000669808-0j 0.0135954-0j -0.000410172-0j 0.000231502-0j -0.00444805-0j -8.3726e-05-0j 0.000141766-0j 0.000204938-0j 0.000887593-0j 2.89378e-05-0j -4.9336e-06-0j -0.0095237-0j 0.00226589-0j 0.000125498-0j 1.70517e-06-0j -0.00495451-0j 0.00138757-0j -0.000741341-0j 2.56173e-05-0j -0.00234433-0j 0.0243605-0j 0.000283237-0j -0.000453977-0j 0.000147932-0j 1.50951e-06-0j -0.00158728-0j 0.000810257-0j -0.00343729-0j 1.66899e-05-0j -9.26677e-05-0j 9.05895e-05-0j -0.000972009-0j 0.000843039-0j -0.000825751-0j 1.84915e-05-0j -5.46049e-06-0j -0.000390721-0j -0.000505667-0j 0.00781074-0j -0.00239317-0j 0.00406009-0j -0.00019841-0j 1.08962e-06-0j -0.000239267-0j 0.000135043-0j -0.000103219-0j 0.00617551-0j 0.00248628-0j 0.000261564-0j -1.16915e-05-0j -0.000572881-0j 0.000140507-0j -4.88401e-05-0j 8.26966e-05-0j 0.000507511-0j 0.000304269-0j -0.000350817-0j -6.08223e-06-0j 8.60423e-05-0j 0.00130179-0j -0.000398861-0j -2.87793e-06-0j 1.68804e-05-0j -0.000386276-0j -7.16101e-05-0j 2.99054e-05-0j 0.00079718-0j 1.75633e-05-0j -0.000244252-0j 0.00102925-0j 9.94685e-07-0j 4.3594e-05-0j -4.21967e-06-0j 2.52304e-05-0j 0.000630286-0j 0.000162724-0j -4.98576e-05-0j 5.07115e-05-0j 2.66958e-05-0j 1.03493e-06-0j 9.58859e-06-0j 0.000128657-0j 3.10543e-05-0j 5.44925e-06-0j -2.93789e-06-0j -6.43794e-05-0j 7.58116e-06-0j 6.33894e-06-0j -3.94241e-05-0j 4.20506e-06-0j 3.211e-07-0j -8.04742e-06-0j 3.73525e-07-0j 2.57506e-06-0j -4.74199e-07-0j 5.25633e-07-0j 3.09732e-08-0j 
-0.0683244-0j -0.14885-0j 0.142696-0j -0.0670203-0j -0.134872-0j 0.0344968-0j 0.00956354-0j -0.0152019-0j -0.0159595-0j -0.0199735-0j 0.00498682-0j -0.0195277-0j -0.00568655-0j -0.000820783-0j -0.0236552-0j -0.00341434-0j 0.0047849-0j 0.0162164-0j 0.00502336-0j 0.000690641-0j 0.00234063-0j 0.000725059-0j 0.0104243-0j 0.0100258-0j 0.00581757-0j 0.00150462-0j -0.0104913-0j 0.0014471-0j 0.000839694-0j -0.00151429-0j 0.00944537-0j -0.00987198-0j 0.00136332-0j -0.0014249-0j -0.00429593-0j -0.00075942-0j -6.3285e-05-0j 0.00450264-0j 0.000795961-0j 6.63301e-05-0j -0.0136663-0j -0.0143473-0j 0.00644556-0j -0.00241588-0j -0.00253628-0j -0.000201323-0j -0.0037887-0j 0.00113942-0j -0.000211356-0j -0.0128402-0j -0.0021144-0j 9.49521e-05-0j -0.0134616-0j -0.000669754-0j -0.00226985-0j 0.00632253-0j -0.000373776-0j -5.58129e-05-0j -0.00237969-0j -0.00793846-0j 0.0127235-0j -0.000189154-0j -3.1148e-05-0j 0.00111768-0j -0.000198308-0j 0.00441592-0j -0.00140333-0j 9.31396e-05-0j 0.00224922-0j 0.00773612-0j -0.000116944-0j 0.000780632-0j 0.000187435-0j -0.004706-0j 0.00136757-0j 6.50526e-05-0j 0.000113964-0j -0.00083191-0j -6.93259e-05-0j -0.00347791-0j -0.000579652-0j -0.000354963-0j -7.24565e-05-0j -4.26954e-06-0j 0.00360787-0j 0.000601312-0j 0.000368227-0j 0.00275909-0j 7.5164e-05-0j 0.00289659-0j 4.42908e-06-0j -0.019526-0j 0.000459849-0j -0.00175698-0j 0.000281599-0j 0.000482766-0j 0.0114774-0j 5.74811e-05-0j 0.000295632-0j -0.00325434-0j 0.00640531-0j 6.03457e-05-0j 3.38711e-06-0j -0.00541321-0j -0.00029283-0j -0.00199287-0j 3.5559e-06-0j 0.00518939-0j -0.000179321-0j 0.0019129-0j -0.000406793-0j -0.00786812-0j -0.00243731-0j -3.66037e-05-0j 0.00117141-0j 0.00106755-0j -2.39705e-05-0j -0.000902201-0j -0.00826024-0j -0.00490487-0j -2.15689e-06-0j 0.000239113-0j 0.000653739-0j -0.000552483-0j 0.0113055-0j 0.000864898-0j 0.000133444-0j 1.40899e-05-0j -0.00131135-0j 0.00052964-0j 0.00354491-0j -0.00282266-0j -0.000406219-0j -0.000112775-0j 7.86326e-06-0j -0.000803037-0j -0.00137671-0j 0.000108112-0j -0.00510689-0j -0.000248757-0j 0.0110532-0j -6.64534e-06-0j -0.000817478-0j 0.00188425-0j -0.000163919-0j -0.000843057-0j -5.07774e-05-0j 0.0102438-0j -0.000500601-0j 6.37058e-06-0j 0.00115386-0j 0.000590818-0j -0.000470444-0j -9.65904e-06-0j -0.000172088-0j 0.00478985-0j -0.000102185-0j -2.99209e-06-0j 0.0003618-0j 0.000235531-0j -0.000288087-0j -0.000851149-0j -1.01404e-05-0j 0.0018422-0j -6.0213e-06-0j -0.00205999-0j -0.00052122-0j 7.38522e-05-0j -5.88055e-05-0j 0.00170731-0j 0.00112811-0j 1.38788e-05-0j 4.35178e-06-0j -0.000106394-0j 0.00104551-0j 0.000230275-0j -3.46515e-06-0j 0.000798308-0j -6.2693e-06-0j 0.000213413-0j 0.000488862-0j -0.000343332-0j 1.35691e-05-0j 9.97885e-05-0j 1.25755e-05-0j -0.000210247-0j 5.88009e-06-0j -4.29164e-05-0j -2.52888e-06-0j 
-0.12782-0j -0.248959-0j -0.0911649-0j -0.0428512-0j 0.0183802-0j 0.00563176-0j -0.0186287-0j 0.0244194-0j -0.0256565-0j -0.0132865-0j -0.00360568-0j 0.00119798-0j 0.003633-0j 0.000524379-0j 0.004021-0j 0.000580381-0j 0.00895147-0j 0.0139039-0j -0.00940494-0j 0.00129203-0j 0.00200686-0j -0.00135749-0j 0.0174351-0j -0.00640524-0j -0.0105761-0j 0.00251654-0j -0.0067079-0j -0.000924516-0j -0.00152653-0j -0.000968201-0j -0.0012872-0j 0.00034919-0j -0.000185791-0j 5.04013e-05-0j 0.00274457-0j 0.000485176-0j 4.04313e-05-0j 0.00299519-0j 0.00052948-0j 4.41234e-05-0j -0.00223109-0j 0.00234411-0j 0.0303182-0j -0.000394404-0j 0.000414384-0j -3.2867e-05-0j 0.00737995-0j 0.00535954-0j 3.4532e-05-0j 0.0114629-0j -0.00447666-0j 0.000446629-0j 0.0216238-0j 0.0013046-0j 0.00202638-0j 0.0101641-0j -0.00079137-0j 0.000108717-0j 0.00382259-0j -0.00528073-0j -0.00435968-0j 0.000168865-0j -6.59475e-05-0j 0.00179677-0j 0.000318549-0j -0.00319289-0j -0.00093351-0j 0.000149731-0j -0.00077069-0j -0.000474592-0j -7.77925e-05-0j -0.000564429-0j -6.42241e-05-0j 0.000108811-0j -8.38968e-05-0j -4.70358e-05-0j -6.9914e-06-0j 1.92352e-05-0j 1.60294e-06-0j 0.00222196-0j 0.000370326-0j 0.000226778-0j 4.62908e-05-0j 2.72771e-06-0j 0.00239999-0j 0.000399998-0j 0.000244948-0j -0.00176272-0j 4.99998e-05-0j 0.00185202-0j 2.94626e-06-0j -0.00801495-0j -0.000293787-0j -0.00769631-0j -0.000179907-0j 0.000308669-0j -0.00195097-0j -3.67233e-05-0j 0.000189021-0j -0.00133582-0j 0.00118346-0j 3.85837e-05-0j -2.16394e-06-0j 0.0265117-0j -0.00128272-0j -0.000818022-0j 2.27357e-06-0j 0.00970818-0j -0.000785502-0j -0.000325162-0j -0.000166978-0j -0.00674613-0j 0.00456324-0j -0.00016034-0j -0.00019912-0j 0.000197243-0j -9.83928e-06-0j 0.00441862-0j 0.00708787-0j -0.00195731-0j -9.44812e-06-0j -4.06453e-05-0j 0.000120786-0j 0.00270584-0j 0.018909-0j 0.00161803-0j 2.46553e-05-0j -2.39505e-06-0j -0.00112435-0j 0.000990837-0j -0.00226476-0j 0.00513148-0j 0.000760541-0j 0.000552327-0j 1.45283e-06-0j -0.000688524-0j 0.00118131-0j 0.000202254-0j -0.00326523-0j 0.000465734-0j -0.00170492-0j 3.25462e-05-0j -0.000326218-0j 0.0031515-0j -0.000140544-0j 0.000723403-0j 9.50676e-05-0j -0.00139601-0j -0.000199767-0j 1.19179e-05-0j 0.00192989-0j -0.00037746-0j 0.000855247-0j -8.28165e-06-0j 0.000147664-0j -0.000169426-0j -4.07773e-05-0j 5.60191e-06-0j -0.000231146-0j 0.000393937-0j 0.00052373-0j -0.000544206-0j 8.70119e-06-0j -0.000284154-0j -2.40283e-06-0j 3.36405e-05-0j -0.000333256-0j -4.71824e-05-0j 0.000106906-0j -0.000232669-0j -0.000174008-0j 2.3213e-05-0j -2.78025e-06-0j -6.80257e-05-0j -0.00014248-0j -3.55192e-05-0j 6.29949e-06-0j -2.82376e-05-0j -4.00845e-06-0j -2.90836e-05-0j -1.7292e-05-0j 5.60675e-06-0j -2.09299e-06-0j -3.52971e-06-0j -1.71377e-06-0j 3.43342e-06-0j -2.0799e-07-0j 7.00844e-07-0j 4.12976e-08-0j 
0.320735-0j 0.0524146-0j 0.0976971-0j -0.0458856-0j -0.0923406-0j -0.00603529-0j -0.0448941-0j 0.00535304-0j 0.00561981-0j -0.0136749-0j 0.00341424-0j -0.0133697-0j -0.00389332-0j -0.000561952-0j 0.00413853-0j 0.000597346-0j -0.0224617-0j -0.0022711-0j -0.0235811-0j -0.00324207-0j -0.000327805-0j -0.00340364-0j -0.0036707-0j 0.00686418-0j -0.00204854-0j -0.00052982-0j -0.0071829-0j 0.000990759-0j -0.000295681-0j -0.00103676-0j 0.0064668-0j -0.00675888-0j 0.000933403-0j -0.000975561-0j -0.00294122-0j -0.000519939-0j -4.33283e-05-0j 0.00308274-0j 0.000544957-0j 4.54131e-05-0j 0.00239095-0j 0.0025101-0j 0.0155619-0j 0.000422664-0j 0.000443727-0j 3.5222e-05-0j 0.0177853-0j 0.00275098-0j 3.69773e-05-0j 0.00179827-0j 0.00992559-0j 0.000229249-0j 0.00474022-0j 0.00314402-0j 0.000317892-0j -0.00222635-0j 0.00175461-0j 0.000262002-0j 0.00083796-0j -0.00543509-0j -0.00448033-0j 2.6491e-05-0j 0.000146218-0j -0.000393567-0j 6.983e-05-0j 0.00302337-0j -0.000960797-0j -3.27973e-05-0j -0.000792017-0j 0.00529656-0j -8.00664e-05-0j 0.000534462-0j -6.60014e-05-0j -0.00322198-0j 0.000936309-0j 4.45385e-05-0j 7.80257e-05-0j -0.00056957-0j -4.74642e-05-0j -0.00238116-0j -0.000396861-0j -0.000243027-0j -4.96076e-05-0j -2.92316e-06-0j 0.00247014-0j 0.00041169-0j 0.000252108-0j 0.00188902-0j 5.14613e-05-0j 0.00198316-0j 3.03238e-06-0j -0.00175698-0j 0.000314837-0j -0.019426-0j 0.000192797-0j 0.000330527-0j -0.002008-0j 3.93546e-05-0j 0.000202406-0j -0.00029283-0j -0.00112062-0j 4.13159e-05-0j 2.31899e-06-0j -0.0130694-0j -0.00323767-0j -0.000179321-0j 2.43456e-06-0j -0.0243605-0j -0.00198266-0j -0.000334667-0j -3.66037e-05-0j 0.00110193-0j 0.0114415-0j -0.000404708-0j -0.000204941-0j -0.000186771-0j -2.15689e-06-0j -0.00217824-0j 0.00115684-0j 0.0230249-0j -2.38477e-05-0j -4.18334e-05-0j -0.000114373-0j -0.00133389-0j -0.003981-0j -0.00406009-0j -2.33463e-05-0j -2.46505e-06-0j 0.000183655-0j -0.00248628-0j 0.00242703-0j 0.000993945-0j 0.00190691-0j -0.00027228-0j -1.37569e-06-0j 0.000112465-0j 0.000192807-0j -0.000507511-0j -0.00349645-0j 0.00116774-0j -0.00389216-0j -1.60443e-05-0j 0.00383748-0j -0.000663501-0j 2.29569e-05-0j 0.00011807-0j 0.000238364-0j 0.00701347-0j 0.00234997-0j -2.99054e-05-0j -0.000406309-0j 0.000404505-0j 0.000165657-0j 1.35275e-06-0j 2.41009e-05-0j 0.00327939-0j 0.000479685-0j 1.40457e-05-0j 0.000247708-0j -8.29376e-05-0j 0.000101444-0j -0.000582742-0j 1.42016e-06-0j -0.000648693-0j 2.82657e-05-0j -0.00141038-0j -0.000356855-0j 5.05631e-05-0j 2.07072e-05-0j 0.00116891-0j -0.000397242-0j -4.88714e-06-0j 2.97946e-06-0j -7.28427e-05-0j 0.000715809-0j -8.10866e-05-0j 1.22018e-06-0j 0.000546564-0j -4.2923e-06-0j 0.000146114-0j 0.000334701-0j -0.000235063-0j -4.77807e-06-0j 6.83205e-05-0j 8.60985e-06-0j -0.000143946-0j 4.02583e-06-0j -2.93829e-05-0j -1.7314e-06-0j 
-0.0341622-0j -0.000788847-0j -0.300653-0j -0.163613-0j 0.0420154-0j 0.0172484-0j -9.85439e-05-0j 0.0198584-0j 0.00394476-0j -0.00086726-0j -0.0278179-0j 0.00365748-0j -0.00284328-0j -0.000410391-0j 0.000243746-0j 3.51817e-05-0j 0.0121531-0j -0.00165858-0j 0.00241414-0j 0.00175415-0j -0.000239395-0j 0.000348452-0j 0.000280629-0j -0.00751074-0j 0.00328573-0j 4.05054e-05-0j 0.0212463-0j -0.00108408-0j 0.000474254-0j 0.00306664-0j -0.0149468-0j 0.00133397-0j -0.00215739-0j 0.000192542-0j -0.00214796-0j -0.00037971-0j -3.16425e-05-0j -4.63957e-05-0j -8.20168e-06-0j -6.83474e-07-0j -0.0347107-0j -0.0068951-0j -0.00165754-0j -0.00613605-0j -0.00121889-0j -0.000511337-0j 0.00019831-0j -0.000293014-0j -0.000101574-0j -2.70642e-05-0j 0.0023219-0j -2.44178e-05-0j -0.0145875-0j 3.50566e-05-0j -4.78431e-06-0j -0.00793846-0j 0.000410458-0j 2.92139e-06-0j -0.00257874-0j -0.000122558-0j 0.00203857-0j -3.98693e-07-0j 3.42048e-05-0j -0.00140333-0j -0.000214895-0j 0.0204345-0j -2.16654e-05-0j -0.000116944-0j 0.000360372-0j -0.00736033-0j -1.80545e-06-0j 0.00361234-0j 3.0031e-05-0j 0.000499149-0j -0.00130113-0j 0.000301028-0j -0.000108428-0j 8.8238e-05-0j 7.35317e-06-0j -0.00173896-0j -0.000289826-0j -0.000177482-0j -3.62283e-05-0j -2.13477e-06-0j -3.7176e-05-0j -6.19599e-06-0j -3.79426e-06-0j 0.00700777-0j -7.74499e-07-0j 0.00139206-0j -4.56378e-08-0j 0.0050213-0j 0.00116796-0j -0.000878489-0j 0.000715228-0j 0.000232009-0j -0.000600757-0j 0.000145995-0j 0.000142076-0j 0.000836884-0j -0.00703392-0j 2.90012e-05-0j 8.60285e-06-0j -2.86879e-05-0j -0.000146415-0j 0.000512485-0j 1.70891e-06-0j -0.0109338-0j -8.96604e-05-0j -0.000100126-0j 0.000104611-0j 0.00408787-0j -0.0059501-0j -1.83018e-05-0j -6.13145e-05-0j -0.00117232-0j 6.16423e-06-0j -4.78131e-06-0j 0.000812033-0j 0.00152797-0j -1.07845e-06-0j -1.25158e-05-0j -0.000717897-0j -2.92794e-06-0j -0.000252474-0j -0.0018223-0j -0.00014654-0j -7.37499e-07-0j 0.000681311-0j -0.00111592-0j 0.0168724-0j -0.00809828-0j -0.000991684-0j -5.97664e-07-0j -8.63495e-06-0j 0.000417216-0j 0.000135339-0j -0.000227787-0j 0.00367723-0j -0.00060728-0j 0.00106476-0j -3.52177e-08-0j 0.000254661-0j -4.20791e-05-0j 8.51639e-05-0j 8.28778e-05-0j -0.00012396-0j 0.0134473-0j 0.000155948-0j -1.34225e-05-0j -2.57681e-05-0j 0.00281207-0j -0.00134971-0j 5.01833e-06-0j 1.69174e-05-0j -0.00328781-0j 3.18327e-05-0j -7.30444e-06-0j 0.00172204-0j -5.25988e-06-0j -0.000826527-0j 0.000612872-0j 9.96865e-07-0j 0.000177459-0j 1.87576e-06-0j 0.000180126-0j 0.000375306-0j 0.000351509-0j -0.000168714-0j 0.00224121-0j 0.000108671-0j -3.09942e-07-0j 2.07129e-05-0j 7.66089e-05-0j 0.00137245-0j 2.21824e-05-0j -9.94158e-06-0j -0.000547969-0j 4.51423e-06-0j 0.000280151-0j -0.000335561-0j 3.0021e-05-0j 1.30711e-06-0j -6.84961e-05-0j 1.65081e-05-0j 1.83841e-05-0j -4.03617e-06-0j 3.75263e-06-0j 2.21126e-07-0j 
0.0281824-0j 0.186723-0j 0.0201345-0j 0.134872-0j -0.163305-0j -0.0142292-0j -0.0119969-0j -0.00652054-0j -0.0308852-0j -0.00857098-0j 0.00296205-0j -0.0143545-0j 0.00234558-0j 0.000338556-0j 0.029674-0j 0.00428307-0j 0.00205238-0j -0.00668891-0j 0.00972133-0j 0.000296236-0j -0.000965462-0j 0.00140315-0j 0.0135981-0j 0.000846565-0j -0.00332298-0j 0.00196272-0j 0.00694525-0j 0.000122191-0j -0.00047963-0j 0.00100246-0j -0.0118927-0j 0.00692012-0j -0.00171656-0j 0.000998833-0j 0.00177198-0j 0.000313245-0j 2.61037e-05-0j -0.00564828-0j -0.000998484-0j -8.3207e-05-0j -0.00586187-0j -0.0277654-0j -0.00265866-0j -0.00103624-0j -0.00490827-0j -8.63535e-05-0j -0.00494224-0j -0.000469989-0j -0.000409022-0j 0.0161072-0j 0.00120773-0j -3.91657e-05-0j -0.00189944-0j -0.000873673-0j 0.00284738-0j -0.0127235-0j 0.000213499-0j -7.28061e-05-0j -0.000335776-0j -0.00203857-0j 0.0154058-0j 0.000237282-0j 1.77916e-05-0j -0.00224922-0j -2.79813e-05-0j 0.000862847-0j -0.000360372-0j -0.000187435-0j 0.00272339-0j -0.00591349-0j -3.0031e-05-0j 0.000152531-0j 0.000226949-0j 0.0140517-0j -0.00104537-0j 1.27109e-05-0j -8.71139e-05-0j 0.00248402-0j 0.000207001-0j 0.00143457-0j 0.000239094-0j 0.000146415-0j 2.98868e-05-0j 1.7611e-06-0j -0.00452585-0j -0.000754309-0j -0.000461918-0j 0.00118346-0j -9.42886e-05-0j 0.00560556-0j -5.55601e-06-0j 0.00805408-0j 0.000197243-0j 0.000724716-0j 0.000120786-0j 0.000934261-0j 0.0149719-0j 2.46553e-05-0j 0.000572116-0j 0.00134235-0j -0.00365869-0j 0.000116783-0j 1.45283e-06-0j 0.00679053-0j 0.000120786-0j 0.000822017-0j 6.88148e-06-0j 0.000732226-0j 7.3966e-05-0j 0.00249532-0j 0.000167793-0j -0.00337487-0j 0.00490487-0j 1.50983e-05-0j 0.00152807-0j -0.000609781-0j 9.88732e-06-0j 0.00113176-0j -0.0159854-0j -0.00593888-0j 8.89673e-07-0j 0.000311915-0j -0.000373413-0j 0.000693056-0j 0.00485139-0j 0.000122038-0j -7.62226e-05-0j 1.83798e-05-0j -0.000562479-0j 7.47326e-05-0j 0.000213566-0j -0.0016766-0j 0.000817478-0j 0.000141469-0j -4.49146e-06-0j -0.000344446-0j -0.00266424-0j 1.52547e-05-0j 0.00202316-0j 0.000500601-0j 0.008125-0j 8.33617e-06-0j -0.000989814-0j 0.000808565-0j -7.03098e-05-0j -0.00163151-0j 0.000102185-0j -0.00424294-0j -0.000606135-0j 8.98893e-07-0j 0.000495143-0j 3.55943e-05-0j -0.000279433-0j -4.14305e-06-0j -0.00033303-0j 0.00349153-0j -0.000123727-0j 6.0213e-06-0j 2.1797e-05-0j 0.000101071-0j -0.000171117-0j 0.000337193-0j -1.9624e-05-0j 0.00135417-0j -7.29067e-06-0j 0.0125449-0j 0.000206487-0j 4.44929e-06-0j -3.49291e-05-0j -0.000707157-0j 0.000829254-0j 5.95565e-06-0j 2.62177e-07-0j 4.21491e-05-0j -0.000433044-0j 0.000169271-0j -2.05822e-06-0j 0.000581921-0j 2.48366e-06-0j -8.83947e-05-0j 0.000356352-0j 0.00209082-0j 9.97438e-06-0j 7.27401e-05-0j -5.20871e-06-0j 0.00128036-0j 4.28625e-06-0j 0.000261352-0j 1.54003e-05-0j 
0.0118803-0j -0.149376-0j 0.00848767-0j 0.0121278-0j 0.00500245-0j 0.00153277-0j 0.00173145-0j -0.0152361-0j -0.015394-0j 0.00123701-0j 0.00102048-0j 0.000326048-0j 0.000988778-0j 0.000142718-0j 0.00109438-0j 0.00015796-0j 0.000865181-0j 0.046993-0j 0.000874147-0j 0.000124878-0j 0.00678286-0j 0.000126172-0j -0.0108783-0j 0.000356869-0j -0.0063457-0j -0.00157015-0j 0.000624521-0j 5.15096e-05-0j -0.000915923-0j 9.01418e-05-0j 0.000364304-0j 9.50376e-05-0j 5.25827e-05-0j 1.37175e-05-0j 0.000746977-0j 0.000132048-0j 1.1004e-05-0j 0.000815188-0j 0.000144106-0j 1.20089e-05-0j 0.000631442-0j 0.000637986-0j -0.0062123-0j 0.000111624-0j 0.000112781-0j 9.30202e-06-0j 0.00071329-0j -0.00109819-0j 9.39842e-06-0j 0.0387429-0j 0.000416086-0j -9.15158e-05-0j -0.00443828-0j 0.000126093-0j 0.00684884-0j -0.00634172-0j 7.35542e-05-0j 1.05077e-05-0j -0.000784584-0j 0.000294217-0j -0.00261583-0j 0.000570737-0j 6.12952e-06-0j -0.00112107-0j -6.5382e-05-0j 0.000297266-0j 5.20107e-05-0j -9.34223e-05-0j -0.000462417-0j 0.000134319-0j 4.33423e-06-0j 5.25497e-05-0j -3.85347e-05-0j 2.96146e-05-0j 2.37445e-05-0j 4.37914e-06-0j 1.97871e-06-0j 5.23516e-06-0j 4.36264e-07-0j 0.00060474-0j 0.00010079-0j 6.1721e-05-0j 1.25988e-05-0j 7.42389e-07-0j 0.000653194-0j 0.000108866-0j 6.66663e-05-0j 0.000498885-0j 1.36082e-05-0j 0.000504055-0j 8.01872e-07-0j -0.004809-0j 8.31475e-05-0j 0.000305504-0j 5.09173e-05-0j 8.40092e-05-0j 0.000552165-0j 1.03934e-05-0j 5.14449e-05-0j -0.0008015-0j 0.000322096-0j 1.05011e-05-0j 6.12439e-07-0j -0.00543234-0j 5.09173e-05-0j -0.000490817-0j 6.18786e-07-0j 0.000308669-0j 3.11803e-05-0j 9.20275e-05-0j -0.000100188-0j 0.0237102-0j 0.000441048-0j 6.36466e-06-0j 5.63551e-05-0j 5.36827e-05-0j -5.90361e-06-0j -0.000905391-0j 0.0239559-0j 0.000181923-0j 3.75041e-07-0j 1.15034e-05-0j 3.28738e-05-0j -0.000554436-0j -0.00388105-0j 5.14449e-05-0j 6.71034e-06-0j 6.77846e-07-0j 0.0039517-0j 3.15034e-05-0j 9.00286e-05-0j -0.00320171-0j 7.3508e-05-0j -0.000113174-0j 3.9541e-07-0j 0.00241991-0j 0.00399265-0j 6.43061e-06-0j 0.000181923-0j 4.50143e-05-0j -0.00102296-0j -6.66883e-06-0j 3.03205e-05-0j -0.000646842-0j 0.000493962-0j 0.00244499-0j 9.18851e-06-0j 0.000129972-0j 1.85675e-05-0j 3.78928e-07-0j -0.000396108-0j 1.50048e-05-0j -0.000533618-0j 2.9107e-05-0j 0.000499081-0j 4.79509e-05-0j 3.79007e-06-0j 5.41438e-07-0j 9.18851e-06-0j -8.08553e-05-0j -0.000326773-0j 3.03205e-05-0j 2.94086e-05-0j -0.000170493-0j 2.23332e-07-0j 9.15578e-06-0j 1.85675e-05-0j 1.8756e-06-0j -6.67022e-05-0j 2.1662e-05-0j -0.000104405-0j -4.76444e-06-0j 1.10521e-07-0j 3.79007e-06-0j 1.32652e-05-0j -2.13117e-05-0j -3.93047e-06-0j 7.99182e-06-0j 2.23332e-07-0j 2.70775e-06-0j 4.89397e-06-0j 1.52596e-06-0j -1.2558e-06-0j 9.98978e-07-0j 1.59556e-07-0j 9.34458e-07-0j 5.88653e-08-0j 1.90746e-07-0j 1.12398e-08-0j 
0.129144-0j -0.241582-0j -0.0315089-0j 0.0449868-0j -0.0870596-0j -0.00569012-0j -0.0180767-0j 0.0256565-0j -0.025902-0j 0.00441038-0j -0.00334736-0j -0.0126051-0j -0.00367065-0j -0.000529813-0j 0.00390185-0j 0.000563183-0j 0.00940494-0j -0.014048-0j -0.00949496-0j 0.00135749-0j -0.00202765-0j -0.00137048-0j -0.0175932-0j -0.00132481-0j 0.00944184-0j -0.00253936-0j 0.0023166-0j -0.00019122-0j 0.00136281-0j 0.000334372-0j -0.00634012-0j -0.00637234-0j -0.000915118-0j -0.000919768-0j -0.00277301-0j -0.000490203-0j -4.08503e-05-0j 0.00290644-0j 0.000513791-0j 4.28159e-05-0j -0.00234411-0j 0.00236655-0j -0.0306323-0j -0.000414384-0j 0.00041835-0j -3.4532e-05-0j -0.00744687-0j -0.00541508-0j 3.48625e-05-0j 0.0111233-0j 0.00399655-0j -0.000451257-0j 0.00747374-0j -0.00131643-0j 0.00196633-0j -0.0106706-0j 0.000706497-0j -0.000109703-0j 0.00132118-0j 0.00104899-0j 0.0206501-0j 0.000163861-0j 5.88748e-05-0j -0.00188632-0j 0.000110099-0j -0.000975086-0j 0.000185437-0j -0.000157193-0j 0.00365045-0j -0.0051928-0j 1.54531e-05-0j -0.000172373-0j 0.000304204-0j -0.00303771-0j -0.000917967-0j -1.43644e-05-0j -7.64972e-05-0j -0.000536996-0j -4.47497e-05-0j -0.00224498-0j -0.000374164-0j -0.000229128-0j -4.67705e-05-0j -2.75598e-06-0j 0.00232887-0j 0.000388145-0j 0.000237689-0j -0.00185202-0j 4.85182e-05-0j 0.00186974-0j 2.85896e-06-0j 0.00809801-0j -0.000308669-0j 0.00777607-0j -0.000189021-0j 0.000311624-0j 0.00196867-0j -3.85837e-05-0j 0.00019083-0j 0.00134967-0j -0.00105653-0j 3.8953e-05-0j -2.27357e-06-0j 0.0257261-0j 0.00129601-0j 0.000826499-0j 2.29533e-06-0j 0.00335539-0j 0.000793642-0j 0.000328111-0j 0.000168708-0j -0.00708787-0j -0.00479065-0j 0.000162001-0j 0.000200926-0j -0.000176089-0j 9.94124e-06-0j 0.00428769-0j 0.00715572-0j 0.009271-0j 9.54603e-06-0j 4.10139e-05-0j -0.000107832-0j 0.00262566-0j -0.00627671-0j 0.000559231-0j -2.20111e-05-0j 2.41677e-06-0j -0.00118131-0j 0.000342458-0j -0.000334214-0j 0.00476385-0j -0.000798442-0j 0.000535961-0j -1.29702e-06-0j -0.000723403-0j 0.00119262-0j 6.99039e-05-0j 0.000674826-0j -0.000488944-0j 0.0179392-0j 3.15818e-05-0j 0.00154517-0j -0.00104612-0j -0.000147664-0j 0.000730327-0j -9.98053e-05-0j -0.00226196-0j 0.000946218-0j 4.11913e-06-0j -0.000640614-0j -5.57024e-05-0j 0.000793975-0j -8.70119e-06-0j 0.000149077-0j -0.00321514-0j 0.000193146-0j -5.88108e-06-0j -3.41106e-05-0j -0.000130765-0j 0.000486209-0j 0.000112471-0j 8.78447e-06-0j 0.00298986-0j 1.13812e-05-0j -0.00132972-0j 6.88741e-05-0j -6.96279e-06-0j 9.92469e-05-0j -0.000376993-0j 0.00183091-0j -7.70539e-06-0j -4.10287e-07-0j 1.40589e-05-0j -0.00023086-0j 0.000373733-0j 5.84818e-06-0j -0.000535857-0j 8.28427e-07-0j -4.71241e-05-0j -0.000328144-0j -0.00022162-0j 2.20224e-05-0j -6.69822e-05-0j -2.77681e-06-0j -0.000135714-0j -3.94696e-06-0j -2.77024e-05-0j -1.63238e-06-0j 
-0.132296-0j -0.0657509-0j 0.0137851-0j 0.0923406-0j -0.111807-0j 0.00248943-0j 0.0563168-0j 0.00229608-0j 0.0108756-0j -0.00586815-0j 0.00202798-0j -0.00982784-0j 0.00160591-0j 0.000231793-0j -0.00519153-0j -0.000749333-0j -0.0096345-0j 0.000936781-0j -0.0456348-0j -0.00139062-0j 0.000135213-0j -0.00658681-0j -0.00478831-0j 0.000579604-0j 0.00117012-0j -0.000691133-0j 0.00475509-0j 8.36586e-05-0j 0.000168892-0j 0.000686338-0j -0.00814238-0j 0.00473788-0j -0.00117525-0j 0.000683854-0j 0.00121319-0j 0.000214464-0j 1.7872e-05-0j -0.00386711-0j -0.000683615-0j -5.69679e-05-0j 0.00102555-0j 0.00485761-0j -0.00641896-0j 0.000181293-0j 0.000858713-0j 1.51077e-05-0j 0.0232003-0j -0.00113472-0j 7.15594e-05-0j -0.00225581-0j -0.00566946-0j -9.45603e-05-0j 0.000668848-0j 0.00410128-0j -0.000398775-0j 0.00448033-0j -0.00100223-0j 0.000341773-0j 0.000118237-0j -0.00139571-0j -0.00542484-0j -3.32313e-05-0j -8.3519e-05-0j 0.000792017-0j 9.85307e-06-0j 0.000590751-0j -0.00024673-0j 6.60014e-05-0j -0.000958986-0j -0.00404869-0j -2.05608e-05-0j 0.000104431-0j -7.99155e-05-0j 0.00962056-0j -0.000715713-0j 8.70259e-06-0j -5.96428e-05-0j 0.00170069-0j 0.000141724-0j 0.00098218-0j 0.000163697-0j 0.000100243-0j 2.04621e-05-0j 1.20574e-06-0j -0.00309864-0j -0.00051644-0j -0.000316253-0j 0.000810257-0j -6.4555e-05-0j 0.00383787-0j -3.80394e-06-0j 0.000724716-0j 0.000135043-0j 0.00801282-0j 8.26966e-05-0j 0.000639645-0j -0.00261937-0j 1.68804e-05-0j 0.000391701-0j 0.000120786-0j 0.000640096-0j 7.99556e-05-0j 9.94685e-07-0j 0.0163948-0j 0.00133547-0j 7.3966e-05-0j 4.71143e-06-0j -0.00343729-0j 0.000817805-0j -0.000436562-0j 1.50983e-05-0j 0.00047265-0j -0.0230249-0j 0.000166934-0j -0.000267339-0j 0.000106683-0j 8.89673e-07-0j 0.00273247-0j 0.00223876-0j 0.0278789-0j 9.83666e-06-0j -5.45703e-05-0j 6.53295e-05-0j 0.00167329-0j -0.00170832-0j -0.000572881-0j 1.33353e-05-0j -3.21558e-06-0j 7.8775e-05-0j -0.000350817-0j 0.000146219-0j 0.00059038-0j -0.00383748-0j 0.000341559-0j 7.85792e-07-0j 4.82397e-05-0j 0.000373126-0j -7.16101e-05-0j 0.00138516-0j -0.00234997-0j -0.00286106-0j 2.01265e-05-0j 0.00464648-0j -0.00028472-0j 9.84688e-06-0j 0.000228492-0j -0.000479685-0j -0.00290495-0j 0.00284538-0j -4.21967e-06-0j -0.000174355-0j 2.43698e-05-0j 9.83967e-05-0j 5.80233e-07-0j 4.66408e-05-0j 0.00239048-0j 0.00058081-0j -2.82657e-05-0j 1.49234e-05-0j -3.559e-05-0j 6.02554e-05-0j 0.00023086-0j 2.74833e-06-0j -0.000476843-0j 3.42245e-05-0j 0.0085889-0j 0.000141372-0j 3.04622e-06-0j 1.22996e-05-0j -0.000484158-0j -0.000292005-0j -2.09716e-06-0j 1.795e-07-0j 2.88575e-05-0j -0.000296485-0j -5.96053e-05-0j 7.2476e-07-0j 0.000398414-0j 1.70044e-06-0j -6.05197e-05-0j 0.000243978-0j 0.00143148-0j -3.51228e-06-0j 4.98018e-05-0j -3.56616e-06-0j 0.000876601-0j 2.9346e-06-0j 0.000178935-0j 1.05439e-05-0j 
0.0345162-0j -0.0781468-0j 0.0209491-0j -0.0910132-0j 0.0177835-0j -0.0174271-0j -0.00976221-0j -0.012007-0j 0.00366685-0j -0.00592502-0j -0.0331249-0j -0.0118998-0j 0.00287274-0j 0.000414644-0j 0.0241466-0j 0.00348527-0j -0.00734813-0j 0.00167577-0j 0.00224406-0j -0.00106061-0j 0.000241876-0j 0.000323903-0j 0.0166366-0j 0.0127721-0j 0.00653806-0j 0.00240129-0j 0.001362-0j 0.0018435-0j 0.000943688-0j 0.000196588-0j -0.00378591-0j -0.0119244-0j -0.000546449-0j -0.00172113-0j 0.00217022-0j 0.000383645-0j 3.19704e-05-0j -0.00459617-0j -0.000812496-0j -6.7708e-05-0j 0.0209872-0j -0.00640933-0j 0.00167471-0j 0.00371005-0j -0.00113302-0j 0.000309171-0j 0.0117565-0j 0.00029605-0j -9.44184e-05-0j -0.0026811-0j 0.0046202-0j 2.46708e-05-0j 0.00101644-0j 0.00207827-0j -0.000473956-0j -0.00441592-0j 0.000816744-0j 0.000173189-0j 0.000179683-0j -0.0204345-0j 0.000862847-0j -3.94963e-05-0j 6.8062e-05-0j -0.000780632-0j 1.49736e-05-0j 0.00280416-0j -0.00361234-0j -6.50526e-05-0j 0.000152531-0j 0.0143308-0j -0.000301028-0j 0.00049571-0j 1.27109e-05-0j -0.00828558-0j 0.00253335-0j 4.13092e-05-0j 0.000211112-0j -0.0014647-0j -0.000122058-0j 0.00175698-0j 0.00029283-0j 0.000179321-0j 3.66037e-05-0j 2.15689e-06-0j -0.00368282-0j -0.000613804-0j -0.000375876-0j -0.00423712-0j -7.67255e-05-0j 0.00129398-0j -4.52109e-06-0j -0.00507334-0j -0.000706186-0j 0.000887593-0j -0.000432449-0j 0.000215664-0j -0.0356148-0j -8.82733e-05-0j 0.000132067-0j -0.000845557-0j -0.0139963-0j 2.6958e-05-0j -5.20155e-06-0j -0.00284195-0j 0.000147932-0j -0.000517796-0j 1.58852e-06-0j 0.000761851-0j 9.05895e-05-0j -0.0059358-0j -0.000105695-0j -0.00247165-0j -0.00330986-0j 1.84915e-05-0j -0.00363492-0j -0.00233272-0j -6.22811e-06-0j -0.000473658-0j 0.000754824-0j 0.000646729-0j 1.08962e-06-0j -0.000741975-0j -0.0014285-0j -0.000290055-0j -0.00172488-0j 0.000126975-0j -0.000291591-0j -4.37213e-05-0j -0.000411942-0j 7.77561e-05-0j 0.00823496-0j -0.00964324-0j -0.000551643-0j -5.92073e-05-0j -1.71821e-05-0j -0.000252262-0j 0.000125804-0j 1.58719e-05-0j 0.00575302-0j -0.000337811-0j -0.00346425-0j -3.48882e-06-0j 0.000107788-0j -0.000287479-0j -5.14928e-05-0j 7.70389e-05-0j -6.89554e-05-0j 0.000392522-0j 6.60065e-05-0j 9.35261e-07-0j -0.000176044-0j 0.00137249-0j -0.00160721-0j -3.03424e-06-0j 1.57255e-05-0j 0.0175877-0j 1.34735e-05-0j -4.06324e-06-0j 0.000840477-0j -3.59349e-05-0j -0.000984209-0j 0.000958836-0j 9.26634e-07-0j -0.000577375-0j 7.93935e-07-0j -0.00472298-0j 0.000587165-0j 0.000171562-0j -0.000200901-0j 6.54203e-05-0j -0.000353569-0j -2.11749e-06-0j 1.01094e-05-0j 0.000119855-0j 4.00616e-05-0j -7.21719e-05-0j -1.18382e-05-0j 0.00293129-0j 7.0625e-06-0j 8.17754e-06-0j 0.00179504-0j -0.000787163-0j -4.25277e-06-0j 0.000366411-0j 4.81866e-07-0j -0.000482037-0j 2.1591e-05-0j -9.83953e-05-0j -5.798e-06-0j 
0.158169-0j 0.00242511-0j -0.0327837-0j -0.154811-0j 0.0664322-0j -0.00696895-0j 0.000456252-0j -0.0365338-0j -0.0121271-0j -9.45674e-05-0j -0.0263213-0j 0.00578298-0j -0.00449561-0j -0.000648886-0j -9.8482e-05-0j -1.42147e-05-0j -0.0336724-0j 0.0128202-0j -0.0111773-0j -0.0048602-0j 0.00185043-0j -0.00161331-0j -0.000516279-0j -0.0199874-0j -0.0101011-0j -7.45184e-05-0j 0.00231673-0j -0.00288493-0j -0.00145797-0j 0.000334391-0j -0.0141427-0j 0.00210919-0j -0.00204132-0j 0.000304436-0j -0.00339623-0j -0.000600374-0j -5.00312e-05-0j -7.33581e-05-0j -1.2968e-05-0j -1.08067e-06-0j 0.00839259-0j 0.00278586-0j -0.0149213-0j 0.00148361-0j 0.000492476-0j 0.000123635-0j -0.000549457-0j -0.00263773-0j 4.10396e-05-0j 0.000209196-0j -0.0107503-0j -0.000219811-0j 0.00309273-0j -9.71311e-05-0j 3.69809e-05-0j 0.0146045-0j -0.00190039-0j -8.09426e-06-0j 0.000546723-0j -0.000326148-0j -0.00626706-0j 3.08174e-06-0j -0.000158366-0j 0.00258174-0j 4.55602e-05-0j 0.00222821-0j -5.76554e-05-0j 0.000215145-0j -0.00110787-0j -0.00696434-0j -4.80461e-06-0j 0.000393895-0j -9.23225e-05-0j 0.000789225-0j -0.00123113-0j 3.28246e-05-0j -0.000102594-0j 0.000139516-0j 1.16264e-05-0j -0.00274953-0j -0.000458255-0j -0.000280623-0j -5.72819e-05-0j -3.37537e-06-0j -5.87804e-05-0j -9.79673e-06-0j -5.99925e-06-0j 0.00663076-0j -1.22459e-06-0j 0.00220104-0j -7.21597e-08-0j 0.0039446-0j 0.00110513-0j 0.0095237-0j 0.000676749-0j 0.000366839-0j 0.000145255-0j 0.000138141-0j 0.000224642-0j 0.000657434-0j 0.00284195-0j 4.58549e-05-0j 8.14002e-06-0j -0.00025825-0j 0.00158728-0j 0.000402594-0j 2.70203e-06-0j 0.00349114-0j 0.000972009-0j 2.42092e-05-0j 8.21792e-05-0j -0.018909-0j 0.0164859-0j 0.00019841-0j 1.4825e-05-0j 0.000473658-0j 4.84246e-06-0j -4.30417e-05-0j -0.00627671-0j -0.00707439-0j 1.16915e-05-0j 3.02615e-06-0j 0.000290055-0j -2.63576e-05-0j 5.35276e-05-0j 0.000581857-0j 5.92073e-05-0j 1.78317e-07-0j -0.0031515-0j 0.000356313-0j -0.0128871-0j 0.0148985-0j 0.00274765-0j -5.38021e-06-0j 3.48882e-06-0j -0.00192989-0j -0.00104612-0j 7.27321e-05-0j 0.00978574-0j 0.00168258-0j -0.00327331-0j -3.17032e-07-0j -0.00117906-0j 8.92126e-06-0j -0.000393937-0j -0.000640614-0j 0.000343456-0j 0.00146631-0j -0.000722027-0j 4.28578e-06-0j 5.46313e-06-0j -0.00214784-0j 0.00248309-0j -2.3213e-05-0j -0.000130765-0j -0.00311093-0j -0.000147383-0j 2.02383e-05-0j -0.00131528-0j 1.11516e-06-0j 0.00152058-0j 0.00163096-0j -7.70539e-06-0j -0.000545552-0j -8.68463e-06-0j 0.000284805-0j 0.000998753-0j -0.000268481-0j 0.000310386-0j 0.000244385-0j -0.000334081-0j 6.57113e-08-0j -1.58204e-05-0j 0.00020387-0j 0.000149655-0j -6.8194e-05-0j 1.82897e-05-0j -0.000518488-0j 1.20131e-05-0j 3.05481e-05-0j -0.000317508-0j 4.74674e-05-0j -4.01837e-06-0j -6.4811e-05-0j 1.80006e-06-0j 2.90677e-05-0j -3.81903e-06-0j 5.93343e-06-0j 3.49631e-07-0j 
-0.0155961-0j 0.0709811-0j 0.0325725-0j 0.159443-0j 0.121878-0j 0.00787441-0j 0.00886706-0j 0.00178472-0j -0.0195277-0j -0.0185189-0j -0.0161835-0j -0.0209248-0j -0.00129804-0j -0.000187356-0j -0.0219325-0j -0.00316568-0j 0.00109223-0j -0.000757191-0j -0.0119507-0j 0.000157649-0j -0.000109291-0j -0.00172494-0j -0.00497095-0j 0.00228854-0j 0.00971008-0j -0.000717495-0j 0.0249591-0j 0.000330322-0j 0.00140153-0j 0.00360254-0j -0.00853539-0j -0.0174474-0j -0.00123198-0j -0.00251832-0j -0.000980611-0j -0.000173349-0j -1.44458e-05-0j 0.00417472-0j 0.000737994-0j 6.14995e-05-0j -0.00311954-0j 0.0341328-0j -0.000756716-0j -0.000551461-0j 0.00603388-0j -4.59551e-05-0j -0.00351279-0j -0.00013377-0j 0.000502824-0j 0.00243526-0j 0.00686175-0j -1.11475e-05-0j 0.0015804-0j -0.000620979-0j 0.000430496-0j 0.00773612-0j 0.001213-0j -5.17482e-05-0j 0.000279378-0j -0.00736033-0j 0.00591349-0j 3.58747e-05-0j 0.000101083-0j 0.00136757-0j 2.32815e-05-0j -0.0143308-0j -0.00130113-0j 0.000113964-0j 0.00104537-0j 0.00828958-0j -0.000108428-0j -0.00253335-0j 8.71139e-05-0j 0.00041179-0j 0.0014654-0j -0.000211112-0j 0.000122117-0j 7.27948e-05-0j 6.06624e-06-0j -0.000793887-0j -0.000132314-0j -8.10257e-05-0j -1.65393e-05-0j -9.74588e-07-0j 0.00334512-0j 0.000557521-0j 0.00034141-0j 0.000629805-0j 6.96901e-05-0j -0.00689109-0j 4.10653e-06-0j 0.00229238-0j 0.000104968-0j -0.000401057-0j 6.42792e-05-0j -0.00114852-0j 0.0106416-0j 1.31209e-05-0j -0.000703319-0j 0.000382063-0j -0.0207869-0j -0.000143564-0j 7.73159e-07-0j 0.00258136-0j -6.68428e-05-0j 0.000233965-0j -8.45961e-06-0j 0.00118456-0j -4.09327e-05-0j 0.00177359-0j 4.77579e-05-0j 0.000367386-0j 0.00579845-0j -8.35535e-06-0j 0.0010861-0j -0.00346448-0j 2.81416e-06-0j 0.000430226-0j -0.0040198-0j 0.00443233-0j -4.92344e-07-0j 0.000221699-0j -0.00212155-0j 0.000263459-0j -0.00539117-0j 0.000197426-0j -0.000433059-0j 1.30638e-05-0j 6.12311e-05-0j 0.000120898-0j 0.000809179-0j -0.0047113-0j 0.000966408-0j 5.37783e-05-0j -2.55183e-05-0j 3.74962e-05-0j -0.000669967-0j 2.46783e-05-0j 0.0121495-0j 0.000591802-0j -0.00609157-0j 3.16891e-06-0j 0.000738721-0j -0.000898528-0j 7.65388e-06-0j -0.000410269-0j 0.000120801-0j -0.00925693-0j 0.000452373-0j 1.45418e-06-0j -0.000550234-0j 0.000134863-0j -0.000785216-0j 4.51009e-07-0j -8.37459e-05-0j 0.00846543-0j 9.23402e-05-0j 7.11827e-06-0j 8.25865e-05-0j -0.000112316-0j -0.000480845-0j 0.00202491-0j -4.93477e-06-0j -0.00101526-0j 5.4412e-06-0j 0.01191-0j 0.00124-0j 1.68579e-05-0j -9.8152e-05-0j -0.00154282-0j -0.000621718-0j -6.61829e-06-0j 9.93361e-07-0j 0.000253114-0j -0.000944781-0j -0.000126908-0j -5.78366e-06-0j 0.00141091-0j 1.49149e-05-0j -0.000192853-0j 0.000864-0j 0.00198501-0j -7.4781e-06-0j 0.000176363-0j -1.1364e-05-0j 0.00121556-0j 1.03923e-05-0j 0.000248126-0j 1.4621e-05-0j 
-0.0294021-0j 0.00531804-0j 0.0614065-0j -0.027721-0j 0.0361611-0j -0.00379342-0j -8.48131e-05-0j -0.0263548-0j -0.0265938-0j 0.000177132-0j -0.00471318-0j 0.00314786-0j -0.0024471-0j -0.000353209-0j -5.36068e-05-0j -7.73748e-06-0j 0.00205909-0j -0.0504587-0j 0.00207777-0j 0.000297204-0j -0.00728309-0j 0.0002999-0j -0.000372433-0j 0.00431441-0j -0.0221509-0j -5.37561e-05-0j -0.00433942-0j 0.000622731-0j -0.0031972-0j -0.000626341-0j -0.00253244-0j 0.0011481-0j -0.000365526-0j 0.000165714-0j -0.00184867-0j -0.000326802-0j -2.72335e-05-0j -3.99311e-05-0j -7.05888e-06-0j -5.8824e-07-0j 0.0015028-0j 0.00151643-0j 0.0111743-0j 0.000265661-0j 0.00026807-0j 2.21384e-05-0j 3.35997e-05-0j 0.00197536-0j 2.23392e-05-0j -0.00082337-0j 0.00199837-0j 0.000164614-0j -0.0233376-0j 5.93964e-06-0j -0.000145553-0j 0.0105354-0j 0.000353266-0j 4.9497e-07-0j -0.00412555-0j 7.04012e-05-0j -0.0137431-0j -1.21294e-05-0j 2.94388e-05-0j 0.00186242-0j -0.000343796-0j -0.00417361-0j 1.24453e-05-0j 0.000155201-0j -0.00242946-0j -0.00124706-0j 1.03711e-06-0j -0.000737797-0j -0.000202455-0j 0.000429599-0j -0.000220451-0j -6.14831e-05-0j -1.83709e-05-0j 7.59432e-05-0j 6.3286e-06-0j -0.00149666-0j -0.000249443-0j -0.000152752-0j -3.11803e-05-0j -1.83732e-06-0j -3.1996e-05-0j -5.33266e-06-0j -3.26558e-06-0j 0.00118732-0j -6.66583e-07-0j 0.00119809-0j -3.92788e-08-0j 0.00865017-0j 0.000197887-0j -0.000756083-0j 0.000121181-0j 0.000199682-0j 2.60098e-05-0j 2.47359e-05-0j 0.00012228-0j 0.00144169-0j 0.00154696-0j 2.49602e-05-0j 1.45758e-06-0j 0.0001934-0j -0.000126014-0j 0.000882854-0j 1.4708e-06-0j 0.00223316-0j -7.71674e-05-0j 4.33497e-06-0j 0.000180212-0j 0.0244824-0j -0.00100812-0j -1.57517e-05-0j 2.65462e-06-0j 0.000257827-0j 1.06191e-05-0j 3.22334e-05-0j 0.0247044-0j 0.00131507-0j -9.28179e-07-0j 5.41872e-07-0j 0.000157886-0j 1.97388e-05-0j -0.000403917-0j 0.000372193-0j 3.22284e-05-0j 3.19301e-08-0j 0.0040804-0j 0.000227921-0j 0.00152548-0j 0.0107475-0j -0.000168021-0j 4.02917e-06-0j 1.89908e-06-0j 0.00249872-0j 0.0041174-0j 4.65241e-05-0j -0.00211232-0j -0.000102891-0j -0.00717809-0j 2.37421e-07-0j 0.000219178-0j -6.73195e-05-0j 0.00051005-0j 0.00252138-0j -2.10026e-05-0j -0.00274652-0j 0.000134218-0j 2.74146e-06-0j -4.12246e-05-0j 0.000254247-0j 0.00179125-0j 3.0055e-05-0j 0.000514675-0j -0.000557053-0j 2.73972e-05-0j -1.23759e-06-0j 0.000155694-0j -8.41494e-06-0j 0.00109691-0j -0.000352053-0j 3.03275e-05-0j -0.00119635-0j 1.61439e-06-0j 0.000155028-0j -0.000215588-0j 3.17809e-05-0j 0.000223907-0j -0.000457753-0j -0.000732611-0j -4.95855e-07-0j 1.87271e-06-0j -4.40066e-05-0j -0.000280315-0j -0.000149544-0j 1.31938e-05-0j -9.28422e-05-0j -2.59312e-06-0j -5.72191e-05-0j -5.6854e-05-0j 2.5838e-05-0j -8.81194e-06-0j -1.16053e-05-0j -3.37167e-06-0j 1.58225e-05-0j -6.83847e-07-0j 3.22975e-06-0j 1.90315e-07-0j 
0.0395422-0j -0.0157544-0j -0.30374-0j 0.0943811-0j -0.00568607-0j -0.00174224-0j 0.00576295-0j 0.0110019-0j -0.00162357-0j -0.0442676-0j 0.00794161-0j -0.000370605-0j -0.0011239-0j -0.000162221-0j -0.00124393-0j -0.000179546-0j -0.0197159-0j -0.00065561-0j 0.00290951-0j -0.00284574-0j -9.46292e-05-0j 0.000419951-0j 0.00785521-0j 0.0264373-0j -0.000669269-0j 0.0011338-0j -0.0223491-0j 0.00381589-0j -9.66006e-05-0j -0.00322582-0j 0.0028351-0j -0.000108025-0j 0.000409211-0j -1.55921e-05-0j -0.000849057-0j -0.000150094-0j -1.25078e-05-0j -0.00092659-0j -0.0001638-0j -1.365e-05-0j 0.00491403-0j -0.000725172-0j 0.00191857-0j 0.000868686-0j -0.000128193-0j 7.23905e-05-0j -0.0162546-0j 0.000339158-0j -1.06828e-05-0j -0.000540511-0j 0.0013849-0j 2.82632e-05-0j -0.0147373-0j -0.00287343-0j -9.55498e-05-0j 0.00457933-0j 0.000244818-0j -0.000239452-0j -0.00260522-0j 0.0217959-0j -0.000275886-0j -7.96248e-06-0j 2.04015e-05-0j 0.000809519-0j -0.000217101-0j -0.010638-0j 0.00385301-0j 6.74599e-05-0j -4.87702e-05-0j 0.0010453-0j 0.000321084-0j -0.00188054-0j -4.06418e-06-0j -3.36616e-05-0j 0.000184785-0j -0.000156712-0j 1.53988e-05-0j -5.95059e-06-0j -4.95883e-07-0j -0.000687383-0j -0.000114564-0j -7.01557e-05-0j -1.43205e-05-0j -8.43842e-07-0j -0.000742459-0j -0.000123743-0j -7.57769e-05-0j 0.00388244-0j -1.54679e-05-0j -0.000572939-0j -9.11454e-07-0j -0.000507196-0j 0.000647073-0j 0.00238093-0j 0.00039625-0j -9.54898e-05-0j 0.00429707-0j 8.08842e-05-0j -5.84753e-05-0j -8.45326e-05-0j -0.000366113-0j -1.19362e-05-0j 4.76615e-06-0j 0.00167769-0j 0.000396821-0j -5.17654e-05-0j -7.03348e-07-0j 0.0323454-0j 0.000243002-0j 0.000716179-0j -1.05666e-05-0j 0.00226476-0j -0.0100507-0j 4.96026e-05-0j 0.000438568-0j -6.10189e-05-0j -6.22642e-07-0j 0.000279616-0j -0.000334214-0j 0.000605512-0j 2.92286e-06-0j 8.95224e-05-0j -3.73663e-05-0j 0.000171229-0j -0.0128871-0j 0.00539089-0j -7.62736e-06-0j 5.27516e-06-0j 0.00037746-0j 0.00330123-0j 0.0125463-0j 0.00231194-0j -0.00167511-0j 3.4952e-05-0j -4.49446e-07-0j 0.000231146-0j -5.57024e-05-0j 0.000673862-0j 0.0134771-0j -0.00102579-0j -0.00010789-0j 2.05956e-06-0j 0.000100919-0j -0.00214784-0j 4.71824e-05-0j -3.41106e-05-0j -0.000209389-0j -0.00465119-0j 6.17998e-05-0j 3.97077e-05-0j -0.00131528-0j 0.00209105-0j 0.000385323-0j 2.78025e-06-0j -6.96279e-06-0j 0.000373165-0j 1.26148e-05-0j -1.23384e-05-0j 0.0012805-0j -0.000268481-0j 0.000235961-0j 0.00224618-0j -4.10287e-07-0j -1.79816e-05-0j 7.43336e-07-0j -1.0407e-05-0j 0.0013755-0j 0.000261381-0j 4.81654e-05-0j -0.000775198-0j -1.10114e-05-0j -1.58204e-05-0j 1.5402e-05-0j 0.000280772-0j -0.00047471-0j -2.2477e-06-0j 2.83817e-06-0j 6.21942e-05-0j 1.65447e-05-0j -9.68997e-05-0j 3.8086e-05-0j -1.7345e-06-0j -1.32447e-07-0j 7.77428e-06-0j -5.70987e-06-0j -1.06216e-06-0j 4.58104e-07-0j -2.16812e-07-0j -1.27758e-08-0j 
-0.130483-0j 0.196157-0j -0.0930642-0j -0.038652-0j 0.0229584-0j 0.00574909-0j 0.0369043-0j 0.00991447-0j -0.00920417-0j 0.0263213-0j -0.0140677-0j -0.0153626-0j 0.00370869-0j 0.000535304-0j -0.00796581-0j -0.00114977-0j 0.00913796-0j -0.0105761-0j -0.0084833-0j 0.00131895-0j -0.00152653-0j -0.00122446-0j -0.0137373-0j -0.00653868-0j -0.0164112-0j -0.0019828-0j -0.00605055-0j -0.000943777-0j -0.00236876-0j -0.000873321-0j -0.00160782-0j -0.0153943-0j -0.000232069-0j -0.00222197-0j 0.00280175-0j 0.000495283-0j 4.12736e-05-0j -0.00593363-0j -0.00104893-0j -8.74107e-05-0j -0.00227757-0j 0.0021144-0j 0.0123094-0j -0.000402621-0j 0.000373776-0j -3.35517e-05-0j -0.0146201-0j 0.00217602-0j 3.1148e-05-0j 0.016921-0j -0.0174659-0j 0.000181335-0j 0.00877945-0j -0.00258449-0j 0.00299124-0j 0.00364634-0j -0.00308756-0j -0.000215374-0j 0.001552-0j 0.0104614-0j -0.00216584-0j 0.00024927-0j -0.000257297-0j 0.000644587-0j 0.000129334-0j -0.0124572-0j 0.00184933-0j 5.37156e-05-0j -0.00038287-0j 0.00608608-0j 0.000154111-0j -0.00220214-0j -3.19058e-05-0j -0.0106966-0j 0.00107588-0j -0.000183512-0j 8.96564e-05-0j -0.00189092-0j -0.000157576-0j 0.00226825-0j 0.000378041-0j 0.000231502-0j 4.72552e-05-0j 2.78454e-06-0j -0.0047545-0j -0.000792417-0j -0.000485254-0j -0.00179944-0j -9.90521e-05-0j 0.00167053-0j -5.8367e-06-0j -0.00325413-0j -0.000299907-0j -0.00785665-0j -0.000183655-0j 0.000278421-0j 0.00386498-0j -3.74884e-05-0j 0.000170497-0j -0.000542355-0j 0.0046173-0j 3.48026e-05-0j -2.20903e-06-0j -0.0208888-0j -0.00130944-0j -0.000332123-0j 2.05076e-06-0j 0.00991044-0j -0.000801866-0j 0.000644163-0j -6.77944e-05-0j 0.00513148-0j 0.00411606-0j -0.00016368-0j 0.000394468-0j 0.00076955-0j -3.99482e-06-0j -0.00348147-0j -0.00476385-0j -0.00244485-0j -9.64495e-06-0j 8.05204e-05-0j 0.000471251-0j -0.00213195-0j -0.0148985-0j 0.00165174-0j 9.61938e-05-0j 4.74471e-06-0j 0.000855247-0j 0.00101148-0j -0.00231194-0j 0.00796267-0j 0.000686011-0j -0.000435183-0j 5.66827e-06-0j 0.00052373-0j -0.000793975-0j 0.000206467-0j -0.00294525-0j 0.000420094-0j 0.00869564-0j -2.56434e-05-0j -0.000407474-0j -0.00248309-0j 0.000106906-0j -0.000486209-0j 8.57513e-05-0j -0.00174374-0j -0.000249526-0j 1.21662e-05-0j -0.00152058-0j -0.000385323-0j 0.00132711-0j 6.29949e-06-0j -9.92469e-05-0j 0.00746925-0j -5.09343e-05-0j 5.05294e-06-0j -0.000235961-0j -0.000310386-0j 0.000812686-0j -0.000490875-0j -5.84818e-06-0j 0.00144927-0j -3.00133e-06-0j -0.00609734-0j -0.000300599-0j -4.81654e-05-0j 0.000165889-0j -0.000290623-0j 0.000887495-0j -1.82897e-05-0j -2.83817e-06-0j -6.13594e-05-0j -0.00017797-0j 0.000181159-0j 9.7751e-06-0j 0.00124487-0j -3.61564e-06-0j -3.63279e-05-0j 0.000762327-0j -0.00101622-0j 1.06749e-05-0j 0.000155609-0j -2.14064e-06-0j -0.000622307-0j 9.16937e-06-0j -0.000127028-0j -7.48519e-06-0j 
0.00343861-0j -0.0235145-0j 0.00245667-0j 0.0969917-0j 0.289609-0j -0.00173615-0j -0.00293747-0j 0.000409187-0j 0.0114234-0j -0.00209863-0j -0.0284434-0j -0.000999584-0j 0.000286191-0j 4.13082e-05-0j 0.00726576-0j 0.00104872-0j 0.000250417-0j 0.000166945-0j 0.00699098-0j 3.61446e-05-0j 2.40964e-05-0j 0.00100906-0j -0.00171245-0j 0.000103292-0j -0.0164115-0j -0.00024717-0j 0.0049946-0j 1.49089e-05-0j -0.0023688-0j 0.000720908-0j 0.0210908-0j -0.026686-0j 0.0030442-0j -0.00385179-0j 0.000216204-0j 3.82199e-05-0j 3.18499e-06-0j -0.001383-0j -0.000244481-0j -2.03734e-05-0j -0.000715224-0j -0.0199671-0j 0.00016684-0j -0.000126435-0j -0.00352972-0j -1.05362e-05-0j -0.00121012-0j 2.94934e-05-0j -0.000294144-0j -0.000806747-0j -0.0115974-0j 2.45779e-06-0j 0.000119196-0j -0.000213921-0j -0.000142614-0j 0.004706-0j -0.00205015-0j -1.78268e-05-0j 2.10711e-05-0j -0.000499149-0j 0.0140517-0j -1.18845e-05-0j -0.000170846-0j 0.00083191-0j 1.75593e-06-0j -0.00828558-0j -8.8238e-05-0j 6.93259e-05-0j 0.00248402-0j -0.00041179-0j -7.35317e-06-0j -0.0014647-0j 0.000207001-0j 0.000369379-0j -7.27948e-05-0j -0.000122058-0j -6.06624e-06-0j 6.52975e-05-0j 5.44146e-06-0j 0.000175036-0j 2.91726e-05-0j 1.78645e-05-0j 3.64658e-06-0j 2.14877e-07-0j -0.00110817-0j -0.000184694-0j -0.000113102-0j 0.000144397-0j -2.30868e-05-0j 0.00403118-0j -1.3604e-06-0j -0.000505422-0j 2.40662e-05-0j 8.84247e-05-0j 1.47375e-05-0j 0.000671863-0j 0.00366592-0j 3.00827e-06-0j 0.00041143-0j -8.4237e-05-0j 0.0351329-0j 8.39829e-05-0j 1.77264e-07-0j -0.000855147-0j 1.47375e-05-0j -5.15844e-05-0j 4.94874e-06-0j 8.93411e-05-0j 9.02481e-06-0j 0.000610986-0j -1.05296e-05-0j 8.42316e-05-0j 0.00352728-0j 1.84218e-06-0j 0.000374151-0j 0.00585548-0j -6.20464e-07-0j -0.000142525-0j 0.00235152-0j 0.0105322-0j 1.08552e-07-0j 7.63732e-05-0j 0.00358574-0j -8.72781e-05-0j -0.000610947-0j 1.48902e-05-0j 0.000731936-0j 4.50034e-06-0j 1.40386e-05-0j 9.11834e-06-0j 2.60578e-05-0j -0.00828037-0j 0.00058788-0j -1.78156e-05-0j 4.31297e-05-0j 8.59685e-06-0j 0.00039192-0j 1.86127e-06-0j 0.00145493-0j 0.000360002-0j -0.000290996-0j -1.04979e-06-0j 0.00175536-0j -0.000101824-0j 1.75482e-06-0j 0.000240001-0j 7.3485e-05-0j 0.00752455-0j 0.00107494-0j 1.09677e-07-0j -6.23545e-05-0j 4.34297e-06-0j -0.00138006-0j 1.03404e-07-0j 4.899e-05-0j -0.0134643-0j 0.00021942-0j 4.33015e-06-0j 2.65951e-06-0j -1.27281e-05-0j -0.000845112-0j 0.000242488-0j 2.88676e-06-0j -4.84994e-05-0j 1.29295e-05-0j 0.0177542-0j 0.000148493-0j 5.42871e-07-0j -0.000172508-0j 0.00125409-0j -2.96997e-05-0j -7.50008e-07-0j 3.1989e-08-0j 3.0311e-05-0j 0.000767971-0j -6.06243e-06-0j -1.01651e-05-0j -0.00224406-0j 1.78609e-06-0j 0.000156761-0j -0.0013742-0j 0.00295904-0j -3.57232e-07-0j -0.000280507-0j 9.23726e-06-0j 0.00181203-0j -1.6529e-05-0j 0.00036988-0j 2.18194e-05-0j 
-0.0180051-0j 0.10269-0j -0.158458-0j 0.0897861-0j -0.00758143-0j -0.00232298-0j -0.00262409-0j -0.0511659-0j 0.0105827-0j -0.0230939-0j 0.00755496-0j -0.00049414-0j -0.00149854-0j -0.000216295-0j -0.00165858-0j -0.000239395-0j 0.00640524-0j -0.00573507-0j -0.00132481-0j 0.000924516-0j -0.000827786-0j -0.00019122-0j -0.0365317-0j -0.00395851-0j 0.00436242-0j -0.0052729-0j -0.0116593-0j -0.000571361-0j 0.000629661-0j -0.00168288-0j 0.00269707-0j -0.000144034-0j 0.000389288-0j -2.07895e-05-0j -0.00113208-0j -0.000200125-0j -1.66771e-05-0j -0.00123545-0j -0.000218399-0j -1.82e-05-0j 0.00467478-0j -0.000966896-0j 0.00427071-0j 0.000826393-0j -0.000170925-0j 6.88661e-05-0j 0.00528073-0j 0.000754961-0j -1.42437e-05-0j -0.00472822-0j -0.000630596-0j 6.29134e-05-0j 0.0375854-0j 0.00093351-0j -0.000835839-0j -0.0212968-0j -0.000111475-0j 7.77925e-05-0j 0.00664422-0j -0.00326355-0j 0.00179828-0j -6.96533e-05-0j -9.28956e-06-0j -0.00376477-0j 0.000553685-0j -0.00554972-0j -0.00057692-0j -0.000313731-0j 0.000317893-0j 0.00099441-0j -4.80766e-05-0j -0.000981061-0j 2.64911e-05-0j -4.48822e-05-0j 0.000175789-0j -8.1755e-05-0j 1.4649e-05-0j -7.93413e-06-0j -6.61177e-07-0j -0.000916511-0j -0.000152752-0j -9.3541e-05-0j -1.9094e-05-0j -1.12512e-06-0j -0.000989945-0j -0.000164991-0j -0.000101036-0j 0.00369342-0j -2.06238e-05-0j -0.000763918-0j -1.21527e-06-0j 0.003306-0j 0.00061557-0j -0.000463004-0j 0.000376958-0j -0.00012732-0j 0.00408787-0j 7.69463e-05-0j -7.79671e-05-0j 0.000550999-0j -0.000488151-0j -1.5915e-05-0j 4.5341e-06-0j 0.00373452-0j -7.71674e-05-0j 0.000337417-0j -9.37798e-07-0j -0.00576261-0j -4.72552e-05-0j 0.000681311-0j 6.88749e-05-0j 0.0141351-0j 0.00326523-0j -9.64592e-06-0j 0.000417216-0j -8.13585e-05-0j 4.05849e-06-0j 0.00062242-0j -0.0029236-0j -0.000275713-0j -5.68391e-07-0j 8.51639e-05-0j -4.98217e-05-0j 0.000381153-0j 0.0328666-0j -0.000960435-0j -1.01698e-05-0j 5.01833e-06-0j 0.00235585-0j -0.000588144-0j 0.00889256-0j -0.010752-0j 0.000544206-0j 7.78025e-05-0j -5.99262e-07-0j 0.00144266-0j -0.000487267-0j -0.000120054-0j -0.00201795-0j 0.000333256-0j 0.000703245-0j 4.58456e-06-0j -4.59521e-05-0j 0.00547776-0j 0.000294482-0j -0.000298389-0j 6.80257e-05-0j -0.00242648-0j -2.81398e-05-0j -7.07427e-06-0j 0.00335443-0j 0.00148209-0j -0.001792-0j 1.73525e-05-0j -6.09083e-05-0j 0.000354997-0j -5.74401e-06-0j 4.00845e-06-0j 0.000907593-0j 0.00068472-0j -0.00109737-0j -0.000336325-0j -3.58906e-06-0j 0.000117207-0j -3.38469e-07-0j -1.3876e-05-0j -0.000205956-0j 0.000185262-0j -0.000224-0j -0.000404413-0j 7.17746e-05-0j 4.03475e-05-0j 1.09166e-05-0j -4.20406e-05-0j -0.000247651-0j 1.46509e-05-0j -1.31993e-05-0j 5.91662e-05-0j -2.47727e-06-0j -5.05516e-05-0j 3.62318e-05-0j -2.31267e-06-0j 8.63314e-07-0j 7.39578e-06-0j -2.97878e-06-0j -1.41621e-06-0j 4.358e-07-0j -2.89083e-07-0j -1.70344e-08-0j 
0.0171513-0j 0.304165-0j 0.0122534-0j 0.0154705-0j 0.00883669-0j 0.00221283-0j -0.00485088-0j -0.0159867-0j -0.0142722-0j -0.00346564-0j 0.0056306-0j -0.00591308-0j 0.00142748-0j 0.000206038-0j -0.00306604-0j -0.000442545-0j 0.00124904-0j 0.0294343-0j 0.00111508-0j 0.000180284-0j 0.00424847-0j 0.000160949-0j 0.0221509-0j 0.000515203-0j -0.0254476-0j 0.0031972-0j 0.000796655-0j 7.43632e-05-0j -0.00367305-0j 0.000114987-0j 0.000643533-0j -0.00592526-0j 9.28859e-05-0j -0.000855238-0j 0.00107839-0j 0.000190635-0j 1.58862e-05-0j -0.00228386-0j -0.000403733-0j -3.36444e-05-0j 0.000911598-0j 0.000813831-0j -0.00651837-0j 0.000161149-0j 0.000143866-0j 1.34291e-05-0j -0.00199837-0j -0.0011523-0j 1.19889e-05-0j -0.0470926-0j 0.0022958-0j -9.60246e-05-0j -0.00465694-0j -0.000353266-0j -0.00832488-0j -0.00587959-0j 0.000405843-0j -2.94388e-05-0j -0.000823239-0j -0.000824287-0j -0.0033584-0j -0.00069374-0j 3.38203e-05-0j -0.00103937-0j -6.86033e-05-0j 0.0016402-0j -0.000145715-0j -8.66145e-05-0j -0.000593687-0j -0.00243596-0j -1.21429e-05-0j 0.000289949-0j -4.94739e-05-0j -0.00411714-0j -0.000430621-0j 2.41624e-05-0j -3.58851e-05-0j -0.000727814-0j -6.06511e-05-0j 0.000873049-0j 0.000145508-0j 8.91052e-05-0j 1.81885e-05-0j 1.07177e-06-0j -0.00183001-0j -0.000305001-0j -0.000186774-0j 0.000720229-0j -3.81252e-05-0j 0.000642986-0j -2.24655e-06-0j -0.00504593-0j 0.000120038-0j 0.000441048-0j 7.3508e-05-0j 0.000107164-0j -0.00154696-0j 1.50048e-05-0j 6.56245e-05-0j -0.000840989-0j 0.0017772-0j 1.33955e-05-0j 8.84164e-07-0j 0.0110615-0j 7.3508e-05-0j -0.000514998-0j 7.8934e-07-0j 0.000445619-0j 4.50143e-05-0j -0.000257827-0j -0.000105124-0j 0.014851-0j 0.000562613-0j 9.18851e-06-0j -0.000157886-0j 0.0002962-0j -6.19447e-06-0j 0.00184359-0j 0.0132582-0j 0.000321362-0j 5.41438e-07-0j -3.22284e-05-0j 0.000181385-0j 0.00112896-0j 0.00790273-0j 7.42698e-05-0j 3.7025e-05-0j -1.89908e-06-0j 0.00247516-0j 4.54808e-05-0j 0.000129972-0j -0.0128395-0j 9.37688e-05-0j 0.000230448-0j 2.18172e-06-0j 0.00151572-0j 0.00220971-0j 9.28373e-06-0j 0.000232066-0j 5.74214e-05-0j 0.0134837-0j 1.35793e-05-0j 5.35604e-05-0j 0.00131712-0j 0.000309395-0j 0.00135316-0j 1.17211e-05-0j 0.000229592-0j 3.27989e-05-0j 5.47049e-07-0j 0.000806569-0j 2.1662e-05-0j -0.00213992-0j 1.82313e-05-0j 0.000276213-0j -0.00298957-0j 6.69505e-06-0j 6.90672e-07-0j 1.32652e-05-0j 0.00016464-0j -0.00131043-0j 3.86776e-05-0j 1.6276e-05-0j 0.00224728-0j 3.94509e-07-0j -0.00234687-0j 2.36851e-05-0j 2.70775e-06-0j -0.00026749-0j 3.82654e-05-0j 0.00137617-0j 9.70152e-06-0j 1.59556e-07-0j 4.83471e-06-0j 2.34327e-05-0j 0.00028091-0j -1.5762e-05-0j -0.000498262-0j 2.84888e-07-0j 4.78317e-06-0j -0.000305122-0j -0.000391144-0j 1.65528e-05-0j -6.22828e-05-0j 2.81851e-07-0j -0.000239526-0j -3.67005e-06-0j -4.8893e-05-0j -2.88105e-06-0j 
-0.0799039-0j -0.0305752-0j 0.24015-0j 0.135968-0j 0.0538654-0j 0.00352059-0j 0.0111844-0j -0.0158621-0j -0.00327822-0j -0.0336144-0j -0.0101171-0j 0.007799-0j 0.0022711-0j 0.000327805-0j -0.00241414-0j -0.000348452-0j 0.0284255-0j 0.00132481-0j 0.00587471-0j 0.00410287-0j 0.00019122-0j 0.000847941-0j 0.010877-0j 0.00599929-0j 0.00119498-0j 0.00156996-0j -0.0176563-0j 0.000865923-0j 0.000172481-0j -0.00254847-0j -0.0191624-0j 0.00394268-0j -0.00276585-0j 0.000569077-0j 0.00171571-0j 0.000303298-0j 2.52748e-05-0j -0.00179827-0j -0.000317892-0j -2.6491e-05-0j -0.00708484-0j -0.00146423-0j -0.0038769-0j -0.00125244-0j -0.000258841-0j -0.00010437-0j -0.0225075-0j -0.000685346-0j -2.15701e-05-0j -0.00104899-0j -0.00247274-0j -5.71122e-05-0j 0.011652-0j -0.00397879-0j -0.000185437-0j 0.00659712-0j -0.000437123-0j -0.000331566-0j 0.0020598-0j -0.00475027-0j 0.00261352-0j -1.54531e-05-0j -3.64269e-05-0j 0.00116622-0j 0.00017165-0j 0.00743178-0j -0.000839736-0j 9.71847e-05-0j 0.00046201-0j -0.0156948-0j -6.9978e-05-0j 0.00131377-0j 3.85008e-05-0j 0.00187949-0j -0.00277447-0j 0.000109481-0j -0.000231206-0j 0.000332249-0j 2.76874e-05-0j 0.00138901-0j 0.000231502-0j 0.000141766-0j 2.89378e-05-0j 1.70517e-06-0j -0.00144092-0j -0.000240153-0j -0.000147063-0j -0.00559754-0j -3.00191e-05-0j -0.00115684-0j -1.76889e-06-0j 0.0010249-0j -0.000932924-0j -0.0048112-0j -0.000571297-0j -0.000192807-0j 0.0059501-0j -0.000116615-0j -0.00011807-0j 0.000170817-0j 0.000653697-0j -2.41009e-05-0j -6.87163e-06-0j 0.00325596-0j -0.000801866-0j 0.000104604-0j -1.42016e-06-0j -0.0255737-0j -0.000491041-0j 0.000991684-0j 2.13522e-05-0j -0.00326523-0j -0.0144793-0j -0.000100233-0j 0.00060728-0j 0.000108949-0j 1.25819e-06-0j 0.00054266-0j -0.000674826-0j -0.00573614-0j -5.9063e-06-0j 0.00012396-0j 6.67177e-05-0j 0.00033231-0j -0.00978574-0j -0.00426228-0j 1.36187e-05-0j 7.30444e-06-0j -0.000544206-0j -0.0026101-0j -0.0134771-0j -0.00294525-0j -0.00241322-0j 6.78325e-05-0j 8.02489e-07-0j -0.000333256-0j -0.000112471-0j -0.000532785-0j -0.0030559-0j -0.00147779-0j 0.00227043-0j 3.99707e-06-0j -0.000956023-0j -0.00163096-0j -6.80257e-05-0j -6.88741e-05-0j -0.000301652-0j 0.0172399-0j -0.000585442-0j -3.13946e-05-0j -0.000998753-0j -0.00224618-0j -0.000490875-0j -4.00845e-06-0j -1.40589e-05-0j -0.00971746-0j -0.000119503-0j -1.7775e-05-0j -0.0013755-0j -0.00020387-0j -0.000300599-0j -0.000509316-0j -8.28427e-07-0j 0.000378404-0j -7.04178e-06-0j 0.000822721-0j -0.000311891-0j -0.000280772-0j -6.13594e-05-0j 0.00287331-0j 0.000231724-0j -1.20131e-05-0j -1.65447e-05-0j -6.36645e-05-0j 0.00175954-0j 4.73005e-05-0j -3.61564e-06-0j -0.00161958-0j -3.75147e-06-0j 0.000359164-0j -0.000991784-0j 0.00013712-0j 2.78721e-06-0j -0.000202447-0j 2.1164e-05-0j 8.39686e-05-0j -1.19293e-05-0j 1.714e-05-0j 1.00998e-06-0j 
0.0416898-0j -0.125985-0j -0.0101716-0j -0.151356-0j 0.111259-0j -0.00183686-0j -0.0237025-0j 0.00329406-0j 0.03466-0j 0.00578298-0j 0.0153626-0j -0.0191016-0j -0.00118494-0j -0.000171032-0j 0.00511619-0j 0.000738458-0j 0.00303606-0j 0.00337912-0j 0.0319454-0j 0.000438218-0j 0.000487733-0j 0.00461092-0j -0.00917489-0j -0.000427669-0j -0.0172346-0j -0.00132428-0j -0.0077941-0j -6.17287e-05-0j -0.00248759-0j -0.00112498-0j 0.00810246-0j -0.0159273-0j 0.00116949-0j -0.0022989-0j -0.000895171-0j -0.000158245-0j -1.31871e-05-0j 0.00381098-0j 0.000673693-0j 5.61411e-05-0j -0.000756716-0j -0.00796215-0j -0.00393292-0j -0.00013377-0j -0.00140752-0j -1.11475e-05-0j -0.0097645-0j -0.000695248-0j -0.000117294-0j -0.0108678-0j -0.0183421-0j -5.79373e-05-0j 0.00095956-0j -0.00172614-0j -0.00192118-0j 0.0142786-0j -0.00324246-0j -0.000143845-0j 0.000169628-0j 0.00137546-0j -0.0104959-0j -0.000160098-0j -0.000270205-0j 0.00252412-0j 1.41357e-05-0j 0.00447514-0j 0.000243149-0j 0.000210343-0j -0.00185543-0j -0.00786912-0j 2.02624e-05-0j 0.000791101-0j -0.00015462-0j 0.000375911-0j -0.00139108-0j 6.59251e-05-0j -0.000115923-0j 6.64523e-05-0j 5.53769e-06-0j -0.000724716-0j -0.000120786-0j -7.3966e-05-0j -1.50983e-05-0j -8.89673e-07-0j 0.00305367-0j 0.000508944-0j 0.000311663-0j -0.00059786-0j 6.3618e-05-0j -0.00629068-0j 3.74873e-06-0j 0.00103971-0j -9.96434e-05-0j 0.00251024-0j -6.10189e-05-0j -0.00104845-0j 0.00258136-0j -1.24554e-05-0j -0.000642039-0j 0.000173285-0j 0.00484894-0j -0.000131056-0j -7.33943e-07-0j 0.0134162-0j 0.000418373-0j 0.000106115-0j -7.72253e-06-0j 0.00108317-0j 0.0002562-0j 0.000430226-0j 2.16606e-05-0j 0.00170492-0j 0.016118-0j 5.22966e-05-0j 0.000263459-0j 0.000808157-0j 1.27637e-06-0j 0.00223604-0j 0.0179392-0j -0.011848-0j 3.08161e-06-0j 5.37783e-05-0j 0.000494893-0j 0.00136929-0j -0.00327331-0j 0.000180529-0j 0.00010102-0j 3.16891e-06-0j 0.000284154-0j 0.000110551-0j -0.00010789-0j -0.00869564-0j 0.00268633-0j 0.000279504-0j 5.95264e-06-0j 0.000174008-0j 0.00298986-0j 2.25661e-05-0j -0.00227043-0j 0.00164503-0j 0.010812-0j 1.647e-05-0j -0.00197467-0j -0.000545552-0j 3.55192e-05-0j 0.00183091-0j 0.000335791-0j 0.0028907-0j -0.00120923-0j 1.32972e-06-0j -0.000334081-0j -1.79816e-05-0j -0.00144927-0j 2.09299e-06-0j 0.000373733-0j -0.00803605-0j -0.000246834-0j 1.97867e-05-0j -1.10114e-05-0j -6.8194e-05-0j -0.000887495-0j -0.000378404-0j 2.20224e-05-0j 0.001802-0j -1.45448e-05-0j 0.0108723-0j -0.000231724-0j -2.2477e-06-0j -0.000181159-0j 0.000481784-0j 0.0011035-0j -4.01837e-06-0j -1.32447e-07-0j -4.73005e-05-0j 0.000295031-0j 0.00022525-0j -1.06749e-05-0j -0.00133934-0j -2.78721e-06-0j 6.0223e-05-0j -0.000820176-0j 0.00181205-0j 1.3273e-05-0j -0.000167418-0j 3.54867e-06-0j 0.00110965-0j -9.86519e-06-0j 0.000226507-0j 1.3347e-05-0j 
0.0315089-0j 0.172594-0j 0.0191238-0j 0.093955-0j 0.0621984-0j 0.00406522-0j -0.00441038-0j 0.0535836-0j 0.0185053-0j -0.00267681-0j -0.00699096-0j 0.00900551-0j 0.00262244-0j 0.000378517-0j -0.00278761-0j -0.000402357-0j -0.0067079-0j 0.0100364-0j -0.0023166-0j -0.000968201-0j 0.00144863-0j -0.000334372-0j -0.0367435-0j 0.0116593-0j -0.00674558-0j -0.00530346-0j -0.00140602-0j 0.00168288-0j -0.00097364-0j -0.000202942-0j -0.0132414-0j 0.00455262-0j -0.00191123-0j 0.000657114-0j 0.00198113-0j 0.000350218-0j 2.91849e-05-0j -0.00207646-0j -0.00036707-0j -3.05891e-05-0j -0.00489568-0j -0.00169074-0j -0.00747374-0j -0.000865442-0j -0.000298884-0j -7.21201e-05-0j 0.00531134-0j -0.00132118-0j -2.4907e-05-0j -0.00794684-0j 0.000975086-0j -0.000110099-0j -0.00453606-0j 0.000938921-0j -0.00140482-0j -0.0222856-0j 0.000172373-0j 7.82434e-05-0j -0.00080187-0j -0.00923189-0j -0.0147531-0j -0.000117068-0j 1.43644e-05-0j -0.00393958-0j -6.68225e-05-0j 0.000591813-0j -0.00163198-0j -0.000328298-0j -0.00260801-0j -0.0108452-0j -0.000135999-0j 0.000104619-0j -0.000217334-0j 0.00217024-0j -0.00191718-0j 8.71823e-06-0j -0.000159765-0j 0.000383648-0j 3.19707e-05-0j 0.00160389-0j 0.000267316-0j 0.000163697-0j 3.34145e-05-0j 1.96897e-06-0j -0.00166383-0j -0.000277304-0j -0.000169814-0j -0.00386794-0j -3.4663e-05-0j -0.00133581-0j -2.04254e-06-0j -0.00578549-0j -0.000644657-0j 0.000810257-0j -0.00039477-0j -0.000222635-0j 0.00411156-0j -8.05821e-05-0j -0.000136335-0j -0.000964249-0j 0.000754824-0j -2.78294e-05-0j -4.74835e-06-0j 0.00627671-0j 0.000135043-0j -0.00059048-0j -1.63986e-06-0j 0.000695472-0j 8.26966e-05-0j 0.00068526-0j -0.000120531-0j -0.014803-0j 0.00341684-0j 1.68804e-05-0j 0.000419635-0j 0.000125804-0j -7.10237e-06-0j 0.00104612-0j -0.00511229-0j 0.00226196-0j 9.94685e-07-0j 8.56576e-05-0j 7.70389e-05-0j 0.000640614-0j 0.00380955-0j 0.000115912-0j 1.57255e-05-0j 5.04742e-06-0j -0.00246717-0j 7.09813e-05-0j 0.00751745-0j 0.00994932-0j 0.000569474-0j 0.000130765-0j 9.26634e-07-0j -0.00151083-0j -0.000852048-0j 1.4489e-05-0j -0.00593897-0j 0.00034873-0j -0.0128164-0j 7.70539e-06-0j 0.000376993-0j 0.000634925-0j -0.000308397-0j -0.000521771-0j 7.11842e-05-0j 0.00137286-0j 0.00023086-0j 8.53772e-07-0j 0.00038881-0j 0.00125291-0j 0.00165822-0j -1.81725e-05-0j -0.000106506-0j -0.00671484-0j 4.71241e-05-0j 4.19457e-06-0j 0.000767247-0j 7.93656e-05-0j 0.00101545-0j -0.000989829-0j -6.27593e-06-0j -0.00213606-0j 2.77681e-06-0j 0.000949996-0j -0.000606144-0j 0.000156614-0j 0.000207277-0j 0.00022881-0j -0.00130806-0j 4.67666e-06-0j 9.22855e-06-0j -0.000123729-0j 0.000140117-0j -0.000267007-0j 1.22139e-05-0j -0.00111914-0j -7.29078e-06-0j 2.86012e-05-0j -0.00068533-0j 0.000158333-0j -1.57336e-05-0j -0.000139892-0j 1.68534e-06-0j 9.69586e-05-0j -8.24324e-06-0j 1.97916e-05-0j 1.16623e-06-0j 
0.0570861-0j 0.0664322-0j -0.0118322-0j 0.272736-0j 0.112966-0j -0.00251523-0j -0.0243008-0j 0.00678167-0j -0.0109883-0j 0.00503683-0j 0.00598982-0j 0.00992969-0j -0.00162255-0j -0.000234195-0j 0.00524533-0j 0.000757099-0j -0.012153-0j -0.000946489-0j 0.0196915-0j -0.00175414-0j -0.000136614-0j 0.00284222-0j -0.0141427-0j -0.00721382-0j -0.00118224-0j -0.00204132-0j -0.00408146-0j -0.00104123-0j -0.000170642-0j -0.000589108-0j -0.0240492-0j -0.00478698-0j -0.00347121-0j -0.000690941-0j -0.00122576-0j -0.000216687-0j -1.80572e-05-0j 0.00390719-0j 0.000690699-0j 5.75583e-05-0j 0.00302905-0j -0.00490795-0j 0.00276979-0j 0.000535465-0j -0.000867612-0j 4.46221e-05-0j 0.0292651-0j 0.000489635-0j -7.2301e-05-0j 0.00227919-0j 0.00244638-0j 4.08029e-05-0j -0.000574096-0j 0.00517338-0j 0.000402908-0j 0.013233-0j 0.000432463-0j 0.000431115-0j -0.000101487-0j 0.0173712-0j 0.00548106-0j 3.35757e-05-0j 3.60386e-05-0j 0.00233929-0j -8.45723e-06-0j -0.000507062-0j 0.00307083-0j 0.000194941-0j 0.000968924-0j -0.0119582-0j 0.000255903-0j -8.96367e-05-0j 8.07436e-05-0j -0.00972026-0j -0.00211392-0j -7.46973e-06-0j -0.00017616-0j -0.00171831-0j -0.000143193-0j -0.000992359-0j -0.000165393-0j -0.000101282-0j -2.06741e-05-0j -1.21824e-06-0j 0.00313075-0j 0.000521792-0j 0.000319531-0j 0.00239317-0j 6.5224e-05-0j -0.00387764-0j 3.84336e-06-0j -0.000732226-0j 0.000398861-0j 0.00343729-0j 0.000244252-0j -0.000646273-0j -0.00773655-0j 4.98576e-05-0j -0.00039576-0j -0.000122038-0j -0.000646729-0j -8.07842e-05-0j 2.93789e-06-0j -0.00707439-0j 0.000572881-0j -7.47326e-05-0j -4.76025e-06-0j 0.00126002-0j 0.000350817-0j -0.00128943-0j -1.52547e-05-0j 0.00139601-0j -0.0290438-0j 7.16101e-05-0j -0.000789608-0j -0.000107788-0j -8.98893e-07-0j -0.00117906-0j -0.00226196-0j -0.0120298-0j 4.21967e-06-0j -0.000161178-0j -6.60065e-05-0j -0.000722027-0j 0.00146631-0j 0.000210003-0j -1.34735e-05-0j -9.49751e-06-0j 0.000232669-0j 0.0001286-0j -0.00465119-0j 0.00174374-0j -0.00484063-0j -0.000147383-0j -7.93935e-07-0j 0.00014248-0j -0.000376993-0j 2.62504e-05-0j -0.0172399-0j -0.00296427-0j 0.0028907-0j -8.68463e-06-0j -0.00200496-0j 0.000244385-0j 2.90836e-05-0j -0.00023086-0j -0.000605078-0j 0.00249341-0j -0.00122778-0j 1.54682e-06-0j 0.000149655-0j -0.000775198-0j 0.000290623-0j 1.71377e-06-0j -4.71241e-05-0j 0.00706051-0j -0.00025062-0j -3.56546e-05-0j -0.00047471-0j 3.05481e-05-0j 0.00017797-0j -0.00287331-0j -2.77681e-06-0j 0.000481784-0j -1.4768e-05-0j -0.00867791-0j -0.00175954-0j -9.68997e-05-0j 3.63279e-05-0j 0.000415569-0j 0.000295031-0j 1.80006e-06-0j -5.70987e-06-0j -0.000359164-0j 0.000254483-0j 6.0223e-05-0j 2.14064e-06-0j 0.00117675-0j -2.1164e-05-0j 5.19461e-05-0j 0.00072061-0j -0.00144632-0j 3.54867e-06-0j 0.000147094-0j 3.06096e-06-0j -0.000885685-0j 8.66759e-06-0j -0.00018079-0j -1.06531e-05-0j 
0.0157544-0j -0.000707322-0j 0.354363-0j 0.105753-0j -0.0193761-0j 0.00203261-0j 4.54451e-05-0j 0.0249565-0j 0.00353708-0j 0.00102219-0j 0.0179803-0j -0.0016867-0j 0.00131122-0j 0.000189258-0j 2.87239e-05-0j 4.14594e-06-0j -0.00785521-0j -0.00373922-0j -0.00111332-0j -0.0011338-0j -0.000539709-0j -0.000160694-0j 0.000352673-0j -0.0308435-0j 0.00294616-0j 5.0904e-05-0j -0.0250418-0j -0.00445187-0j 0.000425241-0j -0.00361448-0j 0.00966097-0j -0.000615181-0j 0.00139444-0j -8.87937e-05-0j 0.000990567-0j 0.000175109-0j 1.45924e-05-0j 2.13961e-05-0j 3.78233e-06-0j 3.15194e-07-0j -0.00573303-0j -0.000812544-0j -0.00148623-0j -0.00101347-0j -0.000143639-0j -8.44556e-05-0j -0.000128179-0j -0.000262732-0j -1.19699e-05-0j -6.10154e-05-0j -0.00107078-0j -2.18943e-05-0j -0.0334298-0j -2.26591e-05-0j -1.07861e-05-0j -0.00997644-0j -0.000189289-0j -1.88826e-06-0j -0.0059096-0j -0.000503294-0j 0.00182789-0j -8.98842e-07-0j -1.57741e-05-0j -0.0017636-0j -0.000492467-0j -0.024085-0j -8.89707e-05-0j -0.000146967-0j 0.000323129-0j 0.00475739-0j -7.41423e-06-0j -0.00425767-0j 2.69274e-05-0j -0.00023019-0j 0.000840996-0j -0.000354805-0j 7.0083e-05-0j -4.06923e-05-0j -3.39103e-06-0j 0.000801947-0j 0.000133658-0j 8.18484e-05-0j 1.67072e-05-0j 9.84483e-07-0j 1.71443e-05-0j 2.85738e-06-0j 1.74978e-06-0j -0.00452951-0j 3.57172e-07-0j -0.000641969-0j 2.10466e-08-0j -0.00115051-0j -0.000754919-0j 0.000405129-0j -0.000462292-0j -0.000106995-0j -9.92247e-05-0j -9.43649e-05-0j -6.55206e-05-0j -0.000191752-0j -0.000828902-0j -1.33743e-05-0j -5.5605e-06-0j -2.57231e-05-0j 6.75215e-05-0j -0.000117423-0j -7.88091e-07-0j 0.0128871-0j 4.13483e-05-0j -1.65374e-05-0j -2.39689e-05-0j 0.0129168-0j 0.00384588-0j 8.44018e-06-0j -1.01271e-05-0j -0.00013815-0j -1.41238e-06-0j -4.28718e-06-0j 0.00183071-0j -0.000704646-0j 4.97342e-07-0j -2.06718e-06-0j -8.45995e-05-0j -2.62535e-06-0j -0.000578587-0j 0.00214784-0j -1.72688e-05-0j -1.2181e-07-0j 0.00215281-0j 0.00131528-0j -0.0146373-0j -0.0101773-0j 0.000640981-0j -5.35897e-07-0j -1.01757e-06-0j 0.00131832-0j 0.000305118-0j 0.000268481-0j 0.0151008-0j 0.000392519-0j 0.000954716-0j -3.1578e-08-0j -0.000117441-0j -9.64312e-05-0j 0.000269101-0j 0.000186846-0j 8.01226e-05-0j -0.0158495-0j -7.19176e-05-0j 1.58204e-05-0j -5.90518e-05-0j -0.00243955-0j -0.00169621-0j 1.58569e-05-0j 3.81397e-05-0j 0.0021251-0j -1.46801e-05-0j 4.72127e-06-0j -0.00149392-0j -1.20539e-05-0j -0.00103872-0j 0.00251681-0j 2.2474e-06-0j 0.000159119-0j -8.65035e-07-0j -8.3068e-05-0j 0.00154122-0j -0.000304944-0j -0.000212027-0j -0.00264159-0j 9.74403e-05-0j -7.10283e-07-0j -1.7969e-05-0j 0.000314601-0j -0.00161764-0j 1.98899e-05-0j -1.24938e-05-0j 0.000354183-0j 1.8538e-05-0j -0.000330199-0j 0.000216892-0j -1.38447e-05-0j 1.17203e-06-0j 4.42729e-05-0j -1.94572e-05-0j -8.47809e-06-0j 2.6088e-06-0j -1.73058e-06-0j -1.01976e-07-0j 
-0.0183802-0j -0.30619-0j 0.038387-0j 0.0845882-0j 0.106505-0j -0.00237138-0j 0.0078242-0j -0.0102823-0j 0.0506457-0j -0.0163409-0j 0.00185772-0j 0.0093618-0j -0.00152976-0j -0.000220801-0j 0.00494535-0j 0.000713799-0j 0.0012872-0j -0.00585455-0j -0.00634012-0j 0.000185791-0j -0.000845032-0j -0.000915118-0j 0.0214431-0j 0.00269707-0j 0.00544903-0j 0.00309504-0j 0.0132414-0j 0.000389288-0j 0.0007865-0j 0.00191123-0j -0.00745879-0j -0.00451321-0j -0.00107658-0j -0.000651425-0j -0.00115566-0j -0.000204294-0j -1.70245e-05-0j 0.00368373-0j 0.000651198-0j 5.42665e-05-0j 0.000939448-0j -0.00462726-0j 0.00435968-0j 0.000166073-0j -0.000817992-0j 1.38394e-05-0j -0.00309964-0j 0.00077069-0j -6.8166e-05-0j 0.014098-0j -0.000787668-0j 6.42241e-05-0j -0.0091052-0j -0.000547944-0j 0.00249221-0j -0.0200639-0j -0.000139241-0j -4.5662e-05-0j -0.00160959-0j -0.00649467-0j -0.0252625-0j 0.000207684-0j -1.16034e-05-0j -0.00354682-0j -0.000134132-0j 0.00164505-0j -0.00114811-0j -0.000295569-0j -0.00446582-0j -0.00370878-0j -9.56755e-05-0j 0.000290806-0j -0.000372152-0j -0.00916435-0j -0.000655626-0j 2.42338e-05-0j -5.46355e-05-0j -0.00162004-0j -0.000135004-0j -0.000935605-0j -0.000155934-0j -9.54898e-05-0j -1.94918e-05-0j -1.14856e-06-0j 0.0029517-0j 0.00049195-0j 0.000301257-0j 0.000742232-0j 6.14937e-05-0j -0.00365587-0j 3.62355e-06-0j 0.00337487-0j 0.000123705-0j -0.00047265-0j 7.57538e-05-0j -0.000609312-0j -0.00239946-0j 1.54632e-05-0j -0.000373126-0j 0.000562479-0j -0.000609742-0j -7.6164e-05-0j 9.11176e-07-0j -0.0111351-0j -7.8775e-05-0j 0.000344446-0j -4.48801e-06-0j 0.00139601-0j -4.82397e-05-0j -0.000399911-0j 7.03098e-05-0j 0.00284061-0j 0.0030762-0j -9.84688e-06-0j -0.000244894-0j -0.000101624-0j 4.14305e-06-0j -0.00185586-0j -0.0139914-0j 0.00387326-0j -5.80233e-07-0j -4.99888e-05-0j -6.22315e-05-0j -0.00113648-0j 0.0232558-0j 0.000232669-0j -1.2703e-05-0j -2.94562e-06-0j 0.000473434-0j 0.00014248-0j 0.000953626-0j -0.00264385-0j 0.000512701-0j -0.000231982-0j -7.48529e-07-0j 0.000289918-0j -0.00233191-0j 2.90836e-05-0j 0.00644556-0j 0.000313964-0j -0.0133234-0j -1.36697e-05-0j 0.000645543-0j 0.00387596-0j 5.91793e-05-0j -0.00142799-0j 6.40876e-05-0j -0.00808931-0j 0.000395313-0j 1.71377e-06-0j 0.00237353-0j 0.000158938-0j -0.000440642-0j 3.48717e-06-0j -0.000291488-0j 0.00218979-0j 8.06929e-05-0j 3.7764e-06-0j 9.73291e-05-0j 0.000484495-0j -0.000269837-0j 0.00107426-0j -1.71761e-05-0j -0.00222057-0j 4.75488e-06-0j -0.00818161-0j 0.000657847-0j 1.98672e-05-0j -5.50802e-05-0j -0.00134822-0j -0.00135982-0j 2.85492e-05-0j 1.17069e-06-0j 0.000134282-0j -0.000825612-0j -0.000277571-0j -3.24563e-06-0j 0.000364965-0j 7.91267e-06-0j -0.000168527-0j 0.000223495-0j -0.0013636-0j -1.6356e-05-0j 4.56207e-05-0j -9.93057e-06-0j -0.000835032-0j 2.68822e-06-0j -0.00017045-0j -1.00439e-05-0j 
-0.0210609-0j -0.0409591-0j -0.0150213-0j -0.127527-0j 0.0929599-0j 0.000927949-0j 0.0149828-0j -0.000823051-0j 0.0156188-0j 0.0106862-0j 0.0256572-0j 0.0276042-0j 0.000598612-0j 8.64022e-05-0j -0.00323403-0j -0.000466792-0j 0.00147494-0j 0.00034919-0j -0.0279895-0j 0.000212889-0j 5.04013e-05-0j -0.00403993-0j 0.00286845-0j -0.00105539-0j -0.0153943-0j 0.000414025-0j -0.019963-0j -0.000152333-0j -0.00222197-0j -0.00288141-0j -0.00651017-0j -0.00849633-0j -0.000939662-0j -0.00122634-0j 0.000452224-0j 7.99427e-05-0j 6.66189e-06-0j -0.00240899-0j -0.000425853-0j -3.54878e-05-0j -0.000367617-0j 0.00697616-0j -0.00102187-0j -6.49862e-05-0j 0.00123322-0j -5.41551e-06-0j -0.00593559-0j -0.000180642-0j 0.000102769-0j -0.00140524-0j 0.0318549-0j -1.50535e-05-0j -0.000728827-0j -0.00104927-0j -0.000248414-0j -0.00618755-0j 0.00563121-0j -8.74395e-05-0j -0.00012884-0j 0.00424722-0j 0.00451037-0j -2.07012e-05-0j 0.000469267-0j -0.00109382-0j -1.07366e-05-0j 0.0227199-0j 0.000750809-0j -9.11513e-05-0j 0.000797329-0j -0.0109357-0j 6.25674e-05-0j 0.00401635-0j 6.64441e-05-0j -0.0173933-0j -0.00193318-0j 0.000334696-0j -0.000161098-0j -0.00307473-0j -0.000256228-0j 0.000366113-0j 6.10189e-05-0j 3.73663e-05-0j 7.62736e-06-0j 4.49446e-07-0j -0.00193028-0j -0.000321713-0j -0.000197008-0j -0.000290444-0j -4.02141e-05-0j 0.00551168-0j -2.36964e-06-0j 0.000270142-0j -4.84074e-05-0j -0.00126813-0j -2.96434e-05-0j 0.000918613-0j 0.00156914-0j -6.05092e-06-0j 0.000562533-0j 4.50237e-05-0j -0.00842121-0j 0.000114827-0j -3.56554e-07-0j 0.00436174-0j -0.000211354-0j 2.75713e-05-0j 6.76622e-06-0j 0.00159962-0j -0.000129428-0j 0.000261523-0j 5.62796e-06-0j -0.000169426-0j 0.0135804-0j -2.64193e-05-0j 0.00016015-0j -0.00140353-0j 3.31631e-07-0j 0.000726957-0j 0.00321514-0j -0.00989933-0j -1.55677e-06-0j 3.26904e-05-0j -0.000859486-0j 0.000445169-0j 0.00311093-0j 0.000266604-0j -0.000175442-0j 1.9263e-06-0j -2.82376e-05-0j 0.000163261-0j -0.000373165-0j 0.00746925-0j 0.0022634-0j 9.08697e-05-0j -1.0338e-05-0j -1.7292e-05-0j 0.000535857-0j 3.33255e-05-0j -0.00971746-0j 0.00138604-0j 0.00803605-0j 5.35455e-06-0j -0.00164989-0j 0.000518488-0j -3.52971e-06-0j 0.000328144-0j 0.000282925-0j -0.00706051-0j -0.00101035-0j 1.96372e-06-0j 0.000317508-0j -6.21942e-05-0j 0.00124487-0j -2.0799e-07-0j 6.69822e-05-0j 0.00412239-0j -0.000206236-0j 1.66715e-05-0j -3.8086e-05-0j 6.4811e-05-0j 0.000762327-0j -0.00161958-0j 3.94696e-06-0j 0.00133934-0j -1.21526e-05-0j -0.0050321-0j -0.000991784-0j -7.77428e-06-0j 0.000155609-0j -0.00117675-0j 0.000820176-0j 3.81903e-06-0j -4.58104e-07-0j -0.000202447-0j -0.00072061-0j 0.000167418-0j 9.16937e-06-0j 0.000687065-0j -1.19293e-05-0j -0.000147094-0j 0.000420739-0j -0.000838684-0j 9.86519e-06-0j 8.58831e-05-0j -8.66759e-06-0j -0.000513587-0j 5.06071e-06-0j -0.000104836-0j -6.17749e-06-0j 
0.00249099-0j 0.00290616-0j 0.165333-0j -0.0273866-0j 0.00104889-0j 0.000321384-0j 0.000363042-0j -0.00319243-0j 0.000299494-0j 0.024096-0j -0.00230442-0j 6.83641e-05-0j 0.000207322-0j 2.99244e-05-0j 0.000229464-0j 3.31202e-05-0j -0.00195373-0j 0.000120938-0j 0.000183287-0j -0.000281997-0j 1.74559e-05-0j 2.64552e-05-0j -0.00227935-0j -0.0444326-0j 0.000123457-0j -0.000328996-0j 0.0121652-0j -0.0064133-0j 1.78196e-05-0j 0.00175589-0j -0.000822662-0j 1.9927e-05-0j -0.000118741-0j 2.87622e-06-0j 0.000156622-0j 2.76872e-05-0j 2.30727e-06-0j 0.000170925-0j 3.02155e-05-0j 2.51796e-06-0j -0.00142591-0j 0.00013377-0j 0.000120862-0j -0.000252067-0j 2.36474e-05-0j -2.10056e-05-0j -0.00161073-0j 2.13656e-05-0j 1.97061e-06-0j 9.9706e-05-0j 8.72428e-05-0j 1.78046e-06-0j 0.0080219-0j -0.00028474-0j 1.76257e-05-0j -0.00132879-0j 1.54225e-05-0j -2.37283e-05-0j 0.00141808-0j -0.036632-0j 5.08916e-05-0j 1.46881e-06-0j 1.28521e-06-0j -0.000234899-0j 0.000118174-0j 0.00579051-0j -0.00647569-0j -1.95749e-05-0j 8.99645e-06-0j -0.000303316-0j -0.000539641-0j 0.00102363-0j 7.49704e-07-0j 6.20944e-06-0j -5.36192e-05-0j 8.53023e-05-0j -4.46827e-06-0j 1.09768e-06-0j 9.14736e-08-0j 0.000126799-0j 2.11332e-05-0j 1.29414e-05-0j 2.64164e-06-0j 1.5566e-07-0j 0.000136959-0j 2.28264e-05-0j 1.39783e-05-0j -0.00112657-0j 2.8533e-06-0j 0.000105688-0j 1.68132e-07-0j 9.35605e-05-0j -0.000187762-0j 6.40565e-05-0j -0.00011498-0j 1.76146e-05-0j -0.00124689-0j -2.34702e-05-0j 1.07867e-05-0j 1.55934e-05-0j 6.75355e-05-0j 2.20183e-06-0j -1.383e-06-0j 0.000105688-0j 1.06761e-05-0j 9.54898e-06-0j 1.29744e-07-0j 0.00601265-0j 6.53774e-06-0j -0.000207814-0j 1.94918e-06-0j -0.000657166-0j -0.000995965-0j 1.33451e-06-0j -0.00012726-0j 1.12559e-05-0j 1.14856e-07-0j 1.76146e-05-0j 6.16512e-05-0j 3.81447e-05-0j 7.86367e-08-0j -2.59768e-05-0j 6.89281e-06-0j 1.07867e-05-0j 0.00701475-0j 0.00100211-0j 1.40699e-06-0j -1.5307e-06-0j -0.000109528-0j 0.000613663-0j 0.0444358-0j -0.000670857-0j -0.000165994-0j 2.20183e-06-0j 8.29077e-08-0j -6.70717e-05-0j 1.02752e-05-0j 0.000125263-0j -0.0226507-0j -0.00010165-0j 1.9902e-05-0j 1.29744e-07-0j 6.35746e-06-0j 0.00116913-0j -1.3691e-05-0j 6.29225e-06-0j -2.07493e-05-0j 0.00253176-0j 3.89313e-06-0j 7.38122e-06-0j 0.00071594-0j 0.00740597-0j -0.00011181-0j -8.06748e-07-0j 1.2844e-06-0j -0.000108282-0j 7.94682e-07-0j -1.22266e-06-0j 0.00453521-0j 0.000146141-0j -6.84691e-05-0j -0.00377511-0j 7.5684e-08-0j 3.317e-06-0j 4.68271e-08-0j 1.91974e-06-0j -0.00231177-0j 0.000925746-0j -1.39762e-05-0j 0.00042196-0j 2.03124e-06-0j 8.61142e-06-0j 5.45501e-05-0j -0.000471889-0j 0.000258397-0j 4.14625e-07-0j -8.23555e-07-0j -1.80469e-05-0j -2.78063e-05-0j 5.2745e-05-0j -1.10514e-05-0j 3.19957e-07-0j 2.4432e-08-0j -2.25587e-06-0j 3.10803e-06-0j 1.95933e-07-0j -1.32928e-07-0j 3.99946e-08-0j 2.3567e-09-0j 
-0.0183802-0j -0.0809106-0j -0.161759-0j 0.0809874-0j -0.00946985-0j -0.00237138-0j 0.00519846-0j -0.0207738-0j 0.00379653-0j 0.0457503-0j 0.029476-0j 0.00633676-0j -0.00152976-0j -0.000220801-0j 0.00328573-0j 0.000474254-0j 0.00653868-0j 0.00436242-0j -0.00119498-0j 0.000943777-0j 0.000629661-0j -0.000172481-0j 0.0287836-0j -0.00404098-0j 0.00676929-0j 0.00415456-0j -0.0105167-0j -0.000583265-0j 0.000977062-0j -0.00151796-0j 0.00336886-0j 0.00634982-0j 0.000486254-0j 0.000916517-0j -0.00115566-0j -0.000204294-0j -1.70245e-05-0j 0.0024475-0j 0.000432661-0j 3.60551e-05-0j 0.00477218-0j -0.000872144-0j 0.00173394-0j 0.000843609-0j -0.000154175-0j 7.03008e-05-0j -0.0104614-0j 0.00030652-0j -1.28479e-05-0j -0.00697955-0j -0.0024603-0j 2.55434e-05-0j 0.01526-0j -0.00184933-0j -0.00123382-0j -0.00764015-0j -0.000434923-0j -0.000154111-0j 0.00269761-0j 0.00646526-0j 0.000893363-0j -0.000102818-0j -3.62436e-05-0j -0.0013506-0j 0.000224801-0j -0.0216524-0j 0.00114291-0j -0.00011255-0j 0.000157926-0j -0.0127521-0j 9.52423e-05-0j -0.00382764-0j 1.31605e-05-0j 0.00441214-0j -0.00225428-0j -0.00031897-0j -0.000187857-0j 0.000779963-0j 6.49969e-05-0j -0.000935605-0j -0.000155934-0j -9.54898e-05-0j -1.94918e-05-0j -1.14856e-06-0j 0.00196113-0j 0.000326855-0j 0.000200157-0j 0.00377037-0j 4.08569e-05-0j -0.000689057-0j 2.40752e-06-0j 0.00134226-0j 0.000628394-0j -0.00047265-0j 0.000384811-0j -0.000114843-0j -0.00809828-0j 7.85493e-05-0j -7.03266e-05-0j 0.00022371-0j -0.00190454-0j -1.43554e-05-0j 4.62856e-06-0j -0.00294246-0j -7.8775e-05-0j 0.000136994-0j -8.45897e-07-0j -0.00588267-0j -4.82397e-05-0j -0.00134971-0j 2.79638e-05-0j -0.010752-0j 0.00294525-0j -9.84688e-06-0j -0.000826527-0j -0.000317423-0j 1.64778e-06-0j -0.00049041-0j 0.00196499-0j -0.000344388-0j -5.80233e-07-0j -0.000168714-0j -0.000194381-0j -0.000300313-0j -0.0258958-0j -0.000980444-0j -3.96779e-05-0j -9.94158e-06-0j -0.001792-0j -0.000600397-0j 0.00907782-0j -0.0166841-0j 0.000490875-0j -6.13012e-05-0j -2.33804e-06-0j -0.00109737-0j 0.000327498-0j -0.000122556-0j -0.0018202-0j 0.000300599-0j -0.00358677-0j -3.61221e-06-0j -5.73981e-05-0j -0.00431597-0j -0.000224-0j 0.000200551-0j 6.13594e-05-0j -0.00303087-0j -3.5149e-05-0j -7.22165e-06-0j -0.00264298-0j 0.00151297-0j -0.00278069-0j -1.31993e-05-0j 4.09373e-05-0j -0.0156503-0j -7.17476e-06-0j 3.61564e-06-0j 0.000926501-0j -0.000539496-0j -0.00170282-0j -0.000303367-0j 2.41225e-06-0j -0.000597795-0j -4.22777e-07-0j 0.00251502-0j -0.000185773-0j 0.000189121-0j -0.000347586-0j -0.000505146-0j -0.000366073-0j -3.17901e-05-0j 1.11441e-05-0j -3.79208e-05-0j -0.000309337-0j -7.47244e-05-0j -2.04817e-05-0j -0.00260838-0j -2.23451e-06-0j -6.31432e-05-0j -0.0015973-0j 0.00041917-0j -4.40318e-06-0j -0.000326048-0j -3.72075e-06-0j 0.000256688-0j -1.92125e-05-0j 5.23963e-05-0j 3.08748e-06-0j 
0.00479492-0j 0.133489-0j 0.00342566-0j 0.0884087-0j 0.0619733-0j 0.000618633-0j -0.00341111-0j -0.00278938-0j -0.0509031-0j -0.00243702-0j -0.017787-0j 0.0184028-0j 0.000399075-0j 5.76015e-05-0j -0.00215602-0j -0.000311195-0j 0.00034919-0j 0.0015273-0j 0.00637234-0j 5.04013e-05-0j 0.000220447-0j 0.000919768-0j 0.00972138-0j 0.000144034-0j 0.0501714-0j 0.00140316-0j 0.00455262-0j 2.07895e-05-0j 0.00724162-0j 0.000657114-0j 0.00451321-0j -0.00566422-0j 0.000651425-0j -0.00081756-0j 0.000301483-0j 5.32951e-05-0j 4.44126e-06-0j -0.00160599-0j -0.000283902-0j -2.36585e-05-0j 0.000254852-0j 0.00465077-0j -0.00113733-0j 4.5052e-05-0j 0.000822148-0j 3.75433e-06-0j -0.00140524-0j -0.000201053-0j 6.85124e-05-0j -0.00614632-0j -0.00725238-0j -1.67544e-05-0j -0.000812547-0j -0.000248414-0j -0.00108653-0j -0.0209701-0j -0.00128205-0j -2.07012e-05-0j -0.000143639-0j -0.000579634-0j -0.0146997-0j -9.05438e-05-0j -0.000106838-0j -0.00370702-0j -1.197e-05-0j -0.00518135-0j -0.000102466-0j -0.000308918-0j -0.00259857-0j 0.00758122-0j -8.53881e-06-0j -0.000915942-0j -0.000216547-0j -0.0115955-0j 0.00134018-0j -7.63285e-05-0j 0.000111682-0j -0.00204982-0j -0.000170818-0j 0.000244075-0j 4.06792e-05-0j 2.49109e-05-0j 5.08491e-06-0j 2.99631e-07-0j -0.00128685-0j -0.000214475-0j -0.000131339-0j 0.000201352-0j -2.68094e-05-0j 0.00367445-0j -1.57976e-06-0j -0.000880418-0j 3.35587e-05-0j 0.000123302-0j 2.05504e-05-0j 0.000612408-0j -0.00108781-0j 4.19483e-06-0j 0.000375022-0j -0.000146736-0j -0.00561414-0j 7.6551e-05-0j 2.47183e-07-0j 0.00485458-0j 2.05504e-05-0j -8.98573e-05-0j 4.51081e-06-0j 0.00012458-0j 1.25845e-05-0j -0.000181302-0j -1.8342e-05-0j 0.000770597-0j 0.00321514-0j 2.5688e-06-0j -0.000111025-0j -0.00093569-0j -1.08082e-06-0j 0.000809097-0j 0.0140625-0j 0.00225377-0j 1.51368e-07-0j -2.26628e-05-0j -0.000572991-0j 0.000495469-0j 0.00346828-0j 2.07634e-05-0j -0.000116961-0j -1.33542e-06-0j 0.000128433-0j 1.27149e-05-0j 3.63359e-05-0j 0.0253138-0j 0.000535857-0j 0.000101137-0j -6.89201e-06-0j 7.86487e-05-0j 0.00234375-0j 2.59542e-06-0j 0.00132618-0j 0.000328144-0j -0.0261902-0j 5.95957e-06-0j 0.000375628-0j 0.000578047-0j 1.60541e-05-0j 0.00143525-0j 6.69822e-05-0j 0.00161017-0j 0.000230024-0j 1.52937e-07-0j 0.00035398-0j 6.05598e-06-0j 0.00421897-0j 9.45997e-07-0j 0.000292969-0j -0.00285787-0j 4.69535e-05-0j 3.94696e-06-0j 3.70852e-06-0j 7.22559e-05-0j 0.00258358-0j 0.00022103-0j 1.72634e-05-0j -0.00436504-0j 2.76676e-06-0j -0.00335474-0j 0.000135353-0j 7.56998e-07-0j 0.000527372-0j 0.000268362-0j -0.00267303-0j 4.25772e-06-0j 4.46065e-08-0j 2.76287e-05-0j 0.000164337-0j -0.00054563-0j 3.10757e-05-0j -0.000476311-0j 1.62804e-06-0j 3.35452e-05-0j -0.00029168-0j -0.000559123-0j -3.21516e-05-0j -5.95389e-05-0j 1.97667e-06-0j -0.000342391-0j -3.50836e-06-0j -6.98903e-05-0j -4.11833e-06-0j 
0.00402139-0j 0.0109617-0j -0.000981145-0j -0.054846-0j -0.334001-0j -0.000177183-0j -0.00400979-0j -0.000163422-0j -0.00645961-0j 0.000978315-0j 0.0209446-0j 0.0373469-0j -0.000114299-0j -1.64977e-05-0j 0.000865513-0j 0.000124926-0j 0.000292858-0j -6.66747e-05-0j 0.0115759-0j 4.22704e-05-0j -9.62366e-06-0j 0.00167083-0j 0.000798289-0j -4.12528e-05-0j 0.0120848-0j 0.000115223-0j -0.0028243-0j -5.95433e-06-0j 0.00174429-0j -0.000407653-0j -0.0243236-0j 0.00997351-0j -0.00351081-0j 0.00143955-0j -8.6348e-05-0j -1.52643e-05-0j -1.27203e-06-0j 0.00064471-0j 0.00011397-0j 9.49747e-06-0j -7.29925e-05-0j -0.0028852-0j 0.000195116-0j -1.29034e-05-0j -0.000510036-0j -1.07528e-06-0j -0.00165188-0j 3.44919e-05-0j -4.2503e-05-0j 0.000376081-0j -0.0250066-0j 2.87433e-06-0j -4.76048e-05-0j -0.000292013-0j 6.64823e-05-0j -0.00266111-0j -0.00442059-0j -2.43344e-05-0j -8.41541e-06-0j 0.000232688-0j -0.0162056-0j 5.54019e-06-0j -0.000368383-0j -0.000470422-0j -7.01284e-07-0j 0.00610117-0j 4.11338e-05-0j -3.92018e-05-0j -0.00286477-0j 0.0153855-0j 3.42782e-06-0j 0.00107854-0j -0.000238731-0j -0.022935-0j 0.00271979-0j 8.98787e-05-0j 0.000226649-0j -0.00405438-0j -0.000337865-0j -6.99059e-05-0j -1.1651e-05-0j -7.13474e-06-0j -1.45637e-06-0j -8.58176e-08-0j 0.000516593-0j 8.60989e-05-0j 5.27246e-05-0j -5.76694e-05-0j 1.07624e-05-0j -0.00227952-0j 6.34178e-07-0j -5.15811e-05-0j -9.61157e-06-0j 0.000242137-0j -5.88586e-06-0j -0.000379919-0j 0.000436692-0j -1.20145e-06-0j -0.000232652-0j -8.59685e-06-0j 0.00661079-0j -4.74899e-05-0j -7.07959e-08-0j -0.00116732-0j 4.03561e-05-0j -5.26447e-06-0j -2.79837e-06-0j 0.000104482-0j 2.4713e-05-0j 7.2782e-05-0j -1.07461e-06-0j -3.36405e-05-0j 0.00584057-0j 5.04452e-06-0j 4.45697e-05-0j 0.0011018-0j -6.33218e-08-0j -0.000194553-0j -0.00132972-0j 0.0355678-0j 2.97251e-07-0j 9.09775e-06-0j 0.000674711-0j -0.000119139-0j 0.000284805-0j 1.74137e-05-0j 0.000137725-0j 5.3609e-07-0j -5.60675e-06-0j 1.06637e-05-0j -1.0407e-05-0j 0.00609734-0j 0.000973429-0j -2.43191e-05-0j 8.11551e-06-0j -3.43342e-06-0j -0.00022162-0j 2.17672e-06-0j -0.000822721-0j 0.000596101-0j 0.0108723-0j -1.43302e-06-0j 0.00592797-0j 4.74674e-05-0j -7.00844e-07-0j -0.000135714-0j 0.000121679-0j -0.00867791-0j 0.00363013-0j 1.28264e-07-0j 2.90677e-05-0j -1.7345e-06-0j 0.00101622-0j -4.12976e-08-0j -2.77024e-05-0j 0.0050321-0j 0.000740997-0j 7.16998e-06-0j -1.06216e-06-0j 5.93343e-06-0j 0.000622307-0j -0.00013712-0j -1.63238e-06-0j 0.00181205-0j 4.36636e-05-0j -0.00673306-0j -8.39686e-05-0j -2.16812e-07-0j 0.000127028-0j -0.00144632-0j 0.00110965-0j 3.49631e-07-0j -1.27758e-08-0j -1.714e-05-0j -0.000885685-0j 0.000226507-0j 7.48519e-06-0j 0.000838684-0j -1.00998e-06-0j -0.00018079-0j 0.000513587-0j -0.00112218-0j 1.3347e-05-0j 0.000104836-0j -1.06531e-05-0j -0.000686745-0j 6.17749e-06-0j -0.000140181-0j -8.40429e-06-0j 
-0.0061649-0j 0.00690767-0j -0.256974-0j -0.0553897-0j -0.0121695-0j -0.000795385-0j 0.000862916-0j 0.00646179-0j 0.00074063-0j 0.0359694-0j 0.00412142-0j -0.00176198-0j -0.000513096-0j -7.40591e-05-0j 0.000545413-0j 7.87236e-05-0j 0.00395454-0j -0.000299306-0j 0.000453256-0j 0.000570788-0j -4.32011e-05-0j 6.54219e-05-0j -0.004431-0j 0.0463805-0j -0.000269975-0j -0.000639559-0j 0.0188933-0j 0.00669445-0j -3.89676e-05-0j 0.00272701-0j 0.00780624-0j -0.000890747-0j 0.00112673-0j -0.000128568-0j -0.000387621-0j -6.85223e-05-0j -5.71019e-06-0j 0.000406272-0j 7.18194e-05-0j 5.98495e-06-0j 0.00288617-0j 0.000330804-0j -0.000299118-0j 0.000510208-0j 5.84784e-05-0j 4.25173e-05-0j -0.00313122-0j -5.28771e-05-0j 4.8732e-06-0j 0.000236992-0j -0.000190781-0j -4.40643e-06-0j -0.0124683-0j -0.000553527-0j 4.18946e-05-0j -0.00268749-0j -3.37257e-05-0j -4.61272e-05-0j -0.0022041-0j -0.0367243-0j -0.000590458-0j 3.49122e-06-0j -2.81048e-06-0j -0.000475085-0j -0.000183675-0j -0.00795243-0j -0.006492-0j -3.95904e-05-0j -0.000104379-0j 0.00639361-0j -0.000541-0j -0.00140581-0j -8.69827e-06-0j -0.000424621-0j 0.00113024-0j -0.00011715-0j 9.41868e-05-0j -7.50631e-05-0j -6.25526e-06-0j -0.000313811-0j -5.23019e-05-0j -3.20282e-05-0j -6.53774e-06-0j -3.8524e-07-0j 0.000325537-0j 5.42562e-05-0j 3.3225e-05-0j 0.00228029-0j 6.78203e-06-0j 0.000261359-0j 3.99635e-07-0j -0.00023155-0j 0.000380048-0j -0.000158532-0j 0.000232731-0j 4.35598e-05-0j -0.00242391-0j 4.7506e-05-0j 2.66748e-05-0j -3.85917e-05-0j -0.000147686-0j 5.44498e-06-0j 2.79932e-06-0j 0.00025121-0j -2.64219e-05-0j -2.36325e-05-0j 3.20848e-07-0j -0.00934534-0j -1.61801e-05-0j -0.000403985-0j -4.82397e-06-0j 0.00133017-0j -0.00201435-0j -3.30274e-06-0j -0.000247389-0j -2.46143e-05-0j -2.84255e-07-0j 4.18683e-05-0j 0.000152459-0j -0.000442565-0j -1.94616e-07-0j -5.04981e-05-0j -1.50731e-05-0j 2.5639e-05-0j 0.0104713-0j -0.00155756-0j -3.07679e-06-0j -2.97563e-06-0j 0.000221695-0j -0.000953805-0j -0.0181635-0j 0.00119982-0j -0.000335725-0j 5.23354e-06-0j -1.81301e-07-0j 0.00013576-0j 2.54099e-05-0j -0.000194695-0j -0.0236251-0j -0.000205589-0j -0.000512944-0j 3.08389e-07-0j -7.37609e-05-0j 0.00174522-0j 2.77118e-05-0j 1.55603e-05-0j -4.19656e-05-0j -0.0184477-0j -4.51691e-05-0j -1.14725e-05-0j 0.00106872-0j -0.00302725-0j 0.000199969-0j 1.63293e-06-0j 3.17624e-06-0j 0.00395863-0j -9.22011e-06-0j -2.47285e-06-0j -0.0018538-0j 0.000218152-0j 0.000122456-0j -0.00393752-0j 1.87162e-07-0j -8.54906e-05-0j -5.433e-07-0j -0.000185872-0j -0.00241123-0j -0.000378406-0j 2.49962e-05-0j -0.00307461-0j -5.23521e-05-0j 1.28547e-05-0j -2.22978e-05-0j -0.00049219-0j -0.00188281-0j -1.06863e-05-0j 1.47291e-06-0j 0.000659772-0j -2.90026e-05-0j -0.000384326-0j 0.000404026-0j -3.09787e-05-0j -6.29698e-07-0j 8.24714e-05-0j -2.26466e-05-0j -1.89705e-05-0j 4.85968e-06-0j -3.87234e-06-0j -2.2818e-07-0j 
0.0101716-0j 0.0900082-0j 0.00617347-0j -0.316108-0j -0.0794874-0j 0.00131232-0j -0.00578298-0j 0.00687965-0j -0.0247623-0j -0.00350989-0j 0.0320849-0j 0.0136469-0j 0.000846565-0j 0.000122191-0j -0.00365518-0j -0.00052758-0j -0.00216542-0j -0.00241416-0j 0.0077941-0j -0.000312551-0j -0.000348453-0j 0.00112498-0j -0.0191618-0j 0.00376381-0j 0.012313-0j -0.00276576-0j 0.00473051-0j 0.000543259-0j 0.00177722-0j 0.00068279-0j 0.016922-0j 0.011379-0j 0.00244248-0j 0.00164241-0j 0.000639541-0j 0.000113056-0j 9.42133e-06-0j -0.0027227-0j -0.00048131-0j -4.01091e-05-0j -0.0015804-0j 0.00568843-0j -0.00095956-0j -0.000279378-0j 0.00100558-0j -2.32815e-05-0j 0.00696434-0j -0.000169628-0j 8.37985e-05-0j 0.00776434-0j -0.00447514-0j -1.41357e-05-0j -0.00058239-0j 0.00123113-0j 0.00137255-0j 0.0298208-0j -0.000791101-0j 0.000102594-0j -0.000102953-0j -0.012105-0j 0.00749865-0j 0.00011438-0j -6.59251e-05-0j 0.00527163-0j -8.57941e-06-0j -0.00271612-0j -0.00213989-0j 0.000439302-0j 0.00132559-0j -0.0164347-0j -0.000178324-0j -0.000480146-0j 0.000110466-0j -0.000268564-0j -0.00290527-0j -4.00122e-05-0j -0.000242106-0j -4.74758e-05-0j -3.95632e-06-0j 0.000517762-0j 8.62937e-05-0j 5.28439e-05-0j 1.07867e-05-0j 6.35613e-07-0j -0.00218164-0j -0.000363607-0j -0.000222663-0j -0.00124863-0j -4.54509e-05-0j 0.00449428-0j -2.67822e-06-0j -0.000742805-0j -0.000208105-0j 0.000261564-0j -0.000127438-0j 0.000749046-0j 0.00539117-0j -2.60132e-05-0j 0.000458695-0j -0.000123801-0j -0.00346425-0j 9.36308e-05-0j -1.53284e-06-0j 0.00327331-0j 4.3594e-05-0j -7.58123e-05-0j 5.51725e-06-0j 0.000224509-0j 2.66958e-05-0j 0.000898528-0j -1.54751e-05-0j 0.00356074-0j -0.0114958-0j 5.44925e-06-0j 0.000550234-0j -0.000577375-0j -9.1188e-07-0j 0.000545552-0j -0.0128164-0j -0.0028907-0j 3.211e-07-0j 0.000112316-0j -0.000353569-0j 0.000334081-0j 0.00198669-0j 3.74182e-05-0j -7.21719e-05-0j 6.61829e-06-0j 0.000593456-0j 2.29139e-05-0j 0.00242675-0j -0.0181609-0j -0.00191597-0j 6.8194e-05-0j -4.25277e-06-0j 0.000363416-0j -0.00213606-0j 4.67728e-06-0j 0.0199814-0j -0.00117329-0j -0.00772447-0j 4.01837e-06-0j -0.000481784-0j 0.000331114-0j 7.4182e-05-0j -0.00130806-0j -0.000239496-0j -0.00175447-0j -0.000295031-0j 2.75611e-07-0j 0.000202765-0j 0.000404459-0j -0.00302681-0j 4.37122e-06-0j -0.000267007-0j -0.0167833-0j -6.0223e-05-0j -1.41125e-05-0j 0.000247679-0j 4.13893e-05-0j -0.00185354-0j 0.00333024-0j -1.57336e-05-0j -0.00128741-0j -3.54867e-06-0j -0.00776757-0j 0.00203935-0j 5.05574e-05-0j -0.000378352-0j -0.000292411-0j -0.000788375-0j 2.43889e-06-0j 2.97912e-06-0j 0.00041628-0j -0.000179065-0j -0.000160926-0j -2.22946e-05-0j -0.00279722-0j 2.45295e-05-0j -3.65514e-05-0j -0.00171294-0j -0.00129459-0j -9.48268e-06-0j -0.000349652-0j -2.15381e-06-0j -0.000792774-0j -2.06035e-05-0j -0.000161824-0j -9.53559e-06-0j 
0.00568607-0j -0.0193761-0j 0.127896-0j -0.186308-0j -0.0329484-0j 0.000733608-0j -0.00242049-0j -0.0046326-0j 0.00320492-0j -0.0544438-0j -0.00409168-0j -0.00289616-0j 0.000473244-0j 6.8307e-05-0j -0.00152989-0j -0.00022082-0j -0.0028351-0j 0.000276059-0j 0.00196137-0j -0.000409211-0j 3.98457e-05-0j 0.0002831-0j 0.00966097-0j -0.011132-0j 0.000344821-0j 0.00139444-0j 0.0441171-0j -0.00160676-0j 4.97707e-05-0j 0.00636775-0j 0.0164282-0j 0.0013962-0j 0.00237121-0j 0.000201524-0j 0.000357515-0j 6.32002e-05-0j 5.26669e-06-0j -0.0011396-0j -0.000201454-0j -1.67878e-05-0j -0.00206916-0j 0.00143149-0j 0.000275886-0j -0.00036578-0j 0.000253053-0j -3.04816e-05-0j 0.00682705-0j 4.87702e-05-0j 2.10878e-05-0j -0.000664764-0j 0.000243672-0j 4.06418e-06-0j 0.00620548-0j 0.00120686-0j -0.000117515-0j -0.00903958-0j 4.30756e-05-0j 0.000100572-0j 0.00109698-0j 0.0268064-0j -0.00159864-0j -9.7929e-06-0j 3.58963e-06-0j -0.00159799-0j 9.14154e-05-0j 0.00548091-0j 0.00473874-0j -0.000133166-0j -0.000282603-0j 0.00816869-0j 0.000394895-0j 0.000968896-0j -2.35502e-05-0j 0.00283507-0j 0.00144403-0j 8.07414e-05-0j 0.000120336-0j 0.000501175-0j 4.17646e-05-0j 0.000289438-0j 4.82397e-05-0j 2.95406e-05-0j 6.02996e-06-0j 3.55319e-07-0j -0.000913135-0j -0.000152189-0j -9.31965e-05-0j -0.00163479-0j -1.90237e-05-0j 0.00113098-0j -1.12098e-06-0j 0.000213566-0j -0.000272465-0j 0.000146219-0j -0.00016685-0j 0.000188496-0j 0.00528489-0j -3.40581e-05-0j 0.00011543-0j 3.55943e-05-0j 0.000188629-0j 2.3562e-05-0j -2.00689e-06-0j -0.000704646-0j 2.43698e-05-0j 2.1797e-05-0j 1.38841e-06-0j 0.00465119-0j 1.49234e-05-0j 0.000880815-0j 4.44929e-06-0j -0.000953626-0j -0.00677542-0j 3.04622e-06-0j 0.000539387-0j 3.14382e-05-0j 2.62177e-07-0j -0.000117441-0j 0.000659737-0j -0.00119823-0j 1.795e-07-0j 0.000110102-0j 1.92519e-05-0j -7.19176e-05-0j -0.0158495-0j 0.000775198-0j 3.92978e-06-0j 6.48781e-06-0j -0.000158938-0j 0.00047471-0j -0.00528289-0j -0.00119116-0j -0.00112924-0j -1.46801e-05-0j 2.31564e-07-0j -9.73291e-05-0j 0.000109956-0j 9.68997e-05-0j -0.0266037-0j -0.000691514-0j -0.000843122-0j -8.65035e-07-0j -0.000199705-0j -0.00264159-0j -1.98672e-05-0j 6.73342e-05-0j -0.000141155-0j -0.0269517-0j -0.000122294-0j 5.70987e-06-0j -0.00161764-0j -0.000880482-0j -0.000198527-0j -1.17069e-06-0j 1.37445e-05-0j -0.00482308-0j -2.49631e-05-0j -8.31762e-06-0j -0.000539183-0j -0.000330199-0j -0.000121572-0j -0.00443395-0j 8.09904e-07-0j -0.00014052-0j -1.47096e-06-0j 0.00253106-0j -0.00271523-0j -0.00011006-0j -2.48158e-05-0j -0.00449195-0j -8.60508e-05-0j -1.94572e-05-0j -6.48536e-06-0j -0.000554243-0j -0.00275074-0j -1.7565e-05-0j -1.46229e-06-0j -0.000803846-0j -3.26591e-05-0j -0.000561493-0j -0.000492253-0j 0.000421843-0j -1.03503e-06-0j -0.000100481-0j -3.30863e-05-0j 0.000258325-0j -5.92089e-06-0j 5.27303e-05-0j 3.10717e-06-0j 
-0.00317154-0j -0.0421687-0j 0.00662377-0j 0.0860275-0j -0.267116-0j -0.000409187-0j 0.00270932-0j -0.000705655-0j 0.0204857-0j -0.00565841-0j -0.0252281-0j 0.000921948-0j -0.000263963-0j -3.80998e-05-0j 0.00171245-0j 0.00024717-0j 0.00022211-0j 0.000752746-0j -0.006448-0j 3.20587e-05-0j 0.000108649-0j -0.000930689-0j 0.00295316-0j 0.000465385-0j -0.0294308-0j 0.000426252-0j 0.0134667-0j 6.71726e-05-0j -0.00424798-0j 0.00194375-0j 0.0187067-0j 0.0246133-0j 0.00270007-0j 0.00355263-0j -0.000199412-0j -3.52514e-05-0j -2.93762e-06-0j 0.00127558-0j 0.000225493-0j 1.87911e-05-0j 0.000162104-0j -0.004706-0j 0.000299195-0j 2.86562e-05-0j -0.00083191-0j 2.38802e-06-0j -0.00107333-0j 5.28908e-05-0j -6.93259e-05-0j -0.00363758-0j 0.0106966-0j 4.40757e-06-0j -0.00062487-0j -0.000189739-0j -0.000643039-0j -0.00811562-0j 0.00189092-0j -1.58116e-05-0j -0.000110463-0j -0.00224893-0j 0.0251991-0j -5.35866e-05-0j 0.000157576-0j -0.00143465-0j -9.20521e-06-0j -0.0223399-0j -0.000397559-0j -0.000119554-0j 0.00445461-0j -0.00036524-0j -3.31299e-05-0j -0.00394918-0j 0.000371217-0j -0.000340689-0j -6.45659e-05-0j -0.000329098-0j -5.38049e-06-0j -6.02259e-05-0j -5.01883e-06-0j -0.000161441-0j -2.69068e-05-0j -1.6477e-05-0j -3.36335e-06-0j -1.98187e-07-0j 0.0010221-0j 0.000170349-0j 0.000104317-0j 0.000128074-0j 2.12937e-05-0j -0.00371808-0j 1.25474e-06-0j 0.00023161-0j 2.13457e-05-0j -8.15569e-05-0j 1.30715e-05-0j -0.00061968-0j -0.000830872-0j 2.66821e-06-0j -0.000379475-0j 3.86017e-05-0j 0.00828037-0j -7.746e-05-0j 1.57226e-07-0j -0.00153354-0j -1.35928e-05-0j 2.36386e-05-0j -4.56437e-06-0j 0.000240885-0j -8.32386e-06-0j -0.000138479-0j 4.82521e-06-0j -0.000365229-0j 0.00312855-0j -1.6991e-06-0j -8.48005e-05-0j 0.00138006-0j 2.84328e-07-0j -0.00025559-0j 0.0106029-0j -0.00971415-0j -1.00121e-07-0j -1.73098e-05-0j 0.000845112-0j -0.000156516-0j 0.0032028-0j 4.01476e-05-0j 0.000172508-0j -1.01999e-06-0j -6.08716e-05-0j 2.45853e-05-0j 0.00016455-0j 0.0142797-0j 0.000521424-0j -3.19488e-05-0j 1.01651e-05-0j -3.72761e-05-0j 0.00176715-0j 5.01845e-06-0j 0.00655523-0j 0.000319306-0j -0.000521846-0j -1.8826e-06-0j -0.00161903-0j 0.000533801-0j -7.60894e-06-0j 0.00108215-0j 6.5178e-05-0j 0.020288-0j -0.000991446-0j 2.95715e-07-0j 0.000326885-0j 2.74251e-05-0j 0.00237996-0j -4.48361e-07-0j 0.000220893-0j -0.0119423-0j -0.000202378-0j 3.84065e-06-0j 1.67944e-05-0j 6.67251e-05-0j 0.00145742-0j 0.00109254-0j 1.30163e-05-0j -8.69743e-05-0j -1.19252e-05-0j -0.0163753-0j 0.00066904-0j 3.42813e-06-0j 0.000297495-0j 0.00338134-0j -5.32607e-05-0j 3.93181e-06-0j 2.02005e-07-0j 0.000136567-0j 0.00207064-0j -1.08718e-05-0j 1.753e-05-0j -0.00199038-0j 8.0473e-06-0j 0.000422667-0j -0.00121885-0j -0.00272921-0j -6.40626e-07-0j -0.000248798-0j 2.49059e-05-0j -0.0016713-0j -1.46605e-05-0j -0.000341152-0j -2.01247e-05-0j 
-0.0029667-0j 0.0168947-0j -0.0261092-0j 0.267207-0j -0.038344-0j -0.000382759-0j 0.00211052-0j 0.00172454-0j -0.00644242-0j 0.0185741-0j -0.0537594-0j -0.0113861-0j -0.000246915-0j -3.56391e-05-0j 0.00133397-0j 0.000192542-0j 0.00105539-0j -0.000144034-0j -0.00394268-0j 0.000152333-0j -2.07895e-05-0j -0.000569077-0j -0.00601025-0j -0.000652246-0j 0.00634982-0j -0.000867504-0j -0.0346985-0j -9.41435e-05-0j 0.000916517-0j -0.0050083-0j 0.0136407-0j 0.00350456-0j 0.00196887-0j 0.000505839-0j -0.000186533-0j -3.29747e-05-0j -2.74789e-06-0j 0.000993658-0j 0.000175656-0j 1.4638e-05-0j 0.000770267-0j -0.00287752-0j -0.000143943-0j 0.000136165-0j -0.000508678-0j 1.13471e-05-0j -0.00424722-0j -2.54458e-05-0j -4.23899e-05-0j 0.000579634-0j 0.00448718-0j -2.12048e-06-0j -0.00126681-0j -0.000750809-0j 0.000102466-0j 0.0129648-0j 0.000793229-0j -6.25674e-05-0j -0.000223942-0j 0.00262483-0j -0.00186043-0j 8.53881e-06-0j 6.61024e-05-0j 0.00229187-0j -1.86618e-05-0j 0.0394905-0j 0.000464008-0j 0.000190989-0j -0.000328881-0j 0.0229135-0j 3.86674e-05-0j 0.006981-0j -2.74068e-05-0j 0.00717437-0j 0.00405058-0j 0.00058175-0j 0.000337548-0j 0.00126826-0j 0.000105689-0j -0.000151014-0j -2.5169e-05-0j -1.54128e-05-0j -3.14613e-06-0j -1.85387e-07-0j 0.000796198-0j 0.0001327-0j 8.12616e-05-0j 0.000608567-0j 1.65875e-05-0j -0.00227345-0j 9.77426e-07-0j -0.000111428-0j 0.000101428-0j -7.62895e-05-0j 6.21116e-05-0j -0.000378908-0j -0.00328781-0j 1.26785e-05-0j -0.000232033-0j -1.85713e-05-0j 0.00347357-0j -4.73635e-05-0j 7.47087e-07-0j 0.000614408-0j -1.27149e-05-0j -1.13726e-05-0j -2.79092e-06-0j -0.000949509-0j -7.78626e-06-0j -0.000547969-0j -2.32141e-06-0j 0.000354997-0j 0.00971746-0j -1.58936e-06-0j -0.000335561-0j 0.000578928-0j -1.36791e-07-0j 0.000102401-0j -0.00132618-0j -0.00139445-0j -9.36542e-08-0j -6.84961e-05-0j 0.00035452-0j 6.27078e-05-0j 0.00540725-0j -0.000158251-0j 7.23661e-05-0j -4.03617e-06-0j 5.91662e-05-0j -9.69088e-05-0j 0.00146523-0j -0.0156503-0j 0.00161958-0j 1.28002e-05-0j 4.26421e-06-0j 3.62318e-05-0j -0.00022103-0j -1.97814e-05-0j -0.0060055-0j 0.000991784-0j -0.0033147-0j 7.54257e-07-0j -0.000232408-0j 0.000901208-0j 7.39578e-06-0j -0.000135353-0j 0.000202447-0j -0.0122722-0j -0.00014232-0j -1.16563e-06-0j 0.000551875-0j 0.000244205-0j -0.00260838-0j 4.358e-07-0j -2.76287e-05-0j -0.00863762-0j -2.9051e-05-0j 1.19293e-05-0j 0.000149545-0j 0.000112651-0j -0.0015973-0j -0.00100092-0j -1.62804e-06-0j -0.00055245-0j -1.71185e-06-0j 0.00207564-0j -0.000612934-0j 3.05257e-05-0j -0.000326048-0j -0.00204536-0j -0.000338305-0j 6.63803e-06-0j 1.79874e-06-0j -0.000125115-0j -0.00125252-0j -6.90563e-05-0j -1.92125e-05-0j -0.0014396-0j -7.37245e-06-0j -0.000255671-0j -0.000881574-0j 0.00034594-0j -4.06918e-06-0j -0.000179951-0j -1.50655e-05-0j 0.000211844-0j -1.06037e-05-0j 4.32424e-05-0j 2.65329e-06-0j 
0.000534068-0j 0.00947592-0j 0.000381557-0j 0.0286414-0j 0.286439-0j 6.89046e-05-0j -0.000608823-0j -0.000123567-0j -0.00655878-0j -0.000434964-0j -0.0134227-0j -0.0560154-0j 4.44498e-05-0j 6.41577e-06-0j -0.000384811-0j -5.55428e-05-0j 3.88935e-05-0j -0.000126758-0j 0.00206442-0j 5.6138e-06-0j -1.82959e-05-0j 0.000297974-0j 0.000690085-0j 1.60428e-05-0j 0.0150582-0j 9.96052e-05-0j 0.00147489-0j 2.31557e-06-0j 0.00217347-0j 0.000212883-0j 0.02086-0j 0.0210193-0j 0.00301088-0j 0.00303388-0j 3.35798e-05-0j 5.93612e-06-0j 4.94677e-07-0j -0.000286641-0j -5.06715e-05-0j -4.22263e-06-0j 2.8386e-05-0j 0.00150669-0j -5.03827e-05-0j 5.01798e-06-0j 0.000266348-0j 4.18165e-07-0j -0.000250811-0j -8.90648e-06-0j 2.21957e-05-0j 0.000817417-0j -0.00547291-0j -7.42207e-07-0j -3.59951e-05-0j -4.43376e-05-0j 0.0001445-0j -0.00270196-0j -0.000967482-0j -3.6948e-06-0j -6.3631e-06-0j -0.000103454-0j -0.027022-0j 1.20417e-05-0j -8.06235e-05-0j -0.000477644-0j -5.30258e-07-0j -0.00391003-0j -1.82883e-05-0j -3.98037e-05-0j -0.00477686-0j -0.0230761-0j -1.52403e-06-0j -0.000691203-0j -0.000398072-0j 0.0172119-0j -0.00407932-0j -5.76002e-05-0j -0.000339944-0j 0.00304267-0j 0.000253424-0j 2.71856e-05-0j 4.53094e-06-0j 2.77462e-06-0j 5.66367e-07-0j 3.33735e-08-0j -0.00022968-0j -3.828e-05-0j -2.34416e-05-0j 2.2427e-05-0j -4.785e-06-0j 0.0011904-0j -2.81959e-07-0j -3.90017e-05-0j 3.73783e-06-0j 1.37337e-05-0j 2.28895e-06-0j 0.0001984-0j -0.000194155-0j 4.67229e-07-0j 0.000121494-0j -6.50029e-06-0j -0.00423663-0j 2.47999e-05-0j 2.75317e-08-0j 0.000344609-0j 2.28895e-06-0j -3.9806e-06-0j 1.46135e-06-0j 1.3876e-05-0j 1.40169e-06-0j -3.23592e-05-0j -8.12536e-07-0j -6.39552e-05-0j 0.0010416-0j 2.86118e-07-0j -1.98159e-05-0j -0.000706105-0j -4.78792e-08-0j 5.74349e-05-0j -0.00339466-0j 0.0104169-0j 1.68597e-08-0j -4.04491e-06-0j -0.000432399-0j 3.51715e-05-0j 0.000246201-0j 2.31267e-06-0j -8.82632e-05-0j -2.38348e-07-0j -1.06592e-05-0j 1.41621e-06-0j 4.04717e-06-0j 0.00759758-0j 0.0001736-0j 7.17936e-06-0j -5.20096e-06-0j -6.5274e-06-0j -0.000565777-0j 2.89083e-07-0j 0.000429637-0j 0.000106308-0j 0.0317061-0j 4.23048e-07-0j 0.00173615-0j 4.10334e-05-0j -1.3324e-06-0j -0.000346467-0j 2.17e-05-0j 0.00744219-0j 0.00106317-0j 1.70344e-08-0j 2.51278e-05-0j 6.74528e-07-0j 0.00126626-0j -7.85125e-08-0j -7.07222e-05-0j 0.0106052-0j 0.000217019-0j 1.27868e-06-0j 4.13062e-07-0j 5.12918e-06-0j 0.000775425-0j 7.16062e-05-0j -4.16734e-06-0j 0.00528435-0j 1.27879e-05-0j -0.0190019-0j 4.38497e-05-0j 8.4316e-08-0j 0.000158283-0j 0.00124036-0j 0.00323599-0j 3.0224e-07-0j 4.96837e-09-0j 8.95077e-06-0j 0.000759565-0j 0.000660544-0j 9.32691e-06-0j 0.00176754-0j 5.27429e-07-0j 0.000155046-0j 0.00108239-0j -0.00316698-0j 3.89229e-05-0j 0.000220943-0j 9.13615e-06-0j -0.00194126-0j 1.30249e-05-0j -0.000396258-0j -2.37657e-05-0j 
0.000981145-0j -0.00783144-0j 0.000595491-0j -0.114546-0j 0.238622-0j 0.000126586-0j -0.000978315-0j -0.000341306-0j 0.00461497-0j -0.000593773-0j 0.0437428-0j -0.0266819-0j 8.16594e-05-0j 1.17865e-05-0j -0.000618352-0j -8.92515e-05-0j -0.000208875-0j 4.76347e-05-0j 0.0028243-0j -3.01485e-05-0j 6.87547e-06-0j 0.000407653-0j 0.00166723-0j 0.000363056-0j -0.00863378-0j 0.000240644-0j 0.00171417-0j 5.24026e-05-0j -0.00124618-0j 0.000247419-0j -0.0508-0j -0.00712542-0j -0.00733234-0j -0.00102847-0j 6.169e-05-0j 1.09053e-05-0j 9.08779e-07-0j -0.000460603-0j -8.14239e-05-0j -6.78532e-06-0j -0.000152445-0j 0.00206128-0j 4.76048e-05-0j -2.69487e-05-0j 0.000364387-0j -2.24573e-06-0j 0.00117817-0j 8.41541e-06-0j 3.03656e-05-0j -0.000268685-0j -0.00610117-0j 7.01284e-07-0j 2.88929e-05-0j 0.000208273-0j -4.74973e-05-0j -0.00555773-0j -0.00107854-0j 1.73561e-05-0j 5.1076e-06-0j -0.00204783-0j 0.0115778-0j -3.95811e-06-0j -8.98787e-05-0j -0.000982477-0j 4.25633e-07-0j -0.00370301-0j -0.000362008-0j -8.1873e-05-0j 0.00204669-0j 0.0321326-0j -3.01674e-05-0j -0.000654605-0j 0.000170557-0j 0.0163856-0j 0.00568029-0j -5.45504e-05-0j 0.000473357-0j 0.00289659-0j 0.000241299-0j 4.99432e-05-0j 8.32386e-06-0j 5.09731e-06-0j 1.04048e-06-0j 6.13111e-08-0j -0.000369072-0j -6.1512e-05-0j -3.76683e-05-0j -0.000120443-0j -7.689e-06-0j 0.00162856-0j -4.53079e-07-0j 3.68513e-05-0j -2.00738e-05-0j 2.52304e-05-0j -1.22926e-05-0j 0.000271427-0j 0.000912032-0j -2.50922e-06-0j 0.000166215-0j 6.14189e-06-0j -0.00472298-0j 3.39284e-05-0j -1.47857e-07-0j -0.000284805-0j 4.20506e-06-0j 3.76112e-06-0j 1.99925e-06-0j 2.16561e-05-0j 2.57506e-06-0j 0.000152005-0j 7.67736e-07-0j -7.02583e-05-0j -0.00416568-0j 5.25633e-07-0j 9.30839e-05-0j -0.000787163-0j 4.52393e-08-0j -4.74674e-05-0j 0.000949996-0j 0.00867791-0j 3.09732e-08-0j 1.90007e-05-0j -0.000482037-0j -2.90677e-05-0j -0.000172858-0j 3.60935e-06-0j -9.83953e-05-0j 1.11963e-06-0j -1.17097e-05-0j 2.21027e-06-0j 0.000234084-0j 0.0127343-0j -0.000694279-0j -5.93343e-06-0j -5.798e-06-0j -7.1707e-06-0j 0.000158333-0j 4.51169e-07-0j 0.00724055-0j -0.000425158-0j -0.00776757-0j -3.49631e-07-0j 0.00144632-0j -2.88096e-05-0j -1.46371e-06-0j 9.69586e-05-0j -8.67849e-05-0j 0.00526692-0j 0.000885685-0j 2.65854e-08-0j -1.76422e-05-0j 3.9014e-05-0j 0.00212238-0j -8.62502e-08-0j 1.97916e-05-0j 0.0105096-0j 0.00018079-0j -5.11385e-06-0j 2.38911e-05-0j -3.6012e-06-0j 0.00129969-0j 0.00120676-0j 1.16623e-06-0j -0.00129459-0j 1.06531e-05-0j 0.00480722-0j 0.000738986-0j 4.87675e-06-0j 0.000265298-0j 0.00087782-0j -0.000792774-0j -2.12203e-07-0j 2.87365e-07-0j 0.000150845-0j 0.000537553-0j -0.000161824-0j 1.56328e-05-0j 0.00175159-0j 8.88862e-06-0j 0.000109727-0j 0.00107263-0j 0.000801203-0j -9.53559e-06-0j 0.000218949-0j 6.46575e-06-0j 0.000490634-0j 1.29017e-05-0j 0.00010015-0j 6.00431e-06-0j 
-0.000208987-0j 0.00214611-0j 0.00043647-0j 0.0139238-0j -0.21304-0j -2.69632e-05-0j 0.000268095-0j 2.39152e-05-0j -0.00170531-0j -0.000559917-0j -0.00771784-0j 0.0577244-0j -1.73937e-05-0j -2.51057e-06-0j 0.000169452-0j 2.44582e-05-0j 1.46358e-05-0j -1.01463e-05-0j -0.00104363-0j 2.1125e-06-0j -1.4645e-06-0j -0.000150635-0j -0.000150296-0j 3.06663e-05-0j 0.0046307-0j -2.16934e-05-0j 0.00217962-0j 4.4263e-06-0j 0.000668384-0j 0.000314601-0j 0.0149196-0j -0.0457971-0j 0.00215346-0j -0.00661197-0j -1.31402e-05-0j -2.32287e-06-0j -1.93573e-07-0j 0.000126222-0j 2.23132e-05-0j 1.85943e-06-0j 1.06818e-05-0j -0.00076168-0j -1.014e-05-0j 1.88829e-06-0j -0.000134647-0j 1.57357e-07-0j -0.000106209-0j -1.79251e-06-0j -1.12206e-05-0j 7.36298e-05-0j 0.00327234-0j -1.49376e-07-0j 2.11773e-05-0j -1.87752e-05-0j 1.3016e-05-0j 0.000675577-0j 0.000578474-0j -1.5646e-06-0j 3.74366e-06-0j -0.000222539-0j -0.0103366-0j 1.08467e-06-0j 4.82062e-05-0j 0.000119426-0j 3.11972e-07-0j -0.0068343-0j -3.93397e-05-0j 9.95219e-06-0j -0.00182727-0j -0.0228682-0j -3.27831e-06-0j -0.00120814-0j -0.000152273-0j 0.0108427-0j -0.00404256-0j -0.000100679-0j -0.000336965-0j 0.00191674-0j 0.00016029-0j -1.06381e-05-0j -1.77301e-06-0j -1.08574e-06-0j -2.21626e-07-0j -1.30595e-08-0j 0.00010114-0j 1.68566e-05-0j 1.03225e-05-0j 8.43937e-06-0j 2.10707e-06-0j -0.000601783-0j 1.2416e-07-0j -7.84945e-06-0j 1.40656e-06-0j -5.37415e-06-0j 8.6134e-07-0j -0.000100297-0j -8.22173e-05-0j 1.7582e-07-0j -6.14192e-05-0j -1.30824e-06-0j 0.00253315-0j -1.25371e-05-0j 1.03603e-08-0j 7.80471e-05-0j -8.95692e-07-0j -8.01131e-07-0j -7.38758e-07-0j 1.5873e-05-0j -5.48497e-07-0j -1.37029e-05-0j -1.6353e-07-0j 4.92297e-06-0j 0.000506365-0j -1.11961e-07-0j -8.39127e-06-0j 0.000422192-0j -9.63611e-09-0j 1.30078e-05-0j -0.00035104-0j -0.00774759-0j -6.59739e-09-0j -1.71286e-06-0j 0.000258539-0j 7.96565e-06-0j -0.000163002-0j 2.6455e-06-0j 5.2774e-05-0j -1.00931e-07-0j 8.20494e-07-0j 1.62003e-06-0j 1.0843e-05-0j -0.0022468-0j 8.43941e-05-0j 1.62598e-06-0j 3.10974e-06-0j 5.02448e-07-0j -5.85066e-05-0j 3.30688e-07-0j 0.00106098-0j 5.16806e-05-0j 0.0168046-0j 9.58119e-08-0j -0.00129127-0j -2.71669e-05-0j 1.02562e-07-0j -3.58279e-05-0j 1.05493e-05-0j 0.0161809-0j -0.000790735-0j 1.9486e-08-0j -1.66363e-05-0j 1.80716e-06-0j -0.000374466-0j 6.04351e-09-0j -7.31333e-06-0j 0.0222206-0j -0.000161408-0j 6.21621e-07-0j 1.10666e-06-0j -3.39587e-06-0j -0.000229313-0j 0.000176831-0j -4.30942e-07-0j 0.00280076-0j -9.51107e-06-0j 0.0236828-0j 0.000108286-0j 2.25895e-07-0j -4.68083e-05-0j 0.00269681-0j 0.00171511-0j -2.00103e-07-0j 1.3311e-08-0j 2.21038e-05-0j 0.00165145-0j 0.000350095-0j -2.75821e-06-0j 0.00370343-0j 1.30248e-06-0j 0.000337101-0j 0.00226847-0j 0.00394714-0j 2.06201e-05-0j 0.00046305-0j 1.99691e-05-0j 0.00240843-0j 2.72436e-05-0j 0.000491618-0j 3.02735e-05-0j 
2.59911e-05-0j -0.000326351-0j 1.8569e-05-0j 0.00276739-0j 0.0733257-0j 3.35333e-06-0j -4.07682e-05-0j 3.09288e-06-0j 0.000325935-0j -2.91262e-05-0j -0.00200929-0j -0.0302101-0j 2.16321e-06-0j 3.12232e-07-0j -2.57679e-05-0j -3.71927e-06-0j 1.89281e-06-0j 1.26187e-06-0j 0.000199468-0j 2.73203e-07-0j 1.82135e-07-0j 2.87908e-05-0j -2.37665e-05-0j -1.57912e-06-0j -0.00115934-0j -3.4304e-06-0j 0.000142507-0j 4.45784e-07-0j -0.000166224-0j 1.87396e-05-0j 0.00533995-0j 0.0447473-0j 0.000773451-0j 0.00643867-0j 1.6342e-06-0j 2.88889e-07-0j -4.86919e-08-0j -1.91942e-05-0j -3.39308e-06-0j -3.62168e-07-0j 1.38144e-06-0j 0.00014558-0j 1.26108e-06-0j 2.44207e-07-0j 2.57351e-05-0j -4.11608e-08-0j -1.67949e-05-0j 2.22929e-07-0j 2.20537e-06-0j -1.11966e-05-0j -0.000819259-0j -3.75745e-08-0j 9.00958e-07-0j -2.96895e-06-0j -1.9793e-06-0j 0.000134273-0j -0.000144826-0j -3.16897e-07-0j 1.59268e-07-0j -8.87311e-06-0j 0.00355773-0j -1.19642e-07-0j -8.43916e-06-0j 2.37363e-05-0j 5.25031e-08-0j -0.000581419-0j -1.56856e-06-0j 2.03408e-06-0j 0.000628924-0j -0.0124454-0j 2.43584e-06-0j -0.000102781-0j 5.45766e-05-0j -0.0515051-0j -0.00220005-0j -6.02923e-06-0j -0.000183079-0j -0.00910489-0j -0.000782851-0j 1.32302e-06-0j 2.20504e-07-0j 1.35031e-07-0j 2.7563e-08-0j -1.34437e-08-0j -1.53799e-05-0j -2.56332e-06-0j -1.56971e-06-0j 1.09144e-06-0j -3.20415e-07-0j 0.000115019-0j -3.51558e-08-0j 9.76213e-07-0j 1.81907e-07-0j 6.68367e-07-0j 1.11395e-07-0j 1.91698e-05-0j -1.30011e-05-0j 2.27383e-08-0j 1.1739e-05-0j 1.62702e-07-0j -0.000634197-0j 2.39622e-06-0j -1.10905e-08-0j -1.18683e-05-0j 1.11395e-07-0j 9.96343e-08-0j 1.60359e-07-0j 6.75294e-07-0j 6.8215e-08-0j -2.16685e-06-0j 2.03378e-08-0j 6.36673e-07-0j 0.000100641-0j 1.39243e-08-0j -1.32692e-06-0j -0.000105699-0j -9.91964e-09-0j -1.97806e-06-0j 6.70941e-05-0j 0.00266662-0j 1.24337e-08-0j -2.70856e-07-0j -6.42974e-05-0j -1.21131e-06-0j -8.47915e-06-0j 1.12549e-07-0j -1.31247e-05-0j -2.97183e-08-0j 1.06112e-07-0j 6.89219e-08-0j -1.6303e-06-0j -0.000584939-0j 1.67735e-05-0j -2.47257e-07-0j -5.44403e-07-0j 6.49802e-08-0j 1.11824e-05-0j 1.40686e-08-0j 4.26888e-05-0j 1.02716e-05-0j -0.00879469-0j -2.71289e-08-0j 0.000444437-0j -1.41319e-06-0j 1.3264e-08-0j 6.23868e-06-0j 2.09669e-06-0j 0.00191179-0j 0.000273113-0j 1.25626e-08-0j -8.654e-07-0j -2.71717e-07-0j -9.74899e-05-0j 1.18441e-08-0j 1.27346e-06-0j 0.0225771-0j 5.57489e-05-0j 1.40314e-07-0j 3.04627e-07-0j -1.76649e-07-0j -5.93035e-05-0j 7.1148e-06-0j 5.27673e-08-0j -0.00146578-0j 3.34094e-06-0j 0.0336551-0j 3.85999e-06-0j 6.21816e-08-0j -1.21053e-05-0j 0.000318632-0j -0.000900772-0j 3.28004e-09-0j 6.49568e-08-0j 7.87916e-07-0j 0.000193623-0j -0.000183869-0j -5.0212e-07-0j 0.00376285-0j 1.47758e-07-0j 3.95231e-05-0j 0.00229711-0j 0.00560918-0j -1.0599e-05-0j 0.000468897-0j 2.5878e-06-0j 0.00350861-0j 2.10571e-05-0j 0.000716191-0j 2.5968e-05-0j 
