-0.0171362+5.55112e-17j 0.00718256-0.00054762j -0.021705-0.0033714j -0.0248918+0.00131561j -0.0386876-0.000639176j 0.0159761+0.0101575j -0.0102821-0.00806477j 0.011242-0.000706636j -0.0417835+0.00151995j -0.000288466-0.00235475j 0.0318379+0.00599144j 0.00956779+0.00509861j -0.0338718-0.00315269j 0.00416443+0.00308115j 0.00181064-0.00111975j 0.0159604-0.000454508j -0.00269665-0.00196366j -0.0237067-0.00325101j -0.0263771+0.000689644j 0.000890531-0.00547776j -0.0409257-0.00402247j -0.0515194+0.00491476j -0.0536615-0.00499223j 0.0378824-0.0066114j -0.0678825+0.00642849j -0.0118185-0.00599484j -0.0260826+0.00795559j 0.0181998+0.00291192j 0.00777158+0.00477853j 0.00307188-0.000919128j 0.0138908-0.00508278j 0.000899375-0.000201502j -0.0171884-0.00111163j 0.013771-0.000658992j -0.0268448-0.00705715j 0.00202016-0.00164226j -0.00447596+0.00271754j -0.00312652+0.00952294j -0.00227536-0.0018374j -0.00101931+7.0887e-06j 0.00104508+0.00868922j -0.00593351-0.00761346j 0.00181085+0.00579335j 0.00937897+0.00749531j 0.0207675-0.0126225j 0.00101494+0.00780239j -0.00503191-0.00475629j 0.00150856-0.0186379j 0.00189255+0.00727731j 0.00149292+0.0077423j -0.00588276-0.0175791j -0.0171255-0.0123148j 0.00497916-0.0226062j -0.00803221-0.0124693j -0.00279612+0.0183662j 0.00821411+0.0164224j 0.00385126-0.00738944j -0.00331738-0.00199857j 0.0017994+0.0125801j 0.00500397+0.0213557j 0.000566687+0.0177191j -0.00601089-0.0108884j 0.00091802+0.0131766j -0.00481513+0.00171882j -0.0038303+0.00455273j -0.00529313-0.00422029j 0.0092594+0.013352j -0.00338767-0.0220715j 0.00286961-0.00359446j -0.00673731-0.00584152j 0.00171724+0.0148655j -0.00876421-0.00205019j -0.00741089+0.00747636j -0.00193216+0.00264566j 0.00392622-0.000423179j -0.00392035+0.00220398j 0.00347569-0.00547997j -0.00680138+0.00333957j -0.00351633-0.00337322j -0.00252339-0.0252919j -0.00838195+0.0166682j -0.00743485-0.000818872j -0.000777137-0.00891321j 0.000753981-0.020713j 0.00888709-0.0210983j 0.000891889-0.0352733j -0.0186796+0.0397006j 0.00278312+0.0255628j -0.0154796-0.0092241j -0.24646+0.161787j -0.0230847-0.431758j 0.0293793-0.0371021j 0.0250202+0.0810561j -0.00928174-0.0120274j -0.432554-0.0819492j 
0.00718256+0.00054762j 0.0198752-2.08167e-17j -0.0208838+0.0025411j 0.0286418+0.00460136j 0.00728307+0.0106841j 0.0338814-0.00140197j -0.0272931-0.00321749j 0.000835939+0.00270352j 0.0333776+0.00755409j 0.0077146-0.000418959j 0.0183705-0.00662622j 0.0242122-0.00365383j 0.00689735+0.00572985j 0.0193221-0.000191413j -0.0134001-0.00148351j -0.0315141-0.00424007j -0.0284434-0.000670999j -0.00669489+0.0022206j -0.0172026-0.0037779j -0.0668625+3.43412e-05j -0.00162435-0.0022992j -0.0164963+0.00689394j -0.0569103+0.00649855j -0.080948+4.74437e-05j 0.00837103+0.00454841j -0.00452725-0.00150355j 0.00343014-0.00412121j -0.00361503+0.00723634j 0.00895887-0.00821221j 0.011603-0.00253304j -0.0165866-0.00367356j -0.00793715-0.00394478j 0.0166962-0.00221544j -0.0101508+0.00485216j -0.0181774-0.00198603j -0.0197132-0.0024489j -0.0118487+0.0112333j -0.00485613-0.00394276j 0.006245-0.00249567j 0.00443794-0.00445606j -0.00650168-0.000838446j 0.00809539-0.00292956j 0.00013329+0.0153816j 0.00793069-0.0083073j 0.00735222+0.00754241j -0.0053396-0.00444995j -0.00924351-0.0165243j 0.0121512+0.0103598j -0.00646009-0.00157449j 0.0100579+0.00943638j 0.00741284-0.0124406j -0.00172025+0.0208653j 8.51928e-06+0.00164454j -0.00407725+0.014379j 0.00353332-0.00479426j 0.00292653+0.00260109j -0.00300739-0.00961197j 0.00247331-0.00732573j 0.00138197-0.0108524j 0.00307026+0.00516837j 0.0113728+0.0286629j -8.61307e-05-0.00996838j -0.00469018+0.0166272j 0.00365147+0.0108709j 0.00120813-0.00795243j -0.00402176+0.0244214j 0.002927-0.0081354j -0.000173039+0.0170426j -0.000307925-0.0157144j 0.00958107+0.00598207j 0.010087+0.0031895j -0.000728414+0.00755401j -0.00739928-0.00431543j -0.000632448+0.0129918j 0.00320402-0.00727925j -0.00136928+0.010478j 0.00182962-0.0138713j -0.000532561+0.0133872j -0.0060421-0.00700713j -0.00662336+0.00196391j 0.0076671+0.0027149j 0.0015836+0.0154695j -0.00696913-0.0037295j 0.00664469-0.026042j -0.00371273+0.0268511j 0.0114144-0.0227171j -0.00610603-0.0109597j -0.0237686+0.0174406j 0.00301973-0.0404722j -0.0210053-0.432425j 0.248811-0.167535j 0.0516334+0.0712622j -0.0220058-0.0226305j 0.428643+0.0811445j -0.00863788-0.0176531j 
-0.021705+0.0033714j -0.0208838-0.0025411j 0.0135799+6.93889e-17j -0.0185982-0.00413398j -0.0499407-0.00748445j -0.0506453+0.000624165j -0.0034686+0.00600286j -0.0410538-0.00570888j -0.0108245-0.00693454j 0.0204671-0.00190883j -0.011123+0.000242948j -0.0650324-0.000326854j -0.00440348-0.00355062j -0.0312279-0.00282305j -0.0207472+0.00441645j 0.0403139+0.00929529j 0.0201035+0.00445596j 0.0667678-0.00312783j -0.0303425+0.0101956j -0.141817+0.00793631j -0.111052+0.000209582j 0.0657225-0.00999077j -0.0150446+0.00615706j 0.110597+0.00336514j -0.0155549-0.00473649j 0.0200608+0.00276454j -0.0319212+0.0113306j -0.0531662+0.00544194j 0.0273031-0.00227131j -0.00490873+0.00342247j 0.021427+0.00409055j 0.0232303+0.00238078j 0.00888359-0.000256344j -0.0271996+0.00383645j 0.0147096+0.00854487j 0.0187389+0.00257866j -0.00572216-0.0159285j -0.00601656-0.000556436j 0.0163977-0.00141625j 0.00411475-0.00209875j 0.00433768-0.00316542j 0.00697544+0.00676823j -0.0198211-0.00526319j -0.00833407+0.00896077j -0.00385754+0.00680321j -0.0187911+0.0070123j -0.0125611+0.0153307j -0.018723+0.00725146j 0.002198-0.00598665j -0.00893268-0.0227334j 0.0164741-0.00502278j -0.0328145-0.00972525j -0.0144284+0.0114848j 0.00561346-0.000260926j 0.0189406+0.0158598j 0.0133464-0.00245084j 0.00736913+0.00033208j -0.0296048-0.0126379j 9.91903e-05+0.00283801j -0.0132911+0.00540884j 0.00900586-0.00470016j -0.00381553-0.00228374j -0.0322943-0.00554339j -0.00526848+0.000775107j 0.0142772-0.00506298j -0.0172203+0.00224311j -0.00273258-0.00812438j -0.0226911+0.0261229j 0.0031778+0.0118468j -0.00124559+0.00377748j -0.00430672+0.00290238j 0.00743675-0.00480122j 0.0258109-0.00992733j 0.0101325-0.0360632j -0.0114078+0.00528188j -0.0141021+0.0128166j -0.0172923+0.00582425j -0.0118097-0.0453093j -0.0130048+0.0280419j -0.0201496-0.0053599j 0.0200972+0.0152603j 0.00389308+0.0177655j -0.00173348+0.0753658j -0.0388531+0.186609j -0.169693-0.046133j -0.145141+0.308077j 0.0197858-0.139504j 0.00483141+0.0485826j 0.0353414+0.0890708j 0.00511451-0.0158434j -0.057433-0.0638419j -0.00728716+0.02035j -0.366264-0.143175j 0.0251093+0.0139482j 0.0193165+0.0581558j 
-0.0248918-0.00131561j 0.0286418-0.00460136j -0.0185982+0.00413398j 0.046539-2.63678e-16j -0.0859738+0.000410641j 0.0394549+0.00711932j -0.0670765-0.00583271j 0.00750102+1.59362e-05j 0.00193309-0.00944984j -0.00775714-0.00570624j 0.0154605+0.00457176j -0.0721082-0.00343629j -0.00238656-0.0101769j 0.00302812-0.00161566j 0.0368018-0.00332076j -0.0517878+0.00932107j 0.00879911+0.00224036j 0.015746-0.00746305j -0.0770902-0.00317858j -0.113562-0.00757419j 0.162548-0.0191155j 0.0680835+0.00131987j -0.182849+0.00358355j -0.045784+0.0102063j -0.00886446-0.0056782j -0.00175998-0.00698463j 0.00253546+0.00487382j -0.0186835+0.000511054j 0.0285194+0.0131196j -0.00852528+0.00528473j 0.00143383-0.000743036j -2.70316e-05+0.00437966j -0.00580067+0.0140044j 0.00397453-0.00931579j 0.0374941-0.0180767j -0.0261677-2.75306e-05j -0.0103963-0.00327525j 0.00451285-0.00380352j -0.0170815+0.0081364j -0.00913777-0.000664996j 0.0120207+0.0115051j -0.00497073+0.0109628j 0.0153729-0.015436j 0.0164695+0.0197072j -0.0138257-0.00607905j -0.00127576-0.0040529j -0.0165412-0.00728031j 0.0117237+0.00602513j -0.00173248+0.019771j 0.0219407-0.00940858j 0.00925624+0.00428225j -0.0119467-0.0123131j -0.000645572-0.0130854j 0.0044201-0.0249067j 0.0199837+0.0200808j 0.0197642-0.00738908j -0.0017006-0.00028633j -0.0276072-0.000127318j -0.0107406+0.0111064j 0.00900581-0.00736784j 0.0412695-0.0120375j -0.0103302-0.00411786j -0.00894587-0.00812846j 0.0108774-0.011778j -0.0028289+0.00372924j 0.00324153-0.0128982j -0.0129664+0.0160918j -0.00953913+0.00694364j -0.00439664+0.00633501j 0.00390404+0.000395347j 0.0163851+0.0155822j 0.00287471-0.00818897j 0.00229059-0.00504685j 0.00184536-0.0256132j -0.0260232-0.000135j -0.00681522+0.000299749j -0.0124765-0.0116498j 0.0263318-0.0630703j -0.0179576+0.00275551j 0.0170245-0.00604434j 0.0226395+0.0524295j -0.0121972+0.0463794j 0.0240999+0.0821116j -0.0735691+0.0384925j 0.125275-0.348523j -0.173086-0.108681j 0.0357903+0.0106907j -0.0206401-0.0429952j -0.017538-0.0191549j -0.0761549-0.00980532j 0.0779636+0.0359607j -0.31173-0.0887959j 0.0190552-0.0416639j -0.0833771-0.0424629j 0.0239606-0.0588921j 
-0.0386876+0.000639176j 0.00728307-0.0106841j -0.0499407+0.00748445j -0.0859738-0.000410641j -0.0856045+1.31839e-15j 0.0381017+0.000185423j 0.0194283+0.00352718j 0.0256376-0.00769119j -0.114693-0.000588292j -0.00089255+0.00150441j 0.105378+0.00198918j 0.0505284+0.00447159j -0.0894283-0.00209785j 0.0166195+0.00120417j 0.0285673-0.00454564j 0.0446761+0.00147869j -0.0446649-0.00194108j -0.189228-0.000104029j -0.136578+0.0105704j -0.108893-0.0027658j -0.230793+0.00992996j -0.236311+0.00581604j -0.171376+0.00927685j 0.0882808+0.0148918j -0.230046+0.00307908j -0.020421+0.00172316j -0.0783466+0.00406707j 0.0135289+0.00470146j 0.0464879+0.00125899j 0.0486389-0.0109662j 0.0418901+0.0107984j 0.042791-0.00280314j -0.0580182-0.0125782j 0.0139253+0.00877868j -0.113458+0.00559975j 0.014+0.00900019j -0.0294313-0.0100006j -0.0526731+0.0131657j 0.0107526-0.00882737j 0.0020601+0.00345317j -0.0184492-0.00111272j -0.0270859-0.00401974j 0.00764691-0.00917197j 0.000886835+0.00251987j 0.107838+0.00108883j -0.00197178-0.0188901j -0.000976967+0.0133637j 0.0354579+0.0034681j -0.0267538+0.00937957j -0.00103409-0.0196329j -0.0220273-0.00821147j -0.0559567+0.00570991j 0.061613+0.0103942j -0.0113721+0.00192224j -0.0398817-0.00969552j 0.0167279-0.0155419j 0.00384208+0.00879106j -0.00545037+0.00031873j -0.0206982-0.00735495j -0.0116206-0.00736054j 0.0321819-0.0297365j -0.023768+0.0102848j 0.0151125+0.0121653j 0.000256713-0.0155333j -0.0262211-0.00752279j 0.0171039-0.000543969j 0.0434828+0.000824123j 0.0167957+0.0120453j -0.0342039+0.0127284j -0.000449484-0.0191155j 0.0148685-0.0152958j -0.0310068-0.00855117j -0.0273891-0.00855669j 0.0227803-0.0122285j -0.0016841+0.0200917j -0.00439018+0.010302j -0.0353679+0.029346j -0.0465133+0.0047709j -0.0609539+0.00784934j -0.0633961-0.0281307j 0.012944-0.077149j 0.014468-0.0400154j 0.00323382-0.0609832j -0.0116323-0.034792j -0.00647264-0.0113678j 0.0121878+0.00850522j -0.0530786-0.0236174j 0.0424765+0.0078903j -0.115087-0.0446078j -0.170136-0.0532974j 0.00306409+0.0923109j 0.0249247+0.0556932j 0.0296044+0.0169856j -0.0176346-0.29386j 0.266703-0.0841923j 
0.0159761-0.0101575j 0.0338814+0.00140197j -0.0506453-0.000624165j 0.0394549-0.00711932j 0.0381017-0.000185423j 0.065146-7.35523e-16j -0.050922-0.00400816j -0.0288605+0.00189737j 0.106057-0.00130869j 0.054743-0.00446137j 0.0390341+0.00122154j 0.0791019+0.00301119j 0.040168-0.000503119j 0.0836205+0.00153073j -0.10088+0.0022547j -0.111111-0.000230967j -0.185735+0.00136189j -0.0163379-3.82389e-05j -0.0662559+0.00370095j -0.314375+0.0125772j -0.0101318-0.000982148j 0.0582532+0.00590934j -0.122328-0.0139738j -0.255131+0.00919723j 0.106576-0.00926409j -0.0011073-0.00346667j 0.0650904-0.00742788j -0.0599408+0.00729374j 0.0720512+0.00615088j 0.0312751+0.00127641j -0.0447396-0.00234085j -0.0089448-0.00696348j 0.0620559+0.000217558j -0.056531+0.00602709j -0.0646787-0.0118806j -0.0752689+0.00915022j -0.0705278-0.00814652j -0.0223061+0.0103878j 0.0039679+0.0137502j 0.0166435+0.00885069j -0.0332278-0.00081823j 0.0438202+0.00865232j -0.0247409-0.00215481j 0.0686754+0.00601388j 0.0155783+0.00808227j -0.0473932-9.84327e-05j 0.00560354+0.00111408j 0.0470185-0.00347496j -0.0539463-0.000257926j -0.0244571+0.0124422j 0.0350921+0.00243178j -0.0192433-0.0190102j 0.0340684+0.00199837j 0.00645455-0.00476365j 0.00989865-0.00995247j -0.00326941+0.0174714j -0.00941497+0.0143426j 0.0191348-0.00394849j -0.0139607+0.00707866j -0.0223172+0.00412355j 0.0176042+0.00143895j 0.0283448-0.00663326j -0.0548884-0.0105304j 0.0109878-0.000491995j 0.00459409-0.00268751j -0.0250002-0.0147324j -0.0102122+0.0160282j 0.0111203-0.0216597j 0.0209634+0.00311042j 0.0616191-0.0119006j 0.0126597-0.00486052j 0.00147117-0.0154803j -0.0407194+0.0191818j 0.00631323+0.0123692j 0.00555441+0.00676956j -0.0137876-0.0197317j 0.018888-0.0119435j 0.0187762+0.00142852j -0.0435413-0.02957j 0.0247922-0.0411318j 0.0365638-0.013414j 0.0475464-0.0158161j 0.00860755-0.0583632j 0.0454623+0.0158497j -0.0138557+0.0908743j 0.0156161+0.0383851j -0.0468721-0.0211813j -0.0777806-0.0265624j -0.0176659+0.0328874j 0.0270238+0.102278j 0.177433+0.0472631j 0.11827+0.0297271j -0.023735-0.0600243j -0.269565+0.110576j -0.0317086-0.30375j 
-0.0102821+0.00806477j -0.0272931+0.00321749j -0.0034686-0.00600286j -0.0670765+0.00583271j 0.0194283-0.00352718j -0.050922+0.00400816j 0.17979-2.53964e-15j -0.051891-0.00803313j 0.0371627+0.00831256j 0.0658559+0.00663258j -0.0388605-0.000157927j 0.00590352+0.00889579j 0.137187+0.00398137j 0.0150882+0.00236565j -0.0225102-0.0121896j 0.0408682-0.00590982j -0.142007-0.00716105j -0.310822+0.00784743j -0.172999+0.0124033j 0.0272588-0.0168171j 0.120845+0.0057367j 0.192674+0.00198749j 0.0599443-0.00453119j 0.0872436-0.0173469j 0.0926468+0.0113111j 0.0484467+0.00289949j 0.100262+0.00383269j -0.00690231+0.00249517j 0.040501-0.00650497j 0.0568686-0.0020382j -0.0207487+0.000545049j 0.0171507-0.00276258j 0.0211561-0.0108959j -0.000896514-0.00151484j -0.0259194+0.00882318j 0.0548625+0.00010078j -0.0152199-0.0115986j -0.00655813+0.0160674j 0.0375296+0.00190795j 0.0153549+0.0114821j -0.0328171-0.000536294j 0.0501207-0.00951462j 0.00166002+0.00127027j -0.0151383-0.00341993j -0.00572679+0.00349977j 0.0443781-0.0135057j 0.0262145+0.00444542j -0.0533754+0.00129485j -0.00576204-0.0126605j -0.0392863-0.00573743j -0.0174813-0.0157144j 0.017278+0.00360446j -0.0224698+0.00503166j -0.00694711+0.00843379j -0.00808069+0.00276871j 0.0115734+0.00341231j -0.0187336-0.0113804j 0.0128197-0.014197j 0.0308786-0.00336493j -0.0137962+0.00492488j -0.0115409+0.0150373j 0.053649+0.000877511j -0.00593243+0.0128199j 0.0115953+0.00405649j 0.0362586-0.00579338j -0.018894+0.000355456j 0.0313706-0.000485314j -0.0343507+0.00566725j 0.0148951+0.0254717j 0.0234846-0.0218127j 0.0133036+0.0222355j -0.0159182-0.0333595j -0.011722-0.0594221j -0.00397967-0.0322188j 0.0149392+0.0396501j 0.0178466+0.0167881j -0.0218407+0.055041j -0.037561+0.0346287j -0.0780543+0.0169834j -0.0482608-0.104231j 0.0861917-0.141491j 0.0481747-0.110384j 0.0481776-0.134345j 0.0147897-0.0413566j 0.000167358-0.106555j 0.0246485+0.0436121j -0.0268283+0.00689154j 0.0679986+0.0691383j -0.223921-0.0834895j 0.116502+0.0117521j -0.0258764-0.0110505j -0.059671-0.0346199j 0.00500289+0.0200287j 0.0491647+0.113996j -0.0937284+0.105951j 
0.011242+0.000706636j 0.000835939-0.00270352j -0.0410538+0.00570888j 0.00750102-1.59362e-05j 0.0256376+0.00769119j -0.0288605-0.00189737j -0.051891+0.00803313j -0.146623+1.18655e-15j 0.00266844+0.00630956j 0.0299967-0.00237668j 0.0178653-0.00728149j 0.0617534+0.00302803j -0.16559+0.0123603j 0.124357-0.00240845j -0.182874+0.00471214j 0.37384-0.00181733j -0.150558-0.000906462j 0.309575+0.00409253j -0.123685+0.0110843j 0.0771186+0.00754681j -0.02259-0.0090493j 0.0732339+0.00300945j 0.0753437+0.00716342j -0.000127895-3.59731e-05j -0.0449684+0.0010191j -0.00204968+0.00078562j -0.0730938-0.00792545j 0.0170116-0.00345489j -0.0639499-0.00104236j -0.00458785-0.00673769j 0.0724282-0.00927853j -0.0253027+0.00248851j -0.00129399-0.00605287j -0.004942+0.00549801j -0.0725006+0.000532103j -0.0766042+0.00756424j 0.0468681+0.0039j -0.0506758+0.00236728j -0.0414551+0.0133214j -0.0416272+0.00543965j 0.0365071+0.00145628j -0.0195146+0.0160313j 0.00919913+0.0116433j -0.0332581-0.00793857j 0.0285561+0.0113856j 0.0435375-0.00811942j -0.0331252+0.000155271j -0.0445605-9.52492e-05j 0.0051478-0.0126129j -0.012094-0.00199597j 0.0107126-0.00886238j -0.0451787+0.00793201j -0.0352057+0.00568732j 0.0215071+0.014198j 0.0161561-0.00259209j -0.0188969+0.0129826j 0.0189189+0.00693158j -0.0261736+0.0140965j 0.00998622-0.00697649j 0.00917464+0.00607382j 0.0317517+0.000339984j -0.0174736-0.0071179j 0.00336452-0.0136342j -0.0378896+0.00625703j -0.00608479-0.0131397j -0.0169342-0.00502916j -0.00377177-0.0213951j 0.0132423-0.0184763j 0.0369889-0.00242763j -0.00156449-0.0149049j -0.0204393-0.0283771j 0.0128217-0.0101722j -0.0141763-0.00061392j -0.0155479+0.0636179j 0.000789349-0.000809445j 0.0611702+0.0146388j 0.0320193-0.060463j 0.00568551+0.0977635j 0.0486001-0.0995733j 0.106959-0.0840644j 0.0331343+0.0546569j 0.0342132+0.065051j 0.0580254-0.152261j 0.0370719+0.0735516j -0.0114204-0.0600561j 0.0276944+0.000242292j 0.006091-0.0516101j -0.151051-0.101711j -0.122046-0.0640801j -0.0236781-0.0101515j -0.0309345+0.00135905j -0.0504494-0.000600687j 0.0276829+0.0588764j 0.0317619-0.0464216j 0.0260169+0.0173319j 
-0.0417835-0.00151995j 0.0333776-0.00755409j -0.0108245+0.00693454j 0.00193309+0.00944984j -0.114693+0.000588292j 0.106057+0.00130869j 0.0371627-0.00831256j 0.00266844-0.00630956j -0.0895889-7.35696e-15j 0.012797-0.00309902j 0.0154996+0.00331551j -0.0935376-0.00593206j -0.0548379-0.0021209j 0.121516-0.00282406j 0.167012-0.000349468j -0.0447448+0.00220309j -0.376936+0.0073177j -0.026421-0.0100911j 0.00971109+0.00663976j 0.342699+0.0161273j 0.34187+0.00827846j 0.115271+0.00842348j -0.159795+0.01685j -0.110226+0.0190865j -0.0525672+0.000404869j -0.0104879-0.00558993j 0.0729003+0.0176424j 0.0153072+0.0169056j 0.0270915+0.00276294j 0.0361033+0.00283458j 0.0436933-0.00283946j 0.00688406+0.00275658j -0.0468802+0.00757443j 0.0477627-0.00296853j 0.0600687-0.000379422j 0.0240748+0.00313716j -0.00748513-0.013592j -0.0521563+0.00946774j 0.00962543-0.00969552j -0.0393603-0.00127504j 0.0328057-0.00495891j 0.0273964-0.00350154j 0.00251382+0.0120422j 0.0250385+0.0123321j -0.0329621-0.000119627j 0.0764422+0.00833943j 0.0124362+0.00437467j -0.0161852+0.00648201j -0.000728903+0.007972j 0.00110263+0.0053627j 0.0166869+0.0037362j 0.0109944-0.00730409j 0.0125123+0.00018141j -0.019901-0.0153287j -0.0289166+0.00593486j -0.00140436-0.00645259j 0.000841106+0.0139915j 0.0371889-0.00742471j 0.00729382+0.0140192j 0.0113818-0.0199827j 0.0156929-0.0205933j -0.0121603+0.00599583j 0.0231827-0.0143745j -0.00201879-0.0030528j -0.0321856-0.00525474j 0.0109911-0.0166929j 0.0297865+0.0129664j -0.0258342+0.0396171j -0.00030026+0.00678505j 0.0212234+0.0199746j -0.0266465+0.0164581j -0.0186813-0.0275326j 0.0345269-0.0256984j 0.0443694-0.0446426j -0.036082-0.0157545j 0.0022467+0.0276697j -0.0393198-0.0316035j 0.0620814-0.102635j -0.0692315-0.0497526j 0.0482679-0.0961411j 0.0351158+0.0703504j 0.0226327-0.00793378j 0.0220204+0.0234564j -0.044756+0.0199549j 0.00559514+0.135531j -0.0441259+0.0380174j -0.114697-0.0478263j -0.0393805+0.021856j 0.0718341-0.0154851j -0.0434556-0.0161533j -0.0620979-0.0168562j 0.134363-0.0574042j -0.0993428-0.0756478j 0.0262694-0.0900569j 0.0470472+0.0170833j 
-0.000288466+0.00235475j 0.0077146+0.000418959j 0.0204671+0.00190883j -0.00775714+0.00570624j -0.00089255-0.00150441j 0.054743+0.00446137j 0.0658559-0.00663258j 0.0299967+0.00237668j 0.012797+0.00309902j 0.0667134-2.13669e-16j -0.0997276+0.00398859j -0.0158512-0.0026443j 0.0902528+0.000418457j 0.0254044-0.00182809j -0.00384555+0.00193916j -0.162074-0.00631573j -0.374562+0.00404622j 0.157868-0.00480481j 0.390774-0.00313833j 0.0683096+0.00471097j -0.57863+0.0049564j -0.00152934+0.0016463j 0.141081+0.00105157j -0.00796512-0.00330818j -0.0237461+0.00406963j -0.0339309-0.00338688j 0.0142103+0.00718348j -0.0574717-0.000333025j 0.0461817+0.00451945j 0.0107389+0.0043092j 0.0124533-0.00172931j 0.0141845-0.000632934j 0.0451308+0.0114487j -0.0541617-0.0056568j 0.0195654-0.00562956j 0.0800799-0.00641583j 0.00351074+0.00769623j -0.00929197-8.8528e-05j -0.0236329+0.00613634j -0.0102878-0.00120991j -0.026838+0.00652386j -0.00807925+0.0022023j -0.0256665-0.0136873j 0.0323714+0.00929511j -0.0125955-0.0151502j -0.0154513-0.0122304j -0.000420793-0.00547118j -0.0193172+0.0209201j -0.0132296+0.0138274j -0.00948654+0.000839191j -0.0368284-0.00461702j 0.0487751+0.016423j -0.0286156-0.00386074j 0.00922208-0.0227325j 0.0115497+0.00180484j 0.0242693-0.0124954j -0.0137614-0.00965556j 0.017975+0.0106143j 0.0143057+0.00992143j 0.020583-0.0073939j 0.0229494-0.00803437j 0.00762411-0.0114626j 0.00934513+0.00763025j 0.015022+0.00523123j -0.00552951-0.00960762j 0.0145353+0.00205812j 0.00264875+0.0108227j -0.00682211+0.0215328j 0.0183747+0.0043049j 0.0535976+0.00898102j 0.00332528-0.00113347j 0.0213571-0.0227013j 0.0216125+0.00546501j 0.0313097-0.037019j -0.0188094-0.0212892j -0.019764-0.0140339j -0.00592278-0.0151312j 0.0541243-0.0575523j -0.00919294+0.00168567j -0.0102036-0.0687977j -0.00152852+0.0060251j 0.00942946+0.00608642j -0.0218785-0.0526394j 0.00912755-0.00782276j 0.00316605-0.104164j -0.0110141-0.0829286j -0.05956-0.069457j -0.00691432+0.0463893j -0.0438637+0.0619268j 0.00730356+0.00560743j -0.013627+0.00268645j -0.162333+0.0169892j 0.0514598+0.0563268j 0.0131935+0.00783909j -0.0228757+0.0522924j 
0.0318379-0.00599144j 0.0183705+0.00662622j -0.011123-0.000242948j 0.0154605-0.00457176j 0.105378-0.00198918j 0.0390341-0.00122154j -0.0388605+0.000157927j 0.0178653+0.00728149j 0.0154996-0.00331551j -0.0997276-0.00398859j -0.0885922-7.9626e-15j 0.125392+0.00285493j 0.0995818+0.00114245j 0.535515-0.00134734j 0.406406+0.000680817j 0.0344931-0.00046993j 0.151372-0.00152802j -0.121106+0.00101105j 0.0520706-0.00426501j 0.190212+0.0099464j -0.105274-0.00984902j -0.236651-0.00231944j 0.131845-0.0106701j -0.159968+0.000962574j 0.0109305-0.0119806j 0.0152017-0.00171819j 0.113477-0.0142749j 0.0785434+0.00196086j -0.011386-0.000174315j 0.0486226-0.00116134j 0.0223699-0.000561168j -0.0674268+0.0058691j 0.0489083+0.00516493j 0.0702271+0.00123453j -0.0233507-0.00530004j -0.0568432+0.00400034j -0.0133549+0.00749076j 0.024209-0.00523136j -0.0680826-0.00600077j 0.0190808+0.00431865j -0.0250086+0.0101569j -0.0368815+0.0112108j 0.0067066+0.00193164j 0.0506437+0.00226095j -0.012481-0.00548333j 0.0414866-0.00374956j 0.0338027+0.0080649j 0.00774704+0.00685888j -0.0113102+0.00702256j -0.00430427-0.012563j -0.0153089-0.00615525j -0.00167427+0.00949676j 0.0345367+0.00118596j 0.0110741-0.00341742j -0.0246828+0.0262856j -0.0200868+0.00740578j 0.0195497+0.00887931j 0.0482301-0.0140782j 0.00823617-0.00141891j 0.0332964-0.00717599j 0.043897+0.00446078j 0.0373974+0.016782j 0.0342143-0.00722365j -0.0194552+0.00117703j -0.0295165-0.0135823j -0.0232798-0.0131075j 0.0247485-0.000955649j -0.0275936+0.0170436j -0.0278691+0.00460775j -0.0387314+0.0161744j -0.0136391-0.00313695j -0.00656449+0.0449989j 0.0399174-0.0241612j 0.0161181-0.0085692j 0.0305132+0.0323217j 0.00160348+0.0214355j 0.0342548+0.0094095j -0.00954286+0.0682265j 0.0249343-0.0227479j 0.00991985+0.00949914j 0.000199635+0.0527497j -0.022917-0.0197045j 0.0131083-0.000228165j -0.0273157+0.0368351j 0.00670554-0.0695618j 0.0411227+0.0926691j 0.0368019-0.0100402j -0.0331039+0.010163j -0.0297923+0.0320678j 0.0131546-0.0173659j 0.0482825+0.0235019j -0.0706788-0.088549j -0.146459+0.0488081j -0.0435843+0.0501763j -0.00875945-0.0616935j 
0.00956779-0.00509861j 0.0242122+0.00365383j -0.0650324+0.000326854j -0.0721082+0.00343629j 0.0505284-0.00447159j 0.0791019-0.00301119j 0.00590352-0.00889579j 0.0617534-0.00302803j -0.0935376+0.00593206j -0.0158512+0.0026443j 0.125392-0.00285493j 0.334459+3.62349e-14j -0.151018+0.000219021j -0.172413+0.00290096j -0.322255-0.00566146j -0.391837-0.00298261j 0.0439407-0.00394952j 0.0532955+0.00279858j 0.203363+0.00268892j 0.309165-0.00252706j 0.188213-0.00417102j -0.104803+0.00367768j 0.124428-0.0102287j -0.143171+0.00389064j 0.00400258-0.00179693j -0.125721+2.58686e-06j 0.0364686+0.00151506j 0.0333408+0.0115333j -0.0133401+0.00292058j -0.0112774-0.002075j -0.079918-0.000946083j 0.0465254-0.00768078j -0.06178-0.0100292j -0.028201+0.00864132j -0.0585217+0.00104197j -0.0750062+0.00645539j 0.00912001-0.00108638j -0.0137399+0.0159132j 0.0595955-0.00224954j 0.0338724-0.002908j 0.0257658-0.00167853j -0.0232268-0.00747001j -0.000996001-0.00104109j 0.083805+0.000410554j 0.0203058-0.00218785j 0.0947929-0.00124455j 0.0574361+0.00821707j -0.0359825+0.00429429j -0.0338341+0.00633376j 0.0214602-0.00556088j 0.00163321-0.0171934j -0.0431205+0.00136984j 0.0409212-0.000199284j 0.000659275+0.000625812j -0.0121976+0.0016751j 0.0297014-0.00133107j -0.0109854-0.00753888j 0.0600482-0.00509363j 0.00982139-0.0158592j 0.041277+0.0195682j -0.0340166+0.0233617j -0.0251799-0.00800965j 0.022836+0.0062767j 0.0313375+0.00248024j -0.0128561-0.00687995j 0.00677713+0.00946491j -0.00698807+7.02124e-05j -0.012012-0.0181393j -0.0176493+0.00711315j 0.00900771-0.0286788j 0.0129387+0.0189907j -0.00312094-0.0316962j -0.0178333+0.00244608j 0.0279689+0.0173404j 0.00986817-0.0163294j 0.00188104-0.0253355j 0.0142398+0.00202054j -0.00214598+0.0107681j -0.0100866+0.0270831j 0.0170282+0.0125935j -0.00587446-0.0789727j -0.0027683+0.0395526j -0.00946849-0.0223646j 0.0307834+0.0356213j 0.0224268-0.0595969j 0.0298526+0.104118j 0.0329198-0.0247876j 0.0150324+0.019745j -0.0805521+0.0255374j -0.0269218-0.0305885j 0.00905518+0.0191747j -0.0579485-0.120695j -0.169392+0.0525791j -0.0155838-0.0251324j 0.024175-0.0295727j 
-0.0338718+0.00315269j 0.00689735-0.00572985j -0.00440348+0.00355062j -0.00238656+0.0101769j -0.0894283+0.00209785j 0.040168+0.000503119j 0.137187-0.00398137j -0.16559-0.0123603j -0.0548379+0.0021209j 0.0902528-0.000418457j 0.0995818-0.00114245j -0.151018-0.000219021j 0.0278548+1.69621e-14j 0.481177+0.00113075j -0.302278-0.00571548j -0.333459+0.00466819j 0.463449-0.00142831j 0.150753-0.003936j -0.0415067+0.00945896j 0.0416583-0.000244648j -0.0916671+0.00456628j 0.142392+0.0104002j -0.0695922+0.013196j 0.0494502+0.00344744j 0.022716+0.00354686j 0.0467242-0.00402452j 0.0385799+0.00616818j -0.067688+0.0105029j 0.0589114-0.00645442j 0.0350209-0.00192976j 0.111315-0.00939368j 0.0855381+0.00442152j 0.00806667-0.00213082j 0.00211814-0.00474209j 0.038049+0.00509888j 0.00957972-2.99847e-05j -0.00804769-0.0120335j -0.00686044+0.00540169j 0.0533757+0.00116887j 0.0535297+0.0141724j -0.00881269+0.0018177j 0.0117734-0.0007766j -0.0115665+0.0144352j -0.00816339+0.00172408j 0.00679054+0.00674146j -0.00704411-0.00355329j -0.0379125-0.00130907j -0.0346696+0.00569804j 0.029971-0.00765323j -0.0417825-0.00237077j -0.0291976+0.00429236j 0.0260229-0.000125612j -0.0200256+0.000498831j -0.00730352-5.64503e-05j -0.0256757-0.000360424j -0.00176566-0.000277529j -0.0329135+0.0109191j 0.00993263+0.0156738j 0.0300875+0.00781865j -0.012546-0.00788737j 0.0346797-0.0125808j 0.01103-0.00672307j -0.0283042-0.0168543j -0.0175107-0.0124877j -0.0282967-0.0290342j -0.0374357-0.0028162j -0.0509283+0.0436843j 0.0164394-0.00282535j -0.0352642+0.0110668j 0.0330916-0.0301412j 0.0253695+0.0315708j 0.0268644+0.0167567j 0.00746073-0.0457076j 0.00719267-0.0103243j -0.0036839+0.0340312j 0.00911197+0.0115435j -0.0125216-0.054104j -0.0129928-0.0126974j -0.0274031-0.0512369j 0.0219248-0.0383794j 0.0306501-0.0277512j 0.0198393-0.0297537j 0.0200379-0.000119112j -0.011348-0.0401091j -0.0158517+0.0239584j -0.0194842-0.0248016j -0.051726-0.00382034j -0.0165717-0.011345j -0.024489-0.0233304j -0.0160709+0.0103772j -0.0369613-0.0167917j 0.039398+0.045105j 0.072356-0.0317897j 0.0251572-0.0462099j 0.00945424+0.0381012j 
0.00416443-0.00308115j 0.0193221+0.000191413j -0.0312279+0.00282305j 0.00302812+0.00161566j 0.0166195-0.00120417j 0.0836205-0.00153073j 0.0150882-0.00236565j 0.124357+0.00240845j 0.121516+0.00282406j 0.0254044+0.00182809j 0.535515+0.00134734j -0.172413-0.00290096j 0.481177-0.00113075j -0.00492124-1.86483e-15j -0.150512-0.00445717j 0.351189-0.00126896j 0.0217877+0.00311174j -0.0391999+0.000748297j 0.234305-0.00391901j 0.183595+0.00440494j -0.00350114-0.00128219j -0.0569181+0.0036258j -0.072835+0.000955035j 0.0127394+0.00818122j 0.149432-0.00321984j 0.0654974-0.0166064j -0.0158922-0.00221331j 0.0365178-4.94961e-05j 0.0492112-0.00597422j -0.074948+0.00669575j 0.0331485-0.00316205j 0.0453973-0.00448038j 0.0176354-0.00450318j -0.0457505+0.00556914j -0.0282475-0.00120688j -0.0457087+0.00187121j 0.0853932-0.00300567j -0.052447+0.00398703j 0.0232445-0.00346817j -0.0273799-0.00105534j 0.0226362+0.00148053j -0.00909347+0.00266778j 0.056838-0.00549895j 0.0397889-0.0042685j -0.0108645-0.0111519j 0.0194663+0.00396443j 0.019566-0.00549925j 0.0091173+0.0208596j -0.0290909-0.00717869j 0.0342783-0.00618477j -0.0255686+0.0073788j 0.00740482-0.0171584j 0.0223207-0.0108039j -0.0479414+0.0159967j -0.0341775-0.0145173j 0.0630058+0.0166454j -0.0664931+0.006586j -0.0355838+0.0068806j 0.00685447+0.00228118j -0.0151691-0.0174034j -0.0297929+0.0084419j 0.0471943-0.00993065j -0.00435094+0.0277186j -0.0530678-0.0156288j 0.00459273+0.00943429j 0.0243202+0.0267995j -0.0166249+0.00251787j -0.00100641-0.0268505j 0.00846271-0.00929974j 0.0204829+0.0174073j -0.0286236+0.0306984j 0.0134596+0.030474j -0.00588224-0.0363453j -0.00531299+0.00430214j 0.0164079+0.00717175j 0.0119721-0.0494568j 0.00355576+0.0116253j 0.000655844-0.0245012j -0.001344-0.0140867j 0.00706314+0.029409j 0.0026697-0.0159918j -0.0114513-0.0212354j -0.0230384+0.00660963j 0.00848025+0.0414237j 0.00827073-0.00885852j -0.00362851+0.00792349j 0.00648746-0.00321733j 0.0117876+0.0230876j 0.00582709+0.0126677j -0.0391479-0.0144033j 0.0327038+0.00500244j -0.00676263-0.0222736j -0.0442809+0.00807462j -0.0215812-0.030406j 0.0205305-0.0553721j 
0.00181064+0.00111975j -0.0134001+0.00148351j -0.0207472-0.00441645j 0.0368018+0.00332076j 0.0285673+0.00454564j -0.10088-0.0022547j -0.0225102+0.0121896j -0.182874-0.00471214j 0.167012+0.000349468j -0.00384555-0.00193916j 0.406406-0.000680817j -0.322255+0.00566146j -0.302278+0.00571548j -0.150512+0.00445717j 0.438356-1.19522e-15j -0.311524+0.00107195j -0.00358766+0.000648956j 0.13621+0.00314158j 0.111612+0.00918976j 0.0983624-0.00840119j -0.085015+0.00246214j -0.0191791+0.00364218j -0.0957342+0.00201172j 0.0234932-0.00845252j 0.120576-0.00906197j 0.085775-0.0053318j -0.11437-0.0140444j -0.0268402-0.00320995j -0.0751411-0.0043881j -0.0517032-0.00576979j -0.0618702-0.0132543j -0.0192563-0.000723038j -0.0899861-0.00953433j 0.0407471+0.00226313j 0.00504471+0.00634738j -0.0218977+0.00536343j -0.0945191-0.00761649j -0.0347828-0.0091468j -0.0155161+0.00879219j -0.0295409-0.00965331j -0.0199574+0.00713031j -0.0353351+0.00825193j 0.0318462+0.00447381j -0.00340839-0.00159341j -0.0292845+0.0100614j -0.00961366+0.000689796j -0.00184587-0.00516144j 0.000902909-0.00496629j 0.0416205-0.0135592j -0.0236836-0.003245j 0.001783-0.0174606j -0.00205898+0.00100058j -0.015855+0.00576409j -0.0134922+0.0346437j 0.00471608-0.00503495j -0.0160374+0.0169462j 0.0267073-0.000897908j -0.0644419-0.000727278j -0.0108024-0.0179402j -0.0393713+0.00902811j -0.0266536+0.00303758j -0.0395416+0.0156809j -0.0397631-0.00850594j -0.0164694-0.00365511j 0.0240061-0.0039494j -0.0195207-0.00724979j 0.0136758-0.0159661j 0.00636074-0.0256202j -0.00852877+0.0213274j -0.00722814-0.00113211j 0.0212349+0.0115133j -0.00389838+0.00281164j -0.0120704-0.0159377j -0.0139671+0.0127538j 0.0210767-0.00160773j 0.0214664+0.00313451j 0.012515+0.0411048j -0.0501148+0.0112354j 0.0118238-0.0128505j 0.0107613-0.000481302j 0.0317906-0.0249169j 0.00146337+0.0113788j 0.0390228-0.0970337j 0.00946095-0.0428871j -0.0261248-0.0224846j 0.0142978+0.0503382j 0.0163197+0.0167578j -0.0144355-0.0315368j -0.111013-0.0465314j 0.0355498+0.00536333j 0.0260544+0.00508986j 0.0261975+0.0151988j 0.0187662-0.000105847j -0.008226+0.0435895j -0.0147218-0.0216035j 
0.0159604+0.000454508j -0.0315141+0.00424007j 0.0403139-0.00929529j -0.0517878-0.00932107j 0.0446761-0.00147869j -0.111111+0.000230967j 0.0408682+0.00590982j 0.37384+0.00181733j -0.0447448-0.00220309j -0.162074+0.00631573j 0.0344931+0.00046993j -0.391837+0.00298261j -0.333459-0.00466819j 0.351189+0.00126896j -0.311524-0.00107195j -0.00355524-1.56867e-14j -0.256795-0.00293227j -0.0112316+0.00892616j 0.129112-0.00289301j -0.16801-0.0132818j 0.156105+0.000842963j -0.138557-0.0120878j 0.0255883-0.0176514j -0.0741689-0.00293266j -0.0242751+0.0144227j 0.125683+0.000167087j -0.093746+0.00550505j 0.00534079-0.00328842j -0.105663-0.00242454j -0.00832761+0.00533147j 0.0557655+0.0102196j -0.0713498-0.00485862j 0.0406566-0.00311843j 0.0357942-0.00221815j -0.00490499+0.00384344j 0.0419164+0.00553811j 0.0135115-7.14045e-05j -0.0108771-0.00472577j 0.0221521-0.00874799j -0.00158332+0.00554034j 0.00521604-0.0105626j 0.0336328-0.0119148j -0.0151011-0.00970987j 0.0427968-0.00288777j -0.0451923-0.0106428j -0.0202163+0.0190665j 0.0614987-0.00623774j 0.0302761+0.0047479j -0.0309547+0.00687931j 0.0279792-0.024331j -0.0183799+0.00562355j -0.0154163-0.00709844j 0.0246181-0.00201986j -0.0737291-0.00218526j -0.0398829-0.00692522j 0.0483667-0.00351879j 0.0121517-0.0195378j -0.00720377-0.019838j -0.000336327-0.0170473j 0.000659996+0.0208204j 0.00176041-0.0151927j -0.0363131+0.00928745j -0.0106827+0.035632j -0.0192288+0.0150969j -0.00461963+0.00727638j -0.0195983+0.0077797j 0.0180074+0.000426765j 0.0143529-0.000648768j 0.0185623-0.00623284j -0.0106837-0.00859552j -0.00650601-0.00308982j -0.00942019+0.0380937j -0.00767021+0.00543296j -0.00384403-0.0194918j -0.00729284+0.0112474j -0.00349064+0.0148408j -0.0113805+0.0219907j -0.0107519+0.0211903j -0.000180245+0.0710253j -0.0548143+0.055264j -0.00977181+0.00241597j -0.00872203-0.0148602j -0.0105301-0.0183726j -0.00152159-0.0138937j 0.00544687-0.0116136j 0.0248243+0.00222831j 0.0489558+0.00236893j 0.0683935+0.00474422j -0.00711327+0.00775643j 0.0437682+0.00351817j -0.00493982+0.00787559j -0.0154625-0.0100884j -0.00746392+0.00880345j 0.00851313+0.0520273j -0.0181902+0.0356747j 
-0.00269665+0.00196366j -0.0284434+0.000670999j 0.0201035-0.00445596j 0.00879911-0.00224036j -0.0446649+0.00194108j -0.185735-0.00136189j -0.142007+0.00716105j -0.150558+0.000906462j -0.376936-0.0073177j -0.374562-0.00404622j 0.151372+0.00152802j 0.0439407+0.00394952j 0.463449+0.00142831j 0.0217877-0.00311174j -0.00358766-0.000648956j -0.256795+0.00293227j -0.281313-2.6157e-14j 0.267913-0.000173005j -0.17802+0.00689336j -0.0893295-0.0105287j 0.0795049-0.00160492j -0.163394+0.00330226j 0.0163404+0.000372225j 0.0760881-0.0127929j -0.0130223-0.00316453j 0.058134+0.0146751j 0.0513223-0.00323977j 0.0592131+0.000952861j -0.0101843-0.0017292j -0.00390599-0.00358055j 0.00228899+0.000699307j -0.013835+0.0138788j 0.0419589+0.00882892j -0.0327097+0.01329j 0.0389432+0.00102095j 0.00902808+0.00230839j -0.121827-0.0027416j 0.0104296-0.00681255j 0.0122904+0.0019114j -0.0174469-0.0033019j 0.0504896+0.00439655j -0.00969503-0.0103146j -0.0526521+0.00987318j -0.0374459-0.00287419j -0.00769999+0.0129589j -0.0178237+0.00426697j -0.025589+0.0124838j 0.0437815-0.0021569j 0.100853+0.00593962j 0.00957283-0.0368552j -0.00362733+0.0281909j -0.070744+0.0166282j 0.0260792-0.00858187j 0.0478208+0.00468286j -0.0334703+0.0280911j 0.00971519+0.0320837j -0.0312269+0.0369239j 0.00808511+0.0143709j 0.0318623+0.0143847j -0.00122176-0.0109432j 0.0195554+0.0192405j 0.00118674+0.00366629j -0.0244053+0.0154376j -0.016622-0.0313568j -0.0026595+0.00768937j 0.00410867+0.00397236j 0.0208859-0.00452206j 0.0135428+0.0135788j -0.00088009-0.00519835j -0.00988785-0.00855915j 0.0212684-0.0117617j -0.0107247+0.00604435j -0.00568784+0.00908653j -0.00691949+0.0110717j -0.00608594+0.0113655j -0.000180567+0.0289015j 0.00633834+0.0164669j -0.0228753+0.0293805j 0.0201382+0.00707142j -0.0181907+0.0299263j 0.00436323+0.00604459j 0.00434117+0.0149784j 0.0282075-0.0248353j -0.00734349-0.0246177j -0.0144864+4.60224e-05j 0.00295039+0.00375927j 0.0378236+0.0225419j 0.00417836-0.0150321j -0.0139555-0.0149958j 0.0176672+0.00965832j -0.0254068-0.00565952j 0.0141322+0.0235185j 0.0366859-0.008505j 0.0189871+0.0135092j -0.0082463+0.0430716j 
-0.0237067+0.00325101j -0.00669489-0.0022206j 0.0667678+0.00312783j 0.015746+0.00746305j -0.189228+0.000104029j -0.0163379+3.82389e-05j -0.310822-0.00784743j 0.309575-0.00409253j -0.026421+0.0100911j 0.157868+0.00480481j -0.121106-0.00101105j 0.0532955-0.00279858j 0.150753+0.003936j -0.0391999-0.000748297j 0.13621-0.00314158j -0.0112316-0.00892616j 0.267913+0.000173005j 0.181065+9.47159e-16j 0.362245+0.0041662j -0.19097+0.00658847j 0.209523+0.0108835j -0.119866+0.000779172j -0.0859648+0.00802045j 0.0185705+0.00419322j -0.101781+0.0132042j -0.00907851+0.000764535j -0.0340732+0.02267j 0.0402729-0.00336306j 0.0234173+0.00647489j 0.0171179+0.00965646j -0.00587831+0.00622524j 0.00407501-0.00209881j 0.0272806+0.00893877j 0.00929872-0.000988402j 0.113343+0.00562898j 0.0857842-0.00680129j 0.0034592-0.00222567j 0.0924307-0.00320866j -0.0225492-0.0119845j -0.0235744+0.00219319j 0.0502669-0.0136765j -0.0140572+0.0148718j 0.0223383-0.00944337j 0.0127175+0.0103333j -0.0674433+0.00362007j -0.058381+0.0020248j -0.0263024-0.00226395j 0.0225095+0.00790292j -0.0429311+0.0157356j 0.0870065-0.00434523j 0.0577404-0.0115927j -0.0532121-0.0161122j -0.00621727+0.00186619j -0.0521769-0.0197469j 0.0522492+6.49629e-05j 7.52889e-05-0.0122055j 0.00824548-0.00595847j -0.00912736-0.0146394j -0.0183032-0.00234542j -0.00332747+0.00470491j -0.00504889-0.0049996j -0.00433675-0.0222082j -0.0117912+0.0200773j 0.00697794-0.00613457j -0.00190711+0.0140679j 0.00602043+0.0190307j -0.00930479+0.00177419j 0.00926107+0.0360377j -0.0192838-0.00235413j -0.0102329+6.83037e-05j 0.0101067-0.00788104j 0.00139473+0.0337258j 0.0213317-0.00184824j -0.0218463+0.00521778j -0.0274899+0.019656j -0.0141685-0.0159832j -0.00213155+0.0314323j 0.00188335-0.0140731j -0.0108012-0.0352469j 0.0212863-0.121086j 0.0401902-0.0433176j 0.0298956-0.0034837j 0.0449103-0.135349j 0.0113731-0.0839205j -0.0104922+0.0124007j -0.0129991+0.0494987j -0.0943588-0.0128397j -0.0425945-0.0761658j -0.191742-0.0423926j 0.0488943+0.00977641j -0.0394866-0.00502809j 0.0717407-0.0104438j 0.0310912-0.035814j 0.0202431+0.00360748j -0.00449756+0.0435344j 
