-0.0250729+0.00725717j -0.0349837-0.00837589j 0.0282607+0.00680045j -0.0295778+0.0016063j -0.0127551-0.00569133j -0.0388467+0.000130276j -0.0433498+0.00343792j 0.030483+0.00455403j -0.0217643-0.000725762j -0.00833083-0.00344461j 0.0693035-0.00224385j -0.00581929+0.00198777j 0.00339509-0.000716659j 0.0438679-0.000755507j -0.0322669-0.00518971j -5.46897e-05+0.00143327j -0.00285452+0.00144998j -0.022022+0.00218628j -0.0242325+0.000866805j -0.0257795-0.00106955j 0.0585864+0.000757949j -0.00499665+0.000169678j 0.0323056+0.000535004j -0.000521567-0.000708887j -0.010889+0.00359969j -0.0401206-0.000142673j -0.0366342-0.00180553j 0.0263652-0.00214127j -0.018199-0.00171643j 0.0197179-0.000893445j 0.0200904+0.00136063j -0.00972643-0.000968402j -0.00465835-0.000174931j 0.0167881+0.000517882j 0.00874331-0.000361303j -0.0304285-0.000201136j 0.0213723+1.85386e-05j 0.00148794-0.00072843j -0.00548047-0.00194862j -0.0104113+0.000194724j 0.000954856+0.000974409j -0.0108562+0.000968188j 0.0158662+0.000711709j -0.0198681+0.00257503j -0.0100659-0.00556377j 0.00595378+0.0104253j -0.00592006+0.0111191j 0.00735591+0.0274777j 0.0188817-0.0027209j 0.00851012+0.000719251j 0.00340698+0.000352069j -0.011155+0.000830271j -0.00164462+0.000359754j -0.021685+0.00011927j -0.034709+0.000652125j -0.0186452+0.000641908j 0.0189907+0.000665771j -0.0280738+0.000422053j -0.0285882+0.000544706j -0.039684-0.000891386j 0.0472266-0.000908622j -0.0335842+0.0012196j -0.0190323-0.000875115j 0.0414342-0.000675759j -0.0290318+0.0035733j -0.0424163+0.000792292j 0.0958125-0.00115711j 0.0528563-0.00414871j 0.0114474-0.00569924j -0.0689788-0.0028827j -0.0730174-0.00104594j -0.0563221+0.00124065j -0.0174822+0.00402752j -0.00184235-0.00183543j 0.0244245+0.000181963j 0.0304834+0.00360156j 0.207448-0.00286296j -0.196882+0.00501532j 0.137294-0.000537959j 0.5155+0.00100539j 0.163321+0.00152399j 0.392825-0.00697643j -0.102929-0.0080037j -0.231063+0.00660245j -0.0458273-0.0036147j -0.00407725-0.0144568j 0.109153-0.0049227j 0.114121+0.0148431j 0.00564589-0.0277772j -0.088667+0.000472456j -0.0178255+0.0359984j 0.402536+0.0109827j 
-0.0359429-0.00838309j 0.0376087-0.00669416j -0.0322724+0.00187027j -0.028326-0.00704997j 0.0252102-0.00311673j 0.0285497-0.00676967j -0.0331906-0.00417209j -0.0311655+0.00193888j 0.0194912-0.00179326j 0.0289142-0.00083658j 0.0193898+0.00636347j -0.0335738+0.00119524j 0.0238841-5.19461e-05j -0.00286867+0.00296426j 0.0542345-0.00154161j -0.0243681+0.000755703j -0.00953782-1.33319e-05j -0.0238254-0.00265341j -0.0171236+5.69161e-05j 0.0254899-0.00173878j -0.0158825+0.00290739j -0.0103068+1.9039e-05j -0.020023+0.000734241j -0.025251-0.000383063j -0.0462314+0.000421339j 0.0431319-0.00324283j 0.0352117-0.00207838j 0.0107492+0.00258531j 0.023139-0.000951052j 0.0181557+0.000135557j -0.0259085+0.00201584j 0.0066391-0.000431532j -0.00440327+0.000863711j -0.0219059+0.00194393j -0.00235357-0.000308481j 0.0182472-0.0015727j -0.0228323+0.0016084j 0.00250924-0.0003122j 0.0311251+0.00018782j -0.00318945-0.00114052j -0.00580602-0.000291851j -0.0155187-0.00075704j -0.0120468+0.00046171j -0.0315425-0.00014209j -0.0214252-0.00592265j -0.0156013+0.00684946j -0.000491035+0.00016527j 0.00564188+0.0214291j 0.0315115+0.00125772j -0.0404968+0.000260811j -0.00741906+0.000365024j 0.000111911+0.000398314j -0.00768256+5.02257e-05j 0.0063064+0.000246439j 0.0221575-0.00167983j -0.0258001+0.000806124j -0.0224019+0.00196777j 0.0137495-0.000940477j -0.0244119-0.00417893j 0.0167593-0.000752623j 0.0391076+0.00298427j 0.0219503-0.00195612j 0.0154243+0.000886849j 0.0220619+0.00350613j -0.0780616+0.0024597j 0.017439-0.00356887j 0.0511804+0.00241029j 0.0168963+0.00443128j -0.0270472+0.000856764j 0.0481408+0.000508628j 0.0368344-0.00424184j 0.0219416+0.00229913j -0.154703+0.00230728j 0.0357433-0.0013952j 0.0724872-0.00560016j 0.0378522+0.003077j 0.0515921+0.00379427j 0.148131-0.002909j -0.539117+0.00106257j 0.2546-0.00186276j 0.221977-0.00515779j -0.266062-0.00651801j -0.308781+0.00869819j -0.00491011+0.00487128j 0.0614886-0.000911006j -0.139746-0.00255612j -0.0551333-0.0245676j 0.0596412-0.0110235j 0.080403+0.000926902j 0.00106789-0.0242856j -0.402003-0.0111726j -0.0192807+0.0347106j 
-0.0211535-0.00644839j 0.01236-0.00629095j 0.0231937-0.00014573j -0.00117164+0.00261094j -0.00684487-0.000195716j 0.0225388-0.00635986j -0.0396375+0.00268679j 0.0619542+0.00449333j 0.0207191-0.00782182j 0.0126513+0.00196623j 0.0473336-0.00283612j -0.0369151-0.00158481j 0.0223489+0.00291185j -0.0172956-0.00115717j -0.0795303-0.00306244j -0.0146652-0.00235192j -0.0195045-0.00172399j -0.0347843+0.00128564j -0.0598153+0.00338624j -0.0270207+0.00241444j 0.00954015+0.00155482j -0.0264664+0.00410139j 0.0441544+0.00319884j 0.016443-0.00440255j -0.00721862+0.000675602j 0.0315465+0.0045111j -0.033837-0.00436718j -0.016744+0.00135488j -0.00566294-0.00456534j 0.00519448+0.00339362j 0.0203708-0.00148325j -0.0390722+0.00455922j -0.0611819+0.00230231j -0.000369858-0.00209646j 0.023378-0.00147797j -0.015435-0.000482194j -0.0289281-0.00158136j 0.0410161+0.000839811j -0.0244612-0.0013782j 0.00643327+0.0028172j -0.0391539+0.000253701j 0.0219578-0.000131051j -0.00982472+0.00392776j -0.0219778-0.00137149j -0.067921-0.00130316j -0.0354849+0.0114881j 0.00894718+0.0278986j 0.00387491+0.0360243j 0.0518256+0.000428734j 0.0312157-0.00142045j 0.00219015+0.00431846j -0.0189836-0.000668301j -0.0468318+0.00307331j 0.0065204+0.000908035j -0.0622969-0.00185772j -0.0214657-0.00054512j 0.0248803+0.00178147j -0.0326072+0.000291711j 0.0986535+0.00248906j -0.0132205+0.00181005j 0.0700833-0.00655793j 0.0668681-0.00504836j -0.083623+0.00128889j 0.174988-0.00543326j 0.0437903+0.00148427j 0.0940903+0.000781274j 0.00305541+0.00634908j 0.152505+0.00356206j 0.0188553-0.00284933j 0.0194982+0.00652363j -0.262413+0.00528562j 0.248575-0.00312257j -0.343014+0.00261571j 0.160229+0.00490554j -0.414643+0.000317613j 0.138409-0.0171023j 0.0118085-0.00320008j 0.025434-0.00145036j 0.0855357+0.00523913j 0.0159638+0.00588498j -0.00896322-0.00372338j -0.13384-0.013679j 0.132412-0.00706563j -0.114324-0.00671683j -0.060787-0.0148187j -0.0828117+0.0172711j 0.0379717-0.00138096j -0.0202136+0.00708728j -0.038241+0.0378887j 0.387678+0.0186956j -0.00982958-0.00126846j 0.0423511+0.00393154j 
-0.00832667+0.00541109j -0.0201184-0.00606861j 0.000667518-0.00573047j 0.0227572-0.00509282j 0.0240305-0.00242797j -0.0431968-0.0040835j 0.0235559+0.00388894j -0.0205068-0.0074301j -0.0644398+0.000731247j 0.0235567-0.00418586j 0.00219138-0.000597286j 0.00966311+0.00233808j 0.011897-0.00185227j 0.0214791+0.000572033j 0.0156352+0.00184543j -0.00884964+0.00079673j 0.0111723-0.0010101j 0.00940701-0.00137888j 0.00166641+0.00285278j -0.00250703+0.00209668j 0.0227959-0.00179561j 0.0308932+0.00175974j 0.0298255-0.0043443j 0.0222715-0.00400375j -0.00593662+0.00213885j 0.00601645-0.000971934j -0.042766+0.000725049j 0.0139066+0.00018324j -0.0342458-0.000462459j 0.0440978-0.000206728j 0.00568393+0.000100685j 0.0393335+0.00215274j 0.00544494-0.000243601j -0.0425073+0.00370233j 0.00486573-0.00143123j -0.0589561+0.00122721j -0.015763-0.00265194j -0.0348415-0.00146425j 0.0131843+0.00269217j 0.0386049+0.000300669j -0.029716+0.000138057j 0.040749-0.000649705j 0.044833-0.000911359j 0.00984087+8.79788e-05j 0.0667782-0.00467938j -0.0152465-0.00193482j -0.0123455-0.0109377j 0.0321731+0.0127926j -0.0133467+0.000473093j 0.0344851-0.00166965j 0.0587895-0.00247826j -0.0430763+0.0012999j 0.000324658+0.00140035j -0.0728616+0.00254731j 0.0327574+0.00214532j 0.0333484-0.000978301j 0.000278552-0.00360345j -0.0234551-0.00182608j 0.0940058+0.000298944j 0.0100548-0.00130626j -0.0419728+0.000982238j -0.010586+0.0016576j 0.0727394-0.000648079j -0.0217665-0.00440666j 0.0959291+0.0061266j 0.083547-0.00618162j -0.0524332+0.00696792j -0.0273408+0.00248618j -0.160405+0.00128748j -0.433614+0.00359905j -0.150383-0.00126806j 0.366771+0.00451491j 0.209277-0.0108033j 0.00505263-0.00490654j 0.190981-0.00678436j 0.310723-0.00232104j 0.0713009-0.00822464j 0.172794+0.00641166j -0.0212089+0.00796006j -0.00295722-0.000519421j 0.0366792+0.0196236j 0.0345759-0.00319158j 0.0116331+0.00551089j 0.0844836-0.00584703j -0.104877+0.00176542j 0.0392131+0.0233948j 0.000637167-0.0259956j 0.0206087+0.0210623j 0.382857+0.0102779j 0.036182-0.0294272j 0.0363055+0.00167251j 0.00406225+0.00467145j 
0.00753865+0.00287127j -0.00293607+0.00164916j 0.00718948+0.00941266j -0.0179933+0.00410211j -0.0290803+0.00251768j 0.0239517+0.0103531j 0.0116758-0.000475958j 0.0262283+0.00350211j 0.0151758-0.00295021j -0.0173206+0.00266469j -0.0269337-0.00202177j -0.00863804-0.00405784j 0.0231618+0.00179452j -0.0296339+0.00157413j -0.0578656+3.53838e-05j 0.00931622-0.00283021j -0.00728036+0.00600933j -0.021701+0.00824167j 0.0365943-0.00403497j 0.01903+0.0036188j -0.000368215+0.00241859j 0.00517198-0.00245308j -0.00690418+0.00473039j -0.0886769-0.00159856j 0.0160565-0.000722439j 0.0396325+0.00157149j 0.00260647+0.000266663j -0.0195644-0.000200728j -0.0462078-0.00249034j -0.0154639+0.00334348j 0.0124826-0.00183331j 0.0232433+0.000724384j -0.0386501+0.00050679j 0.0719169-0.00590758j -0.0226548-0.000150794j 0.0575444+0.000942305j -0.0598591+0.000120138j 0.0253699+0.000303673j -0.0597662-0.00246049j -0.00669875-0.000914915j -0.0635139+0.00193528j 0.0147508+0.0022032j -0.0271595+0.000710741j -0.0350652-0.000989354j -0.055609-0.00886983j -0.0378162+0.0189569j -0.00298714+0.02256j 0.0144596+0.0498893j 0.0659966-0.00360119j 0.0443318-0.00120816j -0.0618296+0.0037028j -0.0986299-0.00262176j 0.00500181-0.00101661j 0.088009-0.000473193j -0.107181+0.00235354j -0.0231826-0.00440385j 0.082273+0.00373748j -0.0519+0.00724887j 0.079006+0.00183613j 0.0339127+0.000641285j -0.160929+0.00227244j -0.069093+0.00499002j -0.0744379+0.00435064j 0.116452-0.0015377j 0.0495899-0.00463106j 0.134964-0.0038578j -0.110815-0.00963936j 0.292193-0.00436308j 0.474925-0.00934654j 0.0811311-0.00454413j 0.0165262-0.0026476j 0.0248896-0.0012412j 0.278796-0.00486033j 0.12925+0.015034j 0.113608+0.00414881j 0.0824948-0.0157127j 0.169825+0.0071323j -0.0973549+0.00535035j -0.118772-0.000227799j -0.11299+0.00182279j 0.0855943+0.00349949j -0.0266517-0.000764997j 0.0587859+0.00643689j 0.0277476+0.00794615j 0.0279028+0.0267996j 0.0164587+0.0045498j -0.0338987+0.0174797j 0.373528+0.0151318j -0.034702-0.0117046j 0.0368964+0.00273096j 0.0173793+0.00618585j -0.0280737+0.00387029j 
-0.0183769-0.00668359j 0.00247877-0.0061248j -0.00431175+0.00268461j -0.0308553-0.0075804j -0.0159838-0.00867227j -0.0376981+0.000294766j -0.0131101+0.00464416j -0.00499467+0.000560425j 0.0225854+0.00238528j 0.016744+0.00184679j 0.0557969+0.00391978j -0.00596168+0.00719727j -0.00817008+0.00120494j 0.00903139-0.0022258j -0.00273181-0.00566677j -0.021118+0.00696403j -0.062281+0.00687188j -0.0694885-0.00525861j -0.00275787+0.00537924j -0.0137027-0.00374548j 0.037053-0.00740521j -0.0203534-0.00101162j -0.0136081-0.00160359j 0.00964191-5.31375e-07j -0.0108035+0.00392289j -0.0399143-0.00246973j -0.0107285+0.00107358j 0.032864+4.58351e-05j 0.0537906-0.00395035j 0.041454-0.00128373j 0.0128755+0.00774582j -0.0797086-0.00109297j 0.00745286-0.00241975j -0.00450478+0.00284059j 0.0255771-0.00431875j -0.0279911+0.00238891j 0.0218569-0.00359191j 0.0589639-0.00646346j 0.000598504-0.00474074j 0.00645178-0.00483445j 0.0125498-0.00496798j -0.0503987+0.00374012j 0.084197-0.00409603j -0.00568692+0.00376822j -0.0267695+0.0115297j 0.0366911+0.000728181j 0.000504899+0.0297794j -0.0299321-0.0122319j 0.0146843-0.000934875j -0.00136388+0.00623196j 0.0398181-0.00540006j 0.0170259-0.00587424j 0.0206312-0.00585438j -0.127947+0.00586162j -0.159017+0.0039603j 0.0629282-0.00468313j -0.105312+0.00517271j -0.086093+0.00322537j 0.0473942-0.00391301j 0.105013-0.00314111j -0.172849+0.0026162j -0.018209+0.0099198j -0.120491+0.00135036j 0.0810187-0.0034623j -0.352291+0.00515413j 0.441223-0.000569399j -0.0871379-0.00751833j -0.175666+0.000183849j -0.0903556-0.000203046j -0.0514579-0.00119143j 0.0915673-0.00634457j -0.20584-0.0180306j -0.062805-0.00325338j 0.210597-0.00170362j 0.094442-0.0058854j 0.0687535+0.0168354j -0.0516707-0.00418891j 0.00298681+0.0180933j 0.124799-0.00424056j -0.0120753+0.00135908j 0.0907365-0.00539374j 0.040238+0.0216844j 0.0293593+0.0078359j -0.0232685+0.0155817j 0.0390459+0.0179652j 0.0216705-0.0204023j -0.370892-0.0140157j -0.0252708+0.00563094j -0.00423+0.00514116j 0.00723766-0.00479246j 0.011049-0.00875629j 0.0355194+0.00473186j 
0.0026362-0.00699277j 0.0213111+0.00963398j -0.0166782+0.00331946j -0.0152691+0.0011225j 0.0170123+0.00206922j 0.0116975-0.00600597j -0.0352975-0.000691783j 0.000890297-0.000571037j 0.0439653+0.00266799j -0.0173578+0.00751086j -0.00371052+0.000728777j -0.0537301+0.000495359j -0.0163739-0.000842777j 0.00388293+0.000470401j -0.0215138+0.000376449j -0.0259872-0.00572806j -0.0494416-0.00131117j 0.024043-0.000532392j -0.0455492+0.00380345j 0.0252084-0.00158859j 0.0226021+0.00121931j -0.0190369-0.00012013j 0.00624108+0.00246662j -0.0399639+0.000313966j -0.017724-0.00155474j 0.0513629-0.0012903j -0.02741+0.000751902j 0.00247493+0.00375404j 0.0333682+0.000562019j -0.0307479+0.00114935j -0.0108871-0.000637969j 0.0702851-0.00129348j 0.003362+5.46381e-05j 0.0254939-0.00289681j 0.0306959-0.000612794j -0.0158145-0.000737511j -0.0461434+0.00102699j 0.0538169+0.00242786j 0.0498193-0.000799665j -0.00924138+0.00170861j -0.0328955+0.00122695j 0.0270983-0.000343001j -0.015533+0.0043823j -0.0506877-0.00288416j -0.0562869-0.0245884j -0.0838138-0.00186242j 0.020772-0.0856406j 0.0481149+0.0328008j -0.000694435+0.00290966j -0.100043-0.000442439j -0.012859+0.0012814j -0.0678149+0.00473694j -0.00965813-0.00186681j 0.0456008-0.00120699j 0.0506813-0.00316634j -0.093019+0.000173413j -0.0552478-0.00745419j 0.146027-0.00529126j -0.0629111+0.00182173j 0.170741+0.00314116j 0.0485681-0.009231j 0.242827+0.00193198j 0.060196+0.00191893j 0.411661-0.00638246j 0.187656-0.00528799j -0.00986285-0.00862379j -0.247204+0.00309073j -0.163197+0.00821059j -0.180558-0.00244354j 0.0465672-0.000875575j 0.049922-0.00268761j -0.142246+0.00074671j 0.197704+0.00635495j -0.0401246-0.0203915j -0.0801526-0.0100198j 0.178777-0.00234968j -0.00638307-0.00343433j -0.101635+0.00756603j -0.0321468+0.00245783j 0.0881907-0.00207881j 0.0649437+0.0307811j -0.0585938+0.0013459j -0.00958238+0.0123287j -0.0127923-0.0102259j -0.0420142+0.0218844j 0.357729+0.0125639j 0.0186681-0.00402389j -0.0148171-0.00328529j -0.0064245-0.00320859j 0.0330204+0.0151699j -0.0460343-0.00046915j -0.000197285-0.0123204j 
-0.0107937-0.00403784j 0.0016748-0.00278523j 0.0203863-0.00578954j 0.0153278+0.00475173j 0.0141808-0.00372826j -0.000128941-0.00769515j -0.0189146-0.00596877j -0.00254785+0.0073662j 0.00508936+0.00107101j 0.00973375-0.00179426j 0.0474434-0.00516665j 0.014067+0.00571404j -0.0300296+0.00137077j 0.0208035-0.00702059j 0.00649939+4.84124e-05j -0.0324004+0.00648305j 0.0450597-0.0083268j 0.0359393-0.00578594j -0.05781+5.12206e-05j -0.0408371-0.0042379j -0.0060273+0.000738806j -0.0313222+0.00377753j 0.00797692-0.000810208j 0.0997775+0.00129268j 0.0304223-0.00425556j -0.0179411+0.0066587j -0.0108474+0.00197083j 0.00300392-0.00131974j 0.00064394+0.000430129j 0.0305054-0.00597556j 0.0169546+0.000185512j -0.0646241+0.00435796j -0.0649589+0.00137832j -0.0494524+0.00462915j 0.0286504+0.00252046j -0.0495059-0.00389108j -0.00268084+0.00110674j -0.0133679-0.00101893j 0.0415723+3.21538e-05j -0.00026657+0.00247531j 0.0265208-0.00151513j 0.0351262-0.00375549j -0.019506+0.00404334j 0.0202906+0.00256207j 0.00182426+0.0143371j -0.0199243-0.0225515j 0.0219268-0.00895675j -0.0159298-0.0496475j -0.0746184+0.00183414j 0.0691233-0.00166804j 0.0899162-0.00494431j 0.0484047-0.00243011j -0.0369768+0.00621148j 0.0329849-0.00316276j -0.0147985-0.00492088j 0.206999-0.00565608j -0.0289176+0.001943j -0.0141879+0.00262819j 0.0475197-0.00176219j 0.124317-0.00147485j 0.223815-0.00254152j 0.0886674-0.00716651j -0.0702548-0.00139384j -0.0399234+0.00736439j 0.292151-0.00197954j 0.237676+0.00166015j 0.383128-0.00057238j -0.0394316-0.00961793j -0.0361112-0.00260349j 0.276937-0.00285297j 0.150935+0.00979139j 0.0667705+0.00438189j 0.253518-0.00103995j 0.082833+0.000372247j -0.0307654-0.00249844j 0.0865144-0.00431141j 0.149212+0.0258899j 0.0817224+0.00459733j 0.0507285-0.00339608j 0.0285026-0.00318768j 0.00560196-0.0307074j 0.0203012+0.00161681j -0.0244767-0.0104407j 0.036229-0.0145815j 0.326015+0.00354915j 0.0303251-0.0148687j 0.0530969-0.000295655j -0.0416443-0.017322j 0.0268078+0.00110787j 0.0341112-0.00122271j 0.015194-0.0068503j 0.0153474+0.00316699j 
-0.00937803-0.0050017j -0.00186826+0.00131412j 0.00178585+0.00761285j -0.0366426-0.00760895j -0.00991514-0.000773289j 0.00917121+0.00362991j -0.044135-0.00313018j 0.0104949-0.00052917j -0.000332129+0.00340412j -0.0381872-0.00323786j 0.0494586-0.00230876j -0.0157925+0.00276076j -0.0258266-0.00138129j 0.00904527-0.00284195j -0.018339+0.00140769j 0.0159485-0.00448842j 0.0137433+0.00512986j -0.0132126+0.00406593j -0.0150158-0.0046641j 0.0121195+0.00139823j 0.00232375+0.000605493j 0.00474212+0.00059035j -0.000768465-0.00144024j -0.0165094+0.00159714j -0.0211055+0.00264404j -0.0147587+0.000596542j 0.0203993+0.00110411j 0.00942619+0.00259964j 0.00853327+0.00139696j 0.0113157+0.00220655j 0.0132214-0.00318424j 0.02193-0.00162136j 0.0270812-0.00145122j 0.0324417+0.000608327j -0.0298398-0.000761355j 0.0360741+0.00238178j 0.0160984-0.00558512j -0.0115223+0.000217453j -0.0558356+0.00235358j -0.0564335+0.00147763j -0.0239641+0.00225591j -0.0977246+0.00308981j 0.0116524-6.2998e-05j -0.0964343-0.00114867j -0.0523357-0.0293153j 0.0065071+0.00959725j -0.00527785-0.0641725j 0.0147351+0.040346j -0.00157038+0.00191129j 0.103211+0.0028328j -0.0732806-0.00426313j -0.0522138+0.00341387j -0.119273+0.0026228j 0.194191+0.0019337j 0.00920755+0.000471173j 0.0433561+0.000837658j -0.252643+0.00217095j -0.04777+0.00843218j 0.114478+0.00500031j 0.440396-0.00433161j 0.0105531+0.00099101j -0.183563-0.00450294j 0.218863+0.00220657j -0.127378+0.00383091j -0.017562+0.0057256j -0.204247-0.00267569j 0.0376877-0.00356894j -0.0452934-0.0067517j 0.137414+0.00390201j -0.0777552+0.00315949j 0.0549702-0.000210066j 0.0171588+0.00873526j -0.0719909-0.0161498j 0.0161083-0.00398301j -0.0920557+0.0110711j -0.000936967+0.00878923j 0.0342665+0.0108706j -0.0520128-0.00960004j 0.0593883+0.00919817j 0.100098-0.0155561j -0.0714626+0.00776708j 0.0493667-0.000147631j -0.0840483-0.00727566j 0.276804-0.000693259j -0.0224137+0.0184738j 0.00839188+0.0191706j 0.0170125-0.0051352j 0.0384313-0.00539161j -0.0416094+0.018027j 0.00299186-0.0141661j 0.00866023-0.0276642j 0.0465956-0.00287668j 
-0.0120984-0.000952206j 0.00400193-6.51729e-05j -0.0157208-0.0110848j 0.00224408-0.000249441j 0.0178914+0.00280068j 0.00487654+0.00186954j 0.0206987+0.000714197j -0.0377156-0.00664171j -0.0491441-0.00631517j 0.0522221-0.00481248j -0.0108972-0.000403597j -0.0106917+0.00270357j 0.00856807-0.00377347j 0.0208415-0.000670808j 0.0562692+0.00437899j -0.00377666+0.0016919j 0.0321266-2.82523e-05j 0.0110252+0.00110632j 0.0428436+0.00129892j 0.0349906+0.00373264j -0.0312895-0.0027531j 0.0215213+0.000360742j 0.0435999-0.00396006j -0.0710261+0.000855006j -0.03498+0.00140364j -0.00734267+0.000127512j 0.0585772+0.00129545j 0.0225274+0.00301598j -0.0286219-0.00209295j 0.0314879+0.00479075j 0.00190849-0.000713068j 0.0337421-0.00318136j 0.0208658+0.00082012j -0.0242294+0.00511382j -0.0402712+0.000557159j -0.00794111+0.00378004j -0.0135842-0.000176778j -0.0634777+0.000111053j -0.0218047-0.00321431j -0.0211786-0.0036491j -0.00981804+0.00218082j -0.0457475-0.00748884j -0.0226723+0.00192254j -0.0131669+0.000152126j -0.0089055-0.0113946j 0.0571447-0.0102519j 0.0110112-0.0845247j -0.00716705-0.0319773j -0.00334067-0.000239006j -0.0227571+0.00479965j 0.0916555-0.00627306j 0.0307338-0.00159463j 0.0106784+0.00425515j 0.0863096-0.00108362j 0.116381-0.00412405j -0.212492+7.76516e-06j -0.093646+0.00109323j -0.17079+0.00463638j 0.26811-0.0051495j -0.234497+0.00155826j 0.0705751-0.00492757j -0.334187-0.00221468j -0.00308818-0.0103175j 0.0849665-0.00917004j 0.150117+0.00141698j 0.201687+0.00421807j -0.0135068-0.0125681j -0.0904461+0.00220324j 0.00236047-0.00159749j 0.0197702+0.00447503j 0.0437921+0.00879332j -0.0640466+0.00066323j 0.0276717-0.00788286j -0.0788468+0.00262083j 0.0676116-0.000616972j -0.0223813-0.00448499j 0.0700625+0.0147858j -0.0145747+0.00598446j -0.0962525+0.012508j 0.102329+0.00823987j 0.0760521-0.00298163j -0.00628001-0.00493088j 0.235142+0.00342969j 0.0619406+0.00429449j 0.0193279-0.00737854j -0.046092+0.0162029j 0.0129081+0.0271514j 0.0233339+0.00755171j 0.0336616+0.0323285j -0.0603819+0.0262377j -0.0456293-0.00820336j 0.0311201-0.0314548j 
-0.0018761-0.000190181j 0.0262632+0.00848768j -0.0219055+0.00187922j -0.0011804+0.00246218j 0.0161465-0.000645782j 0.0233764-0.005092j -0.00589983+0.00191302j -0.0111181+0.000124193j 0.0422518+0.00317144j 0.0114744+0.0032428j -0.0172901-0.00251532j 0.000535813+0.00792762j -0.00266916-0.00414393j 0.00802865-0.00210599j -0.0138173+5.57443e-05j 0.013246+0.00519432j -0.0176565+0.00236741j -0.026069-0.00417021j -0.00993305+0.00383347j -0.0433659-0.00448074j -0.0319652-0.00350396j -0.0547964-0.00124828j -0.0320295+0.000223302j 0.00687283+0.00446274j -0.0106452-0.00205068j 0.0126755+0.00101998j -0.080371+0.0036913j -0.0330828+0.00167513j 0.0260631+0.00150799j 0.0430756-0.00278171j 0.0320348+0.00508604j -0.0538695-0.00452002j 0.0244781-0.00164536j 0.0474303+0.00184094j 0.0250508+0.000439095j -0.00510594-0.00326653j 0.00729811-0.000854567j 0.0615144-0.00560375j 0.00934224-0.00358809j -0.0612957-0.00326718j -0.028103+2.69106e-05j 0.0167068-0.00370967j -0.0969748+0.00189238j -0.0391539+0.00549736j -0.084423+0.0470337j -0.0100371-0.0289391j 0.0438893+0.082159j -0.0785394-0.102265j -0.0793175-0.00206269j 0.0145355+0.00330434j 0.224678-0.00670338j 0.113248-0.00567896j 0.0488633+0.00312963j -0.0169299-0.00565503j 0.0181677+0.00454744j 0.0806296+0.00569503j -0.147834-0.00120763j 0.0682657+0.00616555j 0.0237194-0.0041744j 0.164118-0.00682649j -0.228035-0.0060397j -0.136984+0.000747132j -0.0715045-0.00184188j 0.00323918+0.00256292j -0.0064937+0.00935646j -0.0936578+0.00803414j 0.0934247-0.00443638j 0.0825087-0.0159735j -0.0109206+8.89577e-05j -0.111987+0.00443486j 0.00639208+0.00396204j 0.11903+0.00489604j -0.113739-0.0139495j 0.115984+0.00190429j -0.00472288+0.0132387j 0.0816547+0.0150882j -0.000154514-0.00295417j 0.12426-0.0140337j -0.109998-0.00449597j -0.00636481+0.0037963j -0.102037-0.0146276j 0.141933+0.0115592j -0.0270428-0.0181871j 0.0664474+0.00494738j 0.0104843+0.0031992j -0.0300671-0.0223563j -0.0529472+0.0204769j -0.00326933+0.00957092j 0.0295759-0.0330618j 0.0489807+0.0332983j -0.0610688+0.0322902j -0.0294347-0.0290638j 
-0.0123539-0.00453935j -0.00256756+0.00406889j -0.00814003-0.00535094j -0.0139245-0.0013783j 0.00227657+0.000715518j -0.0182603+6.88995e-05j -0.0226355+0.00341674j -0.00276913-0.0011329j 0.010555+0.00186927j 0.0168075+0.00212963j -0.00446297+0.0029796j -0.00547864-0.00719j -0.00331436+0.000833086j 0.00663738+0.000866327j 0.0382353+0.000723557j 0.0207237-0.00107944j -0.0303071-0.00321707j -0.0128262-0.00464729j -0.00335763+0.00916344j 0.0155961-0.00326586j 0.0268693-0.00608867j 0.00648781+6.10128e-05j 0.0438271-0.00415224j -0.022224+0.00462173j -0.0222752+0.00301778j -0.0263626-0.000850065j 0.00285236+0.00140826j 0.0199525-0.00581495j 0.0173535+0.00192677j -0.0090506-0.0019557j -0.0154808+9.11493e-05j -0.026327-0.00070245j 0.0330897-0.00278189j 0.00382966-0.00403816j -0.00732507-0.00256047j 0.00492732+0.00455649j 0.00705669+0.0013086j -0.0111176-0.000493568j 0.00872903+0.000991522j 0.0210397-0.000990444j 0.0930584-0.00725725j -0.0344492-0.00153469j 0.0407332-0.00854684j 0.0333667-0.000967904j -0.0284415+0.0599362j 0.0190534-0.0232628j 0.0282107+0.141442j -0.102482-0.124696j 0.030412-0.00245754j -0.0334835+0.000731976j -0.0205649+0.00567317j 0.0120086-0.00322234j 0.0703807-0.00269025j -0.0651718+0.000883403j -0.0677586+0.00364518j -0.12282+0.00229132j -0.0559234-0.00261219j -0.0139044-0.00282209j 0.0499259+5.81982e-05j -0.0276606-0.00484032j -0.171578-0.00394478j 0.474588-0.0011161j -0.166102+0.00489459j -0.0824646+0.00547196j 0.0184427-0.0122377j -0.178885+0.00415639j 0.0694132+0.0136802j 0.085218-0.00637896j 0.13596+0.0136973j -0.0984298+0.00646778j -0.0127463-0.0079276j 0.0022048+0.00324944j 0.123797+0.00557923j 0.00346918+0.00247777j 0.144274+0.00891509j 0.0434679-0.00154005j 0.0842028-0.0200664j -0.0577442-0.0146007j -0.0739027+4.49027e-05j 0.0181616+0.00577218j -0.183787-0.0139658j 0.00462981+0.00153429j -0.0844618-0.000175483j -0.117592-0.00951283j -0.0121237-0.0162597j 0.0179586+0.010348j -0.0351959+0.0140317j 0.0479512-0.0189109j 0.019526+0.0387555j -0.0389161+0.0173951j -0.00701985-0.0305602j 0.048087-0.0208004j 
-0.006217+0.00717628j -0.00119907+0.000882252j -0.000925194+0.00148415j -0.00261016+0.00297373j 0.00576698-0.00109727j 0.0117199+0.0124841j 0.00881904+0.0040942j -0.00412005+0.000416498j -0.00781141+0.00733574j -0.0260405+0.00214325j -0.0300558-0.0101746j 0.00558011+0.000261773j 0.0141722+0.00705882j -0.0126624-0.00722072j -0.0294881+0.000429356j -0.0051535+0.00207548j 0.0310879+0.000139437j 0.0283692+0.00214844j 6.3838e-07-0.00602953j -0.0407632+0.00344095j -0.00563637+0.0026564j 0.0622439+0.00136417j -0.0415544+0.00158958j 0.0189145-0.00406503j 0.0319215-0.00112649j 0.0611794+0.00279769j -0.0116566+0.00290054j -0.0322594-0.00539643j 0.0521864+0.00117654j -0.0342321-0.00797859j 0.0174874-0.00492639j 0.0509554+0.00123007j -0.0127958-0.00161051j 0.0218681-0.00208075j -0.00637161+0.00329516j -0.0179162+8.84e-05j -0.0619109-0.000666905j -0.0572654+0.00456489j 0.00920666-0.000228417j 0.0207814+0.006627j -0.0308913+0.00221214j 0.0731394+0.0135168j 0.0454852-0.000141992j 0.0285782-0.0003333j 0.101398-0.0137174j -0.0258841+0.00574568j -0.0344295-0.025051j 0.0603937+0.0480863j -0.0356468+0.000973909j 0.109488-0.00330228j -0.106669+0.00288649j -0.257964+0.00400098j 0.0433945-0.00699597j -0.0324466+0.00245631j -0.1138+3.18505e-05j 0.243871-0.00301368j 0.276668+0.00288257j -0.145647-0.00304124j -0.230224+0.0143801j 0.0805018+0.00590783j 0.150061+0.00369433j -0.0341979+0.00399937j 0.183759+0.00536688j -0.0406499-0.00411319j -0.200147-0.00203593j -0.00692747+0.00599776j -0.00924368+0.00137463j 0.0861128+0.00541832j -0.044095-0.00154695j 0.0246448-0.0112016j -0.0361181-0.000834987j 0.0683811-0.0212728j 0.0105695+0.00196037j 0.00633411+0.00956089j 0.0796045-0.00569036j 0.0344673-0.00612613j 0.038377-0.00575037j 0.0321487+0.0117676j 0.0724084-0.00444985j -0.105959-0.0117766j 0.196147+0.00341584j -0.0258657+0.0233684j -0.172207-0.010845j -0.00408128-0.0131003j -0.0114685-0.000887837j -0.0217949-0.0010349j 0.0339186+0.0279976j 0.0349781+0.00300703j 0.0321387+0.0153864j -0.011893+0.0309231j -0.0347923-0.00143282j 0.0183944-0.037575j 
0.00158625-0.00231572j 0.00231969+0.0133694j 0.00286202+0.000439456j -0.00950672+0.000417427j 0.0134661+0.00598433j 0.0125224+0.00112579j -0.0312271-0.00951607j -0.00682507-0.00230819j 0.047666+0.00461835j -0.0114942+0.00918582j 0.0123801-0.00223918j -0.0124283+0.00483257j -0.029288+0.00158419j 0.0280787+0.000256151j 0.00320268+0.00843531j 0.0267402+0.00495433j -0.00663297+0.000621043j 0.00989194-0.00426445j -0.0420095-0.00282149j -0.023676+0.00190339j -0.0308125-0.000685747j -0.036855-0.00543651j -0.0392413+0.00219121j 0.040376-0.00118066j -0.0139312-0.0119137j -0.0135469+0.00388962j -0.0201297+0.00740376j -0.0806323+0.00547215j 0.0542929+0.00252484j -0.0203645-0.0038451j 0.00226752+0.00176038j 0.0411137-0.00106253j 0.0650175-0.00206056j -0.0522405+0.00237304j -0.041744+0.00587042j 0.0434673-0.00572818j -0.029174+0.00135787j 0.0055003-0.000659478j 0.0655666+9.74588e-05j -0.0185267-0.00534384j 0.0607587+0.00118885j 0.090065-0.00183916j -0.171415+0.00031027j 0.0411167-0.000123629j -0.0851688+0.0387901j -0.0958153-0.0621759j 0.078604-0.0292975j -0.0451294-0.150033j -0.0704748+0.00133536j -0.0912621-0.00325881j 0.104643-0.00169751j -0.00794084-0.00928307j 0.113824+0.00115063j 0.044345-0.00895662j 0.0220067+0.00289814j 0.130255+0.00109753j 0.183005+0.0023238j 0.174456-0.000943255j -0.185161-0.00717514j -0.128013-0.000705628j -0.167097+0.00759001j -0.253412+0.00191953j -0.115272+0.00358533j 0.158984+0.00305364j 0.0606081+0.00899193j -0.0328151+0.00150916j 0.0306039-0.00509982j 0.14458-0.000960652j -0.120796+0.00457671j -0.0134458-0.00982411j -0.0620553+0.00470046j -0.0177188+0.00965248j -0.0156778-0.00827828j -0.0417681+0.0217069j -0.00946309+0.000325193j -0.0688372-0.00611366j -0.0286801+0.00602457j 0.0229659-0.00732472j -0.122583-0.0156623j -0.0798019-0.00703436j 0.050153-0.0135635j 0.224034+0.0145832j -0.00383685+0.0168246j -0.0816917-0.0013547j 0.00864985+0.0236104j 0.0289642+0.0142532j 0.0387376-0.00487292j -0.0160244-0.00585357j -0.0305007+0.0146968j 0.0126245-0.0229067j 0.00984094-0.0357638j 0.0337488-0.00178214j 
-0.0103443-0.00464849j -0.00224251+0.00266759j 0.00575738+0.0027611j -0.00430821-0.000328812j 0.00931775+0.00162758j 0.00180135+0.00190689j -0.021605-0.0066163j 0.0214207+0.0031541j -0.0160826-0.0018403j -0.00587404-0.0044053j 0.027319+0.0021103j -0.0348377-0.0051677j -0.0125091-0.00438719j 0.01683+0.00121731j -0.0534454-0.00109987j -0.00571133-0.0095204j -0.00935981-0.00582117j 0.00742769+0.00369055j -0.0393376-0.000626167j -0.0083311-0.000218223j 0.0455334+0.00103668j 0.00122875-0.000527928j 0.0273781-0.00234049j 0.0153626+0.00640964j 0.0110286+0.00290534j -0.00594487-0.00452203j -0.00699919-0.000213556j -0.00720143-0.0012892j 0.0368981+0.00660692j -0.0724464+0.00581175j 0.00703651-0.0062421j -0.0127481-0.00701541j 0.00211232+0.00232211j -0.0169132-0.00102722j 0.0343071+0.00128181j -0.0650465+0.00555907j 0.0325645-3.26305e-05j -0.0305692+0.00732798j -0.00295988+0.00546326j 0.0276451-0.00170764j -0.00178895+0.00397767j 0.0203115-0.000478895j 0.019447-0.00159305j 0.122715-0.00745391j 0.0211856-0.032179j 0.0671704+0.0237457j -0.0332476-0.0458417j 0.0191296+0.0504975j 0.122723-5.38657e-05j -0.0349786-0.000644819j -0.185178+0.00352086j 0.0877203+0.00714598j -0.186335+0.000200621j 0.192966-0.00488121j 0.133667-0.00289858j -0.0478743+0.000375107j 0.00333631-0.0025741j 0.195141-0.011249j -0.113065-0.00522921j 0.0121186-0.0010193j -0.0585968+0.00961607j -0.19023-0.00659438j -0.022358-0.0027569j 0.0369932-0.00249428j 0.00398667-0.010805j 0.178694+0.00690545j -0.0811302+0.00114223j 0.0422684+0.00515099j -0.014997+0.00240736j -0.154564-0.00499147j -0.0886647+0.00723009j 0.0963186-0.00843008j 0.0555056+0.0137107j -0.0661218-0.0188363j -0.00210246-9.43576e-05j -0.118779+0.0064767j -0.0868591-0.00713742j -0.0520622-0.0215922j -0.00616658-0.00853277j 0.0380961+0.00481887j 0.0531077-0.00820069j -0.0073817+0.0012427j -0.00121453-0.00977912j 0.0447775+0.00838543j -0.0175226-0.0249732j 0.0353171-0.0323601j -0.00893875+0.0235982j 0.0347993-0.0469636j 0.0545084-0.0166799j 0.0315104+0.0160268j 0.013486-0.0131835j 0.0143927+9.32719e-05j 
-0.0114275-0.00303204j 0.010547+0.00144151j 0.00352355-0.00551028j 0.0129395+0.00369311j 0.0187339-0.002555j 0.0088143-0.00401533j -0.0115278-0.0104333j -0.00339251-0.00152008j -0.00383723+0.000494059j 0.0192396-0.00245428j 0.0194567-0.00278662j -0.00377871+0.00501592j -0.0142788-0.00430715j 0.0283515-0.000583004j 0.0453985+0.00451718j -0.0194205-0.00370127j 0.0425059-0.008634j 0.0233709+0.0035259j -0.0418302+0.00633437j -0.017924-0.00029794j 0.0240979+0.0049318j -0.00690931+0.00061766j -0.00264112-0.000220925j 0.0317271-0.00101124j 0.00849555+0.00318221j -0.0216584-0.00655117j 0.022463+0.00705628j 0.0607038-0.00468277j 0.0247609-0.00124468j 0.0119161+0.000143602j -0.0197186-0.00573362j -0.0569915-0.00309432j -0.000893949+6.52227e-05j -0.00572274+0.00234869j 0.0211151+0.000531405j -0.0543551+0.00592365j 0.0224837+0.00127016j -0.0338942+0.00439132j -0.00482892+0.00271717j 0.00502497-0.00178984j 0.0469096+0.0015587j 0.012746+0.000857812j 0.050979-0.00177098j 0.0560167-0.00710048j -0.0113739+0.0113157j -0.0256755-0.0434525j 0.0336075-0.0741009j -0.012804-0.116805j 0.03477-0.00267611j -0.0181526-0.00507466j -0.0473537+0.0021014j 0.0724566+0.00299978j 0.049296-0.00136821j 0.267578-0.0052151j 0.0704722+0.000331109j -0.180907-0.00882096j 0.205647-0.00594639j -0.423733-0.000495351j -0.0630842-0.00507063j 0.0695762+0.00044201j -0.0938462+0.00333647j 0.181862+0.0073516j 0.00411937+0.0112199j -0.0988595+0.00193282j -0.0205322-0.0145464j 0.0417354+0.00312488j 0.0265772-0.00391673j -0.0489269+0.000350226j -0.0860611-0.00866087j -0.0743592-0.0122563j -0.0755151-0.00914469j 0.0852832+0.0072243j -0.164559+0.0152945j -0.0509776-0.00576827j 0.0536956-0.00984094j -0.027079-0.00467799j 0.0875607+0.0162658j -0.14203+0.0118538j 0.00273848-0.00579101j -0.0441657+0.00218278j -0.0378736+0.011367j -0.0459628-0.00167069j 0.00242671+0.0166886j -0.00198105+0.00364887j 0.0104231+0.0422508j -0.0405436-0.00540592j -0.00240191+0.0206762j -0.0659652+0.00223514j 0.0223533-0.0310376j 0.0348344-0.00282808j -0.00945716+0.00316697j 0.00728067-0.00615647j 
0.00887002+0.000312662j -0.00571783-0.00291883j 0.00185282+0.00511202j 0.00332958+0.00121479j -0.0018994+0.00433983j 0.00565892+0.00198991j 0.00155755-0.0012675j 0.0108039+0.00733061j -0.0169093-0.0069928j -0.00941074-0.00365334j -0.0124422-0.00342397j -0.00486777-0.00221827j 0.0210657+0.00239016j -0.028634-0.000537484j -0.0234262+0.000454827j 0.0335095+0.00282984j 0.0059304+0.00160862j -0.00127688+0.00144486j -0.0168338-0.00499055j 0.0235293+0.00328831j 0.0160261+0.00374244j 0.00662505+0.000295035j 0.0310606+0.000764635j -0.0132169+0.00174674j -0.0106552+0.000987508j 0.0476253+0.00610797j -0.0141114-0.00265785j -0.0294925-0.000956835j -0.051349-0.000841946j -0.0212021+0.00215201j 0.0187565+0.000457402j 0.0274485+0.00424191j 0.0122486-0.000708072j -0.019401-0.00512134j -0.0550128+0.00627921j 0.0389973-0.00651549j -0.0901751-0.00155435j -0.0736585+0.00138549j -0.0114627+0.00439863j 0.0642214-0.00747585j -0.0686757-0.00151364j -0.015703+0.00139692j -0.124574+0.00638764j -0.00917925+0.000912358j -0.0298645+0.0128213j -0.108526+0.0397852j -0.0188272+0.180101j 0.0116156+0.0726864j 0.100675-8.14289e-05j 0.0640354+0.00488216j 0.0487453-0.00653533j 0.0401147-0.00652152j 0.0199726-0.000446715j 0.155836-0.00226983j 0.21896-0.00492447j 0.147883+0.00716587j -0.133846+0.00977325j -0.418748+0.00665132j -0.210678-0.00197078j 0.0186787-0.0109386j -0.130858-0.00453837j 0.073916-0.00713051j 0.0322164-0.00101496j 0.166892+0.00900383j 0.0817283+0.0115428j -0.0647932+0.00301369j -0.11227+0.000777891j -0.13512-0.0175211j -0.117347+0.00529314j -0.00470147+0.00339486j 0.025487+0.00973541j -0.0565168+0.000454985j -0.0104602-0.0127103j 0.152477+0.028471j 0.0272677+0.014848j -0.0942011-0.00383009j 0.121046+0.00378439j 0.000458409-0.0172348j 0.0136354-0.00245701j -0.0178318+0.00116626j 0.00119925-0.0406674j -0.00710425+0.00194111j 0.014538-0.0221922j 0.0239866+0.0117058j -0.0394559-0.0249579j 0.0734664-0.0168776j 0.024039+0.00722614j 0.00809122-0.00189819j 0.013764+0.00661638j -0.0126902+0.00538569j 0.00660852+0.00328875j -0.0135036+0.013847j 
-0.00517576+0.00241915j -0.00240402-0.00528255j 0.00845778-0.00136964j 0.01658+0.00675825j -0.00232929-0.0043966j 0.00937303+0.0110463j 0.0127059-0.000143405j 0.0183264+0.00628315j -0.0286877-0.00438533j 0.016635-0.00300572j -0.00919984-0.00549787j 0.00941969-0.00457455j 0.026274+0.000888456j -0.00255557-0.00355986j -0.00358114-0.00189281j 0.0123711-0.000634137j 0.0492619-0.00522499j 0.0247427+0.00666357j 0.00231221-0.000929329j -0.00633761+0.00329077j 0.00810641-0.000378178j 0.00776043-0.000800726j 0.0171929-0.00126717j 0.00677518-0.000465081j 0.0522004-0.00131525j -0.0125752+0.0069396j 0.0227666-0.001358j 0.00184025-0.00520594j -0.0522015-0.00331006j -0.0412736+0.00402384j -0.0120172-2.57213e-05j -0.0230164+0.00768145j -0.0182299-0.0019894j -0.0448817-0.00832j -0.0252525+0.00577005j -0.0142022-0.00514996j -0.0717915-0.00359403j -0.10677+0.00104533j 0.000263528+0.004826j 0.132587-0.00572977j -0.0543701-0.00651923j 0.0221314+0.00198091j -0.0513686+0.00611053j 0.139737-0.00294268j 0.0480666+0.011369j -0.0419028+0.0355207j -0.0315949+0.140863j 0.00890961+0.0496835j 0.222843+0.00107719j 0.0623177+0.00309124j -0.0390294-0.00740243j -0.0175278-0.0043776j 0.0222257-0.00706223j 0.0845817-0.0015064j -0.274172-0.00376183j 0.0283527-0.00466258j -0.454686+0.00257122j 0.203342+0.0039183j -0.150248+0.00319314j -0.239822-0.00612589j 0.117455-0.015301j -0.00940469+0.00796596j 0.00528118+0.0105076j -0.0384374+0.00778652j 0.00356497-0.003538j -0.079918-0.00647527j 0.024308+0.00270422j -0.0136748-0.0183117j -0.0163745-0.00268501j -0.150054-0.00329065j -0.0104447-0.00426819j 0.00993194+0.00588465j 0.0808303+0.00383115j 0.183662+0.0128339j -0.0363854+0.000851061j -0.0945764-0.00635821j -0.0919815+0.00554596j 0.00316275+0.0212319j -0.0231479-0.00112008j 0.0326121+0.00114133j -0.013008+0.00611064j -0.0475841+0.0121157j -0.0108464+0.0112681j -0.025078+0.000969883j -0.0233224+0.0377682j -0.0407012-0.00840865j 0.032786+0.0174624j -0.0280321+0.00871468j 0.0222992-0.0109121j 0.00638432+0.00548495j -0.00540025+0.0020108j 0.00505866-0.00915503j 
-0.00124261-0.00356465j -0.0111043-0.00210673j 0.0124691+0.00264749j 0.0134187+0.000995663j 0.0134213-0.0060173j -0.0113046+0.00391366j 0.0230771-0.00616475j -0.0198163-0.00179449j -0.00841253+0.00431748j 0.0198731+0.0137467j 0.0145945+0.00482398j 0.0128361+0.0101382j -0.0225555+0.0074285j 0.00841811-0.0015418j 0.0190396-0.00237242j -0.00305364+0.00686167j 0.0505557+0.0078828j 0.00906173-0.00222656j -0.00455114-0.00430467j -0.00603918+0.00148557j -0.0391697+0.00208675j -0.0196954-0.00851147j -0.0475566+0.013903j 0.0297648-0.00477216j 0.0199912-0.00715965j -0.0203715-0.00955512j 0.0229581+0.000510362j -0.0310994+0.0134215j -0.0350515-0.00760181j 0.0521655+0.00250962j 0.0146234+0.00865866j -0.00615874-0.00282407j -0.0832459+0.000585151j -0.0441047+0.00211998j -0.0289537-0.00392565j 0.0632738-0.00359632j -0.0335257+0.00614786j -0.0256596-0.00260703j 0.0808888-0.0167328j -0.0135078-0.00442964j 0.0083142+0.00689934j -0.108851-0.00250594j -0.047731-2.49069e-05j -0.0645703+0.00459073j -0.100728-0.0177587j -0.110331-0.0178935j 0.0417398-0.120271j 0.0448473-0.0186096j -0.164754+0.00555668j -0.16375+0.0034089j 0.138846+8.27514e-06j -0.0756145-0.00392474j 0.261168-0.00447218j 0.0930059-0.000897214j -0.361172-0.00199529j -0.0756593+0.00066021j 0.033122+0.00863521j -0.0124108+0.00713355j 0.067378-0.00865397j 0.0859748-0.00121504j -0.03345-0.00509386j -0.0656185-0.00272148j 0.16146+0.0125465j -0.042928-0.00825473j 0.0853742-0.000111598j -0.160477+3.72441e-05j -0.0407699-0.00879175j -0.0179885-0.000764926j -0.043734-0.00832633j -0.0828438+0.0100611j 0.0181295-0.00845249j -0.0900526-0.0223585j -0.0641095+0.00676519j 0.0391203+0.00644053j -0.0257605-0.00146501j 0.197525+0.0115868j -0.0350188+0.0126694j -0.0723049+0.00189522j -0.0313478-0.00887444j -0.0574421+0.00860819j 0.00366877-0.0131091j 0.0518869+0.00324798j 0.0230227+0.0115453j 0.0322613+0.0126518j 0.013697-0.00794329j 0.00684502-0.0245579j 0.0408492+0.00780025j -0.00224851-0.0191864j 0.032037-0.00101862j -0.0219018+0.0173586j 0.0195268-0.0048097j -0.0054259+0.0162027j 
-0.0026692-0.00250505j -0.000454823-0.000767378j -0.0021634+0.001703j 0.0081804+0.00718056j 0.0213376-0.00140728j -0.0322664-0.0141994j -0.00071484-0.00605643j -0.0256536+0.00234897j 0.00522888+0.00163918j 0.00982019+0.00681988j 0.00706384-0.00918084j 0.00108579+0.00386296j -0.02116+0.00361975j 0.0331831-0.00406386j 0.0506371-6.08624e-05j -0.0336955-0.00857724j -0.0147799-0.00389186j 0.0333123+0.00420671j -0.0221186+0.00510898j 0.0165019+0.00208263j 0.0718102+0.00630461j -0.0383555-0.000221077j -0.00184766+0.0125864j 0.0211108-0.00789103j 0.0359853-0.000563906j -0.0112868-0.00108849j -0.0439325+0.000417118j 0.0263532-0.000564451j -0.0606882-0.00783804j -0.0187643+0.007683j -0.0264395-0.00682702j -0.0586358+0.0053213j -0.0906906+0.00199597j 0.00311352-0.00353821j 0.0738792-0.00421825j -0.0357535+0.00231884j 0.00155962+0.000595196j 0.0480514+0.00449223j -0.0267229-0.00119545j 0.0171556+0.0041955j 0.0803708+0.00425796j 0.0613835-0.00056025j 0.102997+0.00349992j 0.00881045-0.00677376j -0.12651+0.023402j -0.203474-0.0493843j 0.0672921-0.0174757j 0.00697688-0.109146j 0.0032232+0.000249986j -0.0836636-0.00575179j -0.121757+0.00875099j -0.186617+0.00455265j -0.0795459+0.00538379j 0.0877986-0.0026968j 0.098384-0.00288657j 0.167338-0.00231685j -0.0776495+0.000606892j 0.139902+0.00494434j -0.0748383+0.00604834j 0.0416049+0.00256173j -0.0553432-0.00980161j -0.0920191-0.0105429j -0.0661796+0.0156001j -0.0619368+6.62781e-05j -0.188009-0.00955187j 0.0756062+0.00446243j 0.0292821+0.00527486j -0.059277-0.0026923j -0.00704954-0.00544746j -0.0567617+0.00759681j -0.00714049-0.0016986j 0.00260392+0.0200556j 0.101206+0.0087208j -0.00386197+0.0135765j -0.076936+0.00334997j 0.0080623-0.0301634j 0.0106567+0.0132483j -0.0572481-0.0208872j -0.0267723+0.0111795j -0.0443712+0.00372046j 0.0353168-0.0079804j 0.0309252-0.0335692j -0.0553699-0.0115567j 0.0205628-0.020058j 0.0304616-0.00825612j 0.0142495+0.038335j -0.0697072+0.0189759j -0.0428129+0.0106226j 0.0138797+0.0299503j -0.0479739+0.0302029j -0.00313688+0.00923431j -0.00324754+0.000353068j 
-0.00576948-0.00217516j -0.0023271-0.00149512j -0.00601701-0.00242235j -0.00299902-0.00601665j -0.00440642-0.000560838j -0.00780184+0.00150311j -0.00927077+0.00304469j 0.00447043-0.00176091j -0.00376991+0.00552157j 0.00345834-0.00179969j 0.00339718+0.00375746j 0.00695094-0.000429528j 0.0237222+0.00175247j -0.0126739+0.000260454j 0.00415652+0.00244457j 0.0349501+0.00656954j 0.00619775+0.00373442j -0.0179676+0.00255912j 0.0138598-0.00774488j 0.0144346+0.00469701j 0.0210943+0.0017336j 0.0485633-0.00833937j 0.0376957+2.67143e-05j -0.0316414+0.00277209j 0.00837755-0.00244025j -0.039851+0.00132848j 0.00876287-0.00121652j 0.0092608+0.0102157j -0.043638+0.00348048j -0.000711782+0.00426529j -0.0233626+0.00438684j 0.0463063-0.00301767j 0.0425667-0.00116805j -0.023689+0.00162588j -0.0349298+0.00286908j 0.0700182-0.00258196j -0.0583164+0.00446477j -0.0348511-0.000307967j 0.0045965-0.00736366j 0.00690246-0.0045695j -0.02925+0.00641769j -0.148101-0.00304355j 0.00284341+0.00450923j -0.175144+0.00545983j -0.123716+0.029716j 0.0486713-0.00185638j 0.0221661+0.0696378j -0.0938185-0.0646637j 0.135773+0.00470743j -0.142513+0.00469564j -0.124226-0.00814445j -0.257861-0.00129268j 0.142018-0.00182944j -0.22485-0.00581525j 0.326814-0.00859004j 0.311718-0.00548597j -0.0136764+0.00521938j -0.0289888+0.00299628j 0.258628-0.00352107j -0.0648306-0.000745957j 0.00590288-0.0014609j 0.0148346-0.00179609j -0.0178699-0.00435948j 0.028004-0.00163311j -0.064181+1.07626e-05j -0.120415-0.00893532j -0.00659153-0.0181372j -0.00568673-0.00840552j -0.00424901-0.00907018j -0.0619371-0.00539638j -0.132046+0.00456996j -0.122699-0.00745765j 0.00633712+0.00366359j -0.0525037-0.00400127j -0.0934573-0.00300728j -0.0125539+0.0034014j 0.0865079+0.033565j 0.101888+0.0189563j 0.0104915-0.00380503j -0.0152984-0.00147606j -0.0510019-0.000517467j -0.0140909+0.00435131j 0.0106929+0.00738059j -0.0120156+0.00353479j -0.066243+0.0191053j -0.0190712-0.020456j -0.00380902+0.0157105j 0.00817308-0.0179701j 0.0268589-0.0235113j 0.0124103+0.00144454j 0.00299525-0.00425534j 0.00606949+0.000714814j 
-0.00110756+0.000484052j 0.000634228-0.00757408j -0.000233991-0.00698153j -0.00599615-0.00828126j -0.0165594-0.00814967j -0.000426165-0.00325026j 0.00855928+0.000978082j 0.00189087-0.00448318j -0.00205107+0.0122431j -0.0106394-0.00953191j -0.00121862+0.00178966j 0.0188181+0.00566921j 0.0165796+0.00230642j -0.0432394-0.00609939j 0.0309719+0.00505491j -0.00747403+0.0110121j -0.0017091+0.00412974j -0.020262-0.0104539j 0.0171209-0.00305051j -0.017121-0.00914305j -0.0151248+0.00677877j 0.0737206+0.00446851j -0.0497325+0.00165505j 0.0500104+0.0057171j -0.0340068+0.00511656j 0.0227918-0.0112598j 0.0585938+0.00394383j 0.0169025-0.00335982j 0.0943524+0.000813074j 0.0298131-0.0184692j -0.0351442+0.00173631j -0.0230997-0.00414256j 0.0129846-0.000811656j -0.0564893+0.00469145j -0.00694829-0.00198191j -0.0397376-0.00058112j -0.00731506+0.00264425j -0.0835065-0.00395026j 0.00659741-0.000977233j -0.0146561+0.00111555j 0.0931335-0.00200511j -0.056209-0.00225094j 0.109946-0.00804393j -0.0140608+0.00328144j 0.128203+0.031017j 0.0751311-0.0214876j -0.0110603+0.0671944j -0.0469383-0.0964242j -0.00891374-0.00715109j -0.151926+0.00379615j 0.0415019+0.00240263j -0.441845-0.00203333j 0.0135255+0.00535873j 0.23868-0.00191019j -0.104741+0.00848938j -0.102833+0.00579311j 0.00164444-0.00123763j -0.0024213+0.0108684j 0.0661662-0.00313273j -0.136518-0.0135206j 0.102867-0.00463059j -0.0260789-0.00668622j -0.0234708+0.0148105j 0.123568+0.0152584j -0.0128081+0.00515544j 0.0514422+0.00818928j 0.0984988+0.0198567j -0.0239557-0.0275048j 0.0070534+0.0185499j -0.078498+0.0101321j 0.0283303-0.00606223j -0.0620061+0.011086j -0.0396048-0.0192362j -0.0572799+0.00376553j -0.0512097+0.0237549j 0.034061+0.0247527j -0.00946088+0.00275003j -0.0422498-0.028584j 0.0278514-0.000629968j -0.0641449-0.0101034j 0.0475879-0.0277906j -0.0756123-0.00767061j 0.0467756-0.0264592j -0.0326026-0.00397662j -0.0132503-0.0205595j 0.00610179-0.01254j -0.00500811-0.00668865j 0.0176634-0.00856504j -0.00902693-0.019067j 0.017813-0.0206701j -0.00148159+0.00547772j -0.00338431+0.00298245j 
-0.000365341+0.00121948j 0.00591269+0.00234944j -0.0077708+0.00211459j 0.0068018+0.00156514j 0.0146364+0.00309236j -2.20947e-05+0.00485476j -0.00205121+0.00617229j -0.00267299+0.00101992j -0.0111498-0.000405363j 0.00216609+0.00047546j -0.00299263+0.00508681j -0.0293205-0.0103042j 0.00671382-0.00128142j 0.00654785+0.00617189j -0.0264528-0.00461604j -0.01931-0.00181652j -0.00997254+0.0029114j 0.00269964+0.00422626j -0.000979225+0.00528157j 0.00549468-0.00356175j 0.00178667-0.00696572j 0.022803-0.000226415j 0.0155941-0.00443483j -0.0579651+0.00388892j -0.0262002+0.00554198j 0.0327576+0.000973823j 0.00426965-0.000116573j -0.00764489-0.0117283j 0.0137189+0.00376883j -0.0304994+0.00286926j 0.0186773-0.000208669j 0.0704262-0.00248147j -0.00457511-0.00294195j 0.0266146-0.004077j 0.0281106-0.00856867j -0.0354849+0.0113079j 0.0424254+0.000630403j -0.010991-0.00499891j 0.0167883-0.00416975j -0.0808449+0.00590329j -0.116662-0.00284537j -0.0064729+0.0046124j 0.0952044-0.0192371j 0.093032+0.00560798j -0.0615146-0.041003j 0.141416+0.0317988j -0.0170472-0.0689565j -0.0147523+0.0891868j -0.0959531-0.00850201j -0.0124236-0.00786066j -0.0705077+0.0150802j 0.0562881-0.00687j 0.0862034+0.00140338j -0.241028+0.000717437j -0.0180076+0.0131892j -0.0769191-0.00578232j 0.0143939+0.00481499j 0.142216+0.00938904j 0.157054+0.00500838j 0.0925331+0.00407768j 0.143184+0.0174884j 0.0454419+0.00376598j 0.11289-0.00021683j -0.0251242+0.00869348j -0.0453069-0.0149547j -0.00872085+0.0183814j -0.0734685-0.00360551j 0.0442-0.00958782j -0.0165129+0.00267883j 0.0377082-0.00240288j -0.0244037-0.0127813j -0.0103512+0.00535014j -0.00794722-0.00281124j -0.0872858+0.0347873j 0.00239195+0.0297349j 0.0692448-0.00621732j -0.0691099-0.00336032j 0.0245959-0.0219953j 0.0420511-0.00754819j 0.0689428+0.00531971j 0.0238602-0.0526592j -0.040588+0.00454074j 0.0154602-0.0182159j 0.013876+0.0123275j -0.0386865+0.0044503j 0.0454821-0.0231226j -0.00849351+0.0386768j -0.0346035+0.00514029j 0.0280657-0.0132448j 0.00604231+0.00949967j -0.00961702+0.00179082j 0.000977802-0.00243394j 
0.00345512-0.00114688j 0.000850087-0.00538538j 0.00683663+0.00322029j -0.00116766-0.00271312j -0.00350018-0.00517703j 0.00917847-0.00494097j -0.000310279+0.000302464j -0.000441953+0.00179698j 0.00104438-0.00142502j -0.00694613-0.00377569j 0.0306166-0.00274924j 0.0103257+0.00890579j -0.0034177+0.000227016j -0.0109346-0.00106876j -0.000450454-0.00328931j -0.000347894+0.00778418j 0.0230829-0.00505255j -0.0110944-0.00121904j -0.00257997+0.00757651j -0.0213899+0.00515207j -0.00385768+0.000718187j 0.00272926-0.00101715j -0.0252459-0.00542904j 0.0493403+0.00302516j 0.00536649+0.0127811j -0.0266662-0.00200119j 0.00264048+0.00386792j -0.0241094-0.00370822j -0.0130698+0.00179874j -0.0162855-0.00375118j 0.00138471+0.0011487j -0.0671737-0.00310359j -0.00998548-0.0059789j -0.102768-0.00140648j 0.0216635+0.00289967j -0.0257608+0.00415209j 0.00722242-0.00259896j 0.0314349+0.00526629j 0.0238411+0.00354907j 0.0261232-0.00981722j -0.00691337-0.00179363j 0.029388+0.00783128j 0.00653034-0.0120579j 0.025588-0.00529427j -0.108073-0.0124248j 0.220248-0.00351649j 0.0387213-0.0715819j -0.0977782-0.0767997j 0.207281-0.000834242j -0.0663609+0.000381256j -0.138485+0.00720297j -0.134116-0.00556682j 0.339284-0.0142414j 0.164941-0.00529693j 0.13469+0.00454245j 0.0674784-0.000732676j -0.0857407+0.00122669j 0.0421544-0.0177404j 0.0739061-0.0130213j 0.124281-0.00296585j 0.094344+0.00736923j 0.0390814+0.0119757j -0.0211094+0.0121382j -0.022134-0.00532632j 0.0485867+0.00719308j 0.0703617+0.0094272j 0.127345+0.0175039j 0.0441712+0.0071251j 0.00866176+0.0115122j -0.0455659-0.0157427j -0.0664169-0.0139984j -0.0923869-0.0126452j 0.0439661+0.0166763j 0.00114305+0.00229301j -0.0290224-0.0231392j -0.0165305-0.00436043j 0.0259011-0.0533734j -0.00419433+0.00318702j -0.0126995-0.0114297j -0.0226414+0.00883022j -0.0184842+0.0188585j -0.0192976+0.0104686j -0.0026247+0.0100594j 0.0417364+0.0121696j 0.0543533-0.00897103j 0.00726649+0.000729392j 0.023697-0.0186263j -0.0102993+0.0230503j -0.021488+0.0051644j 0.000647503-0.00399435j -0.00281967+0.0121968j -0.00946891+0.00440895j 
-0.0106537-0.0028415j 0.00621427+0.00239023j -0.00865914-0.00778034j -0.00562564+0.00351989j 0.00106537+0.00358111j 0.00143457+0.00490467j -0.000520877-0.00420815j -0.00388991-0.00251756j -0.0153362-0.0090561j 0.0370831+0.0040886j 0.00689555+0.00450161j -0.0232948-0.00765073j 0.0102824-0.00167766j 0.0178163+0.00767175j 0.00847777+0.00609874j -0.000926084+0.00749835j 0.0089714-0.0124277j -0.0018723+0.00447245j 0.00895669-0.00578687j 0.012903+0.0109242j 0.026665+0.00882714j 0.0149116-0.00474098j 0.0762805+0.00212018j -0.0740222-0.00144446j -0.0391933-0.017532j -0.00212719+0.0135585j 0.0387234-0.000196514j 0.0218345+0.0092047j 0.00650096+0.0114248j -0.0132116+0.00014727j 0.00239201+0.000283547j 0.0240245+0.00670139j 0.0152391+0.000441512j -0.043235-0.00258166j 0.0180946+0.0149611j -0.0508818-0.0188127j -0.0952002+0.0064667j -0.0587078+0.00401169j 0.0297202+0.00336112j 0.0393364-0.0013407j -0.104108+0.00507701j 0.0253689-0.00350076j -0.230768+0.0111284j 0.0517705-0.000152578j -0.0483668-0.00706629j 0.0258358-0.000790278j 0.0438941-0.0615077j -0.0211038-0.00626238j -0.0480555+0.00858328j 0.158309-0.0122223j -0.13451-0.00211493j 0.0573141-0.00545327j 0.18232+0.00264855j -0.143118-0.0171333j -0.0957348-0.00299623j 0.0496851+0.0140814j -0.0650889-0.0107519j -0.177566-0.0110665j 0.0675794-0.00163175j -0.0101539-0.00757888j 0.0543777-0.0183735j -0.0819231-0.010786j 0.0801152+0.00948425j 0.0273922+0.00961539j -0.0417893+0.0134147j 0.0355276-0.0102425j -0.0477313+0.0320318j 0.0500466-0.00653602j -0.112242+0.00712866j 0.0769899+0.00564248j -0.0320306+0.00139166j -0.070321+0.0228433j 0.0114301+0.000514205j 0.0548497+0.0134511j 0.0310249+0.0128382j -0.00750782-0.017957j 0.0234461-0.0241031j 0.00271586-0.0301384j 0.0314531-0.00920622j 0.0151384-0.00599767j 0.0172898+0.0161678j -0.0066581-0.0141513j 0.0507952+0.00820055j 0.0263408-0.0238925j 0.0121319-0.0205588j -0.0238224+0.023482j -0.0420371+0.00306152j 0.0140691-0.0181395j 0.00432797-0.00162957j 0.00395325-0.00301253j -0.000801024-0.00579351j 0.0121353-0.0031502j 
-0.000644396-0.00618748j -0.00447307-0.00161278j -0.00785521-0.00198458j 0.00703629+0.00567585j -0.00413712-0.00213041j -0.0164746-0.0118797j 0.0117648-0.0029537j 0.0127588+0.00979805j -0.015903-0.00276975j 0.037804+0.00303261j -0.0339632-0.000571496j -0.0228801-0.00471537j 0.0109708+0.00224049j -0.0235171-0.00427504j 0.0161195-0.00477817j -0.0083356-0.00052812j -0.0557754-0.0154656j -0.0365612-0.0119874j 0.00928973+0.0136268j 0.0431265-0.012042j 0.0249419+0.0091189j 0.0117662+0.0142991j 0.045575+0.00650986j -0.0730475-0.00730902j -0.105514-0.00379493j 0.00485396+0.00650325j 0.0499876+0.00767263j 0.017347-0.0142328j 0.0437972+0.00618599j 0.015523-0.0146311j -0.0192887-0.00573235j -0.00912359+0.013904j -0.0629219+0.00510027j 0.0626317+0.00612741j 0.0567019+0.00274717j -0.0723509-0.0038838j 0.0145144+0.00535703j 0.0290489+0.00543129j 0.124859+0.00616765j -0.103052+0.0082357j 0.0800821-0.00597732j 0.138627+0.014824j -0.0397806+0.0123599j 0.162896-0.00435966j 0.023037+0.0467863j 0.0146815-0.0343585j 0.0248929+0.0216924j -0.0519751-0.070989j -0.115748-0.00177627j 0.134185-0.0159621j -0.0130231-0.00135304j -0.179299+0.000232646j 0.00649356+0.000792504j 0.112886-0.00277175j 0.0578464-0.00437612j -0.220353-0.00819731j -0.128821-0.0065855j 0.00696447-0.0138363j 0.0348066+0.00157182j 0.064387+0.0117369j -0.0783324+0.00144314j -0.0783134+0.00401007j -0.00131305-0.00446252j 0.0291836+0.00254894j -0.104361-0.00502196j -0.0851428+0.00759118j 0.012635+0.00330007j 0.0600126+0.0270063j -0.0316498-0.0157566j -0.011229-0.0238096j 0.0330069+0.0153316j 0.0369916-0.0156204j -0.00617302+0.0185852j -0.0500574-0.00312255j 0.0123185-0.0235386j 0.0203257-0.0208423j -0.023397+0.0211755j -0.0701718+0.0238934j -0.011681-0.0129348j 0.0149751-0.00911376j -0.0478543-0.025907j -0.00780871+0.015535j 0.0590799-0.00301794j 0.0259882-0.0229526j -0.0635848+0.00569451j 0.00425814-0.0209693j -0.00534038-0.0115545j 0.0231283-0.0146356j 0.00929792+0.0024335j -0.0204267+0.00502894j 0.00319391-6.17205e-05j -0.00560757+0.0106593j 
0.00410571+0.00428175j 0.0131274+0.00548755j -0.0105661-0.00453413j -0.0128844-0.00416826j 0.00822509+0.0104088j 0.00728658-0.00287623j -0.0254067-0.0150865j -0.0227926-0.0132732j 0.0359842-6.44503e-06j -0.0177853-0.00406466j 0.00500447-0.00132724j -0.00681399+0.0142693j 0.00269079-0.00604709j 0.0376422+0.0101637j 0.0667658+0.0162885j -0.0233289-0.0031466j -0.00784913-0.00219608j 0.0371263+0.00680191j -0.0139001-0.00332326j 0.0268508+0.00274789j 0.00412636+0.00589771j -0.0392122-0.000182256j -0.0365746-0.0135122j -0.0248381-0.00756278j 0.0213898+0.00342968j -0.00368227-0.0101179j 0.0114327+0.00418418j 0.0151846-0.0131408j -0.0356482-0.00329278j -0.00464358-0.00466488j -0.0300415-0.0110107j 0.0434501-0.0105288j 0.0665857+0.000259297j 0.0149585+0.00507771j -0.0735501+0.00808667j 0.0584789+0.0052834j 0.0032041+0.0123849j 0.0102599+0.010243j -0.0563056+0.00893053j -0.0657735+0.0047026j 0.0302058+0.00844247j 0.209676+0.00861349j 0.00773785+0.00244354j -0.0234401-0.00138114j 0.00361927+0.0283323j -0.109615-0.0730826j 0.0430342-0.0928435j 0.00471946-0.168314j 0.178399-0.00375196j 0.195398-0.00492218j 0.0692755+0.000555148j -0.0514916+0.0270718j 0.148319-0.00417362j -0.00149482+0.0156653j -0.184784-0.0124371j -0.0399496+0.00405967j -0.181928+0.00159097j -0.0257082-0.0100909j 0.0031111+0.0144697j -0.0548746+0.00368899j 0.138817+0.0238701j 0.0349735-0.00666701j -0.00534455-0.00767852j 0.0556829+0.00599184j -0.0834808-0.0191657j -0.0084734-0.0101292j -0.0219113-0.00918593j -0.0538384+0.0149712j -0.00731601-0.0101376j 0.0223066-0.00100383j -0.0243877-0.00982678j 0.0225691-0.014304j 0.0144322+0.015715j 0.0397083-0.00766786j -0.034039-0.0103396j 0.0380933+0.000262539j 0.00856124+0.0157241j -0.0205935+0.0052931j -0.029207+0.000509206j -0.0188619-0.00730916j -0.0364678+0.00650349j 0.0333406-0.0111975j 0.0160113-0.00745255j -0.00769479+0.00628533j 0.0185858-0.0244942j 0.0289979+0.00337074j -0.023377+0.0121981j -0.00682022-0.00410744j -0.0128749-0.0113795j 0.0204596-0.0134957j -0.0083713+0.0013307j 0.000768751-0.000461433j 
-0.00141-0.00128209j -0.000435572+0.00384386j 0.00295494-0.00177795j 0.0107359+0.00220643j 0.00841261-0.000144864j 0.00305489-0.00386094j 0.0134742+0.00246638j -0.0132895-0.00233855j -0.00211767+0.00191695j 0.0290408+0.00963983j -0.0126544+0.00209115j -2.18675e-05-0.0121358j -0.0148183+0.00234976j 0.0226226+0.00504902j 0.0206528-0.00364896j -0.0126086-0.0208205j 0.00933109-0.00470753j 0.0169117-0.000692868j 0.0283427+0.0179888j 0.0204321-0.00288557j -0.0464627-0.00284362j -0.018217+0.000601899j 0.0146709+0.00453023j -0.0570575-0.0084263j 0.00558766+0.00921001j -0.0149578-0.013261j 0.00360883-0.00359571j -0.000151847-0.0104502j -0.0552097-0.00521304j 0.029414+0.00852829j -0.04829-0.00380663j 0.0560867+0.0069702j -0.0540169-0.00271965j 0.100642-0.0122202j 0.0186088-0.0121915j 0.0425999+0.00533049j 0.0560818-0.00622234j 0.0979083-0.00154543j 0.0278437+0.0097383j -0.00632464+0.00633239j 0.0232807-0.0112909j 0.079032+0.0170763j 0.1199-0.00790034j 0.026054-0.00751449j -0.0759629+0.0234822j -0.143572-0.0271712j 0.0304642+0.021778j 0.00164763-0.0641405j 0.0509385+0.00193095j 0.115929-0.00450149j 0.126908+0.0087774j -0.0783146+0.0135459j -0.0732082-0.0156412j -0.0789506+0.0209139j 0.287817+0.00976429j 0.0335564+0.00834551j -0.00796042-0.00722365j -0.0298189+0.00113302j 0.035691+0.0169242j -0.091256-0.00642229j 0.0152875-0.00910352j -0.0895174+0.011806j -0.0592782+0.0371152j 0.00889939+0.00898282j -0.0340624-0.0198791j -0.0219801-0.00345987j 0.00284428+0.0359964j -0.0463509+0.000689733j 0.0168421+0.00544305j 0.0810453+0.0239891j 0.0152113-0.0460572j 0.038314-0.00729178j 0.0221421+0.0115731j -0.0399358-0.00789607j -0.0427507+0.0112375j -0.00298325+0.0277924j 0.0632107-0.0529409j 0.0137904-0.0110837j -0.0218501-1.34916e-05j 0.0136685-0.00553949j -0.00413426+0.0259575j 0.0249661+0.0172992j 0.0624134+0.00427961j -0.0101789+0.00384153j 0.0130283+0.0100846j -0.0208571-0.0102963j 0.0264881-0.013299j 0.00174601-0.00470857j 0.00915296-0.00629999j -0.00516356-0.000259184j 0.00186969-0.00603321j -0.000884075+0.00264659j 
-0.00641697+0.000464701j 0.00740418+0.0018786j -0.00460411-0.00499151j -0.00139039-0.00280471j 0.0109492+0.00223662j 0.00465152+0.00568488j -0.0131216+0.00415678j -0.0130212-0.00769656j -0.0104416+0.00299726j -0.0056022+0.00139863j 0.0078472+0.00392328j 0.00373435-0.0114978j -0.005726-2.72496e-05j 0.0059005+0.00423698j 0.030505+0.00789196j -0.00151863-0.00680578j 0.0250027+0.0112182j 0.00380069-0.00332932j 0.00347446-0.00467946j 0.00993946-0.0023532j -0.00943362-0.000495405j 0.0242259-0.00392642j 0.012528+0.00935937j -0.0417174-0.00642423j -0.0146289-0.0119974j 0.0262221-0.0113073j 0.0186021-0.0022824j 0.0680352+0.00202533j 0.0231332-0.00237322j 0.0394202+0.00111937j -0.0191717-0.000861372j 0.0304419-0.00757156j 0.0242698+0.00590976j 0.0871949-0.00143145j -0.0281991+0.00132642j 0.0356262-0.00354017j 0.00135187-0.00253497j -0.0064819-0.00304518j -0.0171879+0.00510909j 0.0450855-0.00623069j 0.0440192+0.00265805j -0.0893243+0.00162703j 0.124695+0.00333726j -0.0710092-0.00504851j 0.0785296+0.0540941j -0.171536-0.034902j -0.00197615+0.11612j 0.0322545-0.0606751j -0.109369-0.00489336j 0.0168534-0.00196619j 0.117406+0.00298475j -0.172618-0.00632628j -0.339443+0.000303539j -0.0982732-0.00691482j -0.0608118+0.0123791j 0.0333681+0.0021725j -0.0795212+0.00368682j -0.0355362-0.00547221j 0.06647-0.0123412j -0.0942873+0.00300758j 0.0581367+0.0166459j 0.0433006+0.0121391j -0.0158085-0.00225849j 0.03797-0.0144959j -0.024446+0.0108456j -0.0749717+0.0110486j 0.0464833-0.011967j -0.104332+0.0223169j 0.0486725-0.0051107j 0.0380779-0.0157336j 0.0758828+0.0133693j 0.0390009-0.00791815j 0.00667106-0.0041375j -0.0153106+0.0187147j -0.060326-0.00863022j 0.0473764-0.00681025j 0.0504573-0.0228979j 0.00969271-0.00800601j 0.0448565-0.0191067j 0.0213903+0.00520654j -0.030621+0.0130504j -0.0400813+0.015666j -0.0138892+0.0244624j 0.0110921+0.0209567j 0.0140891-0.00217737j 0.0043761-0.00512131j -0.00488136+0.0133387j -0.0172978+0.0071576j 0.00895791-0.0128342j 0.00736801-0.00178102j -0.00533132-0.000965447j 0.00846185-0.00412896j 
-0.000640418-0.000932514j 0.00238994-0.000274484j 0.00352749-0.00280732j 0.0108439+0.00792113j 0.00424395-0.00278356j -0.00341866-0.00336255j -0.00481214-0.0110827j 0.010659+0.00168311j -0.00180863-0.0103099j 0.0151822-0.003276j -0.00755065-0.00621503j -0.00914362+0.00425055j -0.00318382-0.0041837j 0.0149427-0.00186317j 0.0427704+8.55655e-06j -0.0245362-0.00523911j 0.0147045-0.00709468j 0.0400328+0.00668281j -0.019798+0.00868662j 0.0173758+0.0105285j 0.0563447+0.00640713j -0.00512484+0.00574814j 0.0443032+0.00635763j -0.00156675-0.00900415j 0.02466-0.000705247j -0.0354901+0.00559217j 0.0288577+0.00596531j 0.0877283+0.0126742j -0.0475+0.00491213j -0.0191171+0.0179503j -0.0145564-0.00145635j -0.0345238+0.00873278j -0.0419273-0.00474888j -0.0113176+0.0135637j 0.0567403+0.00472257j -0.0844166-0.00385803j -0.0120632-0.00923001j 0.0209023+0.00453046j 0.00989338+0.00274364j -0.0504323-0.00873918j -0.0882048+0.00930712j 0.0582152+0.0114622j -0.0145542+0.0151433j 0.116383-0.00200152j -0.0945592+0.00125195j -0.0410353-0.0186662j 0.0295034-0.0670679j -0.00260533-0.0394396j 0.00789489+0.00968841j -0.0402536-0.00715213j -0.189576-0.0257695j 0.111216-0.00497071j 0.0913487+0.00154731j -0.0675505-0.0117186j 0.00892133-0.00210434j -0.0505442+0.00846364j 0.0167762-5.27849e-05j 0.034226+0.00780828j 0.0780254-0.00862169j -0.0171507-0.00412911j 0.0330995-0.00887344j 0.120311-0.00762176j -0.0224883-0.00302363j -0.106473-0.0143412j -0.0398419+0.043113j 0.0286505+0.00629417j 0.0108552-0.0177484j 0.0547467+0.00279032j -0.00775429-0.0168847j 0.0325781+0.0107378j -0.0460148+0.0203661j 0.0103064-0.000341561j 0.0801575-0.044828j -0.0335032+0.0120146j -0.00113935+0.0105363j -0.0125321+0.0230377j 6.79984e-05+0.0246667j -0.0569136-0.0145259j -0.0258849+0.00684942j 0.0138484-0.0136174j -0.0254642-0.00713348j -0.0509773+0.0143776j 0.00307389-0.0156372j -0.050212+0.0241565j 0.0199415+0.007592j 0.00730009-0.00911455j 0.00789668-0.00475783j -0.0176954+0.0108751j -0.000301796-0.00126342j 0.00213877-0.00467563j -0.00234144+0.0027263j 6.08379e-05-0.00199476j 
-0.000986016-0.00341455j 0.00130921+0.003141j 0.00182878-0.000207428j -0.0057852-0.00591962j 0.011236+0.00818038j 0.00332823-0.00126863j -0.0240754+0.00529286j -0.00632216-0.0018177j -0.00439799-0.0046495j -0.0206739-0.00114083j 0.0192409+0.00917953j -0.0165937-0.0223275j -0.0229741+0.00225414j -0.00326991+0.01615j 0.00449067+0.0147797j 5.5907e-05-0.00223593j -0.015455+0.00518836j -0.0165386-0.00870453j -0.0159261+0.0197008j -0.000700173-0.00640919j -0.0111619+0.00887894j 0.0336783+0.00484705j 0.00546247-0.00693783j -0.0324971+0.00386903j -0.105765+0.0169691j 0.0693927-0.00564322j -0.00433055+0.00442265j -0.0190129-0.00982942j 0.0616048-0.00278862j -0.0143449-0.0113639j 0.00345857+0.00500902j 0.0549477+0.00426066j 0.021016-0.015035j -0.00856392-0.0160731j 0.0376386+0.0115246j -0.064793-0.00928067j 0.054185+0.0150979j 0.0143659+0.00671863j -0.00534811+0.00659791j -0.0347349-0.0181122j -0.0448412-0.0158735j 0.0787019-0.000337242j 0.154284+0.011762j 0.249092+0.00569363j -0.0875186+0.00983848j 0.0616931+0.0441088j 0.0494201+0.0900911j -0.0740068-0.0185355j -0.203708-0.00819163j 0.0360987+0.0110107j -4.06147e-05-0.0145102j -0.146398-0.00778944j -0.0191873-0.0177042j 0.00914404+0.00598917j 0.081723-0.0168398j -0.0244762+0.0202136j -0.0506623-0.00352136j 0.00148431-0.000954644j -0.0325734-0.00747764j 0.0962855-0.0295747j 0.0121651-0.0244243j -0.00809757+0.00516059j -0.00439481-0.00407809j 0.0319864+0.0161631j -0.0353441+0.00720296j 0.0119863-0.030033j 0.0718465+0.0035827j 0.0994991-0.0273635j 0.000151951+0.0094132j 0.0298538+0.0130798j 0.0313397-0.00757261j 0.0490084+0.00106905j -0.0117705-0.00909297j -0.0722876+0.017071j -0.0036267+0.0106545j 0.00225993+0.00913985j -0.0219729+0.0043064j -0.00890194+0.00901423j 0.0394556-0.00135215j -0.0106906+0.0106932j 0.0045826-0.00154049j 0.00959345-0.00303899j -0.0326116+0.0166513j 0.0165333+0.0186183j -0.000206837+0.00263725j 0.0185489+0.00105007j 0.000879714+0.000454789j -0.0114027+0.00974168j 0.00212079-0.00167813j 0.00504518-0.00078847j 0.00126898-0.000486759j 0.00168077+0.00396092j 
-0.00642112-0.00733665j -0.00530502+0.000636219j 0.0116954+0.00525767j 0.00169769-0.00227688j 0.00405657+0.00181132j 0.00688676+0.00874681j 0.000922507+0.00720705j 0.00279319+0.00268517j -0.0138003-0.00792816j 0.00254111+0.00480278j 0.0275941+0.015396j -0.00528012-0.0210001j -0.021882+0.000647148j -0.0238801+0.00913411j -0.0479377-0.00175031j 0.0073806-0.00716832j 0.0359889+0.0110379j -0.0243981-0.00803725j -0.0049473+0.0109217j -0.0257339-0.0112026j -0.0071726+0.00614553j 0.0710003+0.0148595j 0.0134973+0.0130629j -0.0258476+0.00116633j -0.00572869+0.00698736j 0.0354572-0.0158287j 0.0622214+0.00291122j -0.0416527+0.00606861j 0.109095+0.00237946j -0.0206549-0.0102071j -0.0318918-0.000789271j 0.0114356-0.00540441j -0.0239376+0.00379033j -0.000507536+0.0101217j -0.0241307-0.0182369j 0.0322752+0.0129666j 0.0158795+0.00488886j 0.0851784-0.00751163j 0.100313-0.0148821j -0.112625+0.0152906j -0.0574096+0.00186428j 0.0069508-0.000772765j -0.0628258-0.0109807j 0.16842+0.00319205j 0.159803+0.0678764j 0.0532874-0.0489234j -0.015018+0.079821j -0.0447966-0.10419j 0.168372-0.0124133j 0.216095-0.00571225j 0.056611+0.021847j -0.0486666-0.00131665j 0.118737+0.0119539j 0.00417845+0.00435341j 0.0747402+0.0216808j 0.0325188-0.0030128j -0.0275084-0.0156187j -0.0164077+0.00554596j -0.0365901-0.00144478j 0.05922+0.0159441j 0.0381956+0.00740582j -0.000261706+0.00735898j 0.0185489-0.0131417j 0.118577-0.0210238j -0.0150195-0.000687518j -0.0286717+0.00977568j 0.083229-0.0101561j 0.0466023+0.0356951j -0.0585149-0.00818946j -0.0185411+0.0083606j 0.0175737-0.00401091j -0.0083498-0.0128569j 0.0281891-0.0196087j 0.0429088-0.024839j 0.0386698+0.0136917j -0.0493699+0.016902j 0.00353505+0.00428998j 0.0262551-0.00726366j 0.0379401+0.0116024j -0.025719+0.00460379j 0.00756864+0.0164863j 0.0148656-0.0130295j -0.0217289+0.0151531j -0.0041638+0.0119818j 0.0147364+0.00536521j -0.00848652+0.0108057j 0.0173163-0.00365695j -0.00580977+0.00497367j 0.00342146+0.00527628j -0.00355087+0.00621253j 0.0088611-0.00392018j 0.00204462+0.00535795j 
-0.000330177-0.00378469j -0.000435386-0.00433815j 0.00931229+0.00707249j 0.00281913-0.00183799j -0.00122898-0.00573566j 0.0077212+0.00235754j -0.0135-0.00383818j 0.0217956+0.00506554j -0.00982689-0.00434529j -0.000408375-0.00314819j 0.0282148-0.00294312j -0.0116906+0.0119353j 0.00462175-0.00241167j -0.00996122-0.00226641j -0.00263877-0.00282199j 0.0018911+0.00827135j 0.0135792+0.00148714j -0.0273484-0.000225034j -0.0512173-0.00858917j 0.00561025+0.00736095j 0.0669949-0.00325843j 0.00978572-0.00482326j 0.0232821-0.00616806j 0.0247947-0.0115939j 0.00946209-0.013969j -0.0292714-0.002188j 0.0281986+0.00332546j 0.10495+0.016263j 0.0540762+0.00394529j -0.0150171-0.0209899j 0.00474206+0.00943825j -0.0745296-0.0167882j 0.0395015-0.00294158j 0.0360605+0.0188029j -0.0160345+0.000775728j -0.00215524-0.00535152j -0.0376277+0.0105417j -0.0309423-0.00272536j 0.0606296-0.0336411j 0.0117692+0.00865757j 0.0750557+0.0206867j -0.0947459+0.00874115j -0.122685-0.0092722j -0.113496+0.0259406j 0.163191+0.0408739j 0.00750675-0.0545933j 0.00119393-0.0306556j -0.00172956-0.115549j 0.0491062+0.00480078j -0.064253-0.00764897j -0.130557-0.000693786j 0.0229155-0.00491459j -0.279631-0.00348275j 0.075688-0.0021287j -0.00399339-0.000887773j 0.00740202+0.00296091j 0.0395855+0.0113024j 0.0767946-0.000160404j 0.0726108+0.0131142j 0.0126794+0.00577456j -0.0607704+0.00449906j 0.0201697-0.00313702j -0.0576007+0.00529142j 0.01472+0.00147174j 0.0233219+0.0142788j 0.0210838-0.00808229j 0.0401025+0.0035081j -0.0271888-0.00967476j -0.0104016-0.00562232j -0.0560142+0.000635249j -0.000730307-0.0279926j 0.043672-0.0279033j 0.0320248+0.000401169j -0.0391876+0.0250541j -0.00225758+0.00379032j -0.0681141+0.00903603j 0.0138415-0.00870689j -0.0265379+0.0143695j -0.00662399-0.0149798j 0.0120393-0.005178j -0.0311847-0.0101779j -0.0419465+0.0167679j -0.00569002+0.000422134j 0.0216084+0.00399441j 0.00736174+0.00765002j 0.0107758-0.0105585j 0.0060428-0.00111387j -0.0160646+0.0154606j 0.000374691-0.00148832j 0.00496154+0.00417117j -0.000790881+0.00780848j -0.00122715+0.00196123j 
0.00073884+0.00481073j 0.000817917+0.0021539j -0.0117775-0.0134028j -0.0115056+0.0050989j -0.0194114+0.0104173j -0.0069312-0.00053713j -0.00881392+0.00262749j -0.00274292-0.0149j -0.000277477+0.000255204j -0.0150447-0.000151647j -0.000326877+0.00814329j 0.0220341-0.0216737j -0.0117116+0.0118627j 0.00573391+0.00851682j 0.0159228-0.005224j -0.00776129+0.00571592j -0.0132168-0.0122505j 0.042539-0.0269851j 0.0551219+0.00675047j -0.00601766-0.020396j -0.0207029+0.006383j 0.0117819+0.00652252j 0.0270109-0.0227169j 0.0161402+0.0150823j -0.0125488+0.0212334j 0.00547557+0.0152388j -0.0103742-0.0306335j -0.0105317-0.036968j -0.0512322+0.0322279j 0.0225593-0.00416551j -0.0219581+0.0263605j 0.0467404+0.0139999j -0.0563925-0.0135642j -0.0563052+0.00316154j 0.0548026-0.0347061j -0.0824982-0.000104568j 0.0249234+0.00994339j -0.0251428-0.0123963j -0.070821-0.0295936j -0.00497624+0.0177463j -0.0686524+0.065991j -0.0291546-0.0288504j 0.0931823+0.00591713j 0.168204+0.00594817j -0.213977+0.00436599j -0.204719+0.15211j -0.0101361+0.128071j -0.00573301+0.132252j -0.16279+0.0311609j -0.0986919-0.0623957j 0.0157135+0.0521069j -0.0715314+0.0456893j 0.00183818-0.00478813j 0.0642326-0.00611021j 0.0196994+0.0158121j 0.0213195-0.0194767j -0.0875376-0.0206953j -0.0609211-0.00127707j -0.0684945-0.0157475j -0.0544875+0.032609j -0.0512414+0.00848851j -0.0301035+0.0174233j 0.00280838-0.0329689j -0.0527039-0.0150125j 0.00466844+0.0463232j 0.00934375+0.0337424j -0.000717751-0.00390135j 0.00692678+0.0174718j 0.0155379+0.0040804j 0.0451585-0.0105939j 0.0152049-0.00902352j 0.00027858-0.0143953j 0.0046716-0.00614605j 0.0393567-0.0201368j -0.0452587+0.0105506j -0.00312633+0.00274767j 0.00182154-0.0171383j -0.0191197+0.0263131j -0.00357843-0.00713756j 0.0132284+0.0225541j 0.0031492-0.00497447j -0.00764272+0.0060748j -0.00719371+0.0189634j 0.0103023-0.00368876j -0.00327566-0.00260262j -0.00143338-0.00069392j -0.00528064-0.0168422j 0.0119998-0.0138963j -0.0100848+0.00461038j 0.0055047-0.0129476j -0.00290974-0.00455821j 0.00389152-0.00352915j 
-0.00459404-0.00461932j -0.00765725+0.000432358j 0.00296305+0.00068032j -0.00276134+0.00179281j -0.0165594+0.00215812j -0.0227862-0.000493356j -0.00275944-0.0114736j 0.00519528-0.000158595j -0.00452551-0.0126752j -0.0139897+0.00350834j -0.00854282+0.0128116j 0.024006+0.00583475j -0.052032+0.00391316j -0.014672+0.00958791j 0.0268922-0.0382602j -0.0271513+0.0112537j 0.0135782-0.0160594j 0.00961924-0.0160008j -0.00846394+0.000543478j 0.016994-0.00989896j 0.000720861-0.0253051j -0.00544219-0.0195455j -0.00703798-0.0180784j -0.0247767+0.0056604j 0.000880759-0.00834674j 0.00949543-0.0135135j 0.0633515-0.0296761j 0.0855291-0.0437612j 0.0281379-0.0144566j 0.0497879-0.00213209j -0.0244066+0.0356024j -0.0349395-0.00389813j 0.00340996+0.0261945j 0.0466896+0.018386j 0.00100767-0.0364787j 0.0687189+0.00539764j -0.0052432+0.000174806j 0.037005-0.0189874j 0.0428855+0.0292905j -0.0058479-0.0184656j -0.076166+0.0765146j 0.0844177-0.0467586j -0.121679+0.0113758j -0.0526642-0.0500466j 0.117275+0.0525783j -0.105663+0.0278235j 0.0547126-0.133086j -0.00811586-0.164505j 0.0723828+0.0442292j 0.105966+0.00825812j -0.0939354+0.00697292j -0.0819657+0.0821081j -0.00655094+0.00590466j -0.0544762-0.0224572j -0.0456+0.00446522j -0.0132763+0.00933266j 0.0638323+0.00823691j -0.0148513+0.0431852j 0.0390306+0.00780536j 0.020756+0.00816811j 0.0400037-0.0148566j -0.0375522+0.0225414j 0.00836197-0.0337055j 0.0139512+0.00635668j -0.0863161+0.0284405j -0.0725365+0.0219257j -0.0138927-0.0218413j 0.00147595-0.023545j -0.0313412+0.00861255j 0.0158696+0.0129797j 0.00188727-0.00114048j 0.0222921+0.0301486j 0.0282429+0.00291468j -0.0237435-0.0140778j -0.0108208+0.0215236j 0.0215665-0.00613612j 0.0159179-0.0184594j -0.0268258+0.0201188j 0.0216398-0.0039174j -0.0260196+0.0478318j 0.0160992-0.0375561j -0.0144247+6.00836e-05j -0.00621618+0.00727871j 0.00461661+0.0104006j -0.0128437-0.00172029j -0.00356989-0.00853956j 0.00785609-0.0144081j 0.00927284-0.0148176j -0.00178082+0.00475272j -0.00964446+0.00303086j 0.00652539-0.00269119j -0.00137243+0.00697241j 
0.0041783+0.00270267j -0.00548696-0.00628392j -0.00821872-0.0107047j -0.0148732-0.00474644j -0.0273725-0.0122806j -0.00603052-0.00885806j -0.0103867-0.0118969j 0.0285955+0.00461318j 0.00973483-0.00177762j -0.0241715-0.0168436j -0.0104995+0.000497653j -0.00470404+0.0221223j 0.031671-0.00795987j -0.00193096-0.0128165j -0.0280867-0.00233538j 0.00400564+0.00147294j -0.0238127-0.0141918j 0.0402934+0.000397155j 0.0323191+0.0169754j 0.0426172+0.00908788j 0.0226393+0.0123141j -0.023676+0.00494682j 0.0864935+0.0215943j 0.00144525-0.0137852j 0.0179471+0.0024391j -0.0796899-0.0462542j 0.0248704+0.0378432j 0.0339074+0.0192271j -0.082053-0.0210537j 0.0227706-0.0152616j -0.000851392-0.00941079j 0.0498052-0.00916937j -0.0221021+0.0127101j 0.0225779+0.0373397j -0.0377339-0.0114656j 0.00346577+0.0288781j 0.0542844+0.0139438j -0.00233589+0.0152673j 0.0919572+0.033342j -0.0450902-0.0211003j 0.0143069-0.00587875j 0.0535519+0.0313209j -0.0647983-0.0485887j 0.00391693-0.0348435j -0.0878474-0.0253643j -0.161638-0.0192003j 0.0299937+0.00736888j 0.0900473+0.16584j 0.00562358+0.0116899j 0.0588406+0.0426645j -0.0432668-0.0337241j 0.0132704-0.0110666j -0.0550664-0.00753812j -0.092881-0.0435232j 0.00241801-0.00332185j 0.052321+0.00735479j 0.00618654+0.0114684j 0.0342235+0.0111835j 0.0327426+0.00252734j -0.00978074-0.00930093j -0.0392538-0.0110296j -0.000973401-0.000715449j 0.0142485+0.0354574j -0.0922488-0.00959651j -0.0265226-0.0331181j -0.0313648-0.00623475j -0.0913186+0.000211155j -0.00818613-0.00547909j -0.00338083-0.000271919j 0.0812696+0.0198205j -0.0220699-0.0193254j 0.0123674+0.00287566j 0.0376074+0.0213949j 0.0408372-0.0102253j -0.0375884-0.0188977j -0.0308076+0.00814134j -0.00551356+0.00730708j 0.03254+0.00458169j 0.00496853-0.00292256j 0.0197809+0.0052028j 0.0144546-0.0128009j -0.00550558-0.00896233j -0.028272+0.000266412j 0.00306091+0.00453998j -0.0269071-0.0136424j 0.0190263-0.00480228j 0.00996336+0.00157801j 0.0312881+0.00653161j -0.0159823-0.00296707j 0.0110896-0.00930612j 0.00738855+0.000255607j 0.0026179-0.00243818j 
-0.00122715-0.00196123j 0.000790881+0.00780848j -0.00496154+0.00417117j 0.000374691+0.00148832j 0.0160646+0.0154606j -0.0060428-0.00111387j -0.0107758-0.0105585j -0.00736174+0.00765002j 0.0216084-0.00399441j -0.00569002-0.000422134j -0.0419465-0.0167679j -0.0311847+0.0101779j 0.0120393+0.005178j 0.00662399-0.0149798j 0.0265379+0.0143695j -0.0138415-0.00870689j -0.0681141-0.00903603j 0.00225758+0.00379032j -0.0391876-0.0250541j 0.0320248-0.000401169j 0.043672+0.0279033j -0.000730307+0.0279926j -0.0560142-0.000635249j -0.0104016+0.00562232j 0.0271888-0.00967476j 0.0401025-0.0035081j -0.0210838-0.00808229j -0.0233219+0.0142788j 0.01472-0.00147174j -0.0576007-0.00529142j 0.0201697+0.00313702j 0.0607704+0.00449906j 0.0126794-0.00577456j 0.0726108-0.0131142j -0.0767946-0.000160404j 0.0395855-0.0113024j 0.00740202-0.00296091j 0.00399339-0.000887773j -0.075688-0.0021287j -0.279631+0.00348275j 0.0229155+0.00491459j 0.130557-0.000693786j 0.064253-0.00764897j -0.0491062+0.00480078j 0.160751+0.0149667j 0.00855707-0.0371975j 0.000231311-0.0242457j 0.00748726-0.132169j 0.113496+0.0259406j 0.122685-0.0092722j 0.0947459+0.00874115j 0.0750557-0.0206867j 0.0117692-0.00865757j -0.0606296-0.0336411j 0.0309423-0.00272536j -0.0376277-0.0105417j -0.00215524+0.00535152j 0.0160345+0.000775728j 0.0360605-0.0188029j 0.0395015+0.00294158j 0.0745296-0.0167882j 0.00474206-0.00943825j -0.0150171+0.0209899j 0.0540762-0.00394529j -0.10495+0.016263j -0.0281986+0.00332546j -0.0292714+0.002188j -0.00946209-0.013969j 0.0247947+0.0115939j 0.0232821+0.00616806j 0.00978572+0.00482326j 0.0669949+0.00325843j 0.00561025-0.00736095j -0.0512173+0.00858917j 0.0273484-0.000225034j 0.0135792-0.00148714j -0.0018911+0.00827135j 0.00263877-0.00282199j 0.00996122-0.00226641j 0.00462175+0.00241167j -0.0116906-0.0119353j 0.0282148+0.00294312j -0.000408375+0.00314819j -0.00982689+0.00434529j -0.0217956+0.00506554j 0.0135-0.00383818j -0.0077212+0.00235754j 0.00122898-0.00573566j 0.00281913+0.00183799j -0.00931229+0.00707249j 0.000435386-0.00433815j -0.000330177+0.00378469j 
-0.00204462+0.00535795j 0.0088611+0.00392018j -0.00355087-0.00621253j -0.00342146+0.00527628j -0.00580977-0.00497367j 0.0173163+0.00365695j -0.00848652-0.0108057j 0.0147364-0.00536521j 0.0041638+0.0119818j 0.0217289+0.0151531j -0.0148656-0.0130295j -0.00756864+0.0164863j 0.025719+0.00460379j 0.0379401-0.0116024j 0.0262551+0.00726366j 0.00353505-0.00428998j 0.0493699+0.016902j 0.0386698-0.0136917j -0.0429088-0.024839j -0.0281891-0.0196087j 0.0083498-0.0128569j -0.0175737-0.00401091j 0.0185411+0.0083606j 0.0585149-0.00818946j 0.0466023-0.0356951j -0.083229-0.0101561j -0.0286717-0.00977568j -0.0150195+0.000687518j -0.118577-0.0210238j -0.0185489-0.0131417j 0.000261706+0.00735898j 0.0381956-0.00740582j -0.05922+0.0159441j 0.0365901-0.00144478j -0.0164077-0.00554596j 0.0275084-0.0156187j -0.0325188-0.0030128j 0.0747402-0.0216808j 0.00417845-0.00435341j -0.118737+0.0119539j 0.0486666-0.00131665j 0.056611-0.021847j 0.216095+0.00571225j 0.168372+0.0124133j -0.156976-0.0314508j -0.0515512+0.0103933j 0.0201214-0.085888j 0.0363701+0.131666j 0.16842-0.00319205j -0.0628258+0.0109807j 0.0069508+0.000772765j 0.0574096+0.00186428j 0.112625+0.0152906j 0.100313+0.0148821j 0.0851784+0.00751163j -0.0158795+0.00488886j -0.0322752+0.0129666j -0.0241307+0.0182369j 0.000507536+0.0101217j 0.0239376+0.00379033j 0.0114356+0.00540441j 0.0318918-0.000789271j 0.0206549-0.0102071j -0.109095+0.00237946j -0.0416527-0.00606861j 0.0622214-0.00291122j -0.0354572-0.0158287j -0.00572869-0.00698736j 0.0258476+0.00116633j -0.0134973+0.0130629j -0.0710003+0.0148595j 0.0071726+0.00614553j 0.0257339-0.0112026j 0.0049473+0.0109217j -0.0243981+0.00803725j -0.0359889+0.0110379j 0.0073806+0.00716832j -0.0479377+0.00175031j -0.0238801-0.00913411j 0.021882+0.000647148j 0.00528012-0.0210001j -0.0275941+0.015396j -0.00254111+0.00480278j 0.0138003-0.00792816j 0.00279319-0.00268517j 0.000922507-0.00720705j 0.00688676-0.00874681j 0.00405657-0.00181132j -0.00169769-0.00227688j 0.0116954-0.00525767j -0.00530502-0.000636219j 0.00642112-0.00733665j 
-0.00168077+0.00396092j 0.00126898+0.000486759j 0.00504518+0.00078847j -0.00212079-0.00167813j -0.0114027-0.00974168j 0.000879714-0.000454789j 0.0185489-0.00105007j -0.000206837-0.00263725j -0.0165333+0.0186183j 0.0326116+0.0166513j -0.00959345-0.00303899j -0.0045826-0.00154049j 0.0106906+0.0106932j 0.0394556+0.00135215j -0.00890194-0.00901423j -0.0219729-0.0043064j -0.00225993+0.00913985j -0.0036267-0.0106545j 0.0722876+0.017071j 0.0117705-0.00909297j -0.0490084+0.00106905j -0.0313397-0.00757261j -0.0298538+0.0130798j -0.000151951+0.0094132j 0.0994991+0.0273635j -0.0718465+0.0035827j 0.0119863+0.030033j -0.0353441-0.00720296j -0.0319864+0.0161631j 0.00439481-0.00407809j 0.00809757+0.00516059j 0.0121651+0.0244243j -0.0962855-0.0295747j 0.0325734-0.00747764j 0.00148431+0.000954644j 0.0506623-0.00352136j 0.0244762+0.0202136j 0.081723+0.0168398j 0.00914404-0.00598917j 0.0191873-0.0177042j 0.146398-0.00778944j -4.06147e-05+0.0145102j 0.0360987-0.0110107j -0.203708+0.00819163j 0.105451-0.0330351j -0.0603692+0.0242322j 0.0317411-0.0807063j 0.0763155+0.00996034j 0.249092-0.00569363j 0.154284-0.011762j 0.0787019+0.000337242j 0.0448412-0.0158735j 0.0347349-0.0181122j -0.00534811-0.00659791j 0.0143659-0.00671863j -0.054185+0.0150979j 0.064793-0.00928067j 0.0376386-0.0115246j 0.00856392-0.0160731j -0.021016-0.015035j 0.0549477-0.00426066j -0.00345857+0.00500902j 0.0143449-0.0113639j -0.0616048-0.00278862j -0.0190129+0.00982942j -0.00433055-0.00442265j -0.0693927-0.00564322j -0.105765-0.0169691j 0.0324971+0.00386903j -0.00546247-0.00693783j -0.0336783+0.00484705j 0.0111619+0.00887894j 0.000700173-0.00640919j 0.0159261+0.0197008j -0.0165386+0.00870453j 0.015455+0.00518836j 5.5907e-05+0.00223593j 0.00449067-0.0147797j -0.00326991-0.01615j 0.0229741+0.00225414j 0.0165937-0.0223275j -0.0192409+0.00917953j 0.0206739-0.00114083j 0.00439799-0.0046495j -0.00632216+0.0018177j -0.0240754-0.00529286j 0.00332823+0.00126863j 0.011236-0.00818038j 0.0057852-0.00591962j 0.00182878+0.000207428j 0.00130921-0.003141j 0.000986016-0.00341455j 
-6.08379e-05-0.00199476j -0.00234144-0.0027263j 0.00213877+0.00467563j 0.000301796-0.00126342j -0.0176954-0.0108751j 0.00789668+0.00475783j 0.00730009+0.00911455j 0.0199415-0.007592j 0.050212+0.0241565j -0.00307389-0.0156372j 0.0509773+0.0143776j 0.0254642-0.00713348j -0.0138484-0.0136174j -0.0258849-0.00684942j -0.0569136+0.0145259j 6.79984e-05-0.0246667j 0.0125321+0.0230377j -0.00113935-0.0105363j 0.0335032+0.0120146j -0.0801575-0.044828j -0.0103064-0.000341561j 0.0460148+0.0203661j -0.0325781+0.0107378j 0.00775429-0.0168847j 0.0547467-0.00279032j -0.0108552-0.0177484j 0.0286505-0.00629417j -0.0398419-0.043113j 0.106473-0.0143412j 0.0224883-0.00302363j -0.120311-0.00762176j 0.0330995+0.00887344j 0.0171507-0.00412911j -0.0780254-0.00862169j 0.034226-0.00780828j -0.0167762-5.27849e-05j 0.0505442+0.00846364j 0.00892133+0.00210434j -0.0675505+0.0117186j -0.0913487+0.00154731j -0.111216-0.00497071j -0.189576+0.0257695j -0.0402536+0.00715213j 0.00789489-0.00968841j 0.0875007+0.00946037j 0.0413071+0.0227863j -0.0525627+0.0636166j 0.0102783+0.0319254j 0.116383+0.00200152j -0.0145542-0.0151433j 0.0582152-0.0114622j 0.0882048+0.00930712j 0.0504323-0.00873918j 0.00989338-0.00274364j 0.0209023-0.00453046j 0.0120632-0.00923001j 0.0844166-0.00385803j 0.0567403-0.00472257j 0.0113176+0.0135637j 0.0419273-0.00474888j -0.0345238-0.00873278j 0.0145564-0.00145635j 0.0191171+0.0179503j 0.0475+0.00491213j 0.0877283-0.0126742j 0.0288577-0.00596531j 0.0354901+0.00559217j 0.02466+0.000705247j 0.00156675-0.00900415j -0.0443032+0.00635763j 0.00512484+0.00574814j -0.0563447+0.00640713j -0.0173758+0.0105285j 0.019798+0.00868662j 0.0400328-0.00668281j -0.0147045-0.00709468j -0.0245362+0.00523911j 0.0427704-8.55655e-06j 0.0149427+0.00186317j 0.00318382-0.0041837j 0.00914362+0.00425055j 0.00755065-0.00621503j -0.0151822-0.003276j 0.00180863-0.0103099j 0.010659-0.00168311j -0.00481214+0.0110827j -0.00341866+0.00336255j 0.00424395+0.00278356j -0.0108439+0.00792113j 0.00352749+0.00280732j 0.00238994+0.000274484j 0.000640418-0.000932514j 
0.00846185+0.00412896j 0.00533132-0.000965447j -0.00736801-0.00178102j 0.00895791+0.0128342j 0.0172978+0.0071576j 0.00488136+0.0133387j -0.0043761-0.00512131j -0.0140891-0.00217737j 0.0110921-0.0209567j -0.0138892-0.0244624j -0.0400813-0.015666j -0.030621-0.0130504j 0.0213903-0.00520654j -0.0448565-0.0191067j -0.00969271-0.00800601j -0.0504573-0.0228979j 0.0473764+0.00681025j 0.060326-0.00863022j -0.0153106-0.0187147j 0.00667106+0.0041375j 0.0390009+0.00791815j 0.0758828-0.0133693j 0.0380779+0.0157336j 0.0486725+0.0051107j 0.104332+0.0223169j 0.0464833+0.011967j 0.0749717+0.0110486j 0.024446+0.0108456j 0.03797+0.0144959j -0.0158085+0.00225849j 0.0433006-0.0121391j -0.0581367+0.0166459j -0.0942873-0.00300758j 0.06647+0.0123412j 0.0355362-0.00547221j -0.0795212-0.00368682j 0.0333681-0.0021725j 0.0608118+0.0123791j 0.0982732-0.00691482j -0.339443-0.000303539j -0.172618+0.00632628j -0.117406+0.00298475j -0.0168534-0.00196619j 0.109369-0.00489336j 0.0830089+0.0353751j -0.176364-0.0217357j 0.00355962+0.11664j 0.020967-0.0645746j 0.0710092-0.00504851j -0.124695+0.00333726j 0.0893243+0.00162703j 0.0440192-0.00265805j 0.0450855+0.00623069j 0.0171879+0.00510909j 0.0064819-0.00304518j 0.00135187+0.00253497j 0.0356262+0.00354017j 0.0281991+0.00132642j 0.0871949+0.00143145j 0.0242698-0.00590976j -0.0304419-0.00757156j -0.0191717+0.000861372j 0.0394202-0.00111937j 0.0231332+0.00237322j -0.0680352+0.00202533j -0.0186021-0.0022824j 0.0262221+0.0113073j 0.0146289-0.0119974j -0.0417174+0.00642423j 0.012528-0.00935937j 0.0242259+0.00392642j -0.00943362+0.000495405j 0.00993946+0.0023532j 0.00347446+0.00467946j -0.00380069-0.00332932j 0.0250027-0.0112182j 0.00151863-0.00680578j -0.030505+0.00789196j -0.0059005+0.00423698j -0.005726+2.72496e-05j 0.00373435+0.0114978j 0.0078472-0.00392328j -0.0056022-0.00139863j -0.0104416-0.00299726j 0.0130212-0.00769656j 0.0131216+0.00415678j -0.00465152+0.00568488j -0.0109492+0.00223662j -0.00139039+0.00280471j 0.00460411-0.00499151j -0.00740418+0.0018786j -0.00641697-0.000464701j 
0.000884075+0.00264659j 0.00186969+0.00603321j -0.00516356+0.000259184j -0.00915296-0.00629999j 0.00174601+0.00470857j 0.0264881+0.013299j -0.0208571+0.0102963j 0.0130283-0.0100846j 0.0101789+0.00384153j -0.0624134+0.00427961j -0.0249661+0.0172992j 0.00413426+0.0259575j -0.0136685-0.00553949j -0.0218501+1.34916e-05j 0.0137904+0.0110837j 0.0632107+0.0529409j 0.00298325+0.0277924j -0.0427507-0.0112375j 0.0399358-0.00789607j -0.0221421+0.0115731j -0.038314-0.00729178j -0.0152113-0.0460572j -0.0810453+0.0239891j -0.0168421+0.00544305j -0.0463509-0.000689733j -0.00284428+0.0359964j -0.0219801+0.00345987j -0.0340624+0.0198791j -0.00889939+0.00898282j 0.0592782+0.0371152j 0.0895174+0.011806j 0.0152875+0.00910352j 0.091256-0.00642229j -0.035691+0.0169242j -0.0298189-0.00113302j 0.00796042-0.00722365j -0.0335564+0.00834551j 0.287817-0.00976429j -0.0789506-0.0209139j 0.0732082-0.0156412j 0.0783146+0.0135459j 0.126908-0.0087774j 0.115929+0.00450149j 0.0509385-0.00193095j 0.070342-0.0224663j 0.141776+0.0341935j -0.0533562-0.0246939j 0.00107895+0.0548784j 0.026054+0.00751449j 0.1199+0.00790034j 0.079032-0.0170763j -0.0232807-0.0112909j 0.00632464+0.00633239j 0.0278437-0.0097383j 0.0979083+0.00154543j -0.0560818-0.00622234j -0.0425999+0.00533049j 0.0186088+0.0121915j -0.100642-0.0122202j 0.0540169-0.00271965j 0.0560867-0.0069702j 0.04829-0.00380663j -0.029414+0.00852829j 0.0552097-0.00521304j -0.000151847+0.0104502j 0.00360883+0.00359571j 0.0149578-0.013261j 0.00558766-0.00921001j 0.0570575-0.0084263j -0.0146709+0.00453023j 0.018217+0.000601899j 0.0464627-0.00284362j -0.0204321-0.00288557j -0.0283427+0.0179888j 0.0169117+0.000692868j -0.00933109-0.00470753j -0.0126086+0.0208205j 0.0206528+0.00364896j 0.0226226-0.00504902j 0.0148183+0.00234976j 2.18675e-05-0.0121358j 0.0126544+0.00209115j -0.0290408+0.00963983j 0.00211767+0.00191695j -0.0132895+0.00233855j 0.0134742-0.00246638j 0.00305489+0.00386094j 0.00841261+0.000144864j -0.0107359+0.00220643j 0.00295494+0.00177795j -0.000435572-0.00384386j 0.00141-0.00128209j 
0.000768751+0.000461433j 0.0083713+0.0013307j -0.0204596-0.0134957j -0.0128749+0.0113795j 0.00682022-0.00410744j 0.023377+0.0121981j -0.0289979+0.00337074j -0.0185858-0.0244942j -0.00769479-0.00628533j 0.0160113+0.00745255j 0.0333406+0.0111975j -0.0364678-0.00650349j -0.0188619+0.00730916j 0.029207+0.000509206j 0.0205935+0.0052931j -0.00856124+0.0157241j 0.0380933-0.000262539j 0.034039-0.0103396j 0.0397083+0.00766786j 0.0144322-0.015715j 0.0225691+0.014304j -0.0243877+0.00982678j 0.0223066+0.00100383j -0.00731601+0.0101376j 0.0538384+0.0149712j -0.0219113+0.00918593j 0.0084734-0.0101292j 0.0834808-0.0191657j 0.0556829-0.00599184j -0.00534455+0.00767852j 0.0349735+0.00666701j -0.138817+0.0238701j -0.0548746-0.00368899j 0.0031111-0.0144697j 0.0257082-0.0100909j -0.181928-0.00159097j -0.0399496-0.00405967j 0.184784-0.0124371j 0.00149482+0.0156653j 0.148319+0.00417362j -0.0514916-0.0270718j -0.0692755+0.000555148j -0.195398-0.00492218j -0.178399-0.00375196j 0.0130396+0.0238816j -0.107094-0.0745484j 0.0823721-0.0878251j 0.00144251-0.157254j 0.0234401-0.00138114j -0.00773785+0.00244354j -0.209676+0.00861349j 0.0302058-0.00844247j -0.0657735-0.0047026j 0.0563056+0.00893053j -0.0102599+0.010243j 0.0032041-0.0123849j 0.0584789-0.0052834j 0.0735501+0.00808667j 0.0149585-0.00507771j 0.0665857-0.000259297j -0.0434501-0.0105288j -0.0300415+0.0110107j -0.00464358+0.00466488j -0.0356482+0.00329278j -0.0151846-0.0131408j -0.0114327+0.00418418j -0.00368227+0.0101179j -0.0213898+0.00342968j -0.0248381+0.00756278j -0.0365746+0.0135122j -0.0392122+0.000182256j 0.00412636-0.00589771j 0.0268508-0.00274789j -0.0139001+0.00332326j -0.0371263+0.00680191j -0.00784913+0.00219608j 0.0233289-0.0031466j -0.0667658+0.0162885j -0.0376422+0.0101637j 0.00269079+0.00604709j -0.00681399-0.0142693j 0.00500447+0.00132724j -0.0177853+0.00406466j 0.0359842+6.44503e-06j 0.0227926-0.0132732j 0.0254067-0.0150865j -0.00728658-0.00287623j -0.00822509+0.0104088j -0.0128844+0.00416826j 0.0105661-0.00453413j -0.0131274+0.00548755j 0.00410571-0.00428175j 
0.00560757+0.0106593j 0.00319391+6.17205e-05j -0.0204267-0.00502894j -0.00929792+0.0024335j 0.0231283+0.0146356j -0.00534038+0.0115545j 0.00425814+0.0209693j -0.0635848-0.00569451j -0.0259882-0.0229526j -0.0590799-0.00301794j 0.00780871+0.015535j 0.0478543-0.025907j -0.0149751-0.00911376j -0.011681+0.0129348j -0.0701718-0.0238934j -0.023397-0.0211755j -0.0203257-0.0208423j 0.0123185+0.0235386j 0.0500574-0.00312255j 0.00617302+0.0185852j -0.0369916-0.0156204j -0.0330069+0.0153316j 0.011229-0.0238096j 0.0316498-0.0157566j 0.0600126-0.0270063j -0.012635+0.00330007j -0.0851428-0.00759118j -0.104361+0.00502196j -0.0291836+0.00254894j 0.00131305-0.00446252j 0.0783134+0.00401007j -0.0783324-0.00144314j -0.064387+0.0117369j -0.0348066+0.00157182j 0.00696447+0.0138363j 0.128821-0.0065855j 0.220353-0.00819731j 0.0578464+0.00437612j 0.112886+0.00277175j -0.00649356+0.000792504j 0.179299+0.000232646j -0.0130231+0.00135304j 0.134185+0.0159621j -0.115748+0.00177627j -0.0122636-0.0112719j -0.0188398+0.016552j -0.00412297-0.0317378j 0.0278461+0.101196j 0.162896+0.00435966j -0.0397806-0.0123599j 0.138627-0.014824j -0.0800821-0.00597732j 0.103052+0.0082357j 0.124859-0.00616765j 0.0290489-0.00543129j -0.0145144+0.00535703j 0.0723509-0.0038838j 0.0567019-0.00274717j -0.0626317+0.00612741j 0.0629219+0.00510027j -0.00912359-0.013904j 0.0192887-0.00573235j -0.015523-0.0146311j -0.0437972+0.00618599j 0.017347+0.0142328j 0.0499876-0.00767263j -0.00485396+0.00650325j -0.105514+0.00379493j 0.0730475-0.00730902j -0.045575+0.00650986j -0.0117662+0.0142991j -0.0249419+0.0091189j -0.0431265-0.012042j -0.00928973+0.0136268j -0.0365612+0.0119874j 0.0557754-0.0154656j -0.0083356+0.00052812j 0.0161195+0.00477817j -0.0235171+0.00427504j -0.0109708+0.00224049j 0.0228801-0.00471537j 0.0339632-0.000571496j -0.037804+0.00303261j 0.015903-0.00276975j 0.0127588-0.00979805j 0.0117648+0.0029537j -0.0164746+0.0118797j -0.00413712+0.00213041j -0.00703629+0.00567585j -0.00785521+0.00198458j -0.00447307+0.00161278j 0.000644396-0.00618748j 
-0.0121353-0.0031502j -0.000801024+0.00579351j 0.00395325+0.00301253j -0.00432797-0.00162957j 0.0140691+0.0181395j -0.0420371-0.00306152j -0.0238224-0.023482j 0.0121319+0.0205588j -0.0263408-0.0238925j -0.0507952+0.00820055j 0.0066581-0.0141513j -0.0172898+0.0161678j -0.0151384-0.00599767j 0.0314531+0.00920622j 0.00271586+0.0301384j 0.0234461+0.0241031j 0.00750782-0.017957j 0.0310249-0.0128382j -0.0548497+0.0134511j -0.0114301+0.000514205j 0.070321+0.0228433j 0.0320306+0.00139166j -0.0769899+0.00564248j 0.112242+0.00712866j 0.0500466+0.00653602j 0.0477313+0.0320318j 0.0355276+0.0102425j -0.0417893-0.0134147j -0.0273922+0.00961539j -0.0801152+0.00948425j 0.0819231-0.010786j 0.0543777+0.0183735j 0.0101539-0.00757888j -0.0675794-0.00163175j -0.177566+0.0110665j 0.0650889-0.0107519j -0.0496851+0.0140814j -0.0957348+0.00299623j -0.143118+0.0171333j -0.18232+0.00264855j -0.0573141-0.00545327j -0.13451+0.00211493j 0.158309+0.0122223j -0.0480555-0.00858328j 0.0628661+0.0126861j -0.0281947+0.0131874j 0.0021901+0.0605051j 0.0051415+0.0218597j 0.0517705+0.000152578j -0.230768-0.0111284j 0.0253689+0.00350076j 0.104108+0.00507701j -0.0393364-0.0013407j 0.0297202-0.00336112j -0.0587078-0.00401169j 0.0952002+0.0064667j 0.0508818-0.0188127j 0.0180946-0.0149611j 0.043235-0.00258166j -0.0152391+0.000441512j 0.0240245-0.00670139j -0.00239201+0.000283547j 0.0132116+0.00014727j -0.00650096+0.0114248j 0.0218345-0.0092047j 0.0387234+0.000196514j 0.00212719+0.0135585j -0.0391933+0.017532j 0.0740222-0.00144446j -0.0762805+0.00212018j -0.0149116-0.00474098j -0.026665+0.00882714j -0.012903+0.0109242j -0.00895669-0.00578687j -0.0018723-0.00447245j -0.0089714-0.0124277j -0.000926084-0.00749835j 0.00847777-0.00609874j 0.0178163-0.00767175j -0.0102824-0.00167766j 0.0232948-0.00765073j -0.00689555+0.00450161j -0.0370831+0.0040886j 0.0153362-0.0090561j -0.00388991+0.00251756j -0.000520877+0.00420815j 0.00143457-0.00490467j 0.00106537-0.00358111j 0.00562564+0.00351989j -0.00865914+0.00778034j 0.00621427-0.00239023j 0.0106537-0.0028415j 
-0.00946891-0.00440895j 0.00281967+0.0121968j -0.000647503-0.00399435j -0.021488-0.0051644j 0.0102993+0.0230503j -0.023697-0.0186263j -0.00726649+0.000729392j -0.0543533-0.00897103j 0.0417364-0.0121696j -0.0026247-0.0100594j -0.0192976-0.0104686j -0.0184842-0.0188585j -0.0226414-0.00883022j 0.0126995-0.0114297j 0.00419433+0.00318702j -0.0259011-0.0533734j -0.0165305+0.00436043j 0.0290224-0.0231392j 0.00114305-0.00229301j 0.0439661-0.0166763j -0.0923869+0.0126452j -0.0664169+0.0139984j -0.0455659+0.0157427j 0.00866176-0.0115122j -0.0441712+0.0071251j 0.127345-0.0175039j -0.0703617+0.0094272j -0.0485867+0.00719308j -0.022134+0.00532632j -0.0211094-0.0121382j 0.0390814-0.0119757j -0.094344+0.00736923j 0.124281+0.00296585j 0.0739061+0.0130213j -0.0421544-0.0177404j -0.0857407-0.00122669j 0.0674784+0.000732676j -0.13469+0.00454245j -0.164941-0.00529693j 0.339284+0.0142414j -0.134116+0.00556682j 0.138485+0.00720297j 0.0663609+0.000381256j -0.207281-0.000834242j -0.10576+0.0108844j 0.213454-0.0139661j 0.0249326-0.0827957j -0.117948-0.0631521j -0.025588-0.00529427j -0.00653034-0.0120579j -0.029388+0.00783128j -0.00691337+0.00179363j 0.0261232+0.00981722j -0.0238411+0.00354907j -0.0314349+0.00526629j 0.00722242+0.00259896j -0.0257608-0.00415209j -0.0216635+0.00289967j -0.102768+0.00140648j -0.00998548+0.0059789j 0.0671737-0.00310359j 0.00138471-0.0011487j -0.0162855+0.00375118j -0.0130698-0.00179874j 0.0241094-0.00370822j -0.00264048+0.00386792j -0.0266662+0.00200119j -0.00536649+0.0127811j 0.0493403-0.00302516j -0.0252459+0.00542904j 0.00272926+0.00101715j -0.00385768-0.000718187j -0.0213899-0.00515207j -0.00257997-0.00757651j 0.0110944-0.00121904j 0.0230829+0.00505255j 0.000347894+0.00778418j 0.000450454-0.00328931j 0.0109346-0.00106876j -0.0034177-0.000227016j 0.0103257-0.00890579j 0.0306166+0.00274924j -0.00694613+0.00377569j 0.00104438+0.00142502j 0.000441953+0.00179698j 0.000310279+0.000302464j -0.00917847-0.00494097j 0.00350018-0.00517703j -0.00116766+0.00271312j -0.00683663+0.00322029j -0.000850087-0.00538538j 0.00345512+0.00114688j 
-0.000977802-0.00243394j -0.00961702-0.00179082j 0.00604231-0.00949967j -0.0280657-0.0132448j -0.0346035-0.00514029j -0.00849351-0.0386768j 0.0454821+0.0231226j -0.0386865-0.0044503j -0.013876+0.0123275j -0.0154602-0.0182159j 0.040588+0.00454074j -0.0238602-0.0526592j -0.0689428+0.00531971j 0.0420511+0.00754819j 0.0245959+0.0219953j -0.0691099+0.00336032j -0.0692448-0.00621732j 0.00239195-0.0297349j 0.0872858+0.0347873j 0.00794722-0.00281124j 0.0103512+0.00535014j 0.0244037-0.0127813j -0.0377082-0.00240288j 0.0165129+0.00267883j 0.0442+0.00958782j 0.0734685-0.00360551j -0.00872085-0.0183814j -0.0453069+0.0149547j 0.0251242+0.00869348j -0.11289-0.00021683j -0.0454419+0.00376598j 0.143184-0.0174884j -0.0925331+0.00407768j -0.157054+0.00500838j 0.142216-0.00938904j -0.0143939+0.00481499j 0.0769191-0.00578232j -0.0180076-0.0131892j -0.241028-0.000717437j -0.0862034+0.00140338j -0.0562881-0.00687j -0.0705077-0.0150802j -0.0124236+0.00786066j -0.0959531+0.00850201j 0.0608345+0.0405086j -0.141427-0.0436282j 0.0121117+0.0689914j 0.0127452-0.0858879j 0.093032-0.00560798j 0.0952044+0.0192371j -0.0064729-0.0046124j 0.116662-0.00284537j 0.0808449+0.00590329j 0.0167883+0.00416975j -0.010991+0.00499891j -0.0424254+0.000630403j 0.0354849+0.0113079j 0.0281106+0.00856867j -0.0266146-0.004077j 0.00457511-0.00294195j 0.0704262+0.00248147j -0.0186773-0.000208669j 0.0304994+0.00286926j -0.0137189+0.00376883j -0.00764489+0.0117283j 0.00426965+0.000116573j -0.0327576+0.000973823j -0.0262002-0.00554198j 0.0579651+0.00388892j -0.0155941-0.00443483j -0.022803-0.000226415j -0.00178667-0.00696572j -0.00549468-0.00356175j 0.000979225+0.00528157j 0.00269964-0.00422626j 0.00997254+0.0029114j -0.01931+0.00181652j -0.0264528+0.00461604j 0.00654785-0.00617189j -0.00671382-0.00128142j 0.0293205-0.0103042j 0.00299263+0.00508681j -0.00216609+0.00047546j 0.0111498-0.000405363j -0.00267299-0.00101992j -0.00205121-0.00617229j -2.20947e-05-0.00485476j 0.0146364-0.00309236j -0.0068018+0.00156514j -0.0077708-0.00211459j 0.00591269-0.00234944j 0.000365341+0.00121948j 
0.00338431+0.00298245j -0.00148159-0.00547772j 0.017813+0.0206701j 0.00902693-0.019067j 0.0176634+0.00856504j -0.00500811+0.00668865j 0.00610179+0.01254j -0.0132503+0.0205595j 0.0326026-0.00397662j -0.0467756-0.0264592j 0.0756123-0.00767061j -0.0475879-0.0277906j 0.0641449-0.0101034j 0.0278514+0.000629968j -0.0422498+0.028584j -0.00946088-0.00275003j -0.034061+0.0247527j -0.0512097-0.0237549j 0.0572799+0.00376553j 0.0396048-0.0192362j 0.0620061+0.011086j -0.0283303-0.00606223j 0.078498+0.0101321j -0.0070534+0.0185499j -0.0239557+0.0275048j -0.0984988+0.0198567j 0.0514422-0.00818928j -0.0128081-0.00515544j -0.123568+0.0152584j 0.0234708+0.0148105j 0.0260789-0.00668622j 0.102867+0.00463059j 0.136518-0.0135206j -0.0661662-0.00313273j -0.0024213-0.0108684j -0.00164444-0.00123763j 0.102833+0.00579311j -0.104741-0.00848938j 0.23868+0.00191019j -0.0135255+0.00535873j 0.441845-0.00203333j 0.0415019-0.00240263j -0.151926-0.00379615j -0.00891374+0.00715109j -0.124556-0.0482846j -0.0760312+0.0211752j 0.0216186-0.0634392j 0.0420593+0.0964729j -0.0140608-0.00328144j 0.109946+0.00804393j -0.056209+0.00225094j -0.0931335-0.00200511j 0.0146561+0.00111555j 0.00659741+0.000977233j -0.0835065+0.00395026j 0.00731506+0.00264425j 0.0397376-0.00058112j -0.00694829+0.00198191j 0.0564893+0.00469145j -0.0129846-0.000811656j -0.0230997+0.00414256j 0.0351442+0.00173631j -0.0298131-0.0184692j -0.0943524+0.000813074j 0.0169025+0.00335982j 0.0585938-0.00394383j -0.0227918-0.0112598j -0.0340068-0.00511656j -0.0500104+0.0057171j 0.0497325+0.00165505j -0.0737206+0.00446851j 0.0151248+0.00677877j 0.017121-0.00914305j -0.0171209-0.00305051j -0.020262+0.0104539j 0.0017091+0.00412974j -0.00747403-0.0110121j 0.0309719-0.00505491j -0.0432394+0.00609939j -0.0165796+0.00230642j -0.0188181+0.00566921j 0.00121862+0.00178966j 0.0106394-0.00953191j 0.00205107+0.0122431j 0.00189087+0.00448318j 0.00855928-0.000978082j -0.000426165+0.00325026j -0.0165594+0.00814967j 0.00599615-0.00828126j -0.000233991+0.00698153j 0.000634228+0.00757408j 0.00110756+0.000484052j 
-0.00606949+0.000714814j 0.00299525+0.00425534j 0.0124103-0.00144454j -0.0268589-0.0235113j 0.00817308+0.0179701j -0.00380902-0.0157105j -0.0190712+0.020456j -0.066243-0.0191053j 0.0120156+0.00353479j -0.0106929+0.00738059j 0.0140909+0.00435131j 0.0510019-0.000517467j 0.0152984-0.00147606j 0.0104915+0.00380503j 0.101888-0.0189563j 0.0865079-0.033565j 0.0125539+0.0034014j -0.0934573+0.00300728j 0.0525037-0.00400127j -0.00633712+0.00366359j 0.122699-0.00745765j 0.132046+0.00456996j 0.0619371-0.00539638j 0.00424901-0.00907018j -0.00568673+0.00840552j 0.00659153-0.0181372j -0.120415+0.00893532j -0.064181-1.07626e-05j -0.028004-0.00163311j 0.0178699-0.00435948j -0.0148346-0.00179609j 0.00590288+0.0014609j 0.0648306-0.000745957j -0.258628-0.00352107j -0.0289888-0.00299628j 0.0136764+0.00521938j -0.311718-0.00548597j 0.326814+0.00859004j -0.22485+0.00581525j -0.142018-0.00182944j 0.257861-0.00129268j -0.124226+0.00814445j -0.142513-0.00469564j 0.135773-0.00470743j 0.12152-0.0325456j -0.0523433+0.013779j -0.0372399-0.0728424j 0.0904556+0.0570438j -0.175144-0.00545983j 0.00284341-0.00450923j -0.148101+0.00304355j 0.02925+0.00641769j -0.00690246-0.0045695j 0.0045965+0.00736366j -0.0348511+0.000307967j 0.0583164+0.00446477j -0.0700182-0.00258196j -0.0349298-0.00286908j 0.023689+0.00162588j -0.0425667-0.00116805j 0.0463063+0.00301767j 0.0233626+0.00438684j 0.000711782+0.00426529j 0.043638+0.00348048j 0.0092608-0.0102157j 0.00876287+0.00121652j 0.039851+0.00132848j 0.00837755+0.00244025j 0.0316414+0.00277209j -0.0376957+2.67143e-05j -0.0485633-0.00833937j -0.0210943+0.0017336j -0.0144346+0.00469701j -0.0138598-0.00774488j -0.0179676-0.00255912j -0.00619775+0.00373442j 0.0349501-0.00656954j 0.00415652-0.00244457j -0.0126739-0.000260454j -0.0237222+0.00175247j -0.00695094-0.000429528j -0.00339718+0.00375746j -0.00345834-0.00179969j 0.00376991+0.00552157j 0.00447043+0.00176091j -0.00927077-0.00304469j -0.00780184-0.00150311j -0.00440642+0.000560838j 0.00299902-0.00601665j -0.00601701+0.00242235j -0.0023271+0.00149512j 0.00576948-0.00217516j 
0.00324754+0.000353068j -0.00313688-0.00923431j -0.0479739-0.0302029j -0.0138797+0.0299503j -0.0428129-0.0106226j -0.0697072-0.0189759j 0.0142495-0.038335j 0.0304616+0.00825612j -0.0205628-0.020058j 0.0553699-0.0115567j -0.0309252-0.0335692j -0.0353168-0.0079804j 0.0443712+0.00372046j -0.0267723-0.0111795j -0.0572481+0.0208872j 0.0106567-0.0132483j -0.0080623-0.0301634j -0.076936-0.00334997j 0.00386197+0.0135765j -0.101206+0.0087208j -0.00260392+0.0200556j 0.00714049-0.0016986j 0.0567617+0.00759681j 0.00704954-0.00544746j -0.059277+0.0026923j -0.0292821+0.00527486j 0.0756062-0.00446243j -0.188009+0.00955187j 0.0619368+6.62781e-05j 0.0661796+0.0156001j 0.0920191-0.0105429j -0.0553432+0.00980161j -0.0416049+0.00256173j 0.0748383+0.00604834j 0.139902-0.00494434j 0.0776495+0.000606892j -0.167338-0.00231685j 0.098384+0.00288657j 0.0877986+0.0026968j 0.0795459+0.00538379j 0.186617+0.00455265j -0.121757-0.00875099j -0.0836636+0.00575179j 0.0032232-0.000249986j 0.120762-0.0296404j 0.204201+0.0591372j -0.0828303+0.0185343j 0.00226448+0.0965474j 0.00881045+0.00677376j 0.102997-0.00349992j 0.0613835+0.00056025j -0.0803708+0.00425796j -0.0171556+0.0041955j -0.0267229+0.00119545j 0.0480514-0.00449223j -0.00155962+0.000595196j 0.0357535+0.00231884j 0.0738792+0.00421825j -0.00311352-0.00353821j 0.0906906+0.00199597j -0.0586358-0.0053213j 0.0264395-0.00682702j 0.0187643+0.007683j 0.0606882-0.00783804j 0.0263532+0.000564451j -0.0439325-0.000417118j 0.0112868-0.00108849j 0.0359853+0.000563906j -0.0211108-0.00789103j 0.00184766+0.0125864j 0.0383555-0.000221077j -0.0718102+0.00630461j -0.0165019+0.00208263j 0.0221186+0.00510898j 0.0333123-0.00420671j 0.0147799-0.00389186j -0.0336955+0.00857724j 0.0506371+6.08624e-05j 0.0331831+0.00406386j 0.02116+0.00361975j -0.00108579+0.00386296j -0.00706384-0.00918084j -0.00982019+0.00681988j -0.00522888+0.00163918j -0.0256536-0.00234897j -0.00071484+0.00605643j -0.0322664+0.0141994j 0.0213376+0.00140728j -0.0081804+0.00718056j -0.0021634-0.001703j -0.000454823+0.000767378j 0.0026692-0.00250505j 
0.0054259+0.0162027j 0.0195268+0.0048097j -0.0219018-0.0173586j -0.032037-0.00101862j -0.00224851+0.0191864j 0.0408492-0.00780025j 0.00684502+0.0245579j 0.013697+0.00794329j -0.0322613+0.0126518j -0.0230227+0.0115453j -0.0518869+0.00324798j -0.00366877-0.0131091j 0.0574421+0.00860819j -0.0313478+0.00887444j -0.0723049-0.00189522j -0.0350188-0.0126694j -0.197525+0.0115868j -0.0257605+0.00146501j -0.0391203+0.00644053j 0.0641095+0.00676519j 0.0900526-0.0223585j -0.0181295-0.00845249j 0.0828438+0.0100611j 0.043734-0.00832633j -0.0179885+0.000764926j 0.0407699-0.00879175j -0.160477-3.72441e-05j 0.0853742+0.000111598j 0.042928-0.00825473j -0.16146+0.0125465j 0.0656185-0.00272148j -0.03345+0.00509386j -0.0859748-0.00121504j -0.067378-0.00865397j -0.0124108-0.00713355j -0.033122+0.00863521j 0.0756593+0.00066021j -0.361172+0.00199529j 0.0930059+0.000897214j -0.261168-0.00447218j 0.0756145-0.00392474j 0.138846-8.27514e-06j -0.16375-0.0034089j -0.164754-0.00555668j 0.0942027+0.024594j 0.112063+0.0310718j -0.0568327+0.119121j -0.0323116+0.00730559j -0.0645703-0.00459073j -0.047731+2.49069e-05j -0.108851+0.00250594j -0.0083142+0.00689934j 0.0135078-0.00442964j 0.0808888+0.0167328j -0.0256596+0.00260703j 0.0335257+0.00614786j -0.0632738-0.00359632j -0.0289537+0.00392565j 0.0441047+0.00211998j 0.0832459+0.000585151j -0.00615874+0.00282407j -0.0146234+0.00865866j -0.0521655+0.00250962j 0.0350515-0.00760181j -0.0310994-0.0134215j 0.0229581-0.000510362j 0.0203715-0.00955512j 0.0199912+0.00715965j -0.0297648-0.00477216j 0.0475566+0.013903j 0.0196954-0.00851147j 0.0391697+0.00208675j 0.00603918+0.00148557j 0.00455114-0.00430467j 0.00906173+0.00222656j -0.0505557+0.0078828j -0.00305364-0.00686167j 0.0190396+0.00237242j 0.00841811+0.0015418j 0.0225555+0.0074285j -0.0128361+0.0101382j -0.0145945+0.00482398j -0.0198731+0.0137467j 0.00841253+0.00431748j -0.0198163+0.00179449j 0.0230771+0.00616475j -0.0113046-0.00391366j 0.0134213+0.0060173j -0.0134187+0.000995663j 0.0124691-0.00264749j -0.0111043+0.00210673j 0.00124261-0.00356465j 
-0.00505866-0.00915503j -0.00540025-0.0020108j 0.00638432-0.00548495j -0.0222992-0.0109121j -0.0280321-0.00871468j 0.032786-0.0174624j -0.0407012+0.00840865j -0.0233224-0.0377682j 0.025078+0.000969883j 0.0108464+0.0112681j 0.0475841+0.0121157j 0.013008+0.00611064j -0.0326121+0.00114133j -0.0231479+0.00112008j 0.00316275-0.0212319j -0.0919815-0.00554596j 0.0945764-0.00635821j -0.0363854-0.000851061j -0.183662+0.0128339j -0.0808303+0.00383115j -0.00993194+0.00588465j 0.0104447-0.00426819j 0.150054-0.00329065j 0.0163745-0.00268501j -0.0136748+0.0183117j -0.024308+0.00270422j -0.079918+0.00647527j 0.00356497+0.003538j 0.0384374+0.00778652j -0.00528118+0.0105076j 0.00940469+0.00796596j 0.117455+0.015301j 0.239822-0.00612589j 0.150248+0.00319314j 0.203342-0.0039183j 0.454686+0.00257122j -0.0283527-0.00466258j -0.274172+0.00376183j 0.0845817+0.0015064j -0.0222257-0.00706223j 0.0175278-0.0043776j -0.0390294+0.00740243j 0.0623177-0.00309124j 0.222843-0.00107719j -0.0452575-0.0218847j 0.041132-0.0164672j 0.0436219-0.138763j -0.0086461-0.0558808j 0.139737+0.00294268j -0.0513686-0.00611053j 0.0221314-0.00198091j 0.0543701-0.00651923j -0.132587-0.00572977j 0.000263528-0.004826j -0.10677-0.00104533j 0.0717915-0.00359403j 0.0142022-0.00514996j -0.0252525-0.00577005j 0.0448817-0.00832j 0.0182299-0.0019894j -0.0230164-0.00768145j 0.0120172-2.57213e-05j 0.0412736+0.00402384j 0.0522015-0.00331006j 0.00184025+0.00520594j 0.0227666+0.001358j 0.0125752+0.0069396j 0.0522004+0.00131525j -0.00677518-0.000465081j -0.0171929-0.00126717j -0.00776043-0.000800726j -0.00810641-0.000378178j 0.00633761+0.00329077j -0.00231221-0.000929329j 0.0247427-0.00666357j -0.0492619-0.00522499j 0.0123711+0.000634137j -0.00358114+0.00189281j -0.00255557+0.00355986j -0.026274+0.000888456j -0.00941969-0.00457455j 0.00919984-0.00549787j -0.016635-0.00300572j 0.0286877-0.00438533j 0.0183264-0.00628315j 0.0127059+0.000143405j 0.00937303-0.0110463j -0.00232929+0.0043966j -0.01658+0.00675825j 0.00845778+0.00136964j -0.00240402+0.00528255j 0.00517576+0.00241915j 
-0.0135036-0.013847j -0.00660852+0.00328875j 0.0126902+0.00538569j 0.013764-0.00661638j -0.00809122-0.00189819j -0.024039+0.00722614j -0.0734664-0.0168776j 0.0394559-0.0249579j 0.0239866-0.0117058j 0.014538+0.0221922j -0.00710425-0.00194111j 0.00119925+0.0406674j -0.0178318-0.00116626j -0.0136354-0.00245701j -0.000458409-0.0172348j -0.121046+0.00378439j -0.0942011+0.00383009j -0.0272677+0.014848j 0.152477-0.028471j -0.0104602+0.0127103j -0.0565168-0.000454985j 0.025487-0.00973541j -0.00470147-0.00339486j -0.117347-0.00529314j 0.13512-0.0175211j -0.11227-0.000777891j 0.0647932+0.00301369j -0.0817283+0.0115428j 0.166892-0.00900383j 0.0322164+0.00101496j 0.073916+0.00713051j 0.130858-0.00453837j 0.0186787+0.0109386j -0.210678+0.00197078j 0.418748+0.00665132j -0.133846-0.00977325j 0.147883-0.00716587j -0.21896-0.00492447j -0.155836-0.00226983j 0.0199726+0.000446715j 0.0401147+0.00652152j -0.0487453-0.00653533j -0.0640354+0.00488216j -0.100675-8.14289e-05j -0.0316818+0.0257324j -0.1098+0.0241763j -0.0324123+0.175707j 0.00661295+0.0797007j 0.00917925+0.000912358j 0.124574+0.00638764j 0.015703+0.00139692j -0.0686757+0.00151364j 0.0642214+0.00747585j 0.0114627+0.00439863j 0.0736585+0.00138549j -0.0901751+0.00155435j 0.0389973+0.00651549j 0.0550128+0.00627921j -0.019401+0.00512134j 0.0122486+0.000708072j -0.0274485+0.00424191j 0.0187565-0.000457402j -0.0212021-0.00215201j -0.051349+0.000841946j 0.0294925-0.000956835j 0.0141114-0.00265785j 0.0476253-0.00610797j 0.0106552+0.000987508j -0.0132169-0.00174674j 0.0310606-0.000764635j 0.00662505-0.000295035j 0.0160261-0.00374244j 0.0235293-0.00328831j -0.0168338+0.00499055j 0.00127688+0.00144486j 0.0059304-0.00160862j -0.0335095+0.00282984j 0.0234262+0.000454827j 0.028634-0.000537484j 0.0210657-0.00239016j -0.00486777+0.00221827j -0.0124422+0.00342397j -0.00941074+0.00365334j -0.0169093+0.0069928j -0.0108039+0.00733061j -0.00155755-0.0012675j -0.00565892+0.00198991j 0.0018994+0.00433983j 0.00332958-0.00121479j -0.00185282+0.00511202j 0.00571783-0.00291883j 0.00887002-0.000312662j 
0.00728067+0.00615647j 0.00945716+0.00316697j -0.0348344-0.00282808j 0.0223533+0.0310376j 0.0659652+0.00223514j 0.00240191+0.0206762j 0.0405436-0.00540592j -0.0104231+0.0422508j -0.00198105-0.00364887j 0.00242671-0.0166886j -0.0459628+0.00167069j -0.0378736-0.011367j -0.0441657-0.00218278j -0.00273848-0.00579101j 0.14203+0.0118538j -0.0875607+0.0162658j -0.027079+0.00467799j -0.0536956-0.00984094j -0.0509776+0.00576827j -0.164559-0.0152945j 0.0852832-0.0072243j -0.0755151+0.00914469j -0.0743592+0.0122563j -0.0860611+0.00866087j 0.0489269+0.000350226j 0.0265772+0.00391673j -0.0417354+0.00312488j 0.0205322-0.0145464j -0.0988595-0.00193282j 0.00411937-0.0112199j 0.181862-0.0073516j 0.0938462+0.00333647j 0.0695762-0.00044201j -0.0630842+0.00507063j 0.423733-0.000495351j 0.205647+0.00594639j -0.180907+0.00882096j -0.0704722+0.000331109j -0.267578-0.0052151j 0.049296+0.00136821j 0.0724566-0.00299978j 0.0473537+0.0021014j 0.0181526-0.00507466j -0.03477-0.00267611j -0.00607663+0.0177904j -0.0248335-0.0500997j 0.0525986-0.073846j -0.0174861-0.105957j -0.0560167-0.00710048j -0.050979-0.00177098j -0.012746+0.000857812j 0.0469096-0.0015587j 0.00502497+0.00178984j 0.00482892+0.00271717j 0.0338942+0.00439132j 0.0224837-0.00127016j -0.0543551-0.00592365j -0.0211151+0.000531405j -0.00572274-0.00234869j -0.000893949-6.52227e-05j 0.0569915-0.00309432j -0.0197186+0.00573362j 0.0119161-0.000143602j 0.0247609+0.00124468j -0.0607038-0.00468277j -0.022463+0.00705628j -0.0216584+0.00655117j -0.00849555+0.00318221j 0.0317271+0.00101124j -0.00264112+0.000220925j -0.00690931-0.00061766j 0.0240979-0.0049318j -0.017924+0.00029794j -0.0418302-0.00633437j -0.0233709+0.0035259j 0.0425059+0.008634j 0.0194205-0.00370127j -0.0453985+0.00451718j -0.0283515-0.000583004j -0.0142788+0.00430715j -0.00377871-0.00501592j 0.0194567+0.00278662j 0.0192396+0.00245428j -0.00383723-0.000494059j 0.00339251-0.00152008j 0.0115278-0.0104333j -0.0088143-0.00401533j -0.0187339-0.002555j 0.0129395-0.00369311j -0.00352355-0.00551028j -0.010547+0.00144151j -0.0114275+0.00303204j 
-0.0143927+9.32719e-05j 0.013486+0.0131835j 0.0315104-0.0160268j -0.0545084-0.0166799j 0.0347993+0.0469636j -0.00893875-0.0235982j 0.0353171+0.0323601j -0.0175226+0.0249732j -0.0447775+0.00838543j 0.00121453-0.00977912j 0.0073817+0.0012427j -0.0531077-0.00820069j -0.0380961+0.00481887j -0.00616658+0.00853277j -0.0520622+0.0215922j -0.0868591+0.00713742j 0.118779+0.0064767j -0.00210246+9.43576e-05j 0.0661218-0.0188363j -0.0555056+0.0137107j -0.0963186-0.00843008j 0.0886647+0.00723009j 0.154564-0.00499147j 0.014997+0.00240736j 0.0422684-0.00515099j 0.0811302+0.00114223j 0.178694-0.00690545j 0.00398667+0.010805j -0.0369932-0.00249428j 0.022358-0.0027569j 0.19023-0.00659438j -0.0585968-0.00961607j -0.0121186-0.0010193j 0.113065-0.00522921j 0.195141+0.011249j -0.00333631-0.0025741j 0.0478743+0.000375107j 0.133667+0.00289858j 0.192966+0.00488121j 0.186335+0.000200621j -0.0877203+0.00714598j -0.185178-0.00352086j -0.0349786+0.000644819j 0.122723+5.38657e-05j -0.0275288+0.0204704j -0.0685412-0.0188641j 0.00895349+0.0461182j -0.0148849-0.0634319j 0.122715+0.00745391j 0.019447+0.00159305j 0.0203115+0.000478895j 0.00178895+0.00397767j -0.0276451-0.00170764j -0.00295988-0.00546326j -0.0305692-0.00732798j -0.0325645-3.26305e-05j 0.0650465+0.00555907j 0.0343071-0.00128181j 0.0169132-0.00102722j -0.00211232+0.00232211j -0.0127481+0.00701541j -0.00703651-0.0062421j 0.0724464+0.00581175j -0.0368981+0.00660692j -0.00720143+0.0012892j -0.00699919+0.000213556j 0.00594487-0.00452203j 0.0110286-0.00290534j -0.0153626+0.00640964j -0.0273781-0.00234049j -0.00122875-0.000527928j -0.0455334+0.00103668j 0.0083311-0.000218223j 0.0393376-0.000626167j 0.00742769-0.00369055j 0.00935981-0.00582117j -0.00571133+0.0095204j -0.0534454+0.00109987j 0.01683-0.00121731j 0.0125091-0.00438719j 0.0348377-0.0051677j -0.027319+0.0021103j 0.00587404-0.0044053j 0.0160826-0.0018403j 0.0214207-0.0031541j -0.021605+0.0066163j 0.00180135-0.00190689j 0.00931775-0.00162758j 0.00430821-0.000328812j 0.00575738-0.0027611j -0.00224251-0.00266759j 0.0103443-0.00464849j 
0.0337488+0.00178214j -0.00984094-0.0357638j -0.0126245-0.0229067j -0.0305007-0.0146968j 0.0160244-0.00585357j -0.0387376-0.00487292j -0.0289642+0.0142532j -0.00864985+0.0236104j -0.0816917+0.0013547j -0.00383685-0.0168246j 0.224034-0.0145832j 0.050153+0.0135635j -0.0798019+0.00703436j 0.122583-0.0156623j -0.0229659-0.00732472j 0.0286801+0.00602457j -0.0688372+0.00611366j 0.00946309+0.000325193j -0.0417681-0.0217069j -0.0156778+0.00827828j -0.0177188-0.00965248j -0.0620553-0.00470046j -0.0134458+0.00982411j -0.120796-0.00457671j -0.14458-0.000960652j 0.0306039+0.00509982j 0.0328151+0.00150916j -0.0606081+0.00899193j 0.158984-0.00305364j -0.115272-0.00358533j -0.253412-0.00191953j 0.167097+0.00759001j -0.128013+0.000705628j -0.185161+0.00717514j -0.174456-0.000943255j 0.183005-0.0023238j 0.130255-0.00109753j -0.0220067+0.00289814j -0.044345-0.00895662j 0.113824-0.00115063j -0.00794084+0.00928307j -0.104643-0.00169751j 0.0912621-0.00325881j 0.0704748+0.00133536j -0.0902122+0.0346623j -0.0940205-0.0630333j 0.066087-0.0275591j -0.0365919-0.157384j -0.0411167-0.000123629j 0.171415+0.00031027j -0.090065-0.00183916j 0.0607587-0.00118885j -0.0185267+0.00534384j -0.0655666+9.74588e-05j -0.0055003-0.000659478j -0.029174-0.00135787j 0.0434673+0.00572818j 0.041744+0.00587042j -0.0522405-0.00237304j 0.0650175+0.00206056j -0.0411137-0.00106253j 0.00226752-0.00176038j -0.0203645+0.0038451j 0.0542929-0.00252484j 0.0806323+0.00547215j 0.0201297+0.00740376j -0.0135469-0.00388962j 0.0139312-0.0119137j 0.040376+0.00118066j -0.0392413-0.00219121j -0.036855+0.00543651j -0.0308125+0.000685747j -0.023676-0.00190339j -0.0420095+0.00282149j -0.00989194-0.00426445j -0.00663297-0.000621043j -0.0267402+0.00495433j -0.00320268+0.00843531j -0.0280787+0.000256151j -0.029288-0.00158419j -0.0124283-0.00483257j 0.0123801+0.00223918j -0.0114942-0.00918582j 0.047666-0.00461835j 0.00682507-0.00230819j 0.0312271-0.00951607j -0.0125224+0.00112579j -0.0134661+0.00598433j -0.00950672-0.000417427j -0.00286202+0.000439456j -0.00231969+0.0133694j 0.00158625+0.00231572j 
-0.0183944-0.037575j -0.0347923+0.00143282j -0.011893-0.0309231j -0.0321387+0.0153864j 0.0349781-0.00300703j 0.0339186-0.0279976j -0.0217949+0.0010349j -0.0114685+0.000887837j 0.00408128-0.0131003j 0.172207-0.010845j 0.0258657+0.0233684j -0.196147+0.00341584j 0.105959-0.0117766j 0.0724084+0.00444985j 0.0321487-0.0117676j 0.038377+0.00575037j -0.0344673-0.00612613j 0.0796045+0.00569036j -0.00633411+0.00956089j -0.0105695+0.00196037j -0.0683811-0.0212728j 0.0361181-0.000834987j -0.0246448-0.0112016j 0.044095-0.00154695j 0.0861128-0.00541832j 0.00924368+0.00137463j -0.00692747-0.00599776j -0.200147+0.00203593j 0.0406499-0.00411319j -0.183759+0.00536688j 0.0341979+0.00399937j 0.150061-0.00369433j -0.0805018+0.00590783j 0.230224+0.0143801j -0.145647+0.00304124j -0.276668+0.00288257j -0.243871-0.00301368j -0.1138-3.18505e-05j -0.0324466-0.00245631j -0.0433945-0.00699597j 0.257964+0.00400098j -0.106669-0.00288649j 0.109488+0.00330228j -0.0356468-0.000973909j -0.103589+0.0211777j 0.0258572-0.0141659j 0.0247317+0.0229708j -0.0605354-0.0457497j 0.0285782+0.0003333j 0.0454852+0.000141992j 0.0731394-0.0135168j 0.0308913+0.00221214j -0.0207814+0.006627j 0.00920666+0.000228417j -0.0572654-0.00456489j 0.0619109-0.000666905j 0.0179162+8.84e-05j -0.00637161-0.00329516j -0.0218681-0.00208075j 0.0127958-0.00161051j 0.0509554-0.00123007j -0.0174874-0.00492639j 0.0342321-0.00797859j -0.0521864+0.00117654j -0.0322594+0.00539643j -0.0116566-0.00290054j -0.0611794+0.00279769j 0.0319215+0.00112649j -0.0189145-0.00406503j 0.0415544+0.00158958j -0.0622439+0.00136417j 0.00563637+0.0026564j 0.0407632+0.00344095j -6.3838e-07-0.00602953j 0.0283692-0.00214844j -0.0310879+0.000139437j -0.0051535-0.00207548j -0.0294881-0.000429356j -0.0126624+0.00722072j -0.0141722+0.00705882j -0.00558011+0.000261773j 0.0300558-0.0101746j 0.0260405+0.00214325j 0.00781141+0.00733574j -0.00412005-0.000416498j 0.00881904-0.0040942j 0.0117199-0.0124841j 0.00576698+0.00109727j 0.00261016+0.00297373j -0.000925194-0.00148415j -0.00119907-0.000882252j 0.006217+0.00717628j 
0.048087+0.0208004j 0.00701985-0.0305602j 0.0389161+0.0173951j 0.019526-0.0387555j -0.0479512-0.0189109j 0.0351959+0.0140317j -0.0179586+0.010348j 0.0121237-0.0162597j -0.117592+0.00951283j -0.0844618+0.000175483j 0.00462981-0.00153429j -0.183787+0.0139658j 0.0181616-0.00577218j 0.0739027+4.49027e-05j 0.0577442-0.0146007j -0.0842028-0.0200664j 0.0434679+0.00154005j -0.144274+0.00891509j 0.00346918-0.00247777j 0.123797-0.00557923j 0.0022048-0.00324944j -0.0127463+0.0079276j -0.0984298-0.00646778j 0.13596-0.0136973j -0.085218-0.00637896j 0.0694132-0.0136802j 0.178885+0.00415639j -0.0184427-0.0122377j -0.0824646-0.00547196j -0.166102-0.00489459j 0.474588+0.0011161j 0.171578-0.00394478j -0.0276606+0.00484032j 0.0499259-5.81982e-05j 0.0139044-0.00282209j -0.0559234+0.00261219j -0.12282-0.00229132j 0.0677586+0.00364518j 0.0651718+0.000883403j 0.0703807+0.00269025j 0.0120086+0.00322234j 0.0205649+0.00567317j 0.0334835+0.000731976j -0.030412-0.00245754j -0.0333047+0.0686661j 0.0208827-0.0316369j 0.0143916+0.140331j -0.0960954-0.125551j -0.0333667-0.000967904j -0.0407332-0.00854684j 0.0344492-0.00153469j 0.0930584+0.00725725j 0.0210397+0.000990444j -0.00872903+0.000991522j 0.0111176-0.000493568j 0.00705669-0.0013086j 0.00492732-0.00455649j 0.00732507-0.00256047j 0.00382966+0.00403816j 0.0330897+0.00278189j 0.026327-0.00070245j -0.0154808-9.11493e-05j -0.0090506+0.0019557j 0.0173535-0.00192677j -0.0199525-0.00581495j -0.00285236+0.00140826j -0.0263626+0.000850065j 0.0222752+0.00301778j -0.022224-0.00462173j 0.0438271+0.00415224j 0.00648781-6.10128e-05j 0.0268693+0.00608867j 0.0155961+0.00326586j -0.00335763-0.00916344j 0.0128262-0.00464729j -0.0303071+0.00321707j -0.0207237-0.00107944j -0.0382353+0.000723557j -0.00663738+0.000866327j -0.00331436-0.000833086j -0.00547864+0.00719j -0.00446297-0.0029796j 0.0168075-0.00212963j 0.010555-0.00186927j 0.00276913-0.0011329j 0.0226355+0.00341674j 0.0182603+6.88995e-05j -0.00227657+0.000715518j -0.0139245+0.0013783j 0.00814003-0.00535094j 0.00256756+0.00406889j -0.0123539+0.00453935j 
-0.0294347+0.0290638j 0.0610688+0.0322902j -0.0489807+0.0332983j 0.0295759+0.0330618j 0.00326933+0.00957092j 0.0529472+0.0204769j 0.0300671-0.0223563j -0.0104843+0.0031992j 0.0664474-0.00494738j -0.0270428+0.0181871j 0.141933-0.0115592j -0.102037+0.0146276j -0.00636481-0.0037963j 0.109998-0.00449597j -0.12426-0.0140337j 0.000154514-0.00295417j 0.0816547-0.0150882j 0.00472288+0.0132387j 0.115984-0.00190429j -0.113739+0.0139495j 0.11903-0.00489604j 0.00639208-0.00396204j -0.111987-0.00443486j -0.0109206-8.89577e-05j -0.0825087-0.0159735j 0.0934247+0.00443638j 0.0936578+0.00803414j 0.0064937+0.00935646j 0.00323918-0.00256292j -0.0715045+0.00184188j -0.136984-0.000747132j 0.228035-0.0060397j 0.164118+0.00682649j 0.0237194+0.0041744j -0.0682657+0.00616555j -0.147834+0.00120763j 0.0806296-0.00569503j -0.0181677+0.00454744j 0.0169299-0.00565503j 0.0488633-0.00312963j 0.113248+0.00567896j -0.224678-0.00670338j -0.0145355+0.00330434j 0.0793175-0.00206269j -0.086448+0.0448527j -0.0122331-0.0269556j 0.0313121+0.0802522j -0.0810224-0.105989j 0.0391539+0.00549736j 0.0969748+0.00189238j -0.0167068-0.00370967j -0.028103-2.69106e-05j -0.0612957+0.00326718j -0.00934224-0.00358809j -0.0615144-0.00560375j 0.00729811+0.000854567j -0.00510594+0.00326653j -0.0250508+0.000439095j 0.0474303-0.00184094j 0.0244781+0.00164536j 0.0538695-0.00452002j 0.0320348-0.00508604j 0.0430756+0.00278171j 0.0260631-0.00150799j 0.0330828+0.00167513j 0.080371+0.0036913j 0.0126755-0.00101998j 0.0106452-0.00205068j 0.00687283-0.00446274j -0.0320295-0.000223302j -0.0547964+0.00124828j -0.0319652+0.00350396j -0.0433659+0.00448074j -0.00993305-0.00383347j 0.026069-0.00417021j -0.0176565-0.00236741j -0.013246+0.00519432j 0.0138173+5.57443e-05j -0.00802865-0.00210599j -0.00266916+0.00414393j 0.000535813-0.00792762j -0.0172901+0.00251532j 0.0114744-0.0032428j 0.0422518-0.00317144j 0.0111181+0.000124193j 0.00589983+0.00191302j -0.0233764-0.005092j -0.0161465-0.000645782j -0.0011804-0.00246218j 0.0219055+0.00187922j -0.0262632+0.00848768j -0.0018761+0.000190181j 
0.0311201+0.0314548j 0.0456293-0.00820336j 0.0603819+0.0262377j 0.0336616-0.0323285j -0.0233339+0.00755171j -0.0129081+0.0271514j 0.046092+0.0162029j -0.0193279-0.00737854j 0.0619406-0.00429449j 0.235142-0.00342969j -0.00628001+0.00493088j 0.0760521+0.00298163j 0.102329-0.00823987j 0.0962525+0.012508j 0.0145747+0.00598446j -0.0700625+0.0147858j -0.0223813+0.00448499j -0.0676116-0.000616972j -0.0788468-0.00262083j 0.0276717+0.00788286j -0.0640466-0.00066323j 0.0437921-0.00879332j 0.0197702-0.00447503j 0.00236047+0.00159749j 0.0904461+0.00220324j -0.0135068+0.0125681j -0.201687+0.00421807j -0.150117+0.00141698j 0.0849665+0.00917004j -0.00308818+0.0103175j -0.334187+0.00221468j -0.0705751-0.00492757j -0.234497-0.00155826j 0.26811+0.0051495j 0.17079+0.00463638j -0.093646-0.00109323j -0.212492-7.76516e-06j -0.116381-0.00412405j -0.0863096-0.00108362j 0.0106784-0.00425515j 0.0307338+0.00159463j -0.0916555-0.00627306j 0.0227571+0.00479965j 0.00334067-0.000239006j -0.0060765-0.0108592j 0.0565839-0.0140068j 0.0184002-0.0846589j -0.0118553-0.0268389j 0.0131669+0.000152126j 0.0226723+0.00192254j 0.0457475-0.00748884j -0.00981804-0.00218082j -0.0211786+0.0036491j 0.0218047-0.00321431j 0.0634777+0.000111053j -0.0135842+0.000176778j -0.00794111-0.00378004j 0.0402712+0.000557159j -0.0242294-0.00511382j 0.0208658-0.00082012j -0.0337421-0.00318136j 0.00190849+0.000713068j 0.0314879-0.00479075j -0.0286219+0.00209295j -0.0225274+0.00301598j -0.0585772+0.00129545j -0.00734267-0.000127512j 0.03498+0.00140364j -0.0710261-0.000855006j 0.0435999+0.00396006j 0.0215213-0.000360742j -0.0312895+0.0027531j 0.0349906-0.00373264j 0.0428436-0.00129892j -0.0110252+0.00110632j 0.0321266+2.82523e-05j 0.00377666+0.0016919j -0.0562692+0.00437899j -0.0208415-0.000670808j 0.00856807+0.00377347j -0.0106917-0.00270357j -0.0108972+0.000403597j 0.0522221+0.00481248j -0.0491441+0.00631517j 0.0377156-0.00664171j -0.0206987+0.000714197j -0.00487654+0.00186954j -0.0178914+0.00280068j 0.00224408+0.000249441j 0.0157208-0.0110848j -0.00400193-6.51729e-05j -0.0120984+0.000952206j 
-0.0465956-0.00287668j 0.00866023+0.0276642j 0.00299186+0.0141661j 0.0416094+0.018027j 0.0384313+0.00539161j 0.0170125+0.0051352j 0.00839188-0.0191706j -0.0224137-0.0184738j -0.276804-0.000693259j 0.0840483-0.00727566j -0.0493667-0.000147631j 0.0714626+0.00776708j -0.100098-0.0155561j 0.0593883-0.00919817j -0.0520128+0.00960004j 0.0342665-0.0108706j 0.000936967+0.00878923j -0.0920557-0.0110711j -0.0161083-0.00398301j 0.0719909-0.0161498j -0.0171588+0.00873526j -0.0549702-0.000210066j 0.0777552+0.00315949j -0.137414+0.00390201j -0.0452934+0.0067517j -0.0376877-0.00356894j -0.204247+0.00267569j -0.017562-0.0057256j 0.127378+0.00383091j -0.218863+0.00220657j 0.183563-0.00450294j 0.0105531-0.00099101j -0.440396-0.00433161j -0.114478+0.00500031j -0.04777-0.00843218j 0.252643+0.00217095j -0.0433561+0.000837658j 0.00920755-0.000471173j 0.194191-0.0019337j 0.119273+0.0026228j 0.0522138+0.00341387j -0.0732806+0.00426313j 0.103211-0.0028328j -0.00157038-0.00191129j 0.0483248+0.0221254j -0.00975894-0.0113567j -0.0177445+0.0620991j -0.0184015-0.0465288j -0.0964343+0.00114867j 0.0116524+6.2998e-05j -0.0977246-0.00308981j 0.0239641+0.00225591j 0.0564335+0.00147763j -0.0558356-0.00235358j -0.0115223-0.000217453j -0.0160984-0.00558512j -0.0360741+0.00238178j -0.0298398+0.000761355j -0.0324417+0.000608327j -0.0270812-0.00145122j 0.02193+0.00162136j -0.0132214-0.00318424j -0.0113157+0.00220655j -0.00853327+0.00139696j 0.00942619-0.00259964j 0.0203993-0.00110411j 0.0147587+0.000596542j -0.0211055-0.00264404j 0.0165094+0.00159714j 0.000768465-0.00144024j -0.00474212+0.00059035j -0.00232375+0.000605493j -0.0121195+0.00139823j 0.0150158-0.0046641j -0.0132126-0.00406593j -0.0137433+0.00512986j 0.0159485+0.00448842j -0.018339-0.00140769j 0.00904527+0.00284195j 0.0258266-0.00138129j 0.0157925+0.00276076j -0.0494586-0.00230876j 0.0381872-0.00323786j 0.000332129+0.00340412j 0.0104949+0.00052917j -0.044135+0.00313018j 0.00917121-0.00362991j -0.00991514+0.000773289j 0.0366426-0.00760895j 0.00178585-0.00761285j -0.00186826-0.00131412j 0.00937803-0.0050017j 
0.0153474-0.00316699j -0.015194-0.0068503j -0.0341112-0.00122271j 0.0268078-0.00110787j 0.0416443-0.017322j -0.0530969-0.000295655j -0.0303251-0.0148687j -0.326015+0.00354915j 0.036229+0.0145815j -0.0244767+0.0104407j 0.0203012-0.00161681j 0.00560196+0.0307074j 0.0285026+0.00318768j -0.0507285-0.00339608j -0.0817224+0.00459733j -0.149212+0.0258899j 0.0865144+0.00431141j 0.0307654-0.00249844j 0.082833-0.000372247j 0.253518+0.00103995j 0.0667705-0.00438189j 0.150935-0.00979139j 0.276937+0.00285297j -0.0361112+0.00260349j 0.0394316-0.00961793j 0.383128+0.00057238j -0.237676+0.00166015j -0.292151-0.00197954j -0.0399234-0.00736439j -0.0702548+0.00139384j 0.0886674+0.00716651j -0.223815-0.00254152j 0.124317+0.00147485j 0.0475197+0.00176219j 0.0141879+0.00262819j -0.0289176-0.001943j 0.206999+0.00565608j 0.0147985-0.00492088j -0.0329849-0.00316276j -0.0369768-0.00621148j 0.0484047+0.00243011j -0.0899162-0.00494431j -0.0691233-0.00166804j 0.0746184+0.00183414j -0.00269168+0.0117657j -0.0180215-0.0189059j 0.0124626-0.00740129j -0.00668761-0.0575445j -0.0202906+0.00256207j 0.019506+0.00404334j -0.0351262-0.00375549j 0.0265208+0.00151513j -0.00026657-0.00247531j -0.0415723+3.21538e-05j 0.0133679-0.00101893j -0.00268084-0.00110674j -0.0495059+0.00389108j -0.0286504+0.00252046j -0.0494524-0.00462915j -0.0649589-0.00137832j 0.0646241+0.00435796j 0.0169546-0.000185512j 0.0305054+0.00597556j 0.00064394-0.000430129j -0.00300392-0.00131974j 0.0108474+0.00197083j -0.0179411-0.0066587j -0.0304223-0.00425556j 0.0997775-0.00129268j 0.00797692+0.000810208j -0.0313222-0.00377753j -0.0060273-0.000738806j -0.0408371+0.0042379j -0.05781-5.12206e-05j -0.0359393-0.00578594j 0.0450597+0.0083268j 0.0324004+0.00648305j -0.00649939+4.84124e-05j -0.0208035-0.00702059j -0.0300296-0.00137077j 0.014067-0.00571404j 0.0474434+0.00516665j 0.00973375+0.00179426j 0.00508936-0.00107101j 0.00254785+0.0073662j 0.0189146-0.00596877j 0.000128941-0.00769515j -0.0141808-0.00372826j 0.0153278-0.00475173j -0.0203863-0.00578954j -0.0016748-0.00278523j -0.0107937+0.00403784j 
-0.000197285+0.0123204j 0.0460343-0.00046915j -0.0330204+0.0151699j -0.0064245+0.00320859j 0.0148171-0.00328529j -0.0186681-0.00402389j -0.357729+0.0125639j 0.0420142+0.0218844j -0.0127923+0.0102259j -0.00958238-0.0123287j -0.0585938-0.0013459j 0.0649437-0.0307811j 0.0881907+0.00207881j 0.0321468+0.00245783j 0.101635+0.00756603j 0.00638307-0.00343433j 0.178777+0.00234968j 0.0801526-0.0100198j -0.0401246+0.0203915j 0.197704-0.00635495j -0.142246-0.00074671j 0.049922+0.00268761j 0.0465672+0.000875575j -0.180558+0.00244354j 0.163197+0.00821059j -0.247204-0.00309073j 0.00986285-0.00862379j -0.187656-0.00528799j 0.411661+0.00638246j 0.060196-0.00191893j 0.242827-0.00193198j -0.0485681-0.009231j 0.170741-0.00314116j -0.0629111-0.00182173j -0.146027-0.00529126j -0.0552478+0.00745419j -0.093019-0.000173413j -0.0506813-0.00316634j -0.0456008-0.00120699j -0.00965813+0.00186681j -0.0678149-0.00473694j 0.012859+0.0012814j 0.100043-0.000442439j 0.000694435+0.00290966j -0.0561286-0.0282962j -0.0834166-0.00546228j 0.0217475-0.0843786j 0.0481625+0.0332587j 0.0506877-0.00288416j 0.015533+0.0043823j -0.0270983-0.000343001j -0.0328955-0.00122695j -0.00924138-0.00170861j -0.0498193-0.000799665j -0.0538169+0.00242786j -0.0461434-0.00102699j -0.0158145+0.000737511j -0.0306959-0.000612794j 0.0254939+0.00289681j 0.003362-5.46381e-05j -0.0702851-0.00129348j -0.0108871+0.000637969j -0.0307479-0.00114935j 0.0333682-0.000562019j -0.00247493+0.00375404j 0.02741+0.000751902j 0.0513629+0.0012903j 0.017724-0.00155474j -0.0399639-0.000313966j 0.00624108-0.00246662j -0.0190369+0.00012013j 0.0226021-0.00121931j 0.0252084+0.00158859j -0.0455492-0.00380345j -0.024043-0.000532392j -0.0494416+0.00131117j 0.0259872-0.00572806j 0.0215138+0.000376449j -0.00388293+0.000470401j -0.0163739+0.000842777j -0.0537301-0.000495359j -0.00371052-0.000728777j -0.0173578-0.00751086j 0.0439653-0.00266799j -0.000890297-0.000571037j 0.0352975-0.000691783j -0.0116975-0.00600597j -0.0170123+0.00206922j -0.0152691-0.0011225j 0.0166782+0.00331946j -0.0213111+0.00963398j 0.0026362+0.00699277j 
0.0355194-0.00473186j -0.011049-0.00875629j -0.00723766-0.00479246j -0.00423-0.00514116j 0.0252708+0.00563094j 0.370892-0.0140157j -0.0216705-0.0204023j -0.0390459+0.0179652j -0.0232685-0.0155817j 0.0293593-0.0078359j 0.040238-0.0216844j 0.0907365+0.00539374j -0.0120753-0.00135908j -0.124799-0.00424056j -0.00298681+0.0180933j 0.0516707-0.00418891j 0.0687535-0.0168354j -0.094442-0.0058854j 0.210597+0.00170362j -0.062805+0.00325338j -0.20584+0.0180306j 0.0915673+0.00634457j -0.0514579+0.00119143j -0.0903556+0.000203046j 0.175666+0.000183849j -0.0871379+0.00751833j -0.441223-0.000569399j 0.352291+0.00515413j 0.0810187+0.0034623j -0.120491-0.00135036j -0.018209-0.0099198j 0.172849+0.0026162j 0.105013+0.00314111j 0.0473942+0.00391301j 0.086093+0.00322537j -0.105312-0.00517271j 0.0629282+0.00468313j 0.159017+0.0039603j 0.127947+0.00586162j 0.0206312+0.00585438j 0.0170259+0.00587424j -0.0398181-0.00540006j 0.00136388+0.00623196j -0.0146843-0.000934875j -0.0250368+0.00704388j 0.035335+0.00384489j 0.00354933+0.0298339j -0.0336915-0.0123021j 0.00568692+0.00376822j -0.084197-0.00409603j 0.0503987+0.00374012j 0.0125498+0.00496798j 0.00645178+0.00483445j -0.000598504-0.00474074j -0.0589639-0.00646346j 0.0218569+0.00359191j -0.0279911-0.00238891j -0.0255771-0.00431875j -0.00450478-0.00284059j 0.00745286+0.00241975j 0.0797086-0.00109297j 0.0128755-0.00774582j 0.041454+0.00128373j 0.0537906+0.00395035j -0.032864+4.58351e-05j 0.0107285+0.00107358j -0.0399143+0.00246973j 0.0108035+0.00392289j 0.00964191+5.31375e-07j -0.0136081+0.00160359j -0.0203534+0.00101162j 0.037053+0.00740521j -0.0137027+0.00374548j -0.00275787-0.00537924j 0.0694885-0.00525861j -0.062281-0.00687188j 0.021118+0.00696403j 0.00273181-0.00566677j -0.00903139-0.0022258j -0.00817008-0.00120494j -0.00596168-0.00719727j 0.0557969-0.00391978j 0.016744-0.00184679j 0.0225854-0.00238528j 0.00499467+0.000560425j 0.0131101+0.00464416j 0.0376981+0.000294766j 0.0159838-0.00867227j -0.0308553+0.0075804j 0.00431175+0.00268461j -0.00247877-0.0061248j -0.0183769+0.00668359j 
-0.0280737-0.00387029j -0.0173793+0.00618585j -0.0368964+0.00273096j -0.034702+0.0117046j -0.373528+0.0151318j 0.0338987+0.0174797j -0.0164587+0.0045498j -0.0279028+0.0267996j 0.0277476-0.00794615j 0.0587859-0.00643689j -0.0266517+0.000764997j 0.0855943-0.00349949j -0.11299-0.00182279j 0.118772-0.000227799j 0.0973549+0.00535035j -0.169825+0.0071323j 0.0824948+0.0157127j -0.113608+0.00414881j 0.12925-0.015034j 0.278796+0.00486033j 0.0248896+0.0012412j 0.0165262+0.0026476j 0.0811311+0.00454413j 0.474925+0.00934654j -0.292193-0.00436308j -0.110815+0.00963936j -0.134964-0.0038578j -0.0495899-0.00463106j 0.116452+0.0015377j -0.0744379-0.00435064j -0.069093-0.00499002j 0.160929+0.00227244j 0.0339127-0.000641285j 0.079006-0.00183613j 0.0519+0.00724887j 0.082273-0.00373748j -0.0231826+0.00440385j 0.107181+0.00235354j -0.088009-0.000473193j 0.00500181+0.00101661j -0.0986299+0.00262176j 0.0618296+0.0037028j -0.0443318-0.00120816j -0.0659966-0.00360119j -0.0533925-0.00903387j -0.0390884+0.0145709j 0.000200579+0.0218195j 0.00864413+0.0543409j 0.0350652-0.000989354j 0.0271595+0.000710741j -0.0147508+0.0022032j -0.0635139-0.00193528j -0.00669875+0.000914915j 0.0597662-0.00246049j -0.0253699+0.000303673j -0.0598591-0.000120138j 0.0575444-0.000942305j 0.0226548-0.000150794j 0.0719169+0.00590758j -0.0386501-0.00050679j -0.0232433+0.000724384j 0.0124826+0.00183331j -0.0154639-0.00334348j -0.0462078+0.00249034j 0.0195644-0.000200728j -0.00260647+0.000266663j 0.0396325-0.00157149j -0.0160565-0.000722439j -0.0886769+0.00159856j -0.00690418-0.00473039j 0.00517198+0.00245308j -0.000368215-0.00241859j 0.01903-0.0036188j 0.0365943+0.00403497j 0.021701+0.00824167j -0.00728036-0.00600933j -0.00931622-0.00283021j 0.0578656+3.53838e-05j 0.0296339+0.00157413j 0.0231618-0.00179452j -0.00863804+0.00405784j -0.0269337+0.00202177j -0.0173206-0.00266469j 0.0151758+0.00295021j -0.0262283+0.00350211j -0.0116758-0.000475958j -0.0239517+0.0103531j 0.0290803+0.00251768j -0.0179933-0.00410211j -0.00718948+0.00941266j 0.00293607+0.00164916j 0.00753865-0.00287127j 
0.00406225-0.00467145j -0.0363055+0.00167251j -0.036182-0.0294272j 0.382857-0.0102779j -0.0206087+0.0210623j -0.000637167-0.0259956j -0.0392131+0.0233948j 0.104877+0.00176542j 0.0844836+0.00584703j 0.0116331-0.00551089j 0.0345759+0.00319158j 0.0366792-0.0196236j -0.00295722+0.000519421j 0.0212089+0.00796006j -0.172794+0.00641166j -0.0713009-0.00822464j 0.310723+0.00232104j -0.190981-0.00678436j 0.00505263+0.00490654j 0.209277+0.0108033j 0.366771-0.00451491j -0.150383+0.00126806j -0.433614-0.00359905j -0.160405-0.00128748j 0.0273408+0.00248618j -0.0524332-0.00696792j -0.083547-0.00618162j -0.0959291+0.0061266j -0.0217665+0.00440666j 0.0727394+0.000648079j -0.010586-0.0016576j 0.0419728+0.000982238j 0.0100548+0.00130626j 0.0940058-0.000298944j 0.0234551-0.00182608j 0.000278552+0.00360345j 0.0333484+0.000978301j -0.0327574+0.00214532j 0.0728616+0.00254731j 0.000324658-0.00140035j -0.0430763-0.0012999j -0.0587895-0.00247826j -0.0344851-0.00166965j 0.0133467+0.000473093j 0.0664615-0.00600572j -0.0169496+0.00290058j -0.017063-0.0122953j 0.0298146+0.0103963j -0.00984087+8.79788e-05j -0.044833-0.000911359j -0.040749-0.000649705j -0.029716-0.000138057j 0.0386049-0.000300669j -0.0131843+0.00269217j 0.0348415-0.00146425j -0.015763+0.00265194j -0.0589561-0.00122721j -0.00486573-0.00143123j -0.0425073-0.00370233j 0.00544494+0.000243601j -0.0393335+0.00215274j 0.00568393-0.000100685j 0.0440978+0.000206728j -0.0342458+0.000462459j -0.0139066+0.00018324j 0.042766+0.000725049j 0.00601645+0.000971934j 0.00593662+0.00213885j 0.0222715+0.00400375j 0.0298255+0.0043443j 0.0308932-0.00175974j 0.0227959+0.00179561j -0.00250703-0.00209668j 0.00166641-0.00285278j -0.00940701-0.00137888j 0.0111723+0.0010101j 0.00884964+0.00079673j -0.0156352+0.00184543j -0.0214791+0.000572033j 0.011897+0.00185227j 0.00966311-0.00233808j 0.00219138+0.000597286j 0.0235567+0.00418586j -0.0644398-0.000731247j 0.0205068-0.0074301j -0.0235559+0.00388894j 0.0431968-0.0040835j -0.0240305-0.00242797j 0.0227572+0.00509282j -0.000667518-0.00573047j 0.0201184-0.00606861j -0.00832667-0.00541109j 
0.0423511-0.00393154j 0.00982958-0.00126846j -0.387678+0.0186956j -0.038241-0.0378887j 0.0202136+0.00708728j -0.0379717-0.00138096j 0.0828117+0.0172711j 0.060787-0.0148187j -0.114324+0.00671683j 0.132412+0.00706563j -0.13384+0.013679j -0.00896322+0.00372338j 0.0159638-0.00588498j -0.0855357+0.00523913j -0.025434-0.00145036j -0.0118085-0.00320008j 0.138409+0.0171023j 0.414643+0.000317613j 0.160229-0.00490554j -0.343014-0.00261571j 0.248575+0.00312257j -0.262413-0.00528562j 0.0194982-0.00652363j 0.0188553+0.00284933j -0.152505+0.00356206j 0.00305541-0.00634908j -0.0940903+0.000781274j -0.0437903+0.00148427j 0.174988+0.00543326j -0.083623-0.00128889j 0.0668681+0.00504836j -0.0700833-0.00655793j -0.0132205-0.00181005j 0.0986535-0.00248906j 0.0326072+0.000291711j 0.0248803-0.00178147j -0.0214657+0.00054512j 0.0622969-0.00185772j -0.0065204+0.000908035j -0.0468318-0.00307331j -0.0189836+0.000668301j -0.00219015+0.00431846j -0.0312157-0.00142045j -0.0518256+0.000428734j -0.0675098-0.00569022j -0.0388151+0.0123075j 0.00146051+0.0258719j -0.00354347+0.0352873j 0.0219778-0.00137149j 0.00982472+0.00392776j -0.0219578-0.000131051j -0.0391539-0.000253701j 0.00643327-0.0028172j 0.0244612-0.0013782j -0.0410161+0.000839811j -0.0289281+0.00158136j -0.015435+0.000482194j -0.023378-0.00147797j -0.000369858+0.00209646j -0.0611819-0.00230231j 0.0390722+0.00455922j 0.0203708+0.00148325j 0.00519448-0.00339362j -0.00566294+0.00456534j 0.016744+0.00135488j 0.033837-0.00436718j 0.0315465-0.0045111j 0.00721862+0.000675602j 0.016443+0.00440255j 0.0441544-0.00319884j -0.0264664-0.00410139j 0.00954015-0.00155482j -0.0270207-0.00241444j -0.0598153-0.00338624j 0.0347843+0.00128564j -0.0195045+0.00172399j 0.0146652-0.00235192j 0.0795303-0.00306244j 0.0172956-0.00115717j 0.0223489-0.00291185j -0.0369151+0.00158481j 0.0473336+0.00283612j 0.0126513-0.00196623j 0.0207191+0.00782182j -0.0619542+0.00449333j 0.0396375+0.00268679j -0.0225388-0.00635986j 0.00684487-0.000195716j -0.00117164-0.00261094j -0.0231937-0.00014573j -0.01236-0.00629095j -0.0211535+0.00644839j 
0.0192807+0.0347106j -0.402003+0.0111726j 0.00106789+0.0242856j -0.080403+0.000926902j 0.0596412+0.0110235j -0.0551333+0.0245676j -0.139746+0.00255612j 0.0614886+0.000911006j 0.00491011+0.00487128j 0.308781+0.00869819j 0.266062-0.00651801j -0.221977-0.00515779j -0.2546-0.00186276j -0.539117-0.00106257j 0.148131+0.002909j 0.0515921-0.00379427j -0.0378522+0.003077j 0.0724872+0.00560016j -0.0357433-0.0013952j 0.154703+0.00230728j -0.0219416+0.00229913j -0.0368344-0.00424184j -0.0481408+0.000508628j 0.0270472+0.000856764j 0.0168963-0.00443128j -0.0511804+0.00241029j 0.017439+0.00356887j -0.0780616-0.0024597j -0.0220619+0.00350613j -0.0154243+0.000886849j -0.0219503-0.00195612j 0.0391076-0.00298427j -0.0167593-0.000752623j 0.0244119-0.00417893j 0.0137495+0.000940477j 0.0224019+0.00196777j 0.0258001+0.000806124j 0.0221575+0.00167983j 0.0063064-0.000246439j 0.00768256+5.02257e-05j -0.000111911+0.000398314j -0.00741906-0.000365024j -0.0404968-0.000260811j 0.0315115-0.00125772j 0.0218639+0.00517289j 0.0144256-0.00553965j -0.000940525-0.00101689j -0.00832903-0.0214679j -0.0315425+0.00014209j -0.0120468-0.00046171j -0.0155187+0.00075704j 0.00580602-0.000291851j 0.00318945-0.00114052j 0.0311251-0.00018782j 0.00250924+0.0003122j 0.0228323+0.0016084j -0.0182472-0.0015727j -0.00235357+0.000308481j 0.0219059+0.00194393j 0.00440327+0.000863711j 0.0066391+0.000431532j 0.0259085+0.00201584j -0.0181557+0.000135557j -0.023139-0.000951052j 0.0107492-0.00258531j 0.0352117+0.00207838j -0.0431319-0.00324283j -0.0462314-0.000421339j 0.025251-0.000383063j 0.020023+0.000734241j 0.0103068+1.9039e-05j 0.0158825+0.00290739j -0.0254899-0.00173878j 0.0171236+5.69161e-05j -0.0238254+0.00265341j 0.00953782-1.33319e-05j -0.0243681-0.000755703j 0.0542345+0.00154161j -0.00286867-0.00296426j -0.0238841-5.19461e-05j 0.0335738+0.00119524j -0.0193898+0.00636347j -0.0289142-0.00083658j -0.0194912-0.00179326j -0.0311655-0.00193888j -0.0331906+0.00417209j 0.0285497+0.00676967j 0.0252102+0.00311673j 0.028326-0.00704997j -0.0322724-0.00187027j 0.0376087+0.00669416j 0.0359429-0.00838309j 
0.402536-0.0109827j 0.0178255+0.0359984j 0.088667+0.000472456j 0.00564589+0.0277772j -0.114121+0.0148431j -0.109153-0.0049227j 0.00407725-0.0144568j 0.0458273-0.0036147j -0.231063-0.00660245j -0.102929+0.0080037j 0.392825+0.00697643j 0.163321-0.00152399j 0.5155-0.00100539j -0.137294-0.000537959j 0.196882+0.00501532j -0.207448-0.00286296j 0.0304834-0.00360156j -0.0244245+0.000181963j -0.00184235+0.00183543j -0.0174822-0.00402752j -0.0563221-0.00124065j -0.0730174+0.00104594j -0.0689788+0.0028827j 0.0114474+0.00569924j -0.0528563-0.00414871j 0.0958125+0.00115711j 0.0424163+0.000792292j 0.0290318+0.0035733j 0.0414342+0.000675759j -0.0190323+0.000875115j -0.0335842-0.0012196j -0.0472266-0.000908622j -0.039684+0.000891386j -0.0285882-0.000544706j 0.0280738+0.000422053j 0.0189907-0.000665771j -0.0186452-0.000641908j 0.034709+0.000652125j 0.021685+0.00011927j -0.00164462-0.000359754j -0.011155-0.000830271j -0.00340698+0.000352069j -0.00851012+0.000719251j -0.0188817-0.0027209j -0.00861271-0.0056512j 0.0031285+0.0116691j -0.00844722+0.00875788j 5.71365e-05+0.0290534j 0.0198681+0.00257503j -0.0158662+0.000711709j 0.0108562+0.000968188j 0.000954856-0.000974409j -0.0104113-0.000194724j 0.00548047-0.00194862j -0.00148794-0.00072843j 0.0213723-1.85386e-05j -0.0304285+0.000201136j -0.00874331-0.000361303j 0.0167881-0.000517882j -0.00465835+0.000174931j 0.00972643-0.000968402j 0.0200904-0.00136063j 0.0197179+0.000893445j -0.018199+0.00171643j -0.0263652-0.00214127j 0.0366342-0.00180553j -0.0401206+0.000142673j 0.010889+0.00359969j -0.000521567+0.000708887j 0.0323056-0.000535004j -0.00499665-0.000169678j 0.0585864-0.000757949j -0.0257795+0.00106955j -0.0242325-0.000866805j 0.022022+0.00218628j -0.00285452-0.00144998j 5.46897e-05+0.00143327j 0.0322669-0.00518971j -0.0438679-0.000755507j 0.00339509+0.000716659j -0.00581929-0.00198777j 0.0693035+0.00224385j -0.00833083+0.00344461j -0.0217643+0.000725762j -0.030483+0.00455403j 0.0433498+0.00343792j 0.0388467+0.000130276j 0.0127551-0.00569133j -0.0295778-0.0016063j -0.0282607+0.00680045j 0.0349837-0.00837589j -0.0250729-0.00725717j 
