0.836446-0j -0.179165-0j -0.141642-0j -0.0944282-0j -0.141642-0j -0.163554-0j -0.0578252-0j -0.0944282-0j -0.100156-0j -0.0578252-0j -0.0149304-0j 0-0j 0-0j 0-0j 0-0j 0-0j 0-0j 0-0j 0-0j 0-0j 0-0j 0-0j 0-0j 0-0j 0-0j 0-0j 0-0j 0-0j 0-0j 0-0j 0-0j 0-0j 0-0j 0-0j 0-0j 0-0j 0-0j 0-0j 0-0j 0-0j 0-0j 0-0j 0-0j 0-0j 0-0j 0-0j 0-0j 0-0j 0-0j 0-0j 0-0j 0-0j 0-0j 0-0j 0-0j 0-0j 0-0j 0-0j 0-0j 0-0j 0-0j 0-0j 0-0j 0-0j 0-0j 0-0j 0-0j 0-0j 0-0j 0-0j 
0.179165-0j 0.00251911-0j 0.155161-0j 0.103441-0j -0.156138-0j -0.000563748-0j 0.0633444-0j -0.207858-0j -0.110406-0j -0.19083-0j -0.082086-0j 0-0j 0-0j 0-0j 0-0j 0-0j 0-0j 0-0j 0-0j 0-0j 0-0j 0-0j 0-0j 0-0j 0-0j 0-0j 0-0j 0-0j 0-0j 0-0j 0-0j 0-0j 0-0j 0-0j 0-0j 0-0j 0-0j 0-0j 0-0j 0-0j 0-0j 0-0j 0-0j 0-0j 0-0j 0-0j 0-0j 0-0j 0-0j 0-0j 0-0j 0-0j 0-0j 0-0j 0-0j 0-0j 0-0j 0-0j 0-0j 0-0j 0-0j 0-0j 0-0j 0-0j 0-0j 0-0j 0-0j 0-0j 0-0j 0-0j 
0.141642-0j 0.155161-0j 0.37892-0j 0.0817772-0j -0.374202-0j -0.143428-0j -0.252285-0j 0.0817772-0j -0.2624-0j -0.0507094-0j 0.0129301-0j 0-0j 0-0j 0-0j 0-0j 0-0j 0-0j 0-0j 0-0j 0-0j 0-0j 0-0j 0-0j 0-0j 0-0j 0-0j 0-0j 0-0j 0-0j 0-0j 0-0j 0-0j 0-0j 0-0j 0-0j 0-0j 0-0j 0-0j 0-0j 0-0j 0-0j 0-0j 0-0j 0-0j 0-0j 0-0j 0-0j 0-0j 0-0j 0-0j 0-0j 0-0j 0-0j 0-0j 0-0j 0-0j 0-0j 0-0j 0-0j 0-0j 0-0j 0-0j 0-0j 0-0j 0-0j 0-0j 0-0j 0-0j 0-0j 0-0j 
0.0944282-0j 0.103441-0j 0.0817772-0j 0.394105-0j 0.0817772-0j -0.477506-0j 0.0333854-0j -0.275688-0j 0.0578252-0j 0.0333854-0j 0.00862008-0j 0-0j 0-0j 0-0j 0-0j 0-0j 0-0j 0-0j 0-0j 0-0j 0-0j 0-0j 0-0j 0-0j 0-0j 0-0j 0-0j 0-0j 0-0j 0-0j 0-0j 0-0j 0-0j 0-0j 0-0j 0-0j 0-0j 0-0j 0-0j 0-0j 0-0j 0-0j 0-0j 0-0j 0-0j 0-0j 0-0j 0-0j 0-0j 0-0j 0-0j 0-0j 0-0j 0-0j 0-0j 0-0j 0-0j 0-0j 0-0j 0-0j 0-0j 0-0j 0-0j 0-0j 0-0j 0-0j 0-0j 0-0j 0-0j 0-0j 
-0.141642-0j 0.156138-0j 0.374202-0j -0.0817772-0j -0.374195-0j 0.142534-0j -0.0500781-0j -0.083326-0j 0.0867362-0j -0.252918-0j -0.247629-0j 0-0j 0-0j 0-0j 0-0j 0-0j 0-0j 0-0j 0-0j 0-0j 0-0j 0-0j 0-0j 0-0j 0-0j 0-0j 0-0j 0-0j 0-0j 0-0j 0-0j 0-0j 0-0j 0-0j 0-0j 0-0j 0-0j 0-0j 0-0j 0-0j 0-0j 0-0j 0-0j 0-0j 0-0j 0-0j 0-0j 0-0j 0-0j 0-0j 0-0j 0-0j 0-0j 0-0j 0-0j 0-0j 0-0j 0-0j 0-0j 0-0j 0-0j 0-0j 0-0j 0-0j 0-0j 0-0j 0-0j 0-0j 0-0j 0-0j 
-0.163554-0j 0.000563748-0j 0.143428-0j 0.477506-0j 0.142534-0j 0.00105704-0j 0.291313-0j -0.384886-0j -0.304901-0j -0.1764-0j 0.0749339-0j 0-0j 0-0j 0-0j 0-0j 0-0j 0-0j 0-0j 0-0j 0-0j 0-0j 0-0j 0-0j 0-0j 0-0j 0-0j 0-0j 0-0j 0-0j 0-0j 0-0j 0-0j 0-0j 0-0j 0-0j 0-0j 0-0j 0-0j 0-0j 0-0j 0-0j 0-0j 0-0j 0-0j 0-0j 0-0j 0-0j 0-0j 0-0j 0-0j 0-0j 0-0j 0-0j 0-0j 0-0j 0-0j 0-0j 0-0j 0-0j 0-0j 0-0j 0-0j 0-0j 0-0j 0-0j 0-0j 0-0j 0-0j 0-0j 0-0j 
-0.0578252-0j -0.0633444-0j 0.252285-0j -0.0333854-0j -0.0500781-0j 0.291313-0j -0.140732-0j -0.0333854-0j -0.468406-0j 0.102995-0j -0.0052787-0j 0-0j 0-0j 0-0j 0-0j 0-0j 0-0j 0-0j 0-0j 0-0j 0-0j 0-0j 0-0j 0-0j 0-0j 0-0j 0-0j 0-0j 0-0j 0-0j 0-0j 0-0j 0-0j 0-0j 0-0j 0-0j 0-0j 0-0j 0-0j 0-0j 0-0j 0-0j 0-0j 0-0j 0-0j 0-0j 0-0j 0-0j 0-0j 0-0j 0-0j 0-0j 0-0j 0-0j 0-0j 0-0j 0-0j 0-0j 0-0j 0-0j 0-0j 0-0j 0-0j 0-0j 0-0j 0-0j 0-0j 0-0j 0-0j 0-0j 
0.0944282-0j -0.207858-0j 0.0817772-0j -0.275688-0j 0.083326-0j 0.384886-0j 0.0333854-0j -0.445472-0j 0.0589204-0j 0.0321129-0j -0.410537-0j 0-0j 0-0j 0-0j 0-0j 0-0j 0-0j 0-0j 0-0j 0-0j 0-0j 0-0j 0-0j 0-0j 0-0j 0-0j 0-0j 0-0j 0-0j 0-0j 0-0j 0-0j 0-0j 0-0j 0-0j 0-0j 0-0j 0-0j 0-0j 0-0j 0-0j 0-0j 0-0j 0-0j 0-0j 0-0j 0-0j 0-0j 0-0j 0-0j 0-0j 0-0j 0-0j 0-0j 0-0j 0-0j 0-0j 0-0j 0-0j 0-0j 0-0j 0-0j 0-0j 0-0j 0-0j 0-0j 0-0j 0-0j 0-0j 0-0j 
0.100156-0j -0.110406-0j -0.2624-0j 0.0578252-0j -0.0867362-0j 0.304901-0j 0.468406-0j 0.0589204-0j -0.0644438-0j -0.541029-0j 0.1751-0j 0-0j 0-0j 0-0j 0-0j 0-0j 0-0j 0-0j 0-0j 0-0j 0-0j 0-0j 0-0j 0-0j 0-0j 0-0j 0-0j 0-0j 0-0j 0-0j 0-0j 0-0j 0-0j 0-0j 0-0j 0-0j 0-0j 0-0j 0-0j 0-0j 0-0j 0-0j 0-0j 0-0j 0-0j 0-0j 0-0j 0-0j 0-0j 0-0j 0-0j 0-0j 0-0j 0-0j 0-0j 0-0j 0-0j 0-0j 0-0j 0-0j 0-0j 0-0j 0-0j 0-0j 0-0j 0-0j 0-0j 0-0j 0-0j 0-0j 
-0.0578252-0j 0.19083-0j 0.0507094-0j -0.0333854-0j -0.252918-0j -0.1764-0j 0.102995-0j -0.0321129-0j 0.541029-0j -0.314714-0j -0.20094-0j 0-0j 0-0j 0-0j 0-0j 0-0j 0-0j 0-0j 0-0j 0-0j 0-0j 0-0j 0-0j 0-0j 0-0j 0-0j 0-0j 0-0j 0-0j 0-0j 0-0j 0-0j 0-0j 0-0j 0-0j 0-0j 0-0j 0-0j 0-0j 0-0j 0-0j 0-0j 0-0j 0-0j 0-0j 0-0j 0-0j 0-0j 0-0j 0-0j 0-0j 0-0j 0-0j 0-0j 0-0j 0-0j 0-0j 0-0j 0-0j 0-0j 0-0j 0-0j 0-0j 0-0j 0-0j 0-0j 0-0j 0-0j 0-0j 0-0j 
0.0149304-0j -0.082086-0j 0.0129301-0j 0.00862008-0j 0.247629-0j -0.0749339-0j 0.0052787-0j -0.410537-0j 0.1751-0j 0.20094-0j -0.260884-0j 0-0j 0-0j 0-0j 0-0j 0-0j 0-0j 0-0j 0-0j 0-0j 0-0j 0-0j 0-0j 0-0j 0-0j 0-0j 0-0j 0-0j 0-0j 0-0j 0-0j 0-0j 0-0j 0-0j 0-0j 0-0j 0-0j 0-0j 0-0j 0-0j 0-0j 0-0j 0-0j 0-0j 0-0j 0-0j 0-0j 0-0j 0-0j 0-0j 0-0j 0-0j 0-0j 0-0j 0-0j 0-0j 0-0j 0-0j 0-0j 0-0j 0-0j 0-0j 0-0j 0-0j 0-0j 0-0j 0-0j 0-0j 0-0j 0-0j 
0-0j 0-0j 0-0j 0-0j 0-0j 0-0j 0-0j 0-0j 0-0j 0-0j 0-0j 0.86025-0j -0.150947-0j -0.116923-0j -0.116923-0j -0.106736-0j -0.130724-0j -0.0871493-0j -0.0754735-0j -0.0754735-0j -0.106736-0j -0.0533679-0j -0.0435747-0j -0.0533679-0j -0.0238668-0j -0.00520817-0j 0-0j 0-0j 0-0j 0-0j 0-0j 0-0j 0-0j 0-0j 0-0j 0-0j 0-0j 0-0j 0-0j 0-0j 0-0j 0-0j 0-0j 0-0j 0-0j 0-0j 0-0j 0-0j 0-0j 0-0j 0-0j 0-0j 0-0j 0-0j 0-0j 0-0j 0-0j 0-0j 0-0j 0-0j 0-0j 0-0j 0-0j 0-0j 0-0j 0-0j 0-0j 0-0j 0-0j 0-0j 
0-0j 0-0j 0-0j 0-0j 0-0j 0-0j 0-0j 0-0j 0-0j 0-0j 0-0j 0.150947-0j 0.00262365-0j 0.126291-0j -0.127086-0j 0.115288-0j -0.000444284-0j -0.00029619-0j -0.163811-0j 0.0815207-0j -0.116013-0j -0.000181378-0j -0.14179-0j -0.115832-0j -0.103522-0j -0.0338767-0j 0-0j 0-0j 0-0j 0-0j 0-0j 0-0j 0-0j 0-0j 0-0j 0-0j 0-0j 0-0j 0-0j 0-0j 0-0j 0-0j 0-0j 0-0j 0-0j 0-0j 0-0j 0-0j 0-0j 0-0j 0-0j 0-0j 0-0j 0-0j 0-0j 0-0j 0-0j 0-0j 0-0j 0-0j 0-0j 0-0j 0-0j 0-0j 0-0j 0-0j 0-0j 0-0j 0-0j 0-0j 
0-0j 0-0j 0-0j 0-0j 0-0j 0-0j 0-0j 0-0j 0-0j 0-0j 0-0j 0.116923-0j 0.126291-0j 0.404074-0j -0.399043-0j 0.0893015-0j -0.11075-0j 0.0729144-0j 0.0631457-0j -0.191029-0j -0.0904272-0j -0.224942-0j 0.0364572-0j -0.135078-0j -0.0202201-0j 0.00435747-0j 0-0j 0-0j 0-0j 0-0j 0-0j 0-0j 0-0j 0-0j 0-0j 0-0j 0-0j 0-0j 0-0j 0-0j 0-0j 0-0j 0-0j 0-0j 0-0j 0-0j 0-0j 0-0j 0-0j 0-0j 0-0j 0-0j 0-0j 0-0j 0-0j 0-0j 0-0j 0-0j 0-0j 0-0j 0-0j 0-0j 0-0j 0-0j 0-0j 0-0j 0-0j 0-0j 0-0j 0-0j 
0-0j 0-0j 0-0j 0-0j 0-0j 0-0j 0-0j 0-0j 0-0j 0-0j 0-0j -0.116923-0j 0.127086-0j 0.399043-0j -0.399035-0j -0.0893015-0j 0.11006-0j 0.0733732-0j -0.0643416-0j -0.0631457-0j 0.0892997-0j 0.0449317-0j -0.184126-0j -0.0454964-0j -0.221542-0j -0.127328-0j 0-0j 0-0j 0-0j 0-0j 0-0j 0-0j 0-0j 0-0j 0-0j 0-0j 0-0j 0-0j 0-0j 0-0j 0-0j 0-0j 0-0j 0-0j 0-0j 0-0j 0-0j 0-0j 0-0j 0-0j 0-0j 0-0j 0-0j 0-0j 0-0j 0-0j 0-0j 0-0j 0-0j 0-0j 0-0j 0-0j 0-0j 0-0j 0-0j 0-0j 0-0j 0-0j 0-0j 0-0j 
0-0j 0-0j 0-0j 0-0j 0-0j 0-0j 0-0j 0-0j 0-0j 0-0j 0-0j 0.106736-0j 0.115288-0j 0.0893015-0j 0.0893015-0j 0.504436-0j -0.304577-0j -0.336589-0j -0.175847-0j -0.116925-0j -0.165357-0j 0.0407604-0j -0.0675068-0j 0.0407604-0j 0.0182286-0j 0.0039778-0j 0-0j 0-0j 0-0j 0-0j 0-0j 0-0j 0-0j 0-0j 0-0j 0-0j 0-0j 0-0j 0-0j 0-0j 0-0j 0-0j 0-0j 0-0j 0-0j 0-0j 0-0j 0-0j 0-0j 0-0j 0-0j 0-0j 0-0j 0-0j 0-0j 0-0j 0-0j 0-0j 0-0j 0-0j 0-0j 0-0j 0-0j 0-0j 0-0j 0-0j 0-0j 0-0j 0-0j 0-0j 
0-0j 0-0j 0-0j 0-0j 0-0j 0-0j 0-0j 0-0j 0-0j 0-0j 0-0j -0.130724-0j 0.000444284-0j 0.11075-0j 0.11006-0j 0.304577-0j 0.00118854-0j 0.000256508-0j -0.432769-0j 0.213577-0j -0.101737-0j -0.000791331-0j 0.122794-0j -0.303469-0j -0.0907829-0j 0.0293381-0j 0-0j 0-0j 0-0j 0-0j 0-0j 0-0j 0-0j 0-0j 0-0j 0-0j 0-0j 0-0j 0-0j 0-0j 0-0j 0-0j 0-0j 0-0j 0-0j 0-0j 0-0j 0-0j 0-0j 0-0j 0-0j 0-0j 0-0j 0-0j 0-0j 0-0j 0-0j 0-0j 0-0j 0-0j 0-0j 0-0j 0-0j 0-0j 0-0j 0-0j 0-0j 0-0j 0-0j 0-0j 
0-0j 0-0j 0-0j 0-0j 0-0j 0-0j 0-0j 0-0j 0-0j 0-0j 0-0j -0.0871493-0j 0.00029619-0j -0.0729144-0j 0.0733732-0j 0.336589-0j 0.000256508-0j 0.00123618-0j 0.0945763-0j 0.238004-0j -0.338707-0j 0.000104719-0j -0.413965-0j 0.0668756-0j 0.0597685-0j 0.0195587-0j 0-0j 0-0j 0-0j 0-0j 0-0j 0-0j 0-0j 0-0j 0-0j 0-0j 0-0j 0-0j 0-0j 0-0j 0-0j 0-0j 0-0j 0-0j 0-0j 0-0j 0-0j 0-0j 0-0j 0-0j 0-0j 0-0j 0-0j 0-0j 0-0j 0-0j 0-0j 0-0j 0-0j 0-0j 0-0j 0-0j 0-0j 0-0j 0-0j 0-0j 0-0j 0-0j 0-0j 0-0j 
0-0j 0-0j 0-0j 0-0j 0-0j 0-0j 0-0j 0-0j 0-0j 0-0j 0-0j 0.0754735-0j -0.163811-0j 0.0631457-0j 0.0643416-0j -0.175847-0j 0.432769-0j -0.0945763-0j -0.500893-0j 0.0407604-0j 0.0587356-0j -0.0579159-0j 0.022636-0j 0.116104-0j -0.183511-0j -0.29607-0j 0-0j 0-0j 0-0j 0-0j 0-0j 0-0j 0-0j 0-0j 0-0j 0-0j 0-0j 0-0j 0-0j 0-0j 0-0j 0-0j 0-0j 0-0j 0-0j 0-0j 0-0j 0-0j 0-0j 0-0j 0-0j 0-0j 0-0j 0-0j 0-0j 0-0j 0-0j 0-0j 0-0j 0-0j 0-0j 0-0j 0-0j 0-0j 0-0j 0-0j 0-0j 0-0j 0-0j 0-0j 
0-0j 0-0j 0-0j 0-0j 0-0j 0-0j 0-0j 0-0j 0-0j 0-0j 0-0j -0.0754735-0j -0.0815207-0j 0.191029-0j -0.0631457-0j 0.116925-0j 0.213577-0j 0.238004-0j -0.0407604-0j 0.0868739-0j -0.353724-0j -0.381253-0j 0.0477345-0j -0.0302844-0j 0.0389937-0j -0.00281273-0j 0-0j 0-0j 0-0j 0-0j 0-0j 0-0j 0-0j 0-0j 0-0j 0-0j 0-0j 0-0j 0-0j 0-0j 0-0j 0-0j 0-0j 0-0j 0-0j 0-0j 0-0j 0-0j 0-0j 0-0j 0-0j 0-0j 0-0j 0-0j 0-0j 0-0j 0-0j 0-0j 0-0j 0-0j 0-0j 0-0j 0-0j 0-0j 0-0j 0-0j 0-0j 0-0j 0-0j 0-0j 
0-0j 0-0j 0-0j 0-0j 0-0j 0-0j 0-0j 0-0j 0-0j 0-0j 0-0j 0.106736-0j -0.116013-0j -0.0904272-0j -0.0892997-0j -0.165357-0j 0.101737-0j 0.338707-0j 0.0587356-0j 0.353724-0j -0.167438-0j 0.206636-0j -0.340941-0j -0.125644-0j -0.204788-0j 0.116234-0j 0-0j 0-0j 0-0j 0-0j 0-0j 0-0j 0-0j 0-0j 0-0j 0-0j 0-0j 0-0j 0-0j 0-0j 0-0j 0-0j 0-0j 0-0j 0-0j 0-0j 0-0j 0-0j 0-0j 0-0j 0-0j 0-0j 0-0j 0-0j 0-0j 0-0j 0-0j 0-0j 0-0j 0-0j 0-0j 0-0j 0-0j 0-0j 0-0j 0-0j 0-0j 0-0j 0-0j 0-0j 
0-0j 0-0j 0-0j 0-0j 0-0j 0-0j 0-0j 0-0j 0-0j 0-0j 0-0j 0.0533679-0j -0.000181378-0j -0.224942-0j -0.0449317-0j 0.0407604-0j 0.000791331-0j -0.000104719-0j -0.0579159-0j 0.381253-0j 0.206636-0j -0.000441429-0j -0.0501305-0j -0.541717-0j 0.184387-0j -0.0119772-0j 0-0j 0-0j 0-0j 0-0j 0-0j 0-0j 0-0j 0-0j 0-0j 0-0j 0-0j 0-0j 0-0j 0-0j 0-0j 0-0j 0-0j 0-0j 0-0j 0-0j 0-0j 0-0j 0-0j 0-0j 0-0j 0-0j 0-0j 0-0j 0-0j 0-0j 0-0j 0-0j 0-0j 0-0j 0-0j 0-0j 0-0j 0-0j 0-0j 0-0j 0-0j 0-0j 0-0j 0-0j 
0-0j 0-0j 0-0j 0-0j 0-0j 0-0j 0-0j 0-0j 0-0j 0-0j 0-0j -0.0435747-0j 0.14179-0j -0.0364572-0j -0.184126-0j 0.0675068-0j 0.122794-0j -0.413965-0j -0.022636-0j 0.0477345-0j 0.340941-0j 0.0501305-0j -0.418963-0j -0.0160061-0j 0.141853-0j -0.372154-0j 0-0j 0-0j 0-0j 0-0j 0-0j 0-0j 0-0j 0-0j 0-0j 0-0j 0-0j 0-0j 0-0j 0-0j 0-0j 0-0j 0-0j 0-0j 0-0j 0-0j 0-0j 0-0j 0-0j 0-0j 0-0j 0-0j 0-0j 0-0j 0-0j 0-0j 0-0j 0-0j 0-0j 0-0j 0-0j 0-0j 0-0j 0-0j 0-0j 0-0j 0-0j 0-0j 0-0j 0-0j 
0-0j 0-0j 0-0j 0-0j 0-0j 0-0j 0-0j 0-0j 0-0j 0-0j 0-0j -0.0533679-0j 0.115832-0j 0.135078-0j -0.0454964-0j -0.0407604-0j -0.303469-0j 0.0668756-0j -0.116104-0j -0.0302844-0j 0.125644-0j 0.541717-0j -0.0160061-0j -0.0862637-0j -0.392557-0j 0.209353-0j 0-0j 0-0j 0-0j 0-0j 0-0j 0-0j 0-0j 0-0j 0-0j 0-0j 0-0j 0-0j 0-0j 0-0j 0-0j 0-0j 0-0j 0-0j 0-0j 0-0j 0-0j 0-0j 0-0j 0-0j 0-0j 0-0j 0-0j 0-0j 0-0j 0-0j 0-0j 0-0j 0-0j 0-0j 0-0j 0-0j 0-0j 0-0j 0-0j 0-0j 0-0j 0-0j 0-0j 0-0j 
0-0j 0-0j 0-0j 0-0j 0-0j 0-0j 0-0j 0-0j 0-0j 0-0j 0-0j 0.0238668-0j -0.103522-0j -0.0202201-0j 0.221542-0j 0.0182286-0j 0.0907829-0j -0.0597685-0j -0.183511-0j -0.0389937-0j -0.204788-0j 0.184387-0j -0.141853-0j 0.392557-0j -0.236038-0j -0.0339182-0j 0-0j 0-0j 0-0j 0-0j 0-0j 0-0j 0-0j 0-0j 0-0j 0-0j 0-0j 0-0j 0-0j 0-0j 0-0j 0-0j 0-0j 0-0j 0-0j 0-0j 0-0j 0-0j 0-0j 0-0j 0-0j 0-0j 0-0j 0-0j 0-0j 0-0j 0-0j 0-0j 0-0j 0-0j 0-0j 0-0j 0-0j 0-0j 0-0j 0-0j 0-0j 0-0j 0-0j 0-0j 
0-0j 0-0j 0-0j 0-0j 0-0j 0-0j 0-0j 0-0j 0-0j 0-0j 0-0j -0.00520817-0j 0.0338767-0j -0.00435747-0j -0.127328-0j -0.0039778-0j 0.0293381-0j 0.0195587-0j 0.29607-0j -0.00281273-0j -0.116234-0j 0.0119772-0j -0.372154-0j 0.209353-0j 0.0339182-0j -0.0452277-0j 0-0j 0-0j 0-0j 0-0j 0-0j 0-0j 0-0j 0-0j 0-0j 0-0j 0-0j 0-0j 0-0j 0-0j 0-0j 0-0j 0-0j 0-0j 0-0j 0-0j 0-0j 0-0j 0-0j 0-0j 0-0j 0-0j 0-0j 0-0j 0-0j 0-0j 0-0j 0-0j 0-0j 0-0j 0-0j 0-0j 0-0j 0-0j 0-0j 0-0j 0-0j 0-0j 0-0j 0-0j 
0-0j 0-0j 0-0j 0-0j 0-0j 0-0j 0-0j 0-0j 0-0j 0-0j 0-0j 0-0j 0-0j 0-0j 0-0j 0-0j 0-0j 0-0j 0-0j 0-0j 0-0j 0-0j 0-0j 0-0j 0-0j 0-0j 0.878102-0j 0-0j -0.130314-0j 0-0j -0.0995289-0j -0.0995289-0j 0-0j 0-0j -0.0890214-0j -0.0609488-0j 0-0j 0-0j -0.109028-0j -0.0629476-0j 0-0j -0.0995289-0j 0-0j -0.0609488-0j 0-0j -0.0574631-0j -0.0861946-0j 0-0j -0.0574631-0j 0-0j 0-0j -0.0351888-0j -0.0703776-0j 0-0j 0-0j -0.0175944-0j 0-0j -0.0574631-0j -0.0351888-0j 0-0j -0.0181714-0j 0-0j 0-0j -0.0248822-0j 0-0j 0-0j -0.00908571-0j -0.00171704-0j 0-0j 0-0j 
0-0j 0-0j 0-0j 0-0j 0-0j 0-0j 0-0j 0-0j 0-0j 0-0j 0-0j 0-0j 0-0j 0-0j 0-0j 0-0j 0-0j 0-0j 0-0j 0-0j 0-0j 0-0j 0-0j 0-0j 0-0j 0-0j 0-0j 0.878102-0j 0-0j -0.130314-0j 0-0j 0-0j -0.0995289-0j -0.0995289-0j 0-0j 0-0j -0.0890214-0j -0.0609488-0j 0-0j 0-0j -0.109028-0j 0-0j -0.0629476-0j 0-0j -0.0995289-0j 0-0j 0-0j -0.0609488-0j 0-0j -0.0574631-0j -0.0861946-0j 0-0j 0-0j -0.0574631-0j -0.0351888-0j 0-0j -0.0703776-0j 0-0j 0-0j -0.0175944-0j 0-0j -0.0574631-0j -0.0351888-0j 0-0j -0.0181714-0j -0.0248822-0j 0-0j 0-0j -0.00908571-0j -0.00171704-0j 
0-0j 0-0j 0-0j 0-0j 0-0j 0-0j 0-0j 0-0j 0-0j 0-0j 0-0j 0-0j 0-0j 0-0j 0-0j 0-0j 0-0j 0-0j 0-0j 0-0j 0-0j 0-0j 0-0j 0-0j 0-0j 0-0j 0.130314-0j 0-0j 0.00269831-0j 0-0j 0.106401-0j -0.10707-0j 0-0j 0-0j 0.0951679-0j 0.065157-0j 0-0j 0-0j -0.000366748-0j -0.135223-0j 0-0j -0.000334794-0j 0-0j 0.065157-0j 0-0j 0.0614306-0j -0.0927258-0j 0-0j -0.0618172-0j 0-0j 0-0j -0.113329-0j -0.000236735-0j 0-0j 0-0j 0.0188092-0j 0-0j -0.123441-0j -0.0378551-0j 0-0j -0.0780099-0j 0-0j 0-0j -0.0801355-0j 0-0j 0-0j -0.0487485-0j -0.0128953-0j 0-0j 0-0j 
0-0j 0-0j 0-0j 0-0j 0-0j 0-0j 0-0j 0-0j 0-0j 0-0j 0-0j 0-0j 0-0j 0-0j 0-0j 0-0j 0-0j 0-0j 0-0j 0-0j 0-0j 0-0j 0-0j 0-0j 0-0j 0-0j 0-0j 0.130314-0j 0-0j 0.00269831-0j 0-0j 0-0j 0.106401-0j -0.10707-0j 0-0j 0-0j 0.0951679-0j 0.065157-0j 0-0j 0-0j -0.000366748-0j 0-0j -0.135223-0j 0-0j -0.000334794-0j 0-0j 0-0j 0.065157-0j 0-0j 0.0614306-0j -0.0927258-0j 0-0j 0-0j -0.0618172-0j -0.113329-0j 0-0j -0.000236735-0j 0-0j 0-0j 0.0188092-0j 0-0j -0.123441-0j -0.0378551-0j 0-0j -0.0780099-0j -0.0801355-0j 0-0j 0-0j -0.0487485-0j -0.0128953-0j 
0-0j 0-0j 0-0j 0-0j 0-0j 0-0j 0-0j 0-0j 0-0j 0-0j 0-0j 0-0j 0-0j 0-0j 0-0j 0-0j 0-0j 0-0j 0-0j 0-0j 0-0j 0-0j 0-0j 0-0j 0-0j 0-0j 0.0995289-0j 0-0j 0.106401-0j 0-0j 0.420842-0j -0.415603-0j 0-0j 0-0j 0.0726857-0j 0.0497645-0j 0-0j 0-0j -0.0901436-0j 0.0513965-0j 0-0j 0.081265-0j 0-0j -0.150548-0j 0-0j -0.0475098-0j -0.0712648-0j 0-0j 0.0469184-0j 0-0j 0-0j 0.0287315-0j -0.173838-0j 0-0j 0-0j -0.101285-0j 0-0j -0.0475098-0j -0.144744-0j 0-0j 0.0148369-0j 0-0j 0-0j -0.061461-0j 0-0j 0-0j -0.00751197-0j 0.00140196-0j 0-0j 0-0j 
0-0j 0-0j 0-0j 0-0j 0-0j 0-0j 0-0j 0-0j 0-0j 0-0j 0-0j 0-0j 0-0j 0-0j 0-0j 0-0j 0-0j 0-0j 0-0j 0-0j 0-0j 0-0j 0-0j 0-0j 0-0j 0-0j -0.0995289-0j 0-0j 0.10707-0j 0-0j 0.415603-0j -0.415595-0j 0-0j 0-0j -0.0726857-0j -0.0497645-0j 0-0j 0-0j 0.0895816-0j -0.0523699-0j 0-0j 0.0817764-0j 0-0j -0.0497645-0j 0-0j -0.0469184-0j 0.0703762-0j 0-0j 0.0469175-0j 0-0j 0-0j -0.145108-0j 0.0578247-0j 0-0j 0-0j -0.0143658-0j 0-0j -0.047807-0j 0.028731-0j 0-0j -0.164609-0j 0-0j 0-0j -0.102607-0j 0-0j 0-0j -0.142073-0j -0.0579044-0j 0-0j 0-0j 
0-0j 0-0j 0-0j 0-0j 0-0j 0-0j 0-0j 0-0j 0-0j 0-0j 0-0j 0-0j 0-0j 0-0j 0-0j 0-0j 0-0j 0-0j 0-0j 0-0j 0-0j 0-0j 0-0j 0-0j 0-0j 0-0j 0-0j 0.0995289-0j 0-0j 0.106401-0j 0-0j 0-0j 0.420842-0j -0.415603-0j 0-0j 0-0j 0.0726857-0j 0.0497645-0j 0-0j 0-0j -0.0901436-0j 0-0j 0.0513965-0j 0-0j 0.081265-0j 0-0j 0-0j -0.150548-0j 0-0j -0.0475098-0j -0.0712648-0j 0-0j 0-0j 0.0469184-0j 0.0287315-0j 0-0j -0.173838-0j 0-0j 0-0j -0.101285-0j 0-0j -0.0475098-0j -0.144744-0j 0-0j 0.0148369-0j -0.061461-0j 0-0j 0-0j -0.00751197-0j 0.00140196-0j 
0-0j 0-0j 0-0j 0-0j 0-0j 0-0j 0-0j 0-0j 0-0j 0-0j 0-0j 0-0j 0-0j 0-0j 0-0j 0-0j 0-0j 0-0j 0-0j 0-0j 0-0j 0-0j 0-0j 0-0j 0-0j 0-0j 0-0j -0.0995289-0j 0-0j 0.10707-0j 0-0j 0-0j 0.415603-0j -0.415595-0j 0-0j 0-0j -0.0726857-0j -0.0497645-0j 0-0j 0-0j 0.0895816-0j 0-0j -0.0523699-0j 0-0j 0.0817764-0j 0-0j 0-0j -0.0497645-0j 0-0j -0.0469184-0j 0.0703762-0j 0-0j 0-0j 0.0469175-0j -0.145108-0j 0-0j 0.0578247-0j 0-0j 0-0j -0.0143658-0j 0-0j -0.047807-0j 0.028731-0j 0-0j -0.164609-0j -0.102607-0j 0-0j 0-0j -0.142073-0j -0.0579044-0j 
0-0j 0-0j 0-0j 0-0j 0-0j 0-0j 0-0j 0-0j 0-0j 0-0j 0-0j 0-0j 0-0j 0-0j 0-0j 0-0j 0-0j 0-0j 0-0j 0-0j 0-0j 0-0j 0-0j 0-0j 0-0j 0-0j 0.0890214-0j 0-0j 0.0951679-0j 0-0j 0.0726857-0j 0.0726857-0j 0-0j 0-0j 0.537923-0j 0.0445107-0j 0-0j 0-0j -0.324796-0j -0.187521-0j 0-0j -0.147436-0j 0-0j 0.0445107-0j 0-0j -0.21221-0j 0.0629476-0j 0-0j -0.21221-0j 0-0j 0-0j 0.0256983-0j -0.104253-0j 0-0j 0-0j 0.0128491-0j 0-0j -0.0851223-0j 0.0256983-0j 0-0j -0.026918-0j 0-0j 0-0j 0.0181714-0j 0-0j 0-0j 0.00663526-0j 0.00125395-0j 0-0j 0-0j 
0-0j 0-0j 0-0j 0-0j 0-0j 0-0j 0-0j 0-0j 0-0j 0-0j 0-0j 0-0j 0-0j 0-0j 0-0j 0-0j 0-0j 0-0j 0-0j 0-0j 0-0j 0-0j 0-0j 0-0j 0-0j 0-0j 0.0609488-0j 0-0j 0.065157-0j 0-0j 0.0497645-0j 0.0497645-0j 0-0j 0-0j 0.0445107-0j 0.536718-0j 0-0j 0-0j 0.0545142-0j 0.0314738-0j 0-0j -0.353386-0j 0-0j -0.216404-0j 0-0j 0.0287315-0j -0.306041-0j 0-0j 0.0287315-0j 0-0j 0-0j -0.124941-0j 0.0351888-0j 0-0j 0-0j 0.0087972-0j 0-0j 0.0287315-0j 0.0175944-0j 0-0j 0.00908571-0j 0-0j 0-0j 0.0124411-0j 0-0j 0-0j 0.00454285-0j 0.000858519-0j 0-0j 0-0j 
0-0j 0-0j 0-0j 0-0j 0-0j 0-0j 0-0j 0-0j 0-0j 0-0j 0-0j 0-0j 0-0j 0-0j 0-0j 0-0j 0-0j 0-0j 0-0j 0-0j 0-0j 0-0j 0-0j 0-0j 0-0j 0-0j 0-0j 0.0890214-0j 0-0j 0.0951679-0j 0-0j 0-0j 0.0726857-0j 0.0726857-0j 0-0j 0-0j 0.537923-0j 0.0445107-0j 0-0j 0-0j -0.324796-0j 0-0j -0.187521-0j 0-0j -0.147436-0j 0-0j 0-0j 0.0445107-0j 0-0j -0.21221-0j 0.0629476-0j 0-0j 0-0j -0.21221-0j 0.0256983-0j 0-0j -0.104253-0j 0-0j 0-0j 0.0128491-0j 0-0j -0.0851223-0j 0.0256983-0j 0-0j -0.026918-0j 0.0181714-0j 0-0j 0-0j 0.00663526-0j 0.00125395-0j 
0-0j 0-0j 0-0j 0-0j 0-0j 0-0j 0-0j 0-0j 0-0j 0-0j 0-0j 0-0j 0-0j 0-0j 0-0j 0-0j 0-0j 0-0j 0-0j 0-0j 0-0j 0-0j 0-0j 0-0j 0-0j 0-0j 0-0j 0.0609488-0j 0-0j 0.065157-0j 0-0j 0-0j 0.0497645-0j 0.0497645-0j 0-0j 0-0j 0.0445107-0j 0.536718-0j 0-0j 0-0j 0.0545142-0j 0-0j 0.0314738-0j 0-0j -0.353386-0j 0-0j 0-0j -0.216404-0j 0-0j 0.0287315-0j -0.306041-0j 0-0j 0-0j 0.0287315-0j -0.124941-0j 0-0j 0.0351888-0j 0-0j 0-0j 0.0087972-0j 0-0j 0.0287315-0j 0.0175944-0j 0-0j 0.00908571-0j 0.0124411-0j 0-0j 0-0j 0.00454285-0j 0.000858519-0j 
0-0j 0-0j 0-0j 0-0j 0-0j 0-0j 0-0j 0-0j 0-0j 0-0j 0-0j 0-0j 0-0j 0-0j 0-0j 0-0j 0-0j 0-0j 0-0j 0-0j 0-0j 0-0j 0-0j 0-0j 0-0j 0-0j -0.109028-0j 0-0j 0.000366748-0j 0-0j 0.0901436-0j 0.0895816-0j 0-0j 0-0j 0.324796-0j -0.0545142-0j 0-0j 0-0j 0.00126744-0j -0.461498-0j 0-0j 0.000280109-0j 0-0j 0.164917-0j 0-0j 0.0520444-0j -0.0785579-0j 0-0j 0.05172-0j 0-0j 0-0j 0.0948176-0j -0.000599194-0j 0-0j 0-0j 0.110952-0j 0-0j -0.10458-0j -0.159557-0j 0-0j 0.0652677-0j 0-0j 0-0j -0.202829-0j 0-0j 0-0j -0.0413001-0j 0.010789-0j 0-0j 0-0j 
0-0j 0-0j 0-0j 0-0j 0-0j 0-0j 0-0j 0-0j 0-0j 0-0j 0-0j 0-0j 0-0j 0-0j 0-0j 0-0j 0-0j 0-0j 0-0j 0-0j 0-0j 0-0j 0-0j 0-0j 0-0j 0-0j 0.0629476-0j 0-0j -0.135223-0j 0-0j 0.0513965-0j 0.0523699-0j 0-0j 0-0j -0.187521-0j 0.0314738-0j 0-0j 0-0j 0.461498-0j -0.534144-0j 0-0j -0.103278-0j 0-0j 0.0314738-0j 0-0j 0.0296738-0j 0.0453537-0j 0-0j 0.0302358-0j 0-0j 0-0j 0.0174788-0j -0.0730287-0j 0-0j 0-0j 0.00908571-0j 0-0j 0.119536-0j 0.0185156-0j 0-0j -0.133597-0j 0-0j 0-0j 0.0123594-0j 0-0j 0-0j -0.223452-0j -0.171304-0j 0-0j 0-0j 
0-0j 0-0j 0-0j 0-0j 0-0j 0-0j 0-0j 0-0j 0-0j 0-0j 0-0j 0-0j 0-0j 0-0j 0-0j 0-0j 0-0j 0-0j 0-0j 0-0j 0-0j 0-0j 0-0j 0-0j 0-0j 0-0j 0-0j -0.109028-0j 0-0j 0.000366748-0j 0-0j 0-0j 0.0901436-0j 0.0895816-0j 0-0j 0-0j 0.324796-0j -0.0545142-0j 0-0j 0-0j 0.00126744-0j 0-0j -0.461498-0j 0-0j 0.000280109-0j 0-0j 0-0j 0.164917-0j 0-0j 0.0520444-0j -0.0785579-0j 0-0j 0-0j 0.05172-0j 0.0948176-0j 0-0j -0.000599194-0j 0-0j 0-0j 0.110952-0j 0-0j -0.10458-0j -0.159557-0j 0-0j 0.0652677-0j -0.202829-0j 0-0j 0-0j -0.0413001-0j 0.010789-0j 
0-0j 0-0j 0-0j 0-0j 0-0j 0-0j 0-0j 0-0j 0-0j 0-0j 0-0j 0-0j 0-0j 0-0j 0-0j 0-0j 0-0j 0-0j 0-0j 0-0j 0-0j 0-0j 0-0j 0-0j 0-0j 0-0j -0.0995289-0j 0-0j 0.000334794-0j 0-0j -0.081265-0j 0.0817764-0j 0-0j 0-0j 0.147436-0j 0.353386-0j 0-0j 0-0j 0.000280109-0j 0.103278-0j 0-0j 0.00158225-0j 0-0j 0.151811-0j 0-0j 0.237258-0j -0.216044-0j 0-0j -0.238751-0j 0-0j 0-0j -0.264047-0j -0.000366755-0j 0-0j 0-0j -0.0143658-0j 0-0j -0.191238-0j 0.0289123-0j 0-0j -0.120855-0j 0-0j 0-0j 0.0612045-0j 0-0j 0-0j 0.0372323-0j 0.00984898-0j 0-0j 0-0j 
0-0j 0-0j 0-0j 0-0j 0-0j 0-0j 0-0j 0-0j 0-0j 0-0j 0-0j 0-0j 0-0j 0-0j 0-0j 0-0j 0-0j 0-0j 0-0j 0-0j 0-0j 0-0j 0-0j 0-0j 0-0j 0-0j 0-0j 0.0629476-0j 0-0j -0.135223-0j 0-0j 0-0j 0.0513965-0j 0.0523699-0j 0-0j 0-0j -0.187521-0j 0.0314738-0j 0-0j 0-0j 0.461498-0j 0-0j -0.534144-0j 0-0j -0.103278-0j 0-0j 0-0j 0.0314738-0j 0-0j 0.0296738-0j 0.0453537-0j 0-0j 0-0j 0.0302358-0j 0.0174788-0j 0-0j -0.0730287-0j 0-0j 0-0j 0.00908571-0j 0-0j 0.119536-0j 0.0185156-0j 0-0j -0.133597-0j 0.0123594-0j 0-0j 0-0j -0.223452-0j -0.171304-0j 
0-0j 0-0j 0-0j 0-0j 0-0j 0-0j 0-0j 0-0j 0-0j 0-0j 0-0j 0-0j 0-0j 0-0j 0-0j 0-0j 0-0j 0-0j 0-0j 0-0j 0-0j 0-0j 0-0j 0-0j 0-0j 0-0j -0.0609488-0j 0-0j -0.065157-0j 0-0j 0.150548-0j -0.0497645-0j 0-0j 0-0j -0.0445107-0j 0.216404-0j 0-0j 0-0j 0.164917-0j -0.0314738-0j 0-0j 0.151811-0j 0-0j 0.0976818-0j 0-0j 0.086919-0j -0.39773-0j 0-0j -0.0287315-0j 0-0j 0-0j 0.0536732-0j -0.0369743-0j 0-0j 0-0j -0.29476-0j 0-0j 0.086919-0j -0.232736-0j 0-0j -0.00908571-0j 0-0j 0-0j -0.0130724-0j 0-0j 0-0j 0.0137431-0j -0.000858519-0j 0-0j 0-0j 
0-0j 0-0j 0-0j 0-0j 0-0j 0-0j 0-0j 0-0j 0-0j 0-0j 0-0j 0-0j 0-0j 0-0j 0-0j 0-0j 0-0j 0-0j 0-0j 0-0j 0-0j 0-0j 0-0j 0-0j 0-0j 0-0j 0-0j -0.0995289-0j 0-0j 0.000334794-0j 0-0j 0-0j -0.081265-0j 0.0817764-0j 0-0j 0-0j 0.147436-0j 0.353386-0j 0-0j 0-0j 0.000280109-0j 0-0j 0.103278-0j 0-0j 0.00158225-0j 0-0j 0-0j 0.151811-0j 0-0j 0.237258-0j -0.216044-0j 0-0j 0-0j -0.238751-0j -0.264047-0j 0-0j -0.000366755-0j 0-0j 0-0j -0.0143658-0j 0-0j -0.191238-0j 0.0289123-0j 0-0j -0.120855-0j 0.0612045-0j 0-0j 0-0j 0.0372323-0j 0.00984898-0j 
0-0j 0-0j 0-0j 0-0j 0-0j 0-0j 0-0j 0-0j 0-0j 0-0j 0-0j 0-0j 0-0j 0-0j 0-0j 0-0j 0-0j 0-0j 0-0j 0-0j 0-0j 0-0j 0-0j 0-0j 0-0j 0-0j -0.0574631-0j 0-0j -0.0614306-0j 0-0j 0.0475098-0j -0.0469184-0j 0-0j 0-0j 0.21221-0j -0.0287315-0j 0-0j 0-0j 0.0520444-0j -0.0296738-0j 0-0j 0.237258-0j 0-0j 0.086919-0j 0-0j 0.198287-0j 0.0411447-0j 0-0j -0.195818-0j 0-0j 0-0j -0.0165882-0j -0.507529-0j 0-0j 0-0j 0.0584768-0j 0-0j -0.138708-0j 0.0835681-0j 0-0j 0.0433171-0j 0-0j 0-0j 0.0354845-0j 0-0j 0-0j 0.00433704-0j -0.000809419-0j 0-0j 0-0j 
0-0j 0-0j 0-0j 0-0j 0-0j 0-0j 0-0j 0-0j 0-0j 0-0j 0-0j 0-0j 0-0j 0-0j 0-0j 0-0j 0-0j 0-0j 0-0j 0-0j 0-0j 0-0j 0-0j 0-0j 0-0j 0-0j 0.0861946-0j 0-0j -0.0927258-0j 0-0j -0.0712648-0j -0.0703762-0j 0-0j 0-0j 0.0629476-0j -0.306041-0j 0-0j 0-0j 0.0785579-0j 0.0453537-0j 0-0j 0.216044-0j 0-0j 0.39773-0j 0-0j -0.0411447-0j -0.188269-0j 0-0j -0.0406317-0j 0-0j 0-0j -0.383357-0j 0.151495-0j 0-0j 0-0j -0.0877151-0j 0-0j -0.041924-0j 0.12535-0j 0-0j 0.142556-0j 0-0j 0-0j -0.26882-0j 0-0j 0-0j -0.12459-0j 0.0501467-0j 0-0j 0-0j 
0-0j 0-0j 0-0j 0-0j 0-0j 0-0j 0-0j 0-0j 0-0j 0-0j 0-0j 0-0j 0-0j 0-0j 0-0j 0-0j 0-0j 0-0j 0-0j 0-0j 0-0j 0-0j 0-0j 0-0j 0-0j 0-0j 0-0j -0.0609488-0j 0-0j -0.065157-0j 0-0j 0-0j 0.150548-0j -0.0497645-0j 0-0j 0-0j -0.0445107-0j 0.216404-0j 0-0j 0-0j 0.164917-0j 0-0j -0.0314738-0j 0-0j 0.151811-0j 0-0j 0-0j 0.0976818-0j 0-0j 0.086919-0j -0.39773-0j 0-0j 0-0j -0.0287315-0j 0.0536732-0j 0-0j -0.0369743-0j 0-0j 0-0j -0.29476-0j 0-0j 0.086919-0j -0.232736-0j 0-0j -0.00908571-0j -0.0130724-0j 0-0j 0-0j 0.0137431-0j -0.000858519-0j 
0-0j 0-0j 0-0j 0-0j 0-0j 0-0j 0-0j 0-0j 0-0j 0-0j 0-0j 0-0j 0-0j 0-0j 0-0j 0-0j 0-0j 0-0j 0-0j 0-0j 0-0j 0-0j 0-0j 0-0j 0-0j 0-0j 0.0574631-0j 0-0j -0.0618172-0j 0-0j 0.0469184-0j -0.0469175-0j 0-0j 0-0j -0.21221-0j 0.0287315-0j 0-0j 0-0j -0.05172-0j 0.0302358-0j 0-0j 0.238751-0j 0-0j 0.0287315-0j 0-0j 0.195818-0j -0.0406317-0j 0-0j -0.195814-0j 0-0j 0-0j 0.0837779-0j 0.168822-0j 0-0j 0-0j 0.00829408-0j 0-0j -0.139575-0j -0.0165878-0j 0-0j -0.480586-0j 0-0j 0-0j 0.0592399-0j 0-0j 0-0j 0.082026-0j 0.0334311-0j 0-0j 0-0j 
0-0j 0-0j 0-0j 0-0j 0-0j 0-0j 0-0j 0-0j 0-0j 0-0j 0-0j 0-0j 0-0j 0-0j 0-0j 0-0j 0-0j 0-0j 0-0j 0-0j 0-0j 0-0j 0-0j 0-0j 0-0j 0-0j 0-0j -0.0574631-0j 0-0j -0.0614306-0j 0-0j 0-0j 0.0475098-0j -0.0469184-0j 0-0j 0-0j 0.21221-0j -0.0287315-0j 0-0j 0-0j 0.0520444-0j 0-0j -0.0296738-0j 0-0j 0.237258-0j 0-0j 0-0j 0.086919-0j 0-0j 0.198287-0j 0.0411447-0j 0-0j 0-0j -0.195818-0j -0.0165882-0j 0-0j -0.507529-0j 0-0j 0-0j 0.0584768-0j 0-0j -0.138708-0j 0.0835681-0j 0-0j 0.0433171-0j 0.0354845-0j 0-0j 0-0j 0.00433704-0j -0.000809419-0j 
0-0j 0-0j 0-0j 0-0j 0-0j 0-0j 0-0j 0-0j 0-0j 0-0j 0-0j 0-0j 0-0j 0-0j 0-0j 0-0j 0-0j 0-0j 0-0j 0-0j 0-0j 0-0j 0-0j 0-0j 0-0j 0-0j 0-0j 0.0861946-0j 0-0j -0.0927258-0j 0-0j 0-0j -0.0712648-0j -0.0703762-0j 0-0j 0-0j 0.0629476-0j -0.306041-0j 0-0j 0-0j 0.0785579-0j 0-0j 0.0453537-0j 0-0j 0.216044-0j 0-0j 0-0j 0.39773-0j 0-0j -0.0411447-0j -0.188269-0j 0-0j 0-0j -0.0406317-0j -0.383357-0j 0-0j 0.151495-0j 0-0j 0-0j -0.0877151-0j 0-0j -0.041924-0j 0.12535-0j 0-0j 0.142556-0j -0.26882-0j 0-0j 0-0j -0.12459-0j 0.0501467-0j 
0-0j 0-0j 0-0j 0-0j 0-0j 0-0j 0-0j 0-0j 0-0j 0-0j 0-0j 0-0j 0-0j 0-0j 0-0j 0-0j 0-0j 0-0j 0-0j 0-0j 0-0j 0-0j 0-0j 0-0j 0-0j 0-0j -0.0351888-0j 0-0j 0.113329-0j 0-0j -0.0287315-0j -0.145108-0j 0-0j 0-0j -0.0256983-0j 0.124941-0j 0-0j 0-0j 0.0948176-0j -0.0174788-0j 0-0j -0.264047-0j 0-0j 0.0536732-0j 0-0j -0.0165882-0j 0.383357-0j 0-0j -0.0837779-0j 0-0j 0-0j -0.471086-0j 0.0612045-0j 0-0j 0-0j -0.00507906-0j 0-0j -0.0159559-0j -0.0513033-0j 0-0j 0.0999909-0j 0-0j 0-0j 0.109195-0j 0-0j 0-0j -0.0998406-0j -0.322944-0j 0-0j 0-0j 
0-0j 0-0j 0-0j 0-0j 0-0j 0-0j 0-0j 0-0j 0-0j 0-0j 0-0j 0-0j 0-0j 0-0j 0-0j 0-0j 0-0j 0-0j 0-0j 0-0j 0-0j 0-0j 0-0j 0-0j 0-0j 0-0j 0.0703776-0j 0-0j -0.000236735-0j 0-0j -0.173838-0j -0.0578247-0j 0-0j 0-0j -0.104253-0j 0.0351888-0j 0-0j 0-0j 0.000599194-0j -0.0730287-0j 0-0j 0.000366755-0j 0-0j 0.0369743-0j 0-0j 0.507529-0j 0.151495-0j 0-0j 0.168822-0j 0-0j 0-0j -0.0612045-0j 0.000272494-0j 0-0j 0-0j 0.34036-0j 0-0j -0.409086-0j -0.270432-0j 0-0j 0.0854571-0j 0-0j 0-0j -0.0454741-0j 0-0j 0-0j 0.0796454-0j -0.00696428-0j 0-0j 0-0j 
0-0j 0-0j 0-0j 0-0j 0-0j 0-0j 0-0j 0-0j 0-0j 0-0j 0-0j 0-0j 0-0j 0-0j 0-0j 0-0j 0-0j 0-0j 0-0j 0-0j 0-0j 0-0j 0-0j 0-0j 0-0j 0-0j 0-0j 0.0574631-0j 0-0j -0.0618172-0j 0-0j 0-0j 0.0469184-0j -0.0469175-0j 0-0j 0-0j -0.21221-0j 0.0287315-0j 0-0j 0-0j -0.05172-0j 0-0j 0.0302358-0j 0-0j 0.238751-0j 0-0j 0-0j 0.0287315-0j 0-0j 0.195818-0j -0.0406317-0j 0-0j 0-0j -0.195814-0j 0.0837779-0j 0-0j 0.168822-0j 0-0j 0-0j 0.00829408-0j 0-0j -0.139575-0j -0.0165878-0j 0-0j -0.480586-0j 0.0592399-0j 0-0j 0-0j 0.082026-0j 0.0334311-0j 
0-0j 0-0j 0-0j 0-0j 0-0j 0-0j 0-0j 0-0j 0-0j 0-0j 0-0j 0-0j 0-0j 0-0j 0-0j 0-0j 0-0j 0-0j 0-0j 0-0j 0-0j 0-0j 0-0j 0-0j 0-0j 0-0j 0-0j -0.0351888-0j 0-0j 0.113329-0j 0-0j 0-0j -0.0287315-0j -0.145108-0j 0-0j 0-0j -0.0256983-0j 0.124941-0j 0-0j 0-0j 0.0948176-0j 0-0j -0.0174788-0j 0-0j -0.264047-0j 0-0j 0-0j 0.0536732-0j 0-0j -0.0165882-0j 0.383357-0j 0-0j 0-0j -0.0837779-0j -0.471086-0j 0-0j 0.0612045-0j 0-0j 0-0j -0.00507906-0j 0-0j -0.0159559-0j -0.0513033-0j 0-0j 0.0999909-0j 0.109195-0j 0-0j 0-0j -0.0998406-0j -0.322944-0j 
0-0j 0-0j 0-0j 0-0j 0-0j 0-0j 0-0j 0-0j 0-0j 0-0j 0-0j 0-0j 0-0j 0-0j 0-0j 0-0j 0-0j 0-0j 0-0j 0-0j 0-0j 0-0j 0-0j 0-0j 0-0j 0-0j 0.0175944-0j 0-0j 0.0188092-0j 0-0j -0.101285-0j 0.0143658-0j 0-0j 0-0j 0.0128491-0j 0.0087972-0j 0-0j 0-0j -0.110952-0j 0.00908571-0j 0-0j 0.0143658-0j 0-0j 0.29476-0j 0-0j -0.0584768-0j -0.0877151-0j 0-0j 0.00829408-0j 0-0j 0-0j 0.00507906-0j 0.34036-0j 0-0j 0-0j -0.326077-0j 0-0j -0.0584768-0j -0.370689-0j 0-0j 0.00262282-0j 0-0j 0-0j 0.120335-0j 0-0j 0-0j -0.00924599-0j 0.000247833-0j 0-0j 0-0j 
0-0j 0-0j 0-0j 0-0j 0-0j 0-0j 0-0j 0-0j 0-0j 0-0j 0-0j 0-0j 0-0j 0-0j 0-0j 0-0j 0-0j 0-0j 0-0j 0-0j 0-0j 0-0j 0-0j 0-0j 0-0j 0-0j 0-0j 0.0703776-0j 0-0j -0.000236735-0j 0-0j 0-0j -0.173838-0j -0.0578247-0j 0-0j 0-0j -0.104253-0j 0.0351888-0j 0-0j 0-0j 0.000599194-0j 0-0j -0.0730287-0j 0-0j 0.000366755-0j 0-0j 0-0j 0.0369743-0j 0-0j 0.507529-0j 0.151495-0j 0-0j 0-0j 0.168822-0j -0.0612045-0j 0-0j 0.000272494-0j 0-0j 0-0j 0.34036-0j 0-0j -0.409086-0j -0.270432-0j 0-0j 0.0854571-0j -0.0454741-0j 0-0j 0-0j 0.0796454-0j -0.00696428-0j 
0-0j 0-0j 0-0j 0-0j 0-0j 0-0j 0-0j 0-0j 0-0j 0-0j 0-0j 0-0j 0-0j 0-0j 0-0j 0-0j 0-0j 0-0j 0-0j 0-0j 0-0j 0-0j 0-0j 0-0j 0-0j 0-0j -0.0574631-0j 0-0j 0.123441-0j 0-0j 0.0475098-0j -0.047807-0j 0-0j 0-0j 0.0851223-0j -0.0287315-0j 0-0j 0-0j -0.10458-0j -0.119536-0j 0-0j -0.191238-0j 0-0j 0.086919-0j 0-0j -0.138708-0j 0.041924-0j 0-0j 0.139575-0j 0-0j 0-0j -0.0159559-0j 0.409086-0j 0-0j 0-0j 0.0584768-0j 0-0j -0.224131-0j 0.0851508-0j 0-0j -0.247378-0j 0-0j 0-0j 0.034132-0j 0-0j 0-0j -0.206554-0j 0.156378-0j 0-0j 0-0j 
0-0j 0-0j 0-0j 0-0j 0-0j 0-0j 0-0j 0-0j 0-0j 0-0j 0-0j 0-0j 0-0j 0-0j 0-0j 0-0j 0-0j 0-0j 0-0j 0-0j 0-0j 0-0j 0-0j 0-0j 0-0j 0-0j -0.0351888-0j 0-0j 0.0378551-0j 0-0j 0.144744-0j 0.028731-0j 0-0j 0-0j -0.0256983-0j -0.0175944-0j 0-0j 0-0j -0.159557-0j -0.0185156-0j 0-0j 0.0289123-0j 0-0j -0.232736-0j 0-0j 0.0835681-0j -0.12535-0j 0-0j 0.0165878-0j 0-0j 0-0j -0.0513033-0j 0.270432-0j 0-0j 0-0j 0.370689-0j 0-0j 0.0851508-0j 0.0699239-0j 0-0j -0.0581982-0j 0-0j 0-0j -0.479866-0j 0-0j 0-0j 0.253052-0j -0.0204723-0j 0-0j 0-0j 
0-0j 0-0j 0-0j 0-0j 0-0j 0-0j 0-0j 0-0j 0-0j 0-0j 0-0j 0-0j 0-0j 0-0j 0-0j 0-0j 0-0j 0-0j 0-0j 0-0j 0-0j 0-0j 0-0j 0-0j 0-0j 0-0j 0-0j 0.0175944-0j 0-0j 0.0188092-0j 0-0j 0-0j -0.101285-0j 0.0143658-0j 0-0j 0-0j 0.0128491-0j 0.0087972-0j 0-0j 0-0j -0.110952-0j 0-0j 0.00908571-0j 0-0j 0.0143658-0j 0-0j 0-0j 0.29476-0j 0-0j -0.0584768-0j -0.0877151-0j 0-0j 0-0j 0.00829408-0j 0.00507906-0j 0-0j 0.34036-0j 0-0j 0-0j -0.326077-0j 0-0j -0.0584768-0j -0.370689-0j 0-0j 0.00262282-0j 0.120335-0j 0-0j 0-0j -0.00924599-0j 0.000247833-0j 
0-0j 0-0j 0-0j 0-0j 0-0j 0-0j 0-0j 0-0j 0-0j 0-0j 0-0j 0-0j 0-0j 0-0j 0-0j 0-0j 0-0j 0-0j 0-0j 0-0j 0-0j 0-0j 0-0j 0-0j 0-0j 0-0j 0.0181714-0j 0-0j -0.0780099-0j 0-0j 0.0148369-0j 0.164609-0j 0-0j 0-0j -0.026918-0j 0.00908571-0j 0-0j 0-0j -0.0652677-0j -0.133597-0j 0-0j 0.120855-0j 0-0j 0.00908571-0j 0-0j -0.0433171-0j 0.142556-0j 0-0j -0.480586-0j 0-0j 0-0j -0.0999909-0j 0.0854571-0j 0-0j 0-0j 0.00262282-0j 0-0j 0.247378-0j 0.0581982-0j 0-0j -0.314226-0j 0-0j 0-0j -0.0707043-0j 0-0j 0-0j 0.20695-0j -0.303974-0j 0-0j 0-0j 
0-0j 0-0j 0-0j 0-0j 0-0j 0-0j 0-0j 0-0j 0-0j 0-0j 0-0j 0-0j 0-0j 0-0j 0-0j 0-0j 0-0j 0-0j 0-0j 0-0j 0-0j 0-0j 0-0j 0-0j 0-0j 0-0j 0-0j -0.0574631-0j 0-0j 0.123441-0j 0-0j 0-0j 0.0475098-0j -0.047807-0j 0-0j 0-0j 0.0851223-0j -0.0287315-0j 0-0j 0-0j -0.10458-0j 0-0j -0.119536-0j 0-0j -0.191238-0j 0-0j 0-0j 0.086919-0j 0-0j -0.138708-0j 0.041924-0j 0-0j 0-0j 0.139575-0j -0.0159559-0j 0-0j 0.409086-0j 0-0j 0-0j 0.0584768-0j 0-0j -0.224131-0j 0.0851508-0j 0-0j -0.247378-0j 0.034132-0j 0-0j 0-0j -0.206554-0j 0.156378-0j 
0-0j 0-0j 0-0j 0-0j 0-0j 0-0j 0-0j 0-0j 0-0j 0-0j 0-0j 0-0j 0-0j 0-0j 0-0j 0-0j 0-0j 0-0j 0-0j 0-0j 0-0j 0-0j 0-0j 0-0j 0-0j 0-0j 0-0j -0.0351888-0j 0-0j 0.0378551-0j 0-0j 0-0j 0.144744-0j 0.028731-0j 0-0j 0-0j -0.0256983-0j -0.0175944-0j 0-0j 0-0j -0.159557-0j 0-0j -0.0185156-0j 0-0j 0.0289123-0j 0-0j 0-0j -0.232736-0j 0-0j 0.0835681-0j -0.12535-0j 0-0j 0-0j 0.0165878-0j -0.0513033-0j 0-0j 0.270432-0j 0-0j 0-0j 0.370689-0j 0-0j 0.0851508-0j 0.0699239-0j 0-0j -0.0581982-0j -0.479866-0j 0-0j 0-0j 0.253052-0j -0.0204723-0j 
0-0j 0-0j 0-0j 0-0j 0-0j 0-0j 0-0j 0-0j 0-0j 0-0j 0-0j 0-0j 0-0j 0-0j 0-0j 0-0j 0-0j 0-0j 0-0j 0-0j 0-0j 0-0j 0-0j 0-0j 0-0j 0-0j 0.0248822-0j 0-0j -0.0801355-0j 0-0j -0.061461-0j 0.102607-0j 0-0j 0-0j 0.0181714-0j 0.0124411-0j 0-0j 0-0j 0.202829-0j 0.0123594-0j 0-0j -0.0612045-0j 0-0j 0.0130724-0j 0-0j -0.0354845-0j -0.26882-0j 0-0j 0.0592399-0j 0-0j 0-0j -0.109195-0j -0.0454741-0j 0-0j 0-0j 0.120335-0j 0-0j -0.034132-0j 0.479866-0j 0-0j -0.0707043-0j 0-0j 0-0j -0.0811303-0j 0-0j 0-0j -0.213574-0j 0.228356-0j 0-0j 0-0j 
0-0j 0-0j 0-0j 0-0j 0-0j 0-0j 0-0j 0-0j 0-0j 0-0j 0-0j 0-0j 0-0j 0-0j 0-0j 0-0j 0-0j 0-0j 0-0j 0-0j 0-0j 0-0j 0-0j 0-0j 0-0j 0-0j 0-0j 0.0181714-0j 0-0j -0.0780099-0j 0-0j 0-0j 0.0148369-0j 0.164609-0j 0-0j 0-0j -0.026918-0j 0.00908571-0j 0-0j 0-0j -0.0652677-0j 0-0j -0.133597-0j 0-0j 0.120855-0j 0-0j 0-0j 0.00908571-0j 0-0j -0.0433171-0j 0.142556-0j 0-0j 0-0j -0.480586-0j -0.0999909-0j 0-0j 0.0854571-0j 0-0j 0-0j 0.00262282-0j 0-0j 0.247378-0j 0.0581982-0j 0-0j -0.314226-0j -0.0707043-0j 0-0j 0-0j 0.20695-0j -0.303974-0j 
0-0j 0-0j 0-0j 0-0j 0-0j 0-0j 0-0j 0-0j 0-0j 0-0j 0-0j 0-0j 0-0j 0-0j 0-0j 0-0j 0-0j 0-0j 0-0j 0-0j 0-0j 0-0j 0-0j 0-0j 0-0j 0-0j 0-0j 0.0248822-0j 0-0j -0.0801355-0j 0-0j 0-0j -0.061461-0j 0.102607-0j 0-0j 0-0j 0.0181714-0j 0.0124411-0j 0-0j 0-0j 0.202829-0j 0-0j 0.0123594-0j 0-0j -0.0612045-0j 0-0j 0-0j 0.0130724-0j 0-0j -0.0354845-0j -0.26882-0j 0-0j 0-0j 0.0592399-0j -0.109195-0j 0-0j -0.0454741-0j 0-0j 0-0j 0.120335-0j 0-0j -0.034132-0j 0.479866-0j 0-0j -0.0707043-0j -0.0811303-0j 0-0j 0-0j -0.213574-0j 0.228356-0j 
0-0j 0-0j 0-0j 0-0j 0-0j 0-0j 0-0j 0-0j 0-0j 0-0j 0-0j 0-0j 0-0j 0-0j 0-0j 0-0j 0-0j 0-0j 0-0j 0-0j 0-0j 0-0j 0-0j 0-0j 0-0j 0-0j -0.00908571-0j 0-0j 0.0487485-0j 0-0j 0.00751197-0j -0.142073-0j 0-0j 0-0j -0.00663526-0j -0.00454285-0j 0-0j 0-0j -0.0413001-0j 0.223452-0j 0-0j 0.0372323-0j 0-0j 0.0137431-0j 0-0j 0.00433704-0j 0.12459-0j 0-0j -0.082026-0j 0-0j 0-0j -0.0998406-0j -0.0796454-0j 0-0j 0-0j 0.00924599-0j 0-0j -0.206554-0j 0.253052-0j 0-0j -0.20695-0j 0-0j 0-0j 0.213574-0j 0-0j 0-0j -0.131259-0j 0.112822-0j 0-0j 0-0j 
0-0j 0-0j 0-0j 0-0j 0-0j 0-0j 0-0j 0-0j 0-0j 0-0j 0-0j 0-0j 0-0j 0-0j 0-0j 0-0j 0-0j 0-0j 0-0j 0-0j 0-0j 0-0j 0-0j 0-0j 0-0j 0-0j 0.00171704-0j 0-0j -0.0128953-0j 0-0j 0.00140196-0j 0.0579044-0j 0-0j 0-0j 0.00125395-0j 0.000858519-0j 0-0j 0-0j -0.010789-0j -0.171304-0j 0-0j -0.00984898-0j 0-0j 0.000858519-0j 0-0j 0.000809419-0j 0.0501467-0j 0-0j 0.0334311-0j 0-0j 0-0j 0.322944-0j -0.00696428-0j 0-0j 0-0j 0.000247833-0j 0-0j -0.156378-0j 0.0204723-0j 0-0j -0.303974-0j 0-0j 0-0j 0.228356-0j 0-0j 0-0j -0.112822-0j 0.149107-0j 0-0j 0-0j 
0-0j 0-0j 0-0j 0-0j 0-0j 0-0j 0-0j 0-0j 0-0j 0-0j 0-0j 0-0j 0-0j 0-0j 0-0j 0-0j 0-0j 0-0j 0-0j 0-0j 0-0j 0-0j 0-0j 0-0j 0-0j 0-0j 0-0j -0.00908571-0j 0-0j 0.0487485-0j 0-0j 0-0j 0.00751197-0j -0.142073-0j 0-0j 0-0j -0.00663526-0j -0.00454285-0j 0-0j 0-0j -0.0413001-0j 0-0j 0.223452-0j 0-0j 0.0372323-0j 0-0j 0-0j 0.0137431-0j 0-0j 0.00433704-0j 0.12459-0j 0-0j 0-0j -0.082026-0j -0.0998406-0j 0-0j -0.0796454-0j 0-0j 0-0j 0.00924599-0j 0-0j -0.206554-0j 0.253052-0j 0-0j -0.20695-0j 0.213574-0j 0-0j 0-0j -0.131259-0j 0.112822-0j 
0-0j 0-0j 0-0j 0-0j 0-0j 0-0j 0-0j 0-0j 0-0j 0-0j 0-0j 0-0j 0-0j 0-0j 0-0j 0-0j 0-0j 0-0j 0-0j 0-0j 0-0j 0-0j 0-0j 0-0j 0-0j 0-0j 0-0j 0.00171704-0j 0-0j -0.0128953-0j 0-0j 0-0j 0.00140196-0j 0.0579044-0j 0-0j 0-0j 0.00125395-0j 0.000858519-0j 0-0j 0-0j -0.010789-0j 0-0j -0.171304-0j 0-0j -0.00984898-0j 0-0j 0-0j 0.000858519-0j 0-0j 0.000809419-0j 0.0501467-0j 0-0j 0-0j 0.0334311-0j 0.322944-0j 0-0j -0.00696428-0j 0-0j 0-0j 0.000247833-0j 0-0j -0.156378-0j 0.0204723-0j 0-0j -0.303974-0j 0.228356-0j 0-0j 0-0j -0.112822-0j 0.149008-0j 
