0.97233-0j -0.0295805-0j 0-0j -0.0225925-0j -0.0225925-0j -0.0247488-0j -0.0225925-0j 0-0j 0-0j 0-0j -0.0202073-0j 0-0j 0-0j 0-0j -0.0142887-0j -0.013835-0j -0.013835-0j 0-0j 0-0j -0.0159753-0j 0-0j 0-0j -0.0195657-0j 0-0j 0-0j 0-0j 0-0j 0-0j 0-0j 0-0j 0-0j 0-0j 0-0j 0-0j 0-0j 0-0j 0-0j 0-0j 0-0j 0-0j -0.0130438-0j 0-0j 0-0j 0-0j -0.00798764-0j 0-0j 0-0j 0-0j 0-0j -0.0130438-0j 0-0j 0-0j 0-0j 0-0j 0-0j 0-0j 0-0j -0.0130438-0j 0-0j 0-0j 0-0j 0-0j 0-0j 0-0j -0.00399382-0j 0-0j 0-0j 0-0j 0-0j 0-0j 0-0j 0-0j -0.00564812-0j 0-0j 0-0j 0-0j 0-0j 0-0j 0-0j -0.00798764-0j 0-0j 0-0j 0-0j 0-0j -0.0041248-0j 0-0j -0.0020624-0j 0-0j 0-0j 0-0j 0-0j 0-0j -0.000389757-0j 0-0j 0-0j 0-0j 0-0j 0-0j 0-0j 0-0j 0-0j 0-0j 0-0j 0-0j 0-0j 0-0j 0-0j 0-0j 0-0j 0-0j 0-0j 0-0j 0-0j 0-0j 0-0j 0-0j 0-0j 0-0j 0-0j 0-0j 0-0j 0-0j 0-0j 0-0j 0-0j 0-0j 0-0j 0-0j 0-0j 0-0j 0-0j 
0.0295805-0j 0.165236-0j 0-0j 0.0241524-0j -0.00500997-0j -0.00548814-0j -0.0341723-0j 0-0j 0-0j 0-0j 0.0216025-0j 0-0j 0-0j 0-0j -0.0400563-0j 0.0147902-0j 0.0147902-0j 0-0j 0-0j -0.00354258-0j 0-0j 0-0j -0.0295941-0j 0-0j 0-0j 0-0j 0-0j 0-0j 0-0j 0-0j 0-0j 0-0j 0-0j 0-0j 0-0j 0-0j 0-0j 0-0j 0-0j 0-0j -0.0365663-0j 0-0j 0-0j 0-0j -0.0327026-0j 0-0j 0-0j 0-0j 0-0j -0.0197294-0j 0-0j 0-0j 0-0j 0-0j 0-0j 0-0j 0-0j 0.0139444-0j 0-0j 0-0j 0-0j 0-0j 0-0j 0-0j 0.00426958-0j 0-0j 0-0j 0-0j 0-0j 0-0j 0-0j 0-0j -0.0231242-0j 0-0j 0-0j 0-0j 0-0j 0-0j 0-0j -0.0120817-0j 0-0j 0-0j 0-0j 0-0j -0.0222118-0j 0-0j -0.0137681-0j 0-0j 0-0j 0-0j 0-0j 0-0j -0.00360812-0j 0-0j 0-0j 0-0j 0-0j 0-0j 0-0j 0-0j 0-0j 0-0j 0-0j 0-0j 0-0j 0-0j 0-0j 0-0j 0-0j 0-0j 0-0j 0-0j 0-0j 0-0j 0-0j 0-0j 0-0j 0-0j 0-0j 0-0j 0-0j 0-0j 0-0j 0-0j 0-0j 0-0j 0-0j 0-0j 0-0j 0-0j 0-0j 
0-0j 0-0j 0.167042-0j 0-0j 0-0j 0-0j 0-0j 0.0144936-0j 0.0152776-0j 0.0173232-0j 0-0j -0.00347153-0j -0.00388129-0j -0.0245099-0j 0-0j 0-0j 0-0j 0.0132308-0j 0.0102485-0j 0-0j -0.0023768-0j -0.0023768-0j 0-0j -0.0187198-0j -0.0205065-0j -0.0283284-0j 0-0j 0-0j 0-0j 0-0j 0-0j 0-0j 0-0j 0-0j 0-0j 0-0j 0-0j 0-0j 0-0j 0-0j 0-0j -0.0245331-0j -0.0226605-0j 0-0j 0-0j 0-0j 0-0j 0-0j 0-0j 0-0j 0-0j 0-0j 0-0j 0-0j -0.00224087-0j 0-0j 0-0j 0-0j 0-0j 0-0j -0.0132369-0j 0-0j 0-0j 0-0j 0-0j -0.00870901-0j 0-0j 0-0j -0.0163554-0j 0-0j 0-0j 0-0j 0-0j 0-0j 0-0j -0.000686122-0j 0-0j 0.00540145-0j 0-0j 0-0j -0.0206861-0j 0.00509254-0j -0.0149024-0j 0-0j 0-0j 0-0j 0-0j 0-0j 0-0j 0-0j -0.0100156-0j 0-0j 0-0j 0-0j 0-0j -0.004811-0j -0.0105376-0j 0-0j 0-0j 0-0j 0-0j 0-0j 0-0j 0-0j 0-0j 0-0j 0-0j 0-0j 0-0j 0-0j 0-0j 0-0j 0-0j 0-0j 0-0j 0-0j 0-0j 0-0j 0-0j -0.00106167-0j 0-0j 0-0j 0-0j 0-0j 0-0j 0-0j 0-0j 0-0j 0-0j 0-0j 0-0j 
0.0225925-0j 0.0241524-0j 0-0j 0.621699-0j 0.0184467-0j -0.0387128-0j -0.324514-0j 0-0j 0-0j 0-0j 0.0164992-0j 0-0j 0-0j 0-0j 0.0116667-0j 0.0112962-0j -0.0545785-0j 0-0j 0-0j -0.0630218-0j 0-0j 0-0j -0.0306052-0j 0-0j 0-0j 0-0j 0-0j 0-0j 0-0j 0-0j 0-0j 0-0j 0-0j 0-0j 0-0j 0-0j 0-0j 0-0j 0-0j 0-0j -0.0204035-0j 0-0j 0-0j 0-0j 0.00652188-0j 0-0j 0-0j 0-0j 0-0j 0.0106502-0j 0-0j 0-0j 0-0j 0-0j 0-0j 0-0j 0-0j -0.0204035-0j 0-0j 0-0j 0-0j 0-0j 0-0j 0-0j -0.0347719-0j 0-0j 0-0j 0-0j 0-0j 0-0j 0-0j 0-0j -0.0222816-0j 0-0j 0-0j 0-0j 0-0j 0-0j 0-0j -0.0505273-0j 0-0j 0-0j 0-0j 0-0j 0.00336789-0j 0-0j -0.00322607-0j 0-0j 0-0j 0-0j 0-0j 0-0j 0.000318235-0j 0-0j 0-0j 0-0j 0-0j 0-0j 0-0j 0-0j 0-0j 0-0j 0-0j 0-0j 0-0j 0-0j 0-0j 0-0j 0-0j 0-0j 0-0j 0-0j 0-0j 0-0j 0-0j 0-0j 0-0j 0-0j 0-0j 0-0j 0-0j 0-0j 0-0j 0-0j 0-0j 0-0j 0-0j 0-0j 0-0j 0-0j 0-0j 
-0.0225925-0j 0.00500997-0j 0-0j -0.0184467-0j 0.122884-0j 0.00419164-0j 0.0260995-0j 0-0j 0-0j 0-0j 0.0706317-0j 0-0j 0-0j 0-0j 0.0305935-0j 0.18078-0j 0.084742-0j 0-0j 0-0j -0.0115828-0j 0-0j 0-0j -0.169562-0j 0-0j 0-0j 0-0j 0-0j 0-0j 0-0j 0-0j 0-0j 0-0j 0-0j 0-0j 0-0j 0-0j 0-0j 0-0j 0-0j 0-0j -0.119557-0j 0-0j 0-0j 0-0j -0.187372-0j 0-0j 0-0j 0-0j 0-0j -0.144083-0j 0-0j 0-0j 0-0j 0-0j 0-0j 0-0j 0-0j 0.101835-0j 0-0j 0-0j 0-0j 0-0j 0-0j 0-0j -0.00326094-0j 0-0j 0-0j 0-0j 0-0j 0-0j 0-0j 0-0j 0.0176614-0j 0-0j 0-0j 0-0j 0-0j 0-0j 0-0j 0.00922758-0j 0-0j 0-0j 0-0j 0-0j -0.0726239-0j 0-0j 0.0105155-0j 0-0j 0-0j 0-0j 0-0j 0-0j 0.00275574-0j 0-0j 0-0j 0-0j 0-0j 0-0j 0-0j 0-0j 0-0j 0-0j 0-0j 0-0j 0-0j 0-0j 0-0j 0-0j 0-0j 0-0j 0-0j 0-0j 0-0j 0-0j 0-0j 0-0j 0-0j 0-0j 0-0j 0-0j 0-0j 0-0j 0-0j 0-0j 0-0j 0-0j 0-0j 0-0j 0-0j 0-0j 0-0j 
-0.0247488-0j 0.00548814-0j 0-0j 0.0387128-0j 0.00419164-0j 0.10408-0j 0.0285906-0j 0-0j 0-0j 0-0j 0.213845-0j 0-0j 0-0j 0-0j -0.396521-0j -0.0123744-0j 0.0597878-0j 0-0j 0-0j -0.0143205-0j 0-0j 0-0j -0.0474351-0j 0-0j 0-0j 0-0j 0-0j 0-0j 0-0j 0-0j 0-0j 0-0j 0-0j 0-0j 0-0j 0-0j 0-0j 0-0j 0-0j 0-0j -0.0586106-0j 0-0j 0-0j 0-0j 0.027361-0j 0-0j 0-0j 0-0j 0-0j 0.0165068-0j 0-0j 0-0j 0-0j 0-0j 0-0j 0-0j 0-0j 0.0223509-0j 0-0j 0-0j 0-0j 0-0j 0-0j 0-0j 0.0380907-0j 0-0j 0-0j 0-0j 0-0j 0-0j 0-0j 0-0j -0.0934769-0j 0-0j 0-0j 0-0j 0-0j 0-0j 0-0j -0.0783125-0j 0-0j 0-0j 0-0j 0-0j 0.0185838-0j 0-0j -0.0220683-0j 0-0j 0-0j 0-0j 0-0j 0-0j 0.00301877-0j 0-0j 0-0j 0-0j 0-0j 0-0j 0-0j 0-0j 0-0j 0-0j 0-0j 0-0j 0-0j 0-0j 0-0j 0-0j 0-0j 0-0j 0-0j 0-0j 0-0j 0-0j 0-0j 0-0j 0-0j 0-0j 0-0j 0-0j 0-0j 0-0j 0-0j 0-0j 0-0j 0-0j 0-0j 0-0j 0-0j 0-0j 0-0j 
-0.0225925-0j 0.0341723-0j 0-0j 0.324514-0j 0.0260995-0j 0.0285906-0j -0.296588-0j 0-0j 0-0j 0-0j -0.0164992-0j 0-0j 0-0j 0-0j -0.0291989-0j -0.0112962-0j -0.0112962-0j 0-0j 0-0j 0.0184552-0j 0-0j 0-0j 0.0146005-0j 0-0j 0-0j 0-0j 0-0j 0-0j 0-0j 0-0j 0-0j 0-0j 0-0j 0-0j 0-0j 0-0j 0-0j 0-0j 0-0j 0-0j -0.0266549-0j 0-0j 0-0j 0-0j -0.0576224-0j 0-0j 0-0j 0-0j 0-0j 0.00973368-0j 0-0j 0-0j 0-0j 0-0j 0-0j 0-0j 0-0j -0.0106502-0j 0-0j 0-0j 0-0j 0-0j 0-0j 0-0j -0.00326094-0j 0-0j 0-0j 0-0j 0-0j 0-0j 0-0j 0-0j -0.0407452-0j 0-0j 0-0j 0-0j 0-0j 0-0j 0-0j 0.00596064-0j 0-0j 0-0j 0-0j 0-0j -0.0609032-0j 0-0j -0.0509352-0j 0-0j 0-0j 0-0j 0-0j 0-0j -0.0201516-0j 0-0j 0-0j 0-0j 0-0j 0-0j 0-0j 0-0j 0-0j 0-0j 0-0j 0-0j 0-0j 0-0j 0-0j 0-0j 0-0j 0-0j 0-0j 0-0j 0-0j 0-0j 0-0j 0-0j 0-0j 0-0j 0-0j 0-0j 0-0j 0-0j 0-0j 0-0j 0-0j 0-0j 0-0j 0-0j 0-0j 0-0j 0-0j 
0-0j 0-0j 0.0144936-0j 0-0j 0-0j 0-0j 0-0j 0.813612-0j 0.00966241-0j 0.0109561-0j 0-0j -0.125234-0j 0.011834-0j 0.0109561-0j 0-0j 0-0j 0-0j -0.0627742-0j -0.0766898-0j 0-0j -0.115975-0j -0.054364-0j 0-0j -0.0627742-0j -0.108456-0j 0.00683236-0j 0-0j 0-0j 0-0j 0-0j 0-0j 0-0j 0-0j 0-0j 0-0j 0-0j 0-0j 0-0j 0-0j 0-0j 0-0j -0.044388-0j -0.0442769-0j 0-0j 0-0j 0-0j 0-0j 0-0j 0-0j 0-0j 0-0j 0-0j 0-0j 0-0j 0.00683236-0j 0-0j 0-0j 0-0j 0-0j 0-0j 0.00591699-0j 0-0j 0-0j 0-0j 0-0j 0.000882053-0j 0-0j 0-0j 0.00394466-0j 0-0j 0-0j 0-0j 0-0j 0-0j 0-0j 0.00209197-0j 0-0j 0.00341618-0j 0-0j 0-0j 0.00341618-0j 0.0032208-0j -0.0140367-0j 0-0j 0-0j 0-0j 0-0j 0-0j 0-0j 0-0j 0.0024156-0j 0-0j 0-0j 0-0j 0-0j 0.000408311-0j 0.00132308-0j 0-0j 0-0j 0-0j 0-0j 0-0j 0-0j 0-0j 0-0j 0-0j 0-0j 0-0j 0-0j 0-0j 0-0j 0-0j 0-0j 0-0j 0-0j 0-0j 0-0j 0-0j 0-0j 6.80519e-05-0j 0-0j 0-0j 0-0j 0-0j 0-0j 0-0j 0-0j 0-0j 0-0j 0-0j 0-0j 
0-0j 0-0j 0.0152776-0j 0-0j 0-0j 0-0j 0-0j 0.00966241-0j 0.767037-0j 0.0115488-0j 0-0j -0.047763-0j -0.219445-0j 0.0115488-0j 0-0j 0-0j 0-0j -0.0377599-0j 0.00683236-0j 0-0j 0.00763881-0j 0.00763881-0j 0-0j -0.0377599-0j 0.00966241-0j -0.126697-0j 0-0j 0-0j 0-0j 0-0j 0-0j 0-0j 0-0j 0-0j 0-0j 0-0j 0-0j 0-0j 0-0j 0-0j 0-0j 0.00623706-0j 0.00394466-0j 0-0j 0-0j 0-0j 0-0j 0-0j 0-0j 0-0j 0-0j 0-0j 0-0j 0-0j -0.0688637-0j 0-0j 0-0j 0-0j 0-0j 0-0j -0.0267003-0j 0-0j 0-0j 0-0j 0-0j -0.00398025-0j 0-0j 0-0j -0.0397585-0j 0-0j 0-0j 0-0j 0-0j 0-0j 0-0j 0.00220513-0j 0-0j -0.0154154-0j 0-0j 0-0j -0.0154154-0j -0.0503915-0j 0.00197233-0j 0-0j 0-0j 0-0j 0-0j 0-0j 0-0j 0-0j 0.00254627-0j 0-0j 0-0j 0-0j 0-0j 0.000430398-0j 0.00139465-0j 0-0j 0-0j 0-0j 0-0j 0-0j 0-0j 0-0j 0-0j 0-0j 0-0j 0-0j 0-0j 0-0j 0-0j 0-0j 0-0j 0-0j 0-0j 0-0j 0-0j 0-0j 0-0j 7.1733e-05-0j 0-0j 0-0j 0-0j 0-0j 0-0j 0-0j 0-0j 0-0j 0-0j 0-0j 0-0j 
0-0j 0-0j 0.0173232-0j 0-0j 0-0j 0-0j 0-0j 0.0109561-0j 0.0115488-0j 0.631952-0j 0-0j 0.0126511-0j -0.0270974-0j -0.329866-0j 0-0j 0-0j 0-0j -0.0191608-0j -0.0374309-0j 0-0j 0.00866159-0j -0.0418491-0j 0-0j 0.0100015-0j -0.0209896-0j 0.00816623-0j 0-0j 0-0j 0-0j 0-0j 0-0j 0-0j 0-0j 0-0j 0-0j 0-0j 0-0j 0-0j 0-0j 0-0j 0-0j -0.0135487-0j 0.00447283-0j 0-0j 0-0j 0-0j 0-0j 0-0j 0-0j 0-0j 0-0j 0-0j 0-0j 0-0j -0.0156447-0j 0-0j 0-0j 0-0j 0-0j 0-0j -0.0341696-0j 0-0j 0-0j 0-0j 0-0j 0.00105426-0j 0-0j 0-0j 0.00471477-0j 0-0j 0-0j 0-0j 0-0j 0-0j 0-0j -0.0266619-0j 0-0j -0.0316333-0j 0-0j 0-0j -0.00782236-0j 0.0038496-0j 0.00223641-0j 0-0j 0-0j 0-0j 0-0j 0-0j 0-0j 0-0j -0.0223681-0j 0-0j 0-0j 0-0j 0-0j -0.000934951-0j -0.00764056-0j 0-0j 0-0j 0-0j 0-0j 0-0j 0-0j 0-0j 0-0j 0-0j 0-0j 0-0j 0-0j 0-0j 0-0j 0-0j 0-0j 0-0j 0-0j 0-0j 0-0j 0-0j 0-0j 8.13376e-05-0j 0-0j 0-0j 0-0j 0-0j 0-0j 0-0j 0-0j 0-0j 0-0j 0-0j 0-0j 
0.0202073-0j 0.0216025-0j 0-0j 0.0164992-0j -0.0706317-0j -0.213845-0j 0.0164992-0j 0-0j 0-0j 0-0j 0.747464-0j 0-0j 0-0j 0-0j -0.123464-0j 0.0101037-0j 0.0101037-0j 0-0j 0-0j -0.0499441-0j 0-0j 0-0j 0.0142887-0j 0-0j 0-0j 0-0j 0-0j 0-0j 0-0j 0-0j 0-0j 0-0j 0-0j 0-0j 0-0j 0-0j 0-0j 0-0j 0-0j 0-0j -0.0407792-0j 0-0j 0-0j 0-0j 0.00583335-0j 0-0j 0-0j 0-0j 0-0j -0.0910843-0j 0-0j 0-0j 0-0j 0-0j 0-0j 0-0j 0-0j -0.0910843-0j 0-0j 0-0j 0-0j 0-0j 0-0j 0-0j 0.00291668-0j 0-0j 0-0j 0-0j 0-0j 0-0j 0-0j 0-0j 0.0041248-0j 0-0j 0-0j 0-0j 0-0j 0-0j 0-0j 0.00583335-0j 0-0j 0-0j 0-0j 0-0j -0.0128955-0j 0-0j 0.00150616-0j 0-0j 0-0j 0-0j 0-0j 0-0j 0.000284638-0j 0-0j 0-0j 0-0j 0-0j 0-0j 0-0j 0-0j 0-0j 0-0j 0-0j 0-0j 0-0j 0-0j 0-0j 0-0j 0-0j 0-0j 0-0j 0-0j 0-0j 0-0j 0-0j 0-0j 0-0j 0-0j 0-0j 0-0j 0-0j 0-0j 0-0j 0-0j 0-0j 0-0j 0-0j 0-0j 0-0j 0-0j 0-0j 
0-0j 0-0j 0.00347153-0j 0-0j 0-0j 0-0j 0-0j 0.125234-0j 0.047763-0j -0.0126511-0j 0-0j 0.128411-0j 0.00283449-0j 0.0178995-0j 0-0j 0-0j 0-0j 0.0413639-0j 0.0885537-0j 0-0j 0.00173577-0j 0.00173577-0j 0-0j -0.0585243-0j -0.177189-0j 0.0206881-0j 0-0j 0-0j 0-0j 0-0j 0-0j 0-0j 0-0j 0-0j 0-0j 0-0j 0-0j 0-0j 0-0j 0-0j 0-0j 0.0179165-0j -0.195801-0j 0-0j 0-0j 0-0j 0-0j 0-0j 0-0j 0-0j 0-0j 0-0j 0-0j 0-0j -0.0156479-0j 0-0j 0-0j 0-0j 0-0j 0-0j -0.0413829-0j 0-0j 0-0j 0-0j 0-0j -0.0272273-0j 0-0j 0-0j -0.114209-0j 0-0j 0-0j 0-0j 0-0j 0-0j 0-0j 0.000501073-0j 0-0j 0.0168868-0j 0-0j 0-0j -0.0646717-0j 0.0552011-0j 0.0108832-0j 0-0j 0-0j 0-0j 0-0j 0-0j 0-0j 0-0j 0.00731436-0j 0-0j 0-0j 0-0j 0-0j 0.00351346-0j 0.00769558-0j 0-0j 0-0j 0-0j 0-0j 0-0j 0-0j 0-0j 0-0j 0-0j 0-0j 0-0j 0-0j 0-0j 0-0j 0-0j 0-0j 0-0j 0-0j 0-0j 0-0j 0-0j 0-0j 0.000775336-0j 0-0j 0-0j 0-0j 0-0j 0-0j 0-0j 0-0j 0-0j 0-0j 0-0j 0-0j 
0-0j 0-0j 0.00388129-0j 0-0j 0-0j 0-0j 0-0j -0.011834-0j 0.219445-0j 0.0270974-0j 0-0j 0.00283449-0j 0.106805-0j 0.0200123-0j 0-0j 0-0j 0-0j 0.020696-0j 0.04043-0j 0-0j 0.00194065-0j -0.00937636-0j 0-0j 0.0152846-0j -0.0320769-0j -0.406904-0j 0-0j 0-0j 0-0j 0-0j 0-0j 0-0j 0-0j 0-0j 0-0j 0-0j 0-0j 0-0j 0-0j 0-0j 0-0j -0.0383754-0j 0.0185022-0j 0-0j 0-0j 0-0j 0-0j 0-0j 0-0j 0-0j 0-0j 0-0j 0-0j 0-0j -0.00350523-0j 0-0j 0-0j 0-0j 0-0j 0-0j -0.0522189-0j 0-0j 0-0j 0-0j 0-0j 0.00711088-0j 0-0j 0-0j 0.0133541-0j 0-0j 0-0j 0-0j 0-0j 0-0j 0-0j -0.00597366-0j 0-0j 0.0341679-0j 0-0j 0-0j -0.0323578-0j -0.00415804-0j 0.0121678-0j 0-0j 0-0j 0-0j 0-0j 0-0j 0-0j 0-0j -0.0633555-0j 0-0j 0-0j 0-0j 0-0j -0.00752552-0j -0.0415704-0j 0-0j 0-0j 0-0j 0-0j 0-0j 0-0j 0-0j 0-0j 0-0j 0-0j 0-0j 0-0j 0-0j 0-0j 0-0j 0-0j 0-0j 0-0j 0-0j 0-0j 0-0j 0-0j 0.000866852-0j 0-0j 0-0j 0-0j 0-0j 0-0j 0-0j 0-0j 0-0j 0-0j 0-0j 0-0j 
0-0j 0-0j 0.0245099-0j 0-0j 0-0j 0-0j 0-0j -0.0109561-0j -0.0115488-0j 0.329866-0j 0-0j 0.0178995-0j 0.0200123-0j -0.301479-0j 0-0j 0-0j 0-0j -0.0100015-0j -0.00774716-0j 0-0j 0.012255-0j 0.012255-0j 0-0j 0.00914085-0j 0.0100133-0j -0.0204381-0j 0-0j 0-0j 0-0j 0-0j 0-0j 0-0j 0-0j 0-0j 0-0j 0-0j 0-0j 0-0j 0-0j 0-0j 0-0j -0.0176999-0j -0.0395185-0j 0-0j 0-0j 0-0j 0-0j 0-0j 0-0j 0-0j 0-0j 0-0j 0-0j 0-0j 0.0115541-0j 0-0j 0-0j 0-0j 0-0j 0-0j 0.00646356-0j 0-0j 0-0j 0-0j 0-0j -0.0318887-0j 0-0j 0-0j -0.0117999-0j 0-0j 0-0j 0-0j 0-0j 0-0j 0-0j 0.00353771-0j 0-0j -0.00408311-0j 0-0j 0-0j -0.0360753-0j -0.0038496-0j -0.0404422-0j 0-0j 0-0j 0-0j 0-0j 0-0j 0-0j 0-0j -0.00722596-0j 0-0j 0-0j 0-0j 0-0j -0.0221209-0j -0.028597-0j 0-0j 0-0j 0-0j 0-0j 0-0j 0-0j 0-0j 0-0j 0-0j 0-0j 0-0j 0-0j 0-0j 0-0j 0-0j 0-0j 0-0j 0-0j 0-0j 0-0j 0-0j 0-0j -0.00685142-0j 0-0j 0-0j 0-0j 0-0j 0-0j 0-0j 0-0j 0-0j 0-0j 0-0j 0-0j 
0.0142887-0j -0.0400563-0j 0-0j 0.0116667-0j -0.0305935-0j 0.396521-0j 0.0291989-0j 0-0j 0-0j 0-0j -0.123464-0j 0-0j 0-0j 0-0j -0.507515-0j 0.00714437-0j 0.00714437-0j 0-0j 0-0j -0.0216329-0j 0-0j 0-0j 0.025287-0j 0-0j 0-0j 0-0j 0-0j 0-0j 0-0j 0-0j 0-0j 0-0j 0-0j 0-0j 0-0j 0-0j 0-0j 0-0j 0-0j 0-0j 0.0391573-0j 0-0j 0-0j 0-0j -0.0134155-0j 0-0j 0-0j 0-0j 0-0j 0.016858-0j 0-0j 0-0j 0-0j 0-0j 0-0j 0-0j 0-0j 0.00673577-0j 0-0j 0-0j 0-0j 0-0j 0-0j 0-0j 0.0020624-0j 0-0j 0-0j 0-0j 0-0j 0-0j 0-0j 0-0j -0.00948618-0j 0-0j 0-0j 0-0j 0-0j 0-0j 0-0j 0.0103234-0j 0-0j 0-0j 0-0j 0-0j -0.0750972-0j 0-0j -0.107311-0j 0-0j 0-0j 0-0j 0-0j 0-0j -0.0753785-0j 0-0j 0-0j 0-0j 0-0j 0-0j 0-0j 0-0j 0-0j 0-0j 0-0j 0-0j 0-0j 0-0j 0-0j 0-0j 0-0j 0-0j 0-0j 0-0j 0-0j 0-0j 0-0j 0-0j 0-0j 0-0j 0-0j 0-0j 0-0j 0-0j 0-0j 0-0j 0-0j 0-0j 0-0j 0-0j 0-0j 0-0j 0-0j 
0.013835-0j 0.0147902-0j 0-0j 0.0112962-0j -0.18078-0j 0.0123744-0j 0.0112962-0j 0-0j 0-0j 0-0j 0.0101037-0j 0-0j 0-0j 0-0j 0.00714437-0j 0.771673-0j -0.110705-0j 0-0j 0-0j 0.00798764-0j 0-0j 0-0j -0.15656-0j 0-0j 0-0j 0-0j 0-0j 0-0j 0-0j 0-0j 0-0j 0-0j 0-0j 0-0j 0-0j 0-0j 0-0j 0-0j 0-0j 0-0j 0.00652188-0j 0-0j 0-0j 0-0j -0.0639154-0j 0-0j 0-0j 0-0j 0-0j 0.00652188-0j 0-0j 0-0j 0-0j 0-0j 0-0j 0-0j 0-0j 0.00652188-0j 0-0j 0-0j 0-0j 0-0j 0-0j 0-0j 0.00199691-0j 0-0j 0-0j 0-0j 0-0j 0-0j 0-0j 0-0j 0.00282406-0j 0-0j 0-0j 0-0j 0-0j 0-0j 0-0j 0.00399382-0j 0-0j 0-0j 0-0j 0-0j 0.0020624-0j 0-0j 0.0010312-0j 0-0j 0-0j 0-0j 0-0j 0-0j 0.000194879-0j 0-0j 0-0j 0-0j 0-0j 0-0j 0-0j 0-0j 0-0j 0-0j 0-0j 0-0j 0-0j 0-0j 0-0j 0-0j 0-0j 0-0j 0-0j 0-0j 0-0j 0-0j 0-0j 0-0j 0-0j 0-0j 0-0j 0-0j 0-0j 0-0j 0-0j 0-0j 0-0j 0-0j 0-0j 0-0j 0-0j 0-0j 0-0j 
-0.013835-0j -0.0147902-0j 0-0j 0.0545785-0j 0.084742-0j 0.0597878-0j -0.0112962-0j 0-0j 0-0j 0-0j -0.0101037-0j 0-0j 0-0j 0-0j -0.00714437-0j 0.110705-0j 0.329029-0j 0-0j 0-0j -0.0506452-0j 0-0j 0-0j -0.354582-0j 0-0j 0-0j 0-0j 0-0j 0-0j 0-0j 0-0j 0-0j 0-0j 0-0j 0-0j 0-0j 0-0j 0-0j 0-0j 0-0j 0-0j 0.0315109-0j 0-0j 0-0j 0-0j 0.0299608-0j 0-0j 0-0j 0-0j 0-0j -0.00652188-0j 0-0j 0-0j 0-0j 0-0j 0-0j 0-0j 0-0j 0.0315109-0j 0-0j 0-0j 0-0j 0-0j 0-0j 0-0j -0.159144-0j 0-0j 0-0j 0-0j 0-0j 0-0j 0-0j 0-0j -0.0179058-0j 0-0j 0-0j 0-0j 0-0j 0-0j 0-0j -0.137851-0j 0-0j 0-0j 0-0j 0-0j -0.0020624-0j 0-0j 0.00498231-0j 0-0j 0-0j 0-0j 0-0j 0-0j -0.000194879-0j 0-0j 0-0j 0-0j 0-0j 0-0j 0-0j 0-0j 0-0j 0-0j 0-0j 0-0j 0-0j 0-0j 0-0j 0-0j 0-0j 0-0j 0-0j 0-0j 0-0j 0-0j 0-0j 0-0j 0-0j 0-0j 0-0j 0-0j 0-0j 0-0j 0-0j 0-0j 0-0j 0-0j 0-0j 0-0j 0-0j 0-0j 0-0j 
0-0j 0-0j -0.0132308-0j 0-0j 0-0j 0-0j 0-0j 0.0627742-0j 0.0377599-0j 0.0191608-0j 0-0j 0.0413639-0j 0.020696-0j -0.0100015-0j 0-0j 0-0j 0-0j 0.469973-0j 0.0285883-0j 0-0j 0.10587-0j -0.239778-0j 0-0j -0.245316-0j 0.0160311-0j -0.00623706-0j 0-0j 0-0j 0-0j 0-0j 0-0j 0-0j 0-0j 0-0j 0-0j 0-0j 0-0j 0-0j 0-0j 0-0j 0-0j -0.0776286-0j -0.00341618-0j 0-0j 0-0j 0-0j 0-0j 0-0j 0-0j 0-0j 0-0j 0-0j 0-0j 0-0j -0.114253-0j 0-0j 0-0j 0-0j 0-0j 0-0j -0.111721-0j 0-0j 0-0j 0-0j 0-0j 0.003447-0j 0-0j 0-0j 0.0344318-0j 0-0j 0-0j 0-0j 0-0j 0-0j 0-0j 0.0203634-0j 0-0j -0.103428-0j 0-0j 0-0j -0.025576-0j 0.0436403-0j 0.0128137-0j 0-0j 0-0j 0-0j 0-0j 0-0j 0-0j 0-0j 0.0170839-0j 0-0j 0-0j 0-0j 0-0j 0.00071408-0j 0.00583557-0j 0-0j 0-0j 0-0j 0-0j 0-0j 0-0j 0-0j 0-0j 0-0j 0-0j 0-0j 0-0j 0-0j 0-0j 0-0j 0-0j 0-0j 0-0j 0-0j 0-0j 0-0j 0-0j -6.21226e-05-0j 0-0j 0-0j 0-0j 0-0j 0-0j 0-0j 0-0j 0-0j 0-0j 0-0j 0-0j 
0-0j 0-0j -0.0102485-0j 0-0j 0-0j 0-0j 0-0j 0.0766898-0j -0.00683236-0j 0.0374309-0j 0-0j 0.0885537-0j 0.04043-0j -0.00774716-0j 0-0j 0-0j 0-0j 0.0285883-0j 0.343829-0j 0-0j -0.00512427-0j -0.0324901-0j 0-0j -0.00591699-0j -0.370532-0j -0.00483121-0j 0-0j 0-0j 0-0j 0-0j 0-0j 0-0j 0-0j 0-0j 0-0j 0-0j 0-0j 0-0j 0-0j 0-0j 0-0j 0.020215-0j 0.0313085-0j 0-0j 0-0j 0-0j 0-0j 0-0j 0-0j 0-0j 0-0j 0-0j 0-0j 0-0j 0.0233423-0j 0-0j 0-0j 0-0j 0-0j 0-0j -0.0265281-0j 0-0j 0-0j 0-0j 0-0j -0.000623706-0j 0-0j 0-0j -0.0027893-0j 0-0j 0-0j 0-0j 0-0j 0-0j 0-0j -0.117889-0j 0-0j -0.083377-0j 0-0j 0-0j 0.0116711-0j -0.00227745-0j -0.00132308-0j 0-0j 0-0j 0-0j 0-0j 0-0j 0-0j 0-0j -0.0589565-0j 0-0j 0-0j 0-0j 0-0j 0.00139497-0j -0.00593186-0j 0-0j 0-0j 0-0j 0-0j 0-0j 0-0j 0-0j 0-0j 0-0j 0-0j 0-0j 0-0j 0-0j 0-0j 0-0j 0-0j 0-0j 0-0j 0-0j 0-0j 0-0j 0-0j -4.812e-05-0j 0-0j 0-0j 0-0j 0-0j 0-0j 0-0j 0-0j 0-0j 0-0j 0-0j 0-0j 
0.0159753-0j -0.00354258-0j 0-0j -0.0630218-0j 0.0115828-0j 0.0143205-0j -0.0184552-0j 0-0j 0-0j 0-0j -0.0499441-0j 0-0j 0-0j 0-0j -0.0216329-0j 0.00798764-0j 0.0506452-0j 0-0j 0-0j 0.0519301-0j 0-0j 0-0j 0.0772211-0j 0-0j 0-0j 0-0j 0-0j 0-0j 0-0j 0-0j 0-0j 0-0j 0-0j 0-0j 0-0j 0-0j 0-0j 0-0j 0-0j 0-0j -0.408459-0j 0-0j 0-0j 0-0j -0.0176614-0j 0-0j 0-0j 0-0j 0-0j 0.101882-0j 0-0j 0-0j 0-0j 0-0j 0-0j 0-0j 0-0j 0.347913-0j 0-0j 0-0j 0-0j 0-0j 0-0j 0-0j 0.183764-0j 0-0j 0-0j 0-0j 0-0j 0-0j 0-0j 0-0j -0.0791828-0j 0-0j 0-0j 0-0j 0-0j 0-0j 0-0j -0.225213-0j 0-0j 0-0j 0-0j 0-0j 0.0513528-0j 0-0j 0.0359256-0j 0-0j 0-0j 0-0j 0-0j 0-0j -0.00194861-0j 0-0j 0-0j 0-0j 0-0j 0-0j 0-0j 0-0j 0-0j 0-0j 0-0j 0-0j 0-0j 0-0j 0-0j 0-0j 0-0j 0-0j 0-0j 0-0j 0-0j 0-0j 0-0j 0-0j 0-0j 0-0j 0-0j 0-0j 0-0j 0-0j 0-0j 0-0j 0-0j 0-0j 0-0j 0-0j 0-0j 0-0j 0-0j 
0-0j 0-0j 0.0023768-0j 0-0j 0-0j 0-0j 0-0j 0.115975-0j -0.00763881-0j -0.00866159-0j 0-0j 0.00173577-0j 0.00194065-0j 0.012255-0j 0-0j 0-0j 0-0j 0.10587-0j -0.00512427-0j 0-0j 0.13257-0j -0.0190186-0j 0-0j -0.149792-0j 0.0102532-0j 0.0141642-0j 0-0j 0-0j 0-0j 0-0j 0-0j 0-0j 0-0j 0-0j 0-0j 0-0j 0-0j 0-0j 0-0j 0-0j 0-0j -0.196309-0j 0.0113302-0j 0-0j 0-0j 0-0j 0-0j 0-0j 0-0j 0-0j 0-0j 0-0j 0-0j 0-0j 0.00112043-0j 0-0j 0-0j 0-0j 0-0j 0-0j 0.00661844-0j 0-0j 0-0j 0-0j 0-0j 0.00435451-0j 0-0j 0-0j 0.00817771-0j 0-0j 0-0j 0-0j 0-0j 0-0j 0-0j 0.000343061-0j 0-0j -0.00270073-0j 0-0j 0-0j 0.010343-0j -0.00254627-0j -0.119246-0j 0-0j 0-0j 0-0j 0-0j 0-0j 0-0j 0-0j 0.0050078-0j 0-0j 0-0j 0-0j 0-0j 0.0024055-0j 0.0052688-0j 0-0j 0-0j 0-0j 0-0j 0-0j 0-0j 0-0j 0-0j 0-0j 0-0j 0-0j 0-0j 0-0j 0-0j 0-0j 0-0j 0-0j 0-0j 0-0j 0-0j 0-0j 0-0j 0.000530836-0j 0-0j 0-0j 0-0j 0-0j 0-0j 0-0j 0-0j 0-0j 0-0j 0-0j 0-0j 
0-0j 0-0j -0.0023768-0j 0-0j 0-0j 0-0j 0-0j -0.054364-0j 0.00763881-0j -0.0418491-0j 0-0j -0.00173577-0j 0.00937636-0j -0.012255-0j 0-0j 0-0j 0-0j 0.239778-0j 0.0324901-0j 0-0j 0.0190186-0j 0.0565258-0j 0-0j 0.0702159-0j 0.0495392-0j -0.0141642-0j 0-0j 0-0j 0-0j 0-0j 0-0j 0-0j 0-0j 0-0j 0-0j 0-0j 0-0j 0-0j 0-0j 0-0j 0-0j -0.444606-0j -0.0113302-0j 0-0j 0-0j 0-0j 0-0j 0-0j 0-0j 0-0j 0-0j 0-0j 0-0j 0-0j 0.00541344-0j 0-0j 0-0j 0-0j 0-0j 0-0j -0.0419639-0j 0-0j 0-0j 0-0j 0-0j -0.00435451-0j 0-0j 0-0j -0.00817771-0j 0-0j 0-0j 0-0j 0-0j 0-0j 0-0j -0.0273403-0j 0-0j 0.0932184-0j 0-0j 0-0j 0.0499731-0j 0.00254627-0j 0.0558974-0j 0-0j 0-0j 0-0j 0-0j 0-0j 0-0j 0-0j -0.172849-0j 0-0j 0-0j 0-0j 0-0j 0.0116223-0j -0.0334066-0j 0-0j 0-0j 0-0j 0-0j 0-0j 0-0j 0-0j 0-0j 0-0j 0-0j 0-0j 0-0j 0-0j 0-0j 0-0j 0-0j 0-0j 0-0j 0-0j 0-0j 0-0j 0-0j -0.000530836-0j 0-0j 0-0j 0-0j 0-0j 0-0j 0-0j 0-0j 0-0j 0-0j 0-0j 0-0j 
0.0195657-0j -0.0295941-0j 0-0j -0.0306052-0j 0.169562-0j 0.0474351-0j -0.0146005-0j 0-0j 0-0j 0-0j 0.0142887-0j 0-0j 0-0j 0-0j 0.025287-0j -0.15656-0j 0.354582-0j 0-0j 0-0j 0.0772211-0j 0-0j 0-0j -0.181723-0j 0-0j 0-0j 0-0j 0-0j 0-0j 0-0j 0-0j 0-0j 0-0j 0-0j 0-0j 0-0j 0-0j 0-0j 0-0j 0-0j 0-0j -0.0442235-0j 0-0j 0-0j 0-0j -0.374358-0j 0-0j 0-0j 0-0j 0-0j -0.00842962-0j 0-0j 0-0j 0-0j 0-0j 0-0j 0-0j 0-0j -0.0176699-0j 0-0j 0-0j 0-0j 0-0j 0-0j 0-0j -0.0301133-0j 0-0j 0-0j 0-0j 0-0j 0-0j 0-0j 0-0j -0.170488-0j 0-0j 0-0j 0-0j 0-0j 0-0j 0-0j 0.0399923-0j 0-0j 0-0j 0-0j 0-0j 0.0527437-0j 0-0j -0.0845074-0j 0-0j 0-0j 0-0j 0-0j 0-0j 0.0174518-0j 0-0j 0-0j 0-0j 0-0j 0-0j 0-0j 0-0j 0-0j 0-0j 0-0j 0-0j 0-0j 0-0j 0-0j 0-0j 0-0j 0-0j 0-0j 0-0j 0-0j 0-0j 0-0j 0-0j 0-0j 0-0j 0-0j 0-0j 0-0j 0-0j 0-0j 0-0j 0-0j 0-0j 0-0j 0-0j 0-0j 0-0j 0-0j 
0-0j 0-0j -0.0187198-0j 0-0j 0-0j 0-0j 0-0j -0.0627742-0j -0.0377599-0j 0.0100015-0j 0-0j 0.0585243-0j -0.0152846-0j -0.00914085-0j 0-0j 0-0j 0-0j 0.245316-0j 0.00591699-0j 0-0j 0.149792-0j 0.0702159-0j 0-0j -0.224206-0j -0.00764779-0j 0.0156098-0j 0-0j 0-0j 0-0j 0-0j 0-0j 0-0j 0-0j 0-0j 0-0j 0-0j 0-0j 0-0j 0-0j 0-0j 0-0j -0.101413-0j 0.0301828-0j 0-0j 0-0j 0-0j 0-0j 0-0j 0-0j 0-0j 0-0j 0-0j 0-0j 0-0j 0.0843792-0j 0-0j 0-0j 0-0j 0-0j 0-0j 0.0211333-0j 0-0j 0-0j 0-0j 0-0j -0.104263-0j 0-0j 0-0j -0.0861745-0j 0-0j 0-0j 0-0j 0-0j 0-0j 0-0j -0.00270197-0j 0-0j -0.0133502-0j 0-0j 0-0j -0.117952-0j -0.0436403-0j -0.231717-0j 0-0j 0-0j 0-0j 0-0j 0-0j 0-0j 0-0j 0.00551892-0j 0-0j 0-0j 0-0j 0-0j 0.0168951-0j 0.0218413-0j 0-0j 0-0j 0-0j 0-0j 0-0j 0-0j 0-0j 0-0j 0-0j 0-0j 0-0j 0-0j 0-0j 0-0j 0-0j 0-0j 0-0j 0-0j 0-0j 0-0j 0-0j 0-0j 0.00523286-0j 0-0j 0-0j 0-0j 0-0j 0-0j 0-0j 0-0j 0-0j 0-0j 0-0j 0-0j 
0-0j 0-0j -0.0205065-0j 0-0j 0-0j 0-0j 0-0j -0.108456-0j 0.00966241-0j -0.0209896-0j 0-0j 0.177189-0j 0.0320769-0j -0.0100133-0j 0-0j 0-0j 0-0j -0.0160311-0j 0.370532-0j 0-0j -0.0102532-0j 0.0495392-0j 0-0j -0.00764779-0j -0.189897-0j 0.0170997-0j 0-0j 0-0j 0-0j 0-0j 0-0j 0-0j 0-0j 0-0j 0-0j 0-0j 0-0j 0-0j 0-0j 0-0j 0-0j -0.0283705-0j -0.391197-0j 0-0j 0-0j 0-0j 0-0j 0-0j 0-0j 0-0j 0-0j 0-0j 0-0j 0-0j 0.0185196-0j 0-0j 0-0j 0-0j 0-0j 0-0j 0.0261282-0j 0-0j 0-0j 0-0j 0-0j 0.02668-0j 0-0j 0-0j 0.00987254-0j 0-0j 0-0j 0-0j 0-0j 0-0j 0-0j 0.0315613-0j 0-0j -0.0264663-0j 0-0j 0-0j -0.0578236-0j 0.0032208-0j 0.0338364-0j 0-0j 0-0j 0-0j 0-0j 0-0j 0-0j 0-0j -0.0468379-0j 0-0j 0-0j 0-0j 0-0j -0.0354567-0j -0.1156-0j 0-0j 0-0j 0-0j 0-0j 0-0j 0-0j 0-0j 0-0j 0-0j 0-0j 0-0j 0-0j 0-0j 0-0j 0-0j 0-0j 0-0j 0-0j 0-0j 0-0j 0-0j 0-0j 0.00573231-0j 0-0j 0-0j 0-0j 0-0j 0-0j 0-0j 0-0j 0-0j 0-0j 0-0j 0-0j 
0-0j 0-0j -0.0283284-0j 0-0j 0-0j 0-0j 0-0j 0.00683236-0j -0.126697-0j 0.00816623-0j 0-0j -0.0206881-0j 0.406904-0j 0.0204381-0j 0-0j 0-0j 0-0j 0.00623706-0j 0.00483121-0j 0-0j -0.0141642-0j -0.0141642-0j 0-0j 0.0156098-0j 0.0170997-0j -0.520805-0j 0-0j 0-0j 0-0j 0-0j 0-0j 0-0j 0-0j 0-0j 0-0j 0-0j 0-0j 0-0j 0-0j 0-0j 0-0j 0.0256384-0j -0.0090719-0j 0-0j 0-0j 0-0j 0-0j 0-0j 0-0j 0-0j 0-0j 0-0j 0-0j 0-0j -0.0133541-0j 0-0j 0-0j 0-0j 0-0j 0-0j 0.0110378-0j 0-0j 0-0j 0-0j 0-0j -0.0662441-0j 0-0j 0-0j 0.0170922-0j 0-0j 0-0j 0-0j 0-0j 0-0j 0-0j -0.00408885-0j 0-0j 0.00254627-0j 0-0j 0-0j -0.00828147-0j 0.00240065-0j -0.0491701-0j 0-0j 0-0j 0-0j 0-0j 0-0j 0-0j 0-0j 0.0104668-0j 0-0j 0-0j 0-0j 0-0j -0.06401-0j -0.0347685-0j 0-0j 0-0j 0-0j 0-0j 0-0j 0-0j 0-0j 0-0j 0-0j 0-0j 0-0j 0-0j 0-0j 0-0j 0-0j 0-0j 0-0j 0-0j 0-0j 0-0j 0-0j 0-0j -0.030631-0j 0-0j 0-0j 0-0j 0-0j 0-0j 0-0j 0-0j 0-0j 0-0j 0-0j 0-0j 
0-0j 0-0j 0-0j 0-0j 0-0j 0-0j 0-0j 0-0j 0-0j 0-0j 0-0j 0-0j 0-0j 0-0j 0-0j 0-0j 0-0j 0-0j 0-0j 0-0j 0-0j 0-0j 0-0j 0-0j 0-0j 0-0j 0.834918-0j 0.0067633-0j 0.00774834-0j -0.0519898-0j -0.128513-0j 0.00828332-0j 0.00774834-0j 0-0j 0-0j 0-0j 0-0j 0-0j 0-0j 0-0j 0-0j 0-0j 0-0j 0.00438312-0j 0-0j 0.00565859-0j -0.078698-0j -0.04746-0j 0.00490048-0j 0-0j 0.00565859-0j -0.111296-0j 0.00478238-0j 0-0j 0-0j 0-0j 0-0j 0-0j 0-0j 0-0j 0-0j 0-0j 0-0j 0-0j 0-0j 0-0j -0.0620006-0j -0.0290632-0j 0-0j -0.027401-0j 0.00400122-0j -0.0454363-0j 0-0j -0.027401-0j 0-0j 0-0j 0-0j 0-0j -0.0620006-0j 0-0j 0-0j 0-0j 0-0j 0-0j 0-0j 0-0j 0-0j 0-0j 0-0j 0-0j 0-0j 0.0036526-0j 0-0j 0.00243507-0j 0.00258278-0j 0-0j 0-0j 0-0j 0-0j 0.00258278-0j 0-0j -0.0167796-0j 0.00258278-0j 0-0j -0.0167796-0j 0.0012653-0j 0-0j -0.00433249-0j 0-0j 0-0j 0-0j 0-0j 0.00149117-0j 0-0j 0.00115505-0j 0-0j 0.00111838-0j 0.000408373-0j 0.000252053-0j 0-0j 0-0j 0-0j 0.000500153-0j 0-0j 0-0j 0.000109142-0j 0-0j 0.00091315-0j 0-0j 1.627e-05-0j 0-0j 
0-0j 0-0j 0-0j 0-0j 0-0j 0-0j 0-0j 0-0j 0-0j 0-0j 0-0j 0-0j 0-0j 0-0j 0-0j 0-0j 0-0j 0-0j 0-0j 0-0j 0-0j 0-0j 0-0j 0-0j 0-0j 0-0j 0.0067633-0j 0.779687-0j 0.00828332-0j 0.00740883-0j -0.0334322-0j -0.223064-0j 0.00828332-0j 0-0j 0-0j 0-0j 0-0j 0-0j 0-0j 0-0j 0-0j 0-0j 0-0j 0.00468575-0j 0-0j -0.0258965-0j 0.00478238-0j -0.0289531-0j 0.00523883-0j 0-0j -0.0258965-0j 0.0067633-0j -0.128786-0j 0-0j 0-0j 0-0j 0-0j 0-0j 0-0j 0-0j 0-0j 0-0j 0-0j 0-0j 0-0j 0-0j 0.00414166-0j 0.00414166-0j 0-0j -0.0167161-0j 0.00427749-0j 0.00276111-0j 0-0j -0.037337-0j 0-0j 0-0j 0-0j 0-0j 0.00414166-0j 0-0j 0-0j 0-0j 0-0j 0-0j 0-0j 0-0j 0-0j 0-0j 0-0j 0-0j 0-0j -0.037337-0j 0-0j -0.0386386-0j -0.0118201-0j 0-0j 0-0j 0-0j 0-0j -0.0118201-0j 0-0j 0.00239119-0j -0.0264012-0j 0-0j 0.00239119-0j 0.00135266-0j 0-0j 0.000617402-0j 0-0j 0-0j 0-0j 0-0j -0.0152428-0j 0-0j -0.00528609-0j 0-0j 0.00119559-0j 0.000436569-0j -0.00115352-0j 0-0j 0-0j 0-0j 0.000534686-0j 0-0j 0-0j 0.000116678-0j 0-0j 0.000976199-0j 0-0j 1.73933e-05-0j 0-0j 
0-0j 0-0j 0-0j 0-0j 0-0j 0-0j 0-0j 0-0j 0-0j 0-0j 0-0j 0-0j 0-0j 0-0j 0-0j 0-0j 0-0j 0-0j 0-0j 0-0j 0-0j 0-0j 0-0j 0-0j 0-0j 0-0j 0.00774834-0j 0.00828332-0j 0.638859-0j 0.00848788-0j 0.00894701-0j -0.0194355-0j -0.333471-0j 0-0j 0-0j 0-0j 0-0j 0-0j 0-0j 0-0j 0-0j 0-0j 0-0j 0.00536821-0j 0-0j -0.013277-0j -0.0264717-0j -0.0148441-0j -0.0289983-0j 0-0j 0.00693032-0j -0.0148441-0j 0.00585719-0j 0-0j 0-0j 0-0j 0-0j 0-0j 0-0j 0-0j 0-0j 0-0j 0-0j 0-0j 0-0j 0-0j 0.00474487-0j -0.0229251-0j 0-0j 0.00447351-0j -0.00938825-0j 0.00316325-0j 0-0j 0.00447351-0j 0-0j 0-0j 0-0j 0-0j -0.00909014-0j 0-0j 0-0j 0-0j 0-0j 0-0j 0-0j 0-0j 0-0j 0-0j 0-0j 0-0j 0-0j -0.00857026-0j 0-0j 0.00298234-0j -0.0245068-0j 0-0j 0-0j 0-0j 0-0j -0.0152834-0j 0-0j -0.00524819-0j -0.0152834-0j 0-0j -0.0212235-0j 0.00154967-0j 0-0j 0.000707323-0j 0-0j 0-0j 0-0j 0-0j 0.0018263-0j 0-0j -0.00271016-0j 0-0j -0.0146056-0j -0.00241652-0j 0.000308701-0j 0-0j 0-0j 0-0j -0.0083179-0j 0-0j 0-0j -0.000256086-0j 0-0j -0.00866445-0j 0-0j 1.99266e-05-0j 0-0j 
0-0j 0-0j 0-0j 0-0j 0-0j 0-0j 0-0j 0-0j 0-0j 0-0j 0-0j 0-0j 0-0j 0-0j 0-0j 0-0j 0-0j 0-0j 0-0j 0-0j 0-0j 0-0j 0-0j 0-0j 0-0j 0-0j 0.0519898-0j -0.00740883-0j -0.00848788-0j 0.139775-0j 0.00165996-0j 0.00188222-0j 0.0120092-0j 0-0j 0-0j 0-0j 0-0j 0-0j 0-0j 0-0j 0-0j 0-0j 0-0j 0.11842-0j 0-0j 0.0733406-0j -0.00490048-0j -0.0107843-0j -0.013175-0j 0-0j -0.103767-0j 0.00980546-0j 0.0137378-0j 0-0j 0-0j 0-0j 0-0j 0-0j 0-0j 0-0j 0-0j 0-0j 0-0j 0-0j 0-0j 0-0j -0.096095-0j -0.0450452-0j 0-0j -0.0787117-0j -0.135991-0j 0.0108354-0j 0-0j 0.0300163-0j 0-0j 0-0j 0-0j 0-0j 0.0679182-0j 0-0j 0-0j 0-0j 0-0j 0-0j 0-0j 0-0j 0-0j 0-0j 0-0j 0-0j 0-0j 0.00566119-0j 0-0j 0.000553321-0j 0.000586885-0j 0-0j 0-0j 0-0j 0-0j 0.00741924-0j 0-0j -0.0703949-0j -0.00282929-0j 0-0j 0.0183812-0j -0.0826066-0j 0-0j -0.0296368-0j 0-0j 0-0j 0-0j 0-0j 0.00625583-0j 0-0j 0.00637351-0j 0-0j 0.00173338-0j 0.00279352-0j 0.00205758-0j 0-0j 0-0j 0-0j -0.00054789-0j 0-0j 0-0j 0.00103532-0j 0-0j 0.0038309-0j 0-0j 0.000197376-0j 0-0j 
0-0j 0-0j 0-0j 0-0j 0-0j 0-0j 0-0j 0-0j 0-0j 0-0j 0-0j 0-0j 0-0j 0-0j 0-0j 0-0j 0-0j 0-0j 0-0j 0-0j 0-0j 0-0j 0-0j 0-0j 0-0j 0-0j 0.128513-0j 0.0334322-0j -0.00894701-0j 0.00165996-0j 0.131774-0j 0.00198403-0j 0.0126588-0j 0-0j 0-0j 0-0j 0-0j 0-0j 0-0j 0-0j 0-0j 0-0j 0-0j -0.00506119-0j 0-0j 0.0279714-0j 0.0908727-0j -0.006487-0j 0.00117377-0j 0-0j -0.0395757-0j -0.181829-0j 0.0144809-0j 0-0j 0-0j 0-0j 0-0j 0-0j 0-0j 0-0j 0-0j 0-0j 0-0j 0-0j 0-0j 0-0j 0.0063294-0j 0.0063294-0j 0-0j -0.0473467-0j 0.0121156-0j -0.200928-0j 0-0j 0.0403285-0j 0-0j 0-0j 0-0j 0-0j -0.00447351-0j 0-0j 0-0j 0-0j 0-0j 0-0j 0-0j 0-0j 0-0j 0-0j 0-0j 0-0j 0-0j -0.0570594-0j 0-0j -0.00865704-0j -0.00264831-0j 0-0j 0-0j 0-0j 0-0j -0.0334792-0j 0-0j 0.00989134-0j 0.0285166-0j 0-0j -0.00258278-0j 0.00735949-0j 0-0j 0.00416433-0j 0-0j 0-0j 0-0j 0-0j -0.0630528-0j 0-0j -0.0287603-0j 0-0j 0.00182714-0j 0.00294463-0j -0.0092848-0j 0-0j 0-0j 0-0j -0.000577527-0j 0-0j 0-0j 0.00109132-0j 0-0j 0.00403812-0j 0-0j 0.000208053-0j 0-0j 
0-0j 0-0j 0-0j 0-0j 0-0j 0-0j 0-0j 0-0j 0-0j 0-0j 0-0j 0-0j 0-0j 0-0j 0-0j 0-0j 0-0j 0-0j 0-0j 0-0j 0-0j 0-0j 0-0j 0-0j 0-0j 0-0j -0.00828332-0j 0.223064-0j 0.0194355-0j 0.00188222-0j 0.00198403-0j 0.108567-0j 0.0143537-0j 0-0j 0-0j 0-0j 0-0j 0-0j 0-0j 0-0j 0-0j 0-0j 0-0j -0.00573885-0j 0-0j 0.0141937-0j 0.0282994-0j -0.00329174-0j -0.00643048-0j 0-0j 0.0104825-0j -0.0224525-0j -0.413615-0j 0-0j 0-0j 0-0j 0-0j 0-0j 0-0j 0-0j 0-0j 0-0j 0-0j 0-0j 0-0j 0-0j 0.00717686-0j -0.0346755-0j 0-0j 0.0125408-0j -0.0263186-0j 0.0129508-0j 0-0j -0.00478238-0j 0-0j 0-0j 0-0j 0-0j 0.00971777-0j 0-0j 0-0j 0-0j 0-0j 0-0j 0-0j 0-0j 0-0j 0-0j 0-0j 0-0j 0-0j -0.012963-0j 0-0j 0.000661345-0j -0.00543447-0j 0-0j 0-0j 0-0j 0-0j -0.0428448-0j 0-0j -0.0214869-0j 0.0163387-0j 0-0j 0.0226889-0j 0.00834488-0j 0-0j 0.00472191-0j 0-0j 0-0j 0-0j 0-0j 0.00747715-0j 0-0j -0.014594-0j 0-0j -0.0220917-0j -0.0161321-0j 0.00245928-0j 0-0j 0-0j 0-0j 0.00889221-0j 0-0j 0-0j -0.00237067-0j 0-0j -0.0354736-0j 0-0j 0.00023591-0j 0-0j 
0-0j 0-0j 0-0j 0-0j 0-0j 0-0j 0-0j 0-0j 0-0j 0-0j 0-0j 0-0j 0-0j 0-0j 0-0j 0-0j 0-0j 0-0j 0-0j 0-0j 0-0j 0-0j 0-0j 0-0j 0-0j 0-0j -0.00774834-0j -0.00828332-0j 0.333471-0j 0.0120092-0j 0.0126588-0j 0.0143537-0j -0.304774-0j 0-0j 0-0j 0-0j 0-0j 0-0j 0-0j 0-0j 0-0j 0-0j 0-0j -0.00536821-0j 0-0j -0.00693032-0j -0.0054789-0j 0.0109628-0j 0.00849178-0j 0-0j 0.00633393-0j 0.00708155-0j -0.0146591-0j 0-0j 0-0j 0-0j 0-0j 0-0j 0-0j 0-0j 0-0j 0-0j 0-0j 0-0j 0-0j 0-0j 0.00433655-0j 0.00433655-0j 0-0j -0.0111961-0j -0.0122647-0j -0.027948-0j 0-0j -0.00447351-0j 0-0j 0-0j 0-0j 0-0j -0.00474487-0j 0-0j 0-0j 0-0j 0-0j 0-0j 0-0j 0-0j 0-0j 0-0j 0-0j 0-0j 0-0j 0.00408853-0j 0-0j 0.0042196-0j 0.00447556-0j 0-0j 0-0j 0-0j 0-0j -0.00791684-0j 0-0j -0.0242037-0j -0.00316325-0j 0-0j -0.00273945-0j -0.0280234-0j 0-0j -0.0213948-0j 0-0j 0-0j 0-0j 0-0j -0.0161358-0j 0-0j -0.0255818-0j 0-0j 0.00125185-0j -0.0151284-0j -0.0139926-0j 0-0j 0-0j 0-0j -0.00061256-0j 0-0j 0-0j -0.00846448-0j 0-0j -0.00988113-0j 0-0j -0.0021533-0j 0-0j 
0-0j 0-0j 0-0j 0-0j 0-0j 0-0j 0-0j 0-0j 0-0j 0-0j 0-0j 0-0j 0-0j 0-0j 0-0j 0-0j 0-0j 0-0j 0-0j 0-0j 0-0j 0-0j 0-0j 0-0j 0-0j 0-0j 0-0j 0-0j 0-0j 0-0j 0-0j 0-0j 0-0j 0.834918-0j 0.0067633-0j 0.00774834-0j -0.0519898-0j -0.128513-0j 0.00828332-0j 0.00774834-0j 0-0j 0-0j 0-0j 0-0j 0-0j 0-0j 0-0j 0-0j 0-0j 0-0j 0-0j 0-0j 0-0j 0.00438312-0j 0-0j 0.00565859-0j -0.078698-0j 0-0j -0.04746-0j 0.00490048-0j 0-0j 0.00565859-0j -0.111296-0j 0.00478238-0j 0-0j 0-0j 0-0j 0-0j 0-0j 0-0j 0-0j 0-0j 0-0j 0-0j -0.027401-0j 0-0j -0.0620006-0j 0-0j 0-0j 0-0j 0-0j 0-0j 0-0j -0.0620006-0j 0-0j -0.0290632-0j 0-0j -0.027401-0j 0.00400122-0j -0.0454363-0j 0-0j 0-0j 0-0j 0-0j 0-0j 0-0j 0-0j 0.00258278-0j -0.0167796-0j 0-0j 0.00243507-0j 0-0j 0-0j 0.00258278-0j 0-0j 0-0j 0.0036526-0j 0-0j 0.00258278-0j -0.0167796-0j 0.0012653-0j -0.00433249-0j 0-0j 0.000500153-0j 0-0j 0.00111838-0j 0-0j 0-0j 0-0j 0-0j 0.00149117-0j 0.00115505-0j 0-0j 0.000408373-0j 0.000252053-0j 0-0j 0.00091315-0j 0-0j 0.000109142-0j 0-0j 1.627e-05-0j 
0-0j 0-0j 0-0j 0-0j 0-0j 0-0j 0-0j 0-0j 0-0j 0-0j 0-0j 0-0j 0-0j 0-0j 0-0j 0-0j 0-0j 0-0j 0-0j 0-0j 0-0j 0-0j 0-0j 0-0j 0-0j 0-0j 0-0j 0-0j 0-0j 0-0j 0-0j 0-0j 0-0j 0.0067633-0j 0.779687-0j 0.00828332-0j 0.00740883-0j -0.0334322-0j -0.223064-0j 0.00828332-0j 0-0j 0-0j 0-0j 0-0j 0-0j 0-0j 0-0j 0-0j 0-0j 0-0j 0-0j 0-0j 0-0j 0.00468575-0j 0-0j -0.0258965-0j 0.00478238-0j 0-0j -0.0289531-0j 0.00523883-0j 0-0j -0.0258965-0j 0.0067633-0j -0.128786-0j 0-0j 0-0j 0-0j 0-0j 0-0j 0-0j 0-0j 0-0j 0-0j 0-0j -0.037337-0j 0-0j 0.00414166-0j 0-0j 0-0j 0-0j 0-0j 0-0j 0-0j 0.00414166-0j 0-0j 0.00414166-0j 0-0j -0.0167161-0j 0.00427749-0j 0.00276111-0j 0-0j 0-0j 0-0j 0-0j 0-0j 0-0j 0-0j -0.0264012-0j 0.00239119-0j 0-0j -0.0386386-0j 0-0j 0-0j -0.0118201-0j 0-0j 0-0j -0.037337-0j 0-0j -0.0118201-0j 0.00239119-0j 0.00135266-0j 0.000617402-0j 0-0j 0.000534686-0j 0-0j 0.00119559-0j 0-0j 0-0j 0-0j 0-0j -0.0152428-0j -0.00528609-0j 0-0j 0.000436569-0j -0.00115352-0j 0-0j 0.000976199-0j 0-0j 0.000116678-0j 0-0j 1.73933e-05-0j 
0-0j 0-0j 0-0j 0-0j 0-0j 0-0j 0-0j 0-0j 0-0j 0-0j 0-0j 0-0j 0-0j 0-0j 0-0j 0-0j 0-0j 0-0j 0-0j 0-0j 0-0j 0-0j 0-0j 0-0j 0-0j 0-0j 0-0j 0-0j 0-0j 0-0j 0-0j 0-0j 0-0j 0.00774834-0j 0.00828332-0j 0.638859-0j 0.00848788-0j 0.00894701-0j -0.0194355-0j -0.333471-0j 0-0j 0-0j 0-0j 0-0j 0-0j 0-0j 0-0j 0-0j 0-0j 0-0j 0-0j 0-0j 0-0j 0.00536821-0j 0-0j -0.013277-0j -0.0264717-0j 0-0j -0.0148441-0j -0.0289983-0j 0-0j 0.00693032-0j -0.0148441-0j 0.00585719-0j 0-0j 0-0j 0-0j 0-0j 0-0j 0-0j 0-0j 0-0j 0-0j 0-0j 0.00447351-0j 0-0j -0.00909014-0j 0-0j 0-0j 0-0j 0-0j 0-0j 0-0j 0.00474487-0j 0-0j -0.0229251-0j 0-0j 0.00447351-0j -0.00938825-0j 0.00316325-0j 0-0j 0-0j 0-0j 0-0j 0-0j 0-0j 0-0j -0.0152834-0j -0.0212235-0j 0-0j 0.00298234-0j 0-0j 0-0j -0.0245068-0j 0-0j 0-0j -0.00857026-0j 0-0j -0.0152834-0j -0.00524819-0j 0.00154967-0j 0.000707323-0j 0-0j -0.0083179-0j 0-0j -0.0146056-0j 0-0j 0-0j 0-0j 0-0j 0.0018263-0j -0.00271016-0j 0-0j -0.00241652-0j 0.000308701-0j 0-0j -0.00866445-0j 0-0j -0.000256086-0j 0-0j 1.99266e-05-0j 
0-0j 0-0j 0-0j 0-0j 0-0j 0-0j 0-0j 0-0j 0-0j 0-0j 0-0j 0-0j 0-0j 0-0j 0-0j 0-0j 0-0j 0-0j 0-0j 0-0j 0-0j 0-0j 0-0j 0-0j 0-0j 0-0j 0-0j 0-0j 0-0j 0-0j 0-0j 0-0j 0-0j 0.0519898-0j -0.00740883-0j -0.00848788-0j 0.139775-0j 0.00165996-0j 0.00188222-0j 0.0120092-0j 0-0j 0-0j 0-0j 0-0j 0-0j 0-0j 0-0j 0-0j 0-0j 0-0j 0-0j 0-0j 0-0j 0.11842-0j 0-0j 0.0733406-0j -0.00490048-0j 0-0j -0.0107843-0j -0.013175-0j 0-0j -0.103767-0j 0.00980546-0j 0.0137378-0j 0-0j 0-0j 0-0j 0-0j 0-0j 0-0j 0-0j 0-0j 0-0j 0-0j 0.0300163-0j 0-0j 0.0679182-0j 0-0j 0-0j 0-0j 0-0j 0-0j 0-0j -0.096095-0j 0-0j -0.0450452-0j 0-0j -0.0787117-0j -0.135991-0j 0.0108354-0j 0-0j 0-0j 0-0j 0-0j 0-0j 0-0j 0-0j -0.00282929-0j 0.0183812-0j 0-0j 0.000553321-0j 0-0j 0-0j 0.000586885-0j 0-0j 0-0j 0.00566119-0j 0-0j 0.00741924-0j -0.0703949-0j -0.0826066-0j -0.0296368-0j 0-0j -0.00054789-0j 0-0j 0.00173338-0j 0-0j 0-0j 0-0j 0-0j 0.00625583-0j 0.00637351-0j 0-0j 0.00279352-0j 0.00205758-0j 0-0j 0.0038309-0j 0-0j 0.00103532-0j 0-0j 0.000197376-0j 
0-0j 0-0j 0-0j 0-0j 0-0j 0-0j 0-0j 0-0j 0-0j 0-0j 0-0j 0-0j 0-0j 0-0j 0-0j 0-0j 0-0j 0-0j 0-0j 0-0j 0-0j 0-0j 0-0j 0-0j 0-0j 0-0j 0-0j 0-0j 0-0j 0-0j 0-0j 0-0j 0-0j 0.128513-0j 0.0334322-0j -0.00894701-0j 0.00165996-0j 0.131774-0j 0.00198403-0j 0.0126588-0j 0-0j 0-0j 0-0j 0-0j 0-0j 0-0j 0-0j 0-0j 0-0j 0-0j 0-0j 0-0j 0-0j -0.00506119-0j 0-0j 0.0279714-0j 0.0908727-0j 0-0j -0.006487-0j 0.00117377-0j 0-0j -0.0395757-0j -0.181829-0j 0.0144809-0j 0-0j 0-0j 0-0j 0-0j 0-0j 0-0j 0-0j 0-0j 0-0j 0-0j 0.0403285-0j 0-0j -0.00447351-0j 0-0j 0-0j 0-0j 0-0j 0-0j 0-0j 0.0063294-0j 0-0j 0.0063294-0j 0-0j -0.0473467-0j 0.0121156-0j -0.200928-0j 0-0j 0-0j 0-0j 0-0j 0-0j 0-0j 0-0j 0.0285166-0j -0.00258278-0j 0-0j -0.00865704-0j 0-0j 0-0j -0.00264831-0j 0-0j 0-0j -0.0570594-0j 0-0j -0.0334792-0j 0.00989134-0j 0.00735949-0j 0.00416433-0j 0-0j -0.000577527-0j 0-0j 0.00182714-0j 0-0j 0-0j 0-0j 0-0j -0.0630528-0j -0.0287603-0j 0-0j 0.00294463-0j -0.0092848-0j 0-0j 0.00403812-0j 0-0j 0.00109132-0j 0-0j 0.000208053-0j 
0-0j 0-0j 0-0j 0-0j 0-0j 0-0j 0-0j 0-0j 0-0j 0-0j 0-0j 0-0j 0-0j 0-0j 0-0j 0-0j 0-0j 0-0j 0-0j 0-0j 0-0j 0-0j 0-0j 0-0j 0-0j 0-0j 0-0j 0-0j 0-0j 0-0j 0-0j 0-0j 0-0j -0.00828332-0j 0.223064-0j 0.0194355-0j 0.00188222-0j 0.00198403-0j 0.108567-0j 0.0143537-0j 0-0j 0-0j 0-0j 0-0j 0-0j 0-0j 0-0j 0-0j 0-0j 0-0j 0-0j 0-0j 0-0j -0.00573885-0j 0-0j 0.0141937-0j 0.0282994-0j 0-0j -0.00329174-0j -0.00643048-0j 0-0j 0.0104825-0j -0.0224525-0j -0.413615-0j 0-0j 0-0j 0-0j 0-0j 0-0j 0-0j 0-0j 0-0j 0-0j 0-0j -0.00478238-0j 0-0j 0.00971777-0j 0-0j 0-0j 0-0j 0-0j 0-0j 0-0j 0.00717686-0j 0-0j -0.0346755-0j 0-0j 0.0125408-0j -0.0263186-0j 0.0129508-0j 0-0j 0-0j 0-0j 0-0j 0-0j 0-0j 0-0j 0.0163387-0j 0.0226889-0j 0-0j 0.000661345-0j 0-0j 0-0j -0.00543447-0j 0-0j 0-0j -0.012963-0j 0-0j -0.0428448-0j -0.0214869-0j 0.00834488-0j 0.00472191-0j 0-0j 0.00889221-0j 0-0j -0.0220917-0j 0-0j 0-0j 0-0j 0-0j 0.00747715-0j -0.014594-0j 0-0j -0.0161321-0j 0.00245928-0j 0-0j -0.0354736-0j 0-0j -0.00237067-0j 0-0j 0.00023591-0j 
0-0j 0-0j 0-0j 0-0j 0-0j 0-0j 0-0j 0-0j 0-0j 0-0j 0-0j 0-0j 0-0j 0-0j 0-0j 0-0j 0-0j 0-0j 0-0j 0-0j 0-0j 0-0j 0-0j 0-0j 0-0j 0-0j 0-0j 0-0j 0-0j 0-0j 0-0j 0-0j 0-0j -0.00774834-0j -0.00828332-0j 0.333471-0j 0.0120092-0j 0.0126588-0j 0.0143537-0j -0.304774-0j 0-0j 0-0j 0-0j 0-0j 0-0j 0-0j 0-0j 0-0j 0-0j 0-0j 0-0j 0-0j 0-0j -0.00536821-0j 0-0j -0.00693032-0j -0.0054789-0j 0-0j 0.0109628-0j 0.00849178-0j 0-0j 0.00633393-0j 0.00708155-0j -0.0146591-0j 0-0j 0-0j 0-0j 0-0j 0-0j 0-0j 0-0j 0-0j 0-0j 0-0j -0.00447351-0j 0-0j -0.00474487-0j 0-0j 0-0j 0-0j 0-0j 0-0j 0-0j 0.00433655-0j 0-0j 0.00433655-0j 0-0j -0.0111961-0j -0.0122647-0j -0.027948-0j 0-0j 0-0j 0-0j 0-0j 0-0j 0-0j 0-0j -0.00316325-0j -0.00273945-0j 0-0j 0.0042196-0j 0-0j 0-0j 0.00447556-0j 0-0j 0-0j 0.00408853-0j 0-0j -0.00791684-0j -0.0242037-0j -0.0280234-0j -0.0213948-0j 0-0j -0.00061256-0j 0-0j 0.00125185-0j 0-0j 0-0j 0-0j 0-0j -0.0161358-0j -0.0255818-0j 0-0j -0.0151284-0j -0.0139926-0j 0-0j -0.00988113-0j 0-0j -0.00846448-0j 0-0j -0.0021533-0j 
-0.0130438-0j 0.0365663-0j 0-0j 0.0204035-0j -0.119557-0j -0.0586106-0j -0.0266549-0j 0-0j 0-0j 0-0j 0.0407792-0j 0-0j 0-0j 0-0j -0.0391573-0j -0.00652188-0j 0.0315109-0j 0-0j 0-0j 0.408459-0j 0-0j 0-0j 0.0442235-0j 0-0j 0-0j 0-0j 0-0j 0-0j 0-0j 0-0j 0-0j 0-0j 0-0j 0-0j 0-0j 0-0j 0-0j 0-0j 0-0j 0-0j -0.29316-0j 0-0j 0-0j 0-0j 0.0122466-0j 0-0j 0-0j 0-0j 0-0j 0.147149-0j 0-0j 0-0j 0-0j 0-0j 0-0j 0-0j 0-0j -0.112638-0j 0-0j 0-0j 0-0j 0-0j 0-0j 0-0j 0.0200755-0j 0-0j 0-0j 0-0j 0-0j 0-0j 0-0j 0-0j -0.0418397-0j 0-0j 0-0j 0-0j 0-0j 0-0j 0-0j 0.0730103-0j 0-0j 0-0j 0-0j 0-0j -0.293474-0j 0-0j -0.187673-0j 0-0j 0-0j 0-0j 0-0j 0-0j 0.0688108-0j 0-0j 0-0j 0-0j 0-0j 0-0j 0-0j 0-0j 0-0j 0-0j 0-0j 0-0j 0-0j 0-0j 0-0j 0-0j 0-0j 0-0j 0-0j 0-0j 0-0j 0-0j 0-0j 0-0j 0-0j 0-0j 0-0j 0-0j 0-0j 0-0j 0-0j 0-0j 0-0j 0-0j 0-0j 0-0j 0-0j 0-0j 0-0j 
0-0j 0-0j 0.0245331-0j 0-0j 0-0j 0-0j 0-0j 0.044388-0j -0.00623706-0j 0.0135487-0j 0-0j 0.0179165-0j -0.0383754-0j -0.0176999-0j 0-0j 0-0j 0-0j -0.0776286-0j 0.020215-0j 0-0j -0.196309-0j 0.444606-0j 0-0j 0.101413-0j 0.0283705-0j -0.0256384-0j 0-0j 0-0j 0-0j 0-0j 0-0j 0-0j 0-0j 0-0j 0-0j 0-0j 0-0j 0-0j 0-0j 0-0j 0-0j -0.319104-0j 0.00785649-0j 0-0j 0-0j 0-0j 0-0j 0-0j 0-0j 0-0j 0-0j 0-0j 0-0j 0-0j -0.0221561-0j 0-0j 0-0j 0-0j 0-0j 0-0j 0.0461851-0j 0-0j 0-0j 0-0j 0-0j 0.0573691-0j 0-0j 0-0j -0.0148023-0j 0-0j 0-0j 0-0j 0-0j 0-0j 0-0j -0.0377587-0j 0-0j 0.0170839-0j 0-0j 0-0j -0.0137399-0j -0.00207902-0j -0.319445-0j 0-0j 0-0j 0-0j 0-0j 0-0j 0-0j 0-0j 0.070226-0j 0-0j 0-0j 0-0j 0-0j -0.1062-0j -0.14548-0j 0-0j 0-0j 0-0j 0-0j 0-0j 0-0j 0-0j 0-0j 0-0j 0-0j 0-0j 0-0j 0-0j 0-0j 0-0j 0-0j 0-0j 0-0j 0-0j 0-0j 0-0j 0-0j 0.0265272-0j 0-0j 0-0j 0-0j 0-0j 0-0j 0-0j 0-0j 0-0j 0-0j 0-0j 0-0j 
0-0j 0-0j 0.0226605-0j 0-0j 0-0j 0-0j 0-0j 0.0442769-0j -0.00394466-0j -0.00447283-0j 0-0j -0.195801-0j 0.0185022-0j -0.0395185-0j 0-0j 0-0j 0-0j -0.00341618-0j 0.0313085-0j 0-0j 0.0113302-0j 0.0113302-0j 0-0j -0.0301828-0j 0.391197-0j 0.0090719-0j 0-0j 0-0j 0-0j 0-0j 0-0j 0-0j 0-0j 0-0j 0-0j 0-0j 0-0j 0-0j 0-0j 0-0j 0-0j 0.00785649-0j -0.566305-0j 0-0j 0-0j 0-0j 0-0j 0-0j 0-0j 0-0j 0-0j 0-0j 0-0j 0-0j 0.0106822-0j 0-0j 0-0j 0-0j 0-0j 0-0j -0.0213424-0j 0-0j 0-0j 0-0j 0-0j -0.0556915-0j 0-0j 0-0j 0.00523766-0j 0-0j 0-0j 0-0j 0-0j 0-0j 0-0j 0.00327076-0j 0-0j -0.00139465-0j 0-0j 0-0j 0.0436932-0j -0.00131489-0j 0.0119326-0j 0-0j 0-0j 0-0j 0-0j 0-0j 0-0j 0-0j 0.0032074-0j 0-0j 0-0j 0-0j 0-0j -0.1069-0j 0.00843762-0j 0-0j 0-0j 0-0j 0-0j 0-0j 0-0j 0-0j 0-0j 0-0j 0-0j 0-0j 0-0j 0-0j 0-0j 0-0j 0-0j 0-0j 0-0j 0-0j 0-0j 0-0j 0-0j -0.0962905-0j 0-0j 0-0j 0-0j 0-0j 0-0j 0-0j 0-0j 0-0j 0-0j 0-0j 0-0j 
