-0.00265582-0j 0.143475-0j -0.000312992-0j -4.51765e-05-0j -0.000279948-0j -0.000191668-0j -4.94883e-05-0j -4.12403e-06-0j -4.51765e-05-0j -2.76648e-05-0j -2.60826e-05-0j -5.64706e-06-0j -3.76471e-06-0j -3.32756e-07-0j -4.6108e-06-0j -1.1527e-06-0j -5.43388e-07-0j -3.32756e-07-0j -2.48022e-08-0j -3.39618e-08-0j -1.78994e-09-0j -4.88247e-11-0j -0.00251404-0j -0.000384882-0j 0.101861-0j 0.0147024-0j -0.000256588-0j -0.00024342-0j -4.53587e-05-0j -3.77989e-06-0j -4.05701e-05-0j -2.77764e-05-0j -2.4844e-05-0j -5.07126e-06-0j -3.20735e-05-0j -2.98827e-07-0j -1.23451e-05-0j -4.62941e-06-0j -4.00918e-06-0j -3.77989e-06-0j -4.72487e-07-0j -1.88995e-06-0j -3.14991e-07-0j -2.1566e-08-0j -4.72487e-07-0j -1.67049e-07-0j -3.93739e-08-0j -2.78416e-08-0j -1.46738e-09-0j -2.20107e-09-0j -9.80434e-11-0j -2.35856e-12-0j 
0.000414049-0j -0.00302212-0j -0.0145444-0j 0.200704-0j 4.36446e-05-0j 2.98814e-05-0j -0.000364956-0j -9.25248e-05-0j -0.000333157-0j 4.31301e-06-0j 4.06635e-06-0j -8.41697e-05-0j -5.61132e-05-0j -9.97138e-06-0j -3.40027e-05-0j 1.79709e-07-0j -1.21912e-05-0j -4.95975e-06-0j -9.29995e-07-0j -1.0177e-06-0j -8.05957e-08-0j -2.93378e-09-0j 0.000391944-0j -0.00283834-0j 4.53587e-05-0j -0.000625924-0j -0.0119234-0j 3.79498e-05-0j 0.0997031-0j 0.0252771-0j -0.000299187-0j -0.00020484-0j 3.87324e-06-0j -7.55874e-05-0j 5.00033e-06-0j -8.95465e-06-0j 1.92463e-06-0j -6.90016e-05-0j -2.9566e-05-0j -2.78751e-05-0j -1.06005e-05-0j 2.94647e-07-0j -7.067e-06-0j -8.08649e-07-0j -7.04244e-06-0j -1.23192e-06-0j -1.17988e-06-0j -6.2464e-07-0j -6.60716e-08-0j -8.25324e-08-0j -5.15291e-09-0j -1.59482e-10-0j 
0.000320721-0j 4.94883e-05-0j -0.00363663-0j 5.45558e-06-0j -0.00833881-0j 2.31461e-05-0j 0.14183-0j -0.000122842-0j 5.45558e-06-0j -0.000646213-0j -0.000303053-0j -6.56128e-05-0j 4.54631e-07-0j 4.01841e-08-0j -0.000107702-0j -5.39903e-05-0j -6.3136e-06-0j -1.16792e-05-0j 2.99515e-09-0j -7.93301e-07-0j -2.07972e-08-0j 5.89614e-12-0j 0.000303599-0j 4.64789e-05-0j -0.00338045-0j 5.07126e-06-0j 3.09859e-05-0j -0.00725076-0j -0.00052702-0j 4.56466e-07-0j -0.00120846-0j 3.35432e-06-0j 0.143142-0j 0.0145338-0j -0.00037266-0j -8.90115e-06-0j 1.49081e-06-0j 5.59054e-07-0j -9.36491e-05-0j -4.39184e-05-0j -5.4898e-06-0j -6.6334e-05-0j 3.80388e-08-0j 2.60434e-09-0j -1.10367e-05-0j -7.82426e-06-0j -4.57483e-07-0j -9.77193e-07-0j 1.77203e-10-0j -5.1414e-08-0j -1.13916e-09-0j 2.84823e-13-0j 
-4.62921e-05-0j 0.00068291-0j -5.45558e-06-0j -0.00352308-0j 0.0012036-0j -3.34084e-06-0j -0.0203418-0j 0.243089-0j 7.52837e-05-0j -4.82209e-07-0j -4.54631e-07-0j -0.000440384-0j -0.00029359-0j -0.000160153-0j 7.68361e-06-0j -2.00921e-08-0j -0.000129854-0j -2.59499e-05-0j -1.99645e-05-0j -1.63455e-05-0j -2.16572e-06-0j -1.10536e-07-0j -4.38207e-05-0j 0.000641381-0j -5.07126e-06-0j -0.00327489-0j -4.47243e-06-0j 0.00104656-0j 7.55874e-05-0j -0.000903285-0j -0.016676-0j 4.62877e-05-0j 0.000106814-0j 0.0975491-0j -5.59054e-07-0j 0.0354753-0j -2.1518e-07-0j -0.000361023-0j 6.68105e-06-0j 6.29895e-06-0j -0.000112911-0j -3.29426e-08-0j -7.52738e-05-0j -1.73595e-05-0j -3.68468e-05-0j 2.78377e-07-0j -1.89504e-05-0j -6.65332e-06-0j -1.77544e-06-0j -1.77175e-06-0j -1.66308e-07-0j -6.8703e-09-0j 
0.000292777-0j 4.51765e-05-0j 3.45041e-05-0j 4.98024e-06-0j -0.00449774-0j -0.00829905-0j 5.45558e-06-0j 4.54631e-07-0j 0.142178-0j -0.000597407-0j -0.00084098-0j -0.000121945-0j -0.000121385-0j -7.18569e-06-0j -7.40787e-05-0j 1.27073e-07-0j -8.73026e-06-0j 3.66829e-08-0j -3.9848e-07-0j 3.74393e-09-0j 1.97323e-10-0j 5.38242e-12-0j 0.000277146-0j 4.24292e-05-0j 3.20735e-05-0j 4.62941e-06-0j -0.00412242-0j -0.00525654-0j 5.00033e-06-0j 4.16694e-07-0j -0.000651812-0j -0.0012027-0j 2.73879e-06-0j 5.59054e-07-0j 0.100941-0j 3.29426e-08-0j -0.000597743-0j 0.0145696-0j -8.65762e-05-0j -0.000121875-0j -1.02031e-05-0j -3.03645e-05-0j -1.01562e-05-0j -4.65706e-07-0j -7.59113e-06-0j 1.84155e-08-0j -6.32594e-07-0j 3.06924e-09-0j -2.35754e-08-0j 2.42645e-10-0j 1.08083e-11-0j 2.60006e-13-0j 
-5.17561e-05-0j 0.000377765-0j 0.000586859-0j 8.41697e-05-0j -5.45558e-06-0j 0.00146708-0j -0.00438923-0j 1.15656e-05-0j -0.00815764-0j -0.0204275-0j 4.89049e-05-0j 0.198294-0j 7.01415e-06-0j -0.000244157-0j -0.000822135-0j 8.71264e-06-0j -0.000146621-0j -0.000180189-0j 1.16249e-07-0j -2.46064e-05-0j -9.69305e-07-0j 3.66722e-10-0j -4.8993e-05-0j 0.000354792-0j 0.000545518-0j 7.82404e-05-0j -5.00033e-06-0j 0.000929233-0j -0.00402297-0j 1.06005e-05-0j 3.73984e-05-0j -0.0100569-0j 9.36491e-05-0j -0.000909071-0j -0.0117802-0j 1.11933e-06-0j -2.40578e-07-0j -0.00168956-0j 0.140032-0j -0.000335247-0j 0.0249735-0j 1.07046e-05-0j 8.83375e-07-0j -1.98004e-05-0j -0.000170276-0j -5.97259e-05-0j -1.41901e-05-0j -2.26933e-05-0j 8.25895e-09-0j -1.99551e-06-0j -6.19728e-08-0j 1.99352e-11-0j 
-3.45041e-05-0j 0.000251843-0j -4.06635e-06-0j 5.61132e-05-0j 0.00106377-0j -2.49012e-06-0j 3.0413e-05-0j 7.7104e-06-0j -0.00812016-0j -3.59418e-07-0j -0.0143946-0j 7.01415e-06-0j 0.198638-0j 8.30948e-07-0j -0.000828761-0j -1.49757e-08-0j -0.000297141-0j 4.13312e-07-0j -2.26671e-05-0j 8.48083e-08-0j 6.71631e-09-0j 2.44481e-10-0j -3.2662e-05-0j 0.000236528-0j -3.77989e-06-0j 5.21603e-05-0j 0.000974998-0j -3.16249e-06-0j 2.78751e-05-0j 7.067e-06-0j -0.0072922-0j 1.707e-05-0j -3.2277e-07-0j 6.29895e-06-0j 0.000121875-0j 7.46221e-07-0j -0.0205801-0j -0.0016818-0j 2.46384e-06-0j 0.0986764-0j 8.83375e-07-0j 7.18154e-06-0j 0.0250168-0j 6.73874e-08-0j -0.000171648-0j 1.0266e-07-0j -2.87576e-05-0j 5.20534e-08-0j -1.61039e-06-0j 6.8777e-09-0j 4.29409e-10-0j 1.32902e-11-0j 
4.31301e-06-0j -9.57723e-05-0j 5.08293e-07-0j 0.00100585-0j 4.54631e-07-0j -0.000122257-0j -1.15656e-05-0j -0.00425024-0j 0.00206815-0j -8.80064e-06-0j 4.23578e-08-0j -0.024629-0j 8.38204e-05-0j 0.277478-0j -1.07756e-06-0j 1.87197e-09-0j -0.000560019-0j 7.40875e-06-0j -0.000266744-0j -0.000144573-0j -3.87029e-05-0j -2.97142e-06-0j 4.08275e-06-0j -8.99482e-05-0j 4.72487e-07-0j 0.000934989-0j 4.16694e-07-0j -7.74361e-05-0j -1.06005e-05-0j -0.00389558-0j -9.48137e-06-0j 0.00254967-0j 4.03462e-08-0j 0.000112911-0j -1.02031e-05-0j -0.00127209-0j 2.00482e-08-0j -0.0201906-0j 0.000183538-0j -8.83375e-07-0j 0.0953865-0j 3.06924e-09-0j -0.000324632-0j 0.0454337-0j 1.05198e-05-0j -3.904e-08-0j -0.000167613-0j -2.86936e-05-0j -3.17283e-05-0j -2.36722e-05-0j -3.72151e-06-0j -2.15629e-07-0j 
-2.98814e-05-0j -4.6108e-06-0j 0.000681168-0j -5.08293e-07-0j 0.000459049-0j -2.15651e-06-0j 0.000107702-0j -4.64006e-08-0j 7.40787e-05-0j -0.00576253-0j -0.0166023-0j 1.22898e-05-0j 1.23888e-05-0j -3.74393e-09-0j 0.139972-0j -0.00146074-0j -0.00017235-0j -0.000210114-0j 4.06697e-08-0j -7.07417e-06-0j 3.89548e-09-0j -5.49341e-13-0j -2.82861e-05-0j -4.33041e-06-0j 0.000633183-0j -4.72487e-07-0j 0.000420743-0j -2.73879e-06-0j 9.87148e-05-0j -4.25287e-08-0j 6.65253e-05-0j -3.12521e-07-0j -0.00517496-0j 1.10367e-05-0j -0.0101729-0j -3.36219e-09-0j 6.10068e-05-0j 7.59113e-06-0j -0.000835105-0j -0.00240601-0j 1.02828e-06-0j 0.173923-0j 1.03657e-06-0j -2.42645e-10-0j 0.0143435-0j -0.00021169-0j -1.24885e-05-0j -1.75801e-05-0j 2.40615e-09-0j -4.58478e-07-0j 2.13373e-10-0j -2.65368e-14-0j 
6.09952e-06-0j -8.99812e-05-0j -6.9162e-05-0j 0.000464206-0j -9.3703e-05-0j 4.40195e-07-0j 0.00104549-0j 0.000129854-0j 0.00144567-0j -1.22898e-05-0j 0.00168571-0j -0.00558289-0j -0.0113143-0j 2.1102e-05-0j -0.0285399-0j -1.02679e-06-0j 0.239917-0j -0.000993763-0j -0.000383377-0j -0.000416589-0j -2.74555e-05-0j 1.45643e-08-0j 5.77388e-06-0j -8.45093e-05-0j -6.42899e-05-0j 0.000431505-0j -8.58838e-05-0j 5.59054e-07-0j 0.000958245-0j 0.000119018-0j 0.00129826-0j -6.09894e-06-0j -1.10367e-05-0j -0.00501363-0j 0.0010329-0j 1.89504e-05-0j -1.2453e-05-0j -0.00693271-0j 0.000170276-0j -0.0233556-0j -0.0014314-0j 0.000183858-0j -0.00290087-0j 2.28732e-06-0j 0.136863-0j 1.42263e-05-0j 0.0350125-0j -0.000254792-0j -3.40937e-05-0j -4.51554e-05-0j -2.10833e-06-0j 9.05241e-10-0j 
3.04976e-06-0j -2.226e-05-0j -0.000104462-0j -4.95975e-06-0j 3.21473e-07-0j 2.20097e-07-0j 0.00078129-0j -6.8151e-07-0j -2.45394e-06-0j 0.00178287-0j -8.70515e-06-0j 0.000180189-0j -4.13312e-07-0j -7.34461e-08-0j -0.0140557-0j -0.0287376-0j 2.60987e-05-0j 0.195195-0j -6.85006e-09-0j -0.000420687-0j 1.72538e-07-0j -2.16093e-11-0j 2.88694e-06-0j -2.09063e-05-0j -9.71031e-05-0j -4.61036e-06-0j 2.94647e-07-0j 2.79527e-07-0j 0.000716094-0j -6.2464e-07-0j -2.20372e-06-0j -1.50879e-06-0j 0.00160108-0j 0.000161816-0j -1.07046e-05-0j -6.59573e-08-0j 1.41762e-08-0j -5.08245e-07-0j -0.0122217-0j 5.96745e-05-0j 2.26933e-05-0j -0.0115961-0j -5.20534e-08-0j -5.95626e-09-0j -0.00291114-0j 0.196999-0j 2.52586e-06-0j 0.0245832-0j -4.86664e-10-0j -3.41165e-05-0j 1.10312e-08-0j -1.1747e-12-0j 
-3.59418e-07-0j 1.06599e-05-0j -4.23578e-08-0j -0.000168816-0j 5.5215e-06-0j -2.59387e-08-0j 1.2873e-06-0j 0.00146298-0j -0.000171265-0j -3.74393e-09-0j 1.0324e-06-0j -2.1102e-05-0j 0.00411461-0j -0.00540358-0j -1.74796e-05-0j -1.55997e-10-0j -0.0280935-0j -1.24345e-06-0j 0.306449-0j -0.000551501-0j -0.000461701-0j -5.94311e-05-0j -3.40229e-07-0j 1.00116e-05-0j -3.93739e-08-0j -0.000156924-0j 5.06075e-06-0j -3.29426e-08-0j 1.17988e-06-0j 0.0013409-0j -0.000153802-0j 7.22526e-07-0j -3.36219e-09-0j -1.89504e-05-0j 6.32594e-07-0j -0.00485261-0j 7.33798e-07-0j 0.00252119-0j 1.04288e-07-0j -2.87576e-05-0j 0.000167613-0j 3.7276e-08-0j -0.0326822-0j -0.00182835-0j 0.000257318-0j 4.34532e-09-0j 0.0931844-0j 9.87666e-06-0j 0.0551623-0j -0.000186605-0j -5.94223e-05-0j -5.18202e-06-0j 
-4.40195e-07-0j 9.77472e-06-0j 1.00346e-05-0j -0.000102659-0j -4.64006e-08-0j -3.17683e-08-0j -0.000228324-0j 0.000433789-0j 1.07756e-06-0j -8.489e-05-0j 8.36213e-07-0j 0.00248213-0j -8.55489e-06-0j 0.000144573-0j 0.00203605-0j -2.15187e-05-0j -0.0110557-0j -0.0424361-0j 2.72244e-05-0j 0.273172-0j -0.00076406-0j 3.0327e-07-0j -4.16694e-07-0j 9.1803e-06-0j 9.32767e-06-0j -9.54269e-05-0j -4.25287e-08-0j -4.03462e-08-0j -0.000209271-0j 0.000397591-0j 9.67689e-07-0j 6.62531e-07-0j -7.62343e-05-0j 0.00222904-0j 1.02828e-06-0j 0.000129832-0j -2.04616e-09-0j -1.05198e-05-0j 0.00177039-0j -1.74393e-05-0j -0.00961315-0j -1.75801e-05-0j 3.31326e-05-0j 2.36722e-05-0j -0.0198772-0j 0.000448775-0j -0.00330895-0j 0.164352-0j 3.23826e-06-0j 0.0447286-0j -7.34688e-05-0j 2.20076e-08-0j 
2.84145e-08-0j -1.05452e-06-0j -3.22189e-07-0j 2.2321e-05-0j 2.99515e-09-0j 2.05064e-09-0j 1.22524e-05-0j -0.000292203-0j -1.16249e-07-0j -5.72516e-08-0j -2.68491e-08-0j -0.000268449-0j 1.86008e-06-0j 0.00223026-0j 2.29496e-06-0j -4.7833e-09-0j 0.00370435-0j -4.77843e-05-0j -0.00752375-0j -0.0440291-0j 0.331013-0j -0.000899306-0j 2.68975e-08-0j -9.90388e-07-0j -2.99493e-07-0j 2.07486e-05-0j 2.74521e-09-0j 2.60434e-09-0j 1.12299e-05-0j -0.00026782-0j -1.04396e-07-0j -7.14751e-08-0j -5.1414e-08-0j -0.000241076-0j -3.3016e-08-0j 0.00200285-0j 1.32079e-10-0j 2.28732e-06-0j 1.99551e-06-0j 9.35828e-07-0j 0.003221-0j -5.8769e-09-0j -2.23183e-05-0j -0.00654205-0j -4.51554e-05-0j 1.66722e-07-0j -0.0253908-0j 0.000573344-0j -0.00282039-0j 0.129151-0j 0.0645888-0j -9.82576e-05-0j 
-8.94971e-10-0j 4.6555e-08-0j -1.05473e-10-0j -1.48152e-06-0j -9.43383e-11-0j -6.4589e-11-0j 5.62205e-09-0j 3.24826e-05-0j 5.1322e-09-0j -9.32262e-12-0j -8.78945e-12-0j -1.8519e-07-0j -1.2346e-07-0j -0.000502188-0j 5.23803e-10-0j -3.88442e-13-0j 4.27996e-06-0j -1.09125e-08-0j 0.00534885-0j -5.12544e-05-0j -0.0362531-0j 0.378084-0j -8.47191e-10-0j 4.37239e-08-0j -9.80434e-11-0j -1.37716e-06-0j -8.64661e-11-0j -8.2029e-11-0j 5.15291e-09-0j 2.97721e-05-0j 4.6089e-09-0j 3.1555e-09-0j -8.37205e-12-0j -1.66308e-07-0j -1.08083e-11-0j -0.000450983-0j -4.1601e-12-0j -1.51817e-07-0j 4.55457e-10-0j 4.29409e-10-0j 3.72151e-06-0j -6.36883e-13-0j 2.48101e-06-0j 0.00465093-0j -1.54948e-08-0j 1.89774e-11-0j -5.94223e-05-0j 2.19292e-07-0j -0.0297199-0j 0.000474683-0j 0.087803-0j 0.084259-0j 
-1.0047-0j 0.000384882-0j 0.000293958-0j 4.24292e-05-0j 0.000262924-0j 0.000180012-0j 4.64789e-05-0j 3.87324e-06-0j 4.24292e-05-0j 2.59825e-05-0j 2.44965e-05-0j 5.30365e-06-0j 3.53577e-06-0j 3.12521e-07-0j 4.33041e-06-0j 1.0826e-06-0j 5.10344e-07-0j 3.12521e-07-0j 2.32939e-08-0j 3.18965e-08-0j 1.68109e-09-0j 4.58556e-11-0j 3.36083e-05-0j -0.00207246-0j 3.8894e-06-0j 5.61386e-07-0j 3.43013e-06-0j 3.25411e-06-0j 6.06367e-07-0j 5.05306e-08-0j 5.42351e-07-0j 3.71322e-07-0j 3.32121e-07-0j 6.77939e-08-0j 4.28766e-07-0j 3.99479e-09-0j 1.65032e-07-0j 6.1887e-08-0j 5.35958e-08-0j 5.05306e-08-0j 6.31632e-09-0j 2.52653e-08-0j 4.21088e-09-0j 2.88299e-10-0j 6.31632e-09-0j 2.23316e-09-0j 5.2636e-10-0j 3.72193e-10-0j 1.96163e-11-0j 2.94244e-11-0j 1.31067e-12-0j 3.15298e-14-0j 
-0.000384882-0j -0.983533-0j -4.53587e-05-0j 0.000625924-0j -4.05701e-05-0j -2.77764e-05-0j 0.000339247-0j 8.60069e-05-0j 0.000309688-0j -4.00918e-06-0j -3.77989e-06-0j 7.82404e-05-0j 5.21603e-05-0j 9.26895e-06-0j 3.16074e-05-0j -1.67049e-07-0j 1.13324e-05-0j 4.61036e-06-0j 8.64482e-07-0j 9.46008e-07-0j 7.49182e-08-0j 2.72711e-09-0j -5.18587e-06-0j 3.75545e-05-0j 0.000210116-0j -0.00289948-0j -5.2928e-07-0j -5.02119e-07-0j 4.42583e-06-0j 1.12205e-06-0j 3.95859e-06-0j 2.71026e-06-0j -5.12473e-08-0j 1.00011e-06-0j -6.616e-08-0j 1.1848e-07-0j -2.5465e-08-0j 9.12969e-07-0j 3.91192e-07-0j 3.6882e-07-0j 1.40257e-07-0j -3.89852e-09-0j 9.35044e-08-0j 1.06993e-08-0j 9.31795e-08-0j 1.62997e-08-0j 1.56111e-08-0j 8.2647e-09-0j 8.74203e-10-0j 1.092e-09-0j 6.81788e-11-0j 2.11013e-12-0j 
-0.000293958-0j -4.53587e-05-0j -0.9935-0j 0.00149042-0j -3.09859e-05-0j -2.12146e-05-0j 0.00052702-0j -4.56466e-07-0j -5.00033e-06-0j 0.000592289-0j 0.000277764-0j 6.01377e-05-0j -4.16694e-07-0j -3.68309e-08-0j 9.87148e-05-0j 4.9485e-05-0j 5.78675e-06-0j 1.07046e-05-0j -2.74521e-09-0j 7.27103e-07-0j 1.90618e-08-0j -5.40413e-12-0j -3.96077e-06-0j -6.06367e-07-0j 4.41016e-05-0j -6.616e-08-0j 0.000120491-0j -3.835e-07-0j -0.00204936-0j 1.775e-06-0j -6.39167e-08-0j -4.37607e-08-0j 7.57093e-06-0j 7.6871e-07-0j 4.86175e-06-0j -4.70791e-10-0j -1.94492e-08-0j -7.29346e-09-0j 1.22175e-06-0j 5.72962e-07-0j 7.16203e-08-0j 8.65399e-07-0j -4.96257e-10-0j -3.39764e-11-0j 1.43985e-07-0j 1.02076e-07-0j 5.96836e-09-0j 1.27485e-08-0j -2.3118e-12-0j 6.7075e-10-0j 1.48616e-11-0j -3.71582e-15-0j 
4.24292e-05-0j -0.000625924-0j -0.00149042-0j -0.962477-0j 4.47243e-06-0j 3.06206e-06-0j -7.55874e-05-0j 0.000903285-0j -6.90016e-05-0j 4.41971e-07-0j 4.16694e-07-0j 0.000403636-0j 0.000269091-0j 0.000146789-0j -7.04244e-06-0j 1.84155e-08-0j 0.000119018-0j 2.37845e-05-0j 1.82985e-05-0j 1.49816e-05-0j 1.985e-06-0j 1.01312e-07-0j 5.71688e-07-0j -8.3675e-06-0j 6.616e-08-0j 4.27245e-05-0j -1.73914e-05-0j 5.53535e-08-0j 0.000293927-0j -0.00351249-0j -8.82012e-07-0j -6.03872e-07-0j 5.64949e-09-0j 5.15947e-06-0j 7.29346e-09-0j 1.87633e-06-0j 2.80725e-09-0j 4.70993e-06-0j -8.71615e-08-0j -8.21766e-08-0j 1.47304e-06-0j 4.29771e-10-0j 9.82027e-07-0j 2.26473e-07-0j 4.80706e-07-0j -3.63173e-09-0j 2.47228e-07-0j 8.67997e-08-0j 2.31625e-08-0j 2.31143e-08-0j 2.16966e-09-0j 8.96304e-11-0j 
-0.000262924-0j -4.05701e-05-0j -3.09859e-05-0j -4.47243e-06-0j -0.996291-0j -1.89749e-05-0j 0.00120846-0j 0.000100705-0j 0.000651812-0j -2.73879e-06-0j 0.00075523-0j -5.59054e-07-0j 0.000109008-0j -3.29426e-08-0j 6.65253e-05-0j -1.14116e-07-0j 7.84009e-06-0j -3.29426e-08-0j 3.57849e-07-0j -3.36219e-09-0j -1.77203e-10-0j -4.8336e-12-0j -3.54262e-06-0j -5.42351e-07-0j -4.09979e-07-0j -5.91753e-08-0j 5.26948e-05-0j 8.46074e-05-0j -6.39167e-08-0j -5.32639e-09-0j -0.00205511-0j -3.91408e-08-0j 8.6352e-06-0j 1.76265e-06-0j 6.58686e-06-0j 1.03865e-07-0j 7.64064e-06-0j 9.50731e-07-0j -5.64949e-09-0j 1.55786e-06-0j -6.65799e-10-0j 3.88134e-07-0j 1.29822e-07-0j -3.03894e-11-0j 9.70335e-08-0j -2.35395e-10-0j 8.08613e-09-0j -3.92326e-11-0j 3.01352e-10-0j -3.10161e-12-0j -1.38157e-13-0j -3.32353e-15-0j 
-0.000180012-0j -2.77764e-05-0j -2.12146e-05-0j -3.06206e-06-0j -1.89749e-05-0j -0.996976-0j -3.35432e-06-0j -2.79527e-07-0j 0.0012027-0j 0.000736499-0j -1.76788e-06-0j 0.000150337-0j -2.55172e-07-0j 8.8587e-06-0j -3.12521e-07-0j -7.81302e-08-0j -3.68309e-08-0j -2.25542e-08-0j -1.68109e-09-0j -2.30193e-09-0j -1.21322e-10-0j -3.30934e-12-0j -2.42547e-06-0j -3.71322e-07-0j -2.80693e-07-0j -4.05146e-08-0j -2.47548e-07-0j 9.22408e-05-0j -4.37607e-08-0j -3.64673e-09-0j -3.91408e-08-0j -0.00205653-0j -2.39687e-08-0j -4.8926e-09-0j 1.21538e-05-0j -2.88299e-10-0j -1.19102e-08-0j 1.75425e-06-0j 1.51922e-06-0j -3.64673e-09-0j 1.79042e-07-0j -1.82336e-09-0j -3.03894e-10-0j 8.17212e-09-0j -4.55841e-10-0j -1.61164e-10-0j -3.79868e-11-0j -2.68607e-11-0j -1.41568e-12-0j -2.12352e-12-0j -9.45893e-14-0j -2.27546e-15-0j 
4.64789e-05-0j -0.000339247-0j -0.00052702-0j -7.55874e-05-0j -0.00120846-0j 3.35432e-06-0j -0.972254-0j 0.00256189-0j -3.73984e-05-0j -9.36491e-05-0j -4.39184e-05-0j 0.000909071-0j -6.29895e-06-0j -1.11933e-06-0j 0.000738307-0j -7.82426e-06-0j 0.000131671-0j 0.000161816-0j -1.04396e-07-0j 2.20975e-05-0j 8.7047e-07-0j -3.29329e-10-0j 6.26253e-07-0j -4.53513e-06-0j -6.97308e-06-0j -1.00011e-06-0j 6.39167e-08-0j -1.49566e-05-0j 5.14235e-05-0j -1.35501e-07-0j 0.000117914-0j -3.27295e-07-0j 0.000295268-0j -0.00286623-0j -7.6871e-07-0j 3.52917e-06-0j 3.07519e-09-0j -1.10251e-07-0j 9.13772e-06-0j 4.28529e-06-0j 1.62963e-06-0j -1.36832e-07-0j -1.12917e-08-0j -1.29207e-09-0j 2.17655e-06-0j 7.63445e-07-0j 1.81385e-07-0j 2.90077e-07-0j -1.0557e-10-0j 2.55076e-08-0j 7.92166e-10-0j -2.54822e-13-0j 
-3.87324e-06-0j 8.60069e-05-0j -4.56466e-07-0j -0.000903285-0j 0.000100705-0j -2.79527e-07-0j -0.00256189-0j -0.941468-0j 9.48137e-06-0j -4.03462e-08-0j -3.80388e-08-0j -0.000112911-0j -7.52738e-05-0j 0.00127209-0j 9.67689e-07-0j -1.68109e-09-0j 0.000502917-0j -6.65332e-06-0j 0.000239546-0j 0.000129832-0j 3.47566e-05-0j 2.66845e-06-0j -5.21877e-08-0j 1.14976e-06-0j -6.03956e-09-0j -1.19515e-05-0j -5.32639e-09-0j 1.24638e-06-0j 1.35501e-07-0j 4.97952e-05-0j -2.9894e-05-0j 8.29769e-08-0j 1.27209e-07-0j 0.000355998-0j -6.65799e-10-0j -0.0040108-0j -2.56266e-10-0j -1.31753e-06-0j 1.19767e-08-0j 1.12917e-08-0j 6.2244e-06-0j -3.92326e-11-0j 4.1496e-06-0j 2.96476e-06-0j -1.3447e-07-0j 4.99029e-10-0j 2.14251e-06-0j 3.66776e-07-0j 4.05567e-07-0j 3.02589e-07-0j 4.75702e-08-0j 2.75628e-09-0j 
4.24292e-05-0j -0.000309688-0j 5.00033e-06-0j -6.90016e-05-0j -0.000651812-0j -0.0012027-0j -3.73984e-05-0j -9.48137e-06-0j -0.974645-0j -8.65762e-05-0j -0.000121875-0j 0.00168956-0j 0.0016818-0j 0.000200158-0j 0.000507815-0j 1.84155e-08-0j 0.00018207-0j -5.08245e-07-0j 1.38891e-05-0j -1.04288e-07-0j -8.25895e-09-0j -3.00635e-10-0j 5.71688e-07-0j -4.13999e-06-0j 6.616e-08-0j -9.12969e-07-0j -8.50359e-06-0j -1.0843e-05-0j -4.87902e-07-0j -1.23695e-07-0j 6.36e-05-0j 0.000117352-0j 5.64949e-09-0j -1.10251e-07-0j 0.000208218-0j -1.30612e-08-0j -1.233e-06-0j -0.00287328-0j 8.44759e-06-0j 1.18918e-05-0j 3.02877e-06-0j -6.26349e-08-0j 3.01485e-06-0j 2.31047e-07-0j 1.49705e-06-0j -1.79687e-09-0j 2.50814e-07-0j -9.11097e-10-0j 1.40452e-08-0j -1.20381e-10-0j -7.51601e-12-0j -2.3262e-13-0j 
2.59825e-05-0j 4.00918e-06-0j -0.000592289-0j 4.41971e-07-0j 2.73879e-06-0j -0.000736499-0j -9.36491e-05-0j 4.03462e-08-0j -8.65762e-05-0j -0.981515-0j -4.93574e-05-0j 0.00209328-0j 3.68309e-08-0j -6.37694e-07-0j 0.000835105-0j 0.00127014-0j -1.02828e-06-0j 0.000182698-0j 2.42645e-10-0j 6.15113e-06-0j -3.38719e-09-0j 4.77662e-13-0j 3.50086e-07-0j 5.35958e-08-0j -7.83665e-06-0j 5.84778e-09-0j 3.57305e-08-0j -6.63996e-06-0j -1.22175e-06-0j 5.2636e-10-0j 5.64949e-09-0j -1.51922e-06-0j 6.40483e-05-0j -1.36596e-07-0j 0.000169228-0j 4.16124e-11-0j 1.71908e-09-0j -1.2628e-07-0j -0.00202464-0j -1.01813e-07-0j 2.49297e-06-0j 1.47699e-05-0j 4.38633e-11-0j -5.88271e-10-0j 1.21808e-06-0j 2.62e-06-0j -1.06055e-09-0j 2.17582e-07-0j 2.04336e-13-0j 5.6744e-09-0j -2.64083e-12-0j 3.28435e-16-0j 
2.44965e-05-0j 3.77989e-06-0j -0.000277764-0j 4.16694e-07-0j -0.00075523-0j 1.76788e-06-0j -4.39184e-05-0j 3.80388e-08-0j -0.000121875-0j -4.93574e-05-0j -0.98327-0j -5.01148e-06-0j 0.00147507-0j 3.06924e-09-0j 0.00240601-0j -4.12375e-06-0j 0.000141043-0j -8.92051e-07-0j -6.69101e-08-0j -6.05919e-08-0j -1.58848e-09-0j 4.50344e-13-0j 3.30064e-07-0j 5.05306e-08-0j -3.67513e-06-0j 5.51334e-09-0j -9.85279e-06-0j 3.19583e-08-0j -5.72962e-07-0j 4.96257e-10-0j -1.55786e-06-0j 3.64673e-09-0j -6.3091e-07-0j -6.40591e-08-0j 0.000118497-0j 3.92326e-11-0j 0.000207971-0j -1.77766e-07-0j -1.01813e-07-0j -0.00202826-0j -5.96836e-09-0j 2.10927e-05-0j 1.75672e-06-0j 2.83137e-12-0j 3.5094e-06-0j -8.50633e-09-0j 1.45469e-07-0j -1.06238e-09-0j -5.63463e-11-0j -5.58959e-11-0j -1.23846e-12-0j 3.09652e-16-0j 
-5.30365e-06-0j 7.82404e-05-0j 6.01377e-05-0j -0.000403636-0j -5.59054e-07-0j 0.000150337-0j -0.000909071-0j -0.000112911-0j -0.00168956-0j -0.00209328-0j 5.01148e-06-0j -0.950918-0j -3.36363e-05-0j 0.00359425-0j -0.000170276-0j 8.92818e-07-0j 0.0014314-0j 0.000864096-0j -2.28732e-06-0j 0.000362232-0j 2.38731e-05-0j -1.2664e-08-0j -7.1461e-08-0j 1.04594e-06-0j 7.9569e-07-0j -5.34056e-06-0j -7.29346e-09-0j 1.35538e-06-0j -1.18598e-05-0j -1.47304e-06-0j 1.10251e-07-0j -2.96481e-05-0j 1.36596e-07-0j 6.20517e-05-0j -1.71825e-05-0j -2.34541e-07-0j -3.50907e-10-0j 0.000115327-0j 0.000412818-0j -9.88317e-07-0j -0.00347031-0j 1.56137e-08-0j -1.22753e-07-0j 5.54539e-06-0j 1.16227e-05-0j -1.76073e-07-0j 2.97335e-06-0j 3.15346e-06-0j -2.89532e-09-0j 5.5887e-07-0j 2.6094e-08-0j -1.12038e-11-0j 
-3.53577e-06-0j 5.21603e-05-0j -4.16694e-07-0j -0.000269091-0j 0.000109008-0j -2.55172e-07-0j 6.29895e-06-0j -7.52738e-05-0j -0.0016818-0j -3.68309e-08-0j -0.00147507-0j -3.36363e-05-0j -0.952566-0j -1.22324e-05-0j -0.000171648-0j -1.53462e-09-0j 0.00290087-0j -1.98204e-06-0j 0.000445996-0j -1.24846e-06-0j -1.65417e-07-0j -8.44265e-09-0j -4.76407e-08-0j 6.97292e-07-0j -5.51334e-09-0j -3.56038e-06-0j 1.42213e-06-0j -4.61279e-09-0j 8.21766e-08-0j -9.82027e-07-0j -2.14976e-05-0j 5.03227e-08-0j -4.70791e-10-0j -4.29956e-07-0j 1.77766e-07-0j -1.56361e-07-0j -3.00181e-05-0j 0.000114797-0j 7.26345e-09-0j 0.000290901-0j -1.22753e-07-0j 1.0475e-08-0j -0.00347632-0j -1.88728e-08-0j 1.17164e-05-0j 3.02644e-10-0j 6.02577e-06-0j -7.23331e-09-0j 5.64548e-07-0j -1.92619e-09-0j -1.80805e-10-0j -7.4692e-12-0j 
3.12521e-07-0j -9.26895e-06-0j 3.68309e-08-0j 0.000146789-0j 3.29426e-08-0j -8.8587e-06-0j -1.11933e-06-0j -0.00127209-0j 0.000200158-0j -6.37694e-07-0j 3.06924e-09-0j -0.00359425-0j 1.22324e-05-0j -0.920377-0j -1.04288e-07-0j 1.35643e-10-0j -0.000167613-0j 1.0812e-06-0j 0.00182835-0j 0.000479541-0j 0.000401458-0j 5.16765e-05-0j 4.21088e-09-0j -1.2391e-07-0j 4.87315e-10-0j 1.94218e-06-0j 4.29771e-10-0j -7.98663e-08-0j -1.46029e-08-0j -1.65958e-05-0j -1.30612e-08-0j 3.51234e-06-0j 4.16124e-11-0j 2.34541e-07-0j -1.05233e-08-0j 6.00588e-05-0j 2.06774e-11-0j -4.19404e-05-0j 2.52836e-07-0j -1.21691e-09-0j 0.000406361-0j 3.16556e-12-0j -1.38298e-06-0j -0.00443266-0j 2.1852e-08-0j -5.37802e-11-0j 7.91344e-06-0j -1.22239e-07-0j 4.68452e-06-0j 2.30953e-06-0j 7.35445e-07-0j 6.41358e-08-0j 
-4.33041e-06-0j 3.16074e-05-0j 9.87148e-05-0j 7.04244e-06-0j 6.65253e-05-0j -3.12521e-07-0j -0.000738307-0j 9.67689e-07-0j -0.000507815-0j -0.000835105-0j -0.00240601-0j -0.000170276-0j -0.000171648-0j 1.04288e-07-0j -0.959518-0j -0.00021169-0j 0.00359437-0j 0.00291114-0j -1.41755e-06-0j 0.000197052-0j -1.63045e-07-0j 3.06835e-11-0j -5.83477e-08-0j 4.22536e-07-0j 1.30611e-06-0j 9.31795e-08-0j 8.67894e-07-0j -5.64949e-09-0j -9.632e-06-0j 1.26245e-08-0j -6.49115e-06-0j 3.04939e-08-0j -1.06747e-05-0j -2.17655e-06-0j -2.09844e-05-0j 1.33305e-09-0j 1.25843e-07-0j -1.49705e-06-0j 8.14846e-05-0j 0.000234764-0j -3.05242e-07-0j 0.000358762-0j -3.07702e-07-0j 1.20381e-10-0j -0.00282868-0j 2.06555e-05-0j 4.95148e-06-0j 5.21861e-06-0j -1.43349e-09-0j 2.27461e-07-0j -1.48379e-10-0j 2.37416e-14-0j 
-1.0826e-06-0j -1.67049e-07-0j 4.9485e-05-0j -1.84155e-08-0j -1.14116e-07-0j -7.81302e-08-0j 7.82426e-06-0j -1.68109e-09-0j -1.84155e-08-0j -0.00127014-0j 4.12375e-06-0j 8.92818e-07-0j -1.53462e-09-0j -1.35643e-10-0j -0.00021169-0j -0.96607-0j 8.59114e-08-0j 0.00294485-0j -1.01102e-11-0j -1.55925e-06-0j 2.82996e-10-0j -1.99026e-14-0j -1.45869e-08-0j -2.23316e-09-0j 6.54743e-07-0j -2.43657e-10-0j -1.48877e-09-0j -1.41237e-09-0j 1.02076e-07-0j -2.19317e-11-0j -2.35395e-10-0j -1.61164e-10-0j -1.62356e-05-0j 1.14124e-08-0j 7.21786e-08-0j -1.73385e-12-0j -7.16285e-11-0j -2.68607e-11-0j -2.62e-06-0j 8.50633e-09-0j 1.06329e-09-0j 0.000238072-0j -1.82764e-12-0j -1.2513e-13-0j -3.0877e-07-0j -0.00199278-0j 8.86076e-11-0j 3.50714e-06-0j -8.51401e-15-0j -1.4384e-09-0j 2.20638e-13-0j -1.36848e-17-0j 
5.10344e-07-0j -1.13324e-05-0j -5.78675e-06-0j 0.000119018-0j -7.84009e-06-0j 3.68309e-08-0j 0.000131671-0j -0.000502917-0j 0.00018207-0j -1.02828e-06-0j 0.000141043-0j -0.0014314-0j -0.00290087-0j -0.000167613-0j -0.00359437-0j -8.59114e-08-0j -0.929185-0j -0.000254792-0j 0.00459998-0j 0.00330895-0j 0.00044062-0j -3.51599e-07-0j 6.87634e-09-0j -1.51494e-07-0j -7.65653e-08-0j 1.57475e-06-0j -1.02282e-07-0j 6.65799e-10-0j 1.71778e-06-0j -6.56109e-06-0j 2.32731e-06-0j -1.09332e-08-0j -1.3144e-08-0j -1.82969e-05-0j 1.23012e-06-0j -2.14251e-06-0j -1.48307e-08-0j -2.53004e-05-0j 3.05242e-07-0j -4.18682e-05-0j 7.89086e-05-0j 2.18964e-07-0j 0.000159916-0j -3.90641e-07-0j 0.000499472-0j 2.55026e-08-0j -0.00395847-0j 1.40459e-05-0j 7.78808e-06-0j 7.7119e-06-0j 6.03062e-07-0j -3.63172e-10-0j 
3.12521e-07-0j -4.61036e-06-0j -1.07046e-05-0j 2.37845e-05-0j 3.29426e-08-0j 2.25542e-08-0j 0.000161816-0j 6.65332e-06-0j -5.08245e-07-0j 0.000182698-0j -8.92051e-07-0j -0.000864096-0j 1.98204e-06-0j 1.0812e-06-0j -0.00291114-0j -0.00294485-0j -0.000254792-0j -0.936058-0j 1.34781e-07-0j 0.00619294-0j -4.24945e-06-0j 7.46232e-10-0j 4.21088e-09-0j -6.16325e-08-0j -1.41634e-07-0j 3.14696e-07-0j 4.29771e-10-0j 4.07717e-10-0j 2.11106e-06-0j 8.67997e-08-0j -6.49663e-09-0j -4.44794e-09-0j 2.33533e-06-0j -1.10453e-05-0j -1.56137e-08-0j 1.38204e-08-0j 2.06774e-11-0j 3.46919e-08-0j -3.603e-05-0j 1.75922e-07-0j -3.15346e-06-0j -1.6914e-05-0j 7.23331e-09-0j 1.66813e-09-0j 0.00019871-0j 0.000580757-0j -5.2926e-07-0j -0.00341607-0j 1.70608e-10-0j 9.55479e-06-0j -4.64477e-09-0j 6.6019e-13-0j 
-2.32939e-08-0j 8.64482e-07-0j -2.74521e-09-0j -1.82985e-05-0j 3.57849e-07-0j -1.68109e-09-0j 1.04396e-07-0j 0.000239546-0j -1.38891e-05-0j -2.42645e-10-0j 6.69101e-08-0j -2.28732e-06-0j 0.000445996-0j -0.00182835-0j -1.41755e-06-0j -1.01102e-11-0j -0.00459998-0j -1.34781e-07-0j -0.898911-0j -0.000186605-0j 0.00282039-0j 0.000737243-0j -3.1386e-10-0j 1.15566e-08-0j -3.63223e-11-0j -2.4211e-07-0j 4.66853e-09-0j -3.03894e-11-0j 1.36196e-09-0j 3.12513e-06-0j -1.77537e-07-0j 8.34026e-10-0j -3.10161e-12-0j -2.92376e-08-0j 5.83566e-10-0j -2.33708e-05-0j 6.76926e-10-0j 3.88982e-06-0j 1.20381e-10-0j -3.31955e-08-0j 3.90641e-07-0j 3.4387e-11-0j -7.61698e-05-0j 7.63376e-05-0j 3.97003e-07-0j 5.01589e-12-0j 0.000448789-0j 2.30187e-08-0j -0.00479638-0j 7.79117e-06-0j 7.83328e-06-0j 1.14654e-06-0j 
-3.18965e-08-0j 9.46008e-07-0j 7.27103e-07-0j -1.49816e-05-0j -3.36219e-09-0j -2.30193e-09-0j -2.20975e-05-0j 0.000129832-0j 1.04288e-07-0j -6.15113e-06-0j 6.05919e-08-0j 0.000362232-0j -1.24846e-06-0j -0.000479541-0j 0.000197052-0j -1.55925e-06-0j -0.00330895-0j -0.00619294-0j -0.000186605-0j -0.906093-0j 0.00792544-0j -5.27421e-06-0j -4.29771e-10-0j 1.26465e-08-0j 9.6204e-09-0j -1.98223e-07-0j -4.38633e-11-0j -4.16124e-11-0j -2.88285e-07-0j 1.6938e-06-0j 1.33305e-09-0j 9.1268e-10-0j -7.86267e-08-0j 4.63022e-06-0j 1.06055e-09-0j -6.12972e-06-0j -2.11038e-12-0j -2.1852e-08-0j 2.43883e-06-0j -2.40238e-08-0j -4.09535e-05-0j -1.81318e-08-0j 1.4115e-07-0j -2.30953e-06-0j -4.12895e-05-0j 6.18217e-07-0j 0.000156224-0j 0.000700167-0j -4.78111e-07-0j -0.00436387-0j 1.45189e-05-0j -6.54583e-09-0j 
1.68109e-09-0j -7.49182e-08-0j -1.90618e-08-0j 1.985e-06-0j 1.77203e-10-0j 1.21322e-10-0j 8.7047e-07-0j -3.47566e-05-0j -8.25895e-09-0j -3.38719e-09-0j -1.58848e-09-0j -2.38731e-05-0j 1.65417e-07-0j 0.000401458-0j 1.63045e-07-0j -2.82996e-10-0j 0.00044062-0j -4.24945e-06-0j -0.00282039-0j -0.00792544-0j -0.876185-0j 0.0075896-0j 2.26509e-11-0j -1.00152e-09-0j -2.52209e-10-0j 2.62638e-08-0j 2.3118e-12-0j 2.19317e-12-0j 1.13562e-08-0j -4.53438e-07-0j -1.0557e-10-0j -7.22788e-11-0j -4.32967e-11-0j -3.05158e-07-0j -2.78034e-11-0j 5.13163e-06-0j 1.11227e-13-0j 2.89532e-09-0j 2.01795e-09-0j 9.46351e-10-0j 5.45338e-06-0j -4.94906e-12-0j -3.77865e-08-0j -3.49069e-05-0j -5.71583e-08-0j 1.68597e-10-0j -6.50552e-05-0j 9.7071e-07-0j 0.000106263-0j 0.00068912-0j -0.00510818-0j 1.58211e-05-0j 
-4.58556e-11-0j 2.72711e-09-0j -5.40413e-12-0j -1.01312e-07-0j -4.8336e-12-0j -3.30934e-12-0j 3.29329e-10-0j 2.66845e-06-0j 3.00635e-10-0j -4.77662e-13-0j -4.50344e-13-0j -1.2664e-08-0j -8.44265e-09-0j -5.16765e-05-0j 3.06835e-11-0j -1.99026e-14-0j 3.51599e-07-0j -7.46232e-10-0j 0.000737243-0j -5.27421e-06-0j -0.0075896-0j -0.84634-0j -6.17855e-13-0j 3.64566e-11-0j -7.15028e-14-0j -1.34047e-09-0j -6.30595e-14-0j -5.98235e-14-0j 4.29646e-12-0j 3.48127e-08-0j 3.84287e-12-0j 2.63103e-12-0j -6.10571e-15-0j -1.61877e-10-0j -7.88244e-15-0j -6.60554e-07-0j -3.03395e-15-0j -1.47773e-10-0j 3.79757e-13-0j 3.58038e-13-0j 4.35159e-09-0j -4.64477e-16-0j 2.90106e-09-0j 9.12455e-06-0j -1.5082e-11-0j 1.58232e-14-0j -8.70356e-08-0j 2.5642e-10-0j -8.85612e-05-0j 9.3127e-07-0j 0.000553697-0j -0.005729-0j 
