0.0457854-1.9082e-17j -0.00628372-0.000120272j 0.025918-0.000305148j -0.0571708+0.000975864j 0.0369289+0.000170379j 0.0211788-0.000152163j -0.00693229-0.000126754j 0.0421959-0.000114851j 0.061193-0.000890521j -0.00823257+0.000541658j 0.0197577+0.000501503j 0.0216984-0.00045618j 0.0327464+0.00035466j -0.0176874+5.2907e-05j 0.00153232+0.000309023j -0.0238909+0.000262855j 0.0153128+0.000309746j 0.00158264-0.000314812j 0.00132669+7.67355e-05j -0.0117712+3.78869e-05j -0.0211844-9.87848e-05j 0.00941164+4.75215e-05j 0.00907444+0.000228337j 0.00825413+5.90576e-05j -0.00892948+0.000317268j 0.00449498-0.000259745j 0.0119817+9.48631e-05j 0.00781082+0.000137843j 0.01634+2.64993e-06j -0.0105342-0.000436912j 0.0373244-0.000262742j 0.000631263+0.000184442j -0.00258167+0.000140363j 0.0158883-0.000256554j -0.0618714-0.000104396j 0.0216871-0.000916924j -0.0734154-0.000668863j 0.00905775-0.000725993j 0.0789697-0.000568855j 0.0367806-0.000707216j 0.0318415-0.000324337j 0.0317934-0.00013068j 0.0972187-0.000815848j 0.0187249-1.76445e-05j -0.152542+0.00083372j -0.0159862+0.000128158j 0.0221361+0.000116211j 0.00126779-0.000512519j -0.0298909+5.11383e-05j 0.0015642-5.76623e-05j -0.0392432-0.000422611j 0.0294484+0.000107423j 0.0109322-0.000401766j 0.0170446+0.000226261j 0.00200785+0.000454652j 0.0457785-0.000368213j 0.0713171-0.00113615j 0.00422288+0.00058214j 0.0428649+0.000621681j -0.0650444-0.00141239j 0.074699-0.000169776j -0.0784425-0.000505987j -0.00913185+0.000346188j -0.00280046+9.92259e-05j -0.000334864-0.000380408j 0.0107692-0.000501866j 0.148989-0.00581719j 0.281072+0.000240133j -0.100656-0.00252391j 0.758519-0.00493651j 
-0.00628372+0.000120272j -0.0438052-4.42354e-17j 0.0139378-0.000604517j 0.0524696+7.76858e-06j 0.0109978-0.000107644j 0.00786627-0.000633059j -0.0097633-3.05309e-05j 0.00813546+0.00040201j 0.0753891+0.00028375j -0.0356388+0.000718128j -0.00318253+0.000665025j -0.0266071-5.62961e-05j -0.0422538-0.000334572j -0.00788397-0.000371219j -0.0268484-1.84611e-05j 0.00410873+0.000127154j 0.0122952+2.76849e-05j 0.00535302+2.9208e-05j -0.0182305-9.88045e-05j 0.0101274+0.00022853j -0.02156-0.000561965j -0.00444674-9.33443e-05j 0.00317443-5.63776e-05j 0.00592551-7.7674e-05j -0.0215785-8.35341e-05j 0.0244946+0.000209972j -0.00159372-5.63802e-05j -0.0208293+7.25261e-05j 0.0176061+0.000133726j -0.00929097+0.000115479j -0.00751157-0.000140413j 0.0203978-0.000392318j 0.0202328-0.000112385j 0.0115598-0.000181209j 0.0113764+0.000274818j 0.0214214-0.000335338j 0.0168634-4.57325e-05j -0.00888855-0.000251609j -0.0377907-0.000312185j 0.00150785-0.000644098j 0.0137598-2.56982e-05j -0.0371136+0.000439139j 0.0857513+0.000188688j 0.0104902-0.000265486j -0.0213764-0.00164583j -0.0258609+0.000157947j -0.0639129+0.000568308j 0.086174-6.7257e-05j 0.0391033-0.000282598j 0.0422735-0.000363227j 0.0694163-0.000539189j -0.032517+0.000393259j 0.0857363-0.000929051j 0.00136763-0.00018384j -0.0635271+0.000189188j 0.0567199-0.000655942j 0.0144966+0.0014236j -0.0173666+0.000533867j -0.0712977+0.000604547j 0.0576636-0.00202973j 0.0078295+0.00201208j 0.0378149-0.00242041j -0.0289829+2.23181e-05j -0.00430623+2.64476e-05j 0.0296404-0.000440796j 0.0417551-0.000320851j 0.405065+0.000430433j -0.199109+0.00440224j -0.707554+0.00464278j -0.0957671-0.00256277j 
0.025918+0.000305148j 0.0139378+0.000604517j -0.0907755-1.52222e-16j 0.00629544-0.000305481j -0.0435181+0.000181008j -0.0589715-0.000302687j 0.0636293-0.000437172j -0.0619814-6.9303e-05j -0.346623+0.00167513j 0.206719-0.00085043j 0.0686184-5.94913e-05j 0.0746534-0.000164807j 0.125808-0.000345193j 0.0499117-0.000170185j 0.116411-0.000151059j 0.0741545-0.00045657j -0.0336381-0.000237828j -0.0458768+0.000176759j 0.0298668-0.000476725j -0.037738+0.000430394j 0.049769-0.00103198j 0.0480192-4.83293e-05j 0.00664619+0.000944477j 0.0121097-0.000449737j 0.0345239-0.00031537j -0.0589073+0.000888766j 0.0592005-0.000392073j -0.0260263+3.60104e-05j 0.0215003+6.59413e-06j 0.0211741+0.000111667j 0.000559656+0.000663451j -0.081472+6.47397e-07j 0.00231279-1.50597e-05j 0.040132+0.00027327j -0.0413596+0.00100376j -0.0447368+0.000957339j -0.132685-0.000142785j -0.112038+0.00113768j -0.00582805+0.00120679j 0.0907209-0.000134821j 0.11863-0.00254425j -0.103948+0.00146772j -0.0803328+0.00069101j 0.109294-0.00079842j 0.2456-0.00223851j 0.0290603-0.000112469j 0.0329687+1.11394e-05j -0.113009-3.01566e-05j 0.000359202-0.00129162j 0.0208677-0.000622757j -0.0889047+0.000447925j 0.0470728+0.000221348j -0.131944+0.000645802j 0.0670161-0.00110796j 0.225294-0.00107138j 0.0323371+0.000105019j -0.20963+0.00186947j 0.115054+0.00189221j -0.0569945+0.00166453j -0.00814497+0.00017168j 0.017043+0.000311506j -0.0582811-0.00115493j 0.0102534+4.56519e-05j -0.00221535+4.43291e-05j -0.0157166+0.000539807j -0.0152238+8.95075e-05j -0.396457+0.00214746j -0.0684736+0.00716655j -0.310286+0.0027551j 0.113074+0.00143656j 
-0.0571708-0.000975864j 0.0524696-7.76858e-06j 0.00629544+0.000305481j 0.144046-3.28947e-16j -0.117608-0.000147282j 0.0701949-0.000538882j -0.0303368-0.000422046j -0.16226-9.38868e-05j -0.0716963+0.000489769j -0.191909-0.00017385j -0.157404-2.31212e-05j -0.0977078-0.00186062j -0.0748784-0.000582844j 0.0297645-0.000775778j 0.0118978-9.14061e-05j 0.0795246-0.000521681j 0.0248585+5.59039e-05j 0.0418247-0.000116818j -0.0278519-0.000740588j 0.00357648+0.000157082j 0.11436-0.00126036j -0.0821673+0.000184417j 0.00372178+0.000128379j 0.0631046-0.000432721j 0.0351816+0.000252082j -0.00906495+0.00075958j 0.0374809-0.000817652j -0.0305634+0.000534359j -0.1096+9.40309e-05j 0.0263202+0.00050602j -0.0437544-6.67084e-05j 0.00615121+0.000353619j -0.0289711+0.000275001j 0.0479977-0.00128512j 0.0193832-0.000870288j 0.110377-5.8906e-05j 0.0334027+0.00123418j 0.169539+0.000106027j 0.0093504-0.000925816j 0.043373-0.00074549j -0.152402-0.00234761j -0.0579121+0.00156377j 0.0181793-0.000402039j 0.0466411-0.00138755j 0.227887-0.00231629j 0.0118215+0.000169873j -0.0511705+0.000319263j -0.00326729+0.000318838j 0.0362176-7.07774e-05j 0.0221949-0.000645178j 0.101767+4.66097e-05j -0.0523523-8.749e-05j 0.0569791+0.000671697j -0.0263142-0.000925751j -0.0523256-0.00190727j 0.014246-0.00170067j -0.174338+0.00370882j -0.00856268-0.00104824j -0.131799+0.00229744j 0.289837-0.00278476j -0.235712-0.000475406j 0.343347-0.000536368j -0.00874162+0.000652127j -0.00143139+0.000247612j 0.0688974-0.00106707j 0.0374097-0.00139565j 0.018451-0.00683963j -0.252097+0.00184674j 0.117382+0.00219025j 0.264583-0.00287905j 
0.0369289-0.000170379j 0.0109978+0.000107644j -0.0435181-0.000181008j -0.117608+0.000147282j 0.230869+2.78813e-15j -0.216379+0.00048403j -0.140637+0.000341759j -0.407758-0.000120021j 0.218019-0.00120145j -0.193249-0.000203923j -0.00914424-3.29767e-05j -0.0370382+0.000380065j 0.0872827+0.00056893j -0.168514+0.00170868j -0.120761+0.000400179j -0.0375253+0.00127191j -0.0069603+5.92886e-05j -0.0584932+0.000813772j -0.0170231+0.000292447j 0.0189859-0.000541441j -0.112468+0.000988976j -0.0367153+0.000426692j 0.0142968-9.54176e-05j -0.0921542+0.00037957j 0.00755977-2.59419e-06j 0.0517108-1.25614e-05j -0.0315022+0.000175387j 0.0596913-0.000909161j 0.0814926-0.000965292j -0.0328025-0.000598451j 0.122173-0.000582753j 0.0440579-0.000897733j 0.000565209-0.000287324j 0.0740006-0.000203704j 0.0125817+0.000171274j 0.0290715-0.000458418j 0.146268-0.000251777j -0.0228239+0.00150439j -0.0924701+0.00065458j 0.276265-0.001497j -0.106577+0.00119507j -0.0498099-0.000146099j 0.143954-0.000459504j 0.0912383+0.00054888j -0.0260095+0.00156513j 0.0122985+0.000487436j 0.114403+0.000350481j -0.129752+0.000251946j -0.112188+0.000515274j -0.00806795-8.10179e-05j -0.0837518-4.35497e-06j -0.0460906+0.000369938j -0.0379602-1.38441e-06j -0.0705832+0.000868881j 0.0625533-5.54952e-05j -0.00158781-0.000883317j 0.119484-0.00250329j -0.0493393-0.000404116j 0.121693-0.000667472j -0.0955769+0.00438917j 0.0629322-0.00137765j 0.205551-0.000183408j -0.00280534-1.29656e-05j 0.00845123-3.21575e-05j -0.0294392+0.000643988j -0.0170949+0.000445096j -0.213461+0.00265617j -0.104228+0.00306993j -0.0849647+0.00163876j 0.00869816+0.000993476j 
0.0211788+0.000152163j 0.00786627+0.000633059j -0.0589715+0.000302687j 0.0701949+0.000538882j -0.216379-0.00048403j 0.0383853+3.99355e-15j -0.235116+0.000113729j -0.042425-0.000543682j 0.109398-9.79585e-05j -0.358163+0.000232345j -0.0938439-0.000877148j -0.152355+0.000454863j -0.128946+2.10927e-05j -0.0594905+0.000588742j 0.032266+0.000257923j -0.0666298+0.000509394j 0.026681+6.5041e-05j 0.0683798+0.000778844j 0.0558049-0.000568463j 0.0551875-3.25491e-05j 0.0242379+0.000340711j -0.0359313+0.000795104j 0.0676607+2.55647e-05j 0.0535202-0.000487053j 0.0177588+0.000340426j 0.0186674-9.58282e-05j 0.0785497-0.000972932j -0.0316549-9.98192e-05j -0.0395486-0.00120131j -0.0228074-0.000163143j 0.0943283-0.000700912j 0.0450944-0.000623321j -0.00116002-0.000424172j 0.0157438+4.2212e-05j -0.00697423-0.00172738j 0.0938085+0.000241214j -0.0618139-0.000586688j -0.0392152+0.000451069j -0.0502848+0.00196189j -0.0343081+0.000849519j -0.234174+0.000397722j 0.10599-0.000765742j -0.209983+0.00136818j -0.126874+0.00144085j -0.0203612+0.00262571j -0.0169799-0.000211313j -0.110453-0.000309546j 0.0438662-0.00126202j 0.00792653+0.000739739j 0.0407467+0.00153112j 0.0394899-5.56774e-05j 0.0465914+0.000317294j 0.014024+0.0004928j -0.0434982+0.00129202j -0.1142+0.0034602j 0.0442982+0.000510043j 0.0151025-0.00222595j 0.170446+0.00209938j 0.00317206-0.000929333j 0.153197+0.000958337j 0.06182-0.00147986j -0.331631+0.00194112j 0.03544-0.000518373j 0.00431755-6.72822e-05j 0.00158934+0.0001517j -0.0496276+0.00109883j -0.299223+0.00157695j 0.160233+0.00140093j -0.160771-0.000312134j -0.0163479+0.00271324j 
-0.00693229+0.000126754j -0.0097633+3.05309e-05j 0.0636293+0.000437172j -0.0303368+0.000422046j -0.140637-0.000341759j -0.235116-0.000113729j -0.0189154-8.65844e-16j -0.439217-0.000542823j -0.191612+0.000363434j 0.0247037+0.000106618j -0.0267151-0.000621707j -0.0990658+7.8463e-05j 0.0990264+1.08634e-05j 0.00551358-8.72202e-05j 0.00893465+0.000358357j 0.0850362+0.00047925j -0.107468-0.000646059j -0.032478+0.000329389j 0.0203718-0.00034133j -0.0122201-0.000692966j 0.138257-0.000634151j -0.0325843+0.000147492j -0.0662888+0.000363121j 0.0545688-0.000377278j 0.0342212-0.000646336j -0.0779522+0.00105701j 0.0444247-0.000597702j 0.00742495-0.000673362j -0.0370918+0.000519797j 0.00742165-0.000115861j -0.0470703-0.000370716j -0.0729907-0.00052601j -0.0563311-9.4145e-05j 0.175005-0.000294298j 0.0496566+0.00118714j -0.0374587+6.17072e-05j -0.0409808+0.000165871j 0.117105-0.000753864j -0.296127+0.00207917j 0.00166254+0.000103487j 0.0153377-0.000462935j -0.0235417+0.000188851j -0.0117571+0.000477262j -0.03921-0.00036044j -0.0779751-0.000304635j 0.0399157-4.25107e-05j 0.0796969-0.00013924j -0.0140813+9.86273e-05j 0.0316636-0.00118528j -0.00713674+5.60081e-05j -0.045323-9.15663e-05j 0.0208348+0.000188137j -0.207342+0.000476773j -0.0360606+0.00038386j -0.107249+0.00132014j -0.033121+0.00120822j -0.00797648-0.000259681j 0.0198886-0.000564798j -0.0354024-0.000231593j -0.137644-0.00267011j -0.224758+0.00238464j -0.251025+0.000809727j -0.0119777+7.68199e-05j -0.013544+0.000256165j 0.0162408-0.000124094j -0.0365109+0.000402267j 0.295637-0.00110421j 0.140374-0.00264465j 0.0462784-0.00216363j -0.0298018-0.000886137j 
0.0421959+0.000114851j 0.00813546-0.00040201j -0.0619814+6.9303e-05j -0.16226+9.38868e-05j -0.407758+0.000120021j -0.042425+0.000543682j -0.439217+0.000542823j 0.24613-1.39049e-15j -0.113424-0.000775489j -0.0370396-0.000139466j 0.079532-0.000621243j -0.127182+0.000316177j 0.0424787+1.76358e-05j -0.0827931+0.00127844j 0.210337-0.000962051j -0.168949+0.000409224j -0.0757143+0.000183634j 0.025307-0.000159851j 0.173961+0.000182516j 0.0643283-0.00032202j -0.0459665+0.000558626j 0.0593909+0.00010167j -0.00280198+0.000892675j 0.0342335-0.000184723j -0.106585+0.000107821j -0.0106533-0.000460191j 0.0406608-0.00113464j -0.0667217-8.40559e-05j 0.0512706-0.000300709j 0.0357966-0.000647499j 0.0377979-0.0011693j 0.0360626-0.000938841j 0.0321079+0.00147868j -0.126849+0.000476444j -0.0372822+0.000146137j 0.00714594+0.000787156j -0.0836695+0.00044762j 0.21773-0.000643634j -0.000177119-0.000237776j 0.0481672+0.00023723j 0.0953145-0.000494267j -0.00182616-0.000324628j 0.0541884+0.000267955j 0.0693249+0.000624527j 0.00485962-0.000302276j 0.0585028-5.652e-05j 0.0798313+0.000591705j -0.0596021-0.000345856j -0.0679439+0.00051925j 0.00795773-0.000473282j 0.0107855-0.000180037j 0.0018479+4.44809e-05j -0.072311+0.0003418j -0.0118011-0.000620323j -0.0113714-0.000555237j -0.150703-0.000102506j 0.0111354-0.000130449j -0.0540526-0.000210206j 0.110121-0.00100095j -0.193782+0.00204245j -0.0434517+0.000875653j 0.206949-0.0005046j 0.00173804-0.0001196j 0.0141179-0.000143083j -0.0151296+0.000132856j 0.00676717-9.91362e-05j 0.0619406+0.000873311j -0.0634299+0.000651238j -0.0170784+0.000728889j -0.00897467-0.00024837j 
0.061193+0.000890521j 0.0753891-0.00028375j -0.346623-0.00167513j -0.0716963-0.000489769j 0.218019+0.00120145j 0.109398+9.79585e-05j -0.191612-0.000363434j -0.113424+0.000775489j -0.134108+2.48912e-13j -0.0708956-0.000164135j 0.0748083+0.000398898j 0.23889-0.000459599j 0.0999129+0.000542656j -0.132462+0.000702709j 0.126972-0.00093055j 0.0365361+0.000492531j 0.0147959-0.000559096j -0.0492842-3.34364e-05j 0.137527+0.000200121j -0.00427846+0.000209342j -0.0752601+0.000321217j 0.0383454-7.04263e-05j 0.0545277-0.00069521j -0.107527+0.00044994j 0.0296915+0.000600903j -0.0272027+0.000418541j 0.0517287-0.00050398j 0.0556886-0.00065072j -0.016273+0.0011858j -0.110654-0.000971683j 0.159944-0.000467947j -0.0757642+0.000190073j -0.0870857+0.00196351j -0.023249-0.000620266j -0.00409337+0.000772225j -0.192419+0.00141497j -0.231469-4.32929e-05j -0.0240255-0.00222446j 0.119274-0.000762422j 0.224669-0.00108215j -0.113473-0.000677457j 0.0483255+0.000698604j -0.0757565+7.02645e-05j -0.00515132+8.61164e-05j 0.0545374-0.00184366j -0.000546554+0.000217598j -0.0441151+0.000789935j 0.110099-0.000907243j -0.00617796-0.000483797j 0.0955156-0.000361931j 0.0810097-0.000291673j -0.0541083+0.0015688j 0.0536959-0.000982623j -0.0162991-0.0001897j 0.0254484-0.00139972j 0.0335957+0.00126806j -0.125388+0.00152897j 0.0560004-0.00050801j -0.02935+0.00153034j 0.200976-0.00419236j 0.0450545+0.00114436j -0.0176482-0.00181418j -0.014889+0.000369576j -1.05378e-05+0.000147821j 0.0404197-0.000820852j 0.0537894-0.0009341j 0.259377-0.00349331j 0.0877776-0.0037157j 0.0948887-0.00201437j -0.0796121-0.00105237j 
-0.00823257-0.000541658j -0.0356388-0.000718128j 0.206719+0.00085043j -0.191909+0.00017385j -0.193249+0.000203923j -0.358163-0.000232345j 0.0247037-0.000106618j -0.0370396+0.000139466j -0.0708956+0.000164135j 0.0805979+2.17209e-15j 0.143398+0.000154359j -0.0920538+0.00040594j 0.233239+0.000120943j 0.101116-2.02742e-05j -0.0433709-0.000251588j -0.0846821-0.000263025j -0.0281263+0.000925684j 0.0163484+2.68758e-05j -0.0147367-0.000636126j -0.00535627-0.000450832j 0.11103+0.000176493j 0.0911693-0.000461111j -0.0762616+0.00093128j 0.0846037+0.000145554j -0.042712-0.000292269j -0.0869314+0.000171101j 0.0218271-0.000151193j 0.0356655+0.00013616j 0.0703187+0.000493486j 0.0513802-0.00086329j 0.120504-0.000314144j 0.0384665+0.000261693j 0.0167442+0.00061089j 0.0502212-0.00109468j -0.182778-0.000339538j -0.116985-0.000697245j 0.142885+0.000878357j -0.0762473+3.39157e-05j 0.0992805-0.000589233j 0.0341292-0.000433956j -0.0224732-0.000101486j 0.0212388+0.000384487j -0.0328511-0.000257629j -0.0189583-3.24092e-05j -0.0293465-0.00114588j -0.047116-0.000197638j -0.123483+0.000239206j 0.0847482+0.000854192j 0.0284269-0.000567612j 0.0849322-0.000600745j 0.037314-5.8755e-05j -0.0458361-0.000482767j 0.0540095+0.000712997j 0.0268767-0.000700665j -0.02581-0.000339271j 0.01624-0.00179908j 0.0465428+0.00135045j -0.18594-0.000303721j 0.0281258+0.00145549j 0.437508-0.00239199j 0.2528-0.00181783j 0.0437197+0.000456281j 0.0146523+0.00018658j -0.0163523+0.000372772j -0.0212394-0.000233843j 0.0293896-0.000614399j 0.00811579-0.00235463j 0.0287633-0.00242572j 0.0199051-0.000205396j -0.0179976-0.000131066j 
0.0197577-0.000501503j -0.00318253-0.000665025j 0.0686184+5.94913e-05j -0.157404+2.31212e-05j -0.00914424+3.29767e-05j -0.0938439+0.000877148j -0.0267151+0.000621707j 0.079532+0.000621243j 0.0748083-0.000398898j 0.143398-0.000154359j 0.084071+2.03613e-16j -0.0367727+0.00111708j 0.0577727-0.000305081j -0.0622714+0.000932237j -0.0356045+0.000430982j -0.145511-0.000225171j -0.0122426+0.000736632j -0.0374204+0.000515067j -0.00741282+2.61001e-05j 0.068749+7.40761e-05j -0.0958801+0.000990186j 0.0448662-0.000308236j 0.0173372+0.000634237j -0.0246895+0.000394624j 0.0217317-0.00056298j -0.00142896-0.000688004j -0.0481731+0.000171957j 0.0833425-0.000644414j -0.0206141-0.00118862j 0.11712-0.000630083j 0.00768011-0.000656357j -0.170953+0.000228864j -0.0302252+0.000631749j -0.0981188-0.000769361j -0.0669305+0.000623587j 0.0950668-0.000986098j -0.213589+0.000412153j -0.227281+0.000249518j -0.213238+0.00124755j 0.16628-0.00112999j -0.0571407+0.000504739j -0.0155176-0.000178359j -0.0609652-0.00039835j -0.129532+0.00108498j -0.0555262+5.05475e-05j -0.022809+1.87217e-05j -0.0686986-0.000133208j 0.112829+0.000514799j 0.0837519-0.000277875j 0.0914947-6.87645e-05j -0.0263196+0.000989467j -0.0291407-0.000540929j 0.112176+0.000919111j 0.00698006-0.000107828j -0.168561+0.000956692j 0.0235768-0.00157174j 0.118774-0.000429991j 0.153036-0.00189125j -0.384196+0.00101358j -0.0982057+0.00229873j -0.0714058-0.00231996j -0.0652039+0.000356043j -0.00228649-7.71681e-05j 0.027358-4.21316e-05j 0.00608366+0.000299984j -0.0316983+0.000709162j -0.0315593+0.00191886j -0.329876+0.00323974j 0.117031+0.00157998j 0.0912386-0.00178877j 
0.0216984+0.00045618j -0.0266071+5.62961e-05j 0.0746534+0.000164807j -0.0977078+0.00186062j -0.0370382-0.000380065j -0.152355-0.000454863j -0.0990658-7.8463e-05j -0.127182-0.000316177j 0.23889+0.000459599j -0.0920538-0.00040594j -0.0367727-0.00111708j -0.12347+2.12395e-16j 0.0325255-5.76601e-06j -0.121787+0.000226632j -0.0727275+0.000471925j -0.10425+0.000816891j -0.022281+0.000825819j 0.00789605+0.000555574j -0.0452509-0.000138182j 0.0402351-0.000691658j -0.0474573+0.000159965j -0.0279098-0.000739811j -0.0124484+0.000127132j -0.0583244+0.000369274j -0.00467329+0.000170011j 0.0460936+0.000800616j -0.0621046-0.000184937j 0.044738-0.000441016j 0.0315224+0.000552973j -0.0336522-0.00159366j 0.0583604-0.00110241j 0.0822887+0.00021078j -0.0558386+0.00126107j 0.152569+0.000187247j 0.0132826+0.000776445j 0.0804178-0.000833073j -0.155727+0.000194202j -0.00680712-0.00161735j 0.207007-0.00116022j -0.26829-0.000387975j 0.367081-0.00193119j -0.0518285+0.00106043j -0.00192996-0.00077903j 0.0218245-0.00120336j 0.148587-0.0010289j -0.0779655+0.00017325j -0.143804-0.000221844j -0.0161569+0.000303046j 0.0728442-0.000414167j 0.106603-0.000275415j 0.0173684-0.000257189j 0.0684285+0.000799583j 0.0210833-0.000456432j 0.110785-0.000308477j 0.186574-0.000296492j 0.246708+0.000683646j -0.261828+0.0014569j 0.206814+0.0019102j -0.0470305+0.00305996j -0.0916568-0.0028854j 0.0239811+0.00175173j 0.013594-0.0027601j -0.0380827+0.00026986j -0.00889709+5.06592e-05j 0.0303631-0.000266674j 0.0641249-0.000676003j 0.0519142-0.000839233j 0.00381688-7.93858e-05j 0.0975702-0.000891386j -0.0348082-0.000891033j 
0.0327464-0.00035466j -0.0422538+0.000334572j 0.125808+0.000345193j -0.0748784+0.000582844j 0.0872827-0.00056893j -0.128946-2.10927e-05j 0.0990264-1.08634e-05j 0.0424787-1.76358e-05j 0.0999129-0.000542656j 0.233239-0.000120943j 0.0577727+0.000305081j 0.0325255+5.76601e-06j 0.115571+3.18213e-15j -0.00562796-0.000430295j -0.0765508+0.000366253j -0.0712415-6.58367e-06j -0.0252717+0.000814843j -0.0281204+0.000618637j -0.115431+0.000320388j 0.000772873-8.39017e-05j -0.0200497+0.000433348j 0.0522755-0.000183644j -0.0457278-0.00010338j -0.0715776+0.00166744j -0.0798272+0.000703263j 0.0161183+0.000201606j -0.129812+0.00145648j 0.00765711+0.000373974j 0.0743313-0.000831984j -0.0728867+0.00036208j -0.0820124-0.000273619j 0.110981+0.000239889j 0.120331-0.000838726j 0.099632-0.000230039j -0.096428-0.000912649j -0.0591787+0.00238721j -0.296166+0.00105718j 0.330454-0.000192932j 0.0286637-0.000130092j -0.0361391+0.00150165j -0.350124+0.00109971j 0.219932-0.00113447j -0.0712684+0.00103898j -0.0112086+0.000778204j 0.00786858+0.00134728j -0.0132321-0.000251891j -0.0352026-0.000288641j 0.00877218-0.000970094j -0.0437616-0.000131775j -0.00824428+0.000570515j 0.0995591-0.0010642j 0.0104502+0.00123215j 0.107127-0.000941519j -0.0285689+0.0006607j -0.0101792+0.000282055j -0.0853903+0.00139386j -0.103052+0.000345651j 0.221595+0.00116533j 0.199739-0.00266339j 0.031051+0.00229184j -0.275001+0.00205639j 0.0737346+0.000274312j 0.0111686+1.97777e-05j -0.000639795+0.000289547j 0.0550372-2.48671e-06j 0.00727663-0.000398976j -0.0676871-0.00120517j 0.0259461+0.00122212j -0.0798452+0.000348104j -0.0122806+0.00130773j 
-0.0176874-5.2907e-05j -0.00788397+0.000371219j 0.0499117+0.000170185j 0.0297645+0.000775778j -0.168514-0.00170868j -0.0594905-0.000588742j 0.00551358+8.72202e-05j -0.0827931-0.00127844j -0.132462-0.000702709j 0.101116+2.02742e-05j -0.0622714-0.000932237j -0.121787-0.000226632j -0.00562796+0.000430295j -0.00156324-1.48232e-15j 0.0735048+0.000655732j 0.0313105+0.000922306j -0.100939-0.000678337j -0.065747-0.000283408j 0.0232749+0.000250735j -0.0178173+2.98942e-05j 0.00102749-7.95743e-05j -0.021871+0.000728074j -0.0128895+0.000749808j 0.0153546-0.000430734j -0.00257734-0.00013191j -0.00611259+0.000509535j -0.00146848-0.000155889j -0.0792522-0.00104908j 0.0833976-0.000187018j 0.0865079+5.51575e-05j -0.166378+0.000255288j -0.0425073-0.00158846j 0.0401768-0.000286791j 0.0985781+0.000509003j 0.329828+0.00140355j 0.0187644-0.00128577j 0.0270277-0.00113221j -0.265753+0.00079875j 0.435069-0.000439957j 0.112775-0.000537317j -0.394242+0.00184206j 0.0255694-0.000256196j 0.0630733-0.00113276j -0.0508606+5.63906e-05j -0.0480877+0.001226j 0.018876+0.000232023j -0.111613+0.00109042j 0.0466649-0.000841607j -0.0963093+0.000426595j 0.00848891+0.000385638j 0.0927856-0.000867939j -0.0655415+0.000794651j 0.0675536-0.00130399j -0.0201762+0.000729207j 0.0394414-1.76041e-05j 0.132607+0.000919222j -0.00248208-0.00221195j 0.0635167+0.00105083j -0.022509-0.000748038j -0.241938+0.000797355j 0.104381-0.000200114j 0.0507273-0.00192104j 0.00698663-0.000432917j 0.00501633+4.8167e-05j 0.0251302-0.00024864j 0.0382913+0.000225745j 0.0487644+0.00216062j 0.0249096+0.000331312j 0.0180278-0.000461666j -0.0100672-2.82209e-05j 
0.00153232-0.000309023j -0.0268484+1.84611e-05j 0.116411+0.000151059j 0.0118978+9.14061e-05j -0.120761-0.000400179j 0.032266-0.000257923j 0.00893465-0.000358357j 0.210337+0.000962051j 0.126972+0.00093055j -0.0433709+0.000251588j -0.0356045-0.000430982j -0.0727275-0.000471925j -0.0765508-0.000366253j 0.0735048-0.000655732j -0.087997+1.87144e-15j -0.0684404-0.000224317j 0.0598964+0.000198849j 0.082998-0.000561675j -0.0446716+0.000492466j 0.0688429+0.000380156j 0.0954144-0.000838787j 0.0647574+0.00087325j -0.0501103+0.000236395j 0.0562807-0.000336253j -0.0741486+0.000438999j 0.00475359-0.000338694j -0.0464698-0.000228062j -0.0540835+0.000186329j -0.148782-0.000279223j -0.120519-0.000181055j -0.123661+5.01765e-05j 0.201704+0.000116708j -0.075594-0.000394711j 0.0797395+0.000309804j 0.111155+0.000359363j -0.142769-0.000712373j -0.181858-0.000934925j -0.180944+0.00119547j -0.148991+0.000420406j 0.382327+0.00018671j -0.0366117-0.00038662j -0.106714+0.00153103j 0.23934-0.00112327j 0.197749-0.000850345j -0.017636-0.0011944j 0.0588482-0.000204012j 0.107566-0.000123588j -0.194594+0.000806216j -0.0904988+0.000222563j 0.0281971+0.000239616j -0.118451-3.31216e-05j -0.0284098+0.00125668j 0.0089382+0.000365953j 0.0822126+3.84623e-07j 0.159133-0.00182184j 0.0757463+0.00129582j -0.0551028+0.000435118j 0.105959-0.000333599j -0.0471811+0.00199249j 0.160194-0.00320624j -0.0676974+0.000432204j -0.084572-0.0015321j -0.0319579+0.00057366j -0.011278+0.000443381j 0.0274415-0.00025798j 0.0463782-0.000853466j 0.0614849-0.00293569j 0.103719-0.00218824j 0.0495153-0.00209325j -0.0937148-0.000149419j 
-0.0238909-0.000262855j 0.00410873-0.000127154j 0.0741545+0.00045657j 0.0795246+0.000521681j -0.0375253-0.00127191j -0.0666298-0.000509394j 0.0850362-0.00047925j -0.168949-0.000409224j 0.0365361-0.000492531j -0.0846821+0.000263025j -0.145511+0.000225171j -0.10425-0.000816891j -0.0712415+6.58367e-06j 0.0313105-0.000922306j -0.0684404+0.000224317j -0.0657721-2.46808e-15j 0.0429209+0.000279477j -0.0347852+0.000848213j -0.0492165-0.000789243j 0.0354737+6.50806e-05j 0.0394267-3.73237e-05j -0.0795392+0.000325366j 0.0974434-0.000775688j 0.0146908+0.000536448j 0.105332-0.000271772j -0.0364037+0.000415619j 0.0157811-0.000327089j -0.0107426+0.000323307j -0.0828213-9.14785e-05j 0.078571+0.00102227j -0.050827-0.000221042j -0.148024+0.0011663j 0.248422-0.000131907j -0.334343-8.042e-05j 0.0301748-0.000820415j -0.471151+0.00306091j -0.0753646+0.000547492j 0.149812-0.00137411j 0.0904826-0.000142628j 0.0873741+0.000325011j 0.188778-0.000685964j -0.0417517+0.000100604j 0.0348108+0.000360739j 0.106009-0.000473691j -0.00992275+0.000268604j -0.017045-0.000212123j 0.044829-0.00125065j 0.0660124-0.000163437j 0.066929-0.000809841j 0.124433+0.00063976j 0.0532214+0.000456132j -0.157734+0.0020758j 0.154645-0.000645158j 0.0640565-0.000332534j -0.0586003+0.0012774j -0.209428+0.00172131j 0.0036409+0.00187188j 0.176831-0.00107914j -0.0442284+1.07854e-06j -0.0880178+0.00059671j 0.13431-0.000485289j 0.0116281-0.000479635j 0.00834046+0.000189867j 0.0427081-0.000266225j -0.0611354+0.000784057j 0.0171625+0.00010489j -0.0529081+0.000373685j 0.0653842-0.000562594j -0.022469+1.01842e-05j 0.01506+0.000833854j 
0.0153128-0.000309746j 0.0122952-2.76849e-05j -0.0336381+0.000237828j 0.0248585-5.59039e-05j -0.0069603-5.92886e-05j 0.026681-6.5041e-05j -0.107468+0.000646059j -0.0757143-0.000183634j 0.0147959+0.000559096j -0.0281263-0.000925684j -0.0122426-0.000736632j -0.022281-0.000825819j -0.0252717-0.000814843j -0.100939+0.000678337j 0.0598964-0.000198849j 0.0429209-0.000279477j -0.0156895-9.97466e-17j 0.0453177+0.000130633j -0.00327499-0.000666996j 0.00583631+4.40358e-05j -0.0090986+0.000404944j -0.0462877+0.00011363j -0.115943+0.000392387j -0.145764+0.000280222j -0.00713482+0.000415768j 0.019437-1.19607e-05j -0.033338-0.000875302j -0.0599276+0.000888291j -0.145335-0.00108093j 0.0743514+0.000427734j -0.308942+0.000256062j 0.184653-0.000750865j -0.335603+0.000411834j -0.0591376+0.000452531j -0.372272+6.23096e-05j -0.307254+0.00128665j 0.144601+0.000763546j -0.215807+0.00129476j 0.06833-0.000252088j -0.0605984-0.000315548j -0.0254991+0.000616196j 0.0544638-0.000302804j 0.0123544+0.000908466j -0.11364+0.000672204j -0.0983597+0.000121455j -0.0246391-0.000222441j -0.103925+0.00019289j 0.0708091+4.54621e-05j 0.0639539+0.000465373j 0.134453-0.000119483j 0.0294082+8.06436e-05j -0.0984966+0.000930672j -0.0395578-0.000323981j 0.140368-0.000885443j 0.152449-0.00172041j -0.0727833+0.000830748j -0.000320096+0.00145302j -0.123897+0.001496j 0.0904689-0.00346616j -0.0831319+0.00310679j -0.197887+0.00151273j -0.0565285+0.000768049j -0.00219377-9.81838e-05j -0.0217054+0.000349606j -0.0249629+0.0002393j 0.0239457-0.000484568j -0.0429718+0.00039681j -0.0895133+0.00266116j -0.01982+0.00128993j 0.053588+7.77424e-05j 
0.00158264+0.000314812j 0.00535302-2.9208e-05j -0.0458768-0.000176759j 0.0418247+0.000116818j -0.0584932-0.000813772j 0.0683798-0.000778844j -0.032478-0.000329389j 0.025307+0.000159851j -0.0492842+3.34364e-05j 0.0163484-2.68758e-05j -0.0374204-0.000515067j 0.00789605-0.000555574j -0.0281204-0.000618637j -0.065747+0.000283408j 0.082998+0.000561675j -0.0347852-0.000848213j 0.0453177-0.000130633j -0.0603075-1.1202e-15j 0.0238517-0.000206173j 0.0642646+4.23888e-05j -0.058112-0.000992004j 0.0267231+0.00046181j 0.131738+0.00129904j -0.0555909+0.00045743j -0.0880285-0.000625735j 0.0295802+6.6216e-05j 0.0165571+0.000748855j -0.0747798-0.000323455j -0.206212+1.40876e-05j -0.0855657+0.00089471j -0.0395393-0.00018382j -0.153789+0.00086136j 0.439307-0.00173107j 0.427235-0.000857369j -0.355358-0.000269905j -0.0651431+0.000320844j 0.26021-0.000235989j -0.0588052+0.00100547j -0.0411515-7.69388e-05j 0.0337908-0.00039858j -0.0125114+0.000217853j -0.000481661+0.000617395j -0.0543683-0.00096304j 0.0368601+0.000437621j 0.0374542-9.67441e-05j -0.0241605-0.000486832j -0.0819224-0.000996994j -0.07969+0.000845563j 0.0190471+0.000575954j -0.0755244+0.000610437j -0.0261683-0.000344951j 0.0433576-0.000285399j 0.0489975+0.000244781j 0.051474+0.000653257j 0.11442-0.000444352j -0.00265458+0.00096547j 0.164681-0.00119049j 0.204658+0.000419113j 0.0170741+0.00139053j -0.0198408-0.00101591j 0.0342332+0.000727693j 0.0211851-0.000211114j -0.0393596+0.000219831j -0.0130382+0.00019691j 0.00655952-5.19417e-05j -0.0113632-0.000196517j 0.109257-0.000623229j -0.0324116-0.000518155j 0.0596677-0.000616893j -0.00544698-0.000731643j 
0.00132669-7.67355e-05j -0.0182305+9.88045e-05j 0.0298668+0.000476725j -0.0278519+0.000740588j -0.0170231-0.000292447j 0.0558049+0.000568463j 0.0203718+0.00034133j 0.173961-0.000182516j 0.137527-0.000200121j -0.0147367+0.000636126j -0.00741282-2.61001e-05j -0.0452509+0.000138182j -0.115431-0.000320388j 0.0232749-0.000250735j -0.0446716-0.000492466j -0.0492165+0.000789243j -0.00327499+0.000666996j 0.0238517+0.000206173j 0.0272392-3.82528e-15j -0.0402458+0.000356137j -0.118812+0.000678936j -0.0531937-0.00013143j 0.0312197-0.00126323j 0.0946449+0.000284582j 0.0558913+0.000177991j 0.0834114-0.000260933j 0.0856902+0.000405932j 0.00763237-0.000686602j 0.295719+0.000412998j 0.10986-0.000833007j -0.0110078-0.000885466j -0.315669+0.00150377j -0.341978+0.00151333j 0.37115-0.000200047j -0.083082+0.000322695j -0.375871+0.00197859j 0.0613015+0.000474093j 0.21465-0.00205418j -0.00646032-0.000781152j 0.039142-0.000435522j -0.135917-0.000724149j -0.104895-6.88712e-05j -0.0120262+0.000512733j 0.0544536-0.0010666j 0.097712+0.000178637j 0.0294401+1.60679e-05j 0.00994091+2.39047e-05j 0.0115681-0.00129096j 0.0343234-0.000771553j -0.0740287-0.000255827j -0.0779505-8.71696e-05j -0.0100558+0.000616537j -0.041794+8.10996e-06j 0.0101384-9.9411e-05j -0.100178+0.00186627j 0.0777922-0.000488873j -0.0786686+0.000380684j -0.0667672-0.000669457j -0.122486+0.00172382j -0.0569914-0.000246629j 0.0506729-0.000510909j -0.00909947-0.000349942j 0.0128535+0.000294441j -0.0345183+0.000990564j -0.0114356+0.000649375j -0.0359649+0.00066949j -0.0499303+0.00102534j 0.0230251+3.72216e-05j -0.0141877+2.67314e-05j -0.00747429+0.000269297j 
-0.0117712-3.78869e-05j 0.0101274-0.00022853j -0.037738-0.000430394j 0.00357648-0.000157082j 0.0189859+0.000541441j 0.0551875+3.25491e-05j -0.0122201+0.000692966j 0.0643283+0.00032202j -0.00427846-0.000209342j -0.00535627+0.000450832j 0.068749-7.40761e-05j 0.0402351+0.000691658j 0.000772873+8.39017e-05j -0.0178173-2.98942e-05j 0.0688429-0.000380156j 0.0354737-6.50806e-05j 0.00583631-4.40358e-05j 0.0642646-4.23888e-05j -0.0402458-0.000356137j -0.0376828+1.24254e-14j 0.0158675+0.000367457j -0.0435755-0.000292567j 0.0222884-0.000453468j 0.0179006+0.000212056j -0.0114396-0.000155711j 0.0682198-0.000161565j -0.0553698-0.000223105j 0.0744152-8.36386e-05j -0.0988832+0.000411602j 0.351493-0.000246189j 0.238952-0.000790944j 0.354544-0.000346163j 0.197403-0.000104454j 0.299622-5.45152e-05j 0.345794+0.00119383j -0.36048+7.31174e-05j -0.0758721+1.98846e-06j -0.0204457-0.00171602j -0.104476+8.13305e-05j -0.03171-0.000904267j 0.107441+0.00126144j 0.0562754-0.000898701j -0.0647694+0.000724045j -0.0943266+0.00107037j -0.0735014+0.000619376j 0.0491668+0.000100998j -0.0186057+0.000371312j 0.0451287+8.02462e-05j -0.021051-8.46151e-05j -0.0022946-0.000439145j 0.141672+0.000612374j 0.00388541-0.000573445j -0.128456+4.23617e-05j -0.0796445+0.000100668j 0.0208464+0.000728891j 0.075606-0.000424571j 0.0721672+0.000439178j -0.0480323-0.000681382j 0.0564719-0.00195221j 0.0226641+0.00117203j -0.0238542+0.000228652j -0.00181602+0.0008939j 0.00676654-1.27509e-05j -0.029495+0.00026252j -0.0162091+0.000356038j 0.00167736+0.000395513j -0.0444489+0.00167486j -0.169287+0.0020478j 0.0159127+0.0017959j 0.0855893-0.000661491j 
-0.0211844+9.87848e-05j -0.02156+0.000561965j 0.049769+0.00103198j 0.11436+0.00126036j -0.112468-0.000988976j 0.0242379-0.000340711j 0.138257+0.000634151j -0.0459665-0.000558626j -0.0752601-0.000321217j 0.11103-0.000176493j -0.0958801-0.000990186j -0.0474573-0.000159965j -0.0200497-0.000433348j 0.00102749+7.95743e-05j 0.0954144+0.000838787j 0.0394267+3.73237e-05j -0.0090986-0.000404944j -0.058112+0.000992004j -0.118812-0.000678936j 0.0158675-0.000367457j -0.0401082+4.29171e-15j 0.0262696-0.000823502j 0.0713203-0.000362891j 0.0498554+9.46847e-05j -0.0530995+4.4565e-05j 0.0394025-0.000248004j -0.259473-0.000707563j -0.339875+0.000746025j -0.0572477-0.000598952j 0.0301789+1.10683e-05j 0.483804-0.00152817j 0.0555011-0.000874183j -0.305824+0.00179163j -0.118621-0.000128063j -0.0914161-0.000456758j -0.0134312+0.000142993j 0.111976+0.00108205j 0.0856881-9.46675e-05j -0.101956-0.000545615j 0.115068+2.51986e-05j -0.0283562-0.00063299j 0.0989566-0.000376187j -0.0411023+0.00100248j -0.0380049-0.00123496j 0.117798+0.000622625j -0.00736999+0.000176445j 0.028383-0.000185888j 0.00750406-0.000632095j 0.00124202+0.000354147j 0.0993134+0.000457945j -0.0061815-0.000137201j 0.0351681+0.000956601j 0.18704-0.00030467j -0.0872134+0.00115005j 0.150158-0.000718283j 0.110871+0.00100707j 0.133511-0.00202649j 0.105316+0.00111473j 0.0597468+0.000449405j -0.103767+0.000173955j 0.0470303+0.000839089j 0.00737401-0.000781025j -0.0163426+9.75591e-05j 0.0134776-6.07217e-05j -0.0286457+6.38362e-05j 0.017955+2.21751e-06j 0.0656316-0.000433582j 0.0175532+0.000423793j 0.0287853-0.000707124j -0.00648237-0.000282653j 
0.00941164-4.75215e-05j -0.00444674+9.33443e-05j 0.0480192+4.83293e-05j -0.0821673-0.000184417j -0.0367153-0.000426692j -0.0359313-0.000795104j -0.0325843-0.000147492j 0.0593909-0.00010167j 0.0383454+7.04263e-05j 0.0911693+0.000461111j 0.0448662+0.000308236j -0.0279098+0.000739811j 0.0522755+0.000183644j -0.021871-0.000728074j 0.0647574-0.00087325j -0.0795392-0.000325366j -0.0462877-0.00011363j 0.0267231-0.00046181j -0.0531937+0.00013143j -0.0435755+0.000292567j 0.0262696+0.000823502j -0.180006-1.04246e-15j 0.0558384-0.00142314j 0.0767958+0.000325858j -0.180438+0.000151587j -0.0440835-6.08804e-05j -0.0367103-8.51571e-06j 0.123904-0.000283513j -0.2285+0.0011336j -0.598638+0.000389455j 0.143306+0.000316182j -0.192208+0.000642808j -0.130484-0.000579356j 0.0110716+0.000355384j 0.262914+0.000239291j -0.168369+0.00118217j 0.169684-0.000784656j -0.0903915-0.00152273j 0.0590868-0.00110168j -0.0299113-0.000852916j 0.0805043+0.000144443j -0.00752058-0.000276459j -0.0263444+0.000446627j -0.101693+0.000618054j -0.0207633+0.000166452j 0.044262-0.000344931j -0.031716-9.1704e-05j 0.00993198+0.000489058j 0.0281906-0.00041553j -0.112029+0.000485629j 0.0308913+0.000539978j -0.0627866-6.88544e-05j 0.0495435-0.00147683j -0.0807587-1.40792e-05j -0.0351025+0.000951039j -0.0363726-2.65882e-06j -0.00150592+0.00173453j 0.00693781-0.000403887j 0.0336771-0.00223774j 0.0148853+0.00131539j -0.157557+0.00127781j -0.00275667+0.0016745j -0.0329048+0.000666447j 0.0037128-1.62476e-05j 0.0179465+0.000200171j -0.0106602+0.000143872j -0.0873925+0.000574169j -0.0720712+0.0011938j -0.0427072+0.00157453j 0.0686761+0.000337119j 
0.00907444-0.000228337j 0.00317443+5.63776e-05j 0.00664619-0.000944477j 0.00372178-0.000128379j 0.0142968+9.54176e-05j 0.0676607-2.55647e-05j -0.0662888-0.000363121j -0.00280198-0.000892675j 0.0545277+0.00069521j -0.0762616-0.00093128j 0.0173372-0.000634237j -0.0124484-0.000127132j -0.0457278+0.00010338j -0.0128895-0.000749808j -0.0501103-0.000236395j 0.0974434+0.000775688j -0.115943-0.000392387j 0.131738-0.00129904j 0.0312197+0.00126323j 0.0222884+0.000453468j 0.0713203+0.000362891j 0.0558384+0.00142314j -0.457442+1.56689e-13j 0.136175-0.000422686j 0.0566119-0.000136557j 0.277326-9.50723e-05j -0.346383+0.000563812j -0.0999624-0.000277118j 0.0514324-0.000100157j -0.0535261+0.000199264j 0.167319+0.00117911j -0.309009-1.7948e-05j 0.271616-0.00277437j -0.0698516-0.000571653j -0.0858583+0.00212927j -0.0969038-0.000813405j -0.0893154-0.000394255j -0.125849+0.000286588j 0.0667003+0.000762945j -0.0588999+0.0002835j -0.0452132+0.00014551j 0.00992843-0.000106492j 0.0304281-0.00159253j -0.0421166+0.000655245j 0.125729-0.000844596j -0.0272883+0.000346937j 0.133956+0.000365589j -0.0587269+0.000475858j -0.0419819+0.000128901j 0.155353-0.000341353j 0.0521207-2.1889e-05j 0.0460224-0.000618571j -0.0755828-4.20619e-05j 0.0128044-0.000206275j -0.0220762-0.000715466j 0.0560352-2.27697e-05j -0.0144956+0.00015993j -0.156676+0.000706055j 0.0190975-0.000687365j 0.00596928-9.11008e-05j -0.103279+0.0005439j -0.0618019+0.000693754j 0.0104052+3.52011e-05j 0.00922248+0.000117098j -0.0209313+0.000474968j -0.00960498+0.000232976j 0.000254177+0.000227714j -0.00775545+0.000568803j 0.00142711+0.000238143j 0.00824205-0.000162463j 
0.00825413-5.90576e-05j 0.00592551+7.7674e-05j 0.0121097+0.000449737j 0.0631046+0.000432721j -0.0921542-0.00037957j 0.0535202+0.000487053j 0.0545688+0.000377278j 0.0342335+0.000184723j -0.107527-0.00044994j 0.0846037-0.000145554j -0.0246895-0.000394624j -0.0583244-0.000369274j -0.0715776-0.00166744j 0.0153546+0.000430734j 0.0562807+0.000336253j 0.0146908-0.000536448j -0.145764-0.000280222j -0.0555909-0.00045743j 0.0946449-0.000284582j 0.0179006-0.000212056j 0.0498554-9.46847e-05j 0.0767958-0.000325858j 0.136175+0.000422686j 0.0728575+1.03529e-14j 0.303621+0.000377812j 0.223764-0.000559366j -0.163101-0.000715657j 0.600594+0.000592054j 0.0210619-0.00130295j -0.116482+0.000283618j 0.0473507+8.27419e-05j 0.228981+0.00086729j -0.0122794-0.000117741j -0.0163011-0.000934405j -0.172795-0.00126352j 0.0112577-1.52702e-05j 0.0860548-0.000265583j 0.0344885+0.0020804j 0.0364748+0.000822793j 0.128749-8.14821e-05j -0.00532297-0.000525269j -0.135469+0.000285809j 0.0909845+0.000221127j 0.0189559-0.000445193j 0.0719573-4.68479e-05j -0.0798675-0.000241519j -0.0568347-0.000184919j -0.0346799+0.00051085j 0.021218+0.000163562j 0.0729386+0.000436833j 0.120622-0.00166173j 0.00620585+0.000544855j 0.0131646-6.59733e-05j -0.0932998+0.00100721j -0.119171+0.00200671j 0.0915228-0.000586822j 0.0354377-0.000581437j 0.0310761+0.000349591j 0.0503614-0.000427909j -0.088726+0.00146394j -0.00620787-0.000622681j -0.0285644-0.000199283j -0.0420729-4.60872e-05j 0.00721069-8.91157e-05j 0.0180551-0.000103549j -0.0279341+0.000517566j -0.00836248-6.56562e-06j 0.0512374+0.000442373j 0.000268984-0.000416125j -0.015116+0.000282521j 
