0.996541-0j -0.000546941-0j -0.000432395-0j -0.000288263-0j -6.24108e-05-0j -7.20658e-05-0j -2.54791e-05-0j -6.00548e-06-0j -6.36977e-06-0j -5.30815e-07-0j -1.97823e-08-0j -0.00323371-0j 0.145238-0j -0.000390508-0j -5.6365e-05-0j -0.000356483-0j -6.30179e-05-0j -4.2012e-05-0j -5.25149e-06-0j -3.63834e-05-0j -7.42674e-06-0j -3.71337e-06-0j -4.37625e-07-0j -5.35978e-07-0j -3.45973e-08-0j -1.08971e-09-0j -0.00213756-0j -0.00215971-0j -0.000329832-0j -0.00033325-0j 0.0725732-0j 0.010475-0j 0.0733253-0j 0.0105836-0j -0.000225318-0j -0.000154265-0j -0.000227653-0j -0.000155863-0j -3.9831e-05-0j -3.31925e-06-0j -4.02438e-05-0j -3.63606e-05-0j -3.35365e-06-0j -2.22662e-05-0j -3.67374e-05-0j -2.09928e-05-0j -4.54507e-06-0j -2.2497e-05-0j -3.03005e-06-0j -2.12103e-05-0j -2.67821e-07-0j -4.59217e-06-0j -3.71104e-06-0j -3.06145e-06-0j -2.70596e-07-0j -9.27759e-07-0j -3.74949e-06-0j -4.3735e-07-0j -2.67821e-07-0j -9.37373e-07-0j -4.41882e-07-0j -1.99622e-08-0j -2.73344e-08-0j -2.70596e-07-0j -2.01691e-08-0j -2.76176e-08-0j -1.44065e-09-0j -3.92969e-11-0j -1.45558e-09-0j -3.97041e-11-0j -0.00164446-0j -0.00203491-0j -0.00118703-0j -0.000251755-0j -0.000311531-0j -0.000181727-0j -0.000190309-0j -2.74687e-05-0j -0.000235495-0j -3.39908e-05-0j -0.000137372-0j 0.0483517-0j -1.9828e-05-0j -0.000159224-0j 0.00854746-0j 0.0598322-0j 0.000712288-0j 0.0349021-0j -0.00019703-0j 0.0105769-0j -2.65373e-05-0j -0.000114934-0j 0.000881412-0j 0.00616988-0j -1.81689e-05-0j -1.62507e-05-0j 0.000514157-0j -3.31717e-06-0j -3.28383e-05-0j -2.09796e-05-0j -2.24828e-05-0j -2.01092e-05-0j -1.95466e-07-0j -1.91557e-05-0j -8.07505e-06-0j -3.02814e-06-0j -1.3115e-05-0j -4.10478e-06-0j -1.17304e-05-0j -2.59609e-05-0j -2.62245e-06-0j -2.41877e-07-0j -2.39446e-06-0j -2.47247e-06-0j -9.99237e-06-0j -3.74714e-06-0j -1.51439e-05-0j -3.09059e-07-0j -1.41095e-07-0j -1.23623e-06-0j -2.06039e-07-0j -5.82888e-06-0j -3.24512e-06-0j -2.18583e-06-0j -1.41065e-08-0j -3.09059e-07-0j -3.05952e-06-0j -1.89298e-06-0j -3.82441e-07-0j -1.09269e-07-0j -1.52976e-06-0j -2.57549e-08-0j -2.5496e-07-0j -1.78472e-06-0j -2.2309e-07-0j -1.74559e-08-0j -3.82441e-07-0j -8.92361e-07-0j -1.82115e-08-0j -1.48727e-07-0j -9.59828e-10-0j -1.01826e-08-0j -1.35213e-07-0j -3.18701e-08-0j -2.2309e-07-0j -1.43974e-09-0j -2.25355e-08-0j -7.88744e-08-0j -1.18773e-09-0j -1.85909e-08-0j -6.41312e-11-0j -1.31457e-08-0j -1.78159e-09-0j -1.54276e-12-0j -6.92841e-10-0j -1.03926e-09-0j -7.93583e-11-0j -4.62924e-11-0j -1.90906e-12-0j -1.11362e-12-0j 
0.000546941-0j 0.975113-0j 6.83676e-05-0j 4.55784e-05-0j -0.000938057-0j -0.00053589-0j 4.0286e-06-0j -0.000135872-0j -9.574e-05-0j -1.60406e-05-0j -8.9826e-07-0j 0.000511295-0j -0.00374887-0j -0.0148036-0j 0.203117-0j 5.6365e-05-0j -0.000468609-0j -0.000312406-0j -0.000118813-0j 5.75272e-06-0j -0.000111627-0j -2.76131e-05-0j -1.32245e-05-0j -1.21263e-05-0j -1.30823e-06-0j -5.77564e-08-0j 0.000337977-0j 0.00034148-0j -0.00245267-0j -0.00247809-0j 3.9831e-05-0j -0.000546512-0j 4.02438e-05-0j -0.000552176-0j -0.0085415-0j 2.43914e-05-0j -0.00863002-0j 2.46442e-05-0j 0.0710127-0j 0.0180048-0j 0.0717486-0j -0.000270382-0j 0.0181914-0j 3.5206e-06-0j -0.000273184-0j 3.31925e-06-0j -6.83141e-05-0j 3.55708e-06-0j -4.55427e-05-0j 3.35365e-06-0j -8.09323e-06-0j -6.9022e-05-0j -2.75957e-05-0j -4.60147e-05-0j -8.1771e-06-0j 1.46692e-07-0j -2.78817e-05-0j -9.89486e-06-0j -4.02544e-06-0j 1.48212e-07-0j -9.9974e-06-0j -7.54832e-07-0j -8.26012e-07-0j -4.06716e-06-0j -7.62654e-07-0j -8.34572e-07-0j -6.54159e-08-0j -2.38122e-09-0j -6.60938e-08-0j -2.4059e-09-0j 0.000260012-0j 0.000321748-0j 0.000187686-0j -0.00187208-0j -0.00231658-0j -0.00135134-0j 3.00905e-05-0j -0.000412865-0j 3.72351e-05-0j -0.000510894-0j 2.17205e-05-0j 2.65373e-05-0j -0.000298022-0j -0.00603596-0j -0.000220627-0j 3.28383e-05-0j -5.59386e-05-0j 1.91557e-05-0j -0.00746912-0j -0.000273012-0j 0.047312-0j -0.00435699-0j -6.92205e-05-0j -0.000159257-0j -0.000135106-0j -0.000616043-0j -4.03786e-05-0j 0.0119538-0j 0.0585457-0j 3.31717e-06-0j -0.000167185-0j -0.000762314-0j 0.00141617-0j 0.0341516-0j 1.27678e-06-0j -4.55141e-05-0j -9.75246e-05-0j 0.014792-0j -0.000444683-0j 4.10478e-06-0j -1.95009e-05-0j 0.00175243-0j 0.00862868-0j -1.83856e-05-0j 1.57993e-06-0j -5.63208e-05-0j 2.39446e-06-0j -6.99233e-06-0j 0.00102225-0j 1.95466e-07-0j -4.66155e-06-0j 9.21627e-07-0j -2.41311e-05-0j -3.28538e-05-0j -5.33411e-07-0j -4.64526e-06-0j -2.2751e-05-0j -1.40765e-05-0j -8.65256e-06-0j -8.12536e-07-0j 2.41877e-07-0j -7.78283e-07-0j -5.76838e-06-0j -1.32714e-05-0j -5.04733e-06-0j -6.60063e-07-0j -5.74822e-06-0j 1.41095e-07-0j -4.12027e-07-0j -3.36489e-06-0j -4.35832e-08-0j -3.85037e-07-0j -1.00546e-06-0j -9.63076e-07-0j -3.35313e-06-0j -5.44411e-08-0j -5.09857e-07-0j -5.86519e-07-0j -5.39315e-08-0j -5.61794e-07-0j -3.39905e-09-0j -2.97417e-07-0j -6.73674e-08-0j -1.05201e-10-0j -3.146e-08-0j -3.92976e-08-0j -4.20611e-09-0j -2.45357e-09-0j -1.30179e-10-0j -7.59378e-11-0j 
0.000432395-0j 6.83676e-05-0j 0.984455-0j 3.60329e-05-0j -0.00149383-0j -0.000856868-0j -0.000915216-0j 7.50685e-07-0j -0.000152271-0j -6.31143e-06-0j 2.47279e-09-0j 0.000404214-0j 6.30179e-05-0j -0.00464317-0j 7.04562e-06-0j -0.00853257-0j 0.143476-0j 5.25149e-06-0j -0.000125697-0j -0.000869752-0j -8.83045e-05-0j -0.000133385-0j 5.47031e-08-0j -1.28127e-05-0j -4.11365e-07-0j 1.36214e-10-0j 0.000267195-0j 0.000269963-0j 4.1229e-05-0j 4.16563e-05-0j -0.00299527-0j 4.54507e-06-0j -0.00302631-0j 4.59217e-06-0j 2.81648e-05-0j -0.00740406-0j 2.84566e-05-0j -0.00748079-0j -0.000473594-0j 4.14906e-07-0j -0.000478502-0j -0.000870305-0j 4.19206e-07-0j 0.101922-0j -0.000879324-0j -0.000249606-0j 0.010348-0j 0.102978-0j 3.78756e-07-0j -0.000252193-0j -6.4104e-06-0j 0.0104552-0j -8.8713e-05-0j 3.82681e-07-0j -6.47683e-06-0j -4.44724e-05-0j -8.96323e-05-0j -5.20013e-06-0j -9.6202e-06-0j -4.49333e-05-0j -5.25402e-06-0j 2.49527e-09-0j -6.53433e-07-0j -9.71989e-06-0j 2.52113e-09-0j -6.60204e-07-0j -1.71294e-08-0j 4.91211e-12-0j -1.73069e-08-0j 4.96301e-12-0j 0.000205557-0j 0.000254364-0j 0.000148379-0j 3.14694e-05-0j 3.89414e-05-0j 2.27158e-05-0j -0.00226279-0j 3.43359e-06-0j -0.00280006-0j 4.24885e-06-0j -0.00163337-0j 2.09796e-05-0j 2.4785e-06-0j -0.00381109-0j -0.000352775-0j 2.59609e-05-0j 3.09059e-07-0j 1.51439e-05-0j -0.00471598-0j -0.000436536-0j 3.31717e-06-0j -0.00275099-0j 3.82441e-07-0j -0.000254646-0j -0.000872029-0j -0.000388477-0j 2.2309e-07-0j -3.94414e-05-0j 4.10478e-06-0j 0.0477653-0j -0.00107908-0j -0.000480715-0j 2.44332e-08-0j 2.39446e-06-0j 1.00938e-06-0j -7.24798e-05-0j -0.000629464-0j -4.88062e-05-0j -0.000280417-0j 0.0591066-0j 0.0120041-0j 3.02346e-08-0j -2.84703e-05-0j -2.93979e-05-0j 1.24905e-06-0j -8.96892e-05-0j 0.0344788-0j 0.00070365-0j 1.76368e-08-0j -4.44059e-05-0j 2.57549e-08-0j 7.2861e-07-0j 0.0148543-0j -5.23187e-05-0j -3.37645e-07-0j -7.3881e-06-0j -3.6378e-05-0j 0.00866502-0j 0.000870722-0j -5.23784e-06-0j -5.49495e-05-0j -3.06228e-07-0j 3.18701e-08-0j -2.12205e-05-0j 0.000507921-0j -4.17815e-07-0j -9.14231e-06-0j -3.20539e-05-0j -6.5416e-07-0j 1.85909e-08-0j 1.19979e-10-0j -2.43725e-07-0j -6.48149e-06-0j -3.78938e-07-0j -5.33301e-06-0j -3.44173e-08-0j -8.09482e-07-0j -3.78087e-06-0j 1.48466e-10-0j -2.21047e-07-0j -7.62526e-10-0j -4.72198e-07-0j -4.25892e-08-0j 1.92845e-13-0j 8.66051e-11-0j -2.48437e-08-0j -9.43578e-10-0j -5.5042e-10-0j 2.38633e-13-0j 1.39203e-13-0j 
0.000288263-0j 4.55784e-05-0j 3.60329e-05-0j 0.986161-0j 5.2009e-06-0j -0.00172684-0j 2.12326e-06-0j -0.000143903-0j 5.30815e-07-0j 4.42345e-08-0j 1.64852e-09-0j 0.000269476-0j 4.2012e-05-0j 3.25423e-05-0j 4.69708e-06-0j -0.00854203-0j 5.25149e-06-0j 0.143725-0j 4.37625e-07-0j -0.000871818-0j -0.000177959-0j 3.09447e-07-0j -1.04863e-05-0j 4.46649e-08-0j 2.88311e-09-0j 9.08093e-11-0j 0.00017813-0j 0.000179976-0j 2.7486e-05-0j 2.77708e-05-0j 2.09928e-05-0j 3.03005e-06-0j 2.12103e-05-0j 3.06145e-06-0j -0.00539906-0j 1.28554e-05-0j -0.00545501-0j 1.29886e-05-0j 3.31925e-06-0j 2.76604e-07-0j 3.35365e-06-0j -0.00087127-0j 2.79471e-07-0j 1.85552e-06-0j -0.000880299-0j 0.0718173-0j 3.78756e-07-0j 1.87475e-06-0j 0.0103659-0j 0.0725615-0j 2.23184e-08-0j 3.82681e-07-0j -8.89236e-05-0j 0.0104734-0j 2.25497e-08-0j 7.73132e-08-0j -8.98451e-05-0j -1.04798e-05-0j 2.23184e-08-0j 7.81144e-08-0j -1.05884e-05-0j -4.78333e-07-0j 2.27786e-09-0j 2.25497e-08-0j -4.8329e-07-0j 2.30147e-09-0j 1.20054e-10-0j 3.27474e-12-0j 1.21298e-10-0j 3.30868e-12-0j 0.000137038-0j 0.000169576-0j 9.89194e-05-0j 2.09796e-05-0j 2.59609e-05-0j 1.51439e-05-0j 1.58591e-05-0j 2.28906e-06-0j 1.96246e-05-0j 2.83257e-06-0j 1.14477e-05-0j -0.0040217-0j 1.65233e-06-0j 1.32687e-05-0j 2.47247e-06-0j -0.0049766-0j 2.06039e-07-0j -0.00290301-0j 1.64191e-05-0j 3.05952e-06-0j -0.000635886-0j 9.57783e-06-0j 2.5496e-07-0j 1.78472e-06-0j 1.51407e-06-0j 1.35423e-06-0j 1.48727e-07-0j 2.7643e-07-0j -0.000786869-0j -0.000502712-0j 1.87357e-06-0j 1.67577e-06-0j 1.62888e-08-0j -0.000459007-0j 0.0834565-0j -7.25602e-05-0j 1.09292e-06-0j 3.42065e-07-0j 9.77533e-07-0j -0.000622074-0j 2.18537e-07-0j 2.01564e-08-0j 1.99538e-07-0j 0.00845843-0j 0.103272-0j -8.97887e-05-0j -0.000362877-0j 2.57549e-08-0j 1.17579e-08-0j -2.96226e-05-0j 0.000704869-0j 0.0602421-0j 2.70426e-07-0j -5.23768e-05-0j 1.17554e-09-0j -7.40565e-06-0j 0.0104668-0j 1.57749e-07-0j 3.18701e-08-0j 9.10573e-09-0j -3.66561e-05-0j -6.17137e-07-0j 0.000872231-0j 0.00610562-0j 1.85909e-08-0j 1.45466e-09-0j -9.16402e-06-0j -2.13827e-05-0j 1.51762e-09-0j 0.000508802-0j -2.29994e-08-0j 8.48553e-10-0j 1.12678e-08-0j -7.63669e-07-0j -5.34568e-06-0j 1.19979e-10-0j 1.87796e-09-0j 6.57286e-09-0j -2.84602e-08-0j -4.45473e-07-0j 5.34427e-12-0j 1.09548e-09-0j 1.48466e-10-0j 1.28563e-13-0j -1.66018e-08-0j 8.66051e-11-0j 6.61319e-12-0j 3.8577e-12-0j 1.59089e-13-0j 9.28018e-14-0j 
-6.24108e-05-0j 0.000938057-0j 0.00149383-0j -5.2009e-06-0j 0.953596-0j 0.0001236-0j -4.59699e-07-0j -0.00146863-0j -0.000508274-0j -0.000261449-0j -2.44957e-05-0j -5.83433e-05-0j 0.000864655-0j -7.04562e-06-0j -0.00449763-0j 0.00123157-0j -0.0206959-0j 7.20546e-05-0j 0.24591-0j -6.56437e-07-0j -0.000592614-0j 6.36879e-06-0j -0.000215549-0j -0.000131072-0j -2.85006e-05-0j -1.89173e-06-0j -3.85662e-05-0j -3.89659e-05-0j 0.000565694-0j 0.000571556-0j -4.54507e-06-0j -0.00290138-0j -4.59217e-06-0j -0.00293145-0j -4.06524e-06-0j 0.00106868-0j -4.10736e-06-0j 0.00107976-0j 6.83141e-05-0j -0.000811715-0j 6.9022e-05-0j -0.0119413-0j -0.000820126-0j 7.69248e-05-0j -0.012065-0j -3.78756e-07-0j 0.0694457-0j 7.7722e-05-0j -0.000241782-0j -3.82681e-07-0j 0.0252592-0j 0.0701654-0j 6.36479e-06-0j -0.000244287-0j 0.025521-0j -1.67388e-08-0j 6.43074e-06-0j -0.000106953-0j -2.13707e-05-0j -1.69123e-08-0j -0.000108061-0j -1.64445e-05-0j -1.34634e-05-0j -2.15922e-05-0j -1.66149e-05-0j -1.36029e-05-0j -1.7839e-06-0j -9.10491e-08-0j -1.80239e-06-0j -9.19927e-08-0j -2.96696e-05-0j -3.67143e-05-0j -2.14167e-05-0j 0.000431785-0j 0.000534306-0j 0.000311679-0j -3.43359e-06-0j -0.00219186-0j -4.24885e-06-0j -0.00271229-0j -2.4785e-06-0j -3.02814e-06-0j -0.00158217-0j 0.000550083-0j 5.08863e-05-0j -3.74714e-06-0j -0.000604636-0j -2.18583e-06-0j 0.000680693-0j 6.29686e-05-0j 4.55141e-05-0j 0.000397071-0j -0.000748199-0j 3.67317e-05-0j -0.0119649-0j -2.93199e-07-0j -0.00043645-0j -0.000264692-0j 5.63208e-05-0j 7.24798e-05-0j -0.0148058-0j -3.62815e-07-0j -9.62754e-05-0j 3.28538e-05-0j -1.45692e-07-0j 0.0462681-0j -0.00863673-0j -0.00032754-0j -2.11642e-07-0j 8.96892e-05-0j -0.000861245-0j -0.000119135-0j -0.000191065-0j 4.24053e-06-0j -1.80284e-07-0j 0.0572538-0j 5.23187e-05-0j 0.0144722-0j -6.94953e-05-0j -2.23044e-08-0j -5.03864e-05-0j -1.05166e-07-0j -0.00106574-0j 0.0333981-0j 0.00222517-0j -2.46613e-05-0j 5.24738e-06-0j -0.000621679-0j 0.0179084-0j 1.87407e-07-0j -2.76003e-08-0j -1.26854e-05-0j -6.23499e-05-0j 3.06097e-06-0j 0.0104466-0j 0.00275351-0j -3.05168e-05-0j -1.61002e-08-0j -4.45357e-06-0j -3.63708e-05-0j -1.18852e-06-0j 0.00160621-0j 2.31904e-07-0j -1.56974e-05-0j -1.78014e-05-0j -1.18603e-06-0j -5.51101e-06-0j 1.35277e-07-0j -1.47072e-06-0j -9.15681e-06-0j -1.11331e-07-0j -3.21476e-06-0j -1.46764e-06-0j -4.59922e-09-0j -8.57919e-07-0j -8.56125e-07-0j -1.37765e-07-0j -8.0363e-08-0j -5.69124e-09-0j -3.31989e-09-0j 
-7.20658e-05-0j 0.00053589-0j 0.000856868-0j 0.00172684-0j 0.0001236-0j 0.962276-0j 0.000152536-0j -0.00256494-0j -0.00241248-0j -0.000201041-0j 1.18356e-07-0j -6.7369e-05-0j 0.000493957-0j 0.000773862-0j 0.000111627-0j 0.00106404-0j -0.0058732-0j -0.0118362-0j 1.5655e-05-0j -0.0207685-0j 0.200443-0j -0.00104552-0j -0.000249648-0j -0.000305562-0j -1.63964e-05-0j 7.61007e-09-0j -4.45324e-05-0j -4.49939e-05-0j 0.000323168-0j 0.000326517-0j 0.000499212-0j 7.20093e-05-0j 0.000504386-0j 7.27556e-05-0j 0.000672536-0j -3.21385e-06-0j 0.000679505-0j -3.24716e-06-0j -0.0037122-0j 9.89486e-06-0j -0.00375067-0j -0.00510418-0j 9.9974e-06-0j 8.8713e-05-0j -0.00515708-0j -0.0119621-0j -0.000856197-0j 8.96323e-05-0j -0.00172548-0j -0.0120861-0j 1.06638e-06-0j -0.00086507-0j 0.099626-0j -0.00174337-0j 1.07743e-06-0j 7.41207e-06-0j 0.100658-0j 0.0177678-0j -0.000152417-0j 7.48889e-06-0j 0.0179519-0j -1.42495e-05-0j -2.08141e-05-0j -0.000153996-0j -1.43972e-05-0j -2.10298e-05-0j -8.19874e-07-0j 3.13754e-10-0j -8.2837e-07-0j 3.17005e-10-0j -3.42595e-05-0j -4.2394e-05-0j -2.47298e-05-0j 0.000246669-0j 0.000305237-0j 0.000178055-0j 0.000377132-0j 5.43998e-05-0j 0.000466677-0j 6.73163e-05-0j 0.000272228-0j 0.000500964-0j 3.92678e-05-0j -3.31717e-06-0j -0.00276517-0j 0.000619911-0j 7.37056e-06-0j 0.000361615-0j -4.10478e-06-0j -0.00342173-0j -0.00372523-0j -2.39446e-06-0j 9.1206e-06-0j -0.00199601-0j 1.78018e-05-0j 6.47461e-05-0j 5.32035e-06-0j -0.000624885-0j -0.00460973-0j -0.0059565-0j 2.20286e-05-0j 8.01192e-05-0j 7.78283e-07-0j -0.00268901-0j 7.26444e-05-0j -0.000859202-0j 1.285e-05-0j -0.000773256-0j 4.67362e-05-0j -0.0073708-0j -0.000491388-0j 9.63076e-07-0j -0.000451066-0j 0.066259-0j 8.98928e-05-0j -0.00106321-0j -0.00429963-0j -8.76366e-05-0j 5.61794e-07-0j -0.00106035-0j -0.000176613-0j 5.24375e-05-0j -0.000608062-0j -0.000620205-0j 7.02831e-08-0j 0.0167703-0j 0.0819913-0j -0.000354703-0j -0.000108445-0j -4.10561e-05-0j -0.00131212-0j 0.00139753-0j -0.000218547-0j 0.0478283-0j -6.32595e-05-0j 8.69709e-08-0j 0.0207522-0j -0.000765402-0j -1.56007e-05-0j -0.000127486-0j -8.22751e-07-0j 5.0733e-08-0j -5.08043e-05-0j 0.00172936-0j 0.0121055-0j -1.37182e-06-0j -1.93049e-05-0j -2.96358e-05-0j -1.0181e-06-0j 0.00100879-0j -4.26012e-08-0j -1.12612e-05-0j -1.69754e-06-0j 1.38614e-11-0j -5.93893e-07-0j -9.90233e-07-0j -5.27163e-08-0j -3.07512e-08-0j 1.71526e-11-0j 1.00057e-11-0j 
-2.54791e-05-0j -4.0286e-06-0j 0.000915216-0j -2.12326e-06-0j -4.59699e-07-0j 0.000152536-0j 0.968951-0j -4.42345e-08-0j -0.00257388-0j 1.12353e-06-0j -1.4571e-10-0j -2.38185e-05-0j -3.71337e-06-0j 0.000826558-0j -4.15167e-07-0j -2.62575e-06-0j 0.000133385-0j -3.09447e-07-0j -3.86809e-08-0j -0.0147017-0j 1.57196e-05-0j 0.141217-0j -3.22341e-09-0j -0.000216577-0j 7.32293e-08-0j -8.02648e-12-0j -1.57446e-05-0j -1.59077e-05-0j -2.42944e-06-0j -2.45462e-06-0j 0.000533206-0j -2.67821e-07-0j 0.000538731-0j -2.70596e-07-0j -1.65963e-06-0j -1.13627e-06-0j -1.67682e-06-0j -1.14804e-06-0j 8.43072e-05-0j -2.44486e-08-0j 8.51809e-05-0j -2.67821e-07-0j -2.4702e-08-0j -0.00899728-0j -2.70596e-07-0j 4.44338e-05-0j 9.6202e-06-0j -0.00909052-0j -2.23184e-08-0j 4.48943e-05-0j -1.97269e-09-0j 9.71989e-06-0j -0.00149955-0j -2.25497e-08-0j -1.99313e-09-0j 0.143385-0j -0.00151509-0j 9.25704e-07-0j 0.010185-0j 0.144871-0j 9.35297e-07-0j -1.47035e-10-0j -1.10452e-05-0j 0.0102906-0j -1.48559e-10-0j -1.11597e-05-0j 3.04931e-09-0j -2.89449e-13-0j 3.08091e-09-0j -2.92448e-13-0j -1.21126e-05-0j -1.49885e-05-0j -8.74332e-06-0j -1.85435e-06-0j -2.29464e-06-0j -1.33854e-06-0j 0.000402812-0j -2.02326e-07-0j 0.000498455-0j -2.50366e-07-0j 0.000290765-0j -1.23623e-06-0j -1.46047e-07-0j -1.1728e-06-0j 6.27994e-05-0j -1.52976e-06-0j -1.82115e-08-0j -8.92361e-07-0j -1.45126e-06-0j 7.77103e-05-0j -1.95466e-07-0j -8.46568e-07-0j -2.25355e-08-0j 4.5331e-05-0j -1.33826e-07-0j -0.00656656-0j -1.31457e-08-0j 7.02119e-06-0j -2.41877e-07-0j 4.44059e-05-0j -1.65602e-07-0j -0.0081257-0j -1.43974e-09-0j -1.41095e-07-0j -5.94784e-08-0j -2.23044e-08-0j -9.6601e-08-0j 8.68828e-06-0j -0.00473999-0j 5.49495e-05-0j -0.00105967-0j -1.78159e-09-0j 5.06816e-06-0j 5.23328e-06-0j -7.36007e-08-0j -2.76003e-08-0j 3.20539e-05-0j 6.5416e-07-0j -1.03926e-09-0j 0.0470131-0j -1.51762e-09-0j -4.29338e-08-0j -0.00131128-0j -1.61002e-08-0j -1.03904e-10-0j -0.000124884-0j 6.47586e-06-0j -0.000764913-0j 8.09482e-07-0j 0.0168875-0j 0.0581757-0j 5.45134e-08-0j -1.87796e-09-0j 3.77758e-06-0j 4.72198e-07-0j -1.28575e-10-0j -0.000154536-0j 0.0339359-0j 0.000692568-0j -1.09548e-09-0j -7.0698e-12-0j -7.50022e-11-0j 0.0208972-0j 6.74569e-08-0j -9.01459e-05-0j -5.81768e-07-0j 0.00085701-0j 0.01219-0j -8.74843e-12-0j 3.93498e-08-0j 1.35742e-10-0j 0.000499922-0j -7.19901e-07-0j -1.13635e-14-0j -5.10325e-12-0j -4.19942e-07-0j 1.67972e-10-0j 9.79834e-11-0j -1.40616e-14-0j -8.20259e-15-0j 
6.00548e-06-0j -0.000135872-0j 7.50685e-07-0j -0.000143903-0j 0.00146863-0j 0.00256494-0j 4.42345e-08-0j 0.931685-0j 0.000149891-0j -0.00237461-0j -0.000449543-0j 5.61408e-06-0j -0.00012524-0j 6.77965e-07-0j 0.00132636-0j -8.86701e-05-0j -1.5655e-05-0j 0.00300099-0j -0.00568649-0j -9.04985e-06-0j -0.0250386-0j -9.22479e-07-0j 0.280486-0j -0.000580374-0j -0.000391042-0j -4.34721e-05-0j 3.71104e-06-0j 3.74949e-06-0j -8.19372e-05-0j -8.27863e-05-0j 4.3735e-07-0j 0.000855622-0j 4.41882e-07-0j 0.000864489-0j -5.60447e-05-0j 2.67821e-07-0j -5.66254e-05-0j 2.70596e-07-0j -9.89486e-06-0j -0.00359419-0j -9.9974e-06-0j 0.00129413-0j -0.00363144-0j 3.86566e-08-0j 0.00130755-0j -1.04798e-05-0j 0.000106953-0j 3.90572e-08-0j -0.0205024-0j -1.05884e-05-0j -0.0011981-0j 0.000108061-0j 0.000132082-0j -0.0207148-0j -0.00121052-0j 1.61069e-09-0j 0.000133451-0j 0.0678501-0j 6.30225e-06-0j 1.62738e-09-0j 0.0685532-0j 0.0323259-0j -0.000122281-0j 6.36756e-06-0j 0.0326609-0j -0.000123548-0j -3.2738e-05-0j -2.51354e-06-0j -3.30773e-05-0j -2.53959e-06-0j 2.85496e-06-0j 3.53284e-06-0j 2.06082e-06-0j -6.25413e-05-0j -7.73909e-05-0j -4.51447e-05-0j 3.30398e-07-0j 0.000646383-0j 4.08846e-07-0j 0.000799859-0j 2.38494e-07-0j -4.1747e-05-0j 0.000466584-0j 2.7643e-07-0j -7.37056e-06-0j -5.16593e-05-0j -0.00267727-0j -3.01346e-05-0j 3.42065e-07-0j -9.1206e-06-0j 0.000944509-0j 1.99538e-07-0j -0.00331295-0j -5.32035e-06-0j -4.51353e-06-0j 2.82131e-08-0j -0.00193255-0j 7.80582e-05-0j 0.00116877-0j -5.21837e-06-0j -5.58521e-06-0j 3.49119e-08-0j -0.000874419-0j 0.000681782-0j -6.0537e-06-0j -0.0102091-0j -3.25804e-06-0j 9.65921e-05-0j 2.03653e-08-0j -6.45741e-06-0j -6.51472e-07-0j -0.00108204-0j 5.63454e-05-0j 0.000176613-0j -7.49107e-06-0j -0.0126331-0j -3.76682e-06-0j -0.000334659-0j -0.000631189-0j -3.07496e-07-0j 0.0641526-0j -4.36979e-06-0j -8.06155e-07-0j -0.00736933-0j -0.000159442-0j -0.00104196-0j 0.000218547-0j -4.70257e-07-0j -0.000414119-0j -2.71447e-08-0j -3.80506e-07-0j 0.016507-0j 0.0793848-0j 0.000127486-0j -0.000241569-0j -0.000197299-0j -0.00128936-0j -2.21962e-07-0j -1.97199e-05-0j 0.0463078-0j 0.00312499-0j -0.000115091-0j -3.35898e-08-0j 0.0204264-0j -0.00075213-0j -1.62729e-05-0j -2.44022e-05-0j -1.9594e-08-0j 0.00386698-0j 0.0119154-0j -2.5584e-06-0j -1.42346e-05-0j -2.01367e-05-0j -1.4824e-07-0j 0.00225574-0j -1.17464e-05-0j -3.16586e-06-0j -1.84675e-06-0j -1.83438e-07-0j -1.07005e-07-0j 
6.36977e-06-0j -9.574e-05-0j -0.000152271-0j 5.30815e-07-0j 0.000508274-0j 0.00241248-0j 0.00257388-0j 0.000149891-0j 0.938683-0j -0.00510309-0j 2.50008e-06-0j 5.95464e-06-0j -8.82485e-05-0j -0.00013752-0j 0.000459037-0j 6.56437e-07-0j 0.0021096-0j -7.35404e-06-0j 0.000131072-0j 0.00121231-0j -0.0115669-0j -0.0356593-0j 2.19994e-05-0j 0.242065-0j -0.000556289-0j 1.93074e-07-0j 3.93615e-06-0j 3.97694e-06-0j -5.77359e-05-0j -5.83342e-05-0j -8.8713e-05-0j 0.000296121-0j -8.96323e-05-0j 0.00029919-0j 4.14906e-07-0j 2.84067e-07-0j 4.19206e-07-0j 2.87011e-07-0j 0.00133339-0j 8.28453e-05-0j 0.00134721-0j -6.36479e-06-0j 8.37038e-05-0j 0.000741919-0j -6.43074e-06-0j -7.39275e-06-0j -0.00707883-0j 0.000749607-0j 2.46768e-05-0j -7.46936e-06-0j 1.34634e-05-0j -0.00715219-0j -0.0117545-0j 2.49325e-05-0j 1.36029e-05-0j 0.000188099-0j -0.0118763-0j -0.00208756-0j 0.119656-0j 0.000190048-0j -0.00210919-0j 1.67836e-06-0j 0.0248642-0j 0.120896-0j 1.69575e-06-0j 0.0251218-0j -3.48191e-05-0j 9.29266e-09-0j -3.51799e-05-0j 9.38896e-09-0j 3.02814e-06-0j 3.74714e-06-0j 2.18583e-06-0j -4.40688e-05-0j -5.45324e-05-0j -3.18106e-05-0j -6.70186e-05-0j 0.000223706-0j -8.29313e-05-0j 0.000276822-0j -4.83766e-05-0j 3.09059e-07-0j 0.000161479-0j 2.93199e-07-0j 0.000993224-0j 3.82441e-07-0j 6.17104e-05-0j 2.2309e-07-0j 3.62815e-07-0j 0.00122905-0j -4.64526e-06-0j 2.11642e-07-0j 7.63628e-05-0j 0.000716947-0j -3.18039e-06-0j 0.00054148-0j 4.4545e-05-0j -0.0051664-0j -5.74822e-06-0j -7.3881e-06-0j -3.93554e-06-0j 0.000670048-0j 9.82607e-06-0j -3.35313e-06-0j 1.48696e-08-0j 2.46613e-05-0j -2.29573e-06-0j -0.00639309-0j 0.000390861-0j -9.14231e-06-0j -0.00830647-0j 1.21591e-05-0j -0.0037293-0j 8.27687e-05-0j 1.84002e-08-0j 3.05168e-05-0j -5.33301e-06-0j -0.0014752-0j 7.09283e-06-0j 0.000124884-0j 5.14254e-06-0j 1.07334e-08-0j -0.0102787-0j 1.78014e-05-0j 1.18603e-06-0j 0.0455445-0j 0.000102421-0j -0.00599593-0j -0.00182547-0j -0.00210594-0j 0.000154536-0j -0.0002476-0j 6.36356e-06-0j 5.97456e-05-0j -0.00106486-0j 1.46764e-06-0j 0.0563584-0j 9.01459e-05-0j 0.0249358-0j 3.71208e-06-0j 1.21303e-07-0j 8.56125e-07-0j -0.00260597-0j -0.000306389-0j 0.0328757-0j 0.00219037-0j 0.0308565-0j -0.00152015-0j 1.50105e-07-0j -0.000178727-0j -2.17301e-06-0j 0.0179996-0j 0.00271045-0j 4.69406e-10-0j 8.7561e-08-0j 0.00158109-0j -2.68897e-06-0j -1.56857e-06-0j 5.8086e-10-0j 3.38835e-10-0j 
-5.30815e-07-0j 1.60406e-05-0j 6.31143e-06-0j -4.42345e-08-0j -0.000261449-0j -0.000201041-0j 1.12353e-06-0j 0.00237461-0j 0.00510309-0j 0.908463-0j -0.00565559-0j -4.9622e-07-0j 1.47854e-05-0j 5.70003e-06-0j -0.000236122-0j -5.47031e-08-0j -0.0001758-0j 1.23212e-06-0j 0.00207647-0j 1.06772e-06-0j 0.00295938-0j -3.12952e-05-0j -0.00787392-0j -0.0405297-0j 0.309208-0j -0.000732048-0j -3.28012e-07-0j -3.31411e-07-0j 9.67327e-06-0j 9.77351e-06-0j 3.67705e-06-0j -0.00015232-0j 3.71515e-06-0j -0.000153899-0j -3.45755e-08-0j -2.36722e-08-0j -3.49338e-08-0j -2.39176e-08-0j -0.000111116-0j 0.00131245-0j -0.000112267-0j 1.06638e-06-0j 0.00132605-0j 6.53433e-07-0j 1.07743e-06-0j 3.0642e-07-0j 0.0018111-0j 6.60204e-07-0j -1.26934e-05-0j 3.09596e-07-0j -0.00481874-0j 0.00182987-0j -2.08141e-05-0j -1.28249e-05-0j -0.00486868-0j 5.45951e-08-0j -2.10298e-05-0j -0.0164493-0j 0.000322405-0j 5.51609e-08-0j -0.0166198-0j -0.00187561-0j 0.0940546-0j 0.000325746-0j -0.00189505-0j 0.0950293-0j 0.0391773-0j -5.302e-05-0j 0.0395833-0j -5.35695e-05-0j -2.52345e-07-0j -3.12261e-07-0j -1.82153e-07-0j 7.38344e-06-0j 9.13654e-06-0j 5.32965e-06-0j 2.77784e-06-0j -0.000115071-0j 3.4374e-06-0j -0.000142393-0j 2.00515e-06-0j -2.57549e-08-0j -8.30627e-05-0j -2.44332e-08-0j -8.2769e-05-0j -3.18701e-08-0j 0.00097763-0j -1.85909e-08-0j -3.02346e-08-0j -0.000102421-0j 7.78283e-07-0j -1.76368e-08-0j 0.00120976-0j -5.97458e-05-0j 5.32854e-07-0j 4.769e-07-0j 0.000705691-0j 0.00132181-0j 9.63076e-07-0j 3.06228e-07-0j 6.59373e-07-0j 5.90134e-07-0j -0.0035169-0j 5.61794e-07-0j -1.23913e-09-0j -1.26854e-05-0j 3.84634e-07-0j 0.00163566-0j 3.44245e-07-0j 3.78938e-07-0j -1.47085e-05-0j -0.00435194-0j 0.000954135-0j -6.89741e-06-0j -1.53335e-09-0j -1.56974e-05-0j 2.21047e-07-0j -0.0116241-0j -0.00253863-0j 5.45134e-08-0j 8.14692e-05-0j -8.94453e-10-0j -1.82009e-05-0j -9.15681e-06-0j -0.00132542-0j 0.0002476-0j -8.53511e-06-0j -1.06172e-05-0j -0.0143841-0j -1.22892e-06-0j 6.74569e-08-0j 0.0440782-0j 0.000100813-0j -4.97882e-06-0j -0.00839073-0j -0.00164013-0j 0.000306389-0j 3.93498e-08-0j -0.00206927-0j 5.88076e-05-0j -0.000274407-0j -0.000956741-0j -1.52071e-06-0j 0.054544-0j 0.000178727-0j 0.0258703-0j -0.0025606-0j -8.87078e-07-0j -0.000339561-0j 0.0318173-0j 0.00409801-0j -0.00149368-0j 0.0320128-0j -3.75721e-06-0j -0.000198077-0j 0.0186742-0j 0.00507103-0j 0.0029581-0j -4.64931e-06-0j -2.7121e-06-0j 
1.97823e-08-0j -8.9826e-07-0j 2.47279e-09-0j 1.64852e-09-0j 2.44957e-05-0j -1.18356e-07-0j 1.4571e-10-0j -0.000449543-0j 2.50008e-06-0j 0.00565559-0j 0.8783-0j 1.8493e-08-0j -8.27973e-07-0j 2.23324e-09-0j 2.21228e-05-0j 2.03866e-09-0j -1.03497e-07-0j -6.89978e-08-0j -0.000393103-0j 2.0807e-10-0j 2.91493e-06-0j -6.0986e-09-0j 0.00466269-0j -4.01209e-05-0j -0.0345434-0j 0.361927-0j 1.22243e-08-0j 1.2351e-08-0j -5.41695e-07-0j -5.47309e-07-0j 1.44065e-09-0j 1.42712e-05-0j 1.45558e-09-0j 1.44191e-05-0j 1.28855e-09-0j 8.82213e-10-0j 1.30191e-09-0j 8.91355e-10-0j -6.54159e-08-0j -0.000248464-0j -6.60938e-08-0j -5.97163e-08-0j -0.000251039-0j 1.27336e-10-0j -6.03351e-08-0j 1.20054e-10-0j 1.7839e-06-0j 1.28656e-10-0j 1.18927e-06-0j 1.21298e-10-0j 0.00285351-0j 1.80239e-06-0j -6.09477e-09-0j 1.20159e-06-0j 0.00288308-0j 5.30568e-12-0j -6.15793e-09-0j -3.2738e-05-0j 1.05117e-07-0j 5.36067e-12-0j -3.30773e-05-0j -0.0199311-0j 0.000291235-0j 1.06207e-07-0j -0.0201377-0j 0.000294253-0j 0.0639623-0j 0.053335-0j 0.0646251-0j 0.0538877-0j 9.40436e-09-0j 1.16373e-08-0j 6.78842e-09-0j -4.13467e-07-0j -5.11639e-07-0j -2.98456e-07-0j 1.08834e-09-0j 1.07812e-05-0j 1.34676e-09-0j 1.33411e-05-0j 7.85607e-10-0j 9.59828e-10-0j 7.78231e-06-0j 9.10573e-10-0j -4.87275e-08-0j 1.18773e-09-0j -0.000185078-0j 6.92841e-10-0j 1.12678e-09-0j -6.02972e-08-0j -4.35832e-08-0j 6.57286e-10-0j -0.000229022-0j -3.51734e-08-0j -2.98394e-08-0j 9.2935e-11-0j -0.000133596-0j 1.30196e-06-0j -5.39315e-08-0j 1.19979e-10-0j -3.69244e-08-0j 1.15001e-10-0j 0.0020826-0j -3.146e-08-0j 4.61798e-11-0j 1.18852e-06-0j -2.15392e-08-0j 1.61109e-06-0j 6.7084e-11-0j 1.48466e-10-0j -4.30694e-09-0j 0.00257709-0j 9.39804e-07-0j -4.06063e-09-0j 5.71445e-11-0j 1.47072e-06-0j 8.66051e-11-0j -2.31347e-05-0j 0.0015033-0j 7.0698e-12-0j -1.54232e-05-0j 3.33343e-11-0j -5.32957e-09-0j 8.57919e-07-0j -0.0140846-0j 1.21303e-07-0j -5.02477e-09-0j -3.10892e-09-0j -2.86278e-05-0j -1.79456e-10-0j 8.74843e-12-0j 0.000274407-0j -1.90852e-05-0j -2.93111e-09-0j -1.66995e-05-0j -0.0174288-0j 1.50105e-07-0j 5.10325e-12-0j -1.36323e-06-0j -1.1133e-05-0j 0.0426147-0j -0.0101668-0j -2.22065e-10-0j 0.000339561-0j 8.7561e-08-0j -0.0014375-0j -1.68691e-06-0j -1.29538e-10-0j 0.052733-0j 0.000198077-0j 0.0213-0j -9.84029e-07-0j -0.00177882-0j 0.00634842-0j 0.0307609-0j -0.00103764-0j 0.0263573-0j 0.0153751-0j 0.00785577-0j 0.00458253-0j 
0.00323371-0j 0.000511295-0j 0.000404214-0j 0.000269476-0j 5.83433e-05-0j 6.7369e-05-0j 2.38185e-05-0j 5.61408e-06-0j 5.95464e-06-0j 4.9622e-07-0j 1.8493e-08-0j -0.0201323-0j 9.32793e-06-0j 7.22539e-06-0j 1.04289e-06-0j 6.59584e-06-0j 1.16599e-06-0j 7.77328e-07-0j 9.7166e-08-0j 6.73186e-07-0j 1.37413e-07-0j 6.87067e-08-0j 8.09716e-09-0j 9.91696e-09-0j 6.40137e-10-0j 2.01624e-11-0j 0.00199824-0j -0.00193903-0j -0.103749-0j 0.100675-0j 0.000235495-0j 3.39908e-05-0j -0.000228517-0j -3.29836e-05-0j 0.000210634-0j 0.000144211-0j -0.000204392-0j -0.000139938-0j 3.72351e-05-0j 3.10292e-06-0j -3.61317e-05-0j 3.39908e-05-0j -3.01098e-06-0j 2.08151e-05-0j -3.29836e-05-0j 1.96246e-05-0j 4.24885e-06-0j -2.01983e-05-0j 2.83257e-06-0j -1.90431e-05-0j 2.50366e-07-0j -4.12295e-06-0j 3.46918e-06-0j -2.74863e-06-0j -2.42947e-07-0j 8.67294e-07-0j -3.36638e-06-0j 4.08846e-07-0j 2.50366e-07-0j -8.41594e-07-0j -3.96731e-07-0j 1.86612e-08-0j 2.55529e-08-0j -2.42947e-07-0j -1.81082e-08-0j -2.47957e-08-0j 1.34676e-09-0j 3.67358e-11-0j -1.30685e-09-0j -3.56472e-11-0j 0.00153728-0j 3.7651e-05-0j -0.00215345-0j 0.000235348-0j 5.76412e-06-0j -0.000329678-0j -0.059862-0j -0.00864033-0j -0.00146614-0j -0.000211619-0j 0.0838556-0j 0.000156898-0j 0.0121035-0j 0.000148847-0j 2.7736e-05-0j 3.84274e-06-0j 2.31133e-06-0j -0.000219786-0j 3.64555e-06-0j 6.79308e-07-0j 2.48078e-05-0j -0.000208507-0j 5.6609e-08-0j -3.8853e-05-0j 1.69847e-05-0j 1.51916e-05-0j -3.23775e-06-0j 3.10098e-06-0j 6.07591e-07-0j 1.96123e-05-0j 4.15989e-07-0j 3.72072e-07-0j 1.82727e-07-0j -3.47512e-05-0j 7.54877e-06-0j 2.83079e-06-0j -2.37925e-05-0j 7.59489e-08-0j -2.12807e-05-0j 4.80343e-07-0j 2.45154e-06-0j 4.47533e-09-0j -4.34389e-06-0j 2.31133e-06-0j 1.84884e-07-0j 6.93315e-08-0j -2.74732e-05-0j 2.88916e-07-0j -2.55966e-07-0j 1.15567e-06-0j 1.92611e-07-0j -1.05744e-05-0j 6.00429e-08-0j -3.96542e-06-0j 1.31872e-08-0j 2.88916e-07-0j 5.6609e-08-0j -3.43415e-06-0j 7.07612e-09-0j 1.02147e-07-0j 2.83045e-08-0j 2.40764e-08-0j 4.71741e-09-0j -3.23775e-06-0j -4.04718e-07-0j 3.22979e-10-0j 7.07612e-09-0j -1.61887e-06-0j 1.70246e-08-0j -2.69812e-07-0j 8.97273e-10-0j -1.84728e-08-0j 2.50179e-09-0j 5.89677e-10-0j -4.04718e-07-0j 1.34591e-09-0j 4.16964e-10-0j -1.4309e-07-0j 2.1976e-11-0j -3.37265e-08-0j 5.99516e-11-0j -2.38483e-08-0j 3.29639e-11-0j 1.44221e-12-0j -1.25691e-09-0j -1.88537e-09-0j 1.46833e-12-0j -8.39811e-11-0j 3.53225e-14-0j -2.02027e-12-0j 
0.145238-0j 0.00374887-0j -6.30179e-05-0j -4.2012e-05-0j 0.000864655-0j 0.000493957-0j -3.71337e-06-0j 0.00012524-0j 8.82485e-05-0j 1.47854e-05-0j 8.27973e-07-0j -9.32793e-06-0j -0.0197033-0j -1.12645e-06-0j 1.54558e-05-0j -1.02831e-06-0j 8.54919e-06-0j 5.69946e-06-0j 2.16759e-06-0j -1.04951e-07-0j 2.03649e-06-0j 5.03766e-07-0j 2.41264e-07-0j 2.21229e-07-0j 2.3867e-08-0j 1.05369e-09-0j -0.000311531-0j 0.0003023-0j 0.00226075-0j -0.00219376-0j 0.0105769-0j -0.145124-0j -0.0102635-0j 0.140824-0j -3.28383e-05-0j -2.24828e-05-0j 3.18652e-05-0j 2.18166e-05-0j 0.000273012-0j 6.92205e-05-0j -0.000264922-0j 0.000249225-0j -6.71694e-05-0j -3.24512e-06-0j -0.00024184-0j -3.05952e-06-0j 6.29686e-05-0j 3.14896e-06-0j 4.19791e-05-0j 2.96886e-06-0j 7.45995e-06-0j -6.11027e-05-0j 2.54364e-05-0j -4.07351e-05-0j -7.2389e-06-0j -1.35213e-07-0j -2.46827e-05-0j 9.1206e-06-0j 3.71046e-06-0j 1.31207e-07-0j -8.85034e-06-0j 6.95767e-07-0j 7.61378e-07-0j -3.60051e-06-0j -6.7515e-07-0j -7.38817e-07-0j 6.02972e-08-0j 2.1949e-09-0j -5.85105e-08-0j -2.12986e-09-0j -0.000239666-0j -5.86989e-06-0j 0.000335728-0j 0.0017256-0j 4.22632e-05-0j -0.00241724-0j -2.7736e-05-0j 0.000380559-0j -6.79308e-07-0j 9.32063e-06-0j 3.8853e-05-0j 0.00704687-0j -0.000533093-0j -2.32056e-05-0j -0.0585865-0j 0.000172591-0j -0.0148542-0j -0.00987136-0j -5.6835e-07-0j -0.0014349-0j 0.000181894-0j 3.25067e-05-0j -0.000363809-0j 0.0820689-0j 0.000124534-0j -2.36841e-06-0j 0.0208081-0j 4.59569e-05-0j 4.45493e-06-0j -3.0576e-06-0j 3.05008e-06-0j -5.80069e-08-0j 5.44456e-06-0j -0.0002548-0j -1.17687e-06-0j 4.19527e-05-0j -0.000174449-0j 1.12557e-06-0j 3.3177e-06-0j -7.48866e-08-0j 1.79749e-05-0j 1.33348e-07-0j -6.43771e-05-0j 1.69469e-05-0j -2.88239e-08-0j 1.0275e-06-0j 4.28314e-06-0j 6.44519e-06-0j -7.62682e-06-0j -1.80171e-07-0j 4.29679e-06-0j 1.64858e-06-0j 4.40241e-07-0j -5.8768e-05-0j 4.91673e-07-0j 4.28178e-06-0j 4.15064e-07-0j -2.51796e-05-0j 1.57855e-07-0j 7.48956e-07-0j -4.41274e-09-0j 7.17383e-07-0j 1.05237e-07-0j -2.37395e-05-0j -9.02852e-06-0j 1.2042e-08-0j 1.04869e-07-0j 2.52386e-07-0j 3.79786e-07-0j -6.01901e-06-0j 4.01729e-08-0j -6.88743e-07-0j 1.83434e-08-0j 1.75701e-08-0j -5.99798e-06-0j 5.01811e-08-0j 9.30171e-09-0j -1.04915e-06-0j 9.83912e-10-0j -1.00492e-06-0j 3.13308e-09-0j -5.32011e-07-0j 1.22903e-09-0j 9.69689e-11-0j -5.62748e-08-0j -7.02945e-08-0j 7.67353e-11-0j -4.38887e-09-0j 2.37496e-12-0j -1.35835e-10-0j 
-0.000390508-0j 0.0148036-0j 0.00464317-0j -3.25423e-05-0j -7.04562e-06-0j 0.000773862-0j 0.000826558-0j -6.77965e-07-0j 0.00013752-0j 5.70003e-06-0j -2.23324e-09-0j -7.22539e-06-0j -1.12645e-06-0j -0.0198991-0j 3.01951e-05-0j -7.96524e-07-0j 1.33936e-05-0j -9.38712e-08-0j -1.17339e-08-0j 1.55469e-05-0j 1.57846e-06-0j 2.38428e-06-0j -9.77825e-10-0j 2.29028e-07-0j 7.3532e-09-0j -2.43484e-12-0j -0.000241311-0j 0.00023416-0j -3.72351e-05-0j 3.61317e-05-0j 0.00270512-0j -4.10478e-06-0j -0.00262496-0j 3.98315e-06-0j 0.00609851-0j -1.74151e-05-0j -0.0059178-0j 1.68991e-05-0j -0.102547-0j 8.98396e-05-0j 0.0995085-0j -4.10478e-06-0j -8.71774e-05-0j 0.000480715-0j 3.98315e-06-0j 0.000225426-0j 4.88062e-05-0j -0.000466471-0j -3.42065e-07-0j -0.000218746-0j -3.02346e-08-0j -4.736e-05-0j 8.01192e-05-0j 3.31929e-07-0j 2.93387e-08-0j 4.01643e-05-0j -7.77451e-05-0j 4.69638e-06-0j 8.68828e-06-0j -3.89742e-05-0j -4.55722e-06-0j -2.25355e-09-0j 5.90134e-07-0j -8.43082e-06-0j 2.18678e-09-0j -5.72647e-07-0j 1.54701e-08-0j -4.43627e-12-0j -1.50117e-08-0j 4.30481e-12-0j -0.000185645-0j -4.5468e-06-0j 0.000260054-0j -2.84209e-05-0j -6.96083e-07-0j 3.98125e-05-0j 0.00204359-0j -3.10098e-06-0j 5.00515e-05-0j -7.59489e-08-0j -0.00286269-0j -1.89473e-05-0j 4.34389e-06-0j 0.00430959-0j 0.000318601-0j -4.64055e-07-0j -2.7912e-07-0j 2.65416e-05-0j 0.00010555-0j 7.80315e-06-0j 0.000718265-0j -0.00603694-0j -6.83618e-09-0j -0.000446301-0j -2.0511e-06-0j -0.0841167-0j 3.90995e-07-0j -0.00854024-0j 1.75917e-05-0j 0.000225285-0j -5.02355e-08-0j -0.00206018-0j 5.29052e-06-0j -0.00100616-0j -9.11601e-07-0j -3.4185e-07-0j 2.87322e-06-0j -0.000209167-0j 0.117832-0j 5.51766e-06-0j 5.66172e-05-0j 1.29575e-07-0j 0.0119633-0j 2.65501e-05-0j -2.23269e-08-0j -8.37258e-09-0j -0.000315582-0j 3.31876e-06-0j -7.41104e-06-0j 4.01042e-05-0j -2.326e-08-0j 1.27698e-06-0j 1.38667e-06-0j 4.78869e-07-0j -1.5925e-09-0j 6.67241e-06-0j 6.50263e-07-0j -7.93103e-05-0j 8.12828e-08-0j 4.73044e-06-0j 9.8223e-07-0j 2.76563e-07-0j -5.69682e-10-0j -3.71917e-05-0j -4.64897e-06-0j -3.90035e-11-0j 1.6342e-07-0j -5.61786e-05-0j 5.90791e-07-0j 3.25829e-08-0j -1.08356e-10-0j 2.2308e-09-0j 1.15858e-07-0j 6.77357e-09-0j -9.34681e-06-0j 3.10832e-08-0j 1.44696e-08-0j -6.62647e-06-0j -2.65385e-12-0j -3.87414e-07-0j 6.88659e-10-0j -8.27589e-07-0j 7.61289e-10-0j -1.74163e-13-0j 1.51787e-10-0j -4.35419e-08-0j 1.68666e-11-0j -9.64684e-10-0j -4.2656e-15-0j 2.43971e-13-0j 
5.6365e-05-0j 0.203117-0j 7.04562e-06-0j 4.69708e-06-0j 0.00449763-0j -0.000111627-0j 4.15167e-07-0j 0.00132636-0j 0.000459037-0j 0.000236122-0j 2.21228e-05-0j 1.04289e-06-0j -1.54558e-05-0j -3.01951e-05-0j -0.0192753-0j 1.14968e-07-0j -1.93198e-06-0j -1.28799e-06-0j 2.2956e-05-0j 1.17339e-08-0j 1.05931e-05-0j -1.13843e-07-0j 3.85297e-06-0j 2.34294e-06-0j 5.09453e-07-0j 3.38149e-08-0j 3.48302e-05-0j -3.37981e-05-0j -0.000510894-0j 0.000495756-0j 4.10478e-06-0j 0.00262032-0j -3.98315e-06-0j -0.00254268-0j -0.000880244-0j 2.51366e-06-0j 0.000854161-0j -2.43917e-06-0j 0.014792-0j -0.17576-0j -0.0143537-0j -5.63208e-05-0j 0.170552-0j 3.62815e-07-0j 5.46519e-05-0j 3.42065e-07-0j 0.00032754-0j -3.52064e-07-0j 0.00021836-0j -3.31929e-07-0j 0.000119135-0j -0.000317834-0j -5.74822e-06-0j -0.00021189-0j -0.000115605-0j 1.51173e-08-0j 5.57789e-06-0j 9.65921e-05-0j 1.93005e-05-0j -1.46693e-08-0j -9.37299e-05-0j 1.48515e-05-0j 1.21591e-05-0j -1.87286e-05-0j -1.44114e-05-0j -1.17988e-05-0j 1.61109e-06-0j 8.22291e-08-0j -1.56335e-06-0j -7.97924e-08-0j 2.67955e-05-0j 6.56274e-07-0j -3.75355e-05-0j -0.000389957-0j -9.5508e-06-0j 0.000546258-0j 3.10098e-06-0j 0.00197953-0j 7.59489e-08-0j 4.84826e-05-0j -4.34389e-06-0j 2.7348e-06-0j -0.00277296-0j -0.000622036-0j -4.59569e-05-0j 6.69806e-08-0j 0.000546064-0j -3.83095e-06-0j -1.52349e-05-0j -1.12557e-06-0j 0.00985515-0j 0.000871357-0j 1.33742e-05-0j 6.43771e-05-0j -2.81427e-05-0j -6.34863e-05-0j -0.000764935-0j -0.0573138-0j 0.000241372-0j 3.4185e-07-0j -6.8927e-07-0j -1.5549e-06-0j -0.0208465-0j -0.0138053-0j 1.31578e-07-0j 0.000218223-0j 3.94228e-05-0j -0.00140373-0j 8.89325e-05-0j 8.37258e-09-0j -4.06205e-06-0j -0.000510571-0j 0.080286-0j -3.82974e-06-0j 3.22261e-09-0j 5.3447e-06-0j -4.78869e-07-0j 6.8258e-05-0j 0.0292021-0j 2.01437e-08-0j 4.55054e-05-0j -1.84317e-07-0j -9.94875e-08-0j -0.00030569-0j 1.0495e-05-0j 2.22723e-05-0j -9.37977e-08-0j 5.69019e-06-0j 1.67177e-06-0j -1.69252e-07-0j 4.93359e-10-0j 1.14565e-05-0j 1.11451e-06-0j 5.36476e-06-0j -9.56169e-05-0j 2.57043e-07-0j 5.45491e-07-0j -2.82176e-08-0j 4.02214e-06-0j -6.37446e-05-0j 1.07339e-06-0j -1.47016e-05-0j -4.14531e-09-0j 2.80593e-07-0j -3.11994e-05-0j 1.07114e-06-0j 9.85101e-08-0j 2.37091e-07-0j 2.62893e-08-0j -1.60485e-05-0j 1.00546e-07-0j -5.63428e-06-0j 2.62343e-08-0j 4.15368e-09-0j -1.50362e-06-0j -1.50047e-06-0j 2.46257e-09-0j -1.40847e-07-0j 1.01732e-10-0j -5.81854e-09-0j 
-0.000356483-0j -5.6365e-05-0j 0.00853257-0j 0.00854203-0j 0.00123157-0j 0.00106404-0j -2.62575e-06-0j 8.86701e-05-0j -6.56437e-07-0j -5.47031e-08-0j -2.03866e-09-0j -6.59584e-06-0j -1.02831e-06-0j -7.96524e-07-0j -1.14968e-07-0j -0.019948-0j 2.4613e-05-0j 2.46403e-05-0j 2.05108e-06-0j 1.06324e-05-0j 2.17034e-06-0j -7.5742e-09-0j 1.27888e-07-0j -1.09324e-09-0j -7.05685e-11-0j -2.2227e-12-0j -0.000220286-0j 0.000213758-0j -3.39908e-05-0j 3.29836e-05-0j -2.59609e-05-0j -3.74714e-06-0j 2.51917e-05-0j 3.6361e-06-0j 0.00332679-0j 0.0061042-0j -0.00322821-0j -0.00592332-0j -4.10478e-06-0j -3.42065e-07-0j 3.98315e-06-0j -0.102799-0j 3.31929e-07-0j 0.000439386-0j 0.0997532-0j 0.000622074-0j 8.96892e-05-0j -0.000426366-0j 8.97887e-05-0j -0.000603641-0j 5.28499e-06-0j -8.70315e-05-0j 5.47929e-05-0j -8.71281e-05-0j -5.12838e-06-0j -9.56102e-08-0j -5.31693e-05-0j 6.45741e-06-0j -2.76003e-08-0j 9.2777e-08-0j -6.26606e-06-0j 2.94739e-07-0j -2.81694e-09-0j 2.67824e-08-0j -2.86005e-07-0j 2.73347e-09-0j -1.48466e-10-0j -4.04974e-12-0j 1.44066e-10-0j 3.92974e-12-0j -0.00016947-0j -4.15064e-06-0j 0.000237396-0j -2.59446e-05-0j -6.35434e-07-0j 3.63436e-05-0j -1.96123e-05-0j -2.83079e-06-0j -4.80343e-07-0j -6.93315e-08-0j 2.74732e-05-0j 0.00247809-0j 3.96542e-06-0j 0.00314201-0j -3.0576e-06-0j 6.06931e-05-0j -2.548e-07-0j -0.00347134-0j 7.6954e-05-0j -7.48866e-08-0j 0.00039182-0j -0.00440138-0j -6.24055e-09-0j 4.28314e-06-0j 0.000718935-0j -1.67472e-06-0j 3.56928e-07-0j -3.4185e-07-0j 9.59643e-06-0j -0.059314-0j 1.76081e-05-0j -4.10171e-08-0j -2.01437e-08-0j -0.000548867-0j 0.000359345-0j -0.00856124-0j -0.0010071-0j -8.37258e-09-0j 2.34597e-06-0j -0.00145271-0j 5.17496e-05-0j -4.93359e-10-0j 4.78869e-07-0j 7.32661e-05-0j 8.80106e-06-0j -0.000209681-0j 0.0830879-0j 6.09874e-06-0j 2.82176e-08-0j 1.82528e-05-0j 6.10551e-06-0j -0.000503377-0j 1.26745e-06-0j 0.0119927-0j 2.78368e-07-0j 4.56321e-06-0j 1.79443e-06-0j -7.24916e-05-0j 1.4937e-07-0j -1.12607e-08-0j 4.47047e-07-0j 3.80267e-07-0j 1.49536e-07-0j -0.000102632-0j -8.54322e-06-0j 6.81778e-09-0j 1.11762e-07-0j -2.55688e-05-0j -1.87678e-09-0j -8.55269e-06-0j 1.41717e-08-0j -3.89943e-07-0j -2.75796e-10-0j 9.31348e-09-0j -6.39221e-06-0j -1.48373e-10-0j -4.5966e-11-0j 1.57741e-08-0j 3.47093e-10-0j -5.32684e-07-0j -6.60904e-12-0j 2.62902e-09-0j -3.63393e-12-0j -1.58989e-13-0j -1.9852e-08-0j 2.07843e-10-0j -1.61868e-13-0j 9.25805e-12-0j -3.89394e-15-0j 2.22714e-13-0j 
