0.97918-0j -0.0148654-0j 0.203964-0j -0.00857713-0j -0.00866601-0j 0.0713089-0j 0.0180799-0j 0.0720478-0j 0.0182673-0j -0.00606114-0j -0.00750027-0j 0.0475094-0j -0.00437516-0j -0.000618612-0j 0.0120036-0j 0.0587899-0j -0.000765493-0j 0.00142208-0j 0.0342941-0j 0.0148537-0j -0.000446538-0j 0.00866467-0j 0.00175974-0j 0.00102651-0j -0.00469199-0j -0.00547398-0j 0.0356097-0j -0.00335212-0j -0.00478974-0j -0.000618224-0j -0.00197567-0j 0.00848251-0j 0.0415446-0j 0.00363439-0j 0.0254408-0j -0.000721261-0j 0.0363515-0j 0.00130317-0j -0.00044168-0j 0.00989626-0j 0.0149942-0j 9.94124e-05-0j 0.00424013-0j 0.0060602-0j -0.000631103-0j 0.00259654-0j 0.00152036-0j 0.00865923-0j -0.000260317-0j 0.00371011-0j 0.000931028-0j 0.00357175-0j 0.000115981-0j 7.10237e-05-0j 0.00153034-0j 0.00133032-0j 0.000548728-0j 0.000101484-0j 4.18598e-05-0j -0.00382859-0j -0.00432485-0j 0.0284698-0j -0.00353122-0j -0.00356782-0j -0.000478573-0j -0.00308982-0j -0.000319049-0j 0.0321601-0j 0.0065664-0j -0.00254897-0j -0.000814409-0j 0.00375123-0j 0.0262586-0j -0.000540606-0j -2.82002e-05-0j 0.0265307-0j 0.000951101-0j -0.000360404-0j 0.00741753-0j 0.00067018-0j 0.0229763-0j -0.000441403-0j 0.0189545-0j 0.000112284-0j -0.000294269-0j 0.00423746-0j 0.00605639-0j -0.000445977-0j 6.28782e-06-0j 0.00605604-0j -0.000297318-0j -0.000386227-0j -3.18555e-05-0j 0.00611915-0j 0.00107438-0j -0.000257485-0j 0.00345987-0j 0.00529934-0j -0.000318621-0j 0.000757049-0j -2.60099e-05-0j -0.000212414-0j 0.00349573-0j 0.00087723-0j 0.00437173-0j -0.000101801-0j 0.000126838-0j 0.000618128-0j 0.00302739-0j -2.62795e-05-0j -6.78674e-05-0j 0.000886321-0j 7.10285e-06-0j 0.00139679-0j -2.27587e-05-0j 0.00249747-0j 0.000767576-0j 0.000103563-0j 0.000624533-0j 0.000540862-0j -1.87749e-05-0j 0.000104636-0j 5.79945e-06-0j 0.000797954-0j 0.000633218-0j 0.000446188-0j 9.06178e-05-0j -5.99869e-06-0j 5.85955e-06-0j 0.000202316-0j 5.07452e-06-0j 7.47558e-05-0j 0.000142559-0j 4.18627e-06-0j 2.38849e-05-0j 1.33753e-06-0j 
0.0148654-0j -0.0199821-0j 3.03211e-05-0j 0.00612395-0j -0.00594248-0j -0.102975-0j 9.02143e-05-0j 0.0999236-0j -8.7541e-05-0j 0.00432757-0j 0.00010599-0j 0.000721261-0j -0.00606212-0j -0.0844676-0j -0.00857586-0j 1.76651e-05-0j -0.00206877-0j 5.31259e-06-0j -0.00101035-0j -0.000210039-0j 0.118323-0j 0.0120132-0j 1.30116e-07-0j -7.44196e-06-0j 0.00335001-0j 7.73559e-05-0j 0.000540606-0j 0.00239336-0j -0.00328443-0j -0.0419866-0j -0.00412011-0j 6.3711e-05-0j 1.24832e-05-0j -0.0105518-0j 0.000386227-0j -0.000969521-0j -0.000530023-0j -0.00061852-0j -0.0299966-0j 1.47116e-06-0j -0.000664881-0j 2.96796e-07-0j -0.000243654-0j 4.55173e-05-0j 0.0411646-0j -0.00753858-0j -1.42824e-05-0j -6.24638e-05-0j 0.0516384-0j 0.0103452-0j -0.000441892-0j -7.83569e-05-0j 6.85339e-09-0j 2.12041e-07-0j 0.0129775-0j 0.000606412-0j 0.000760706-0j -2.90986e-07-0j -3.65024e-07-0j 0.00273356-0j 6.11168e-05-0j 0.000432213-0j 0.00252124-0j -0.00244653-0j -0.0325022-0j 4.36639e-05-0j 0.000227796-0j 9.66341e-06-0j 4.93193e-05-0j -0.0035318-0j -0.00226836-0j -0.00541704-0j 0.000398643-0j -0.000726684-0j -0.0057859-0j -0.000386831-0j 4.74576e-06-0j 5.09306e-06-0j 1.10268e-06-0j -0.000962639-0j 6.90387e-06-0j -0.0299778-0j -0.000558426-0j -3.99002e-05-0j 0.000210104-0j -0.000121114-0j 4.54888e-05-0j 0.0290895-0j 1.56327e-08-0j -0.000358659-0j -0.000203878-0j -0.000519168-0j -0.000129361-0j -4.41408e-05-0j 1.06105e-07-0j 3.63866e-06-0j -0.0049963-0j 7.87793e-07-0j 0.0419934-0j -2.15227e-05-0j -0.00533652-0j -0.000294316-0j 0.00484825-0j 4.37716e-06-0j -6.37214e-05-0j 0.026971-0j -8.92089e-07-0j -0.000887872-0j -8.6528e-05-0j 0.00517839-0j -0.00018903-0j -4.24745e-06-0j 3.49516e-10-0j -4.09262e-05-0j -9.242e-05-0j 0.00699889-0j 7.58054e-08-0j -3.68012e-05-0j 0.000861562-0j -1.53765e-05-0j 0.00747548-0j 3.57107e-05-0j 1.44185e-08-0j 0.00449517-0j -6.13159e-06-0j 0.00124374-0j -6.37339e-07-0j 0.00480126-0j -1.39913e-08-0j -3.93813e-06-0j 2.49706e-10-0j 5.15517e-05-0j 0.000798818-0j -2.01977e-08-0j 3.311e-05-0j -1.29723e-08-0j 
0.203964-0j -3.03211e-05-0j -0.0193557-0j -0.000883916-0j 0.000857723-0j 0.0148537-0j -0.176493-0j -0.0144136-0j 0.171264-0j -0.00062463-0j -1.52984e-05-0j 0.00989626-0j 0.000874992-0j -6.37511e-05-0j -0.0575528-0j 0.000242379-0j -1.56139e-06-0j -0.0209334-0j -0.0138628-0j -0.00140958-0j 8.93035e-05-0j 0.0806209-0j -0.0005127-0j 0.0293239-0j -0.000483533-0j -1.11654e-05-0j 0.00741753-0j -0.000345452-0j 0.000474067-0j -6.3711e-05-0j 0.000594687-0j -0.0406704-0j 0.00017128-0j 0.000757049-0j 0.00529934-0j -1.47116e-06-0j -0.00727233-0j -0.0127213-0j -4.55173e-05-0j -0.00093913-0j -0.00912268-0j -0.00195596-0j 1.74812e-05-0j -0.0290564-0j 6.24638e-05-0j 0.000540862-0j -0.000293751-0j 0.0398743-0j 7.83569e-05-0j -0.000742229-0j -0.00908855-0j 0.0500198-0j -4.51656e-05-0j -0.00139741-0j -0.00093108-0j 0.0124723-0j 0.0156457-0j 0.00191767-0j 0.0024056-0j -0.000394555-0j -8.82145e-06-0j 0.0059303-0j -0.00036391-0j 0.000353127-0j -4.93193e-05-0j -6.30234e-06-0j -3.28796e-05-0j 0.000132589-0j -0.0314834-0j 0.000509771-0j 0.00032741-0j 0.000781386-0j 0.0054697-0j -1.10268e-06-0j -2.90617e-06-0j -0.00530762-0j -0.0092845-0j -7.3512e-07-0j -0.000703905-0j -0.00321326-0j 9.47265e-05-0j -4.54888e-05-0j -0.00766204-0j -0.00165286-0j -3.03258e-05-0j 1.74702e-05-0j -0.0290381-0j 4.41408e-05-0j -0.000154859-0j -0.00492108-0j 2.94272e-05-0j -7.87793e-07-0j -6.49761e-08-0j 0.0281776-0j -0.000207583-0j -5.25195e-07-0j 0.000720696-0j -0.000502894-0j 6.37214e-05-0j -7.1842e-05-0j -2.68045e-06-0j 4.24809e-05-0j -0.00069934-0j -0.00856339-0j 0.040677-0j 4.09262e-05-0j -3.69545e-05-0j -0.00296369-0j 1.24813e-05-0j 2.60102e-06-0j 2.72841e-05-0j 0.00830963-0j -3.46234e-06-0j 0.0261256-0j -4.64212e-08-0j -0.00100956-0j -0.000148304-0j -0.00152448-0j 0.00287587-0j -5.13264e-05-0j 3.75482e-06-0j 0.00147931-0j -0.000142832-0j -0.00064841-0j 0.0119957-0j 0.00415158-0j -2.64016e-05-0j 2.4116e-06-0j 0.000138599-0j 0.00770447-0j -2.47362e-06-0j 0.00213551-0j 0.00266643-0j 0.000200081-0j 0.00137157-0j 0.000128505-0j 
0.00857713-0j 0.00612395-0j 0.000883916-0j 0.486826-0j -0.511488-0j -0.000600674-0j -5.00562e-05-0j 0.000631103-0j 5.25919e-05-0j 0.00249695-0j -0.00297132-0j -0.0596237-0j 0.00180239-0j 0.000254844-0j 5.20198e-05-0j 0.0709509-0j -0.000303259-0j 3.0653e-06-0j -0.0430387-0j -6.19024e-05-0j 0.000183956-0j 3.75499e-05-0j -3.64764e-06-0j 2.21265e-06-0j 0.00193292-0j 0.00225507-0j 0.000311923-0j -0.0040369-0j -0.00189751-0j -0.036489-0j 0.000813897-0j -0.00526673-0j 0.00036391-0j 3.18355e-05-0j -0.000651452-0j -0.0425705-0j -0.000306209-0j 3.75185e-06-0j 0.0762074-0j -0.00614452-0j 0.000131342-0j 1.71248e-07-0j 3.71414e-05-0j 0.0109996-0j 0.0358206-0j -6.64885e-05-0j 4.37716e-06-0j 0.00517026-0j -0.0153645-0j -3.12523e-05-0j -7.83575e-06-0j -0.00221768-0j 1.99789e-07-0j -3.57651e-07-0j 1.3405e-05-0j -3.68312e-06-0j 1.5798e-06-0j -1.68111e-07-0j 7.21077e-08-0j 0.00157723-0j 0.00178167-0j 0.000249382-0j -0.00139893-0j 0.0014698-0j 0.000197153-0j -0.00372102-0j -0.0377934-0j 0.000281706-0j 2.84566e-05-0j -0.0010098-0j 0.000335505-0j -0.00470775-0j -0.000221191-0j 0.000222708-0j 1.16174e-05-0j 0.000232396-0j -0.000392313-0j -0.0426922-0j 3.21452e-05-0j 2.90434e-06-0j -0.000588345-0j -0.000174867-0j -0.000159664-0j 2.42029e-07-0j 0.0335212-0j -0.00531797-0j -2.52398e-05-0j 0.000183725-0j 9.01988e-09-0j 5.30479e-05-0j -0.0352193-0j -0.000465127-0j 1.31232e-05-0j 2.65184e-05-0j -0.000443164-0j 0.0891628-0j 0.00417557-0j -6.71353e-05-0j -0.000126225-0j 3.28081e-06-0j -1.03041e-05-0j 0.0241969-0j -0.0043871-0j 0.000347964-0j -1.82191e-05-0j 4.19381e-05-0j 2.73401e-07-0j -2.57603e-06-0j 0.0111066-0j 1.08261e-05-0j -0.00803934-0j -0.000365592-0j 1.0189e-08-0j 6.05324e-06-0j -2.74079e-05-0j 0.00301409-0j 0.00092555-0j -2.14669e-07-0j 2.70653e-06-0j -6.85197e-06-0j -7.4379e-06-0j 2.25544e-07-0j -8.00024e-09-0j -0.00100142-0j 0.000251174-0j -1.85948e-06-0j -5.70998e-07-0j 2.47122e-06-0j 8.40553e-09-0j -8.34519e-05-0j -2.12798e-08-0j -1.54956e-07-0j 6.17806e-07-0j -5.77488e-09-0j 5.14838e-08-0j 1.91869e-09-0j 
-0.00866601-0j 0.00594248-0j 0.000857723-0j 0.511488-0j -0.516384-0j -0.000631103-0j -5.25919e-05-0j 0.000637144-0j 5.30953e-05-0j -0.00252283-0j 0.00299826-0j 0.0602416-0j -0.00160909-0j -0.000257485-0j -5.25589e-05-0j -0.0715943-0j 0.000306009-0j -3.09706e-06-0j 0.0384229-0j 6.24638e-05-0j -0.000164227-0j -3.35228e-05-0j 3.68071e-06-0j -1.97535e-06-0j -0.00195295-0j 0.00218825-0j -0.000315155-0j -0.00139525-0j 0.00199207-0j 0.0368671-0j -0.00385511-0j 0.00532131-0j 0.000353127-0j -3.21654e-05-0j -0.000225158-0j -0.041309-0j 0.000321469-0j -3.79073e-06-0j 0.0263392-0j -0.00596245-0j -0.000622115-0j -1.73022e-07-0j 3.60408e-05-0j 0.00380173-0j -0.0376057-0j -2.29801e-05-0j 4.24745e-06-0j -0.00542792-0j 0.0727756-0j 3.28098e-05-0j -2.70823e-06-0j 0.0105042-0j 1.93869e-07-0j -1.23613e-07-0j -6.34944e-05-0j 3.86667e-06-0j -7.48288e-06-0j 1.76489e-07-0j -3.41545e-07-0j -0.00159357-0j 0.00172887-0j -0.000251966-0j -0.0014698-0j 0.00148387-0j -0.000199197-0j 0.00123517-0j 0.0381851-0j 0.000273359-0j -2.87515e-05-0j -0.000937458-0j -0.00353017-0j 0.00475654-0j -0.000232396-0j 0.000216109-0j -1.17378e-05-0j 0.00023462-0j 0.000396378-0j -0.0414272-0j 3.11927e-05-0j -2.93444e-06-0j 0.000195297-0j -0.000183725-0j -0.000148225-0j -2.44537e-07-0j 0.0352193-0j -0.00516039-0j -2.65184e-05-0j 0.000185484-0j -9.11335e-09-0j -0.000558169-0j -0.0355564-0j 0.000154396-0j 1.27344e-05-0j 2.67723e-05-0j -0.000430032-0j -0.029597-0j 0.0043871-0j 2.22851e-05-0j -0.000117182-0j 3.18359e-06-0j -1.08261e-05-0j 0.0224633-0j -0.00442909-0j 0.000365592-0j -1.69138e-05-0j -0.000441272-0j 2.65299e-07-0j -2.70653e-06-0j -0.00368676-0j 1.09297e-05-0j 0.0845898-0j -0.000369091-0j 9.88711e-09-0j -6.36921e-05-0j 9.09786e-06-0j 0.00279815-0j -0.00030723-0j -2.25544e-07-0j 2.73243e-06-0j 2.27447e-06-0j -6.90503e-06-0j 2.27703e-07-0j -8.40553e-09-0j 0.010537-0j 0.000233179-0j -1.72626e-06-0j 1.89539e-07-0j -2.60022e-05-0j 8.48598e-09-0j 0.000878079-0j 7.06369e-09-0j -1.43855e-07-0j -6.50054e-06-0j -5.36115e-09-0j -5.41712e-07-0j -2.01884e-08-0j 
0.0713089-0j 0.102975-0j 0.0148537-0j 0.000600674-0j -0.000631103-0j 0.475024-0j -0.00126617-0j -0.499088-0j 0.00133032-0j -0.000441403-0j 0.00052526-0j 0.00345987-0j -0.000318621-0j 0.00861552-0j -0.0831512-0j -0.00411717-0j -0.0102523-0j 0.000103563-0j 0.00249747-0j 0.098948-0j 0.00621901-0j -0.0600217-0j -0.000123238-0j 7.47558e-05-0j -0.000341694-0j -0.000398643-0j 0.00259328-0j 0.00071363-0j 0.000335435-0j 0.00428254-0j -0.000143878-0j 0.000617739-0j 0.00302549-0j -0.0506169-0j -0.00541606-0j 0.0049963-0j -0.00254577-0j -0.00902727-0j -0.0089441-0j 0.000720696-0j 0.00109196-0j 7.23972e-06-0j -0.059053-0j -0.00129015-0j -0.00420409-0j 0.105713-0j -0.0105318-0j -0.000606423-0j 0.00180326-0j 0.0496896-0j 0.0188535-0j 0.000260113-0j 8.44634e-06-0j -1.51202e-05-0j -0.0213134-0j 0.0088619-0j -0.00380113-0j -7.1071e-06-0j 3.04844e-06-0j -0.000278817-0j -0.000314957-0j 0.00207332-0j 0.000247299-0j -0.000259827-0j 0.00331516-0j 0.000657789-0j -2.32348e-05-0j 0.00234206-0j 0.000478198-0j 0.00017851-0j -5.93094e-05-0j -0.0259854-0j -0.00183894-0j 0.00374487-0j 0.00059015-0j 0.0019321-0j 6.9264e-05-0j -2.62464e-05-0j 0.000540183-0j -0.00933371-0j -0.0048914-0j -0.0029404-0j -0.00132742-0j -0.000777812-0j 2.06082e-05-0j -0.0293537-0j -0.000424141-0j 0.00308936-0j 4.57911e-07-0j 0.000441032-0j -2.16522e-05-0j -0.00782117-0j 0.000666646-0j 0.000445628-0j 7.8242e-05-0j 5.48158e-05-0j 0.023048-0j -0.00112817-0j -0.0021225-0j -0.0105436-0j -0.000523438-0j 1.48758e-05-0j -0.0242155-0j -6.14342e-05-0j -0.000306161-0j 0.000705194-0j -0.000878632-0j 0.0082786-0j 0.0613052-0j 0.000549955-0j -4.94245e-06-0j 6.45464e-05-0j 5.17266e-07-0j 0.000101721-0j -0.00139229-0j 0.0166369-0j -0.000163409-0j 0.000689886-0j -0.00869799-0j 0.0220202-0j -0.000377838-0j -0.000724835-0j -4.06148e-07-0j -0.00552756-0j -4.43456e-05-0j 0.00597581-0j 0.00183503-0j 0.000125536-0j 4.26723e-07-0j 1.47337e-05-0j -1.08031e-06-0j 0.000497986-0j -0.00198545-0j -2.93173e-07-0j -0.000165455-0j 9.74059e-08-0j 
-0.0180799-0j 9.02143e-05-0j 0.176493-0j -5.00562e-05-0j 5.25919e-05-0j 0.00126617-0j 0.459923-0j -0.00133032-0j -0.483222-0j 3.67836e-05-0j -4.37716e-05-0j -0.00087723-0j 2.65518e-05-0j 3.75421e-06-0j 0.0103869-0j 0.00104388-0j -4.46742e-06-0j -0.116356-0j -0.000633218-0j -0.0123602-0j 2.70993e-06-0j 0.00749767-0j 0.138461-0j -0.0839899-0j 2.84745e-05-0j 3.32203e-05-0j -0.000657509-0j -5.94691e-05-0j -2.79529e-05-0j 3.75185e-06-0j 1.19898e-05-0j 0.00734004-0j -0.000767094-0j -6.71068e-05-0j 0.00137321-0j 4.37716e-06-0j 0.000645465-0j -0.0344725-0j -7.83575e-06-0j 0.00856339-0j -0.000276859-0j -0.0164238-0j -7.82912e-05-0j -0.0153297-0j -3.68312e-06-0j 0.000140153-0j -0.0402179-0j -0.00720559-0j 1.5798e-06-0j 6.58775e-05-0j 0.0719959-0j 0.00309069-0j -0.0191611-0j 0.0343011-0j -2.82568e-05-0j 0.033841-0j -0.0145154-0j 0.0161229-0j -0.00691559-0j 2.32348e-05-0j 2.62464e-05-0j -0.000525677-0j -2.06082e-05-0j 2.16522e-05-0j 2.90434e-06-0j -5.48158e-05-0j 1.93623e-06-0j -0.000593815-0j 0.005682-0j -1.48758e-05-0j 4.94245e-06-0j -6.9264e-05-0j 0.000466253-0j 3.28081e-06-0j 1.7114e-07-0j -0.000489873-0j -0.0251593-0j 2.1872e-06-0j 0.0064185-0j 0.000579917-0j 0.00124018-0j -2.57603e-06-0j 0.000336559-0j -0.00918717-0j -1.71735e-06-0j -7.8242e-05-0j -0.00503969-0j 2.70653e-06-0j -0.00173925-0j -0.000111821-0j 1.80435e-06-0j -6.85197e-06-0j 1.93323e-07-0j 0.005295-0j -0.0284205-0j -4.56798e-06-0j 6.14342e-05-0j -0.0134051-0j -1.85948e-06-0j 0.000655086-0j -1.51794e-07-0j -1.23965e-06-0j -6.45464e-05-0j 0.0223152-0j -0.00363784-0j 6.17806e-07-0j -0.010378-0j -0.000514361-0j 0.000163409-0j 1.59484e-07-0j 4.11871e-07-0j -0.0234457-0j -0.00196469-0j 0.00120866-0j -4.03756e-07-0j 4.43456e-05-0j 0.0593563-0j 0.00814862-0j 0.000540418-0j -0.00136815-0j -1.09571e-07-0j -0.00856142-0j 0.00154264-0j -1.47337e-05-0j 0.016108-0j -0.000371286-0j 0.0216745-0j 3.64046e-08-0j -0.00162079-0j -0.00535184-0j 0.00410326-0j 0.00588199-0j 0.000123359-0j 0.00111354-0j -0.00195428-0j -0.000369969-0j 
-0.0720478-0j 0.0999236-0j 0.0144136-0j 0.000631103-0j -0.000637144-0j 0.499088-0j -0.00133032-0j -0.503865-0j 0.00134305-0j 0.000445977-0j -0.000530023-0j -0.00349573-0j 0.00028445-0j -0.0087048-0j 0.0840129-0j 0.00415451-0j 0.0103452-0j -0.000104636-0j -0.00222962-0j -0.0998453-0j -0.00555204-0j 0.0535845-0j 0.000124355-0j -6.67385e-05-0j 0.000345235-0j -0.000386831-0j -0.00262015-0j 0.000246648-0j -0.000352152-0j -0.00432692-0j 0.000681493-0j -0.000624141-0j 0.00293584-0j 0.0511414-0j -0.00187193-0j 0.00484825-0j 0.00267264-0j 0.00912082-0j -0.0030913-0j 0.00069934-0j -0.00517217-0j -7.31474e-06-0j -0.0573031-0j -0.000445908-0j 0.00441361-0j 0.0365372-0j -0.0102197-0j 0.000636645-0j -0.00854133-0j -0.0521659-0j 0.00651623-0j -0.00123205-0j 8.19605e-06-0j -5.22591e-06-0j 0.100953-0j -0.00930354-0j 0.0180045-0j 7.46128e-06-0j -1.44393e-05-0j 0.000281706-0j -0.000305625-0j -0.0020948-0j 0.000259827-0j -0.000262313-0j -0.00334951-0j -0.000218349-0j 2.34755e-05-0j 0.00227266-0j -0.000483154-0j 0.000165721-0j 0.000624052-0j 0.0262547-0j -0.0019321-0j 0.0036339-0j -0.000596266-0j 0.0019506-0j -6.99818e-05-0j -2.54687e-05-0j 0.000524176-0j 0.00943044-0j 0.00162367-0j -0.00308936-0j -0.00123232-0j 0.000785872-0j 2.16522e-05-0j -0.0284838-0j -0.000445628-0j 0.00311893-0j -4.62657e-07-0j -0.00464053-0j -2.18595e-05-0j 0.00259619-0j 0.000646892-0j 0.000449893-0j 7.59235e-05-0j -1.81957e-05-0j 0.0242155-0j 0.000374489-0j -0.00197043-0j -0.0102311-0j -0.000549955-0j 1.38101e-05-0j -0.0244473-0j -6.45464e-05-0j -0.000284227-0j -0.00742004-0j -0.000852596-0j 0.00869799-0j -0.0203498-0j 0.000555218-0j 5.20044e-05-0j 6.51642e-05-0j 5.01938e-07-0j -0.00107031-0j 0.000462162-0j 0.015445-0j 5.42424e-05-0j 0.000724835-0j -0.00878124-0j -0.00730947-0j -0.000350768-0j -0.000731772-0j -4.26723e-07-0j 0.0581609-0j -4.11685e-05-0j 0.00554769-0j -0.000609124-0j -0.00132088-0j 4.30807e-07-0j -0.000155028-0j 3.58602e-07-0j 0.000462309-0j 0.0208908-0j -2.72169e-07-0j 0.00174091-0j -1.0249e-06-0j 
0.0182673-0j 8.7541e-05-0j 0.171264-0j -5.25919e-05-0j 5.30953e-05-0j 0.00133032-0j 0.483222-0j -0.00134305-0j -0.487847-0j -3.71648e-05-0j 4.41686e-05-0j 0.000886321-0j -2.37042e-05-0j -3.79311e-06-0j -0.0104946-0j -0.00105335-0j 4.50794e-06-0j 0.117561-0j 0.000565307-0j 0.0124723-0j -2.4193e-06-0j -0.00669356-0j -0.139716-0j 0.0749822-0j -2.87696e-05-0j 3.22359e-05-0j 0.000664323-0j -2.0554e-05-0j 2.9346e-05-0j -3.79073e-06-0j -5.67911e-05-0j -0.00741611-0j -0.000744363-0j 6.78022e-05-0j 0.000474615-0j 4.24745e-06-0j -0.000677632-0j 0.0348297-0j -2.70823e-06-0j 0.00830963-0j 0.00131137-0j 0.016594-0j -7.59713e-05-0j -0.00529832-0j 3.86667e-06-0j 4.84402e-05-0j -0.0390262-0j 0.00756468-0j -7.48288e-06-0j -6.91605e-05-0j 0.0248836-0j -0.0146394-0j -0.0185933-0j 0.0118553-0j 0.000133841-0j -0.0355275-0j 0.0687537-0j -0.0169264-0j 0.0327564-0j -2.34755e-05-0j 2.54687e-05-0j 0.000531125-0j -2.16522e-05-0j 2.18595e-05-0j -2.93444e-06-0j 1.81957e-05-0j -1.95629e-06-0j -0.000576219-0j -0.00574089-0j -1.38101e-05-0j -5.20044e-05-0j 6.99818e-05-0j 0.000489873-0j 3.18359e-06-0j -1.72914e-07-0j -0.000494561-0j 0.0254201-0j 2.12239e-06-0j 0.00622831-0j -0.000585927-0j -0.000411671-0j -2.70653e-06-0j 0.000312447-0j 0.00928238-0j -1.80435e-06-0j -7.59235e-05-0j -0.005295-0j 2.73243e-06-0j 0.00175727-0j 0.00117658-0j 1.82162e-06-0j 2.27447e-06-0j 1.87595e-07-0j 0.00534568-0j -0.0275783-0j 1.51631e-06-0j 6.45464e-05-0j 0.00444972-0j -1.72626e-06-0j 0.000635674-0j -1.59484e-07-0j -1.15084e-06-0j -6.51642e-05-0j 0.0234457-0j -0.00337722-0j -6.50054e-06-0j -0.0100705-0j -0.000540418-0j -5.42424e-05-0j 1.6101e-07-0j -4.3337e-06-0j -0.0236701-0j -0.00190647-0j -0.0127175-0j 1.34024e-07-0j 4.11685e-05-0j -0.0197029-0j 0.00856142-0j 0.000545591-0j 0.000454148-0j -1.01721e-07-0j -0.00864337-0j 0.00162079-0j 0.000155028-0j 0.014954-0j -0.000344686-0j -0.0071947-0j -3.83048e-07-0j -0.0016363-0j 0.056312-0j -0.00136205-0j 0.00546059-0j -0.00129798-0j 0.00103376-0j 0.0205629-0j 0.00389281-0j 
0.00606114-0j 0.00432757-0j 0.00062463-0j 0.00249695-0j 0.00252283-0j 0.000441403-0j 3.67836e-05-0j 0.000445977-0j 3.71648e-05-0j 0.656932-0j -0.418096-0j -0.000571793-0j -0.243889-0j -0.00035015-0j -7.14741e-05-0j 0.00036391-0j 0.000222848-0j -4.21165e-06-0j 0.000212281-0j 4.54888e-05-0j 0.000129995-0j 2.65351e-05-0j 2.68045e-06-0j 1.5636e-06-0j 0.00136592-0j -0.00309841-0j -0.0422075-0j 0.00097586-0j 0.00139438-0j 0.000179976-0j 0.000575151-0j 2.59772e-05-0j 0.0957424-0j 2.2497e-05-0j -0.0301545-0j -0.000408252-0j -0.0430869-0j 2.65129e-06-0j 0.000128581-0j -5.89261e-05-0j -0.0177724-0j 1.21014e-07-0j -5.10315e-05-0j 1.8559e-05-0j 0.000183725-0j 1.60726e-05-0j -6.01412e-06-0j 2.65184e-05-0j 7.57828e-05-0j 2.29656e-05-0j 1.89417e-06-0j 1.09383e-05-0j -2.74506e-07-0j 8.64568e-08-0j 9.47284e-06-0j 2.70653e-06-0j 1.11639e-06-0j 1.23535e-07-0j 5.09558e-08-0j 0.00111457-0j 0.00125904-0j 0.000176229-0j -0.00199876-0j -0.00201948-0j -0.0266776-0j 0.0008995-0j 9.28806e-05-0j 0.000199071-0j -0.00385058-0j 0.00074205-0j 0.000237089-0j 2.32202e-05-0j -0.000316032-0j -0.0301356-0j 8.20957e-06-0j -0.000319307-0j 1.93501e-06-0j 0.00010492-0j -0.0043497-0j 2.05239e-06-0j 0.000142223-0j 0.0478412-0j 0.000117328-0j 1.71033e-07-0j -0.000166563-0j 2.623e-05-0j 0.00690528-0j 0.0483369-0j 6.37401e-09-0j 3.7487e-05-0j -0.00016829-0j -0.0215299-0j 9.27369e-06-0j 0.00697684-0j 2.18583e-06-0j 7.49584e-05-0j -4.16409e-05-0j -0.00310757-0j -0.0177613-0j 2.31842e-06-0j -1.47223e-05-0j 6.18375e-05-0j -4.20724e-05-0j -3.47007e-06-0j -0.00256362-0j -0.00567481-0j 1.93202e-07-0j -3.68057e-06-0j 1.87396e-05-0j -1.48748e-05-0j 1.97574e-05-0j -3.50603e-06-0j 7.20021e-09-0j -0.000819088-0j 6.62545e-06-0j 1.54594e-05-0j 1.56163e-06-0j -3.06714e-07-0j -3.71871e-06-0j 1.65636e-06-0j 5.46571e-06-0j -3.09892e-07-0j -1.14306e-08-0j 4.93934e-06-0j 1.28828e-06-0j 1.36643e-06-0j 1.3803e-07-0j 1.74632e-06-0j -1.1549e-08-0j 4.11612e-07-0j 5.14408e-09-0j 1.13869e-07-0j 4.3658e-07-0j 4.24365e-09-0j 3.63817e-08-0j 1.35587e-09-0j 
-0.00750027-0j -0.00010599-0j -1.52984e-05-0j 0.00297132-0j 0.00299826-0j 0.00052526-0j 4.37716e-05-0j 0.000530023-0j 4.41686e-05-0j 0.418096-0j -0.00984725-0j -0.00036391-0j -0.585675-0j -0.000222848-0j -4.54888e-05-0j 8.57103e-06-0j 5.24866e-06-0j -2.68045e-06-0j 0.000509771-0j 1.07138e-06-0j 0.00031217-0j 6.37214e-05-0j 6.31316e-08-0j 3.75482e-06-0j -0.00169024-0j -3.90297e-05-0j 0.0522292-0j 0.00353007-0j -0.00159359-0j -0.000222708-0j 0.00207879-0j -3.21452e-05-0j 0.00120603-0j -2.78386e-05-0j -0.109081-0j -5.14261e-06-0j 0.0492428-0j -3.28081e-06-0j 0.000465127-0j -7.42272e-07-0j -0.0642356-0j -1.49748e-07-0j -6.42826e-07-0j 6.71353e-05-0j -0.000209974-0j 5.81409e-05-0j -7.57578e-08-0j -3.03072e-05-0j 0.000273905-0j -2.62468e-05-0j 6.85197e-06-0j 3.95348e-05-0j -3.45786e-09-0j 3.12748e-07-0j 3.42381e-05-0j -3.09322e-06-0j 4.035e-06-0j -1.41185e-07-0j 1.84172e-07-0j -0.00137921-0j -3.08363e-05-0j -0.000218072-0j 0.0012233-0j 0.00123439-0j 0.0330119-0j 6.44017e-05-0j -0.000114934-0j -4.87564e-06-0j 0.00476485-0j -0.00171361-0j 0.00114449-0j -2.87335e-05-0j 0.00019342-0j 0.000738079-0j -1.01588e-05-0j 0.000195174-0j -2.39446e-06-0j -2.56969e-06-0j 0.000106532-0j -2.53971e-06-0j 1.01828e-05-0j -0.0292801-0j -0.000270946-0j -2.11642e-07-0j 0.000101941-0j -6.42423e-07-0j -0.00422622-0j -0.0295456-0j -7.88744e-09-0j 0.00018096-0j 0.000102866-0j -0.00154148-0j -2.27131e-07-0j -0.00426454-0j -5.35352e-08-0j 5.3668e-06-0j 2.54854e-05-0j -0.000222493-0j 0.041016-0j -5.67827e-08-0j 9.01044e-06-0j -0.000142801-0j 2.57165e-05-0j 2.12378e-06-0j 0.00592015-0j -0.0273939-0j -4.73189e-09-0j 2.25261e-06-0j 1.3417e-06-0j 9.09215e-06-0j 9.53745e-05-0j 2.14304e-06-0j -1.76347e-10-0j -0.00395397-0j 4.74363e-07-0j -3.57003e-05-0j 1.11808e-07-0j 1.87717e-07-0j 2.27304e-06-0j 1.18591e-07-0j -1.2622e-05-0j 1.8942e-07-0j 6.99582e-09-0j 2.38436e-05-0j -2.97502e-06-0j -3.15549e-06-0j 9.88256e-09-0j 8.43e-06-0j 7.05926e-09-0j 1.98697e-06-0j 3.68301e-10-0j -2.62957e-07-0j 2.1075e-06-0j -9.79985e-09-0j 1.75625e-07-0j 6.54516e-09-0j 
0.0475094-0j -0.000721261-0j 0.00989626-0j 0.0596237-0j 0.0602416-0j 0.00345987-0j 0.00087723-0j 0.00349573-0j 0.000886321-0j 0.000571793-0j -0.00036391-0j 0.642132-0j -0.000212281-0j 5.83584e-05-0j -0.00113239-0j -0.408677-0j -3.71414e-05-0j -0.000134156-0j -0.238395-0j 0.000720696-0j -2.16658e-05-0j 0.000420406-0j 8.53816e-05-0j 4.98059e-05-0j -0.000227653-0j 0.000516402-0j 0.00172776-0j -0.000162643-0j -0.000232396-0j 0.00429757-0j -9.58584e-05-0j -0.058966-0j -0.00391922-0j 0.000176339-0j 0.00123437-0j -0.00974849-0j 0.00176376-0j 6.32291e-05-0j 0.00307033-0j 0.133757-0j 0.000727514-0j 4.82345e-06-0j -0.000400003-0j -0.0421273-0j 0.0043871-0j 0.000125983-0j -0.000143427-0j -0.0601944-0j 0.00180959-0j 0.000180013-0j 4.51731e-05-0j -0.0248289-0j -1.09414e-05-0j 3.44604e-06-0j 7.42516e-05-0j 6.45464e-05-0j 2.6624e-05-0j 4.92394e-06-0j 2.03102e-06-0j -0.000185761-0j -0.00020984-0j 0.00138134-0j 0.000333127-0j 0.000336579-0j -2.32202e-05-0j -0.000149917-0j 0.0044512-0j 0.00156039-0j 0.000318599-0j -0.000123675-0j -3.95148e-05-0j -0.0260766-0j -0.00247717-0j -2.623e-05-0j -1.36826e-06-0j -0.00250284-0j -0.00661156-0j 0.00502817-0j 0.000359895-0j 3.25168e-05-0j 0.0011148-0j 4.16409e-05-0j 0.000919662-0j 5.44798e-06-0j -0.00798237-0j -0.0294566-0j -0.000571345-0j 4.20724e-05-0j 3.05082e-07-0j 0.000293837-0j -0.00806509-0j -1.87396e-05-0j -1.54562e-06-0j -0.000577266-0j -0.00746855-0j 0.0035923-0j 0.0467633-0j 0.000257122-0j -1.54594e-05-0j 3.67317e-05-0j 2.45371e-06-0j 0.00296349-0j 0.0472479-0j 0.0118566-0j 0.000212115-0j -4.93934e-06-0j 6.15415e-06-0j -5.83127e-05-0j -0.0210448-0j 2.47914e-06-0j 0.000946851-0j 0.0119794-0j 3.44627e-07-0j 6.77716e-05-0j -1.10424e-06-0j -0.0173611-0j -0.00533579-0j -9.7699e-06-0j -5.8917e-05-0j 2.62424e-05-0j -9.10952e-07-0j -9.87114e-06-0j -5.47106e-07-0j -0.00554696-0j -0.0044018-0j 2.16489e-05-0j 4.39673e-06-0j -2.91054e-07-0j -5.52776e-07-0j -0.0014064-0j 2.46214e-07-0j 3.62712e-06-0j 6.91691e-06-0j 2.03116e-07-0j 1.15888e-06-0j 6.48965e-08-0j 
0.00437516-0j -0.00606212-0j -0.000874992-0j 0.00180239-0j 0.00160909-0j 0.000318621-0j 2.65518e-05-0j 0.00028445-0j 2.37042e-05-0j -0.243889-0j 0.585675-0j 0.000212281-0j -0.672843-0j 0.000129995-0j 2.65351e-05-0j -0.000509771-0j -0.00031217-0j 1.5636e-06-0j 0.000585641-0j -6.37214e-05-0j 0.000358631-0j 7.32051e-05-0j -3.75482e-06-0j 4.31365e-06-0j 0.000985973-0j -0.0022323-0j -0.030467-0j 0.000704413-0j 0.000889351-0j 0.000129913-0j 0.000507994-0j 1.87514e-05-0j 0.0689791-0j 1.62392e-05-0j -0.0217667-0j -0.000294131-0j -0.0274814-0j 1.9138e-06-0j 9.28145e-05-0j -4.24542e-05-0j -0.0156972-0j 8.73528e-08-0j -3.67664e-05-0j 1.33966e-05-0j 0.000117182-0j 1.16018e-05-0j -4.33297e-06-0j 1.69138e-05-0j 6.69341e-05-0j 1.46478e-05-0j 1.36729e-06-0j 9.6611e-06-0j -1.97772e-07-0j 6.24078e-08-0j 8.36676e-06-0j 1.72626e-06-0j 9.86032e-07-0j 7.87925e-08-0j 4.5006e-08-0j 0.000804538-0j -0.00176368-0j 0.000127209-0j 0.00074205-0j 0.000662467-0j -0.0192569-0j -0.00126003-0j 6.70448e-05-0j -0.000278862-0j -0.0027795-0j 0.00204717-0j -0.00214987-0j 1.67612e-05-0j 0.000117328-0j 0.0422144-0j 5.92598e-06-0j 0.000104745-0j 1.39677e-06-0j -0.000146973-0j 0.00609312-0j 1.48149e-06-0j -0.000199229-0j -0.0177613-0j 0.000323686-0j 1.23458e-07-0j 6.18375e-05-0j -3.67433e-05-0j -0.00256362-0j -0.0158564-0j 4.601e-09-0j -0.000339925-0j 5.52056e-05-0j 0.0301594-0j -1.29907e-05-0j -0.00228867-0j -3.06194e-06-0j -0.000105003-0j 1.54594e-05-0j 0.00435314-0j -0.0489998-0j -3.24768e-06-0j 5.46571e-06-0j 0.000170597-0j 1.38014e-05-0j 1.28828e-06-0j -0.00707251-0j 0.0514581-0j -2.7064e-07-0j 1.36643e-06-0j -2.62507e-05-0j 4.87953e-06-0j -0.000179156-0j 1.15012e-06-0j -1.00862e-08-0j 0.00742733-0j -9.28103e-06-0j 4.26494e-05-0j -2.18756e-06-0j 1.13869e-07-0j 1.21988e-06-0j -2.32026e-06-0j 1.50788e-05-0j 1.01657e-07-0j 4.24365e-09-0j -4.4789e-05-0j 3.55411e-06-0j 3.76971e-06-0j -1.93355e-07-0j -1.58353e-05-0j 3.78853e-09-0j -3.73242e-06-0j -7.20591e-09-0j 3.14142e-07-0j -3.95883e-06-0j 1.17074e-08-0j -3.29902e-07-0j -1.22947e-08-0j 
-0.000618612-0j 0.0844676-0j -6.37511e-05-0j -0.000254844-0j -0.000257485-0j 0.00861552-0j -3.75421e-06-0j 0.0087048-0j -3.79311e-06-0j 0.00035015-0j -0.000222848-0j 5.83584e-05-0j -0.000129995-0j 0.646658-0j -0.00139507-0j -3.71414e-05-0j -0.411557-0j 4.2985e-07-0j -2.16658e-05-0j 0.000887872-0j -0.240075-0j 0.000517925-0j -2.73572e-07-0j -1.59584e-07-0j -0.000139409-0j 0.000316231-0j -2.2497e-05-0j -9.95983e-05-0j -0.000142313-0j 0.00351285-0j -5.87011e-05-0j -2.65129e-06-0j 5.10315e-05-0j -0.0415474-0j -1.60726e-05-0j -0.00796847-0j -2.29656e-05-0j 5.17492e-05-0j 0.0025097-0j 6.01412e-06-0j -9.47284e-06-0j -1.2351e-08-0j 0.0942451-0j -1.89417e-06-0j 0.00358604-0j -0.0296829-0j -0.000117387-0j -2.70653e-06-0j 0.00147917-0j -0.042413-0j 3.69714e-05-0j -1.11639e-06-0j 2.80166e-08-0j -8.82396e-09-0j -0.0174945-0j 5.28273e-05-0j 2.17902e-05-0j -1.26083e-08-0j -5.20065e-09-0j -0.000113755-0j -0.0001285-0j -1.79863e-05-0j 0.000203998-0j 0.000206112-0j 0.00271934-0j -9.18049e-05-0j -9.47959e-06-0j -2.03176e-05-0j -2.05239e-06-0j -7.57352e-05-0j -2.41977e-05-0j 0.000453223-0j 3.22549e-05-0j 0.00307182-0j -0.0459659-0j 3.25891e-05-0j -1.97491e-07-0j -1.07083e-05-0j -2.31842e-06-0j -0.00379036-0j -1.45156e-05-0j -0.0048766-0j -1.19748e-05-0j 3.3383e-06-0j 1.69998e-05-0j 0.000511969-0j 3.68057e-06-0j -0.00492714-0j -6.50545e-10-0j -3.826e-06-0j 1.7176e-05-0j 0.00219461-0j -0.051924-0j 3.71871e-06-0j -2.2309e-07-0j -7.65041e-06-0j -0.000812767-0j -1.65636e-06-0j 0.00181046-0j -0.00428167-0j 0.082431-0j -6.31126e-06-0j -0.00082119-0j 3.54163e-07-0j -1.36643e-06-0j 0.000578451-0j 3.77101e-06-0j 0.00679728-0j 0.000365769-0j 0.0832852-0j -2.01648e-06-0j 3.57833e-07-0j -7.34868e-10-0j -4.3658e-07-0j -0.0370963-0j 0.000301744-0j -1.59383e-07-0j -5.9866e-06-0j 0.00686772-0j -0.00305897-0j -0.0306029-0j -6.04863e-06-0j 1.16663e-09-0j 9.64086e-05-0j -1.31485e-07-0j -0.00252352-0j 2.69414e-06-0j -0.00977777-0j 1.17872e-09-0j -4.201e-08-0j -5.25015e-10-0j 2.22255e-06-0j -0.000806278-0j -4.33116e-10-0j 7.10116e-07-0j -1.38383e-10-0j 
-0.0120036-0j -0.00857586-0j 0.0575528-0j 5.20198e-05-0j 5.25589e-05-0j 0.0831512-0j 0.0103869-0j 0.0840129-0j 0.0104946-0j -7.14741e-05-0j 4.54888e-05-0j 0.00113239-0j 2.65351e-05-0j 0.00139507-0j 0.626423-0j -0.000720696-0j -0.000887872-0j -0.00239534-0j -0.000420406-0j -0.398678-0j -0.000517925-0j -0.232562-0j 0.00152448-0j 0.00088928-0j 2.84566e-05-0j -6.45503e-05-0j -0.000436533-0j 2.03304e-05-0j 2.90495e-05-0j -0.000356654-0j 1.19823e-05-0j 0.00239352-0j 0.000990221-0j 0.00852048-0j -0.000311875-0j 0.000809025-0j -0.000445628-0j -0.071214-0j -0.000254806-0j -0.00542939-0j -0.000183812-0j 0.000115111-0j -0.0193276-0j 0.00171001-0j -0.000364085-0j 0.00608732-0j 0.16154-0j 0.00244338-0j -0.000150177-0j 0.00869799-0j -0.0508777-0j 0.00100784-0j -0.000261116-0j 8.22396e-05-0j 0.00358774-0j -0.0726976-0j -0.0299862-0j 0.00011751-0j 4.84703e-05-0j 2.32202e-05-0j 2.623e-05-0j -0.000349007-0j -4.16409e-05-0j -4.20724e-05-0j -0.00027609-0j 1.87396e-05-0j 1.93501e-06-0j -0.000394246-0j 0.00185285-0j 1.54594e-05-0j 4.93934e-06-0j 0.0043742-0j 0.000625877-0j -0.000311877-0j -4.91483e-05-0j 0.000632363-0j 0.000546408-0j 2.18583e-06-0j 0.00209301-0j -0.0361648-0j -0.000281663-0j 0.000495114-0j -0.00023236-0j -0.00925269-0j -3.47007e-06-0j 0.00494118-0j -0.00332272-0j 0.000500245-0j 9.11371e-06-0j -7.42401e-05-0j -3.50603e-06-0j -0.000222815-0j -5.55189e-05-0j -0.00335716-0j 0.000617233-0j 1.56163e-06-0j -0.00784428-0j 0.00149532-0j -0.000183813-0j -0.0408525-0j 8.8138e-05-0j 1.28828e-06-0j -0.00792557-0j -0.000979876-0j 0.00123358-0j -5.87292e-05-0j -0.010452-0j 0.0648546-0j 0.00353015-0j 8.90514e-05-0j 4.11612e-07-0j -0.000990031-0j 1.0295e-05-0j 0.000394134-0j -3.96646e-05-0j 0.00291223-0j 0.000440973-0j 0.0165929-0j 0.0655266-0j -0.0291864-0j -3.27217e-05-0j 0.0167649-0j -1.63437e-05-0j 0.00093047-0j 0.000363784-0j -0.0240776-0j -0.00746729-0j -1.04547e-05-0j -1.65131e-05-0j 0.000116231-0j 7.35513e-06-0j -0.0061602-0j -0.0076929-0j 6.06767e-06-0j -0.00196821-0j 1.93865e-06-0j 
-0.0587899-0j 1.76651e-05-0j -0.000242379-0j 0.0709509-0j 0.0715943-0j 0.00411717-0j 0.00104388-0j 0.00415451-0j 0.00105335-0j 0.00036391-0j -8.57103e-06-0j 0.408677-0j -0.000509771-0j 3.71414e-05-0j -0.000720696-0j -0.0096254-0j -8.74777e-07-0j -8.53816e-05-0j -0.57248-0j 1.69743e-05-0j -5.20283e-05-0j 0.00100956-0j 2.01096e-06-0j 0.000119604-0j 0.000281706-0j 6.50495e-06-0j -0.002138-0j -0.000588345-0j 0.000265599-0j -0.00531797-0j -0.000346465-0j 0.0729667-0j -4.9369e-05-0j -0.000218209-0j 0.00446522-0j -0.000122798-0j -0.00201575-0j -7.8242e-05-0j 0.0111066-0j 0.00168489-0j 0.00262948-0j -5.96871e-06-0j -5.03871e-06-0j -0.152391-0j -0.0050139-0j 0.000455729-0j -1.8067e-06-0j 0.0687946-0j 0.00654047-0j -0.000205732-0j 0.000163409-0j -0.0897403-0j -1.37825e-07-0j 1.24657e-05-0j 0.000268371-0j -7.37683e-05-0j 9.62284e-05-0j -5.62743e-06-0j 7.3408e-06-0j 0.000229868-0j 5.13938e-06-0j -0.00170933-0j -0.000203883-0j -0.000205732-0j 2.87335e-05-0j -1.07336e-05-0j -0.00550808-0j -3.82171e-05-0j -0.000394246-0j 0.000285602-0j -0.000190749-0j 0.0322681-0j 0.0015161-0j 6.42423e-07-0j 1.69314e-06-0j 0.00152985-0j 0.00818139-0j -0.00012315-0j -8.81454e-06-0j -4.02375e-05-0j 7.98164e-05-0j -2.54854e-05-0j -0.00212377-0j -6.74153e-06-0j 0.00488543-0j 0.00072145-0j 0.000349679-0j -2.57165e-05-0j -3.7752e-07-0j 0.00141843-0j 0.00492974-0j -1.3417e-06-0j 3.78551e-08-0j 0.00035285-0j 0.000182919-0j 0.000257198-0j -0.0286205-0j 1.84092e-05-0j 3.57003e-05-0j -8.9963e-07-0j -1.50174e-06-0j -0.00684359-0j -0.02888-0j -0.00725654-0j -0.000489836-0j -2.38436e-05-0j -1.50727e-07-0j 3.5689e-05-0j -0.00150675-0j -1.51536e-06-0j 0.00457072-0j -0.00732234-0j -8.44059e-09-0j 0.000327153-0j -7.90605e-08-0j 0.040092-0j -0.000382027-0j 5.97945e-06-0j 3.60126e-05-0j 1.87888e-06-0j 2.10366e-06-0j 6.03367e-06-0j 3.34844e-07-0j -0.0267768-0j 0.0101651-0j -4.99937e-05-0j 3.14794e-07-0j -1.405e-06-0j 3.37881e-07-0j -0.00678908-0j 1.76282e-08-0j -8.3761e-06-0j 3.33899e-05-0j -4.69055e-07-0j 5.59426e-06-0j 3.13274e-07-0j 
0.000765493-0j -0.00206877-0j 1.56139e-06-0j -0.000303259-0j -0.000306009-0j 0.0102523-0j -4.46742e-06-0j 0.0103452-0j -4.50794e-06-0j 0.000222848-0j -5.24866e-06-0j 3.71414e-05-0j -0.00031217-0j 0.411557-0j -0.000887872-0j -8.74777e-07-0j -0.00969324-0j 2.73572e-07-0j -5.20283e-05-0j 2.09117e-05-0j -0.576516-0j 0.00124374-0j -6.44334e-09-0j -3.83224e-07-0j 0.000172509-0j 3.98345e-06-0j 2.78386e-05-0j -0.000360286-0j 0.000162645-0j -0.00434694-0j -0.000212166-0j 3.28081e-06-0j 6.42826e-07-0j 0.0514123-0j -5.81409e-05-0j -0.000100376-0j 2.62468e-05-0j -6.40364e-05-0j 0.00907858-0j 7.57578e-08-0j -3.42381e-05-0j 1.52836e-08-0j 0.00118717-0j -6.85197e-06-0j -0.00409838-0j -0.107375-0j -1.47868e-06-0j 3.09322e-06-0j 0.00534621-0j 0.0484727-0j 0.00013374-0j -4.035e-06-0j 3.52916e-10-0j -3.19197e-08-0j -0.063231-0j -6.03749e-05-0j 7.87571e-05-0j 1.44097e-08-0j -1.87969e-08-0j 0.000140765-0j 3.14722e-06-0j 2.22569e-05-0j -0.000124852-0j -0.000125984-0j -0.00336501-0j -6.57297e-06-0j 1.17304e-05-0j 4.97618e-07-0j 2.53971e-06-0j 0.000174895-0j -0.000116809-0j -0.000560834-0j -1.97409e-05-0j -7.52347e-05-0j 0.0568799-0j -1.99199e-05-0j 2.44383e-07-0j 2.62268e-07-0j 5.67827e-08-0j 0.00469034-0j -1.03928e-06-0j 0.00298462-0j 2.76533e-05-0j -4.13094e-06-0j -1.04044e-05-0j -1.25391e-05-0j -2.25261e-06-0j 0.00301168-0j 8.05008e-10-0j -1.84692e-05-0j -1.04987e-05-0j 0.000157128-0j 0.00127172-0j -2.27304e-06-0j 5.46392e-09-0j -5.47747e-07-0j 0.000497436-0j -1.18591e-07-0j -0.0041809-0j 0.000104866-0j -0.05045-0j 1.45746e-05-0j 0.000501947-0j -2.16757e-07-0j 3.15549e-06-0j 0.00279235-0j -9.23594e-08-0j -0.00416013-0j 2.6188e-05-0j -0.0509075-0j -9.73412e-06-0j -2.18723e-07-0j 1.79984e-11-0j -2.1075e-06-0j -0.00265599-0j -0.000696816-0j -1.14114e-08-0j 3.66396e-06-0j -0.00419785-0j -0.000219014-0j 0.0706712-0j 3.69719e-06-0j -7.14007e-10-0j 0.000465392-0j 3.03637e-07-0j 0.00582757-0j 1.92893e-07-0j -0.0472001-0j -7.20482e-10-0j -2.02794e-07-0j -3.75896e-11-0j -5.13253e-06-0j -0.00389214-0j 1.00019e-09-0j 3.42794e-06-0j -6.68012e-10-0j 
0.00142208-0j -5.31259e-06-0j -0.0209334-0j -3.0653e-06-0j -3.09706e-06-0j 0.000103563-0j 0.116356-0j 0.000104636-0j 0.117561-0j 4.21165e-06-0j -2.68045e-06-0j -0.000134156-0j -1.5636e-06-0j 4.2985e-07-0j 0.00239534-0j 8.53816e-05-0j -2.73572e-07-0j 0.606222-0j 4.98059e-05-0j -0.00152448-0j -1.59584e-07-0j -0.00088928-0j -0.385822-0j -0.225063-0j -1.67682e-06-0j 3.80366e-06-0j 5.17166e-05-0j -1.19798e-06-0j -1.71176e-06-0j -2.20941e-07-0j -7.06064e-07-0j -0.000870584-0j -0.000117312-0j 5.2783e-06-0j 3.69481e-05-0j 5.01177e-07-0j 5.2794e-05-0j 0.0083867-0j -1.57848e-07-0j 0.00197481-0j 2.17764e-05-0j -0.0909623-0j -1.19732e-05-0j -0.000621975-0j -2.25544e-07-0j 3.771e-06-0j -0.0190242-0j -0.000888721-0j -9.30321e-08-0j 5.38826e-06-0j 0.00599175-0j -0.000366579-0j 0.206336-0j -0.0649866-0j 2.22255e-06-0j 0.00856142-0j 0.00353141-0j -0.0928573-0j -0.0383017-0j -1.36826e-06-0j -1.54562e-06-0j 4.13473e-05-0j 2.45371e-06-0j 2.47914e-06-0j -1.71033e-07-0j -1.10424e-06-0j -1.14022e-07-0j 4.67067e-05-0j -0.000673928-0j -9.10952e-07-0j -2.91054e-07-0j 5.44798e-06-0j -7.41483e-05-0j -1.93202e-07-0j -1.00782e-08-0j -7.49167e-05-0j 0.00612093-0j -1.28801e-07-0j -0.000761283-0j -6.87825e-05-0j 3.33689e-05-0j 3.06714e-07-0j 2.75279e-05-0j -0.0246183-0j 2.04476e-07-0j 6.15415e-06-0j 0.00120856-0j 3.09892e-07-0j -0.0145782-0j 8.7953e-06-0j 2.06595e-07-0j -1.3803e-07-0j -1.13845e-08-0j 0.00122108-0j 0.00691433-0j -9.20201e-08-0j -9.7699e-06-0j -0.000543887-0j -1.13869e-07-0j -7.76981e-05-0j 1.80733e-08-0j -7.59127e-08-0j -9.87114e-06-0j -0.0109767-0j -0.000448684-0j -3.63817e-08-0j -0.0278093-0j 0.000123348-0j 4.39673e-06-0j 1.82606e-08-0j -2.42545e-08-0j -0.0110905-0j -0.0164678-0j -0.000143357-0j -8.1335e-09-0j 3.62712e-06-0j 0.00493984-0j 0.0441482-0j 0.000124626-0j -5.55102e-05-0j -6.7098e-09-0j 0.0446057-0j 0.0261432-0j 1.15888e-06-0j 0.00407516-0j -4.57936e-05-0j -0.019868-0j -2.14381e-09-0j 0.0264141-0j 0.00130203-0j -0.0117652-0j -0.0163902-0j -1.46313e-05-0j -0.00970579-0j -0.00523676-0j -0.00310105-0j 
0.0342941-0j 0.00101035-0j -0.0138628-0j 0.0430387-0j 0.0384229-0j 0.00249747-0j 0.000633218-0j 0.00222962-0j 0.000565307-0j -0.000212281-0j 0.000509771-0j -0.238395-0j -0.000585641-0j -2.16658e-05-0j 0.000420406-0j 0.57248-0j 5.20283e-05-0j 4.98059e-05-0j -0.657684-0j -0.00100956-0j -5.97718e-05-0j 0.00115982-0j -0.000119604-0j 0.000137405-0j -0.000164329-0j 0.00037205-0j 0.00124717-0j -0.000117402-0j -0.000148225-0j 0.00310215-0j -8.46656e-05-0j -0.0425639-0j -0.00282366-0j 0.000127288-0j 0.000891019-0j -0.00702345-0j 0.00112495-0j 4.56412e-05-0j 0.00221628-0j 0.0963672-0j 0.000642567-0j 3.48175e-06-0j -0.000288189-0j -0.0304091-0j 0.00279815-0j 9.09392e-05-0j -0.000103334-0j -0.0383928-0j 0.00159829-0j 0.000114815-0j 3.26076e-05-0j -0.0219298-0j -7.88289e-06-0j 2.48748e-06-0j 6.55817e-05-0j 4.11685e-05-0j 2.35153e-05-0j 3.14055e-06-0j 1.79387e-06-0j -0.00013409-0j 0.000293947-0j 0.000997107-0j -0.000123675-0j -0.000110411-0j -1.67612e-05-0j 0.000210006-0j 0.00321305-0j -0.00218582-0j 0.000229977-0j -0.000341195-0j 0.000358312-0j -0.0188231-0j 0.000919662-0j 3.67433e-05-0j -9.87663e-07-0j 0.000821031-0j -0.00477248-0j -0.00704354-0j -0.000504147-0j 2.34719e-05-0j -0.00156163-0j -1.54594e-05-0j 0.00253717-0j 3.93256e-06-0j 0.00296349-0j 0.0412633-0j 0.000212115-0j -1.38014e-05-0j 2.2022e-07-0j -0.00266445-0j 0.00264567-0j 2.62507e-05-0j 2.16512e-06-0j 0.000189366-0j 0.0104621-0j -0.00503214-0j -0.0173611-0j -0.00036018-0j -4.26494e-05-0j -5.14543e-05-0j -9.10952e-07-0j 0.0081757-0j -0.0154992-0j -0.0044018-0j 0.000585183-0j 4.4789e-05-0j -8.62082e-06-0j 2.16489e-05-0j 0.0294799-0j -8.13255e-07-0j -0.00858586-0j -0.00392972-0j -4.82759e-07-0j -0.00061454-0j 1.54684e-06-0j -0.0478959-0j 0.00747446-0j 3.62712e-06-0j 1.93271e-05-0j -3.67607e-05-0j -2.51314e-06-0j 3.23812e-06-0j 2.03116e-07-0j 0.0502988-0j -0.0121437-0j 5.97249e-05-0j -6.15901e-06-0j 2.63922e-06-0j 1.81332e-07-0j 0.0127529-0j -3.449e-07-0j 1.00065e-05-0j -6.27213e-05-0j 5.60357e-07-0j -1.05085e-05-0j -5.88469e-07-0j 
