-0.00200135-0.00328363j -0.00332143+0.00677013j -0.00838657+0.00539752j 0.0038515-0.00634609j 0.00865468-0.00596378j -0.0036091+0.00337539j 0.0109081-0.00255813j 0.0102215-0.0045479j 0.00333635+0.00118814j -0.00404203+0.00215616j -0.026397+0.00921415j 0.00862725+0.00345405j -0.0186784+0.00524433j 0.00907774-0.00249746j -0.00661573-0.000295872j 0.000767554+0.00336561j -0.0217384+0.00531746j 0.00626294-0.00573906j -0.0134278+0.00301289j 0.00114408-0.00381762j 0.00810575+0.00235138j -0.0108871-0.0014922j -0.00949544-5.08374e-05j 0.00236584+0.00425496j 0.00918855+0.00217134j -0.00233949-0.000686274j -0.0196009-0.00082205j 0.00495455+0.00153419j 0.00116577+0.00131791j 0.0118335+0.00151194j 0.00479923+0.00010281j -0.00387735-0.00647604j -0.000541256+0.00194241j -0.00990735+0.000916951j 0.000676451+0.000641518j -0.00638457-0.0108648j 0.00966032+0.00918927j 0.00944582+0.00324578j 0.00572367+0.00172359j -0.00836556-0.00722781j 0.00551975+0.00856177j 0.00160365-0.00255671j 0.000884124-0.0195534j 0.0112722+0.00653045j -0.00389733-0.0123328j 0.00648525+0.00021651j 0.00219625-0.00535486j 0.00130122+0.00595499j 0.00337018-0.00147814j 0.00282542+0.00655962j -0.00700472+0.00175284j 0.00514749+0.0120723j -0.00442051-0.00151094j -0.00611182+0.00256779j 0.0101734+0.0175368j -0.00354747-0.0072855j 0.00290696+0.0129832j 0.00792288+0.0125649j 0.00222193+0.00878842j -0.00401497-0.00816291j 0.00133526+0.0123829j 0.00154447-0.00457418j -0.00185063-0.00126355j -0.00221596+0.00658136j -0.00185141+0.00182722j -0.000722256-0.00393952j -0.00283496+0.00547559j -0.00071618+0.00828736j -0.00522652-0.00504615j 0.00146562-0.015971j 0.000117436-0.0097667j 4.59863e-05-0.00249177j -0.00116436-0.00881778j 0.000472478+0.00216873j -0.000521237+0.009388j 0.00070159+0.00564722j 0.000180719-0.0040511j 0.000116304+0.00575506j 0.00153683+0.00373048j -0.00324238+0.00310477j -0.000824139+0.00654373j 0.0033034-0.0073096j -0.00468683+0.0114359j 0.000560823+0.00238976j -0.00389232+0.00578661j 0.000330094-0.00289597j 0.00118767+0.00450481j -0.000509372-0.00397705j -0.00251224+0.000279256j -0.00546413+0.0105664j 0.00586947-0.00696286j 0.000398698+0.00822992j 0.000525118-0.003756j -3.43537e-05-0.000549786j -0.00442592+0.00942044j -0.00280241+0.000615675j -0.00217418-0.00311269j -0.00282681+0.0101502j 
-0.0002271-0.0114019j -0.00632914+0.0070789j -0.000536343-0.00191007j 0.0088036-0.00490378j -0.0113851+0.00498846j 0.00078009+0.00123869j 0.0118364-0.00693188j 0.0143763-0.00760643j 0.000867984+0.000801555j -0.0112538+0.00486893j 0.0124433+0.00291705j -0.00706247+0.00392519j 0.00525327-0.000577499j 0.0204558-0.00697324j 0.0188819-0.00179401j -0.0208688+0.00881565j 0.0124622-0.000870077j -0.00152542-0.00382342j -0.00324732-0.00252044j -0.0133348-0.00974652j -0.00914388-0.00306375j -0.0101735-0.00104146j 0.00158675-0.00362808j -0.0142562-0.00119429j 0.00266252+0.00288957j -0.00737913-0.00186579j -0.00158611-0.00259519j -0.00548499-0.00378966j 0.011593+0.00758697j 0.00683597+0.00236354j -0.0124405-0.0067805j -0.00385359-0.000593554j -0.00584091-0.00880103j 0.00270597+0.00496842j 0.00109975+0.00850013j 0.00346313-0.00101444j 0.000920378-0.00532004j 0.000208265+0.00350242j 0.00158055+0.0014255j -0.00367297-0.00365691j -0.00916558-0.00257241j 0.002389+0.0104857j -0.000307656-0.00227962j -0.00166442+0.00393776j -0.00519863-0.00552698j 0.000821066-0.010108j 0.00195007-0.00910057j -0.00737293-0.00497523j 0.0112279+0.012205j 0.00486317+0.00853749j -0.0141918+0.00145699j 0.000772547-0.0062664j 0.00153015+0.00703938j 0.00149114+0.00457638j 0.00187366-0.016278j -0.0114956-0.00489631j -0.00207448-0.0117689j 0.0028779+0.0157057j -0.00430969-0.0119262j -0.0036057-0.00791028j 0.00479828-0.00582426j 0.00309126+0.00390898j -0.00588704+0.00541801j -0.004426-0.00962815j 0.00159183-0.0120214j -0.00289337-0.0115567j -0.00143035-0.00674567j -0.000455143-0.00333387j -0.00171807+0.00186212j -0.000441244+0.00465611j -0.000728864+0.000710293j 0.00315299-0.00687828j -0.00229225+0.00446121j -0.000875343+0.000970817j 0.00206239+0.00449451j 0.0032857+0.00266238j 0.000808723+0.00415097j -0.00607438+0.0153585j -0.00145529+0.00552427j -0.000630467-0.0102473j 0.00308455-0.000443469j 0.0034362-0.00190559j 0.00182011-0.00704456j -0.00384457+0.00489162j -0.00183509-0.00124064j -0.00398856-0.000825274j -0.00353461+0.00372078j -0.000393179-0.00644253j -0.00191928+0.00341495j 0.000517993-0.00247736j 0.000201892+0.00392256j -0.0017308+0.00640084j 0.00271562-0.0100058j 0.00147832-0.00441544j -0.00111416-0.0029306j -0.00145332+0.00507486j -0.00453045+0.00391841j -0.00147284+0.0151058j 
0.00213771-0.0100238j -0.00394908-0.000790446j 0.00793965-0.00368486j -0.00172823+0.0083109j -0.004557+0.00172117j -0.000143159+0.00193492j 0.0146297-0.0128661j -0.00983913+0.00144585j 0.00422487-0.00348291j -0.0155585+0.00844607j -0.0173979+0.00621138j 0.00655812-0.00374796j -0.0054667-0.00334524j -0.00443125-0.000906408j 0.0128672+0.00133597j 0.0249674+0.0058381j 0.0221479-0.00388295j -0.0150135+0.000740332j 0.0040788+0.000348192j 0.00465311-0.000404426j 0.009415-0.00301346j 0.00572041+0.00318068j -0.00805575-0.000836663j -0.00113442-0.00551346j -0.00382855+0.00210177j -0.00188818-0.000687721j -0.00851021-0.00534711j -0.0179277-0.00741867j -0.00213973+0.00247884j -0.00803245-0.000372j 0.00160209-0.00328194j -0.0040764-0.00650557j 0.00356982+0.00237712j -0.0137132-0.0130773j 0.00117031-0.00193481j 0.000286172+0.00364823j 0.000102791-0.00105728j -0.00408389-0.0087127j -0.00417633+0.0029157j 0.00660692-0.00596117j -0.00574214-0.00124354j -0.00450588+0.00130042j 0.0104837+0.011056j -0.00650436+0.00569374j -0.00972401-0.0142296j 0.010578-0.00274734j -0.00684424-0.00638618j -0.00200523-0.00341708j 0.00397595-0.009456j 0.00488898+0.00317097j -0.00128747+0.00275791j 0.00850575+0.00774565j 0.00209453+0.0136818j 0.000324342-0.00421478j -0.00130694+0.0138882j -0.00680921+0.00735282j -0.000882908-0.00210867j -0.00372117-0.0116023j -0.00409704-0.00746105j 0.000302413+0.0103963j 0.00627532+0.00128381j 0.000355524-0.0139895j -3.58188e-05-0.00182203j 0.00086935-0.00821851j -0.00133728+0.0100642j -0.00270425-0.00895177j -0.00368733+0.00310887j 0.000230925-0.0100281j 0.00441969-0.00806641j 0.00236947-0.0056382j -0.00307898+0.0105135j 0.00109952+0.00259607j 0.000555605+0.00181431j -0.000191395-0.00222243j 0.00395443-0.00524386j 0.000863198+0.00261817j -0.000709074+0.00909371j 0.000103493-0.00625824j -0.0060395+0.00697882j -0.000675497+0.000269464j -0.000868266+0.0026793j 0.00115465-0.00797028j 0.0034253+0.00131803j 0.00266727-0.00696998j -0.00286987+0.0075034j -0.000446705-0.0113413j -0.000656413-0.000689679j 0.00236258-0.00158941j -0.00300695+0.00183085j -0.00213027+0.00766183j -0.00137921+0.0106668j 0.000428211+0.00214538j 0.00300702+0.000696775j -0.00188865+0.00457128j 0.00054374-0.0119147j 0.00180752-0.00082438j -0.00262959+0.0071272j 0.000662129+0.0067205j 
0.00973944+0.015946j -0.00433131+0.0077885j -0.00377359+0.0131225j 0.00826987+0.0133033j 0.00539675+0.00122808j -0.000354528-0.00381599j -0.00230571-0.00350487j -0.0035522+0.00487001j -0.000847386-0.00696123j 0.00425448+0.00273809j 0.00441759+0.00611658j 0.00950275+0.014453j 0.00574121+0.00996086j -0.00648198-0.0128845j 0.00241005-0.00598677j 0.0145427+0.00990984j 0.000407452-0.00649477j -0.00884334-0.00145828j 0.00674259+0.00396612j -0.00931839-0.0102342j -0.00381049+0.00238702j 0.00586427+0.00339362j 0.000368373+0.005978j 0.00182147+0.00446307j -0.000521508+0.00647843j 0.00230823-0.0122977j 0.00645303-0.00278585j 0.00471898-0.00154892j -0.00385295+0.0128187j -0.00196961-0.0010278j 0.00286136+0.00270042j 0.00340027-0.0052303j 0.00401531+0.00612726j 0.00339655+0.00659918j -0.00390684+0.000901774j 0.00110682-0.00817658j -0.00113006-0.000438343j 0.000473304-0.00109232j -0.0100341-0.00347105j -0.003283+0.000967917j -0.00176451+0.00529526j -0.00683069+0.00737065j 0.0102638-0.00475865j 0.00725515+0.0057827j 0.0125936-0.00554422j 0.00511486+0.00318534j 0.00687736+0.00527232j 0.00663356-0.00861354j -0.00509961+0.00817305j -0.010796+0.0108805j -0.0118019-0.00141344j -0.000581561-0.00423597j -0.00600541-0.00534986j -2.00843e-05+0.000831048j 0.00644975+0.000628509j 0.00109981-0.00949613j 0.000891357+0.00476263j 0.00282781-0.00798327j -0.00090245+0.00128083j 0.00263283+0.00181689j -0.00393196+0.00875952j -0.00232003+0.00338655j 0.00136812-0.00105509j -0.00259054+0.00122884j -0.0038777+0.00373385j -0.00378549+0.00286209j -0.00130145-0.000974783j -0.00126231+0.00094477j -0.00449515-0.00415466j -0.00170502+0.00266243j 0.00279277+0.00102617j -0.00585137-0.000603732j 0.00202374+0.00167381j -0.000615671-0.00140961j -0.00112254-0.00254111j 0.000407009+0.00226131j 0.000910391+0.00713611j 0.00299056+0.000105924j 0.000669716+0.00435214j 0.00389906-0.00146521j -0.00227305+0.00310497j -0.00160459+0.00646393j -0.00230669-0.00178946j -0.00084256+0.00485878j -0.00262817-0.000607325j 0.00295517+0.000117952j -0.00220935+0.000944864j 0.00744162+0.00228842j -0.00654289+0.00124815j 0.00533998+0.00328551j 0.00166835+0.0038715j -0.00495814-0.0024056j -0.00344906+0.000591415j 0.00201622-0.00366937j 0.00790139+0.00563256j -0.00742368+0.00442821j -0.0173397+0.00891216j 0.00929393+0.00784484j 
0.00693603-0.00050902j 0.00594168+0.0127751j 0.00160077-3.63672e-05j -0.00204932-0.0110091j -0.00676913-0.0038783j -0.00404002-0.0161349j -0.00324588-0.00856116j 0.00448378-0.00128014j -0.0023196+0.0157869j 0.0126383+0.00743854j -0.00122247+0.000281505j 0.00101881-0.00544843j 0.000623776-0.00185472j -0.00529752-0.00504523j 8.91307e-05+0.0125761j 0.00739403+0.00260455j -0.0119777-0.0106144j 0.00461981+0.0192975j -0.00523849+0.00835727j 0.00636092-0.0031959j -0.00324764-0.00867979j 0.00398276-0.00176135j -0.00608913-0.0162726j 0.00319418-0.0163332j -0.00493751+0.00554389j 0.00552982+0.00372749j 0.00132349-0.0145302j 0.00516027+0.00141247j -0.0064266+0.00240351j 0.00141497-0.00336056j -0.00224733-0.00704049j 0.00329528+0.00854637j 0.000247525-0.00302056j -0.00518698+0.004828j 0.00516739-0.00819047j -0.00107386+0.00681693j 0.00842574-0.0111041j -0.0108835+0.00222024j -0.00180922-0.00096617j -0.00781772-0.00553836j 0.00630527-0.00638242j -0.00715206+0.00313427j -0.0154396+0.00862516j -0.00532975-0.00606448j 0.00147029-0.0043322j 0.00485047-0.00278469j 0.00338533-0.00373358j -0.00500939+0.0032409j 0.00960772+0.00259124j 0.0015495+0.00859481j -0.00552771+0.00881287j -0.000120897+0.000524254j -0.00447551+0.00409632j 0.00173997+0.00691855j 0.00326871-0.0070385j -0.00492333+0.00378806j -0.000877436+0.00533443j -0.00197805+0.000891058j 0.00165092+0.000935925j 0.000559463-0.00447467j 0.0014944+0.00468926j 0.0039035-0.00116779j -0.00409742+0.00209289j -0.00506949+0.00333277j 0.00343446-0.000960771j -0.00165744+0.00287316j -0.00284192-0.000129488j -0.00350293+0.00183408j -0.00303382-0.00139598j 0.00285985+0.00059457j -0.00125443-0.00084823j 0.00357668+0.00128813j -0.00159703-0.00197538j -0.00228538-0.00533784j -0.000457904+0.00356543j -0.00131623+0.00361906j -0.00319778+0.00480295j -0.00223081-0.00379456j 0.0015602-0.00177748j -0.00224857+0.00417992j -0.000597052+0.00147208j -0.00142556+0.00347691j -0.000429372-0.00151893j -0.00308071+0.00062664j 0.000113368-0.0058896j 0.00169145+0.00159663j 0.00678095-0.00136918j 0.00141636-0.00362248j 0.000477219-0.00230951j 0.000581933+0.00439996j -0.00426401+0.00372548j -0.00466726+0.00272837j -0.007976+0.000374065j -0.00251882-0.0071667j -0.00154723-0.00355409j 0.00936578-0.00419305j 0.00329619+0.00920481j 0.0143453-0.00582328j 
0.00401155+0.000122769j 0.00326455+0.00845778j -0.00390799-0.00607328j -0.00193711-0.00091945j 0.000949822+0.0114469j -0.0052162-0.0084551j -0.00239376-0.000583086j 0.00156839-8.83315e-05j -0.00381863-0.0082308j 0.00592837+0.0132823j 0.00660166+0.00449868j 0.000170328-0.00682967j -0.00513339-0.0080744j 0.00087833+0.0273921j -0.00701213-0.0187351j 0.00225869+0.00960514j 0.000839927+0.0161422j 0.00182465-0.0160247j -0.00232999-0.00501884j 0.00142923+0.00179269j -0.000626543-0.0298504j 0.00116986+0.0065384j 0.00250836+0.00236655j -0.00160294+0.00762483j 0.00428249-0.0117262j 0.00336245-0.0110865j 0.00511082-0.00257236j 0.0109839-0.0122822j 0.00123657-0.00261843j 0.000818777+0.0113874j -0.000469163+0.00233454j -0.00856856+0.00652014j -0.00701068+0.00417985j 0.00267153-0.0038821j -5.71337e-05-0.00192886j -0.00185033+0.00877304j -0.00642979+0.0123815j -0.00490555-0.00199376j 0.00168247-0.001562j 0.00677995-0.00783354j -0.00287162+0.00341552j -0.00433009+0.00206982j 0.00299922+0.00356738j -0.0015352+0.00713083j 0.00414364-0.00682406j 0.00339828+0.00191793j 0.000221936-0.000834152j -2.94616e-05+0.00350336j 0.00581476-0.00231919j 0.000213634+0.00647818j -0.00404842+0.00224083j 0.000932658-0.00518144j -0.00146287+0.000854499j 0.00452109+0.000907758j 0.00136041-0.00437461j -0.000585431+0.000468599j 0.00115268+0.00186066j 4.09419e-05+0.000494035j -0.000521683+0.000355983j -0.000112017-0.00209742j 0.00114847+0.00211296j 0.000707359+0.000805521j -0.000552108+0.000495276j -0.00153817+0.000188532j 0.00210721+0.000406713j -0.00188161+0.000684236j 0.00015392+0.000101627j -0.000816538+3.61617e-05j 0.00104941+0.00170697j -0.00083289+0.000937945j -0.000131905-0.00196221j 0.000307177+0.000264943j 0.000423712+0.000923363j -0.000415584-0.00171466j -0.000364281-0.000288862j -0.00102914+0.000667942j -0.00180522+0.00347591j -0.000715838+0.000535442j 0.000662738-0.00138467j -0.000429544+0.000694727j 0.000580303-0.000106388j 4.80929e-05+0.000880427j 0.000362626-0.000359031j -0.00203917+0.000546087j -0.000712857+3.48961e-05j 0.000476221-0.000491109j 0.00358891-0.00154203j 0.00026105+9.15388e-05j 0.000240466-0.00105516j -0.000943061+0.00226643j 0.00309772-0.0010548j -0.000300899+0.000754633j -0.00167268+0.000163507j 0.000575096-0.000967522j -0.00306021+0.00261456j 6.77736e-05-0.00208208j -0.000472603+0.00376852j 0.00609211-0.00154923j 
-0.000928722+0.000490492j -0.0011171-0.00249342j -0.000166294+0.00175672j 0.00137266+0.00354118j 0.00115017+0.00322711j -0.00609976-0.0096002j -0.00128997-0.0128259j 0.00510537+0.00491529j -0.00133373-0.00742329j -0.00317929-0.00775773j -0.00911341-0.0216844j -0.00772689-0.0148006j -6.89262e-05+0.000873307j -0.0059082-0.0228559j -0.00444287-0.00583648j 0.00162426-0.00822366j 0.000685777+0.0224705j -0.00551314-0.000725016j 0.00104714-0.00573958j 0.00036605-0.00496734j 0.000110308-0.0116973j 0.00160784+0.00879103j 0.00311192-0.0177291j 0.0014179-0.00322747j 0.00232582+0.018685j 0.00201525-0.00513769j -0.00490091+0.0124561j -0.000178925+0.000434304j -0.000963984+2.3449e-05j 0.00179891-0.0040507j -0.00482051+0.016591j 0.000610006+0.00639956j 0.00856735-0.0194931j -0.000845164+0.00473375j -0.000697116+0.0031548j -0.00896324+0.0167359j -0.0019094+0.00639401j -0.0104321+0.00981368j 0.00384211+0.00525232j -0.00141527-0.00225521j -0.00770531+0.00392031j 0.00100744+0.00795471j 0.000155965-0.000414959j 0.00209644-0.00087235j -0.0015842+0.00258768j -0.00126766-0.00045171j -0.00294268+0.000987411j 0.0024669+0.00240754j 0.000471537+0.000720977j -0.00137502+0.00155474j -0.000282684-0.00306038j 0.00120537+0.00120294j -0.00142666-9.91222e-05j -0.00083549-0.00322311j -0.00257604+0.00057789j 0.000459485+0.00023661j 0.00104069+0.00092456j -0.000897967-0.000557364j -0.000723301+1.34208e-05j -0.000106644+0.000796578j -0.000332619-0.000698456j 0.00081429+0.00076033j 0.00107235-0.000555095j 0.000730043+0.000342091j -0.000542649-5.63509e-05j -0.000570763-0.000730212j 0.000258162-0.000168878j 0.000937714-8.97775e-05j 0.000573676-0.000117912j 0.000353462-0.000714181j 0.000243267-0.000766105j -1.88137e-05-6.76131e-05j 0.000640928-0.00055837j 0.000158247-0.000610913j -0.000200069+0.000154093j 0.000744657-0.000681234j 0.000582288-0.000985545j 0.000289259+4.01931e-05j -0.000427131-7.28436e-05j 0.00024258+0.000115289j -0.000186156+0.000741873j 0.000135316-0.000475909j -0.000369111+0.000495448j -0.000403795+0.000182715j 0.00119726-0.000736924j 0.00126357-0.00157937j -0.00147199+0.00132467j 0.00103067-0.000400853j 0.00233945-0.00124297j 0.00027614-0.000416359j 0.00130481-0.00155853j 0.000436928+0.00134578j -0.00161333+0.00129238j 0.00102567-0.000427873j -8.17074e-05+0.00048618j -0.00112675+0.000336744j 2.70953e-05-0.000996776j -0.00168706+0.000394059j 
0.000380069-0.00360955j 0.00350809+0.00436789j -0.0067026-0.0110629j -0.000442272+0.00595521j -0.000882155-0.00436033j 0.00487652+0.00482791j -0.00614853-0.00522416j 0.00778096+0.0124027j -0.00427919-0.010802j 0.00240538-0.00296829j 0.00442873+0.010542j 0.000441359+0.0115149j -0.00200273-0.0150915j -0.00332793-0.0207393j 0.000750834+0.0172133j -0.00211202+0.00364819j -0.00202464+0.00426019j 0.00216105-0.00753905j -0.00165023+0.00242053j -0.004872+0.0320757j -0.00572496+0.00448246j -0.00122628+0.00232252j 0.0063635+0.00220631j 0.00159491-0.0182326j -0.0019814+0.00938756j 0.0052051-0.0185378j -0.000864217+0.00771483j 0.00135156+0.00795853j 1.21932e-05+0.000834854j 0.00159793+0.00893481j 0.00511898-0.00562447j 0.00542353-0.0102653j -0.00375315+0.000251736j 0.00257942-0.00808684j 0.0025265+0.00130744j -0.00152563+0.000971201j -0.00181834+0.00812311j 0.0026632-0.00334432j 0.00505622-0.00707559j 0.00668796-0.0106472j -0.0015933-0.0025793j -0.00884259+0.000628327j 0.0022857-0.000784005j -0.000504207+0.00747916j -0.000719472-0.00542888j 0.000523978-0.00451762j 0.000259264+0.00300996j 0.00157945+0.00327833j 0.00342258-0.00511986j 0.0017314+0.00248803j -0.00229641+0.000880057j 0.000662912-0.00255786j 0.000467216+7.56402e-05j 0.00293943-0.000240531j 9.15029e-05-0.00231027j -0.000566067+0.00157588j -0.0008026-0.00212661j -0.00030861-0.000237102j 0.000215765+0.00118236j 0.000445975-4.83406e-05j 0.00118606+0.00134077j 0.000525389-0.000789004j -0.000212101+0.000107509j -0.000998582+0.00157152j 0.00124472+0.000630651j -0.000442919-0.000342669j 0.000271254-0.000500301j -0.000478925-0.000964706j 0.00145873+0.000246867j -1.76288e-05+0.00106487j -0.000543084-0.00167334j -0.000427489+0.00149939j 0.000262666+0.000213994j 3.49688e-05-0.000709234j -0.000397918-0.000218749j -0.000139923-0.000851261j -0.000908016-0.000180525j -0.000932182+0.00109687j -0.000454186-4.30851e-05j -0.000454014+0.000239178j -3.19805e-05-0.000265935j -0.00110632+0.00112543j 0.00168879-0.00103793j -0.00101422-0.000210536j 0.000621598-0.000419224j -0.000844079+0.000605001j 0.0019827-0.000625183j 0.000767019-0.000942411j -0.000322727+0.000176812j 0.000119958+0.000724062j 0.00197523-0.0016457j 0.000502463-0.000204797j 0.000454646-0.000773665j 0.00100777-0.000258912j -0.00326649+0.00200632j -1.54926e-06-0.00150967j 0.00166755+0.00117286j 0.00292876-0.00214802j 
-0.0017087+0.00649693j -0.00854559-0.00014303j -0.0103527-0.0011861j 0.00333341+0.00307235j 0.0105202-0.00106063j 0.00216689+0.0019948j 0.00180011+0.00531797j -0.00253503+0.00394595j 0.00816292-0.00177871j -0.00585667+0.00914184j 0.00278657-0.000390634j -0.00268317-0.00823125j -0.00738334-0.00945471j 0.00142516+0.000483381j 0.000545539+0.00818131j 0.000309078+0.00629445j -0.00150056-0.00416374j -0.00101111+0.0100917j -0.00242677-0.00649068j -0.0112545+0.00748573j -7.65277e-05-0.00998945j -0.00163245+0.00521778j -0.00119612-0.0104641j -0.00550365-0.0134493j 0.00533441-0.00908838j -0.000260978+0.0037528j -0.00123703-0.0161765j 0.000679358-0.00858869j 0.00715675-0.00346532j 0.000813906-0.00279156j 0.00964617-0.00672834j -0.00127643+0.00831177j 0.00274546-0.00142882j 0.00308624-0.00110858j 0.00142879-0.00661015j -0.00362703+0.00860677j -0.000933479-0.00434803j 0.00753257-0.0040816j 0.00101187-0.014555j 0.00145928-0.000571785j 0.00106473-0.00547309j 6.5548e-05-0.000444331j 0.00274221+0.0174135j -0.00242236+0.00957078j -0.0031851+0.0162642j -0.00762944-0.000220369j -0.00484266+0.00294063j 0.000733487+0.00337967j -0.00535565-0.00409868j -0.00230602-0.00508672j -0.00160393-0.00676823j -0.00245485-0.00498405j -0.00388341-0.00652334j -0.00386005-0.00491075j 0.00439458+0.00778228j 0.00475643-0.0049799j 0.000557789-0.00321245j 0.00554322-0.00188954j -0.00330218-0.00078593j 0.000496613+0.0016813j -0.00390246+0.00176579j -0.00390165+0.00517267j 0.00349328-0.000505209j 0.00378162+0.00312785j -0.00414778+0.00409526j -0.00262778-0.0023114j 0.00135643+0.000436515j 0.00271996+0.00242632j -0.00390444-0.000282646j -0.00373693-0.0017593j 0.00360397+0.00190956j -0.00790484-0.00318363j 0.00357143+0.00228625j 0.00182956+0.00841539j -0.00166759-0.00601143j 0.00169754-0.00240317j 0.00495094+0.000149244j 0.00425504+0.00846808j 0.00105832+0.00538646j 0.0037252-0.00499779j 0.00033693+0.00211514j 0.00710684-0.0016106j -0.0012061-0.00035121j 0.00427954+0.00435796j -0.00327906+0.00799047j -0.00119649-0.00150726j -0.0116422-7.34174e-05j 0.00249103+0.0117966j -0.00481854+0.000165956j 0.00173251-0.00204284j 0.00868638-0.000656569j -0.000326045-0.00412529j 0.00943936+0.000634515j -0.00147085+0.0109432j 0.00354509+0.0131789j -0.0149652+0.00285406j -0.0154205-0.00985006j -0.01096+0.0137435j 
-0.00962819+0.00126573j 0.00324036-0.00603359j 0.000553586-0.00662181j -0.008921+0.00107042j 0.00190319+0.00468338j -0.00364126-0.00612437j -0.00750536-0.00507374j -0.002967-0.00348897j 0.00208925+0.000202887j -0.000437008+0.00440234j 0.00406562+0.00747596j 0.00225986+0.0072842j -0.00242144+0.00404135j -0.00167721-0.00540844j -0.00700369+0.00490074j -0.00355986+0.0163463j 0.00134676-0.005968j 0.000469942-0.00479649j -0.0033663-0.00200168j 0.000411216-0.024569j 0.00456464-0.00539818j -0.00635338-0.00278707j 0.00466328-0.0119337j 0.000292699+0.00153325j 0.00825872+0.00757055j 0.00619486-0.0059409j 0.00650272-0.010034j -0.00403737-0.00231902j 0.000578012+0.0160702j 0.00124361+0.00305283j 0.00365718-0.00461612j -0.00200831-0.00986318j 0.00176415-0.00165394j 0.00580901+0.0105504j 0.000526591+1.71665e-05j 0.00412338-0.00458427j -0.0027742+0.000270634j -0.00261323+0.0122672j 0.00459317-0.00214664j 0.000900534+0.0066338j -0.000380501-0.00511344j -0.00428007+0.0117595j -0.001075+0.00756355j -0.00113486+0.00822454j 0.000651858-0.00755616j 0.000344733-0.0097298j -0.00365204-0.0108103j -9.93695e-05+0.00471933j -0.00138514-0.00756414j 0.00229836-0.00103887j 0.00747587+0.00913949j -0.00310303-0.000257159j 0.00320686+0.00431295j -0.00105154-0.00107581j -0.00272139+0.00091895j 0.00394054-0.00113496j -0.00240617-0.00499523j -0.000151624+0.000147787j 0.00190851+0.00586137j 0.00113051+0.00398077j -0.00181979-0.0081049j -0.00175111+0.00351311j 0.00601558+0.00177984j 0.00794262-0.00266299j -0.000467522-0.000433854j 0.00309101-0.000232255j 0.00469903+0.00220343j 0.00343164-0.00433261j 0.00869753+0.00579364j -0.00336822-0.00196829j -0.000111346-0.00501618j 6.2547e-06+0.00263251j 0.0012625+0.00164566j 0.00430803+0.00441292j -0.000403102-0.000371759j 4.92813e-05-0.00558762j 9.70136e-06-0.00655375j 0.0024071+0.00220521j 0.00313079-0.0073775j -0.00455525+0.000438834j 0.0035335-0.00478044j 0.00347189-0.00930146j 0.00255101+0.00537779j 0.00385797-0.0053891j 0.00490679+0.00741152j -0.00481691-0.00166429j -0.00141619-0.00359398j -0.00665992-0.00292834j 0.00653416+0.0022466j -0.00674477-0.012067j 0.00514313-0.0105275j 0.00831196+0.00411611j 0.00679665+0.00626168j 0.00155174+0.0140843j -0.00684666-0.00381189j 0.0021819-0.00302781j 0.0114894-0.0144821j -0.0176465-0.0110485j 
0.00449569-0.00368348j 0.00214166+0.00708991j -0.00549662+0.00279299j -0.00213277+0.00361756j -0.00396647+0.00570502j -0.0089541+0.00234625j -0.000465758+0.00114179j 0.000787238-0.00361705j 0.0090226+0.00124338j -0.00390414-0.00588114j 0.00435244-0.00201326j 0.00512933-0.00614494j -0.00504257+0.000532547j -0.000847742-0.00243688j -0.00793424-0.00245813j 0.00559679-0.0147994j 0.00393032-0.00183244j 0.00919939+0.00544768j -0.00815169+0.00031431j 0.0114723+0.00284796j -0.00711923+0.0122283j -0.0104078-0.00589354j 0.0137227-0.0041569j 0.00366085+0.00740842j 0.0158549-0.00236803j 0.0112571+0.0015371j 0.0113348+0.00481713j -0.00825528+0.00088817j -0.000670648-0.00343926j 0.0128126-0.00553112j 0.00177893-0.00257331j -0.0121332-0.00342848j 0.000694874-0.00216729j 0.00714095+0.0105342j 0.00491429+0.00216223j 0.00494855+0.00327475j -0.00520344-0.00793952j -0.00219921-0.00125363j -0.00118056+0.000552969j 0.00286099+0.0181474j -0.00979988-0.00757493j -0.000674203+0.000214016j 0.007374+0.0104737j -0.00723762+0.00119258j -0.00258493-0.0050707j 0.00643256+0.000351733j 0.00265941+0.00521832j 0.000459498+0.00124455j 0.00928631-0.000482119j 0.00250067+0.00626219j -0.0068105-0.00213855j 0.00238066-0.00477074j -0.00180805-0.00360088j 0.00408191-0.0082971j 0.000885278-0.00427862j -0.00496734-0.00590475j -0.00124606-0.00444505j 0.000239911+0.00138712j 0.00116742+0.00327281j -0.00193245-0.00763522j 0.00272118+0.00164083j -0.00215745-0.00130095j 0.00385714-0.0101602j 0.00134182-0.00395767j 0.00638407+0.0103674j -0.00476811-0.00981262j 0.00320541+0.00137591j -0.000564519-0.000974484j 0.00674619+0.0107538j -0.00375223-0.000283589j -0.00154205-0.0101992j -0.000675627+0.000534625j 0.00254501+0.00869242j 0.00422622-0.00445401j -0.00335339-0.0087205j -0.00371781-0.00500303j -0.00763173+0.00996233j -0.00202037+0.00157038j -0.00140821-0.00834515j -0.00680147+0.00309473j -0.0019108+0.00387094j 0.00664369-0.00409582j 0.000882649+0.00171918j -0.00753591-0.00330013j -0.00114808+0.00569382j 0.00047179-0.00466581j 0.0109659-0.00199848j -0.00248789+0.00550334j -0.000512222-0.00296249j -0.00872816+0.00207735j 0.0104749+0.00152365j 0.002298+0.00077361j -0.00290929+0.00142181j 0.00105781+0.0033787j -0.012151+0.0144341j -0.0113532-0.00820735j -0.00361318+0.00499382j 0.0129894+0.00171708j 
-0.00914177-0.000883135j 0.000148592-0.000436116j 0.000348969+0.000335831j -0.00631532-0.00455668j 0.000717245-0.00223592j 0.000538936-0.00011801j -0.00264199-0.00470296j -0.000860257-0.00321982j -0.00248784+0.00406925j -0.000882446-0.00354169j -0.000165582+0.00385477j 0.00144122-0.00283284j -0.00237814-0.00159999j 0.00205898+0.00153353j -0.00668899-0.0127502j -0.00562181+0.00701577j -0.000520995+0.00813183j -0.00338346+0.0165884j 0.00326114-0.0121586j 0.00138171+0.0170013j 0.00338495-0.00303668j 0.00707806-0.0162677j 0.00284057+0.0134597j -0.00855177+0.00304204j -0.00497253+0.0130008j 0.000805039+0.0117418j -0.00472473+0.00298372j -0.00313072-0.0164666j 0.00128272+0.00193529j -0.0104229+0.0110027j 0.00608533+0.00472039j 0.00976576-0.014366j 0.00274191-0.00332651j 0.000247617+0.00557473j -0.00401505+0.00487705j -0.00465156+0.00395053j -0.00490807-0.00123452j 0.00405041-0.0026888j -0.00219211-0.00283467j -0.0180412+0.0143842j 0.000301036-0.000454719j -0.0041937+0.0099451j -0.00857276+0.00318146j -0.00280163+0.00281779j -0.00831261+0.000859965j 0.00204016-0.0081031j 0.00354632-0.00596695j -0.00325967-0.00191723j 0.000152703+0.00199746j 0.000192545+0.00456522j -0.00288015+0.00760423j -0.00281672+0.00502862j -0.00937841+0.00401745j -0.00792221+0.00465928j 0.00489908-0.000974174j -0.00622727-0.000970509j -0.00962781+0.00692918j -0.00395408-0.000389751j 0.00839017-0.00363419j -0.00498951+0.00232661j -0.00917466+0.00438902j 0.00438805+0.00349173j -0.00925177+0.000231883j -0.00618777-0.00137764j 0.00175078+0.0011453j -0.00171607+0.00356078j 0.000345925-0.00372117j -0.0115655+0.00461702j 0.0128483-0.00800193j -0.00586971+0.00546795j -0.00911365+0.000977797j 0.00511223+0.0021157j 0.0142947-0.00621322j 0.0049367+0.00210219j -0.00336515-0.00366503j -0.00346342-0.00204525j 0.0172139-0.00261107j -0.003013-0.00200795j -0.0119683-0.00366124j -0.00271353-0.000617238j 0.00431457-0.0027007j -0.00163162-0.000800084j 0.0004323-0.000975991j -0.00364083-0.00175331j 0.00503988+0.00223767j -0.00091786+0.000479197j -0.00391371-0.00545199j 0.00518164+0.00842625j -0.00778098-0.00612865j 0.00728829+0.000141419j -0.00768563-0.00485829j -0.00163373-0.00599039j -0.00390443-0.00235024j -0.000523442+0.00296919j 0.00446679+0.00288056j -0.00210121+0.000101047j -0.00665934-0.0060654j 0.00355376+0.00383948j 
-0.00223153+0.000934997j 0.00706251-0.000129781j 0.00686199+0.00426597j -0.00628742-0.00441269j -0.0085067-0.00997541j 0.000500858-0.00151571j -0.00105262-0.00328949j 0.002141+0.0026869j -0.00501498-0.00347664j 0.00638423+0.00609023j -0.00448817-0.000149665j -0.00182229-0.00259872j 0.00434932+0.0109299j 0.00151841-0.00302735j 0.00168784+0.00247943j 0.00445783+0.0085555j 0.000688644-0.00235965j 0.00417681+0.00614767j -0.00220711-0.00901671j 0.00483074+0.0163166j -0.00122736-0.00728291j -0.00201938+0.00225697j -0.00460642-0.0076118j -0.000644095+0.00687123j -0.00248625-0.00729474j 0.0016837+0.00677844j -0.00538374+0.00038197j -0.00709744+0.000565878j 0.00226109-0.0105923j -0.00304519-0.000374209j -0.00651908-0.0197001j -0.00256193-5.16355e-05j -0.00155882-0.0135864j 0.00653354-0.00514407j -0.00017055+0.00738212j 0.000236136+0.00215599j 0.00518027+0.0103662j 0.000419955-0.00694471j -0.00142441+0.00317606j 0.00807289+0.00922172j 0.00316557-0.00150388j -0.00258308+0.00339715j 0.0024796-0.0168517j 0.0183881-0.0012962j 0.00191323-0.00747135j 0.0119619-0.00314113j 0.0120541-0.00392627j 0.00032225-0.00823877j -0.00713859+0.00842597j -0.00663618+0.00505723j -0.00833029+0.00173808j 0.000110841-0.000625292j 0.000224213-0.00858574j 0.00413197-0.00590865j -0.00435715+0.00518227j 0.0121065-0.00616531j 0.00041726-0.00399143j 0.00233675-0.000122985j 0.00115437+0.00207501j -0.00508133+0.00281245j -0.0046318-0.00376224j -0.0052995+0.00398168j -0.00533861-0.000585624j -0.00753764+0.000959815j -0.00738311+0.00321178j 0.00131643-0.00160073j -0.00208619-0.00174718j -0.00842607-0.000883945j 0.00465113-0.00568327j -0.00164033+0.000867871j -6.96121e-05-0.00167781j -0.00237972+0.00197052j 0.00297749+0.00250518j -0.0112327+0.00431083j 0.0156636-0.00361066j 0.00787488-0.00185869j -9.72438e-06+0.00428704j -0.00819957-8.6626e-05j 0.00961559-0.0025355j -0.00561789+0.000186415j 0.00320571-0.00112246j -0.00328191-0.00080064j 0.00181104-0.0018995j -0.00033439-0.000854814j -0.00425768-0.000934776j 0.00567877-0.0015002j -0.00335193-0.00707638j -0.00212044-0.00423941j -0.00958494-0.00241058j 0.00421473-0.00864148j 0.00536504+0.00540604j 0.00448064+0.00313618j 0.00093989+0.00587892j -0.00343108+0.00658307j 0.0020512-0.00205499j -0.009433-0.00679139j -0.00617332-0.00642124j -0.00627538-0.00423544j 
0.00899652+0.0062493j -0.000502571-0.000920891j 0.000593416+4.34905e-05j 0.00719523-0.000957879j -0.00169322-0.00305157j 0.00094996-0.00512388j -0.000663005+0.00274138j -0.000228998+0.00698264j 0.011709+0.00552401j -0.00441226-0.00294476j -0.00247335+0.00520653j 0.00616456+0.00689463j 0.00842669+0.000187342j 0.0048589-0.00216582j 0.00174711-0.00244513j 0.0236937+0.0149686j 0.00784265+0.00279888j 0.0129825+0.00684379j -0.0074971-0.00741325j 0.00936863+0.00764023j -0.0147895-0.0118101j -0.0157461-0.00976374j 0.0050626+0.0094823j 0.00316251+0.00296032j 0.0133508+0.0186071j 0.00175414+0.00460725j 0.00125096+0.0121905j -3.76744e-05+0.000886643j -0.00514921-0.00254925j 0.0090188+0.0174463j -0.00679575-0.00264816j -0.001144-0.0111795j -0.00250882-0.00262599j -1.43292e-05+0.00542355j 0.00150615+0.00554868j -0.00207668+0.00444547j 0.00255681-0.00586928j 0.00068352+0.000724838j -0.00136285+0.0053923j 0.00503803+0.000648376j 0.0109557-0.00777947j 0.00296928-0.00948975j -0.0080084+0.00220865j -0.00442618-0.00596568j 0.0025249+0.00757099j -0.011577+0.00368254j -0.00575448-0.00187631j -0.000342521+0.00387726j -0.00737997+0.00445753j -0.00115528-0.00356919j -0.00135771-0.00564721j -0.00419278-0.00123939j -0.000161002-0.00762683j -0.00372718+0.0029065j 0.00106071+0.0047979j 0.00675096+0.00305252j -0.00302745+0.000134209j 0.00429044+0.00033389j -0.000572073+0.00116485j -0.00849675-0.00384053j -0.00473848-0.0049824j -0.000408977+0.00302061j -0.0118318-0.008782j -0.001509-0.00349502j 0.0031248-0.00749333j -0.0110165+0.00189794j 0.00251358+0.00397026j -0.00119477-0.0106249j 0.00517061+0.00639174j -0.000753385-0.00689866j -0.00340657+0.00411193j 0.000658618-0.0031665j 0.00411038+0.0106519j -0.0055843-0.000784703j -0.00728524+0.00596166j -0.00463919+0.00489774j 0.00154315+0.009964j 0.00279307-0.0014335j -0.000712458+0.00198343j 0.00380891+0.00167633j 0.00491453+0.00785368j 0.0014738-0.00442396j 0.00318909-0.000695361j 0.00509276+0.00468352j 0.00473846+0.0027239j -0.00178985-0.00466576j -0.00201149-0.00576158j -0.000724693-0.000942815j 0.00225642+0.00268717j -0.00567559+0.008524j -0.00267025-0.000620428j -0.00311126+0.00302928j 0.0066124+0.00138982j -0.00255227+0.000997712j 0.00806757-0.00361421j 0.00795795+0.00303265j 0.00161327+0.00230306j -0.00965007-0.00155235j 
0.00386473-0.0004681j 0.00134384-0.00139883j -0.00405782+0.000370592j 0.00153445+0.00700379j 0.00174725+0.00158129j -0.00766871+0.00203577j 0.00606681-0.00720639j 0.00758215-0.0020602j 0.00476124+0.000141574j 0.00842465-0.00683437j -0.00560675-0.000880574j -0.00132944+0.0110848j -0.000235531+0.00972184j -0.00858414+0.0109743j 0.00425234+0.0010505j -0.0100177+0.0174679j -0.00818237+0.00975637j -0.00978394+0.0144235j -0.00178388-0.00511127j -0.0120879+0.00837498j 0.00414281-0.00790058j 0.0178777-0.0110722j 0.00558987+0.00215475j 0.00981332+0.00281579j 0.00427671-0.00405925j -0.00492963+0.00383709j 0.00418253+0.00135705j -0.000479567+0.000539174j 0.00639381-0.0112009j -0.00420168+0.000244071j -0.00821963-0.00871579j 0.00806347-0.00335334j 0.00960788+0.00223595j -0.00784095+0.00111359j 0.00504961+0.00631074j 0.00372224-0.0048792j 0.00338213-0.00363091j -0.013733-0.00163024j 0.00904082+0.0018256j 0.000447963-0.00326569j -0.00972017-0.0078027j -0.000228985+0.00211076j 0.00076531+0.00136978j -6.54372e-05-0.00884344j -0.00384+0.00215688j 0.00170456+0.00198245j -0.00428176+0.0138099j 0.00866936-0.00463267j -0.00618512-0.00734375j 0.00092789-0.00215349j -7.92135e-05-0.000177967j -0.00339156-0.00644544j -0.00283809+0.0129733j 0.00316496-0.00184238j -0.00240873+0.00317987j 0.000434957-0.00637409j 0.000754942+0.00312939j 0.00104466-0.00203536j -0.00325659+2.96319e-05j -0.0126454+0.0141224j -0.00194305-0.00098488j 0.00506373-0.000466282j -0.00851447+0.00916051j -0.00234564+0.00058521j -0.00480625-0.00600837j 0.000349334-0.0145193j 0.00266199-0.000828263j 0.00018773+0.0083305j 0.00640228-0.00148798j -0.00134996-0.000229071j 0.00890494-0.00485083j -0.00167352-0.000924258j 0.00833004-0.000255434j 0.00524126-0.0105494j -0.00257673+0.00017892j 0.00414173+0.00358974j 0.00766026-0.00182489j -0.00659419+0.0057766j 0.00016819-0.000742858j 0.00628231+0.00364235j -0.000226571+0.00511042j -0.00203666-0.00111438j -0.00610868+0.00468939j 0.00224499-0.00405091j 0.00637802-0.00541924j -0.000336561-0.00155027j -0.00694211+0.005752j 0.00782908-0.00416469j 0.0086121-0.00103046j 0.00180327+0.00315333j 0.00703049-0.0054833j 0.00248411+0.0100933j -0.0104364+0.0039504j 0.00753041-0.00618572j -0.00386494+0.00387237j -0.00446465-0.00112774j 0.00456925+0.0024381j -0.0029916-0.00317154j 
-0.00689031+0.00445215j -0.00202426-0.00308421j 0.00432573+0.00139439j -0.00148889-0.00654188j -0.000785097-0.000696578j 0.0033932-0.00180231j 0.00083987-0.00392029j 0.00319897-0.00320121j 0.00510238-0.0133564j -4.14715e-05+0.000745975j -0.00545885+0.0112863j 0.00359313-0.000110921j 0.0111083-0.0139035j 0.00199596+0.000390809j -0.00120202-0.0052158j 0.00678503-0.00850176j 0.000770322-3.09971e-05j 0.00432839-0.00146298j -0.00958968+0.0133137j 0.0119895-0.00205841j -0.0126545+0.00713698j 0.0015907+0.00250845j 0.00883639-0.00547703j 0.00146951-0.00808366j 0.00877072-0.0162292j -0.00663705+0.000388194j -0.00227519-0.00287233j -0.00963565+0.000398814j -0.00837887+0.00297577j 0.00156006+0.00161928j -0.0110842+0.00365586j 0.00828022-0.00830495j 0.0041915-0.000855652j 0.00885007-0.00796375j 0.0139261-0.00419713j -0.00191667-0.000276016j -0.0120199+2.00034e-05j -0.0030677+0.00133039j 0.00592218+0.00432768j -0.00807665+0.00426402j -0.00453401+0.0050177j 0.00402441+0.00423638j -0.00515908-0.00614841j 0.00597711+0.000450323j -0.00010428+0.00261841j -0.00394256+0.000625403j 0.00374782-0.00501418j -0.00248588-0.000514467j -0.00298413-0.00543158j -0.00700133+0.00961881j -0.000123166-0.00457901j 0.0105677-0.0144934j -0.00521922+0.00643375j 0.00130083+0.00897566j 0.0016558+0.00160132j -0.00222565+0.00622523j 0.000170576+0.00596587j 0.000247519+0.000494576j -0.000387867-0.00103029j 0.00838865-0.00306914j 0.000800275-0.00602797j -0.00412031+0.0118506j 0.00771214-0.013841j -0.00173101+0.0015968j 0.00541973-0.00506245j 0.0078538-0.0111542j -0.00810341+0.00759016j -0.00399713+0.00047129j -0.0012684+0.00332101j 0.00556866-7.22671e-05j -0.00698906+0.00493557j 0.00273911+0.00187857j -0.00852149+0.00394848j 0.00499923-0.00341878j -0.00268423+0.00204351j -0.00405176+0.00350054j 0.00247241-0.00137295j 0.00259807-0.00336734j 0.00675222-0.00219091j -0.00584662+0.00213847j -0.0111849+0.00637733j -0.000259638+0.0023403j -0.00291757+0.000227875j 0.00212411-0.00110937j 0.00917568-0.00217708j 0.0151803-0.00299131j 0.00150083-0.000443977j 0.00926043+0.00101677j -0.00161571-0.00140664j -0.00388169+0.00240458j 0.00408552+0.000601425j -0.0024541+0.00514773j -0.00931079+0.00321597j -0.00365234+0.00239909j 0.00458686-0.0053018j 0.00211312-0.000726659j -0.00581718-0.00576609j -0.00471273+0.00207327j 
-0.00394878+0.000246129j 0.000506715-0.00101888j -0.00368776-0.00205262j -0.00268699-0.00265362j 0.00179105+0.00251073j -0.00767726-0.00613123j 0.00481308+0.00466301j 0.00803442+0.00338508j 0.00731923+0.00101584j 0.00709161+0.0080337j -0.00856313-0.0040343j -0.00113757+0.00142088j -0.000928447-0.00725678j -0.0109962-0.0105j 0.00339427+0.000426771j -0.00973334-0.0184178j -0.0058251-0.0104783j -0.0082573-0.0135027j -0.00696733-0.00351463j -0.00164652-0.00790904j -0.00352237-0.000150454j 0.0105051+0.0197065j 0.00661113+0.0117936j 0.00153098+0.00659717j 0.00853128+0.00297274j -0.00207848-0.00580965j -0.000702446+0.00173007j -0.00774494-0.00953276j 0.0047006+0.000484128j -0.000438351+0.00112839j -0.00341137-0.0106191j 0.00606227+0.00877437j 0.00213303+0.01196j 0.00253875-0.00351829j -0.00135428+0.011153j 6.15331e-05+0.00399216j -0.00198075-0.0064434j -0.00428396-0.0169745j -0.00857998+0.00838825j 0.00100107+0.000875277j 0.00253181-0.0132989j -0.00630384-0.000837924j -0.00406036+0.00235712j -0.00414824+0.00082592j 0.00222339-0.000845485j 6.5855e-05+0.00127325j 0.00680283-0.00607856j -0.00985723+0.00100431j -0.00118339+0.00397019j -0.00106822+0.00147398j -0.00116027+0.00181153j -0.00899249+0.000597482j 0.013547+6.51702e-05j 0.000404289+0.00235808j -0.00228028-0.000587081j -0.00296968+0.00570305j 0.00425278+0.0023396j -0.000934578+0.000779147j -0.000272313-0.000374641j 0.0151005+0.000920716j -0.00427051+0.00040023j 0.000589957+0.00156563j 0.00146471+0.00127297j 0.00107337+0.0034919j -0.00320096+0.000646852j -0.0188677-0.00650322j 0.00413002+0.00239783j 0.000472297+0.000534236j -0.000479509-0.00332669j 0.00200624-4.99921e-05j -0.00917576-0.00320923j 0.00451513+0.000484791j 0.00120755+0.000136444j -0.012297-0.00939114j -0.00500979+0.000883802j 0.000621963-0.00223216j -0.00480608-0.0069137j 0.00376258+0.00334304j -0.00157519-0.00428769j 0.00158982-0.00198533j 0.00808965+0.00773478j 0.00302789-0.000988204j 0.00473775+0.0028374j -0.00557687-0.000195661j -0.00195857-0.00665646j -0.000410089-0.00639323j 0.00524731+0.00146261j -0.00161789-0.00516852j -0.00542398-0.00468543j 0.00272291+0.000923698j -0.0055521-0.00578114j 0.00292693+0.00257443j 0.00286916+0.00656253j -0.00480764-0.0016559j 0.00372152+0.00149975j 0.000650544+0.000289141j -0.00188298-0.00237712j -0.000575688+0.00010825j 
0.00732877-0.000696953j 0.0061801+0.000802334j -0.00540424-0.00229112j 0.00110803+0.00362314j 0.000646621-0.00256091j -0.00953509-0.0119238j 0.000891844+0.00235878j 0.0016825+0.00999184j -0.00419239-0.00177858j 0.00573063-0.00101126j 0.00154741+0.00607908j -0.00190376-0.00856457j -0.012013+0.00275991j -0.00156286+0.00608112j 0.00177473-0.0125445j -0.0104069+0.00786925j 0.000113905+6.86424e-05j -0.0086605+0.00544928j 0.00534873+0.00904361j -0.0145956-0.000474845j 0.000647617+0.00973321j 0.00602834-0.00149673j -0.00327038-0.0118818j -0.00513733+0.0086834j -0.00256611+0.000227243j -0.00466995+0.0119882j -0.000234941+0.0106474j 0.00234462+0.00333334j -0.00285479+0.0166319j 0.0045023-0.00685659j 0.00233237-0.00013905j 0.00551715-0.00841012j -0.000178068-0.00235276j -0.00312343-0.0131518j 0.00754937-0.00389316j -0.00506859+0.00431534j 0.000621828+0.00422996j 0.00561738-0.00655738j -0.00360563-0.00155887j 0.0102001-0.00253885j 0.00553663-0.0134771j -0.00778206-0.00188351j 0.00476058-0.000344531j -0.00240889+0.000109699j -0.00328484+0.00450111j -0.00291218+0.0012471j -0.00284772-0.00395853j -0.00728166+0.00845899j -0.00708044+0.0129265j -0.00579247-0.000670697j 0.0013238-0.00905619j 0.00792587-0.000858514j 0.000643219+0.000726868j 0.00429355-0.00400833j 0.0057614-0.00494859j 0.00209037-0.00496922j -0.0087152+0.00752984j -0.000849072+0.00156723j -0.00136265+0.0015979j -0.0059574+0.00986861j 0.00357361-0.00377544j 0.0016506-0.00389051j 0.00443033+0.00555297j -0.0093549+0.00284907j -0.000387514+0.00713325j -0.0042601+0.000312421j -0.0186958+0.00077818j 0.00459844-0.00270617j 0.0078404-0.00320216j -0.00532053+0.0041799j -0.00152284-0.00688879j -0.00600531-0.00214714j -0.00435801-0.00231492j 0.00472257-0.00554014j -0.00377387-9.82859e-05j 0.00267313-0.00393955j 0.00748759+0.00156888j 0.00733576+0.00503271j 0.00296105+0.00179938j 0.00169105-0.00386033j -0.00684436-0.0025675j -0.000734233-0.0020938j 0.0107991+0.00138338j -0.0015526+0.00301369j 0.00226943+0.0038582j 0.00647495+0.00125701j 0.00379269+0.0043821j 0.00697773-0.0019069j -0.0102403+0.000200765j -0.00581196+0.000691404j -0.00139045+0.00017156j -0.00144701-0.000496511j 0.0114046+0.000944784j -0.00204543-0.00175736j 0.00137972+0.00272077j 0.00107092+0.000654624j 0.0031331+0.00286456j -0.00319587-0.00405099j 
-0.00534841-0.00410105j -0.0070023-0.00162616j 0.00500221-0.00218598j -0.000849857+0.00371104j 0.00153354-0.00248595j 0.0136321+0.00497424j 0.000106013+0.00378027j -0.00509265+0.00742388j 0.00466608+0.0040241j -0.00423878-0.0072041j -0.00834251-0.0052238j 0.00240579-0.00494352j 0.00815408+0.0160934j -0.00672017+0.00688359j 0.00860928-0.00985776j -0.00322272+0.0124752j -0.0027065+0.00519322j -0.000528807+0.0155269j -0.0125453-0.0040303j -0.00186088+0.00616965j -0.00620743-0.00325604j 0.00478688+4.45099e-05j 0.00567207+0.00411422j -0.000797223-0.000874889j -0.00283861+0.00586884j -0.0075878-0.00824778j -0.00428176-0.00331074j 0.0053199-0.00385843j -0.0160272-8.54489e-05j 0.00720973-0.00393397j 0.00096236-0.00417308j 0.00523947+0.0126338j -0.003106+0.00125528j 0.0120674+0.00798442j 0.00322019+0.00611241j -0.000202015-0.00438718j -0.00237749-0.00441223j 0.00939939+0.00140468j 0.00162055-0.00611599j -0.000524482-0.00743248j 0.000175644+0.00445316j -0.0102281+0.00251425j 0.0053238-0.00482317j -0.000939283+0.00874975j -0.00372845-0.00100818j 0.00721531-0.00468543j -0.00320791-0.00256347j -0.0013637+0.00520831j 0.00233158+0.00297824j 0.0065411-0.00138702j 0.00513188-0.00309855j -0.00962869-0.0048657j 0.00118701+0.0070011j 0.00111299-0.00913198j 0.00361864-0.00931783j 0.00383905-0.000399029j 0.00652838+0.00849134j -0.00269278-0.00177865j -0.000417032-0.00207017j -0.00704413-0.0045401j -0.00235221-0.00490677j 0.0103465-0.00258732j -0.000343699-0.00799789j 0.00045179+0.00850721j -0.00763182-0.0023401j 0.00442806+0.00223608j 0.00315589+0.0146649j 0.00175404-0.000506751j 0.00584295-0.00577691j -0.00360005+0.000808712j 0.00697328+0.00653912j -0.00597228+0.000205676j -0.001833+0.00498412j 0.00308345-0.00500476j 0.00393153+0.00296502j 0.00668422-0.00259053j 0.00669324-0.00744315j 0.00323137-0.00732128j -0.00479505-0.00592719j 0.000794632+0.00704497j -0.00494569+0.00482683j 0.00393737+0.00145487j 0.00320564-0.00428464j -0.00255528+0.00182195j -0.00404339-0.00552921j -0.00202639-0.00559919j 0.00669951+0.00185287j -0.000294605-0.00440261j -0.00503916+0.00613202j 0.00374111+0.0020239j 0.00148521+0.00399353j 0.0017565-0.00496742j 0.00807956-0.00252834j -0.000740207+0.00302657j -0.00855938-0.00216034j -0.000463548-0.000682303j 0.00251686-0.000139816j 0.00689013+0.00223494j 
-0.00464557+0.000642599j -0.00897466-0.00191374j 0.00342406+0.00148401j 0.00613569+0.00239879j 0.000910844+0.00246529j -0.00779337+0.000527419j -0.00409141-0.00478728j 0.0143427+0.00433857j 0.0025583+0.00170218j -0.00389049-2.16079e-05j 0.000258436-0.00223409j -0.0142442-0.00272689j 0.0190762+0.0114211j 0.00422443+0.000627082j -0.0156256-0.00486371j 0.0145614+0.00661406j 0.00406708+0.00303247j 0.0192652+0.010864j -0.00131868-0.000855145j 0.0150441+0.0114408j 0.00480677+0.00514387j -0.00251143-0.00199607j -0.00620066+0.00488887j 0.00797155+0.00288969j 0.00226764+0.00619669j 0.00130645-0.000707476j 0.00590926+0.00172304j -0.00112532-0.00611689j 0.0107667+0.0144771j -0.00421255-0.0102733j -0.000807629-0.003483j -0.00483753-0.000734559j -0.000449049+0.0107365j -0.00495636-0.00972383j -0.00187103-0.00485846j 0.00209629+0.000297522j -0.00181626+0.00122187j -0.00255436-0.0122592j -0.000922439+0.0013882j -0.000468076-0.00731642j -0.00605715-0.0034001j -0.00651579+0.00432909j 6.6237e-05-0.00339183j 0.000289134+0.00573304j -0.00560198-0.00509029j 0.00150469-0.00276726j 0.000737154-0.000924969j -0.00722977-0.000534j -0.00611712-0.00919963j -0.00228074-0.00286926j 0.00675106+0.00221896j -0.00393874+0.001362j -0.00072918+0.000360488j 0.00513271+0.000153969j 0.00737047+0.00498758j 0.00113596+0.00422839j -0.00262823-0.00197596j -0.00464961-0.00273865j -0.000728246-0.00230084j -0.00299292-0.0148883j 0.00302163-0.000896159j 0.00851664+0.00921994j 0.00945475+0.000244781j -0.00456497-0.00426215j -0.0060026-0.00888369j -0.000867713+0.00140203j -0.00179982-0.0130372j 0.00766169+0.00523554j 0.00323034+0.00811849j -0.00472706-0.00728412j 0.00393797+0.00606376j -0.000978984-0.00619951j -0.00331534-0.00140326j 0.00169231+0.00441197j -0.00139117+0.0030348j 0.00604569+0.00481674j 0.00253026+0.00769668j 0.00303958+0.00326782j -0.00057411-0.00340597j 0.000477037-0.000205557j 9.58387e-05-0.00423667j 0.00204609+0.00253669j 0.00119784+0.00662343j -0.00540414-0.000808445j -0.00285269-0.00463552j -0.000556835+0.00271904j 0.000361089+0.00462038j -0.00170607+0.00659931j -0.00129981-0.0104871j 0.000434265-0.00169191j -0.00274258-0.00242107j 0.00440961+0.000434804j 0.000568839+0.0074901j -0.00201885-0.00336596j -0.00207596-0.00198245j 0.000607657+0.00110681j -0.00065307-0.00175411j 0.00289912+0.00384224j 
-0.0032105+0.00202951j 0.00203539+0.00268901j -0.00471984-0.00670417j 0.00148438-0.00659253j -0.00205225+0.00390209j -0.000359168+0.00939554j -0.00105001-0.00508259j 0.00247097+0.0100453j -0.00322481-0.00309563j 0.000365725-0.000778537j 0.00619747-0.00166026j 0.00216632-0.000897429j -0.00815037+0.00795751j -0.00592136-0.000554367j 0.00427965+0.000114135j -0.00704291+0.00889703j -0.00469056+0.00664924j -0.013971+0.0136738j 0.00355751-0.0155763j 0.0054138-0.0122298j 0.000945803+0.00989125j 0.000623052+0.0112768j -0.0111093+0.0125384j -0.00128638-0.0138846j -0.000498463-0.00282401j -0.00623177+0.00442795j 0.00162121-0.00107072j -0.00136732+0.00167236j 0.000800135+0.00121042j 0.00228052-0.00358765j -0.00438777+0.0027922j -0.00227072+0.00708567j 0.00549709+0.00409829j 0.00218354-0.00516249j -0.00553517-0.00263942j 0.00634727-0.00182469j -0.0125699+0.0145475j -0.00591987+0.00896461j 0.00601563+0.00706376j 0.00228192+0.00568916j 0.0111878-0.00833164j 0.00410984-0.0101727j -0.00168297+0.000435836j -0.00275125+0.00392739j 0.000360821-8.26128e-05j 0.00388566-0.0119344j -0.00100385+0.00577385j -0.00138666+0.00415386j 0.00593802+0.00120708j -0.00572558+0.00535737j -1.03856e-05-0.00262031j -0.00257927+0.00154568j 0.00250094+0.00116567j -0.00187082+0.00541032j 0.00329534-0.00146793j -0.00280562-0.000635002j 0.00632464-0.00318696j -0.00508694+0.000513449j 0.00113383-0.00120938j -0.0127786+0.00681011j -0.00490883+0.000810247j 0.00283341-0.00462325j 0.0146687-0.0010228j -0.0107433+0.00159431j 0.00339689-0.000494344j 0.00502794-0.00352969j 0.0137745-0.00319915j 0.00891091-0.00386528j -0.00172916-0.00109941j -0.00285068+0.00144318j 0.00186701-0.00114167j -0.00260315+0.00939357j -0.00596698-0.00413574j -0.0121524-0.000682897j 0.00105791+0.000513041j -0.00156197-0.00475402j 0.00926608-0.00315685j -0.00360372+0.00454006j -0.00547253+0.000908082j 0.00540146+0.000566244j -0.00258178-0.000140141j -0.00035733-0.000525448j -0.00191134-0.00121302j 0.00050275-0.000877221j 0.000387787+0.0028695j 0.00420651+2.37143e-05j 0.0034931-0.00434312j -0.00939784+0.00130643j 0.0020267-0.00183313j -0.0128141+3.39486e-05j 0.0035127-0.00079668j -0.00104019+0.00212842j -0.0056043+0.00125808j -0.00947735+0.000820615j 0.0065348-0.00136729j 0.00648625+0.000650584j -0.00473213-0.00117165j -0.000841366+0.000935511j 
-0.00189359-0.00206128j 0.00859559-0.000328467j -0.0153742-0.001581j 0.00340863+0.0037944j -0.0041287-0.00463991j 0.00803865-0.00408247j -0.00548859+0.00275326j 0.0108953-0.00396774j -0.00493882-0.00479366j -0.00418748-0.000206393j -0.00151316-0.00123685j 0.00415055+0.00372588j 0.0125014-0.00250427j 0.00296859-0.000445094j 0.00172754+0.00159831j 0.0185092+0.0023033j 0.0112035+0.00460079j 0.0159314+0.00527684j -0.0195727-0.00803631j -0.00932325-0.00928038j 0.00584349+0.000780634j 0.00518441+0.00305282j 0.00975066+0.0106237j -0.0128363-0.0013945j 0.00028084-0.00344297j 0.00836477+0.0127996j -0.00132231-0.00223601j -0.000821612-0.00263339j -1.66755e-06-0.00344597j -0.00633769-0.00311278j 0.000233917+0.00804328j 0.0090171+0.00298782j 0.00076586-0.00472616j -0.00626389-0.0064329j 0.0013002+0.00424565j -0.00303994-0.00307335j 0.00668227+0.00829605j 0.00018488+0.00256163j 0.00284459-0.000417955j 0.00288116+0.00307066j 0.00574446-0.00242644j -0.00282629-0.00500361j 0.003954+0.0062731j -0.00225813-0.0044151j -0.00554708-0.00326255j 0.00719749+0.00913864j -0.00412954-0.00312881j 0.00543813+0.00417577j 0.000792391+0.0040535j -0.00180621+0.00100054j -0.00168771+0.00314679j -0.000665978-0.00609155j 0.0019998-0.00273688j -0.00221729+0.00202555j -0.00139197+0.0037419j -0.00270112-0.000148536j 0.00275497+0.00173155j -0.00166817-0.0067049j 0.00049093+0.00328489j -0.00557596-0.018391j -0.00267707-0.00597709j -0.00123755+0.00228427j 0.00274079+0.0125297j -0.00500585-0.0124736j 0.00230595+0.00176172j 0.00145205+0.00619334j 0.000759298+0.0115962j 0.00255308+0.00893635j -0.000855145-0.00100273j 0.00165325-0.00316715j -0.00314271+0.00229381j -0.00362766-0.00167902j 0.00340408-0.00532459j -0.00182044-0.0106535j -0.00231024+0.0011358j -7.80949e-05-0.000651371j 0.00176+0.0105938j -0.00470563-0.00151663j 4.91144e-06-0.00292321j -0.00183968+0.00199087j 0.00164578-0.00330135j -0.00174877-0.000724308j 0.00276583-0.00186444j 0.00092875-0.000209446j 0.00123854+0.0031057j -5.10244e-05+0.000848928j 0.00131235-0.000443196j 0.000890574-0.00915547j -0.000386712+0.00259806j -0.000176811-0.00788173j -0.0007898+0.00130233j -0.00265+0.000604512j -0.00194823-0.00427567j 0.000560359-0.00447119j 0.00284026+0.00596138j -0.00188598+0.000973486j 0.000744463-0.000671733j -0.00225066-0.00387405j 
0.00199836+0.00415797j -0.00131208+0.0049499j -0.00255016+0.00077222j -0.00189194+0.00476742j -0.00496927+0.00203286j -0.00361442+0.00223728j -0.00064176+0.00297228j -0.00103697+0.000292437j -0.00249914+0.000866067j 0.00264337-0.00124979j 0.00389037-0.00137813j 0.00133748-0.00343174j 0.000849257-0.00159892j -0.00146835-0.0007618j 0.0049997-0.00147463j 0.00376749-0.00501364j -0.00358698+0.000897206j -0.00647986+0.00244447j -0.00147545-0.00123148j -0.000850956-0.00052009j -0.0045472+0.00372437j 0.00299302-0.00232492j -0.0148088+0.00187603j 0.00506017+0.0077043j -0.00858059-0.00208169j 0.00768264-0.00642254j 0.0051031-0.00039711j 0.00896273+0.00081191j -0.0072894+0.000453622j -0.00628346+0.00199501j -0.0182111+0.00112926j 0.0032772-0.00607554j -0.00882665-0.00620795j 0.00215524+0.00324761j -6.2709e-05-0.000507758j 0.00132433+0.000215873j 0.0104697+0.00637294j 0.000439528-0.00240065j 0.00810595-0.00381593j -0.00606702+0.00547353j -0.00278496+0.00165793j -0.00511227-0.00308616j -0.0142752-0.00213945j -0.0136881+0.00120504j -0.0120835-0.00384378j -0.001312+0.000963415j -0.00604731+0.00275088j -0.00305244+0.00246849j 0.00427797+0.00033082j 0.00491808-0.00192054j -0.00371557-0.00174603j 0.000182219+0.00676591j -0.000871203+0.000249438j 0.00129268+0.00198831j 0.00170552-0.00312522j 0.00114747-0.00218875j -0.00157621+0.00294912j 0.00341858+0.00222793j -0.0015044-0.00166516j 0.00326074-0.000198134j 0.00230965+0.002942j -0.00430793-0.00185936j 0.00436171-0.0073633j 0.0016866-0.0114972j 0.00219852-0.00219145j -0.000117787-0.00176139j 0.00532078-0.0072337j 0.00352727-0.00505179j 0.00731026-0.00637351j -0.00473198+0.00141955j 0.00452897+0.00212066j -0.00580177-0.00775737j 0.00058519-0.00246673j 0.00353247-0.0109209j -2.48394e-05+0.0119234j -0.00258245+0.0049672j -0.00817051-0.008122j 0.00192456+0.00210147j 0.00220551+0.0210087j -0.00702297-0.0036732j 0.00302565+0.00236456j 0.012144-0.00852831j 0.00356805-0.000279874j 0.000237082+0.00366041j 0.00358728+0.000566987j -0.00660226+0.00498496j -0.00322385-0.00933056j 0.00154547+0.00292735j -0.0005768-0.00545339j -0.00278638-0.0145847j 0.001817+0.0109333j -0.00171944+0.00303422j 0.000737703+0.0101707j -0.008177+0.0132996j -0.00985089+0.006415j -0.00257545-0.0145994j -0.00171343-0.0135687j -0.00453221-0.00750274j 
-0.000691069-0.00361887j 0.000585628+0.00378315j 0.000381184+0.00114766j -0.00298707-0.00207686j -0.00173342-0.00449762j 0.00248387-0.00209438j -0.000434999+0.00121249j -0.00169704+0.00252753j -0.00514125-0.00257418j 0.00367127+0.00290848j 0.00255557-0.00431839j -0.00568739+0.00267142j -0.00506703+0.00369785j -0.00714803+0.00455623j -0.00299294+0.00330997j -0.00532821+0.00300696j -0.00149664+0.00243543j 0.00550903-0.00155135j -0.0127644+0.00348608j 0.00496435-0.00655043j 0.00265799+0.000180083j 0.00244344-0.00143661j 0.00416801+0.00189797j 0.000881725+0.00164741j -0.00542773+0.00224391j 0.0100688-0.00254402j -0.00637976-0.00519377j -0.016412-0.00506744j -0.00325602+0.00242792j -0.000279608+0.00450629j -0.00218047+0.00350003j -0.00464038+0.00241153j -0.013293+0.00496018j 0.00295651+0.00228657j 0.0135901+0.00389441j -0.00158736-0.00202027j 0.00341178+0.00167042j 0.00134357-0.00140164j -0.000352805-0.000642322j 0.0191903-0.00401286j -0.00389779+0.000549444j 0.0109445+0.00275563j -0.00191169-0.00764256j 0.000848091+0.00213463j -0.00477985-0.00112497j -0.00986385+0.000405224j -0.0106724-0.00176195j 0.00328304+0.00136487j -0.00467376+3.74971e-06j 0.00117926-0.00216746j 0.00502277+0.00376078j -0.00198488+0.00393249j -0.000935293+0.00620703j 0.00142906+0.00256082j -0.00251203-0.00352579j 0.000687176-0.00520376j -0.00316904-0.00283718j -0.0034688-0.00398312j 0.0020858+0.00684001j -0.000193342+0.0044694j -0.00162525-0.000410076j -0.00031176+0.000943932j -0.00500517-0.00179707j -0.00523997-0.00778373j -0.00176014+0.00703473j 0.00161871-0.000600853j -0.00359736-0.000624016j -0.00246841-0.011558j -0.00330514+0.00886342j -0.00032516+0.00338362j 0.00324534-0.0119471j -0.00506422+0.00972889j 0.00376921+0.00320521j -0.000753904-0.00559652j 0.00616834+0.00220125j 0.00613338+0.00390983j 0.00884524+0.00922273j 0.000548404-0.0125033j -0.00094026-0.00127011j 0.0108324-0.0144503j -0.00268281+0.00618498j -0.000794731+0.00527428j 0.000557348-0.00104992j 0.00475848-0.00370483j -0.00487928-0.00151698j 0.000433384+0.00403594j -0.00399279-5.46384e-05j 0.00318312+0.0123625j 0.00318394-0.0181629j 0.0104055+0.0103495j -0.00255856-0.00291488j -0.0019725-0.0115863j 0.00615189-0.0118472j -0.00340943-0.00658673j 0.00155464+0.00866957j -0.00271019-0.00327268j -0.00479767-0.0123058j -0.00172668+0.0153959j 
0.00507361-0.00665735j 0.0029584-0.0069908j 0.00534971-0.00101168j 0.00631741-0.00459972j 0.00372981-8.10484e-05j 0.00146482-0.00270922j -0.000508346-0.00212375j 0.00191957+0.000716723j 0.00155377-0.000747545j -0.000334462-0.00191611j -0.000643669+0.00300013j -0.000232231+0.00467428j 0.00414362+0.00127928j -0.00142343+0.00146608j -0.00536422+0.00135852j -0.00318272+0.00290503j -0.000434256-0.000165111j 0.00353411-0.00849211j 0.00351258-0.00211701j 0.00729839-0.00469515j 0.00306594+0.000136758j 0.00730271-0.00566634j 0.00605836-0.00809889j -0.00648132+0.00588886j -0.00571376+0.00494444j -0.0119725-0.00196987j -0.00884682+0.0107399j -0.00731631+0.0169072j -0.000334437-0.000869735j -0.00956045-0.000167046j 0.00467478-0.00560249j 0.0111954-0.000548251j 0.00928643-0.00021619j 0.00838882-0.00322305j -0.0029605-0.0109751j -0.000632205+0.00734815j -0.0065868-0.00749797j -0.00417445-0.00360404j -0.00383521+0.0033124j -0.0107542-0.00674283j 0.00897014-0.0046845j 0.00700746-0.00511542j -0.0102183-0.00048218j -0.00301313+0.00606911j -0.00759961+2.23213e-05j -0.00444071+0.00515402j 0.00472391+7.87755e-05j -0.000808255-0.00636471j 0.0012957+0.00373837j 0.00610349+0.0104776j -0.00713972+0.00761987j -0.0028734-0.00382484j -0.00906057-0.00197277j 0.00228686+0.00101353j 0.000460894+0.000318815j -0.00451939-0.00735634j 0.00953241+0.00103687j -0.00119815-0.00575683j -0.00248473+0.00594511j -0.00176706+0.00715359j 0.0065191+0.00231346j -0.00752218+0.00750272j 0.00414669+0.00395534j 0.00224849+0.00082105j 0.00166029-0.00298602j -0.00448616+0.0090488j 0.000550373+0.00138536j -0.000129596-0.00166962j -0.00187165+0.00244193j -0.00264711-0.000484029j 0.000516763-7.26075e-05j -0.00762978+0.00228749j 0.00435071-0.00372849j -0.000218945+0.00184819j -0.00806779+0.00709957j -0.00322301+0.00240578j -0.00163763-0.00256861j 0.00376328+0.00201027j 0.00587452-0.00236743j -0.005315-0.000283557j 0.0026579-0.00210429j 0.0102646-0.00426679j -0.00069413-0.00363625j 0.00372226-0.00770247j 0.00423265-0.00537304j 0.0026096-0.000953821j 0.00180047+0.00324762j 0.00202417+0.00159385j 0.000443777-0.00425242j 0.00121191-0.00192609j 0.00563271+0.0127611j -0.000337563+0.00537932j -0.000240271-0.00171043j -0.0139582+0.00169416j -0.000390623+0.00302343j -0.00973975-0.0100435j 0.00711722+0.00781214j 0.00862726+0.0136084j 
8.28416e-05-0.00503989j -0.00502008+0.0065071j -0.000432837+0.00287892j 0.00298451-0.00317916j 0.00151418-0.00226802j 0.00760094-0.00307087j 0.00579286-0.00188276j 0.00166441+0.00265031j -0.00558141+0.00387791j 0.000568137-0.00117298j -0.00189843-0.00289989j -0.00385217+0.00372463j -0.00394838-6.4446e-05j -0.000402063+0.000753614j -0.00186952-0.00208682j -0.00185481-0.00439516j 0.00153983+0.00253942j -0.00198147+0.00351973j -0.00741496+0.00846588j -0.00424842+0.00979899j 0.00412091+0.00524425j 0.00539229+0.00393745j 0.00128824+0.00860697j 0.00146927-0.0117j -0.00737782+0.00470265j -0.00297056-0.0111315j -0.010579-0.00398311j -0.0118002+0.00204589j 0.00757438+0.00580058j 0.00373237-0.000323166j -0.0015799+0.0121739j -0.0103593-0.00788744j -0.000950122+0.00124232j 0.00366192-0.00480782j -0.00517932+0.00145882j 0.0038665-0.00617382j 0.0169412-0.00769542j -0.00912954-0.00166124j -0.00816512-0.0090648j 0.0140611+0.00843274j 0.00500776+0.00196227j -0.000723118+0.00355982j -0.00292978+0.00342794j 0.014149+0.0119525j 0.00736067+0.0074127j 0.0010819+0.00886534j -0.000836088+0.00652076j 0.00239059-0.000535822j -0.006709+0.00295474j -0.0108008-0.00606621j -0.00188259-0.00302847j -0.000306307-0.000746009j -0.00243587-8.88458e-05j -0.00285131-0.00318014j 0.00268381+0.00170616j 0.00512555-0.00591761j -0.00376827-0.000708576j 0.00272721-0.00380203j -0.000835298+0.000624936j 0.00415996-0.00146251j -0.00403916-0.00297466j -0.00638649+0.000341524j 0.00601082+0.00479373j 0.00342987-0.0030701j 0.00610371-0.00308526j -0.00107296+0.00203213j 0.00526672+0.00650629j -0.000240994+0.000242834j 0.00846318+0.00234725j -0.00084383-0.00451745j -0.00690586+0.00348896j 0.00103196+0.000706121j -0.00174073-0.00274943j 0.00580841-0.0041291j -0.00519461+0.0054651j -0.00804773-0.0028015j -0.0177851-0.0034687j 0.00508026+0.00175251j 0.00336782-0.00191877j -0.00967761+0.00691036j -0.00336652-0.00109268j -0.000498364+0.0009229j 0.00696763+0.00164979j -0.00361318-0.0033601j 0.0092394-0.00498334j -0.00219725-0.00102382j 0.00138956+0.00606097j -0.000457948-0.0107081j 0.00477208+0.00633003j -0.0147044-0.00988967j -0.00272357+0.00628394j -0.00236943+0.00179416j 0.00130111+0.00335654j 0.00666182+0.00780647j -0.00109096-0.00201023j 0.00549836+0.000203044j -0.0094417-0.00597911j 0.00295148+0.00798481j 
0.00077149-0.00150935j 0.000576755-0.00263882j 0.00329225-0.00772312j 0.00267074-0.00331371j -0.00101458+0.000185013j -0.00062049-0.00227893j 0.00124566-0.00201128j 0.0030188-0.00352895j -0.0077306+0.00750512j 0.00456772-0.00254983j -0.0014588-0.00339755j 0.00473837-0.00157113j 0.00459029+0.00395267j 0.00391305+0.0067112j -0.000470314+0.00392701j 0.00569762-0.00240924j 0.000995019+0.000300593j -0.00332214-0.0046543j -0.00268812+0.0151221j -0.00416062+0.0016482j -0.00708005-0.00352978j -0.00360899+0.00233219j 0.00379888+0.00175527j 0.0072759-0.000712178j 0.00158808-0.000150619j 0.00406043+0.00399415j -0.00259349+0.00793718j -0.0107566+0.00636245j -0.00128106-0.00143638j 0.00630701+0.00888393j -0.0027879+0.00493413j 0.0128474+0.00296143j 0.00536284+0.0126868j 0.00395167-0.011038j 0.00371028-0.00448269j 0.0044841+0.00434006j 0.000777195+0.00540031j -0.00652654-0.00718443j -0.00296904-0.00383197j -0.0064463-0.00630284j -0.00825692+0.00358463j -0.00770431-0.00382852j 0.00292792-0.00711208j 0.00525662+2.03187e-05j 0.000763584+0.000754354j 0.00768619+0.00469809j 0.00754157+0.00536257j -0.00667096-0.00244505j 0.0016219+0.00362392j 0.00263188-0.00254025j -0.00705135-0.00304855j -0.00411102+0.00609534j -0.00788953-0.00100013j -0.0093431-0.00200421j 0.00658475+0.00152591j -0.00725569-0.00261093j -0.00647831-0.000867396j -0.00216824+0.00262042j 0.00222529-0.00200064j -0.00178084+0.000691318j -0.00471556-0.00711121j 0.00725254+0.00196044j -0.00446257-0.0084782j -0.0012842-0.00627868j -0.00559502-0.00178368j 0.00275883-0.00705848j -0.000827983-0.00295029j 0.00473925-0.00493505j -0.00240739-0.00259106j -0.0040347+0.00242988j 0.00907929-0.000323993j -0.00516788-0.00134182j 0.00443796+0.00412219j 0.00642099+0.000666816j 0.00753693-0.00524572j 0.00599804+0.00101043j 0.0159755-0.000574184j 0.00248473-0.00198109j 0.000995598+0.000794286j 0.00157442-0.000125177j 0.00174475+0.000861892j -0.00147074-0.00156151j 0.000514724+0.00398154j 0.00720361+0.00644968j 0.00345524+0.00927665j -0.00483585-0.0022726j -0.00864298-0.0139847j 0.00877232-0.000197464j -0.00351172-0.000863996j 0.007976-0.00593876j -0.00129411-0.0154385j 0.000820907-0.00332305j -0.00121707+0.00109088j 0.00208856+0.00646561j 0.0103283+0.0047485j 0.00487361+0.0108703j 0.00231542-0.00239649j 0.00274837-0.00593356j 
-0.000764389+0.00163611j -0.00425287+0.00385997j 0.000698444-0.00122885j -0.00304167+0.00529749j -0.0049068+7.4128e-05j 0.00268764-0.000644986j 0.000733651+0.00179637j 0.000988403+0.00153568j 0.000158571+0.00201217j 0.00134592-0.00371524j -0.00270523+0.00299917j 0.000893149+0.0016441j 0.00103735-0.00195314j 0.0020768-0.0036976j 0.00104498-0.00290965j 0.00342834-0.00479384j 0.00121688+0.00164271j -0.00175278-0.00215081j 0.00430359-0.00329151j -0.00522091+0.00839751j -0.00221639+0.00570972j 0.0109413+0.00629175j 0.0111539-0.00621024j -0.0153805-0.0028547j 0.00162785-0.00334664j 0.0117216-0.0153835j -0.0038328-0.0014188j -0.0100137+0.00927411j 0.00206194+0.00464922j 0.00399153-0.0115745j 0.0112569-0.00747522j 0.0157793-0.00604833j 0.0137274-0.000779165j -0.0115006+0.013391j 0.00952192-0.00676473j -0.00339468-0.0010764j 0.00462539+0.00065798j -0.000758423-0.00644131j 0.00241762-0.000575813j -0.0180587+4.76769e-05j 0.00508369+0.00629481j -0.00207236-0.00182352j -0.0122162-0.0113999j -0.0068501-0.0173347j 0.004687-0.000814988j -0.0042434-0.000339022j -0.00761358-0.00443255j -0.00646512+0.00141537j 0.00125284+0.00381481j -0.00587525-0.0033929j 0.00229646-0.0023303j 0.00381271+0.00455667j 0.000889317+0.00261121j 0.000771157+0.00204833j 0.00517572+0.00236838j 0.00451471-0.00665944j -0.000836736-0.0019597j -0.000115267-0.00179397j -0.0051191+0.000260044j 0.00466059-0.000383473j -0.00319625+0.00105092j -0.00128457+0.000850521j -0.00098098+0.00277087j 0.00323855-0.00170082j -0.00338181+0.00519656j 0.00185078-0.00573763j -0.0018988+0.00160794j -0.00456525+0.000918339j -0.00652843+0.00174344j 0.00385252-0.003149j -0.00738799-0.000982134j 0.00587058-0.00140867j -0.00387973+0.000597594j -0.00263781-0.0033315j -7.4943e-05-0.00170402j 0.00186319-0.00339769j -0.00490759+0.00327042j 0.00276619+0.00299521j 0.00355297+0.00293515j 0.00127517+0.00564166j -0.000207269+0.0025443j 0.00783705-0.00028132j -0.000552245+0.000891871j 0.00365153+0.0030038j -0.00479876-0.00168339j 0.00458419+0.00538014j 0.00261742+0.00113746j 0.00168859+0.0029661j 0.00170611+0.000666431j 0.00273995-0.00712194j 0.00315795+0.000211004j -0.00497694-0.00546155j 0.002584+0.000837884j -0.00601263-0.00313324j -0.00402092-0.00884028j 0.0136393+0.00978674j -0.00564302-0.00465661j -0.00386392+0.00163023j 
-0.00219438+0.000724443j -0.00246822-0.00125133j -0.000383759-0.0060308j -0.00286503-0.0026262j -0.00185731-0.00367054j -0.000718927-0.00396808j -0.00278483-0.00106211j 0.000329069-0.0034757j 0.00247518+0.00781501j -0.00229233-0.00362673j 0.00441984+0.000224005j 0.00213439-0.00192992j -0.00337484+0.000167663j -0.00839678-0.00385861j 0.000471139+0.00808409j -0.000516771-0.00139479j -0.0039479+0.00126562j -0.00482127+0.00407891j -0.00298533+0.00377854j 0.00546342+0.000979246j 0.0133502+0.00431971j 0.00445631-0.00496782j -0.00665332-0.00571718j -0.00831569+0.000284422j 0.00991155+0.00944429j -0.00411431+0.000793946j 0.00799005+0.00444j 0.0178099+0.0176094j 0.00673232+0.00537481j -0.00554565+0.00172983j -0.00249302+0.00214373j -0.0106794-0.00886288j -0.00626901-0.00832069j -0.00417121-0.00046628j -0.00442667-0.000460802j 0.00260301-0.00452074j -0.0068701-0.00672802j -0.00635636+0.00409611j -0.00133807-0.000605185j 0.0043303+0.02051j -0.0074781-0.00140186j 0.00113048+0.00127938j 0.00369078+0.0030819j 0.00379208+0.00126401j -0.000470062+0.00544709j -0.000887743+0.00186557j -0.0014686-0.00521358j -0.0115188+0.00227154j 0.0108194+0.000702086j 0.00401055-0.000348035j -0.000518304+0.00701919j 0.00167125+0.00560133j -0.0070566+0.00941951j -0.00284427+0.00855428j 0.00558887-0.00164394j -0.00468131-0.00139245j 0.00143556-0.00182858j 0.000668661-0.0014706j -0.00544081-0.00110092j 0.00657356-0.000994308j 9.90291e-05+0.00124465j -0.002215+0.00259654j -0.00183306+0.000923286j -0.00222777-0.00244311j -0.00272962+0.0043294j 0.00218152-0.00596303j 5.06991e-05+0.0020466j -0.00764963-0.00102631j -0.0107834+0.00421217j 0.00212071-0.0014553j -0.00482169-0.000911563j -0.00125503+0.00342089j 0.00172425-0.001026j -0.00539954-0.00418523j 0.0064099-0.00225595j 0.00434903+6.48336e-05j 0.00921543+0.00170637j 0.00848375-0.00136763j 0.000532225+0.00304943j 0.0168485+0.00344741j -0.00320589+0.0054521j 0.00465675+0.00462834j -0.00334216+0.00426436j 0.0044061+0.00554085j -0.0117305-0.00460324j 0.00201485+0.00320429j -0.00973858-0.00223963j 0.00155082+2.22111e-05j 0.000856142-0.00346186j 0.00966355-0.0029524j 0.0056788+0.000922822j -0.00497569-0.00805229j 0.00758459+0.0051823j -0.00681373+0.00341082j 0.00845508+0.000411903j 0.00390136+0.00670423j -0.00355844-0.00486698j 0.00361909+0.00122952j 
-0.00223344-0.00156138j 0.000506103+0.00295796j -0.0034065+0.00492191j -0.00154631+0.000185338j 0.00192199+0.00270902j -0.00258367+0.00104366j -0.000944101-0.00302466j -0.00184608+0.000252416j 0.00271102+5.70708e-06j -0.00162801-0.00453121j -0.00125784+0.00380616j 0.000914639+0.0016151j -8.76839e-05-0.00603528j 0.00461782-0.0111564j -0.000838042-0.00360375j -0.00385184-0.00494192j 0.00225901-0.00469785j -0.0022619+0.00394381j 0.00657947-0.00111775j 0.00373047+0.0072841j -0.00576757+0.0126043j -0.000553128-0.0021158j 0.000426082-0.00410233j 0.00408033-0.0043159j -0.00662093+0.00479946j -0.00188147-0.00706279j 0.00192403+0.00543958j -0.000868088+0.00777162j -0.0046452+0.000112794j 0.00570274-0.00687771j -0.00192869-0.000953451j -0.00564866-0.0192674j 0.00356354-0.0106881j -0.00250425-0.00266248j -0.00263517-0.0019111j 0.00212657-0.00237455j 0.00981103-0.00679851j -0.00448443+0.00614282j -0.0017184+0.00479016j 0.00307175+0.00484153j 0.00802221-0.00357152j -0.000921201+0.00837793j -0.0154103+0.00804088j -0.00241957-0.00329677j -0.00257119-0.000723333j 0.000238816-0.00681515j -0.00127329-0.00321227j 0.00595351+0.00135423j -0.006879+0.00200438j -0.0039814+0.00169343j 0.000831515+0.00319467j -0.00300132-0.00203952j -0.00119162-0.000342786j -0.00568987-0.00168046j 0.00304594-0.0021646j -0.00516175+0.00427113j -0.00208384+0.00264646j -0.00432624+0.00251909j 0.00332911+0.000853813j -0.0130303+0.00156681j -0.00825278+0.00621614j 0.0132016-0.000904066j -0.0072247-0.00423326j -0.00736569+0.00241816j -0.0133865+0.00432473j 0.00128255+0.00391169j -0.002234-0.00151766j 0.000694038-0.00182092j 0.00461778+0.00254575j -0.00834668+0.00326009j 0.0153582-0.00411734j -0.00526635+0.00109996j 0.00960933+0.00317056j 0.0055225+0.00278388j -0.00105271-0.000510727j 0.00668412+0.00197734j 0.0227494+0.00278382j -0.00554894-0.00311975j -0.0101544-0.00291395j 0.0100127-0.00508424j 0.00333142+0.00143556j -0.00520902-0.00229242j -0.00464024-0.00497349j 0.00159603-0.00450415j 0.00229665+0.000829695j -0.00309579-0.00264445j -0.0107679-0.00064716j 0.00583948+0.00282788j -0.00640567-0.00031955j 0.00344764+0.00898938j -0.00540533-0.00273378j -0.00043902+0.00353972j -0.0070118-0.00386713j 0.00561789-0.000651984j -0.000230056+0.00238683j -0.00415021-0.00696132j -0.00480627-2.18384e-05j -0.000136732-0.000727501j 
-0.000399486-0.00184861j 0.00435851+0.00174573j 0.00511384+0.00389783j -0.00310346+0.000246725j -0.00573292+0.000365271j -0.00279383-0.00265356j -0.00186015-0.00464958j 0.0027111-0.000288496j 0.00387899+0.00201498j -0.00202963-0.00213838j -0.0018558+0.000729959j 0.00725661+0.00233972j 0.00123078+0.0073422j -0.00611619-0.0026415j 0.0011573-0.00159708j -2.17758e-05-0.00371953j 0.000791145-0.00353239j 0.0060976+0.00604922j 0.00643686+0.00700619j 0.00837299+0.0045151j 0.00636113-0.00477579j 0.00535708+0.00247915j 0.00538208+0.00522837j -0.0168167-0.00485651j 0.00956644-0.0012408j -0.00843876-0.000354225j -0.00307893-0.000534233j 0.00697313-0.0017197j 0.0056668-0.0065158j -0.00468623-0.00733938j 0.00550677+0.00413875j -0.00415211+0.0192904j -0.00488142+0.00300493j -0.00140671-0.000230173j 0.00730029+0.0076637j -0.0110344-0.00470752j -0.00866907-0.0165425j 0.00358978+0.0081204j -0.00108208+0.00621305j 0.0102473-0.0200519j 0.000956193-0.00400496j -0.000684252+0.000613243j -0.00451665-0.00529383j 0.0082147-0.0164085j 0.00449047-0.00674797j 0.00452392-0.00151283j 0.00258115-0.00137382j -0.00302203-0.00260847j 0.00106633+0.00748775j -0.00691627+0.00687799j -0.0043298+0.000726829j -0.00501377+0.00248053j -0.00427698-0.00218369j -0.00663555+0.00353184j 0.00524847+0.00133517j 0.00419383-0.00692956j -0.00657758+0.00496072j 0.00104837-0.00355898j -6.02024e-05+9.08064e-05j -0.00664528+0.00199178j -0.00637271+0.00102026j -0.00269258+0.00398626j 0.000410788-0.00506965j 0.00105808-0.00313419j -0.00064504-0.00298577j 0.000173285-0.00109031j 0.00760984-0.00395725j 0.00363051-0.00231276j 0.0124726-0.00790156j -0.0104027+0.00204561j 0.00688942-0.000357183j -0.00451473-0.00169886j 0.0075951-0.000295734j 0.00815432-0.00351982j 0.00475365+0.00228613j -0.00142605+0.00132894j 0.00308116-0.0017638j -0.00169634+0.000138996j 0.00306121+0.00432939j -0.0112974-0.00179287j 0.0069595+0.00278108j 0.011335-0.000446125j 0.00758206-0.000101304j 0.0046099+0.00308789j 0.00829723+0.00278964j -0.00999662+5.17909e-05j -0.0021035-0.00128104j -0.0068694-6.19646e-05j 0.00454889-0.00130824j -0.00631567-0.00377532j 0.0050456+0.00204157j 0.00342174+0.00445752j 0.00698551+0.00603746j 0.00620342+0.0043459j -0.00229119-0.00343885j -0.00152477-0.00328249j -0.00506213+9.92161e-05j -0.00476188-0.00261356j 
-0.00106289+0.00540525j 0.00164539-0.00297756j -0.00147665-0.00182731j -0.000986003-0.00329463j 0.00324612-0.0115909j -0.000121187+0.00159115j -0.00357072+0.00130113j -0.0025576+0.00388153j -0.00315198+0.00303699j 0.00295447+0.000769202j -0.000347448-0.00131877j -0.00401548+0.00225236j -0.00350886-0.00414691j 0.00436579-0.0107093j -0.0030452+0.00993251j 0.00181898+0.00770361j -0.00272611+0.00158981j -0.00438573+0.00125573j 0.00450621-0.006514j -0.00106221-8.50643e-05j -0.00160656+0.0132034j -0.00518261+0.00760578j 0.004995+0.00124687j 0.00945913-0.018786j -0.00579415+0.0135043j 0.0138653+0.00559869j 0.0105255+0.00393885j -0.0128546+0.01056j -0.00651406+0.00586448j 0.00803088-0.00386918j 0.00858325+0.00436597j -0.000565587+0.004679j 0.00552288-0.00140089j -0.0139863-0.000904813j 0.00454569+0.00907264j 0.0040067-0.00304433j 0.00586291-0.00648817j 0.0041183+0.00261819j -0.00118872-0.00237807j -0.0105514-0.00738291j -0.00468787+0.00302292j 0.00670305-0.00176698j 0.0136551-0.00619952j 0.00448526-0.00324507j -0.0104316-0.000984011j 0.00338433-0.00793765j 0.00542615-0.00069964j 0.000440301-0.00794692j -0.00142562-0.000535339j 0.00896913+0.0018862j -0.000315137+0.0022473j -0.00651369+0.000366399j -0.00212433+0.00209042j -0.000902847+0.00199572j -0.00321308+0.000723694j 0.00418983+2.79508e-06j -0.00464755+0.000336369j 0.00406361-0.00469378j 0.00741777-0.00143421j -0.00218925+5.98275e-05j 0.00345875-0.00223201j -0.00867435+0.000325938j 0.00299554-0.00344628j 0.00171425-0.00239586j 0.00932711-0.00162783j -0.00154078-0.00263363j 0.00479457-0.000861556j 0.00718067-0.00138648j 0.00488333-0.00233278j 0.0039046-0.002257j 0.000250261+0.000265976j -0.00404904+0.00378369j 0.000337212-0.00160771j 0.000925904-0.00120712j 0.00486962+0.001182j -0.00291183-0.00328941j -0.00453424-0.00422409j -0.00176098-1.33683e-05j 0.000668097+0.0028893j -0.0129565-0.00159385j -0.00578677+0.00217622j 0.00772836+0.00376199j 0.00233833+0.000213992j 0.000617274+0.00190636j 0.00173891-0.000683336j -0.00712401-0.000377929j 0.00179752+0.00372791j -0.00800715-0.00160954j 0.00175644-0.00470932j -0.00187038-0.00499687j -0.00288965+0.00260328j 0.00358585-0.0025479j 0.00562869+0.00454443j -0.00331162-0.00184236j 0.00502553+0.003651j -0.00993326-0.000846333j 0.00390448+0.000361548j -0.00277123-0.000963827j 
0.00314038-0.00359029j 0.00146248+0.000564829j 0.000550462+0.00385495j 0.00127585+0.000639255j -0.00151842+0.00501024j 0.00148807-0.00136826j 0.00235428-0.00130041j -0.0018731+0.00083619j 0.00413929-0.00146357j -0.00161069-7.99612e-05j 0.00234804+0.00281513j -0.0109146-0.000951894j 0.000899819-0.00330832j -2.41851e-05+0.00201752j 0.00721322-0.00134194j 0.00129796-0.000746251j -0.00813683+0.00356232j -0.00237716+0.00269587j 0.00688987+0.000371513j 0.00748377-0.00280947j 0.00077228+0.000343199j -0.0030798-0.00594146j -0.00620125-0.000286716j 0.00533585+0.00681112j -0.000118154-0.00626576j 0.0006562+0.00291683j 0.00437152-0.00178397j -0.00415091-0.00753453j 0.0164105+0.00196748j 0.0102119+0.00428415j 0.00666028+0.00577801j 0.00454063-0.0102675j 0.0120707-0.00128043j 0.0047164+0.00998745j -0.000508809-0.00380624j 0.00669909+0.0104543j 0.00453094+0.00797649j -0.00633819-9.91505e-05j -0.00426366-0.0103908j 0.00468742+0.00314875j 0.00675283+0.00535684j -0.0021913-0.0101325j -0.00178386+8.3357e-05j -0.00420741+0.00321868j 0.00200585+0.000329385j -0.00292837+0.00242673j -0.00390872+0.00189169j -0.00324229+0.00259498j 0.00937545-0.00213484j -0.00234269+0.00483635j 0.00446797+0.00560543j -0.00464933-0.00284721j 0.00343659+0.00035609j -0.00341644+0.00562383j 0.000939298-0.0035012j 0.00769958-0.000984514j -0.0163034+0.00597235j 0.00490277-0.00363638j 0.0138842-0.00552291j -0.00377483+0.00292401j -0.00694583-0.00229908j -0.0102354-0.00148285j -0.00521968+0.00339432j -0.0055612-0.000973988j 0.0116309-0.00690331j -0.00118707-0.0014874j -0.00036688+0.00594855j 0.00998707+0.00309707j -0.00599973-0.000512955j 0.00478481-0.00140166j 0.0061448+0.000488479j -0.00572542-0.00223269j 0.00178903-0.00196797j 0.00289723+0.00139782j 0.0257547-0.000236171j -0.0058392+0.0031112j -0.00307313-0.00589043j -0.0135659+0.00130829j -0.000983637+7.8096e-05j -0.0150634-0.00608427j -0.0112561-0.000115658j -0.00131521+0.00563191j 0.00520806+0.00606603j -0.000861603+0.000904003j -0.000166106-4.31839e-05j -0.0123646-0.0145804j -0.000904543-0.00118972j -0.00728922-0.00630027j 0.000300107-0.00881202j -0.00618776-0.00258481j -0.0108263-0.00457407j -0.00412034-0.00980206j 0.0121894+0.00767457j 0.00200684+0.0014067j -0.0030542-0.00120089j -0.000488083-0.00101015j 0.00086224+0.00584409j 0.00319236+0.00368351j 
0.000411148-0.00100751j -0.0022434+0.00395334j 0.000784385+0.0023301j 0.00246853-0.000488702j 0.00201676-0.00353263j -0.000531069+0.00134672j -0.00312824+0.00299368j 0.00113962-0.00105572j -0.00384406+0.00101011j -0.00326028-0.000492282j -0.00573106+0.00443778j 0.00839727-0.0109221j -5.65437e-05-0.00158959j -0.00435372-0.00105684j -0.00230338+0.00438367j 1.50846e-05+0.00424091j -0.00923514-0.0124042j 0.00143388-0.00407733j -0.00116197+0.00961687j -0.00108733+0.00754558j 0.00336381+0.00558729j 0.00158672-0.00649643j 0.00228842-0.00356617j -0.00812034+0.00621323j -0.00641274-0.00593352j -0.00952284+0.00512184j 0.007686+0.00969775j -0.00375916-0.0103383j -0.00319251+0.0190302j -0.00839396+0.00927993j -0.0107775+0.00380452j 0.00599548+0.00527221j -0.00288704+0.00360034j -0.00863017+0.000375395j 0.00371719+0.00575487j -0.00416604+0.0140243j -0.010058+0.00487273j 0.00108358+0.00683692j 0.0143567-0.00161332j -0.00359226+0.00256502j -0.00829689+0.00488504j 0.0121977+0.0055387j -0.00220974+0.00587772j -0.0042715-0.00293912j 0.00352139+0.000856936j -0.000182997+0.000205139j 0.00472848-0.00157353j 0.00156321-0.00405311j -0.00869588+0.00448723j -0.000294416-0.00115138j -0.00220371-0.00404185j 0.0059321-0.0041531j 0.00419417+0.00162696j 0.00366882-0.0033473j 0.00862354-0.00159433j -0.00250552+0.00144232j 0.00267245+0.00119853j 0.00233035-0.00390086j 0.0163274-0.0031724j 0.00240354+0.000204784j 0.00355403+0.0019745j -0.00599409-0.0011736j -0.00230009-0.000689094j 0.00562616-0.00434544j -0.00325975-0.000133179j -0.00705177+0.0062499j 0.00270705+0.00369931j 0.00745022+0.00236394j 0.0022537-0.00412961j 0.0192568-0.00377301j 0.0112601+0.000125005j 0.00115286+0.00118716j -0.00144352-0.000120042j -0.00223007+0.000218988j 0.00343051-0.000250228j -0.00606564+0.0004535j -0.00171279-0.000227818j 0.00206729+0.000369685j 0.0025286-0.00108821j -0.0071717-0.00351397j -0.0101856-0.00162815j -0.0062728-0.00125186j -0.00911261-0.00624327j 0.0103288+0.00965895j 7.36585e-05+0.00431774j -0.00933833-0.00344967j 0.00626319+0.00424686j 0.0060121-0.00134543j -0.00494975-0.0074958j -0.0045573-0.00180299j -0.00234916-0.00447331j 0.0114427+0.00595389j -0.00631703+0.00297327j -0.00215418-0.00399136j 0.000132489+0.000732334j 0.00243932+0.00206803j -0.00434953-0.00163681j -0.00051756+0.000902205j 
-0.00542632-0.000435497j -0.00198464+0.00128155j -0.00570716-1.88562e-05j -0.00451985-0.00222384j 0.00446922+0.00315893j -0.00477786-0.00209637j -0.00442182-0.00201422j -0.00550355-0.00498401j 0.00372755-0.000893594j -0.000308921-0.000309354j 0.00175702+0.00161229j -0.00343552-0.00450133j 0.00411525-0.00727931j 0.00833129+0.00720452j 0.00176482-0.00682777j -0.00583436-0.00252937j -0.00148645-0.000732358j -0.00434144+0.000693012j 0.0149691+0.00922822j -0.00172363-0.0012604j -0.0111695-0.00555119j -0.00118732-0.0090982j -0.000784769+0.00387226j 0.00683507+0.00518735j -0.0057285-0.00968471j 0.00918893+0.0107292j -0.000311951+0.00756463j -0.0031215-0.0129772j -0.00416457-0.00564036j 0.00931643+0.00777879j 0.00538967+0.0121227j 0.00287019-0.00212923j 0.0047891+0.00455729j -0.0108543-0.0139692j -0.0021789+0.00474391j 0.000810456+0.00339039j 0.00479974+0.00474936j -0.00419487+0.00727978j -0.00434466+0.00250727j 0.00775698-0.00690437j -0.00148497+0.0037623j 0.00346895+0.00637346j -0.00546607-0.00181322j 0.00842476-0.00725636j -0.00189417-0.00261167j 0.00121764-0.00570668j 0.00141284-0.00934316j -0.0025531+0.00507395j 0.00623161-0.00278823j -0.00135353+0.00465552j 0.00119089+0.0082293j 0.00325191-0.00282308j -0.00188266+0.00781435j -0.00482186+0.00293063j 0.00182077-0.00387234j -0.00980673+0.000956202j 0.00786547-0.00271655j 0.00194132-0.00266317j -0.0102183+0.00406734j 0.0125421-0.00310938j 0.00344754+0.00429581j -0.0065587+0.00582753j 0.0123064-0.00247356j 0.00651655-0.00128922j -0.00518792+0.00307885j 7.69487e-05+0.00214164j 0.00566465-0.0010152j -0.00811295+0.00191349j -0.00727486+0.00147142j 0.000708769+0.00103487j -0.00533386+0.000567722j -0.00206081+0.001956j -0.00324414-0.00303273j -0.00120002-0.00555387j -0.0111269+0.00434619j 0.00265319+0.00347568j -0.00322204+0.00171809j 0.0120318-0.00157372j -0.00152936+0.00165143j 0.00904565-0.000365214j -0.00286867+0.0023775j 0.0156023+0.00157371j -0.000274502-0.00440544j 0.00382989-0.001142j -0.00331342-0.0061248j 0.00152458+0.00356767j -0.00476111+0.00146152j -0.0032577+0.00154317j 0.00266248-0.00266251j -0.00136673+0.000114166j 0.00706268+0.00592815j -0.003396-0.000852962j 0.00273773+0.00251428j -0.00247073+0.00120168j 0.00213435+0.00160648j -0.00468197-0.00541197j -0.0060924-0.003353j 0.00274126-0.000199653j 
-0.00238049+0.000573946j -0.00123414-0.000900904j -0.000350017-0.00437743j -0.00126262-0.000699618j -5.15685e-05+0.00230211j -0.00190429-0.00150467j -0.00448544+0.00190564j -0.000268507-0.00153783j -0.000275309+0.000430931j -0.00292029+0.000391241j -0.00172237-0.000700144j 0.00342529+0.00634202j -0.00336739+0.00266858j -0.00387621+0.0098575j 0.00455877-0.0154564j 0.00254009-0.00234497j -0.00520856+0.01276j 0.00530443+0.00273733j 0.00609502-0.00440957j -0.00422131-0.00401814j 0.00918203-0.00853754j -0.0112764+0.011088j 0.00203226+0.00780576j -0.00532348-0.00245676j -0.00888182+0.00497036j 0.00953493-0.00899454j 0.0101816-0.00754698j -0.0131803+0.0125154j 0.0130387-0.0137706j 0.00928006-0.0125364j 0.0053553-0.010061j -0.000551675+0.00359468j 0.000397713-0.0060903j 0.00639615-0.00991344j 0.0058266+0.000193403j 0.0203461-0.00393519j 0.00680936-0.00874198j 0.00487654+0.0058888j -0.0121127+0.00608145j 0.0019511-0.00353838j 0.00632694-0.00230227j -0.00391004+0.00300649j -0.00471196+0.00119416j 0.000135853-0.000395896j 0.00289199-0.00154613j 0.000834125+0.000172745j 0.00518989-0.00411488j -0.00276896-0.000408689j -0.00237362+0.000732695j 0.00553704-0.00431179j 0.000643186-0.00134911j 0.0078621+0.00162516j 0.00295719+0.0014495j 0.00117772+0.00114952j 0.00829761-0.00227949j -0.0057535+0.00212567j 0.0047106+0.00109591j -0.00135131-0.000404951j 0.0135043-0.00393748j 0.00532685+0.00143291j 0.00494284+0.00105276j -0.00544868+0.000674401j 0.000121254-0.00209003j 0.00483241-0.00425447j -0.00812112+0.00348603j -0.00447302+0.00384752j 0.00382321-0.00133083j 0.00284992+0.00227393j -0.00358291-0.000719018j 0.0176942-0.00180253j 0.0100748-0.00174702j 0.000236275+0.00208927j 0.00210011+0.00145665j -0.00264317+0.00189335j -0.00208923+0.000576539j 0.000400649-1.80908e-05j 0.00212902+0.00201524j 0.00700179-0.000993572j 0.00146957-0.00129624j -0.00253118-0.00160936j -0.00940585-0.00283547j -0.000114875-0.00394602j -0.010594-0.007247j 0.0115363+0.00713829j 0.000798756+0.00170603j -0.00551973+0.00245491j 5.1477e-05+0.0024101j 0.00653623+0.00262827j -0.00774669-0.00607565j -0.00256241-2.12478e-05j 8.49082e-05-0.000815738j 0.00174287+0.00416078j -0.00565658-0.00192963j -0.00297275-0.00197804j 0.00287957+0.00176514j 0.00170271+0.000454826j -0.00080831-0.00374502j 0.00066621-0.00119415j 
0.000737138-0.00204081j -7.46559e-05+0.00192138j -0.000255305+0.00199681j -0.00180491-4.80994e-05j -0.00215908-0.000513966j 0.000310391-0.0014389j 0.00385947+0.00250415j -0.000501215+0.00163322j 0.000588531+0.00412273j -0.00123367+0.00701335j 0.00114583+0.00982046j -0.00160169-0.0141908j 0.00135203+0.00545352j 0.00327343+0.00149717j -0.00347154+0.00458725j 0.00395741-0.00763279j -0.00516906+0.0135519j -0.00275371-0.007893j 0.00748968-0.00286345j 0.00430253+0.00612113j -0.00265486-0.00633192j -0.00222663+0.0107759j 0.0053422-0.00753914j 0.00268393+0.011791j -0.00810492+0.0196895j -0.00562428+0.0116062j 0.00785486-0.0219442j -0.00296971+0.00826972j 0.00946074-0.00420379j -0.000155268+0.0072176j -0.00627025+0.0097211j 0.015755-0.00780958j -0.00387835+0.00843985j -0.00989138+0.000814363j 0.0125658-0.00758053j 0.0126818-0.0124468j -0.00704916+0.00606067j 0.0143702-0.0034061j 0.00667971-0.00762948j -0.000947174+0.00655917j 0.000704081+0.00388013j 0.00507562-0.00439579j -0.000876435-0.00087603j 0.00267926-0.00291767j -0.00119291+0.000111676j -0.000659956-0.000748778j -0.00435793-0.000915618j 0.000980378-0.00100329j -0.00210018+0.00120268j -0.00402829-0.000624407j -0.005483+0.00353609j -0.00391873-0.00618436j 0.00180148-0.001439j 0.00245604-0.00203911j 0.00490276-0.00349987j 0.000163055-0.000209807j 0.00572665-0.00479657j -0.00155922-0.000665114j -0.0015889-0.000789498j -0.00795876+0.000749933j -0.0011272+0.0024982j 0.00392391+0.000112074j -0.00235717-0.00143627j -0.00219558+0.00125085j -0.00331344-0.000347912j 0.00199701-0.000444669j 0.00132424+4.57985e-06j -0.00287103-0.00205328j 0.00580314+0.00113202j -0.00427819+0.000615046j -0.00264437-0.00273674j -0.0017877-0.00148158j 0.00766604-0.00213452j -0.00205383-0.00147866j -0.00795011-0.00130383j -0.00309821+0.00290826j 0.00348433+0.00121162j -0.00190369+0.000646502j -0.00213072+0.000383359j 0.00183972+0.00126216j 0.00290883-0.0013923j -0.000159429+0.000922475j 0.0020962+0.00232087j -0.00110671-0.00367348j 0.00301471+0.000612424j 0.00153504-0.000143225j 0.00531343+0.00260927j 0.00302805+0.000458234j -0.00239149+0.00244079j 0.00181171+0.00351813j 0.00403182+0.00384674j 0.00041629-0.00173909j 0.00375933+0.00279584j 0.000583538+0.00253043j -0.00264953-0.00287699j -0.000619169-0.00188004j -0.00214139+0.00145356j 0.000804606+0.000284067j 
0.000272394-0.00113228j -0.000704446+0.00258286j -0.000325205-9.98246e-06j 0.00199585-0.00416937j 0.0013718-0.003484j -0.00170854-0.00228166j -0.003554+0.0112726j 0.000807082+0.00176853j -0.00119981+0.0035717j -0.00137548+0.00466648j 0.00220238+0.00633954j 0.000557824-0.0110595j 0.00390565-0.00434854j -0.00603494+0.0119071j -0.0011651-0.0115503j -0.00522216+0.00354452j 0.00190983+0.00349761j -9.10492e-05-0.0014043j 0.0030449-0.00392396j -0.000439446+0.00278086j 0.00659736-0.00954157j 0.0028173+0.0115521j 0.000736018-0.00386816j -0.00166353+0.00134911j 0.00709108+0.00416389j 0.0109669-0.00438734j -0.00583324-0.00136865j -0.001763+0.0104717j -0.00354347-0.00190469j 0.00239569-0.00970869j -0.00747592+0.00267721j 0.000398289-0.0101115j 0.00582388+0.00169079j -0.00510881+0.000386351j -0.00750597-0.00450605j 0.00569132-0.0135825j 0.000342069-0.000300609j -0.000316989-0.00589329j 0.00435504+0.00497591j -0.00647787+0.0020726j -0.000356171+0.00225919j 0.0161323-0.000993135j -0.00123673+0.00950652j -0.00800664+0.000544284j 0.00338311-0.000402984j -0.00109004-0.000924428j 0.0130536-0.0074491j -0.00129101-0.00833789j -0.00281776+0.00522231j 0.00348639+0.000495706j -0.00111886-0.000787169j 0.00152411-0.000904248j -0.00215042+0.00336008j -0.00487144+0.000194553j -0.0130744+0.00251083j -0.00139967+0.00127826j -0.0116755+0.00904646j 0.000343875-0.000585227j -0.00214138-0.000538228j 0.0119424-0.00304345j -0.00304565-0.00258271j -0.00136956+0.0014297j 0.00445596+0.00191373j 7.71155e-05+0.00157024j 0.00745765-0.00129457j -0.000715988+0.00109351j -0.00703133+0.00499206j 0.0167056-0.00171616j -0.00941212-0.0021021j -0.00844189+0.00394613j 0.00576437+0.00248299j 0.00238914-6.28041e-05j -0.0157208-0.00226176j 0.0120832-0.000719837j 0.0117689+0.000391539j 0.00476729+0.000957736j -0.00572345-0.00311314j -0.00457764-0.0039386j 0.000765807+0.0034314j -0.00412387-0.00195236j 0.0115357+0.00502989j -0.00379013+0.00353826j 0.00351894+1.72284e-05j -0.000238765-0.00475332j 0.000201966+0.000429469j -0.00189531-0.000376962j -0.00983571-0.00933471j -0.00986767-0.0018682j 0.00118317+0.00429162j -0.00117744-0.00261459j -0.00661993-0.00309197j 0.00745683+0.00315209j -0.00580134-0.00151514j -0.00101403-0.00137355j 0.00334701+0.00272271j -0.00121749-0.000179943j -0.002725+0.000148782j 0.000668051+0.000630181j 
-0.00187608+0.000697364j 0.000878985-0.000194042j -0.0019482+0.00126241j 0.000148453+0.000804798j 0.00688573+0.00274591j -0.00198351+0.000610286j 0.00379367-0.00158865j -0.000439391-0.00201894j -0.000997981-0.00165333j 0.00282067+0.0031746j 0.00338471+0.00168763j 0.00369935+0.00237387j 0.000339259+0.000208564j 0.01531+0.00509277j -0.0182158-0.00240309j -0.00412396-0.00389124j 0.0133867+0.00119549j -0.000665311-0.0022469j -0.00699617-0.00691234j -0.00187153+0.00201641j -0.0156069+0.000816529j 0.0120013+0.0101594j 0.00479986-0.00255236j 0.0028739+0.00535532j 0.00128853+0.00770343j -0.0129419-0.0066032j -0.0114651-0.00396316j 0.0100149+0.00647449j -0.0138642-0.0164175j -0.0128888-0.00832639j -0.00351873-0.00208399j -1.69876e-05-0.00611228j -0.00433784-0.00538598j -0.00461428-0.00702252j -0.00153614-0.00341515j -0.0131599-0.0137995j -0.0083963-0.00802362j -0.00244476-0.00143854j 0.00174222+0.00779449j -0.000612402-0.00192014j -0.00626705-0.0109648j -0.00592284+0.00538668j 0.00324928+0.00489321j 0.00102803+0.000441629j 0.000291181-0.00287006j 2.14639e-05+0.00190859j -0.00513938+0.0016643j -0.000733697+0.00545929j 0.00707014-0.00326319j -0.00119082+0.00107874j 0.00363715+0.000453734j 0.00332267-0.00224105j 0.00330187+0.000155648j -0.00243899+0.00739615j 0.00607768-0.00375334j 0.00457722-0.00195797j -0.00422698+0.00422822j 0.00179354-0.0021683j 0.00995221-0.00786043j 0.00699837-0.000296284j 0.00121695+0.000539443j -0.0103595+5.50509e-05j 0.00183198+0.000821718j 0.00037886-0.00290597j 0.00549457-0.000311254j -0.00418088+1.68501e-05j 0.00448558+0.0021533j 0.00766281+0.00137662j -0.00502192+0.000232773j 0.0162966-0.00300883j 0.00124776-0.000754104j -0.00368574+0.000442287j 0.00482594-0.00071574j -0.00364086-0.00187311j 0.0179493-0.000912228j -0.00205009+0.000678983j -0.00165159-0.00285615j 0.00163234+0.00157025j -0.00120503+0.00114912j -0.00815645-0.00264981j -0.0143095-0.000528602j -0.00122088+0.00168476j -0.001628+0.00284009j 0.00538715+0.00749285j -0.00485317-0.00153501j -0.00792582-0.00419112j -0.000117024+0.00144547j -0.00172474-0.00144311j 0.00115489-0.00430992j -0.000481864+0.000190015j -0.00340325-0.00279669j -0.00303791-0.00350951j 0.00884664+0.00426357j -0.000132045+0.000478539j 0.000838161+0.00019701j 0.00221143+0.00105516j -0.00060324+0.000271833j -0.00119945-0.00030143j 
0.00144881+0.00205617j 0.00187292-0.00175602j -0.000405393+0.00124035j 0.00139224-0.000588945j -0.00168629-0.00490382j 0.00253566+0.000906659j -0.00104052+0.000970379j 0.000757755+0.0034599j 0.00183536-0.00712065j 0.00381528-0.00529225j -0.00282008+0.011764j -0.00711868+0.00713292j 0.00202242-0.00601573j -0.005136-0.00287189j 0.0109835+0.00321123j 0.000419142-0.00608108j 0.00686247-0.00375173j -0.00615288+0.0110551j -0.0088481+0.0106024j 0.00177488-0.00216668j 0.00945566+0.00248371j 0.00441063+0.00414091j -0.00156231-0.0103638j 0.00424459+0.00258166j -0.000187285+0.0130125j 0.0111092+0.00654256j -0.0049128-0.00547458j 0.0148963-0.00994336j 0.0123794-0.00740865j 0.0148759-0.00423582j -0.00646261+0.00829912j 0.0061398-0.0110134j -0.00321662+0.00199432j 0.0104018+0.00221595j -0.00519246-0.00333941j -0.00530263+0.00115846j 0.00560527+0.00313491j -0.00494604-0.0062115j -0.00313497-0.00163103j 0.00249931-0.00278622j 0.00370428+0.00118979j -0.00124122-0.0037871j 0.0035965-0.00377164j -0.00320753+0.00372871j -0.00573931+0.000929545j 0.00148836-0.00489684j 0.00857924-0.00062807j 0.0037276-0.00604271j -0.00551235-0.00138665j 0.00254486+0.000847432j 0.0104509-0.00807159j 0.00826602-0.00345454j -0.00163624+0.0022035j -0.0116276+0.00458691j 0.00414192+0.00179893j 0.00383616-0.00074633j 0.00093324-0.000851416j -0.00681941+0.00147956j -0.00258139+0.000500209j -0.00136242-0.000129486j 0.00879539-0.00563574j -0.0039177+0.00163322j -0.000222941-0.00340077j -0.000160436+0.00128098j -0.0122266+0.00320186j -0.006391+0.00229293j 0.0103609+0.00247451j -0.00703707-4.52561e-05j 0.00393729-0.00366753j 0.00861082-0.00254583j 0.000897092+0.00336382j 0.00538533+0.00116826j 0.00589867+0.00387593j 0.00282833+0.00227595j 0.000998335+0.00157732j 0.0123908+0.00312903j -0.00516575-0.00351954j 0.0130133+0.000994219j -0.013417-0.00515036j -0.00334375-0.000675825j -0.00685679-0.00277968j -0.000257305-0.0022686j -0.00588145-0.00122347j 0.00698882+0.00220992j -0.00288523-0.00218791j 0.00678564+0.0019692j -0.00470021-0.00165637j -0.00366393+0.000486027j 0.00147959+0.00111094j -0.00704098-0.00407197j -0.00464747-0.000421045j 0.00151517+0.00172892j -0.00559767-0.00392475j 0.00145262-0.00223213j 0.000724708+0.0023985j -0.0054811-0.00151827j 0.00383038+0.00192399j -0.00133538-0.000382035j 
0.000503879-0.00148935j -0.00557699+0.00124452j -0.00310544-0.000956056j -0.00131137+0.000392452j -0.00436963+0.00135681j -0.000536341+0.00345989j -0.00114711-0.0021589j -0.00016907-0.00326431j 0.00616678+0.00681635j 0.00211197+0.00019497j 0.00491306-0.00619717j -0.00409179-0.00357425j 0.00795893+0.007378j -0.00255638+0.00171264j 0.0100129+0.00789549j -0.00505409-0.000184468j 0.00788235+0.00145489j -0.00176389-0.000272809j 0.000528238-0.00558844j 0.00282807-0.00393853j -0.0019143+0.00144038j 0.00936869+0.00338228j -0.00579982-0.00332197j -2.78496e-05-0.00447471j 0.023198+0.00620156j 0.0104748+0.0018893j -0.0140068-0.00273629j 0.00778598+0.00773799j -0.00881723+3.06778e-05j 0.00358941+0.00830678j 0.00991441-0.00252889j -0.00446541-0.00422306j 0.00851843+0.00938673j -0.00634717+0.000862074j -0.00528747-0.0106495j -0.0113427-0.00419652j -0.00270745+0.0119387j -0.00195076-0.0103206j -0.00490069-0.00250378j 0.00633904+0.00750893j 0.00206858+0.00711642j 0.00245706+0.000958681j -0.00888907-0.00663932j 0.00296996-0.00310663j 0.00305898+0.00390214j 0.000691888-0.00208617j 8.1835e-05-0.0027865j -0.000317286-0.000209897j -0.00487469+0.00260387j 0.00735336-0.0064335j -0.00989698+0.00834743j -0.00195309-0.00203152j 0.000383077+0.00108415j 0.0119725-0.010059j 0.00218311-0.00301961j 0.000679317+0.00101511j 0.0016126-0.00384634j -0.000963132-0.000947382j 0.0159803-0.00318997j -0.00530626+0.00194491j 0.00114961+0.00108329j 0.00102124-0.00267228j -0.00305381+0.000808942j 0.00115309-0.000972306j 0.00404897-0.000171001j -0.00704792+0.00702646j -0.00212503-0.00201987j 0.0116411+0.00162692j 0.00398118-0.000579882j 0.0114663-0.000512627j 0.0108171-0.00437575j -0.00243296+0.00259021j 0.00288239-0.00206371j -0.00357319+0.00242087j -0.0109495+0.000848276j -0.00852372+0.000424547j -0.00360484+0.0010596j -0.00775868-0.00264481j 0.0054775-0.00258664j -0.0100018-0.00688603j -0.00430223-0.00273813j -0.00175607+0.000391638j -0.00374231-0.00633746j 0.00268143+0.000920564j 0.00811403+0.00428315j -0.0064702-0.0025922j 0.00746779+0.00404646j 0.00843894+0.00339338j -0.00493623-0.00332871j -0.00215128-9.68036e-05j 0.00477716+0.00227152j 0.00416756+0.00286526j -0.0074198-0.00308858j -0.00146098-3.93553e-05j -0.00161671-0.000147609j -0.0026155-0.00192495j -0.00202601-0.00295495j 0.00441373+0.00234652j 
0.000230284-0.00246643j -0.00274468+0.000905695j 0.000439855-0.00238087j -0.00186747+0.000574156j -0.000277892+0.000124664j -0.00221954+0.00389402j -0.000205573+0.00336735j -0.00168166-0.00357711j -0.000871964+0.00681269j -0.00379606+0.00273053j 0.000801873+0.00174191j -0.000556096+0.00204391j -0.00264989+0.00534992j -0.000325276+0.0181439j -0.00614326+0.00512859j 0.00332184+0.00554478j -0.00304902-0.00545808j -0.00115719+0.00806687j 0.00956181-0.00520509j 0.00381443-0.00188478j -0.00680745+0.0044394j -0.0178992+0.017998j 0.0031176-0.00363263j -0.00539842+0.00412587j -0.0128507+0.00678974j 0.00576266-0.0121423j 0.00471616+0.0100412j -0.00690548-0.00100375j 0.0104286-0.00108661j 0.0073218-0.000954122j 0.00739786+0.00052529j 0.0090592+0.00549649j 0.00102151+0.0011065j 0.000112157+0.000160332j -0.00716383+0.00993539j -0.00767205+0.00658404j -0.00418817+0.00509372j -0.00660939+0.00580372j 0.00835275-0.00140397j 0.00142511+0.0042997j -0.00244943+0.00194265j 0.00394975-0.00123098j -0.00469173+0.00155715j 0.00161334-0.00355931j 0.00447129-1.65941e-05j 0.00213238+0.00223086j -0.00420954+0.00137827j 0.00459253-0.00235784j 0.000495087-0.00316374j 0.0122418-0.00396885j -0.00921039+0.00766999j 0.00482401-0.00493574j -0.00495332+0.00620916j 0.00056678+0.0016014j 0.00342427+0.00262744j 0.0147817-0.00715088j -0.00317341-0.00156894j -0.00977976+0.00606385j -0.00133009+0.000412181j -0.00341248+0.000477899j 0.000977575-0.00182294j 0.00840442-0.00534295j 0.00318607-0.000324275j -0.0114046+0.00149325j 0.00444963+0.00304204j -0.00502214+0.00238033j -0.00414335+0.000361117j 0.0166695-0.000759016j 0.00269196+0.000678774j 0.00127156+0.00262377j -0.00660448-0.00181509j 0.00170279+0.00171962j 0.014151+0.000171906j -0.00634588-0.00169509j -0.0011414-0.000679722j 0.00605782+0.00103358j -0.00736658-1.20643e-05j 3.5588e-05+0.000596637j -0.00894786-0.00340969j -0.011401-0.00425978j 0.00814102+0.00239102j -0.00429179+0.000427805j 0.0063256+0.00553108j 0.000790296+0.00166473j 0.00312861-0.00082544j 0.00714058+0.00365983j -0.00535986-0.00213653j 0.00409827+0.00411132j 0.00517483+0.00268798j 0.00300186+0.00160891j 0.00885813+0.00343505j -0.000491112-0.000451017j -0.000699514+0.000338318j -0.00147048+0.00216293j -0.00199045-0.00262194j 0.00317096+0.000552321j -0.00204981-0.0012686j 0.00303582+0.00121071j 
-0.00235817-1.00807e-05j 0.00150314+0.000507092j 0.00630404+0.00266004j 0.00514873+0.00509547j 0.00322145+0.000585063j -0.00371214+0.00501716j -0.00543121-0.0102354j 0.00137781-0.00401079j -0.0109973-0.000829773j -0.00366634-0.00224747j 0.0115725-0.0013495j 0.010422+0.00177659j -0.0084152+0.0109974j -0.00374394-0.0121953j -0.0040918+0.00576403j -0.00873823-0.00710119j -0.00330618-0.00203891j 0.00244477+0.00725395j 0.0108199+0.00166309j 0.0056687+0.000260809j 0.00207763+0.0107043j -0.00940104-0.00161612j -0.00293793-0.00301152j 0.00435427+0.00124812j 0.00230004+0.0158302j -0.00155615+0.0112175j -0.00585046-0.00268839j -0.0213098-0.0069851j -0.00386706-0.00994797j -0.00239069+0.00196904j 0.0125494-0.00381806j -0.00418526-0.00587418j -0.00347632+0.00925549j 0.000968484-0.00188698j 0.00617265-0.00895065j 0.00216827+0.00820384j -0.00600603+0.00629951j 0.00685054+0.00350398j -0.000166834-0.000508335j 0.0020244-0.0118026j -0.00476184-0.00617057j -0.0026313+0.0109359j -0.00200797+0.00476738j -0.00445674-0.00220324j 0.00865993-0.00373175j 0.00298231+0.00285142j -0.000409791+0.00829939j 0.00249191+0.00294037j 0.000818996+0.0018722j 0.00137941+0.00423928j -0.00186291-0.00744515j 0.00373582+0.0016015j -0.00132029-0.000627914j 0.00417165+0.000221419j -0.00227285+0.000654448j 0.0012619-0.00487801j -0.00504615+0.00147806j -5.96143e-05-0.000963281j -0.00217308+0.00362909j 0.00971437-0.00403778j 0.00399197-0.000963364j 0.000702331-0.00231802j 0.00227938+0.00193669j 0.00148368+0.00145807j 0.00669655+0.00144729j -0.000204588-0.00151678j -0.000564495-0.000925745j 0.00207668+0.00252625j -0.00456896-0.00302459j 0.000973603+0.00181561j -0.00369801+0.000191108j 0.00443397-2.37879e-05j -0.0105952+0.0005676j -0.00161214-0.00174764j 0.00359151-0.00056167j 0.00557952+3.23971e-05j -0.00524028+0.00224077j 0.00472262+0.000697928j 0.00722825+0.0046708j -0.00016004-0.00127332j 0.00673243+0.00212388j -0.00436353+0.000160663j -0.000379736-0.000214755j 0.00173502+0.00337812j -0.0015464+0.00199955j 0.00108241+0.00391338j -0.00136022-0.00714907j -0.000579166-0.000843961j 0.00252981+0.00205601j 0.00253049-0.00128373j 0.00286801-0.00630001j 0.00189765+0.00465797j -0.00381021-0.00200433j -0.000132986-0.0023418j -0.000602072+0.00194802j 0.00833147+0.00469887j -0.00242679-0.00160312j -0.00282841-0.000898023j 
-0.000589267+0.000986706j -0.00390023+0.00102797j -0.00752903+0.00423806j 0.00293122+0.000302592j 0.00447569+0.00499059j 0.00293323+0.0064955j -0.00459647-0.00658592j -0.00305568-0.00447132j 0.00797401+6.24144e-05j -0.00059441-0.000466698j -0.0158628-0.000895845j 0.0071726-0.000562103j 0.00774581+0.00520248j -0.00298395+0.000603437j 0.0108437+0.00645202j 0.00570817-0.00475457j 0.000186419+0.00313286j -0.00283151-0.00500201j -0.0065617-0.00674726j -0.00563651-0.00072081j 0.00188169+0.0131148j 0.000397217+0.00614316j 0.011375-0.00258114j -0.00768425+0.000481136j -0.011351+0.00139324j -0.00664448+0.00741958j 0.0071943-0.00347859j 0.00854769+0.00841567j 0.0041749+0.00517322j 0.00660827+0.014578j -0.00420037-0.012212j 0.0175108+0.000955855j -0.00492655-0.000309j 0.000407971-0.00547095j 0.010791-0.00858935j -0.000465962+0.0103315j -0.00492381+0.00134456j 0.000664003-0.00293822j -0.00784239+0.00454164j 0.00162623+0.00101365j -0.00117597+0.0040448j 0.000328098+0.0103722j -0.00551-0.00311365j 0.000906733-0.00148723j 0.00121124+0.0018471j 0.000929948-0.00396941j 0.00292921+0.00346931j 0.00476652+0.00353967j 0.00316882-0.00413337j 0.00389319-0.00172574j 0.0015992+0.00673821j 8.712e-05-0.000649892j -0.00117444+0.00346097j -0.00130018-0.00438839j -0.00990127+0.00199509j 0.00344283-0.000661415j -0.00888336+0.00348167j 0.00359289-0.00132695j 0.000925782+0.00165492j 0.0110667-0.00313484j -0.000850825+0.000570957j -0.000800094-0.00294177j 0.00765868+0.00243495j -0.000247147+0.00409389j 0.0147014-0.00342349j -0.00240272+0.00224009j -0.00949144+0.00015503j 0.0159414+0.00271393j -0.00861627+0.000519654j -0.00756888+0.00312376j 0.00408227-6.60978e-06j -0.00194041+5.19005e-05j -0.00549439-0.00160659j 0.00702373+0.00181902j 0.00490078+0.0039834j -0.00392474+0.00205366j -0.0101852-0.00118412j -0.00701819-0.00265292j 0.000894431+8.13749e-05j -0.0053818-0.0070553j 0.00544885+0.00323911j 0.000665562+0.00285314j 0.00496401+0.000673979j -0.00496313-0.00498068j 8.28255e-05-0.00284018j -0.000185105-0.00300412j -0.000721113-0.00106525j -0.00735981-0.00211286j 0.00405246+0.00128618j -0.000335048-0.000127462j -0.00320129-0.00135662j -0.00330383-0.00054424j -0.00178974-0.00283325j 0.00377241-0.00119589j -1.02102e-05+0.00378798j -0.00644339-0.00337896j -0.000545984-0.000905485j 0.00175782+0.00125639j 
-0.00321061+0.00219832j 0.00888923-0.000352005j 0.0014715+0.00714751j -0.00165689-0.00432133j -0.00505913+0.00455896j 0.00179925-0.00205902j 0.00577206-0.00243164j 0.00392371-0.0089198j -0.00139405+0.00537349j 0.00435847+0.0106514j -0.000931069+0.00437052j -0.0018996-0.00234362j -0.00181963-0.00165351j -0.00377653+0.018721j 0.0107878-0.00488801j -0.00161654+0.00280589j -0.00834696+0.00444695j 0.00454544-0.00466826j 0.0037487-0.0145714j -0.000429036+0.00218079j 0.0024432+0.0132091j 0.0018332+0.0156302j -0.00621068-0.00287955j 0.00455728-0.00462516j 0.00255185+0.0034036j 0.000922654-0.00109709j -0.000211499-0.00102784j -0.0105833+0.00734202j -0.000711054+0.00278108j -0.00307913+0.00427191j 0.00673373+0.00659667j -0.00442349-0.0110137j -0.00291203-0.00427314j 0.00346968+0.00549853j 0.012932+0.000521096j -0.012775+0.0095081j 0.0090897-0.00747445j 0.0035939-0.00251549j -0.00787784-0.007658j -0.00149937-0.00020967j -0.00570595+0.00450158j -0.00164054-0.00292574j 0.000781582+0.00324565j 0.00185631-0.00530478j 0.00135262-0.0023036j -0.00694919+0.00406168j 0.00378204+0.00513618j 0.00422885-0.00454055j 0.00206936+0.00360154j -0.0109416+0.00474523j 0.00168198+0.0018323j 0.00024667-0.00533387j 0.0140488-0.00616564j -0.0141817+0.00334877j 0.00463071+0.0028266j -0.0153021+0.00156752j 0.00994738+0.00284628j -0.0106092+0.00349638j -0.00662101-0.00134674j 0.0143751-0.00306043j 0.00506209+0.00197108j 0.00288553+0.000543682j 0.0135255-0.00464683j 0.00734176-0.00262601j -0.0186056-0.000603414j 0.00627363+0.00106382j 0.000688774-0.00612197j -0.00179246-0.000298472j -0.0116406-0.00511012j 0.000371369-0.000669042j 0.00464937+0.00177057j -0.00209287-0.00307886j 0.0058812+0.00450036j -0.00116985+0.00163775j -0.00362496+0.000232671j 0.00574656+0.00292902j 0.00546806+0.00272042j 0.00948121+0.00257864j -0.00280722+0.000467907j 0.00510901-0.000689486j -0.000508605-0.00161274j -0.000159608-0.00133087j -0.00426699+0.000400979j 0.00145037+0.000742842j -0.000393189+0.000866809j 0.00566344+0.00178124j -0.000737219+0.0012699j 0.00672526-0.000629938j 2.76125e-05+0.00190275j 0.00627506+0.00230537j -0.00505523-0.00182518j -0.00366803-6.5007e-05j -0.00203726-0.000782349j 0.00735959+0.00107002j 0.00184621+0.00140084j -0.00370336-0.00212073j 0.000611668+0.00249396j -0.00615757-0.00408573j 
-0.00121681-0.00344231j 0.00362249+0.000636852j 0.00319693+0.0028387j 0.000369625+0.00251312j 0.00273277+0.00305846j -0.00721777+0.00124682j -0.00245346-0.00299264j 0.000152257-0.00259823j -0.000609908+0.00339877j 0.00378105+1.02298e-05j -0.00499113-0.0109273j -0.0108859-0.00639094j -0.000257346+0.00136869j -0.00909198-0.00804691j -0.00782993+0.00284611j -0.00209263+0.00286456j 0.00609483+0.00665144j -0.0156099-0.00455259j -0.0015363-0.0049014j 0.00680132+0.00326979j -0.00722206-0.000315234j -0.0195881-0.00748417j 0.00527706+0.00533328j -0.00109299-0.00175226j -0.00753083-0.0148601j 0.00534226+0.0128276j -0.00656029-0.000466022j -0.000296426+0.00984118j 0.00628739+0.0212604j 0.0025337+0.0185229j -0.00173961-0.00526937j 0.000633741+0.0105197j 0.00433237-0.00215196j -5.46165e-05+0.0143352j -0.00508174-0.00988931j -0.00258413-0.012584j -3.73371e-05+0.00507527j 0.00112608-0.00990928j 0.00251177-0.0011307j 0.00625203-0.0019227j -0.000159919-0.00288334j 0.00153832-0.000733941j -0.00120003+0.0048597j -0.00396717-0.00108232j 0.0030238-0.00325833j 0.00231759+0.00223647j 0.00115374+0.0020922j 0.003272+0.000964863j 0.00330382+0.00172067j -0.0026684+0.00535743j 0.00399063-0.0014212j 0.00590988-0.000706673j -0.00128374-0.00136244j -0.00880883+0.000347919j 0.0020608-0.00266413j -0.00107151+0.000118498j 0.00366742+0.00147346j -0.00534298+0.000306585j -0.0027656-0.00106114j 0.00295848+2.44522e-05j 0.00545039-0.00151471j -0.00230611+0.00013505j 0.00121077-0.00119832j -0.000379614-0.000966892j -0.0116822+0.00277311j -0.00402349+0.00108977j 0.00740339-0.000497516j -0.00402711+0.00190277j 0.000508099-0.000933755j 0.00756335-0.000132077j 0.000743264+0.00112641j 0.00482575+0.00155623j 0.0015391+0.00257508j -0.0013076-0.00126237j 0.00298579+0.00242726j 0.0103024+0.000990962j 0.000536472+0.00103932j 0.0108143+0.00331621j -0.00540926-0.0019569j 0.00106102-0.000698863j -0.00196008-0.00199773j -0.000914644-0.000270476j -0.00434648-0.000787647j 0.00615652+0.00518763j -0.00204773-0.000642808j 0.000733504+0.00400071j -0.00520569-0.0047194j -0.000477653+0.00120571j 0.000471158+0.000496482j -0.00133803-0.00212626j 0.000375512-0.00177615j 0.00218788+0.00236845j -0.00201631-0.00061468j 0.000897058-0.000613501j -0.0014167+0.00101852j 0.00255827-0.000236603j -0.00144529+0.00153861j 0.000152813-0.00160594j 
-0.00194725-0.00699373j 0.000647384+0.00101763j -0.00152693+0.000955455j 0.00216798+0.00237905j 0.000383786+0.00403028j 0.00139114+0.0081829j -0.00179552+0.00438489j -0.00708056+0.0043056j 0.00725347+0.010951j 0.00358059+0.000669229j 0.0035015-0.00958731j -0.00052154-0.00783416j 0.0105162+0.0117226j 0.0192014-0.0045997j -0.00166784+0.0129778j 0.0028882+0.00435167j -0.000373537-0.00296069j 0.00655955-0.000796584j -0.00727723-0.0109102j 0.00060178-0.0037878j 0.00727744+2.28967e-05j 0.0168702+0.0169505j -0.00421021+0.000354324j 0.00057355+0.00622368j 0.0143697-5.43838e-05j -0.00842475-0.00853784j 0.00454675+0.00107467j 0.000108124+0.0142295j -0.00514953-0.000956864j -0.00142158+0.000107198j -0.00449026-0.0123034j 0.0034785-0.00306598j 0.00627438+0.00040239j -0.00309436+0.00425108j -0.00189716+0.00242718j 0.0101596+0.00833244j 0.00350428+0.0135012j -0.000565139+0.00510658j 0.00479558-0.00453861j 0.0071938-0.00189181j 0.00296501+0.00342066j 0.00562448-0.00628599j -0.00170724+0.00677799j -0.00685444+0.00278772j -0.000229684-0.00503733j 0.00535953-0.00428291j 0.00338829+0.00219551j -0.00116329+0.000888094j 0.000290067+8.11754e-05j -0.00491427+0.00064043j 0.00998527+0.00344003j 0.00231847-0.00271004j -0.00261787+0.00300951j -0.00629619-0.00378431j 0.00429614-0.00471737j -0.00247435+0.0010458j 0.000468649-0.00230214j 0.00226949+0.00135133j -0.00821716+0.00306449j -0.000886369+0.00108244j 0.00383441-0.000128329j -0.0030832-0.00214629j -0.00287655+0.000438328j 0.000621024+0.00072094j -0.00785452+0.00376793j -0.00180295+0.00240531j 0.00770725+0.00228627j -0.015085-8.1767e-05j -1.90158e-05+0.00397266j -0.000422496-0.00116557j -0.00205607+0.000423132j 0.00339591+0.00303569j -0.00186433+0.00210296j 0.00325179+0.00032947j 0.0019944+0.00126818j 0.0100699+0.00231772j 0.000756679+0.000858782j 0.0101069+0.0027078j -0.00652178-0.000987224j 0.00832185+0.00243405j -0.0017333-0.0016482j 0.00527615+0.000923376j -0.00346676-0.00286743j 0.00492759-0.00101186j -0.00755758-0.00458699j 0.0018268+0.00175549j -0.00516534-0.00282033j -0.00525562-0.00357869j 0.000739185-0.00086924j -0.00341677-0.00178303j -0.0023227-0.00145607j 0.000314439-0.00145207j -0.000356878+0.001322j -2.0437e-05-0.000311245j -0.00105527+0.00265758j 3.66461e-05-0.00295919j -0.00187418+0.00146147j 0.00394807-0.00158924j 
0.000678049+0.00102536j 0.000123149+0.00246308j 0.000383946-0.000547162j 0.00698952-0.00511198j -0.00118735+0.00497318j 0.00862714+0.00292163j -0.00964328-0.000778092j 0.00167592+0.00594697j -0.00617852+0.00181145j -0.0100647+0.00251618j -0.00471625-0.00173314j 0.0114185-0.00922897j 0.00755978+0.00934432j -0.0191504-0.000200008j 0.00736111+0.00274544j -0.00768086+0.00416109j -0.00201773-0.00283057j 0.0144148-0.00984699j 0.0113011-0.00667939j -0.00662135-0.000277307j 0.00278227+0.000308584j -0.0068524-0.00623326j 0.00504114+0.00100415j -0.00160642+0.00205259j 0.0047363-0.00833038j 0.00541239+0.00354057j -0.0047076-0.00134684j -0.00600031-0.0022526j -0.0114495+0.00125073j 0.000558357+0.0029011j -0.00506547-2.62885e-05j -0.00214564+0.00166242j -0.00172011+0.00525835j -0.0107427-0.00571248j -0.000517414-0.010606j 0.0052967+0.00246797j 0.00217042-0.000544659j -0.00120235-0.00276507j -0.001042+0.00966594j -0.0155131-0.00119036j -0.00465421-0.000150243j 0.00391059+0.00447721j -0.000189036-0.000137075j 0.00555142+0.000627672j -0.00587874-0.00266803j -0.000414149-0.00334874j -0.00678381+0.00957053j 0.00781222+0.00388942j 0.000870852-0.00396968j -0.00194452-0.0013183j -0.000516185+0.000734872j 0.00261573-0.00422125j -0.00513973+0.000359476j -0.00549266+0.00146758j 0.0111091-0.00479332j 0.0124431-0.00532084j -0.00741414-0.00152715j -0.00385788+0.004096j 0.00376178-0.00162671j -0.00971211+0.00324102j 0.00317663+0.00174702j 0.00410664-0.000730835j -0.00267804-0.0019616j -0.00246877+0.00102897j 0.00155741+0.000315133j -0.00185145-0.00368411j 0.00320576-0.00095645j -0.00393318-0.000760799j 0.00403309+0.00486565j 0.00205823-0.00215226j -0.0107896+0.000528555j -0.00630712-0.00153752j 0.020601+0.0025578j -0.00431706-0.000320886j 0.00599005+0.000484573j 0.00533448+0.00353537j 6.08517e-05+0.00144503j 0.00441651+0.00303878j -0.00743534-0.00325172j -0.0079281+0.000304669j -0.00808053-0.00161493j 0.00323455+0.00017989j 0.00207907+0.00780923j -3.2695e-05+0.001895j -0.0059963-0.00552188j 0.00727178-0.000841454j 0.00202591+0.00422378j -1.78639e-05-0.00280781j 0.00383156+0.00220844j 0.000913605+0.000530128j -0.00369606+0.0016641j -0.0102037-0.00515953j 0.0091228+0.00439988j 0.00174789+0.00161211j 0.00212194-0.000412789j -0.000427166+7.56189e-05j -0.000529172+0.00168559j -0.000981292-0.000337603j 
-0.00529348-0.00012921j 0.00289435+0.00152294j -0.00471733-0.00274564j 0.00151388-0.00425748j -0.0048866+0.00689888j -0.00413469+0.0100921j 0.00152353-0.00228248j 0.00806104+0.00891039j -0.0028429+0.0043938j -0.00393314-0.00121296j -0.00202855+0.00275475j 0.000406554-0.0037929j -0.00730127+0.0146425j -0.00422427-0.000440733j -0.006268+0.0129922j -0.000550269+0.00446909j 0.00924205-0.00840161j 0.00453411-0.000800988j 0.00930611-0.00683994j 0.000547492+0.00074439j -0.00679712-0.00101258j -0.00252514+0.00115804j 0.0120245-0.00311667j -0.00568407+0.00587395j -0.0121974-0.00149667j 0.0071194-0.00854808j -0.00300682+0.00146369j -0.00115321-0.00154651j 0.0119598-0.00448998j 0.00410486-0.00059547j 0.00288731+0.0127831j -0.00239526+0.0024172j -0.00592243+0.00382055j 0.00152167-0.00089366j 0.00337205-0.00308943j -0.0126666-0.00190407j -0.00362945-0.000894307j -0.00955744+0.00372059j -0.00420787+0.00675052j -0.0020481+0.00590878j 0.00239291-0.00200513j 0.0027425-0.0129598j 0.0015769+0.00222544j -0.00112364+0.00309717j 0.00183418-0.00511342j 0.00296053-0.00987765j -0.00331688+0.00504251j -0.0068725+0.00460691j -0.00133902+0.00765709j -0.00873448+0.00120044j 0.000866971-0.000624744j -0.00107938+0.00147252j -0.000300218+0.00147416j 0.00820577-0.00570924j -0.00217142-0.000978917j -0.00438137+0.00396476j -0.00328877-0.00257206j 0.00866344-0.00226265j 0.00393045-0.00107097j 0.0100602+0.000641601j 0.00664577+0.0080092j 0.00972031-0.00091462j -0.00578043+0.002337j 0.0135552+0.00146415j 0.00762428+0.00240283j -2.88616e-05-0.00172266j 0.00267402-0.00375976j -0.0132804-0.0041896j -0.00246072+0.00107864j -0.00470721-0.000494006j 0.00963685-0.000871325j -0.00672103-0.00102972j -0.0113208+0.00195876j 0.00587161+0.00375921j -0.0015141-0.000984346j -0.00386205+0.0021227j 0.00606239+0.00359092j 3.67636e-05-0.0016431j 0.0136157+0.00415476j 0.00769546+0.000441263j -0.000657789-0.000860451j 0.00892673+0.00112017j -0.00758533-0.00426496j 0.00128951-0.00262189j -0.00615758+0.00125957j 0.00146859-0.00329034j 0.0096928+0.00271898j 0.000697669-0.0027513j -0.00248899-0.00131991j 3.62533e-05+0.00105062j -0.00813183-0.00353996j -0.0019008-0.000300769j -0.00550847-0.000957424j 0.000777739+0.000666765j 0.00473442+0.00215927j -0.00117564-0.00179072j -0.00184226-0.000261718j -0.00192653-0.00212744j 
0.000817813-0.00248518j 0.000460449-0.0018445j 0.00508008+0.00255982j 0.00299933+0.00302778j 0.0048932-0.00523368j 0.00410832-0.00201903j -0.00939842+0.00552756j -0.00623319-0.00422084j -0.00352243+0.00175429j -0.0034615+0.00253746j -0.00982533+0.00226864j -0.00112245+0.00359509j 0.00627073-0.0029661j -0.0142917+0.00879379j 0.00515684-0.00146565j -0.00454854+0.00106762j 0.000125478-0.00136581j -0.00373954+0.0120965j -0.00269466+0.00260905j 0.00253704-0.00363331j 0.00154135+0.00792323j -0.0172297+0.0187891j -0.00261833-0.00396611j 0.00187368-0.000390953j -0.00270745+0.00713085j 0.0107618+0.000635551j -0.00234899+0.00231343j -0.00179892+0.000854169j 0.00751114-0.00235034j 0.0115649-0.000829984j -0.00949409-0.00747946j 0.0124111-0.00311142j 0.00735012-0.0040988j 0.00193749+0.00188147j -0.0134118+0.00196641j -0.00272581-0.00150164j 0.00554711+0.00470559j -0.00301116-0.00285948j 0.00645964-0.00415856j -0.000429026-0.00949708j -0.00816738-0.00105975j 0.00113296+0.00772932j -0.00167907+0.00177151j 0.00240284-0.00159469j -0.00265376-0.000952123j -0.00425997+0.00590793j -0.00185383+0.00264529j 0.00250208+0.00146836j 0.00449939-0.00676078j -0.0100864+0.0037107j 0.000746626+0.00210057j -0.00734586+0.00354783j 0.00482456-0.00631013j 0.00101293-0.00208369j -0.000195164-0.00148789j -0.0179308+0.00392003j 0.0110097-0.00487085j 0.00784022-0.00427414j -0.0026516+0.000484549j -0.00612424-0.000117842j -0.00968203+0.00134956j -0.00837078+0.00384557j -0.00116797+0.000986741j 0.00655598-0.00383877j -0.007827-0.00419886j 0.0105921-0.000798216j -0.00390213-0.00112457j -0.0148788+0.00120192j -0.00124445+0.00282841j -0.00159738-0.00323884j -0.00402254-0.00282625j -0.00394677-0.00278036j -0.00656408-0.00377171j -0.00419331-0.00255879j 0.000720516-0.00174195j -0.0132322-0.0039423j 0.0139766+0.00107688j -0.00549627+0.00131931j 0.00825664+0.00321149j 0.0144708+0.0077555j -0.00937442-0.00319486j 0.00304178+0.000292362j 0.00187333-0.00131161j -0.00435917-0.00128542j -0.0016858-0.000946989j -0.00957366-0.00335924j 0.00473925+0.00448137j 0.00513795-0.00294872j -0.00454907-0.00399784j 0.0031137+0.00127825j 0.00133702-0.000845582j -0.000634589-0.00281067j 0.0101711+0.00552781j -0.00120724-3.6386e-05j -0.0025631+0.00013784j 0.00183439+0.000681021j 0.00111432+0.000997143j 0.00134212-0.000574006j 
-0.00205001+0.0036312j 0.00487068+0.0027536j 0.0117923-0.00349228j -0.00385848-0.00572017j 0.00872656+0.00291353j 0.00340229+0.00133514j -0.00574487-0.00284833j -0.00987492-0.00185854j 0.00292648+4.3714e-05j 0.00883857+0.00165915j 0.00503611+0.00780738j -0.00266083-0.00640255j 0.00105578+0.00147171j 0.0230895+0.0128957j -0.00730729-0.0118152j -0.00224875+0.000350729j 0.00889493+0.00576327j -0.00798735-0.0108665j -0.0136563-0.0111344j 0.00101683+0.00359732j 0.0141071+0.00593701j 0.0120281+0.00120945j -0.00092549-0.00201794j -0.0033577+0.00122679j -0.00175216+0.00380512j 0.00521727+0.0022252j -0.00418316+0.000962669j 0.0057754+0.00391731j 0.00650357+0.00272882j 0.0148651+0.0011773j -0.0016051-0.0044219j -0.0155784-0.00230573j -0.00546576+0.00379392j -0.00102999+0.00612057j -0.00823237-0.0144694j 0.00730995+0.0135216j -0.00293296-0.00366485j -0.00620221-0.000576412j -0.0024543+0.007885j -0.00306757+0.000799997j 0.00299331+0.00260295j 0.00589769+0.00618676j 0.00211872+0.0039899j -0.00201841-0.00610818j 0.00490054-0.00214151j 0.00601515+0.0023289j -0.00185554+0.0058678j 0.000966398-0.00286311j 0.00120464+0.00353115j 0.00219641+0.00481732j -0.00104825-0.00390792j -0.00958299+0.00285423j -0.00230221+0.00076655j 0.00437611+0.00466207j 0.00314292-0.00158142j 0.00245131-0.00133201j 0.00342513+0.00287864j 0.00186896+0.00120916j 0.00262652-0.00190833j -0.00739581+0.000839906j -0.000315541+0.00484511j 0.00426383-0.000578473j -0.00456122-0.00284984j 0.000622492-0.00100282j 0.00484246+0.000456857j 0.00460741-0.00394259j 3.87356e-05-0.00360092j -8.98285e-05-0.00121005j 0.00813104-0.00068762j -0.00306806-0.00049953j -0.00366506-0.00221344j 0.000440318-0.00174236j 0.00493654+0.00143682j -0.00582724-0.00114673j -0.000501705-0.00234601j -0.00281164-0.00152021j 0.00715382+0.00381323j -0.00156507-0.000191533j 0.00888808+0.00373904j -0.00379895+0.00196396j 0.0039444+0.0021282j 0.00280383+9.71927e-05j -0.00114029+0.000576959j 0.000125399+0.0039689j 0.000210333+0.00168509j -0.000432302+0.00248138j 0.00583975+0.00035961j 0.0039024+0.00150352j 0.000762036-0.000989024j 0.00385135-0.000330622j 0.00373347+0.000969004j -0.000756802+0.00248535j 0.00108116+0.00244113j -0.00259977-0.00173001j 0.00211504-0.00201868j 0.00601702+0.00419464j -0.00223895+0.000237731j -0.00380221-0.000347142j 
0.0114078+0.000448541j -0.00311512+0.00244835j -0.00592379+0.00239313j -0.00139795-0.00183571j -0.00506811+0.0027556j -0.00839139+0.00192355j -0.0014459-0.00163404j 0.00188058-0.0072001j -0.00718548+0.00302974j 0.00198178+0.00422951j 0.00598163+0.00246865j 0.00520398-0.000544704j -0.00816543+0.00510405j 0.000656922+0.0185831j -0.00289259-0.00585758j 0.00189048+0.0011459j 0.000165926+0.00490211j 0.00593376-0.00727735j 0.00848177-0.0113577j -0.00159585-0.00104146j -0.0026652+0.00488608j -0.0108426+0.00429691j 0.00157269-0.00474977j -1.9809e-05-0.00301975j -0.00160999+0.00835231j 0.0017575-0.00362204j 0.00386578-0.000753838j -0.00546679+0.000311423j -0.00749197+0.00212126j -0.00658851+0.00158902j 0.0106827-0.00638285j 0.00314583+0.00332239j -8.56043e-05+0.00352774j -0.00799282-0.0021212j 0.00535353-0.00552213j -0.00786887+0.00730632j -0.0090514-0.00202967j 0.000144199-0.00605638j 0.00188771+0.00517275j 0.00153278+0.010114j 0.000598084+0.00472609j -0.00472826+0.00514931j 0.000206595-0.00953232j -0.00189906+0.000612053j -0.00961239+0.0102973j 0.000462364+0.00137465j 0.0024597-0.00577948j -0.00260153-0.000439807j -0.00493172+0.00014027j -0.0044273+0.000729543j 0.00831338-0.00499494j 0.00152112-0.00109315j -0.00754515+0.00240978j -0.00149678+0.00125993j 0.000129513+0.00203499j -0.00187791+0.00200378j -0.00248045+0.00599552j 0.00533745-0.000402031j -0.00681441-0.00111912j -0.0158038+0.000439646j -0.00545002-0.00536007j -0.0080861+0.00386094j -0.0114186-0.000692954j -0.000910779-0.00146402j -0.00778433-0.00367237j -0.00671057-0.000378047j 0.00937481+0.00390688j -0.0198911-0.00174857j 0.00657724+0.00187747j -0.00452316-0.00490137j 0.00455546+0.00394785j 0.00427247+0.00493813j -0.00989042+0.000318742j 0.00884453+0.00179479j 0.00318905+0.00459274j 0.00161944-0.00101267j 0.00153322-0.00447259j -5.79548e-05+0.000463357j -0.0077543-0.00215155j 0.00932557+0.00614312j -0.00449052+0.00102148j 0.00348185-0.00174353j -0.000439588-0.00413904j 0.000948099-0.0013374j -0.000612902-0.00385343j -0.00401152-0.00323718j -0.00552054-0.000903082j -0.0118164-0.0041379j -0.000370584-0.000888482j -0.011281-0.00733544j -0.00563601+0.000370433j 0.00357503+0.00289034j -0.0024145-0.000350564j 0.000980735-0.00127078j -0.000180898-0.00137264j -0.00476707-0.000144834j 0.000900442+0.000853481j 0.00209827+0.00326527j 
0.00806259-0.00308371j -0.0016369-0.00201385j 0.000654077+0.00226015j 1.63407e-05+0.00137669j -0.0114866-0.0033498j -0.0122086-0.0019328j 0.0032844+0.000571107j -0.0178787+0.00622753j -0.00781662-0.000914972j 0.00399463-0.00323254j 0.00202237+0.00120652j 0.0120698+0.00600757j -0.0254499-0.00376537j 0.0127565-0.00170441j -0.0190955-0.00410496j -0.00902693-0.00139494j 0.0119605+0.00651751j 0.01043+0.0120131j 0.0123189+0.0110789j -0.00194454-0.00308208j 0.00556133-0.00303163j 0.00399831+0.00557279j 0.00299356+0.0131091j -0.00763288-0.00846603j 0.00936365-0.00151697j 0.0053688-0.000342967j 0.00249354-0.00217524j 0.00364096+0.000965244j 0.000158691+0.00249056j -0.00193965+0.00256591j -0.00854627-0.0014515j -0.00340271-0.00263641j -0.00835948-0.00509022j 0.000628099-0.00400342j 0.00722406+0.0038559j -0.00268667-0.000920436j -0.003312-0.00151064j -0.00297119-0.00567389j -0.010219-0.000161634j -0.00685688-0.00386249j -0.00359229+0.00140642j 0.0139765-2.67275e-05j -0.00513358-0.00637658j 9.91994e-05+0.00172518j 0.00444366+0.00214063j -0.00296388-0.00507713j -0.00194645+0.00316188j -0.00186429-7.59276e-05j -0.000326865-0.00398923j -0.00388288-0.00393108j -0.00272328+0.00387942j 0.00532547+0.00425329j 0.00697133-0.00518721j 0.00137534-0.00117429j 0.00570387+0.00185858j -0.00393059-0.00134213j 0.00800591-0.00563499j -0.00524181-0.00135345j -0.00435395+0.00227287j 0.00228472+0.00220546j -0.00332334-0.00384518j 0.000902977+0.00174397j 0.00101963-0.00211263j 0.00240531+0.000119306j -0.00784047-0.00411324j 0.000450057+0.0010679j -0.00723898-0.00229759j -0.000295447-0.000197612j -0.0113366+0.000523513j -0.00228526-0.00056982j 0.000594256-0.000437366j -0.00322087-0.0020855j 0.00829589+0.00119017j 0.0026469+0.00427741j 0.00142132+0.000691524j -0.00356294+0.00230442j -0.00259935-0.00132626j -0.000802226+0.00157184j -0.0036625-0.00335267j 9.38478e-05-0.00281251j -0.00405817-0.00286219j 0.000666461-0.00141177j 0.00131778+0.00279466j -0.00129793-0.00335437j -0.00253834-0.00141833j 0.00634637-0.00312968j 0.00171358+0.00254553j 0.00299325-0.00140605j -0.00212248+0.000581504j 0.000749281-0.000312699j -0.00623132-0.00161023j -0.00561385-0.00404638j 0.00225006-0.000809859j 0.00325752+0.00290498j -0.000625507+0.000763937j -0.00578232-0.0026312j 0.00273979+0.00065066j 0.00219045+0.000485563j 
-0.00892935+0.003596j -0.0077876+0.00153935j 0.0116264-0.000400518j 0.00996303-0.00207746j -0.000574807+0.000616715j -0.00686362+0.000957583j 0.00549964+0.00030843j -0.00210913-0.00334001j 0.00490914-0.000541828j -0.000984008+0.00343859j -0.0027787+0.00368952j 0.000961754+0.00261528j -0.00281771-0.00858425j -0.00659161+0.0117135j 0.000357125-0.00636626j 0.00245616-0.00436834j -0.00349723+0.00862916j 0.0137992+0.00750812j 0.0104261+0.00430184j 0.00295141-0.00511085j -0.00593849+0.000792998j 0.0104659+0.0102187j 0.00195426+0.00955523j 0.000555655+0.00043352j -0.00375314-0.00661979j -0.00212737+0.00377372j -0.00146728+0.00297624j 0.00246787+0.00689698j 0.00248878-0.00092274j 0.0011343+0.00616926j -0.000334352+0.00123478j -0.0028135-0.0138708j -0.00223244-0.00870192j 0.00269564-0.00112688j 0.00603628+0.00380785j -0.00777661-0.0048367j 0.00534646+0.00277925j 0.00372051-0.000402482j -0.00506009-0.0110673j -0.00669336-0.00850445j -0.001478-0.00130925j -0.00539239+0.00128085j 0.00352671+0.00695001j -0.00161884+0.0022381j -0.0003518-0.00315362j 0.0087332-0.000904109j -0.00203472+0.00180321j -0.00291227+0.000162143j -0.0090986+0.00238019j 0.0083932+0.000467532j 0.00460189+4.35499e-05j -0.000827981+0.000777713j -0.0176588+0.00368139j 0.00745339-0.00298709j -0.00225794-0.00143108j 0.0132688-0.000938904j -0.0154636+0.000491976j 0.0033707-0.000965351j 0.0083261+0.000338159j -0.013443-0.00420435j -0.00372449-0.00287661j -0.00175817-0.00377027j -0.0111178-0.000924796j -0.00356971+0.00147175j 0.0144286+0.00605579j -0.00220738-0.000226401j 0.00517701+0.00415345j -0.00110009+0.00263392j 0.0168689+0.00475347j 0.00183831-0.00231487j -0.00516547-0.00199985j 0.00699532+0.00387441j -0.00715798+0.000348261j -0.000464476-0.00213572j -0.00184787-0.000507438j 0.000595944-0.00555788j -0.00165323+0.00131945j 0.00226893+0.000301688j 0.00550722+0.00267402j -0.00576214+0.000233224j 0.00296251+0.00240911j 0.00183792+0.00561317j -0.0010608-0.00401645j 0.00102794+0.00281888j 0.00331259-5.44231e-05j -0.00541898+0.00414885j -0.0011856-0.000166745j -0.0037417-0.00145796j 0.00255259+0.00101176j -0.00204831-0.00132211j 0.00504065+0.000438405j 0.00465209+0.00201603j -0.00228382-0.000233809j -0.00317029-0.00339475j 0.00119566+0.00144288j 0.00537014+0.00274739j -0.00314263-0.00184432j -0.00165248-0.000531212j 
8.80968e-05-0.000110278j 0.00456778-0.00483124j -0.00911651+0.00763948j 0.00102662+0.000240493j -0.00207094-0.00257101j 0.00265386-0.00955357j -0.00237885+0.00351665j 0.00023605-0.00934718j -0.000734549-0.00197677j -0.00231377+0.00308392j -0.00276946+0.00297573j -0.00148059+0.00458527j 0.00963981-0.0133389j 0.00179323+0.00789021j 0.00267467-0.0111277j 0.00409653-0.00379677j -0.00345525+0.0055158j -0.0105119+0.00721877j -0.0100426+0.00731918j 0.000721899+0.00247244j 0.00504627-0.000403412j -0.00825472+0.00491798j -0.0112731+0.00328667j 0.00326419-0.00308636j 0.00417615+0.00229145j -0.000241454-0.000545333j -0.00269663-6.02007e-05j -0.00595512+0.00289645j -0.000853273+0.00191392j -0.00551169-0.000734085j 0.0020172-0.00129742j 0.00646712-0.0033824j 0.00448963-0.00315351j -0.000475642+0.000518686j -0.00301193+0.00165816j 0.00440603-0.00210434j -0.00819011-0.00102906j -0.00464353+0.00218317j 0.00282813-0.00026804j 0.00539119-0.000814577j 0.0085094-0.00445053j 0.00675531+0.00128918j 0.000346336-0.00368281j -0.0032334+0.000825575j 0.00247271+0.00470071j 0.0145264-0.00932729j -0.0116687+0.00658795j -0.0023366-0.000723757j -0.00132254+0.000939477j 0.000193402-0.000156955j -0.00534005+0.000663107j -0.0037957+0.00321132j -0.0030485-0.000306137j 0.0104626+0.00349065j 0.00260041+0.00260937j 0.0186771+0.000263261j -0.0109074-0.000740792j 0.00762079-0.00333419j 0.00681579-0.000182213j 0.00322801-0.00149493j 0.0209122-0.00122651j 0.0188858-0.00338023j -0.00662139-0.0028666j 0.00819648+0.00651064j 0.01742+0.0027437j -0.00854009-0.00223412j 0.00382746-0.00647255j -0.0110165-0.0034852j 0.00379192+0.00122883j -0.00381392-0.00182712j 0.00498088-0.000586815j -0.00879765+0.00479061j 0.00679621+0.00557923j 0.00464602+0.00779247j 0.000237114+0.000866934j 0.00580134+0.00137767j -0.00529929+0.00242873j -0.00219993+0.00223588j 0.00646741+0.00176927j -0.00767969-0.00533367j 0.000802262+0.00028069j 0.00603211+0.00433112j -0.00227901+0.00090988j -0.000144861-0.000334719j -0.00748585-0.00111947j 0.00987434+0.000811653j 0.0129035+0.00473418j -0.00143112-0.00106986j 0.00205994+0.000335166j -0.000178067-0.000548436j -0.00819144-0.0034413j -0.00533556-0.00279312j -0.00290614-0.00314628j 0.00340018+0.000589905j 0.00179462+0.00204196j -0.00475042-0.00121573j 0.00226111-2.68189e-05j -0.0011014-0.000677303j 
0.000147532+0.000419617j 0.00369909-0.000796423j 0.00406935-0.00208298j -0.000772633-0.000108044j -0.00309348+0.000893237j -2.97045e-05-4.90473e-05j 0.000631611+0.00022165j 0.00166923-0.000652406j -0.00363415+0.00248969j 0.00211931-0.00146357j -0.000583755+0.000215265j 0.000352409-0.00124404j 0.000291093-0.000519682j 0.0018508-0.00129354j 0.000887316+0.00113289j -0.0023345+0.000201726j 0.00139163-0.000481415j -0.00031642+0.000116396j 0.00014642-0.000326098j -0.0042553+0.000555205j -0.000641913+0.00196268j -0.00219168-0.000748264j -0.00257532-0.00302873j 0.00227732+0.000218612j -0.000759683+0.00267278j -0.00452204-0.00379765j 0.000233374+0.00327214j 0.00257356+0.0066571j 0.00119148+0.00202536j 0.00154862-0.00150457j -0.00523621-0.00463683j 0.00579001-0.0109033j -0.00325134-0.00326557j -0.00111068-0.000248967j 0.00353624-0.00690145j 0.00266155+0.00239717j -0.00079893+0.000995708j 0.0060305-0.00212989j 0.00176717+0.00585835j 0.00275746+0.00916582j 0.00250087+0.000718012j -0.00443588+0.00667193j 0.00141346+0.00880493j 0.00836572+0.0042268j 0.00334221+0.0067381j 0.00537762+0.00148452j 0.00352248+0.00161143j -0.0028116+0.00120934j 0.000286124-0.00141662j -0.00110091-0.00390095j -0.00161635+0.0016661j 0.000285173+0.00494464j 0.00359488+0.00220303j -0.000266162+0.00155674j 0.000130645-0.00262845j 0.000452427+0.00512778j 0.0035921+0.000350539j 0.00130508+0.00552409j -0.00174225-0.00183073j 0.00342675+0.00307522j 0.00263146-0.000839689j -0.00302287+0.00129666j 0.00515291-0.000579348j 0.00671183-0.0013141j 0.000463983-0.00114894j 0.00222832+0.000517832j 0.00233397-0.00676818j -0.000297771+0.00285156j 0.0064497-0.0068029j 0.00214666+0.00898017j -0.00583438-0.00180362j 7.84923e-05-0.0029149j 0.00263734-0.00399436j 0.00332484+0.0012829j -0.00591853-0.00634145j -0.000198528+0.00884975j -0.00475317+0.00723375j 0.00130292-0.00934198j 0.0090856-0.00414844j -0.0191446-0.0105505j 0.00453275-0.00641847j 0.009703+0.00961589j 0.00965612+0.00222245j 0.00530201+0.00700549j 0.00669212+0.0124657j -0.00238257+0.00219036j 0.0160429+0.00336982j -0.00971298+0.0120469j 0.00796527-0.00596997j -0.00782966+0.0154321j 0.0118195-0.00421009j 0.0080751-0.00241896j 0.0101061-0.00445855j 0.0135627-0.00618662j 0.00167628+0.000777432j -0.00455203+0.00382877j -0.00240211+0.00324393j -0.00642493-0.00116661j 
0.00638601-0.00165737j -0.00123784-0.000466837j -0.000377297+0.000259396j 0.00393506-0.00152475j -8.49559e-06+0.00147531j 0.00131258-0.000862587j 0.00148133-0.00123496j -0.000245841-0.000726034j 0.00166335+0.00361212j -0.000120368-0.000146245j 0.00163996+0.00150065j -0.00358022-0.00155572j 0.000257575+0.00127877j -0.000399733+0.00145424j 0.000897337-0.000163948j -0.0010499-0.000137855j -0.000643343+0.0002256j 0.00326853-0.000171448j 0.00166962+0.000179857j 0.0017466+0.00286304j -0.000863416+0.00108973j 9.43427e-05+0.00313737j 0.00202401+0.00149362j 0.00230422-0.00344223j -0.00265827+0.00132687j -0.00484833+0.00065389j 0.00394817+0.00362292j 0.00594687+0.00711569j 0.00113033-0.00219863j 0.00485586-0.00122855j 0.0015193+0.0045609j 0.000276527-0.00225619j 0.000714576-0.00219283j 0.0009532-0.0102163j -0.00250338+0.0030117j 0.00555042-0.00320616j -0.00520515-0.00918432j -0.00168332-0.00157388j 0.0016165-0.00394996j -0.00262457-0.00394074j -0.000454329-0.00524816j 0.00432468+0.00351109j 0.0105222-0.00321383j -0.000362177-0.0100439j 0.0060969-0.00477899j -0.00116101-0.00881058j 0.000445745-0.00695686j 0.00503996+0.00219451j 0.000955757-1.91178e-05j -0.0036882+0.00305085j 0.00819259+0.00567058j 0.00496546-0.00474417j 0.00439408-0.003124j 0.000956341-0.00420157j -0.000909895-0.00166654j -0.00459128-0.00574983j 0.000992334+0.00160685j -0.00275349+0.000253619j 0.00024493+0.000236288j -0.00622114+0.00336346j -0.00138791-6.91039e-06j 0.00420784+0.00500484j -0.00815867-4.7058e-05j -0.00625193-0.00270921j -0.00124632+0.000282231j -0.00257154+0.0012795j -0.000840177+0.00286073j -0.00663253+0.000417561j 0.000659254-0.00371409j 0.00287758+0.00225296j -0.00610939+0.000403238j 0.00552693-0.00418854j -0.00615782-0.000280247j -0.00371201+0.00163916j 0.000701957-0.00240672j -0.00266527+0.0072346j -0.0180059-0.00153618j -0.000218987+0.00297052j 0.00300497+0.0025977j -0.00270006-0.00849488j -0.00165929-0.00560366j -0.0194754-0.00583925j -0.00044602+0.0074964j -0.00628864+0.00038107j -0.000354024+0.0121472j 0.0117096-0.00767704j 0.0130659-0.0121371j 0.0102335+0.0121164j 0.00132471-0.00579538j 0.00165633-0.00983418j -0.00706529-0.00760429j 0.0022216-0.0060081j -0.00291538-0.00217937j -0.00520116+0.00313606j -0.011874+0.000220953j 0.00403+0.000414988j 0.0100757-0.00146787j -0.00346355+0.00427999j 
-0.00446078+0.000747032j 0.00310502-9.88977e-05j 0.00118615+0.000409031j -0.00428987-0.000233603j -0.00202694-0.00112401j -0.000394737+0.000535841j -0.0013463-0.00133334j -0.000267396-0.000771879j 0.00149006-0.00153024j -0.00201449-0.000909852j -0.00431608-8.14717e-05j 0.000604821+0.00477787j -0.000577122-0.00135072j 0.000393928-0.00252057j 0.00208167-0.00329257j -0.00114105+0.00141275j 0.000721401-0.00174017j 0.00138365+3.20794e-05j 0.00284406+0.000989742j 0.00156716+0.00629886j 0.001423+0.00044864j -0.00497003+0.00309798j -0.00246005+0.00211434j 0.00228441-0.00395916j 0.00609038-0.00212232j -0.00264201+0.00529242j 0.00702949-0.000771628j 0.0103007-0.00683032j -0.000421459-0.00111041j 0.00215489-0.00263269j -0.00553905-0.00203119j -0.0133507-0.00398584j 0.005559+0.00713837j -0.011787+0.00222684j -0.0164706-0.00463845j 0.00656262-0.00308269j -0.000935414+0.0112424j -0.0165087-0.0160226j 0.00279754-0.0013998j 0.00422318-0.00910595j -0.000425095-0.000429705j 0.0116868-0.00514723j 0.00178142-0.0160573j -0.000762-0.00882083j 0.00824154-0.00682454j -0.00683342-5.15984e-06j -0.00284478-0.000820263j -0.00050474-0.00190754j -0.00551449+0.00320148j 0.00310252+0.00199084j 0.00418493+0.00138694j 0.00250245+0.00189243j 0.000439671-0.00124158j -0.00216232-0.00116127j -0.00364092+0.000426777j -0.00127953-0.0029026j -0.000399699-0.00146868j 0.00337823-0.00173357j 0.00075514+0.000179051j 0.00567517-0.00261168j 0.00358417-0.000445127j 0.00242247+0.00329418j 0.00452208-0.00203682j 0.00396496-0.0012909j 0.00516133+0.00303631j 0.00241271-0.00125677j -0.00115184-0.00122172j 0.00315683+9.91494e-06j 0.00468737-0.000817337j 0.00482006+0.000231095j -0.00318634-8.37174e-06j 0.00100738+0.00275406j -0.000610405-0.000759513j 0.00371827-0.000248916j -0.00410526-0.000403767j 0.00658394-0.00682445j 0.0117296-4.47913e-05j -0.00468097+0.0018235j 0.00232439-0.00287828j -0.015445+0.0080517j 0.00351891-0.00119155j 0.0126957-0.00169275j -0.000573972-0.00534661j 0.00658505-0.00368171j 0.00904444-0.000732583j -0.00318575+0.00199615j 0.00112327-0.00675137j 0.0137409+0.00485373j -0.00591094-0.00281581j 0.00968489-0.00273819j -0.000390429-0.00113776j -0.00567104-0.00220511j -0.0058714-0.00775465j -0.00987072-0.00641444j 0.00509268-0.000824258j 0.00174163+0.00486668j 0.000672058+0.00869427j 0.00343903+0.0035668j 
0.00181161-0.000684296j 0.00306484-0.000232361j 0.00392324+0.000558529j -0.000627256-0.000135357j -0.000856267-0.00108757j 0.000151167+0.000137788j -0.00104927+0.00156464j 0.00103161+0.00152154j 0.000580589-0.00392862j 0.00461036+0.00168467j -0.00231171-0.00632912j -0.00287077+0.00454912j 0.00493062-0.000387656j -0.000615814-0.000706523j 0.000890191+0.00105577j 0.000641546+0.00409671j -0.00113574-0.000102635j 0.0010206-0.000953607j 0.0016255-0.000701793j 0.00916386-0.00231812j 0.0022606+0.00097575j 0.00586725-0.000635735j 0.00243378-0.00331251j -0.00141542+0.00187566j -0.00266488+0.000728027j -0.00280317+0.000982895j -0.00173218-0.00475844j 0.00488202-0.00324157j -0.00265273-0.0034473j 0.00306826-0.00421507j 0.008887-0.00319775j -0.0081143-0.00793976j -0.00494098+0.0038835j -0.0227363-0.0044003j 0.0114304-0.00464357j -0.00895235-0.00769173j -0.00905179+0.0143022j 0.00254339+2.72276e-05j -0.0170938-0.00324154j -0.0018849+0.008345j -0.00938353+0.00821697j -0.00146425-0.00557647j -0.00787871-0.00361865j -0.00333692+0.0142614j -0.00728972+0.00270646j -0.00480449+0.0106689j -0.00449677+0.00700798j 0.00369709-0.00291017j 0.002386+0.00277167j -4.73352e-05-0.00313771j 0.00570972-0.00629034j -0.00267574-0.000721052j -0.00172202-0.00333635j -0.0050486-0.000261388j -0.000649646+0.00150048j -0.0107831+0.00262937j 0.00149793-0.0026474j -0.00247981+0.00127383j 0.000217111-0.000192837j 0.00224755+0.00121037j 0.000571885-0.00285883j 0.00782773-0.000972411j -0.00311617+0.00137252j -0.00654384-0.000777757j 0.00183654-0.00107057j -0.000932537+6.21642e-05j 0.00247582-0.000964718j -0.00383882-0.00173751j -0.00112047-0.00179542j 0.00286991+0.00128076j -0.000863276+0.00084962j -0.000536648+0.00131844j -0.000236964+0.00220376j -0.000288034+0.00120544j -0.00349854-0.00125048j 0.00272815+0.00194674j -0.00624423+0.00500741j 0.00333124-0.00273952j 0.00778618-0.00398618j -0.00809437+0.000812744j -0.00119235-0.00303324j -0.00861819+0.00653111j 0.00446998+0.00351812j -0.000286291+0.00110624j 0.0111868+0.00342454j -0.0015384-0.00487137j -0.00844602-0.00352989j 0.00746739-0.00918572j -0.0036439+0.00284862j -0.0123075-0.00545716j -0.00342093-0.00287542j -0.00150368-0.00247246j -0.00158704-0.000283505j 0.0115285+0.0124616j 0.00535487+0.00635264j -0.00214056+0.00563155j -0.00602197-0.00471208j 0.00328607+0.00748283j 
0.00259824+0.0016605j 0.00742806-0.00238978j 0.00280092-0.00158078j 0.000927003+0.00252236j -0.00208547+0.00162484j -0.000519683+0.000433414j 0.00191047+0.000603046j 0.00220318+0.000756275j -0.00210991+0.00211735j 0.0021411-0.00043807j -0.00382555-0.00268367j -0.00162408-0.000644471j -0.00107064+0.00195467j 0.000671578-0.000966628j 0.00178667+0.00496806j -0.00234618-0.00113265j 0.00145387-0.00108169j 0.00315128+0.00295307j 0.00114442+0.0016175j -0.00432499-0.00752626j 0.00134529-0.00623942j -0.00325356-0.00147105j 0.00127527-0.000433825j 0.00642281+0.00320389j 0.000712535-0.00574673j 0.00253484-0.00455347j -0.00123033+0.00167012j 0.000459835+0.000755546j -0.00318144-0.00153771j -0.00074247+0.0103678j 0.0028226-0.000329196j 0.00470138+0.00398364j 0.000148955-0.00295548j -0.00283344-0.00487674j -0.00499805+0.00636957j -0.00108952+0.00606248j 0.000129184-0.000949788j 0.00307028+0.00225355j -0.00289308-0.00313093j -0.00923096+0.0117569j 0.00166438+0.00137611j -0.00523792+0.00255819j -0.0036153+0.00106329j -0.00280202+0.00527406j 0.0042128+0.00425046j -0.00122531-0.00362155j -0.00141578-0.0021735j 0.0028932+0.00439962j -0.00097346-0.00253792j 0.000511102-0.00136526j 0.00643758+0.00267322j 0.000709903+0.00556901j 0.00807616-0.00147432j -0.00361426+0.00123731j 0.000189183-0.000339388j -0.0131277-0.000125782j -0.000938479-0.00191272j -0.00515491+0.00105637j 0.00159904+0.000647984j 0.00225475-0.00228348j 0.00214187+0.00427121j 0.00844487+0.00205937j 0.000929263+0.00236393j -0.00120961+0.0035989j -0.00238338+0.0082601j 0.000661001-0.003955j 0.00554809-0.00261765j -0.0034064-0.00415708j 0.0109065+0.00466114j -0.00725882-0.00533526j 0.0104836-0.00238233j 0.00269691+0.00915169j 0.00191415+0.00450451j 0.00230851+0.00168223j 0.0104784+0.00204439j 0.00316323-0.0121407j 0.0046917+0.00339253j 0.000845708+0.00852157j 0.0146581+0.0101813j -0.00635556+0.0142263j 0.00889643+0.00879949j -0.00507432+0.00897083j -0.00497987+0.000765921j 0.00110495+0.00229244j 0.00251863-0.00511755j -0.00385458+0.00493019j 0.00558219+0.00891493j 0.000278596+0.00629048j 0.00650345+0.00516467j -0.0036381-0.00276663j -0.0100801+0.0108182j -0.000312011-0.00321249j 0.00276721-0.000244832j 0.00376003+0.00281624j -0.00337449-0.00116465j 0.00308786-0.00154884j -0.000948402+0.00094967j -0.013002+0.00619093j 
0.00434622-0.00294927j -0.00194702+0.0012436j -0.00702997+0.00167104j 0.00179758-0.00272625j 0.00587919-0.00201593j -0.00158299-0.00139388j 0.00051797-0.000529219j -0.00201443+0.0023475j 0.00936446+0.00104488j -0.000971736+0.000931068j 0.00193788-0.0058855j -0.00567593+0.00187941j -0.000397475+0.000434166j -0.00253203+0.00121231j 0.0012193+0.00542274j 0.00178493+0.00205167j -0.0010342-2.33194e-06j -0.00179724+0.000618243j 0.00104087+0.00272324j 0.00459495-0.000452448j 0.00255872+0.000480739j 0.00666011-0.00441704j 0.000457645-0.00217516j -0.00125754+0.00448074j -0.000806807+0.00130577j 0.00425454-0.000713178j -0.00223622+0.0034307j -0.00265369+0.00608581j 0.000811274-0.00316324j -0.00537185+0.00648893j 0.00356718+0.000995531j -0.0175791-0.00836763j -0.00615623+0.00995654j 0.0099889-0.0086787j -0.00414264-0.0138733j -0.00618352+0.00407109j 0.00323253+0.00526525j 0.0152036-0.019281j 0.00536288-0.00603803j -0.00623819-0.00585869j -0.00308219+0.00294934j 0.00492866+0.00157751j 0.0114669-0.00456934j 0.00187602-0.0107682j -0.00216592+0.00232618j 0.00654001-0.00867066j 0.00407743-0.00401469j 0.00895675+0.0048838j 0.00411399-0.000579167j -0.0139963+0.000562881j -0.000143077-0.0013605j 0.00207216+0.000913984j 0.00760127-0.00606873j 0.00197087-0.000628847j 0.00125567+0.00242664j 0.00633405-0.00319927j -0.000306218-0.00211501j 0.0042725+0.00204391j -0.00301359+0.00224882j 0.000573712+0.00413442j -0.00413053-0.00183208j -0.00306103+0.000600776j 0.000239547+0.0044258j 0.000146275-0.00208892j -0.00278861+0.000358381j -0.00557869-0.00160051j -0.0014068-0.00103985j 0.00151642-0.00578565j -0.00121339+0.00653686j 0.00162933-0.00385136j 0.00576045-0.00189614j -0.00557167+0.00241422j 0.000934336-0.000501117j 0.00576018-0.00104401j -0.00707376+0.00565036j 0.00228721-0.000900944j -0.00184932+0.00150193j -0.00868889+0.00108415j -0.005818+0.00308223j -0.00488713+0.00374097j -0.00619237+0.00299295j 0.0102607-0.000136644j 0.00373481-0.0026646j 0.00227588-0.00121928j 0.0069879+0.000104691j 0.000832106+0.00070987j -0.00265891-0.00148546j -0.0015307+0.00338487j -0.00579279+0.00369172j 0.00459652-0.00761142j -0.0101187-0.00615131j 0.00147887-0.00502028j -0.00101676-0.00391398j 0.00418931+0.000938916j -0.00313675-0.0117958j 0.00199977+0.0041487j -0.00582686-0.00918282j -0.00300132+0.000886359j 
-0.00428834+0.00440184j 0.00162882+0.00466905j 0.00252614+0.00297645j -0.00274073+0.00129886j -0.000501221-0.00129728j 0.00022055+0.00055719j 0.000304895+0.000518545j -0.00137736+0.000620373j -0.00129201+5.42331e-05j -0.00106903+0.00431186j 0.00750339-0.00689685j -0.00518523-0.00120118j -0.00462462+0.002875j 0.00293453-0.00175554j -0.000664236+0.0013536j -0.00206834+0.00625058j 0.00451466-0.00245956j 0.00046425+0.000303739j -0.00538906+0.00574546j -0.00408962+0.0122544j 0.00230863+0.00556659j -0.00642799+0.00373991j -0.00276102-0.00130324j -0.00418828+0.00198364j 0.00908565+0.000772991j 0.00207316-0.000844295j 0.00246886-0.00578606j 0.00106758+0.00345893j 0.00139907-0.00292898j -0.00446157+0.00094151j 0.00217037+0.00700963j 0.0152732-0.0186805j -0.00904125+0.00377161j 0.00553834-0.0268652j 0.0108593-0.00431766j 0.00635888-0.00932381j -0.0199332+0.000728987j 0.0134741-0.00223798j 0.00828909-0.0163395j -0.00292489-0.00531236j -0.0083443-0.00473595j 0.00111623+0.00170664j 0.0144508-0.00599469j -0.0119953+0.00421774j -0.000976596-0.00193618j -0.0114021-0.000806061j -0.00764365+0.00148009j 0.000879006+0.00146981j -0.00933581-0.00405077j 0.00586663-0.00394881j 0.00405166-0.000980394j -0.00626926-0.0021934j 0.00555127-0.000873805j 0.000805864-0.00673302j -0.00487674-0.00371946j 0.00595768+0.000435335j 0.00489386-0.00169962j -0.000810289+0.00247413j 0.000600083-0.00286475j -0.000856755-0.00415272j 0.00507137-0.000667099j -0.0036581-0.00135429j 0.00394394-0.00141027j 0.00522516-0.000899807j -0.00157171-0.000273551j 0.00623836-0.000352434j 0.00379229+0.0043821j 0.00227954+0.0029469j 0.00317138+0.000544483j -0.000300044-0.000481853j -0.00437655+0.00380071j 0.000385652-0.000238602j -0.00142374-0.000671973j -0.0050144-0.00286442j 0.00213178+0.000529934j 0.00528241-0.000672671j 0.00698016-0.0035817j -0.000914374+0.00100083j -0.0034434+0.000802814j -0.0027176+0.00173193j 0.0017331+0.000494511j -0.00322245-0.000222326j -0.00196074-0.00474204j -0.00126264-0.0038117j -5.43897e-05-0.00530568j -0.00494204-0.000695189j 0.000371896+0.000364249j -0.000713065-0.0092746j -0.000645331+0.00437116j 0.00243425+0.0043147j 0.00140024+0.00328934j 0.00122357+0.00278411j 0.00239538-0.000357839j -0.00423842-0.00587857j 0.00173623+0.00653504j -0.0044837-0.0048885j -0.00181145+0.00236181j -0.00833615-0.00284731j 
-0.00277669-0.00285231j -0.00111448+0.00091994j 0.00119532-0.00285346j 0.00200979-0.00460087j 0.00252497-0.00263594j 0.00247271-0.00175056j 0.00298872-0.00332387j 0.00163501-0.00203266j -0.00254408+0.00240732j 0.00120534-0.00281741j -0.00588488+0.00233331j -0.000794372-0.000343503j -5.4125e-05+0.000253317j 0.00103614+0.00171398j 0.00313027-0.00126056j 0.00263511-0.00592511j 0.000166441-0.000649662j -1.3443e-05-0.000651152j -0.00162036+0.00164184j -0.00699346+0.00285859j 0.0010684-0.00352559j -0.00377573-0.00206054j -0.00331622-0.000553607j 0.0052195-0.0017794j 0.00116979+0.00139207j -0.00490346-0.000894952j -0.00443259+0.00826271j 0.00414556+0.00516125j -0.00162667+0.00407838j 0.00547384+0.00108284j 0.00625743-0.0102056j -0.00152117-0.00116694j -0.00249571+0.00621473j -0.013805+0.00729485j 0.00332653-0.0138138j -0.00255917+0.0106676j -0.00328877-0.00509256j 0.0121271-0.0119092j -0.00837847+0.0107579j 0.0211913-0.00352086j 0.00599207-0.000949249j 0.00469452+0.0121291j 0.0122111+0.000724261j 0.0196745-0.0030838j 0.0117458+0.00131416j -0.00125969-0.00103179j 0.00105638+0.0018757j -0.00190336-0.00438678j -0.00840386-0.000432299j -0.00291075+0.00279997j -0.00347241+0.00033436j -0.00565693+0.00308099j -0.00569023+9.65316e-06j -0.00829777-0.00320963j 0.0019413-0.000360142j -0.000784985-0.00481322j -0.00249946+0.00106585j 0.00126735+5.30431e-05j 0.000964529-8.47593e-05j 0.00267399+0.00222852j -0.00166705+0.0016954j -0.00178348+0.00433039j 0.00233028-0.00330851j 0.000487875-0.00237149j -0.00166927+0.00180557j 0.00321776+0.00097553j 0.00583617-0.00206242j 0.00171149+0.000729691j 0.00351794+0.000197917j -0.00393448+0.00341798j 0.000390958-0.00103247j -0.000561219-0.00431362j -0.00169702+0.00125982j -0.00134316+0.000694292j 0.00602722-0.00142609j -0.000316722+0.00191733j -0.00485678-0.00198722j 0.00810556+0.000664856j 0.00366485+0.00167287j 0.00628378-0.00554225j 0.00189958-0.00298134j -0.00883417-0.00555015j 0.000398968+0.0017199j -0.00120852-0.00088063j -0.0014605+0.00156798j -0.00237068-0.00121601j -0.00166493-0.00601366j 0.00190238+0.0043314j 0.00409823-0.00424637j 0.000437649-0.00591764j 0.00145253+0.0024966j -0.00274574+0.0034656j 0.00555587+0.0031916j -0.000691168+0.00143909j 0.00280162+0.00845356j 0.000221662-0.00465309j -0.0034416+0.000282839j 0.000398073+0.00272266j 
-0.00187672-0.00256452j 0.00147591+0.00331928j 0.00219055+0.000748678j 0.000569117-0.00385048j 0.00125171-0.00452915j 0.00217936-0.00257806j 0.00253661-0.0036301j 0.00163234+0.000608623j -0.00231242-0.000486533j 0.00153234+5.6745e-05j -0.00428733-0.000475505j -0.00136081+0.00135046j -0.00167377+0.00320604j 0.000573888+0.00202902j 0.000378277-0.000338541j 0.00339873-0.0065547j 0.000113555+0.000103771j -0.00241243-0.000207549j -0.00195009+0.00220462j -6.39696e-05+0.00240717j 0.00480076-0.00418209j -0.00190777-0.00201508j -0.00222456+0.00179811j 0.00311465+0.00255395j 0.00207919-0.00319366j 0.0022853-0.00317511j -0.0065967+0.00567395j -0.0026707+0.00243005j -0.000844972+0.00316921j -0.000578138+0.00743571j 0.00727605-0.00906675j -0.00521155-1.11733e-05j 0.00125061+0.00472572j -0.00582822+0.00273253j -0.00194903-0.00849305j -0.00667697+0.00995406j 0.000512719-0.00193422j 0.0110419-0.0126614j -0.00381214+0.00391j 0.000323482-0.00230583j 0.00532059-9.08924e-05j -3.3725e-05+0.00553314j 0.00682393-0.00450293j 0.00635541-0.00204568j 0.00432293+0.000593647j 0.000486471+0.00101986j 0.00245587+0.00292259j -0.000201959-0.00331168j -0.00596283+0.00104198j -0.00556855+0.00233372j -0.00448229-0.00299356j -0.00618235+0.00401973j -0.000308974-0.00328173j -0.00490366-0.001833j 6.16156e-05+0.00105203j 0.00553272-0.00232472j -0.00086148-0.000488947j 0.000493921+0.00132329j -0.000284592-0.000844007j -0.000641422+0.000248642j -0.00208106-0.00307821j -0.00489415-0.000770714j 0.00321896+0.00165078j 0.00339422+0.000177225j -0.00387932-0.00168559j 0.00367306-0.00121884j 0.00560375+0.00177446j 0.0021025+0.000704738j 0.00318128+0.00195237j -0.00341191-0.00188393j 0.00148988+0.0019613j 0.00245892-0.00151732j -0.00102214-0.000154141j -0.00203571+0.000339914j 0.00425548+0.00129188j -0.00209572-0.00238993j 0.000721097-0.00532181j 0.00128003+0.0013284j -0.00464721-0.00163087j 0.00837155+0.00419946j 0.000666453-0.000283258j -0.00293338-0.00187611j -0.00242091-0.0007504j -0.00344464-0.00171445j -0.00443077-0.00603354j -0.00184107+0.00033312j -0.00134058+0.00252931j -0.00973614-0.00968235j 0.00265284+0.00646789j -0.000868035-0.00397011j -0.000825032+0.00371518j 0.00163894+0.00678589j 0.0010144+0.0045698j -0.000473227-0.00274852j 0.00189981-0.0037843j 0.00318125-0.00252091j -0.00242847+0.00361979j 0.000889102-0.00464941j 
-0.00298108-0.00253137j -3.51692e-05-0.000896524j 1.091e-05+0.00126082j -0.00201462-0.00381413j 0.000471573-0.0017024j -0.001907-0.000197743j -0.00310595-0.00254347j 0.000612982-0.00154268j 0.00366369-0.00294798j -0.000287251+3.91289e-05j 0.00142031+0.00211301j -0.000847596+0.00252201j 0.00559523+0.000366405j 0.00110044-0.000529587j 0.00148423-0.00290298j -0.0055055-0.00096171j -0.000878665+0.000887819j 0.000457592-0.000652782j 0.00158311-0.00115772j -0.00172966+0.000838571j -0.00627052+0.00185816j 0.0021204+0.000193503j 0.00348451+0.000744129j -0.000556265-0.00476904j -0.00622051+0.00321369j -0.00611876-0.00158496j 0.0031179+0.000459025j 0.0018563-0.00229875j 0.00321886+0.00218859j 0.00822555-0.00348686j -0.00098296-0.00143315j 0.000941027+0.0051294j -0.00506408-0.000150639j 0.00279738+0.00306194j 0.00487177+0.00559606j 0.00453442+0.000235877j -0.00663657-0.00440005j -0.000539694-0.000321585j -0.000532492-0.000208765j 0.00169108-0.000345077j -0.00555959-0.00459377j 0.00249623-0.00282057j -0.00176554+0.00102943j -0.00482213-0.00169154j -0.00218202-0.00561098j -0.00194167+0.00238545j -0.00319963+0.00205247j 0.00318907-0.000949209j 0.00254253+0.00227769j -0.000776744+0.0031838j 0.00271809-0.00301386j 0.00309447+7.27109e-05j -0.00148925-0.00260969j 0.000722318+0.00296926j 0.0015283+0.00147538j -0.00249943-0.000374195j -0.00134976+0.00257543j -0.000196473+0.00035086j 0.000643265-6.87832e-05j -0.000641151+0.000526416j -0.00305672-0.00354799j 0.00173056+0.000499168j 0.000824196+0.000176415j -0.000823891-0.00183346j 0.00142342-0.0036756j -0.00182626-0.00101667j 0.00272565-0.00114162j 4.67622e-05-0.00172327j 0.00113264-0.00441545j -0.00254573+0.000134023j 0.00169514+0.000434385j 0.00207056-0.00378725j -0.0010431-4.04597e-05j 0.000165704+0.000450597j -0.00162257+0.000757843j -0.00590781+0.00132968j -0.00442401-0.00495924j 0.00416391+0.000654493j -0.000299271-0.000477871j 0.00866352+0.000899053j 0.00105308-0.0029952j -0.000434625-0.00409013j 0.000185342+0.00553914j -7.27848e-05+0.00227569j -0.00108556+0.00346294j 0.00112789-0.00262065j -0.00499361-0.00720699j 0.00278532-0.00661854j -0.00299525+0.00226821j -0.00547663-0.013171j 0.00419937-0.00196355j 0.00175836+0.00311523j -0.000962285+0.00492885j 0.000630512+0.0138714j -0.00339374-0.00215067j 0.000513451-7.92972e-05j 0.00147293-0.00484031j 0.0035645-0.00391221j 
0.000819596-0.0007236j 0.000558412+8.67411e-05j -0.00303973+0.00325013j -0.000372983-0.00195258j -0.000722278-0.00265088j -0.00178487-0.00074159j -0.00222075-0.000796752j 0.000827439+0.00178424j 0.00379067-0.00137487j 5.02617e-05+0.000735503j 0.000116608+0.00179528j -0.00332406+0.00570474j 0.00593873-0.00117287j 5.62675e-05-0.00128649j 0.00464063+0.00027302j -0.00982272+0.00167949j -0.000634206+0.000204252j 0.00418951-0.00101859j 0.00221699+0.0016324j -0.00632974+0.00775526j -0.00987949+0.000952324j 0.000468405+0.00212967j 0.00293047+0.000616012j 0.00327114-0.00785679j -0.0111104+0.000584852j -0.0114235-0.00331083j 0.00280027+0.00384869j 0.00146863-0.00162778j 0.00507027+0.00132287j 0.0137096+0.000811307j -0.00674808-0.00883801j 0.00520479-0.00712778j -0.0130015+0.00157809j 0.00719041+0.000895281j 0.00770526+0.0058265j 0.0123979+0.00246717j -0.012794+0.00427195j 0.00662842-0.0169623j 0.000210737-0.000126872j 0.00950002+0.00457753j -0.00738472-0.00675662j 0.00860408-0.00345537j 0.00695192-0.000943157j 0.00435514+0.00424242j 0.00308929+0.00084364j -0.000199999+0.00708983j -0.00135722+0.00508125j 0.00754079+0.00120772j 1.624e-05+0.00565028j -0.000872502-0.00155012j 0.00420772-0.0010887j 0.00932991+0.00298557j 0.00381317-0.00194621j 0.00863211+0.00408275j -0.000534589+0.000541979j -0.00116663+0.00139976j -0.00197518-2.26867e-05j -0.00306632-0.000153018j 0.0010219+0.00160689j -0.00659484-0.00185719j 0.00147343-0.00565609j -0.000404918+0.000131352j 0.00225951+0.00509092j 0.00266447+0.00311177j 0.00475019-0.003709j -0.0053197-0.00113219j 0.0022202-0.000986804j -0.00306978-0.00209162j 0.00439491-0.00512059j -0.0067573-0.00100086j 0.00560581-0.00239561j 0.00886939+0.00147225j 0.00209291-0.000334509j 0.000142202-0.000747188j -0.000423258+5.37958e-05j -0.0104023+0.000315102j 0.00385202-0.00122727j 0.0011157-0.00137016j 0.00278288-0.00261211j 0.0146312+0.00476229j 0.00793702+0.00223966j 0.0125676+0.00602776j -0.00247574+0.00281113j 0.00537363+0.00450236j -0.00818384-0.00132254j 0.00609406+0.00113935j 0.00813912-0.000229817j -0.000821646-0.000930233j -0.000268016+0.000818533j 0.00105213-0.00436041j 0.0104418+0.00366709j 0.00171645-0.00013667j -0.00121535-0.00490414j -0.000212754+0.005781j 0.00112984-0.00851062j -0.00195267+0.00535693j -0.000956149+0.00228289j 0.00768434+0.00491423j 
0.00211771+0.000721762j -0.000838924-0.000166714j -0.00192922-0.00102584j -0.00304349+0.00178505j -0.0031615+0.00305985j 0.00157265+0.000112068j 0.000497734-0.00110346j -0.00253277+0.00037866j -0.00526235+0.00691975j 0.00100674-0.00232375j -0.00185144+0.00180407j -0.00167992-0.00394254j -0.000603963+0.000844708j -0.00107594-0.00160794j -0.00459412+0.000700558j -0.000430059-0.00166894j -0.0017931+0.00205616j 0.000818059+0.00247719j -0.00192122+0.00240263j -0.001716-0.00488226j -0.00139654-0.00131689j -0.000477448+0.00372054j -0.00019156+0.00996878j 0.00644083-0.00185681j 0.00462163-0.00398337j 0.00323985+0.0057708j -0.000975485-0.00369101j 0.00442045-0.00239715j -0.00360333+0.00144629j -0.00691422-0.00686019j 0.000787959-0.00261457j 0.00160167-0.00359784j 0.00142437-0.0150652j -0.00349924+0.00709194j 0.00398257-0.0176871j -0.00189509+8.8273e-05j 0.00036488+0.00222142j 0.00448688+0.00176744j 0.00995995+0.00401765j 0.00261324-0.0139962j -0.00178516+0.000726365j 0.0109694+0.00236431j 0.00827145+0.00615836j 0.00824205+0.00234323j -0.00248189-0.000792499j 0.000553866-0.000694714j 0.00574081+0.000349501j -0.000530136-0.0016822j -0.00236065+0.00437452j 0.00212075-0.00141277j -0.00267184+0.0075225j -5.99391e-05+0.0041294j 0.00353086+0.00317725j 0.000389723+0.00535697j -0.00312836-0.00187448j -0.00380617+0.00304742j 0.00850425-3.60653e-05j -0.00563446-0.00422378j -0.00544917-0.000564447j -0.00175565-0.00163047j -0.00104782-0.00172215j 0.000919808-0.00796868j -0.00353446-0.0039661j -0.0107896-0.00686731j -0.0106155-0.00369665j 0.00612879-0.000145646j 0.00231965+0.00375883j 0.0067697-0.00179217j -0.0033449-0.00800107j -0.00612117-0.00536326j 0.00796412+0.0099554j 0.000769302+0.0067357j -0.000785489+0.00459166j 0.000630404+0.00539756j -0.00879339+0.00956055j -0.00107024-0.00928436j -0.00576848-0.00208313j -0.00211996+0.00427131j -0.00856307-0.00628044j -0.00422918-0.00312036j 0.00259416+0.0140372j 0.00121589+0.00817023j 0.00019637+0.00248734j -0.00231723+0.0133473j 0.00406841+0.00367597j 5.66902e-05-0.000887204j -0.00061992+0.00281673j 0.00188807-0.00241675j 0.00379422-0.0128055j 0.00502455-0.00972107j -0.00307235-0.00454406j 0.0104783-0.00417609j -0.00289611+0.0073363j -0.00193188-0.00159686j 0.00632614+0.00147898j -0.00952482+0.00415866j 0.00517485+0.000370137j 0.000300207-0.00101706j 
0.000185176+0.00393074j -0.00219804+7.92285e-05j -0.000569396-0.00293054j -0.00206805+0.00611646j -0.00215597+0.00675157j -0.000661387+0.00086776j 0.000476189+0.00287664j -0.000399474+0.000256736j -0.00348325+0.00697098j 0.00179474-0.00120612j -0.00515059-0.00140677j 0.00336304-0.000263521j -0.00217998-0.00317751j -0.00181946-0.00210785j -0.00124945-0.000824768j 0.00790212+0.00195016j 0.000729882-0.00522299j 0.00158527-0.00308507j 0.0044581+0.000916539j 0.00480771+0.00569539j 0.0105984+0.000325955j -0.000455886+0.00589439j 0.000439835-0.00408688j 0.001668-0.00519011j 0.00434245-0.00530461j 0.00378452+0.00310123j -0.0073156-0.00191465j -0.00511295-0.00707564j -0.00821821-0.00662651j -0.0122535+0.00137864j 0.00475544+0.00779959j -0.00210409-0.016858j -0.00129966+0.00864651j -0.0143038+0.0064258j -0.010912-0.000816717j -0.00510968-0.00760348j 0.003702+0.0102741j 0.00161422-0.00142316j -0.00804969-0.00428616j -0.00734073-0.0113816j 0.00494215+0.00276992j -0.00204151-0.00827255j -0.000414968-0.00873042j 0.0112489+0.00576039j -0.00120308-0.00319933j 0.00342552+0.00663043j 0.00586989+0.00309495j 0.000509096-0.00243944j -0.00354778+0.00233962j 0.00613073-0.0055124j 0.00311893+0.000716177j 0.000116909+0.000652557j -0.00232824-0.000612873j 0.00332646-0.0060342j -0.00633568-0.000835444j -0.00194593-0.000989391j -0.000189897-0.00131622j -0.00247313+0.0037554j 0.00277176-0.00100066j -0.00967404+0.000645994j -0.00478905-0.00482943j -0.0054426+0.00499656j 0.00266641-0.00102105j 0.0031229+0.00129696j -0.00295465+0.00258044j -0.00734323-0.00793932j 0.00619694-0.00588907j -0.00140583-0.0055408j -0.001761-0.00011664j -0.000298824+0.0027168j 0.006738-0.006671j 0.0022637-0.00760193j -0.00412363-0.00265057j -0.000981808+0.000501011j -0.000577635-0.00209262j -0.00062751+0.00624615j -0.00805205-0.00695624j -0.00121487-0.000945434j -0.00134068+0.00789458j 0.0105099-0.00225342j 0.00183903-0.00931547j 0.00316772+0.00289396j -0.00353599+0.00688714j 0.000203879-0.00844379j -0.00873339+0.00378453j -0.00238543-0.000413405j 0.00538915-0.00476208j -0.0123001+0.00546586j 0.0026005+0.00388309j -0.000134743-0.00301095j 0.00465879+0.00204392j -0.00125772-0.00820226j 0.00325105-0.00276104j -0.00696888+0.00579368j 0.0015491+0.000381897j -0.00362093+0.000331096j 0.0108308+0.00125148j 4.56517e-05-0.00277379j 
-0.00250142+0.00203252j -0.00226321+0.000797701j -0.00330427-0.00190456j -0.00273128+0.00164523j 0.000193253+0.00243872j -0.00357261-0.00145548j -0.00227409-0.00119547j -0.00092456-0.0014602j 0.00124717+0.00809686j -0.00020514-0.00298973j 0.00348281+0.00852623j -0.00179953-0.00659704j 0.000333833-0.000110087j 0.0023335-0.000757563j -0.0016496+0.00194972j -0.0059-0.00821488j 0.000358952+0.00073249j 0.00252114+0.00244239j -0.00159126-0.000881502j -0.00859902-0.00295424j -0.000756534-0.00719872j -0.00407808+0.000460638j 0.0025313-0.00288263j -0.000495775-0.00926743j 0.00135955+0.000519218j -0.000956827+0.00059624j 0.000300506+0.00736749j -0.00161006-0.00529086j 0.00165562-0.000699263j -0.00412739-0.000504483j -0.00192577-0.0032757j 0.0144244-0.00524373j -0.0128943+0.000312092j 0.0100625+0.0204864j 0.000269399+0.00174157j 0.00469997+0.00894381j -0.0129937-0.00700818j 0.0167913+0.00109023j 0.0066726+0.00881784j 0.00464381-0.00738069j 0.00421273-0.00865372j 0.00365551+0.000177687j 0.00760219+0.00458229j 0.00799752-0.00679656j -0.00192848-0.00275721j 0.00124197-0.00113579j 0.00191955-0.00227793j -0.00166563+0.00254799j -0.00238463-0.000461203j 0.00648313+0.000591401j 0.00370611+0.0047285j 0.00103859+0.00198718j -0.00377279+0.00528658j 0.000488869+0.00221744j -0.00267879-0.00297831j -0.00546961+0.00405672j 0.00175185+0.00211348j 0.00457133+0.00178363j 0.00364971-0.00205518j 0.00338552-0.00646195j -0.00184757+0.000565512j 0.00219469+0.00324162j -0.00264672+0.00365006j -0.00562089+0.00542552j 0.00463734+0.00442499j -0.00647099-0.00529329j -0.000923497-0.00191596j -0.00305796-0.0045023j -0.00102802+0.00687771j 0.0122912-0.00206527j -0.000712657-0.00417884j -0.00915674-0.000373317j -0.00443955-0.00393994j 0.00315622-0.00381507j -0.00699217-0.000144371j 0.0116398+0.00225005j -0.00156423+0.00249141j -0.0051297-0.00258818j -0.00136507+0.00334228j -0.00555356+0.00888823j -0.0119789-0.00811742j -0.00806392+0.00704306j 0.00401419+0.000517563j 0.000786991-0.00976588j 0.0109625-0.00395171j -0.00817863-0.00270509j -0.00938042-0.00369534j 0.00772618-0.00325617j -0.0109604+0.00791666j -0.000521157-0.00399624j -0.00615164+0.0035884j -0.00652961-0.00288784j 0.00410735-0.0032004j 0.00275915+0.0046298j 0.0086155+0.000801407j -0.00329297-0.00133543j 0.00127418+0.000506842j 0.00222287-0.00314464j 
-0.00097319+0.00110327j 0.000339064+0.00546644j -0.000701199+0.00410568j -0.00162023+0.000883652j 0.000676958-0.00573615j 0.0023271-0.00291142j -9.68474e-05-0.00221772j -0.000789346+0.00671379j -0.00023249-0.000473643j 0.000911338+0.00486984j -0.00310086+0.00267878j -0.0034365+0.00191066j -0.00221702+0.00905536j 0.000211201+0.00249565j -0.00266925+0.00546277j 0.00110589-0.0131406j -0.0048273+0.00100852j -0.00499349+0.000532328j -0.00181529+0.00223163j 0.00773671-0.00143063j 0.00591374-0.0106307j -0.00147791+0.003436j -0.00614369+0.0118286j 0.0060946-0.00237593j -0.00391219-0.0164683j 0.00519767-0.0172491j -0.000448297+0.00875206j 0.00498907+0.00656068j -0.00156075+0.00708445j 0.00498884+0.0205096j 0.00440062-0.0102428j -0.00596541-0.00281374j 0.00300476-0.0125828j -0.00989203+0.00103937j -0.00433994+0.0202548j -0.00393287+0.00318818j -0.00375785-0.0123603j 0.00665111-0.00522369j 0.00116232-0.00503793j -0.019612+0.00965137j 0.00274202-0.0101255j 0.00453515-0.00150067j -0.00358298-0.00367764j -0.0152736+0.00421218j -0.00899971-0.000147563j -0.00986461+0.0027534j -0.00378164+0.0014274j 0.00186052-0.000237664j -0.00765402+0.00669099j -0.00177437-0.00281702j 0.00127707+0.000575934j -0.00515595+0.00521735j 0.00180031-0.00406506j -0.0064374-0.00161316j -0.00367732+0.00263876j 0.00523892-0.00342527j 0.00403026-0.000726305j 0.00564309+0.00138962j -0.00122919-0.00223991j 0.00359341+0.000604106j 0.00395085-0.00580719j -0.000669023+0.000455539j 0.000448614+0.000918876j 0.00443689-0.00545467j 0.00143256-0.00133855j 0.00253132-0.00163639j -0.00414616+0.00140706j 0.00465865-0.00106589j 0.00206256-0.00212112j 0.00768916+0.0033578j -0.00401168+0.001212j -0.00222095-0.00188867j -0.00227928-0.00405372j 0.00103147+0.00109135j -0.00445156-0.0052677j 0.000581881+0.00614727j 0.00384598-9.48196e-05j -0.00297525-0.00699285j -0.00436312-0.00557992j 0.00123107-0.00580913j -0.00477313-0.00735436j -0.00188681+0.00235864j -0.00153047+0.00249592j -0.00450422+0.00169323j -0.00474874+0.00803057j 0.00505801-0.000261501j 0.00323613+7.80722e-05j -0.00359199-0.00095248j -0.0015976+0.00296912j 0.00539638+0.00494835j 0.00682725-0.00501377j 0.00696663+0.0017955j -0.00080521-0.00578179j -0.00360082-0.00070558j 0.00295151-0.000309235j -0.00685245+0.00334219j -0.00102633+0.000636178j -0.00189043-0.000448994j 
0.0039347-0.00196775j -0.00262234-0.00290336j -0.00304385-0.000177955j 0.000689759-0.00244485j 0.000404641+0.00255115j 0.000782899+0.001863j -0.000808432-0.00025073j -0.00477633-0.000213626j -0.00627329+0.000105121j 0.000651199+0.000392967j -8.97151e-05-0.00314938j 0.000608252-0.000318337j 0.00255941-0.00161645j -0.00138583-0.00137317j -0.00416556-0.00331576j 0.00552957+0.00307051j -0.00769051-0.00222247j -0.00492717+0.000997886j -0.000758106-0.00106438j 0.0140653-0.00221479j -0.000907511+0.002644j 0.000585378+0.00185238j -0.0144034+0.000684055j 0.00973038+0.00257024j 8.2961e-05+0.00102838j -0.00262323+0.00755599j 0.00552801-0.00255131j 0.00350308-0.000264659j 0.00333839-0.0107432j 0.000587067-0.00877521j -0.00582121+0.00170353j 0.00380311-0.00862421j 0.0100783+0.00159117j -0.0121177-0.00357439j 0.015793+0.000159602j 0.000825607-0.00436519j -0.00476337+0.00824544j 0.0107455+0.00047661j 0.00474623+0.0140603j 0.0132342-0.0106857j -0.00727291+0.00103456j 0.00856146+0.0119524j 0.00225092+0.0102713j 0.00354009+0.0031636j -0.00383806-0.00176142j 0.00668138-0.00306102j 0.00401131+0.00139594j 0.00347788+0.0025329j 0.00026972-0.000709774j -0.00222774+0.00160393j -0.0081778+0.000958568j -0.00479419-0.000372384j 0.00193892-0.00232893j -0.00450564+0.00333805j 0.00474113+0.00118118j -0.000598175-0.00154501j -0.000928153+0.00110322j 0.0051306-0.00299443j 0.000931801-0.000775304j -0.000757627+0.00104093j 0.00762955-0.00279842j 0.00695799+0.00154344j -0.00180606-0.00394374j 0.00780973-0.00190421j 0.0101712-0.00259756j -0.0032082-0.00108064j -0.00488734-0.00397647j 0.00392096-0.00536713j 0.00957242+0.00577391j 0.00470325-0.00119276j -0.00369241-0.00447614j -0.0021665+0.00591606j 0.00246021-0.00491227j -0.00376318-0.000247153j -0.00318407-0.0034814j -0.00358938-0.00627734j -0.00226244-0.000376158j -0.00111998+0.000681687j 0.00547758+0.00477755j 0.00849805+0.00801461j -0.0103689-0.000342399j -0.0102625+0.000643167j -0.00616637+0.000796917j -0.0128931-0.00270581j -0.00998387-0.00265457j 0.00300226+0.0108359j 0.0036224+0.00192618j -0.00202751+0.0045357j 0.00228221+0.00853454j 0.0131891+0.000978543j 0.00268871-0.000486722j 0.00895958+0.0100062j -0.00277346-3.25494e-05j -0.000783321+0.00275604j -0.000184082-0.000898317j -0.00545395+0.000930037j 0.00460968-0.00381008j 0.003023-0.00103569j 
0.000313191-0.00139175j -0.00332313+0.000958375j -0.00216053-0.00233302j 0.00295157-0.000112905j 0.00510943+0.00376168j 0.00431236-0.000982647j 0.00429479+0.00142497j -0.00190093-0.00104673j -0.00234798+0.00119875j -0.000313143+0.00024696j -0.00612829-0.00581j -0.00200375-0.000255129j -0.0019481-0.00380795j -0.00234686-0.000561911j 0.000185464+0.000158483j 0.00674824+0.000753039j -0.000167433-0.00117408j 0.00033048+0.00150146j -0.00385347-0.00184722j -0.00711712-0.00576639j 0.00433295+0.000450046j 0.000911294-0.00177054j -0.00356967-0.00372858j 0.00619057+0.00193822j -0.00108024+0.000861324j 0.00325622-0.00324195j -0.00884544-0.006643j -0.00314891-0.00140163j -0.00584429+0.000584978j -0.00356433+0.00495926j 0.0130406+0.00480794j 0.00127342-0.000447163j -0.00569201-0.00692083j -0.00912539+0.00414515j 0.00757976+0.00575608j -0.0110037-0.000618845j 0.00400515-0.00696901j 0.0207302+0.0184586j -0.00609601+0.000865271j 0.00879058+0.0105999j 0.00523632+0.000782814j -0.00251567+0.00587734j 0.00727382+0.0175621j 0.00637067+0.0131319j 0.00327669+0.00461428j -0.00338344+0.00150783j -0.00317749+0.00161771j 0.000882967+0.00350415j -0.00234225-0.00761557j -0.00169663-0.00632126j 0.00271763-0.00200023j 0.000581436-0.0025049j 0.00447381+0.00080059j 0.00397905-0.00524412j -0.00106982-0.000249233j 0.0046085+0.00323834j -0.00196946-0.000210108j -0.00495371+0.00323377j 0.000784216+0.000251892j -0.00257377-0.000368695j 0.00575794-0.00441304j -0.00442492-0.00418906j -0.00194679+0.00262196j 0.00598666-7.50636e-05j 0.00376829-0.00403527j 0.000254396+0.00191585j -0.00733615+0.00595062j -0.00149555+0.00331538j -0.00130942+0.0018019j 5.83522e-08-0.00184644j -0.00430474+0.00084774j 0.0112414-0.00335899j 0.00142194-0.00256192j 0.00401077-0.0013548j -0.00287646+0.000427438j -0.00550212-0.000495791j 0.0113702-0.00413373j -0.00417758+0.000434493j -0.000781951-0.00852065j -0.00369262+0.00868878j 0.00509488-0.00401511j 0.0112169-0.00991299j -0.00126987-0.000154477j 0.00373128-0.00438937j 0.00417954+0.00230007j 0.00956645-0.00191695j 0.00855953-0.00843835j 0.0139449+0.000389608j -0.009049-0.00360158j 0.016298-0.00165046j -0.0019726-0.00310661j -0.010112+0.000417002j -0.00893749-0.000123847j -0.00928652-0.00165376j 0.00413592+0.00156876j 0.00545775+0.00178972j 0.0005197-0.000799604j 0.00715488+0.000862624j 
-0.00215255+0.000438646j 0.000587846-0.00148936j -0.00130612+0.0022513j 6.99911e-05-0.00227825j 0.00459303-0.00261223j -0.006324+0.00589254j -0.000519598-5.53159e-06j -0.000300246+0.00165068j 0.00127248-0.00474041j 0.000794539+0.00173433j -0.00933727+0.00349713j 0.00641627-0.00346758j -0.00294199+0.000693304j -0.00165533+0.002995j 0.00156248-0.00522775j 0.00346089-0.00247982j -0.00403043-0.00490043j 0.00630479-0.000738397j 0.0035516-0.00412527j 4.76904e-05-0.00192957j 0.00186312-0.00619736j -0.0024546-0.00310744j -0.0136236-0.000113648j 0.00642101-0.00287872j 0.0077212+0.00354128j -0.00613385-0.00333554j -0.012324-0.00382299j -0.00584195+0.00569055j -0.019548+0.0038289j 0.000478871+0.000841813j 0.0149532+0.00213003j -0.00365489+0.00237472j 0.0107804-0.00474484j 0.00411316-0.00430629j 0.00867934+0.00579733j 0.00395913+0.00126681j 0.00910056+2.6774e-05j -0.00995754-0.00961322j 0.00218133-0.00526649j -0.00127389+0.00785541j -0.0040977-0.00783277j -0.00503938-0.00144838j -0.00669244+0.00160153j -0.00117133+0.00148881j 0.00205121-0.00328436j 0.00325939-0.000541262j -0.00865124+0.00469277j 0.0146458-0.000595399j -0.00303611-0.00177459j 0.000127779-6.49067e-05j 0.00399576-0.00317805j 0.00238437+0.00180875j 0.000577085-0.000228422j 0.00680724+0.00318055j -0.00298231-0.00188918j -0.00487249+0.00220613j -0.00147268+0.00376382j 0.00565962+0.000498621j 0.0026519+0.00157957j 0.00163266-0.0033834j -0.00587834-0.00233241j 0.00649574-1.08578e-05j 0.00787912+0.00102539j -0.0054605-0.00599621j 0.00381752-0.00293912j -0.00346145+0.00359657j 0.00470878+0.00349391j -0.000850605+9.79594e-05j 0.00294389-0.00637176j 0.004207-0.00414277j -0.00294396+0.00346673j -0.00861925+0.00268589j -0.00756935+0.00103886j -0.00839582-0.00508547j -0.0117191+0.0027201j 0.0112345-0.00121627j -0.00107385-0.00760975j -0.00318855+0.00426045j 0.00251852+0.00134228j 0.0082242+0.00245727j -0.0038303+0.00372335j 0.00771419+0.00427906j 0.000273525+0.00387948j -0.00336421+0.00666285j -0.00171041-0.00206656j -0.00715902-0.00771604j -0.00220854-0.00429046j 0.00692557+0.00179065j 0.0123604+0.000605514j 0.00790376-0.00343422j 0.00587144-0.000995406j -0.00263292-0.00593321j -0.0028755-0.00199557j 0.00311869+0.00676959j -0.00476666-0.00380991j -0.00108894+0.000491178j -2.48686e-05+0.00121509j -0.000674951+0.00145342j 
0.000981283+0.000498239j -0.00216049+0.000327207j -0.0019549-0.000763166j -0.00110117+0.00130545j -0.00123217+0.000430524j 0.00303582-0.00184632j -0.000788528-0.000714055j -0.00195454+0.0026007j 0.000481604+0.00260419j -0.00099999+0.00148147j 0.00102076+0.000887054j -0.00512125+0.00225349j 0.00160425+0.00170254j -8.88314e-07-0.00065918j -0.00114353+0.00456699j 0.000588667-0.00329536j -0.00062914+0.00201164j 6.82886e-05-0.00186238j 0.0013962+0.00156857j -0.00190385+0.00195315j -0.00113135-0.00212155j 0.00126275+0.000743015j 0.00436462+0.0041717j 0.00255305-0.000750029j -0.00296747-0.0101625j 0.00698291-0.0068234j 0.000226789+0.00600941j 0.00583488-0.00104027j 0.00949622-0.000271623j -0.00103186+0.0106026j -0.00148719-0.00696571j 0.006686-0.00275824j -0.00889013-0.0053325j -0.010891+0.00217895j -0.01086+0.00620284j -0.00075603+0.000808284j -0.00405776-0.00718114j 0.0114648+0.00452675j -0.00391106-0.00349423j -0.00495759-0.000417736j 0.00362911-1.1692e-05j 0.00703252-0.000599182j 0.00165855+0.000580144j -0.00602656+0.00315745j -0.00314698+0.000975345j -0.00815677-0.000195185j -0.000623125-0.000941867j -0.00319854+0.000731713j -0.0021134+0.00437637j 0.000714386-0.00126596j 0.000183464+0.00290202j -0.00069442+0.00271635j 0.00199049-0.00119884j -0.00261615+0.00118931j 0.000772858+0.00233093j 0.00183095-0.00318393j 0.000897737-0.00280799j -0.00248736-0.0039917j -0.00111093-0.000330059j -0.000466688-0.00175737j 0.00515539-0.000269055j -0.00208132-0.00159551j -0.00565958-0.000521621j -0.00140478+0.00171834j 4.4815e-05+0.00149007j 0.00280098-0.00427121j -0.000684778-0.000215235j 0.00405635-0.00437743j 0.000319402+0.00206015j -0.00275357-0.00334681j 0.00552801+0.00110646j 0.00594365+0.00509987j 0.00310821+0.00196426j 0.00339519+0.00274248j 0.00402015+0.00241416j -0.00865311-0.00639011j -0.00157535+0.00155098j 0.00349275+0.00185496j -0.000543926+0.00266303j -0.000736151+0.00397508j 0.00394434+0.00460633j -0.00295161+0.00016025j -0.004134+0.000227953j 0.0012401+0.00288011j -0.00291284+0.000567851j 0.0043683+0.00691311j 0.00138543+0.00288456j 0.000964233-0.00189189j -0.00697113-0.00290935j 0.00212817-0.00720141j -0.00240712+0.00308856j 0.00202049+0.00143385j 0.000562893+0.00222517j -0.00788263+0.00213237j 0.00245573+0.00193022j -0.00279486+0.0023615j 0.000688897-0.00402355j -0.000597295+0.00328455j 
-0.000339546-0.00270451j 0.00220185-0.0032996j -0.00132914+0.00175382j 0.000644783-0.00508993j -0.000739895+0.000193076j -0.00356315-0.00205153j -0.000619645-0.00441974j -0.00155153+0.00167118j -6.84562e-05-0.00377038j -0.00245448+0.00352095j -0.00303748+0.000695632j 0.00022755+0.00445478j 0.00365181-0.00198535j 0.0003132+0.000117315j -0.00285601+0.000610092j 0.00822415-0.00182263j -0.00141752-0.000915549j 0.00484961+0.00160226j 0.00588638+0.00279114j 0.00300051-0.00138707j 0.00137732+0.00300112j 0.00614713-0.00562003j 0.00317513-0.00448573j 0.013061-0.00328431j 0.00254502+0.00420255j 0.0036935-0.00328935j -0.01158-0.00312013j 0.0045003-0.00424767j 0.0200523-0.00547133j -0.0108169-0.00722131j -0.0034008-0.00480586j 0.0174825+0.00761875j -0.0188969-0.00807948j -0.011239-0.0081778j -0.0162043-0.00180847j 0.00417193+0.00145043j 0.00220726-0.00157571j 0.0132716+0.00787259j -0.00240767-0.00378008j 0.00339908+0.00308853j 0.00190913+0.00752065j 0.00549908-0.00319849j -0.00163349+0.00165065j -0.00520514+0.00173254j 0.00277374-7.96241e-05j 0.00795119-0.000664574j -0.0034399+0.00223435j 0.00467389+0.00470926j 0.00132596+0.000436969j -0.00111733+0.00375098j -0.0033188-0.00115849j -0.00149366-0.00339008j 0.00640919-0.00199967j 0.00475154+0.00497259j 0.00232288+4.12234e-05j 0.00055657+0.00073995j -0.00502362+4.20968e-05j 0.000427264+0.00306586j 0.00645624+0.00359086j 0.00622253+0.000458812j 0.00617711-0.00470458j 0.00516302+0.00485973j 0.00130317+0.00347129j -0.0050998+0.00234403j 0.000674459+0.000411898j 0.00979675-0.00311631j 0.01085+0.00203805j 0.0138333+0.00109826j -0.00764679-0.000426667j 0.00475944+0.0094556j 0.00928879+0.000121823j -0.00565257-0.00388098j 0.00531974-0.00474338j -0.00555017-0.00634448j -0.0034882-0.00682884j 0.00452022+0.0139651j 0.00115248-0.00266577j 0.00269298-0.00276411j -0.00476552+0.00660499j -0.00106397+0.00687194j 0.00865593-0.00410865j -0.00506305-0.00428547j -0.00744786-0.00265868j 0.0113014+0.00265293j -0.00437777-0.00568992j -0.00691814-0.00475451j 0.0019133-0.00421693j -0.00203843-0.00191004j -0.0105665-0.00247867j 0.00766935+0.0102945j 0.00160176-0.002715j 0.00784295+0.00118709j 0.00276935+0.003837j -0.00103281+0.00366745j -0.00324224-0.00679957j 0.00290035+0.00148298j -0.00201371+0.00128378j 0.00475928+0.00149872j 
0.0034091+0.00445685j 0.0028023-2.48801e-05j -0.00261811-0.000664422j 0.00268349+0.00547295j 0.0019545+0.000902098j -5.38543e-05-0.000755114j 7.92626e-05+0.00370317j -0.00185314+0.00551282j 0.00256049+0.0075072j -0.00142571-0.00141088j -0.00361478+0.00746656j -0.000794798+0.00223021j -0.00274962-0.0070177j -0.00161701+0.00237751j -0.00306735+0.0060581j -0.0010031-0.00345806j -0.00319137+0.00598896j 0.00428304+0.00128587j 0.000909426+0.0011268j 0.000688794-0.00527115j -0.00373517-0.00493849j 0.00504236+0.00300046j -0.00379833+0.0141201j -0.00213868-0.0175266j -0.00100823-0.00101977j 0.00329403+0.00149201j -0.00223075+0.00350615j 0.00134278-0.000178154j -0.00378331+0.00622881j -0.000793123+0.00162412j 2.00983e-05-0.00297321j -0.000378522-0.00431179j -0.00242568-0.00214787j -0.00174236+0.0103893j 0.00743779-0.000198826j -0.000381965-0.00336841j -0.00106114+0.0105007j 0.0015221-0.0117447j 0.0042601-0.00145904j -0.00143486+0.00553892j -0.0069376+0.00726971j 0.00425953-0.00722633j 0.00477719-0.00863744j 0.0066772-0.0022451j -0.00289306+0.00578552j 0.00703193-0.000225409j 0.000378048+0.000353128j -8.78967e-05+0.00122043j 0.000245708+0.000308277j 0.00278506-0.00667961j 0.00121127+0.000370447j -0.00567115-0.0073455j 0.00448708+0.00176261j -0.00242482-0.00539485j -0.000832043+0.00267211j -0.00299721+0.00139113j -0.000806053-0.00214252j 0.00253309+0.00132886j 0.00319449+0.00329448j 0.00413602+0.00462169j 0.00981337+0.00547345j 0.00771755+0.00363272j 0.00566135-0.000848336j 0.00251077-0.00298327j 0.00746471+0.00112204j 0.00393223+0.0101001j 0.00278832+0.00171865j 0.00296741+0.0124801j 0.00223871+0.00148331j -0.00388519+0.00648932j -0.00363834+0.00252863j -0.0055944-0.00468524j 0.00486887+0.00359462j -0.00674005-0.00614266j 0.00593399-0.00350026j 0.000430239+0.00198969j 0.00441314+0.000777119j 0.00260292+0.0064575j 0.00280468+0.000391773j 0.00280957+0.00244344j 0.00390006-0.000527659j -0.00200608-0.0156477j -0.000949322-0.011079j -0.00199555-0.00402322j -0.0020613-0.0132496j -0.00200438-0.0043229j 0.000718725+0.00464733j 0.00306967+0.00153368j 0.00453189+0.000426833j -0.00317306+0.00818937j -0.00090093+0.00762103j -0.00458982+0.00763706j -0.000692599-0.000813341j 0.00133935+0.000334864j -0.00393621-0.0019545j 0.00524618-0.00567625j -0.000601831+0.000442482j -0.00121205+0.0057202j 
0.00275626+4.37499e-05j -0.00183759-0.00259429j -0.000305972+0.00133923j -0.000956405-0.000267283j 9.61107e-05-0.000906527j -0.00103352+0.0105984j -0.00308857+0.00226214j -0.00182784-0.000843003j 0.000449969-0.00424521j -0.000251345+0.00122292j -7.40836e-05+0.00808587j -0.00390087-0.00477058j -0.00013862-0.00265665j -0.000468803-0.000240785j -0.00114574-0.00440251j -5.40799e-05+0.00135796j -0.00632592-0.00125237j 0.0101591-0.0168199j 0.0029632-0.007956j -0.00630671+0.0131171j -0.0115692+0.00611406j -0.00223926-0.00270776j -0.0117845-0.0019916j -0.00477266-0.00847207j 0.00780165-0.00726807j -0.00308857+0.0032747j -0.00995945+0.0133401j -0.00213629+0.0069439j 0.00339867+0.0083613j -0.0150566+0.010586j 0.00957361-0.0155502j 0.00271614-0.000941127j -0.00591044+0.00183596j 0.000677027-0.00515229j -0.0114723+0.00707648j 0.00699151-0.00558182j 0.0106646-0.0092514j -0.0115886+0.0106064j -0.0149286+0.00135493j 0.0083867-3.29413e-05j -0.00130598+0.000677339j -0.0138102+0.00357282j -0.00423269+0.00491736j -0.00240226-0.000558011j -0.00154838-0.00502667j 0.00310491-0.000278784j 0.000875062+0.00671825j 0.00162962-0.00520977j 0.00398011-0.00329118j 0.00216955-0.00289142j 0.00107107-0.00391583j 0.00172512-0.00386835j 0.00778645-0.00195413j 0.0025867-0.00181484j -0.000192422+0.000876364j 0.00145542+0.0077772j 0.00504958+0.00571806j 0.00145813-0.000322823j 0.00203069-0.00600389j -0.00516011+0.00527992j -0.00523951+0.00471899j 0.00476423-0.00547527j 0.00188789-0.00695888j -0.003968+0.00331077j -0.00133098+0.000729908j -0.000498202-0.00142945j -0.00195031-0.00606165j 0.00650513-0.00239746j -0.00743622+0.00396649j 0.00130224-0.000569404j 0.00388401-0.00254795j 0.00112076+0.00844019j 0.00547832+0.000625528j -0.00508306+0.00918884j 0.00366048+0.00878341j 0.000503613-0.0113425j -0.00710819+0.00478098j -0.00459793+0.00146675j 0.00435606-0.00111137j -0.00322739-0.000849947j -0.00249295+0.00113652j -3.36876e-05-0.00144053j 0.00220932+0.0012132j 0.000643631+0.00208435j -0.00419511+0.00177328j -0.00734783+0.0116598j -0.00539954-0.00103634j 0.000217096+0.000511063j -0.00352178-0.00734826j -0.000962991-0.00234972j -0.00133796-0.00361682j -0.00489648+0.00326369j -0.00275308-0.00189618j 0.00468124-0.00334827j -0.00302125+0.00283237j -0.00222541+0.00308162j 0.0064228-0.00246653j 0.00329597-0.00072831j 
0.000938593-0.000132665j 0.00127008+0.000157887j 0.00116553-0.00305089j 0.000893099+0.00232383j -0.00258014+0.00620196j 0.0021658-0.00644927j -0.00179407+0.00209314j -0.00192945-0.000867995j -0.00214964+0.00315042j -0.00302237-0.000349951j -0.000933222-0.00425147j -0.00331116+0.0090571j 0.00274225-0.00512846j 0.000487329-0.00608927j 0.00619493+0.00332137j -0.00490512+0.000420184j 0.00293901-0.00263216j 0.00685452-0.00302599j 0.000282282+0.00460133j -0.00728977+0.0085019j -0.0114099-0.000448682j -0.00161902+0.00248943j -0.00986613-0.00927161j -0.00931733+0.011429j -0.0120004+0.00475654j -0.00285347-0.00587279j 0.0136317-0.00715997j -0.000434236-0.00234091j -0.00194134-0.0228029j -0.00921855+0.00910368j 0.00129335+0.0047701j -0.0121028-0.00473932j 0.013137+0.0116483j 0.00453924+0.014079j -0.00415517+0.0163409j -0.00242553+0.00268834j -0.00112936+0.00419705j 0.00611467-0.0170532j -0.000510327+0.0155833j -0.00500792+0.00130753j 0.00863819-0.00944727j 0.00328595-0.000243355j 0.0016551+0.00188016j 0.000317413+0.0033118j 0.00502812+0.0035017j -0.00363397+0.0032543j 0.00184429-0.00471536j -0.00773926+0.00363051j 0.00138827+0.0038034j 0.00682074-0.000356862j -0.000479332+0.00481711j 0.0014735+0.00239976j 0.00458893+0.00364851j -0.00784462+0.00615086j 0.00826052+0.00131353j -0.00316282-0.000558204j -0.00238233-0.00246782j -4.2636e-06-0.00348112j 0.00407943+0.00356469j -0.00368748+0.00135224j -0.00570429+0.00166147j 0.006752-0.00155226j 0.00909336-0.000602134j 0.00448223-0.00222678j -0.00996282-0.00283343j 0.000944952+0.00011386j -0.000926762+0.0027305j 0.00794022+0.00554656j -0.00354354-0.00493207j 0.000298559-0.00571677j 0.00622617+0.00836542j 0.00205509-0.00126319j 0.00966523+0.00469888j -0.00819214-0.00420784j 0.0024689+0.00408619j 0.00543308+0.00258762j -0.00305767-0.00421586j -0.0102803-0.00305172j 0.00251344+0.000832965j -0.00606764-0.0020026j -0.0068484+0.00226673j 0.00175998+0.00146615j 0.000548783-0.00592769j -0.000405767+0.00343276j 0.00124905-0.00543304j -0.000754685-0.00866435j -0.00845295-0.00775672j 4.09013e-05+0.00314623j 0.00709906+0.00204846j 0.00131946-0.0044927j -0.00202802-0.00366641j 0.0026946+0.00443017j -0.00125578-0.000758006j -0.00248806-0.000525461j 0.00248735+0.00115873j 0.000125491-0.000925331j -0.000447712+0.000393928j -0.000848918+0.00170891j 
0.00177755+0.000971567j -0.000677118-0.00167156j -0.0015927-0.000254374j 0.00108818+0.0026252j 0.000568466+0.00508946j -0.0018422+0.00235415j 0.00150724+0.0013815j -0.00082207-0.00024374j 0.00029868-0.00228959j 0.00253659+0.000227153j 0.00561735-0.00394373j 0.00526309+0.00102124j -0.00175461-0.00172796j -0.00302739-0.00163005j 0.000375401-0.00104498j -0.000627299-0.000632022j 0.00430683-0.00892276j -0.00881829-0.00429699j 0.00628816-0.00804935j 0.0131526+0.00625282j 0.0132894-0.00564281j -0.000487402-0.0027097j -0.000196125-0.014096j 0.00268978+0.00378878j 0.00484373-0.00104924j -0.000562134-0.00512491j -0.007433+0.0095034j -0.00295912-0.0028079j -0.00190463-0.0152594j 0.0212703+0.00659425j -0.0108484+0.00160632j 0.014573-0.0127432j -0.00636332+0.0238865j -0.00367786-0.00127521j 0.000496866+0.0232435j 0.00144406-0.00615438j -0.0114375-0.00397997j 0.015757-0.00387147j -0.0119762+0.00720603j 0.00513023+0.00565926j 0.00528318-0.00896837j -0.00894884+0.00129308j -0.00532891+0.00280322j 0.00418356+0.0042551j -0.000306161-0.000896078j 0.00493062+0.000527032j -0.00146132-0.000145028j 0.00251733+0.00280591j 0.00320546-0.000109371j -0.00661557-0.00122983j -0.00180723-0.00156605j -0.00619274+0.000602477j -0.0014721-0.00198538j 0.00253878-0.000171317j -0.0061784+0.0007557j 0.00322785+9.09361e-05j 0.00370562+0.00153712j -0.00465816+0.00118057j -0.00597885-0.00268812j 0.00329982-0.000110877j 0.00501691+0.00226854j -0.00851373-0.000227024j -0.0117569+0.000619374j -0.0091636-0.00354738j 0.00330096+0.000790187j 0.00800095+0.00414604j 0.00707006+0.00324611j 0.00201567+0.00211312j -0.00379349-0.00107203j 0.00159389+0.00179292j -0.00296869+0.00750172j -0.00891163+0.00679164j -0.0103072+0.00366773j 0.00524262+0.00117736j -0.000501255+0.00423439j 0.000599806-0.00872095j 0.00261473-0.00162161j 0.00770031+0.00568219j -0.00889884-0.00417494j -0.00518859-0.00229832j 0.00411773+0.00626693j -0.00220829-0.00330664j 0.000426062+8.00066e-05j -0.00226823+0.00915951j 0.00579434+0.00508397j -0.00171849-0.000402633j 0.0065306+0.00900058j 0.0015524-0.00076827j -0.000892177-0.00930785j 0.00691138+0.00442519j 0.00106706-0.000835453j -0.00191222-0.00111379j 0.000437913+0.00320573j 5.47035e-05+0.000761699j -0.00296713-0.000235267j -0.000802869-0.00098324j 0.0033294-0.00029165j -0.000579786+0.00028955j 
0.000431235-0.00139142j 8.45627e-05+0.00131737j -0.000401244+0.00205282j -0.000326844-0.00199924j -0.00207403-0.000752018j -0.00114063-0.00123942j 0.000681154-0.000574184j 0.000666157-0.00194962j -0.00120527-0.00635455j 0.000667375-0.000893409j 0.000232814-0.00578526j 0.000317382+0.000237382j 0.00204137+0.00340617j 0.00367663-0.000603804j 0.00307287-0.00618948j 0.00029237+0.00486928j 0.00140444-0.00766992j -0.00259874+0.00156159j -0.000838148+0.00144498j 0.00207348+0.00550031j 0.000367043-0.00125957j -0.00475125+0.000289067j 0.00170163-0.00992962j 0.00377117+0.0162221j 0.00242714-0.00266019j -0.00523659-0.0030206j 0.00156501+0.00058703j -5.01428e-05+0.00525915j 0.00551494+0.00842936j 0.00313952-0.00666149j 0.00662256-0.00313772j 0.000799191+0.00856934j 0.00626327-0.00591344j -0.00115368-0.0130843j -0.00125867+0.00290042j -3.34907e-05+0.00795385j -0.00365442-0.00770363j -0.00163297+0.00715342j -0.00830482+0.00295816j 0.00421956+0.00423959j 0.00350462-0.00749181j -0.00426476+0.00644946j -0.00673275+0.00368065j -0.00555603+0.0051113j 0.00261575-0.00273466j -0.00311349+0.00402453j -0.00216042+0.00150778j 0.00305603+0.00178375j -0.00220031-0.00147803j -0.00211406+0.0048395j -0.000868579-0.00243267j 0.000504274+0.00210144j -0.000908998-0.00273224j -0.00169772+0.000696356j 0.000531881-0.000613574j 4.20369e-05-0.00515956j -0.00208883+0.00110037j 0.00255997+0.00215977j 0.000367814+0.00153018j -0.000581268+0.000112583j -0.00119105-9.47919e-05j -0.00321363+0.00573397j 0.0026651+0.00231226j 0.00128982+0.00141536j 8.39527e-07+0.00443846j -0.00273964-0.00339022j 3.64241e-06+0.00127192j 0.00250339-0.0054246j 0.00155559+0.00523988j 0.00150021-0.00100452j 0.00256523-0.0044217j -0.00181299-0.00173051j 0.00252054-0.00348586j 0.000796814-0.00276997j -0.00381776-0.00199641j 0.00324046+0.00254242j -0.000237232-0.00272068j -0.00338352-0.000358209j -0.00205658+0.0056403j -0.00249216+0.00782811j -0.00176528-0.00316981j -0.000585815+0.00029182j -0.00372704+0.00131725j 0.000168958-0.005127j -0.000508212-0.00315676j -0.00321543-0.000755702j 0.000758245-0.00121439j -0.00299037+0.000301125j -0.00214442+0.0064216j 0.00448254+0.00211065j 4.68047e-05+0.00271271j -0.000894984+0.000996574j -0.000675662-0.00106727j -0.00474899+0.0016943j -0.000253862-4.71027e-06j -0.00264427-0.00200741j -0.000208483+0.00313878j 0.000341411+0.00109835j 
-0.000362893-0.00345536j 0.00089317-0.00371541j 0.00360394+0.000579055j 0.000728721-0.00518077j -0.00295299-0.00224821j 0.00054643+0.00172866j 0.00205648-0.00362563j 0.00266695+0.00162524j -0.00167357-0.00355036j 0.00248941+0.00725495j 0.00266589+0.00435905j 0.00203307+0.00444635j -0.00205876+4.90785e-06j -0.00556175-0.000168749j 0.00121205+0.00406189j -0.00167194-0.00869301j -0.00100673+0.0121588j 0.00324419-0.0066862j 0.000976859-0.00320161j -0.00710079-0.00279807j -0.00526998+0.0151565j 0.00307122-0.0068907j -0.00167139+0.0109394j -0.00457905-0.00849085j 0.00246113+0.0118306j -0.00219841+0.000500375j 0.000135278-0.00490612j -0.00139401-0.00850451j -0.00846798-0.0211487j 0.000892938+0.0172469j -0.010716-0.000444399j 0.000666074+0.00243029j -0.000244397+0.0119086j -0.000896296+0.00409818j -0.000191375+0.00400133j -0.000373176-0.00477613j 0.00895485-0.00331901j -0.00378397-0.00275584j 0.00356613-0.00336874j 0.00758276+0.00106348j 0.00400055+0.00860843j 0.00375177-0.000783822j 0.0024082+0.00384545j -0.00563791+0.00677656j 0.00421343+0.00350404j 0.000644435-0.00394109j -0.00328058+0.000877278j -0.00113885-0.00083441j 0.00226932+4.59085e-05j -0.00112755+0.00264484j -0.00699377+0.00157416j -0.0020034-0.00578782j -0.00273664-0.00551839j 0.00285874+0.00194424j -0.000689654-0.00356112j 0.00305988-0.000606562j -0.00149496+0.000825887j -0.00395915-0.00634164j -0.000364109-0.00663674j -0.00116962-0.00317201j -0.00503446-0.00349334j 0.00592119-0.00481964j -0.00148059-0.00525874j 0.00689454+0.00313055j -0.00491095-0.00318333j -0.000383409-0.00313601j 0.0109616+0.00391978j -0.0051575-0.00657324j -0.000725237+0.000810402j 0.0044817-0.000119982j -0.00204393-0.00434663j -0.00438751-0.00378583j -0.0127303-0.0161254j -0.00422779-0.000205848j -0.00574567-0.000268194j 0.0110551+0.00551548j 0.000432602-0.0021739j -0.00057254+0.00189772j 0.00476013+0.00318933j 0.00283084-0.00392597j -0.00145861-0.000869494j -0.000995366+0.00499013j -0.000524345+0.00365046j -0.00257695-0.00772536j 0.00100733+0.0110222j 0.000522956+0.00470059j -0.00351821-0.00224757j -0.000681168+0.00340838j -0.0017491+0.000230031j 0.00325692+0.000562456j -0.00209114-0.000337721j 0.00704009-0.00150627j -0.00134856+0.00458966j -0.00332942-0.0040035j -0.0048663+0.00233058j 0.00292746-0.0016733j -0.00267563+0.00242759j 0.0034415+0.000564019j 
-5.42189e-06-0.000423444j 0.000451035-5.64483e-05j -0.00241545+0.000460802j -0.00137033-0.0011711j -9.8601e-05+0.00420858j -9.46384e-05-0.00404957j -0.00172805-0.00299514j -0.00574815+0.000614965j 0.00057996-0.000326062j -0.0027249-0.000160746j 0.000653245-0.0042112j -0.0048921+0.00291982j 0.00445821-0.0035192j -0.00449775+0.00484892j -0.00259648-0.00503797j -0.00332822+0.01062j -3.89679e-05-0.000867207j 0.00353814-0.000375233j 0.00254792+0.00324591j -0.00471931+0.0118828j -0.00622555+0.00941804j 0.00417905+0.00102493j -0.00807307-0.00137819j 0.00894539+0.00625737j 0.0191653-0.00864461j 0.0122132+0.00273965j -0.0097368-0.000260662j -0.00868782+0.010877j -0.0119425+0.0216779j -0.000659993-0.00501465j 0.00942066-0.00979723j 0.000336713+0.0173971j 0.0179854-0.0185141j 0.000506467-0.0119985j -0.0123313-0.00079406j -0.000177805+0.00515077j 0.00362678-0.00847531j -0.00165353+0.00893224j 0.00121687+0.00363982j -0.00551311-0.00479343j -0.00048542+0.000233383j 0.00747691+0.00204128j 0.00272274+0.00104025j -0.00851474-0.00268237j -0.00095956-0.00230817j -0.00339455+0.000284965j -0.00277223-0.000481481j -0.00425211+0.00546691j 0.0026802+0.00160551j 0.00189169+0.00415107j -0.00194831+0.00344746j 0.000146413-0.00240751j 0.000265705+0.00388865j 0.000865527+0.00281253j -0.00308329+0.000731413j -0.0012726+0.000898106j -0.00656162+0.00286447j -0.0096595-0.000774244j -0.00318421+0.000278179j -0.00861722+0.00126336j -0.000938864+0.00200405j 0.00199939+0.000536424j -0.00480076+0.00115495j 0.0085273+0.00325351j -0.00393551-0.00110497j 0.00220521+0.00280598j 0.00723216+0.00307686j -0.00891327+0.00584007j -0.00475071-0.00303343j -0.00347524+0.00234378j -0.00559599+0.000224535j -0.00373995-0.00279137j -0.00976863-0.00151858j -0.000669678-0.00468972j -0.00203329-0.00279717j 0.00525245+0.00595163j -0.00278421+0.00268825j 0.00234649-0.00322427j 0.00513426-0.00089256j -0.00506487-0.00535901j 0.00190789+0.00273809j 0.00286791+0.00292115j 0.00582525-0.000885462j -0.00468822+0.00190312j 0.00694543+0.00310909j 0.0018755-0.00191764j -0.00475852-0.000902293j 0.00105537-0.00271469j -0.00382046-0.00374951j -0.00572057+0.00286062j -0.00131776+0.000435505j 0.00256945+0.00445204j 0.00244815+0.00256115j 0.000950711+0.000697088j 0.000700883+0.000388776j -0.00174464-0.000511034j -0.00266079-0.000263006j 0.00135095+0.00231545j 
0.00397464+0.00147938j 0.00162688-0.00233526j 0.000804561-0.00285072j 0.00138643+0.0048017j -0.00628983+0.0055059j 0.00508065-0.0020563j 0.00133163-5.1097e-05j -0.00118953+0.00332561j -0.00274294+0.00352067j 0.000535339-0.00106025j 0.00128428+0.00291536j -0.000758632+0.00302624j -0.00119856-0.000363799j -0.00328441+0.00740729j 0.00100207+0.00497705j -0.00685953+0.00763265j 0.00693858+3.59383e-05j 0.00318095-0.00622721j -0.0014293+0.000719479j 0.00116156+0.0108155j -0.0033757+0.00475841j 0.00888811-0.00242759j 0.00366633+0.0103254j -0.00891604-0.000279025j 0.00125033-0.0121772j 0.00562047-0.00269665j -0.000721864+0.00865903j 0.00196595+0.00433543j 0.00242158+0.0212695j 0.0227167-0.010573j -0.00350057-0.00327012j 0.00178494+0.00198485j 0.0123119-0.00932442j 0.00540054+0.00181397j 0.0133803+0.0042589j -0.00776953+4.1846e-05j -0.00508363-9.49404e-05j -6.57597e-05+0.00665728j -0.00465455+0.00710206j 0.00500938+0.00306912j 0.00130364+0.00217056j -0.00178154+0.000458336j 0.00255334+0.00155923j 0.00439288+0.0113437j 0.00184945+0.0060195j 0.00600775+0.00501595j 0.0030005+0.003423j -0.00677281+0.00430023j 0.00103672+0.00408203j 0.000905302-0.00467312j -0.00164017+0.00111232j -0.00599661+0.000218679j 0.0051427-0.000246478j -0.00199936+0.00140694j -0.00129317+0.00627745j 0.0035083-0.000543708j -0.000518728-0.00327958j -0.0053167+0.00281429j -0.00932201-0.000244586j -0.0058923+0.00219899j -0.00591368-0.000339352j 0.00741139+0.0019512j -0.00256996+0.000721208j 0.0090854-0.000795118j -0.00263465-0.000757488j 0.000390932-0.00507291j 0.0169938-0.000606812j -0.00179864-0.00240304j -0.006144+0.00207167j 0.0080523-0.00153324j -0.00293015+0.00240349j -0.010259-0.00110658j -0.0123342-0.00247956j 0.000914652-0.00348545j 0.00182185-0.000227748j 0.0145649+0.00214385j -0.000216618-0.00805161j -0.0086642-0.00183923j -0.00176113+0.00680453j -0.00733154+0.00335341j -0.00396238-0.00203746j 0.00519575+0.00142391j 0.00553681+0.00198939j 0.000415832-0.00215461j 0.00648697+0.000383225j 0.00174984+0.00252386j -0.000576275-0.00538667j -0.00197385+0.00800605j -0.00279302+0.00233177j 0.0104936+0.00158444j -0.00248177-0.00260008j 0.00197785-4.29458e-05j -0.00100464+0.000764481j -0.00751348+0.000668922j 0.00127286-0.00324131j 0.00241428+0.00344618j 0.00650386-0.000579393j 0.00108487+0.00174855j 
0.000532178-0.00103998j -0.000614143-0.000683364j -0.000688377-0.000415274j -0.000358113-0.00259299j 0.000383827+0.0016767j -0.000779039-0.00169352j -0.00303053-0.00193825j -0.00105283-0.000932099j 0.00339264+0.00141063j 0.00312344-0.00299716j 0.00618332-0.007048j -0.0059172+0.00424155j 0.00942151-0.00679131j -0.00389718+0.000387035j 0.0014804+0.000852554j -0.00902155-0.000551596j -0.00533284+0.00420046j -0.00153172+0.00918006j 0.00141535-0.000240435j -0.00665285-0.00447541j -0.0063158-0.00655573j -0.00236589+0.00413468j -7.61694e-05-0.00807959j 0.00216669-0.00927685j 0.0120715-0.00522089j 0.00420449-0.00145189j -0.000581376+0.00653666j -0.0180616-0.000672126j -0.0203519-0.00513993j -0.00754686+0.00283053j -0.00372664+0.00136685j -0.00708219-0.0115243j 0.000707691+0.0154383j -0.0122428+0.00825576j -0.0171449+0.00602144j 0.000239351-0.00271985j 0.000758962+0.00357295j 0.015052-0.0116245j -0.00551841+0.0016656j -0.00520614-0.00442942j 0.00287071+0.0032461j 0.00508453-0.00333319j 0.00173345-0.00143807j -2.7143e-05-0.00639049j -0.00119324-0.000126978j -0.00170677-0.00257725j -0.000698197-0.00229717j -0.0021427+0.00270242j 0.0106096-0.00049453j -0.00484593+0.00262186j 3.33855e-05+0.00296123j -0.00105468+0.0055859j -0.0060801+0.000674469j -0.0036762+0.00197826j -0.00712398+0.00137423j 0.000162674+0.000695278j -0.00972371+0.00165853j -0.00396788+0.00185552j 0.00505226-0.00260098j -0.00976058+0.00170922j 0.00638993-0.00284216j 0.000392966+0.00121261j -0.00322679-0.000570218j 0.0093224+0.00555793j -0.00381991-0.00235317j 0.00543345+0.00354821j -0.00397804-0.00653449j -0.00802425+0.00455486j -0.00170401+0.00224313j -0.00666666-0.00105955j -0.00431496-0.00119857j -0.00102118+0.00312031j -0.00522127+0.00393139j -0.0122364-0.00580722j -0.0124046-0.00843661j 0.00802569-0.00186352j -0.00331675+0.00465664j 0.00595678-0.00139483j 0.00952534+0.000132933j -0.00306262-0.00395006j -0.0011412-0.000851074j 0.000779928+0.00287591j 0.00187501-0.00707761j -0.0148914-0.00537962j 0.00342624+0.00314759j -0.00295485+0.000752021j 0.00130792+0.00084488j -0.00461929-0.00625172j -0.000972836+0.000474618j 0.000902397+0.00183899j 0.000568034-0.000625881j -0.00202736+0.00217375j 0.00469017-0.00123878j 0.00571257+0.00072074j 0.000771128-0.000472713j -0.000414056+0.000926336j -0.00126081-0.00280589j 0.000842162-0.00100893j 
0.0019128-0.000801744j -0.000450044+0.000287031j 0.00187177+0.000327498j 0.00294785+4.79873e-05j -0.00237995-0.00380918j 0.000123365+0.00327703j 0.00165688+0.00300319j 0.00857708-0.000862166j 0.00121253-0.0049069j 0.00718426-0.00550088j 0.00440672-0.000584176j 0.000757813+0.00384151j 0.00557882-0.000490321j 0.00352151+0.00234013j 0.00571719-0.00313591j -0.0067183+0.00227031j -0.00515185+0.00572326j -0.00840213+0.00710313j -0.00432878+0.000678344j -9.60983e-05-0.00501643j -0.00383791-0.00238732j -0.00811495+0.00644119j 0.0191233+0.00852033j -0.00570052+0.000972417j -0.00653816-0.00746508j -0.0160294-0.00440393j 0.0107771+0.0054594j -0.00451355+0.00345041j -0.0054629+0.0148207j 0.0013121-0.00345043j -0.00536607-0.00684994j -0.012914+0.00171772j -0.0100147-0.00765162j -0.0112949-0.00180657j 0.00601842-0.00546953j -0.00228479+0.00084164j -0.00174602-0.00182405j -0.00427829+0.00403555j -0.0085146-0.00750519j 0.00594702+0.0117634j -0.00400046+0.00342346j -0.00321285+0.00104989j -0.00477284+0.00246787j 0.00472017+0.00802703j 0.00374969+0.00507573j -0.000467321+0.00337119j 0.0019064+0.00421895j 0.0049129-0.00581166j 0.00575785-0.00174947j -0.00921585+0.000919179j 0.00247997-0.00468747j -0.000320868+0.00762112j -0.00714091-0.00267174j -0.00520935-0.000387834j -0.00493053+0.00395725j 0.00285262-0.00495855j -0.00693629+5.788e-05j 0.00528989-0.00169486j 0.0101585+0.000803346j -0.00481369+1.24524e-05j 0.00587818-0.00387223j -0.00414371+0.000935733j 0.00651898-0.00313488j 3.80627e-05+0.0021402j -0.00717824-0.000909364j 0.00581106+0.000888435j -0.00489377-0.00376832j 0.00654005-0.000140335j -0.00281913+0.00370115j -0.00330757-0.00648737j 0.00900982+0.00148609j -0.000231028+0.00229368j 0.00389927+0.00562595j -0.0165167-0.00364291j -0.0159219-0.002719j 0.0117087-0.00171569j -0.00298757-0.00502939j -0.000981169+0.00502716j -0.00294493+0.00776358j -0.00404306+0.00184076j -0.0029142-0.00228044j -0.000839857-0.00689019j -0.00909398-0.00862636j -0.00560806-0.00765688j -0.00200407-0.00347949j -0.0121889-0.00366274j 0.00623958-0.00145095j -0.00629025-0.0045126j 0.0027226-0.000203387j 0.0136246+0.0016266j -0.00305704-0.00407528j -0.00312027-0.00361035j -0.00435432-0.000394262j -0.00376925-0.0022964j -0.00157901+0.0014299j 0.0017191+0.00072333j 0.00233185+0.000619009j -0.000520643+0.000654412j 
0.00120051-0.0023611j -0.000782615-0.00226574j 0.00261243+0.00216115j 0.000162434-0.00300553j -0.00112168-0.00402425j 0.00122336+0.000766917j -0.00250281-0.00845047j 0.000300524+0.00366475j -0.000903108-0.00143699j 0.00196508+0.00305807j -0.00219997+0.000997262j -0.0019327-0.0107022j 0.000818174+0.0128814j -0.000883957+0.00562979j 0.000901531+0.00908468j -0.00253809-0.0082826j -0.000686981-0.0054437j 0.00600191+0.00797946j -0.00394155-0.00261096j -0.00637825-0.0172242j -0.00509861-0.0175487j -2.94354e-05-0.0136528j 0.00384606-0.00729749j -0.00326546-0.0141155j 0.003041-0.00300723j 0.00224751-0.00845833j -0.00326837+0.0125848j 0.000191283-0.00812458j 0.00683344-0.00714818j 0.00341692-0.0269419j 0.00287988+0.0159191j 0.00703368-0.0220542j 0.00172715+0.0118056j -0.00535137-0.0020049j 0.00337208-0.0107837j -0.0042759-0.00213927j -2.40874e-05+0.00951736j 0.00553572-0.00836319j -0.00654014-0.00810176j 0.00751432-0.00138041j 0.00356879+0.00495524j -0.00292329-0.00207992j 0.00128348+0.000860129j -0.00458344+0.00237351j -0.000295808+0.00244396j -0.00245635-0.00383732j -0.0024888+0.00380194j -0.000923976-0.00308738j 0.000463269+0.00344178j -0.00104025+0.0057414j -0.00445289+0.00113219j -0.00449913-0.00113777j 0.00319318-0.00106168j -0.00299798-0.00541709j 0.00448007+0.00387136j 0.00312087-0.00113212j 0.0083847-0.000678738j 0.00305774+0.00243781j -0.00704925+0.000726816j -0.00362563+0.0018289j -0.00484644-0.00182638j 0.00389014-7.48135e-05j 0.000750479+0.00372506j 0.00164406-0.000837573j -0.000928111-0.00749902j 0.0037195-0.00226292j 0.00248175-0.00606282j 0.00151929+0.00452029j 0.0012417-0.000418521j 0.00413829-0.00196767j -0.0041235+0.00819808j 0.00355702+0.0123224j -0.000244138+0.00916367j -0.000764448+0.000595662j 0.00207285+0.00593713j -0.00418312-0.00911j -0.000292555-0.00184787j -0.00129264-0.00568323j 0.00160717+0.000759367j -0.00140761-0.00321177j -0.00211728+0.00127207j 0.00268621+0.00152985j 0.00628477-0.00257427j -0.000669076+0.00532245j 0.00169939-3.04781e-05j 0.00400268+0.00715085j 0.00402287-0.00689393j -0.000360979+0.00120234j -0.00187515-0.000135827j 0.00711132-0.00324879j 0.00468842-0.0029727j -0.000308115+0.00580481j 8.0914e-05-0.00316005j -4.16997e-05-0.00465831j -0.00430014+0.0028109j -0.00182445+0.00128729j 0.00187021-5.63096e-05j 0.00254041+0.000301505j 
-0.00153945-0.00223127j -0.00012397+0.000408966j -0.00046064-0.00141516j -0.000304696-0.00108112j 0.000862515+0.0032131j -0.00261431-0.00390665j -0.000164934-0.00123222j -3.68932e-05-0.00179421j 0.00162219+0.00337245j -0.00129023-0.000354133j -0.000664748+9.25673e-06j 0.00259327+0.00337039j 0.00277961-0.000602072j -0.00228375-0.000961812j 0.00279385-0.00221429j -0.00340527+0.000624581j 0.00113731-0.00118607j 0.00176773-0.00160957j 0.00506487+0.00388451j -0.000178725+0.00473309j -0.00270372-0.000428136j 0.00440619+0.00414757j -0.00209733-0.000924074j 0.00558923+0.00612111j 0.0011894+0.00835153j -0.00240769+0.00315903j -0.00460699-0.00931777j -0.00200445-0.00157101j -0.00855052+0.00403574j 0.00693141+0.00490585j 0.00303248+0.00116757j -0.00492999+0.00511942j 0.00339728-0.00335817j 0.00477357+0.00107076j 0.0037034+0.00301695j 0.000541941+0.00128006j 0.000437263+0.00103718j -0.00473032-0.0019485j 0.00282689-0.00182168j -5.54176e-06+0.00670354j -0.00355466-0.00409126j -0.000541374-0.00502493j 0.000948723-0.000972427j 0.000909848-0.00123422j -0.000691658-0.00283779j -0.000229799+0.00188887j 0.00156239-4.28922e-05j -0.00269918-0.00173401j -0.000252451+0.000554414j -0.000388591-0.00259754j -0.000441747-0.00277138j -0.00180061-7.38506e-05j 0.00152112-0.000872719j -0.00183394-0.0021743j -2.3421e-05+0.00579821j 0.00530789+0.00283229j 0.00196572+0.00363j -0.000115496+0.0030499j -0.000960606-0.00367871j 0.00102102+0.00795155j 0.00156135+0.00573096j -0.00215218-0.00416954j -0.00197581-0.00598281j 0.00447254-8.32929e-05j 0.00114338+0.00670092j 0.000246394-0.000520991j -0.00302986-0.0110404j 0.00574204+0.00158266j -0.00274887+0.00765476j 0.00133003+0.00267617j -0.000719664-0.00292437j -0.00138865+0.00703661j 0.000488439+0.00447216j -0.00162669+0.0136012j 0.00530149+0.00576826j 0.00159018-0.0156j -0.00100943+0.00962969j 0.00116948+0.00256955j 0.00108047-0.00464116j -0.00276149-0.000160417j -0.00160435-0.0012602j 0.00110073-0.00751079j 0.000730622-0.00365271j -0.00230507+0.000142579j -0.00153253-0.00065685j -0.00614028+0.0128682j -0.00506918+0.00528531j -0.00174165+0.00108699j -0.00468458-0.00346753j -0.000935833+0.00325576j -0.000198528-0.00121557j -0.00292536+0.00679776j -0.000679288-0.00426105j 0.00232312-0.0019454j -0.000174111-0.000385908j 0.000586971-0.00037768j 0.00305322-0.00112118j 0.00231842-0.00360724j 
0.000556834-0.000100874j 0.000830493+0.000499607j 0.00148507-0.00152113j 7.92872e-05+0.00492903j -0.00601826+0.00375291j 0.00183168-0.00196568j 0.00169446-0.00324021j 0.0013381-0.00207454j 0.00104543-0.00412954j -0.00393247-0.00138033j 0.000962115+0.00538048j -0.000840358-0.000355163j 0.00011113+0.00400877j 0.00525934+0.00112534j 0.0012897-0.000827075j 0.00366251+0.00254318j 0.00508794+0.00883708j 0.00958191-0.000811686j 0.0011899+0.0063028j -0.00616173+0.00725351j 5.83186e-05+0.0137321j 0.0025147+0.00404416j 0.0152542-0.0149066j -0.00212404+0.00378099j -0.00648166-0.00282422j 0.00177225+0.00466355j 0.00720567-0.00937387j 0.000633688+0.00383998j 0.0260503+0.00213165j -0.0164085+0.00590386j -0.00676675-0.00272021j 0.00129714+0.00851945j -0.017487-0.00070805j -0.00240346+0.00111273j -0.0233363-0.00440734j 0.00530692+0.00255248j 0.00383068-0.00249341j 0.00672082+0.0135826j -0.00757913-0.00104769j -0.00465254-0.00126164j 0.0129774+0.0013617j -0.00540003-0.000687807j -0.00249174-0.00425497j 0.00407803+0.00246968j -0.000437456+0.00203019j -0.00044282+0.00147876j -0.00197238+0.000334469j -0.00528928+0.00172648j -0.00556746+0.00106344j -0.000771106-0.00152236j -0.00295034-0.00170618j 0.00168086-0.00236281j -0.00531777+0.00261652j 0.000529563+0.0015365j -0.00259121+0.00309446j 0.00131733-0.00208717j -0.00158691+0.00484254j 0.0138819-0.00593886j -0.000887689-0.00408079j 0.00638524-0.000291683j 0.000354723+0.000322481j 0.0105337-0.00564779j 0.000415493-0.00257563j -0.000320502-0.00887905j 0.00470968-0.00420335j 0.00169391+0.00430412j -0.000364398+0.00104056j -0.0111769+0.00276087j 0.00894563-0.00458136j -0.000260674-0.00327541j -0.00857603+0.00382301j -0.00707165+0.00389602j -0.00717425+0.000950792j -0.00371082+0.00210585j -0.0153952+0.00151096j 0.00351772-0.00531733j -0.00334241-0.00578675j -0.00313029+0.00350926j 0.00435106-0.00450931j 0.0122469-0.00119958j -0.00756628+0.00358762j -6.23666e-05-0.00340819j 0.000591595+0.00152282j -0.0139736+0.0021662j -0.00413549+0.00260084j 0.00548266+0.000869589j -0.000581253-2.00878e-05j 0.000208585+0.00359154j 0.00949867-0.0015122j 0.000624409-0.000870675j 0.00603486-0.00025331j -0.00127077+0.00112932j -0.00158485+0.000830565j -0.00208093+8.56326e-05j -0.00120685-0.000405125j -0.0002904-0.000732053j 0.00285626+0.00139605j -6.46737e-05-0.000360542j 
0.000703136-0.00163133j -0.00153535-0.00264355j -0.000329501+7.18754e-05j 0.00105976-0.00660484j 0.000744198-0.00200734j -0.00276125+0.00272789j -0.00833722+0.00906464j 0.0020078+0.0002388j -0.0021357+0.00266777j 0.00260372-0.00354909j 0.00838914-0.00346866j -0.00459172+0.00453157j 0.00950044-0.00832696j 0.0099887-0.00546421j -0.000162165-0.00268788j 0.00140604+0.00517078j 0.00892499-0.00575419j -0.00224954-0.00541839j 0.00783387+0.00514873j -0.000150216+0.00229999j 0.0109319-0.00492862j -0.00636914-0.00284394j 0.005186+0.00474854j -0.0178672+0.00306133j -0.00702999-0.00215093j 0.000958668-0.00697399j -0.00580513+0.00429943j 0.0101476+0.000552528j 0.0106627+0.00231064j -0.00346622+0.000842046j 0.00789165-0.00462325j 0.00997807+0.00470984j -0.0091654-0.0102113j -0.00569396-0.0028727j -0.000971815-0.0016614j -0.000535323-0.000419138j 0.00135454-0.00416719j 0.00349349+0.00194085j -0.00211735-0.00716089j 0.00110815+0.00302151j -0.00244901+0.00894742j 0.00918551-0.00449242j -0.00628243+0.00581453j -0.00416995-0.00270728j 0.00346469-0.000878992j 0.00471572-0.00332818j 0.0110955-0.00056336j 0.0118914-0.00932601j 0.00396767-0.0012853j -0.00173887+0.00109228j 0.00401844-0.00158968j -0.00987377+0.00627069j 0.00269068+0.00278809j -0.00760756-0.000682775j 0.00133876+0.00362538j -0.00577534+0.00409202j -0.0013293+0.00144547j -0.0124183+0.00227675j -0.00167264+0.00790381j -0.0121596+0.00295471j -0.00303647-0.000850193j -0.00910165+0.00119369j -0.00160509-0.00121892j 0.00732981-0.00301684j 0.00209766-0.00271673j -0.00941917+0.00481677j -0.00397644-0.00553969j 0.00476496+0.0107706j 0.00328716-0.00189416j 0.00624232-0.000156643j -0.0111376+0.00251489j -0.00502108+0.0023951j -0.00916875+0.00643052j 0.00149337-0.00278489j 0.00584194+0.00421407j 0.00943057-0.00398048j 0.00590005+0.00578077j 0.00289933+0.000464134j 0.00501548-0.00111455j -0.00592481-0.00379963j -0.00466356-0.00108087j 0.00396867+0.00478876j 0.00264776-0.000257715j -0.00743085+0.00208421j 0.000447035-0.00213362j -0.0036335-0.000178454j 0.0017484+0.00127034j 0.00235355+0.00126339j 0.00828217+0.00653673j 0.00911563+0.00491312j 0.00306818+0.00042066j -0.000694443+0.0004266j -0.0034099-0.00384161j 0.00526168+0.00313501j -0.00255981-0.00112836j -0.000827288-0.000591547j 8.64214e-05-0.00158735j 0.00159461-0.000941315j 
-0.00228576-0.000133036j -0.000370197+0.00135263j 0.00199996-7.33473e-05j 0.000176104-0.00213462j 0.00348687-0.000478464j 0.00145533-0.00186243j 0.000300475+0.00135281j 0.00106861-0.00249264j -0.00539593+0.000684493j -0.000930483+0.00137279j 0.000419524-0.0162291j 0.0048839-0.00526448j -0.00527836-0.00247979j 0.0048218-0.000480654j 0.00119107-0.0159184j 0.00701171+0.0138694j 0.00230623+0.00238974j -0.00639469+0.000531874j -0.00226138-0.00851104j 0.0147853-0.0109696j 0.00316838+0.0172664j 0.00503934-0.00853536j 0.00207174-0.000552158j 0.015352-0.0287704j -0.00372667-0.026646j 0.00634946-0.0134406j -0.00122788+0.0176426j 0.00937096+0.0133005j 0.0223548-0.00236005j -0.00496497+0.00889314j -0.00849537-0.00305695j 0.0134947-0.00172227j -0.0149432+0.00485315j -0.00873031+0.00997832j 0.00534782+0.0119279j 0.00320441-0.00263988j -0.00616967-0.00264109j 0.00693825-0.00602146j 0.00297306+0.0075484j 0.000330413-0.000308184j -0.00440832-0.00221028j 0.00145166+0.00710714j 0.00144684+0.00480166j 0.000127834+0.00039146j -0.000669118+0.000152013j -0.00282056-0.000253054j 0.00505606-0.00381291j -0.0026622-0.00170452j -0.00488488+5.72088e-06j 0.00104778+0.00124129j -0.00340968+0.00117313j -0.000934164+4.89806e-05j 0.00215018-0.00182149j 0.0138079-0.00662433j 0.00636967-0.00358595j -0.00382149+0.00121386j -0.0093896+0.00805958j -0.00618463-0.00072513j -0.00404281+0.00251162j -0.00827087-0.000385272j -0.00274167+0.000620321j -0.00418792-0.00169738j 0.002067+0.00278094j 0.00363207-0.00102916j -0.0011763+0.00202926j 0.00513447-0.00294063j 0.00663362-0.000397006j -0.0107532-0.000379817j -0.0116833+0.00144231j -0.00414933+0.000479874j -0.01245-0.00235169j -0.00824847+0.0011015j -0.00201067+0.00454808j 0.0026589+0.00542764j -0.00716216+0.00139096j 0.00701066+0.00190892j -0.00716677+0.000114694j -0.00755507-0.000962906j -0.000533991-0.00132361j -0.00296548-0.00230583j 0.00129332+0.000414361j -0.00192993-0.00205176j 0.00488982+0.00286828j 0.00940459+0.00481515j 0.00216093-0.0027681j -0.00328319-0.00319027j -0.00380247+0.00202895j 0.00205275+0.00205305j -0.000619515+0.000563231j -0.00404254-0.00289644j -0.00466863-9.45071e-05j -0.00159301-0.00180511j 0.000353326+2.78276e-05j 0.00229772-0.00175155j 0.000557374+0.00180779j 0.00213235-0.00149014j -0.00319549+0.000336475j -0.00197435-0.00188063j 
0.000692599+0.000154005j 0.00200459+0.000780742j 0.000850038+0.00228438j 0.00220259-0.000360212j 0.00111074-0.00183805j -0.000675243+0.00218391j -0.00305428+0.00333891j 0.00110627+0.00187468j 0.00117496-0.000598612j -0.000125907-0.00275202j -0.000640299+0.00266634j -0.0042596+0.00355631j 0.00541654-0.00249439j 0.00408297-0.00168994j -0.000983854+0.00221923j 0.00148483-0.000984188j -0.00457341-0.00433669j 0.000634808+0.0012233j 0.000124125+0.00447159j -0.00373374-0.00331338j -0.00194609-0.00840357j -0.00673872-0.0021048j -0.00202993+0.000172577j -0.0102049+0.00147244j -0.00663752+0.00256283j -0.00484204-0.00363976j 0.00551253+0.0052578j 0.00288336-0.00264034j 0.00407103-0.0044776j -0.00677736-0.00789287j 0.00498867-0.00536711j -0.00183588-0.00265907j -0.00155499-0.00230082j -0.00350758-0.00507471j 0.000241692-0.00543453j 0.00108306+0.0019296j 0.00069344+0.00283471j -0.0014413-0.00305354j -0.00124408+0.00109577j 0.00131763+0.00208592j -0.00297675+0.00347846j 0.0020177+0.00105088j -0.00244986+0.000475821j -0.00177112+1.83735e-05j 0.00091315+0.000245748j 0.00412184-0.00132358j 0.00299661+0.00040378j 0.00501237-0.00374256j 0.00370698+0.000241425j -0.002146-0.00395542j 0.00285745-0.00279392j -0.00588578-0.00337709j -0.00216537-0.00384736j -0.00359874-3.09507e-05j -0.00558872-0.00609598j 0.000634767+0.00302406j 0.00313628-0.00186543j -0.00852754-0.00614954j -0.00203996-0.0093642j -0.000474791-0.00163418j 0.00135318+0.000156045j -0.00843647-0.00479563j -0.00666781-0.0112586j 0.000317687+0.00163499j -0.000721192+0.000728195j -0.0019156+0.00684447j 0.000370724+0.00955496j -0.000996166-0.00708672j 0.00181568-0.00241983j -0.000100159+0.00254433j -0.00512876-0.00961196j -0.00139792-0.00974555j -0.00746583-0.0175637j 0.00319368+0.00712608j 0.0067983+0.000886895j 0.0038344+0.00158083j 0.00665633+0.00561548j 0.00732298+0.0100927j 0.00157166-0.00681436j -0.000109543-0.0103468j 0.0024668+0.00438127j 0.000364507+0.00350211j -0.00439284+0.00574494j -0.00216696-0.00373267j -0.00475195+0.0119886j -0.00250937+0.000956405j -0.00228722+0.00995846j 0.00189285-0.000663107j 0.00612495-0.00640632j -0.00056082+0.00346088j -0.0020637-0.000292796j 0.00294911-0.00290055j -0.00432147+0.00459618j 0.00191695-0.00174435j -0.00294858+0.000913831j 0.00181016-0.00227116j -0.00211958+0.00192463j 0.000758738+0.00124787j 
0.000372921-0.00213066j -0.000352772+0.00170692j -0.000568667+0.00111311j 0.0016415-0.00242574j -0.00228437-0.00163504j -0.000347974-0.00554422j -0.00114437+0.00178945j 0.0019141-0.000106594j 0.00210476+0.00239311j -0.00191172-0.00193574j 0.00620269-0.00493461j 0.00214995-0.00535658j 0.00386915+0.00365477j 0.00130506-0.00353754j 0.0143323-0.00931178j -0.0134462+0.00593149j 0.00745384+0.00120872j 0.00607721+0.00580348j 0.00570979+0.00692089j -0.00869324-0.00968889j -0.0132367-0.00034994j 0.00625089-0.000145229j 0.0124586-0.00855934j 0.00512414-0.00687494j 0.0129277+0.00399715j 0.00537122-0.00176658j -0.0126769-0.00582024j -0.00570082-0.00279573j -0.0070482-0.00204528j 0.0010619+0.00479316j 0.0162793+0.00791506j -0.00703922+0.00277145j 0.00317663+0.00568178j 0.00450913+0.00735457j -0.00221153-0.00498464j -0.00237034+0.00213945j 0.00920245+0.00489569j -0.00898115-0.0120287j -0.004109-0.00845961j 0.00202574+0.00404954j 0.000731024+0.000637527j -0.000160122-0.00654418j -0.00554859-0.00174063j -0.00353511-0.0044264j 0.0029001+0.00280997j -0.00598857-0.00108812j 0.00404391-0.00448801j -0.00234752-0.00561913j -0.0054044+0.00686553j -0.00347199-0.00110364j -0.000691707+1.32072e-05j -0.0100291+0.00427137j 0.00278428-0.00208478j 0.000119972-0.00180709j 0.004917-0.00209794j -0.00360282+0.000667542j -0.0114844+0.00087313j -0.00440466-0.00968625j -0.000728708-0.00162192j -0.00629634-0.00826022j 0.0048709-0.00946751j -0.00372454-0.00168392j -0.000343967-0.00335223j 0.0012086+0.00401952j 0.00511396-0.00510524j 0.0096983-0.00347521j 0.00210217+0.00351997j 0.0039735-0.00909365j -0.00276132-0.00523383j 0.00344659+0.00284702j -0.00921916-0.00634187j -0.00677228+0.00106453j 0.0030015-0.00823597j 0.00165198+0.00821673j -0.00367448-0.00516646j 0.00180894+0.00834977j -0.000513638-0.000888107j 0.000250892-0.00326069j -0.000595684+0.0022379j 0.00220471-0.0060949j -0.000100633-0.00244956j -0.0143094+0.00205855j -0.00788369+0.00693547j 0.00259409+0.00223712j -0.0135369+0.0019341j -0.00431934+0.00232569j 0.0048958-9.37421e-05j 0.00233525+0.00127344j 0.000809682-0.0014898j 0.00663646+0.00259638j 0.00512189-0.000443585j 0.00546769+0.00370764j -0.00328456-0.00181653j -0.00147419+0.000252901j -0.00104753+0.00175772j -0.00362547-0.00273449j -0.000316156+0.00142107j 0.00215523+0.000660815j 
3.30737e-05-0.00142442j 0.00123731-0.00252803j 0.000197521+0.00194989j -0.000921965-0.00430836j 0.00210565+0.000299206j -0.000671895+0.00403949j -0.00267507-0.00501489j -0.00213061-0.000971561j -0.00333839-0.00965079j -0.00185851-0.0077827j -0.00649551-0.00161574j 0.00443727+0.00676269j -0.00294616-0.00760611j -0.000291381+0.00648481j -0.012424+0.00109181j 0.00278411+0.00112712j 0.00495662+0.0129736j 0.00786375+0.0130933j -0.00272169+0.00457728j -0.00552324-0.000286895j 0.00795635-0.000994725j 0.00256302+0.00839847j -0.00222666-0.0150866j -0.0102814-0.0016749j -0.00659976-0.00359375j -0.00599624+0.00940969j 0.00852995-0.00888962j -0.000602342+0.0169317j -0.00557925+0.019341j 0.0063016+0.00608155j -0.0121831+0.00879291j -0.00281978+0.0124174j 0.00663103+0.00922829j -0.00560691+0.011962j -0.00033685+0.0161952j -0.00123697-0.00313673j -0.00286967-0.00379115j 0.00628402-0.0101182j -0.00416629+0.00614862j 0.00298353+0.00259712j 0.00344704+0.001951j 0.00203469-0.00112801j 0.00144738+0.00145052j -0.00357039+0.000882044j -0.000294062-0.00139394j 0.00520194-0.00236271j -0.00157908+0.00612373j 0.00651331+0.00145812j 0.00362855-0.00596576j 6.56327e-05+0.00843951j 0.00256106-0.00126661j 0.00391797+0.000275438j -0.00232886+0.00251858j -0.00502293+0.00179152j -0.00195738+0.00450598j 0.000407683-0.000184557j 0.00903895+0.000808033j 0.00146662-0.00249791j -0.00112418-0.00537549j 0.00419416+0.00182026j -0.00423756-0.00277152j -0.0025281+0.000796118j -0.00166273-0.00219452j -0.00203504+0.00284512j -0.00117022+0.00252577j -0.00115376-0.000481897j -0.00338029+0.0031054j 0.00783975+0.00434334j 0.00597689+0.00209268j 0.00143264+0.00228845j 0.00603286-0.00107083j 0.00713048-0.00237288j 0.00132619-0.00232556j -0.000137379+0.00172431j 0.00662674+0.0102691j -0.0026513-0.0034316j 0.00471992+0.00361401j 0.00630366-0.000552361j 0.000866047-0.000824719j -0.00210924-0.00158205j 0.000383144-3.0605e-05j 0.00350178+0.00368663j -0.00349871+0.000227081j -0.0024521+0.00380226j 0.00203313+0.00153449j -0.00116909+0.00160305j -0.0013584-0.00204801j -0.00472432+0.00205783j -0.00143801+0.00015943j 0.00305696+0.000527586j -0.00147897-0.000230747j 0.000431477+0.000997878j 0.00139946+0.000690156j 0.00111501-0.00104936j -0.00352679+5.56648e-05j 0.000286768-0.000736362j -0.000336301+0.00134821j 0.00181307+0.0003563j 
-0.0014101-0.000609509j 0.00196007+0.000914166j 0.00201506+0.00154493j 0.00111379+0.00132233j 0.00490593+7.47449e-06j -0.00355016-0.00158316j 0.00227324-0.00143476j 0.00135462+0.00246836j -0.000900859-0.000213602j -0.00191606+0.00432126j -0.00684257-0.000291747j 0.00330753-0.00138441j -0.00139453+0.0033778j -0.00015077-0.00201045j -0.0054625+0.00074532j 0.0108287-0.00432885j -0.00908998-0.00931706j -0.00231396+0.00169687j 0.00218208-0.00504831j 0.00784123-0.00872471j 0.00142121-0.0100415j -0.00219813-0.00636025j -0.00687197-0.00189277j 0.012846-0.00095837j -0.0100065+0.0012151j -0.00786372-0.00807478j 0.00256674+0.00664047j 0.0085183-0.00632872j 0.0136271-0.0124313j -0.0035975-0.0139558j -0.004349-0.00479216j 0.0102466-0.00576652j -0.011605-0.00362428j -0.00757465-0.00632286j 0.00654859-0.00258843j 0.00514315+0.00315741j -0.00717899+0.00351247j 0.00346156-0.00358424j 0.00366758-0.0019468j 0.00359298+0.00905351j -0.00643287-0.00268546j -0.000655446+0.00138073j 0.0042126+0.00190363j -0.00112928+0.00348947j -0.000465781+0.00275234j -0.00324738+0.000234242j -0.00115481+0.00268382j -0.00115087-0.0045704j 0.0036161+0.00498186j 0.00073095+0.00374704j -0.00174456+0.00222769j 0.00227668-0.000599903j -0.00408632-0.00418338j -0.00228415-0.0064059j -0.000276641-0.000352634j 0.00347752-0.00245818j 0.0021011-0.00377378j -0.00158737-0.00276539j 0.000150397+0.0023102j -0.00583879-0.00458171j -0.00396228+0.00362157j -0.00199769-0.00219423j 0.00552716+0.00111507j 0.00435367+0.0111728j -0.00683128-0.00539944j -0.00307558-0.000998317j 0.00366471-0.00567071j -0.00851425-0.000804699j -0.00308321+0.00217994j -0.000322933-0.00824171j -0.000965219+0.00108316j 0.00355954+0.0039359j -0.00697945+0.000756131j -0.00313955-0.00573501j 0.000803116+0.00109846j 0.00670789+0.00219405j -0.00226034-0.000245021j -0.0019476+0.000752541j 0.00164557+0.00585225j -0.000639727-0.0109216j -0.000954336-0.00174728j 0.00239505+0.00112151j 0.010866-0.00348749j 0.00347925-0.0128624j 0.0067348+0.00650007j -0.0013221-0.00153219j -0.00150527-0.00336913j -0.0012526-0.00367269j -0.00176599+0.00181012j -0.0014742-0.00167459j -0.00361064-0.00410455j -0.00279822-0.000564514j 0.00129709-0.0016018j 0.00261351-0.0044639j -0.00608253+0.00504439j 0.00301191-0.00326748j -0.00133246+0.00210435j -0.00160101+0.000229991j 
-0.00245169-0.00275205j -0.00391754+0.00180065j -0.000192111-0.00153959j 0.00022801-0.000388139j 0.000842203+0.00107476j -0.000803493+0.00648575j 0.00246294-0.000124668j 0.00357508-0.0125121j 0.00171751-0.00175702j 0.00289078+0.00245248j 0.00540691-0.00993536j -0.00223949+0.00868791j -0.000773973-0.0127715j 0.000248502+0.00341845j 0.00381021+0.00407j 0.00109117+0.00369861j 0.00924933-0.00178498j -0.0008006-0.010191j -0.000460329-0.018849j -0.000451229+0.00951019j 0.00950945+0.00657225j 0.00478791-0.010568j -0.00825804+0.0209548j -0.0062642-0.00334203j -0.000927886-0.0108194j 0.00988096-0.0065861j -0.00317985+0.00961418j -0.00341103+0.00717112j -0.00819261+0.00883571j 0.00739149-0.0053812j -0.00555213+0.00355061j -0.00206905+0.00169964j 0.00656724-0.00109127j 0.00725291-0.000711299j 0.0012393-0.00341741j -0.00374499-0.00110748j 0.00232186-0.00484029j -0.000643+0.00772551j 0.00156209-0.00267461j -0.0035653-0.00591719j 0.00489064+0.00131437j -0.00204116+0.00503429j -0.00525473+0.0014845j 0.00423358-0.0107908j 0.00399341+0.00256921j -0.00828269-0.00368475j -0.00437834+0.000168592j 0.00455888-0.00187739j 0.00107796-0.00748301j 0.00502261+0.0047551j -0.00996306+0.00957058j -0.00183065+0.00326568j -0.00152758-0.00151515j 0.00219095-0.00224926j 9.55439e-05-0.00231206j 0.00247165+0.000383639j 0.000599916-0.00241076j -0.00706119+0.00168255j 0.0101266+0.00253607j 0.00320536-0.00849091j 0.00371609-0.00059649j 0.00655089-0.00420344j 0.00256598+0.00301298j -0.00101336+0.00536847j -6.24494e-05-0.0112422j -0.0078362-0.00271536j -9.19661e-05-0.00645461j 0.00438695-0.00412984j -0.00244733-0.00518085j 0.00740601-0.00144202j 0.0101637+0.00475904j -0.00414687+0.00545762j 0.000869787-0.000706014j -0.00437218-0.00670213j 0.000733522+0.000319998j -0.00419835+0.00439649j 0.00367414-0.00104013j 0.000662073-0.00357541j -0.001095-0.00191081j 0.00999165+0.00181127j 0.000467413-0.00366281j -0.00951227+0.00117549j 0.000445129+0.00100359j 1.05512e-05-0.00326065j 0.000395087+0.000676561j 0.00683184-0.00218032j 0.00600034-0.0015131j 0.00687862-0.00475417j -0.0015077+0.00201096j -0.00158441-0.00152929j 0.00681085+0.0025207j -0.00248615-0.0014278j 0.00212148+0.000530175j 0.00180409-0.000338958j 0.000320988+0.00532815j -0.00152958-0.00369912j -0.00435546-0.000803695j 0.00126657-0.00225928j 
0.00166425+0.00206605j 0.00106198-0.00129279j 0.000614698+8.51509e-05j 0.001514+0.00236213j -0.00183013-0.00115329j 0.00448394+0.00786569j -0.00425065+0.00407972j 0.000472088+0.00628762j 0.000180622-0.00528672j 0.00277441-0.00561828j 0.00289109+0.00669766j -0.0114935-0.00409701j 0.00295361-0.000236983j 0.000481198+0.00400001j -0.000201954-0.00246782j -0.00464378+0.0035083j -0.00796508+0.00524502j -0.00147201-0.000362637j -0.00988369+0.000292885j -0.00564331-0.00246238j -0.00958071+0.00381837j -0.0104201-0.00212055j -0.00493115-0.00416336j -0.0212513-0.0113821j 0.00445577-0.0126168j 0.00171595+5.41162e-05j 0.0112337+0.0176252j -0.00741337+0.00506615j -0.00364518-0.00440542j -0.0134047-0.00340059j 0.005819-0.00532777j -0.0112203-0.011906j 0.0135563+0.0151592j -0.00352442+0.00152052j -0.00286939+0.00225192j -0.00425762-0.00633161j 0.00615175+0.00159646j -0.00168643-0.00203712j -0.00708338+0.0149848j 0.00243832-0.0115902j 0.000437123+0.00455072j -0.00391795+0.0112137j -0.00304278+0.00262937j -0.000940433-0.000223085j -0.00354772+0.00158066j 0.00874717-0.00745142j 0.00524929+0.00324715j 0.00286951+0.00108237j 0.00137141-0.00264206j -0.00203492-0.0019073j 0.00590625-0.0016409j -0.00672188+0.000578513j -0.00200648-2.39199e-05j -0.00271585-0.00382429j -0.00199114-0.00339108j -0.00391201+0.000409561j 0.00608503-0.00655029j 0.0038958-0.00324673j -0.00714479+0.00401695j 0.00468901-0.00719709j 0.00369856-0.00420015j -0.00397014+0.000990961j -8.92241e-05+0.00426927j -0.00885426+0.00482579j 0.00242544-0.00277927j 0.00261634+0.000820579j -0.00156203+0.00391558j -0.00165423+0.000667577j 0.00474115+2.98137e-05j 0.00134428-8.66802e-05j 0.000497187-0.00116571j 0.00870494-0.00370177j 0.00405066-0.00222116j 0.0105042-0.00762359j 0.00481327-0.00447331j -0.00822807+0.0104866j 0.00681864-0.00423936j 0.00690406-0.0006121j -0.00427617+0.00211998j -0.00118128-0.000614494j 0.00771248-0.00184114j 0.00102414+0.00398895j -0.00403549+4.58658e-05j 0.0110008-0.0016955j -0.000718587-0.00269544j 0.00561002-0.00723225j 0.00513713+0.000436365j 0.00203758-0.00174493j -0.00245985+0.0039212j 0.00126224+0.00217372j -0.000582814+0.000214017j 0.00238174-0.00210441j -0.00105209+0.00359618j -0.00049261+6.68579e-07j -0.000841269+0.00148876j 0.000971744-0.00118428j -0.00162107-0.000959675j -0.000361657+0.00119285j 
-1.70936e-05-0.000406073j 0.00103364+0.00427786j 0.000954507+0.00049955j 0.00014432+0.000759471j -0.00265715-0.00691175j -0.0024516-0.000649144j 0.00323734+0.00221935j 0.004906-0.0108179j 0.000161692-0.000461208j -0.00427982-0.00166059j -0.00565787-0.00999978j -0.00269772+0.00449529j 0.0058666-0.00808486j 0.00381627-0.00212309j 0.00161773+0.00585283j 0.000116384+0.00268168j -0.0016753-0.00656597j 0.0130378+0.0106789j 0.00295455-0.00509441j -0.00950685-0.00556235j -0.0118832-0.017517j 0.00681171+0.00325963j -0.0119736-0.00214652j 0.00379095-0.00194993j -0.0138281-0.00552661j -0.00444601-0.00481788j 0.00895494+0.00642532j 0.000971997+0.0049643j 0.00590868+0.00833192j -0.0029218-0.0176294j 0.00265135+0.00238135j -0.0124897-0.00757694j 0.0016657+0.0037998j -0.00115147+0.00964214j 0.00524117-0.00740877j -0.0013337+0.00607931j -0.00588783+0.0137159j -0.000777955-0.0108643j -0.00359677+0.00338263j -0.000897873+0.00316054j -0.00341117-0.00381885j -0.00383816+0.00465503j -0.00607836-0.00416024j 0.00665979-0.00518388j 0.00252541+0.00371274j -0.00531503+0.00793933j -0.00236686-0.00170931j 0.00186532+0.000636922j 0.00175981-0.00320442j 0.00151702+0.000403311j -0.00709862-0.000171922j 0.00347704+0.00358879j 0.000596234-0.00272905j -0.00165152+0.0032249j -0.00429527-0.00137206j 0.00397473-0.00221425j -0.00647601-0.00254594j -0.00919218+0.00419068j 0.00575597-0.00268927j 0.00266119+0.00276068j 0.00506766+0.000461528j 0.00289564+0.0056749j -0.00197338-0.00155169j 0.00600475-0.00328822j -0.000344997+0.000799654j -0.00580047-0.000283796j 0.00506996+0.00247421j 0.00188487-0.00767981j -0.00430631-0.00383318j 0.00206596+0.00496272j 0.00593612+0.000572942j -0.0129531-0.00835196j -0.0037273-0.00709223j -0.00181983+0.000921007j 0.000996351-0.00143794j 0.00364789+0.00113001j 0.00518612+0.00146395j -0.00208659+0.00318459j -0.00395339-0.0056261j 0.00194271+0.00441518j -0.000614034+0.00022118j -0.00374587-0.00353213j -0.00363715+0.00303567j -0.00503258+0.000225995j 0.000325652+0.0040817j 0.00145984-7.93402e-05j 0.002275+0.00617023j -0.000320836+0.00219705j 0.00276614-0.00378921j -0.00203353-0.000820735j 0.00107215+0.00167881j -0.000513997-0.00157906j -0.00279889+0.00178978j -0.00286695+0.000620144j 0.00478845-0.00264862j 0.000423009+0.00145598j -0.00114777+0.000214503j -0.00193752+0.000227477j 
-0.00201934-0.0012082j -0.00141277-0.00338196j -0.00106543-0.00365859j -0.000345942-0.00120407j 0.00364169+0.0093336j -0.00529065-0.00523234j -0.00405554-0.00714013j 0.00131053+0.00413776j 0.00635917+0.00342712j 0.0020463-0.000462543j -0.00788878-0.00535412j 0.00103314+0.00769709j -0.00310782+0.000966874j 0.00293878+0.00868937j 0.00643577+0.000692799j 0.00481198+0.00577192j -0.00251101-0.001899j 0.00308435+0.000663505j -0.00406876+0.00188398j -0.00149048-2.01482e-05j -0.00442595+0.0101207j -0.00608019-0.011864j 0.00300945+0.000930225j -0.0114204-0.00612897j -0.0094106-0.0142191j -0.00458942-0.0187963j 0.0154016+0.00621975j -0.00277548+0.00408139j 0.00117745+0.000639656j -0.0131149-0.0144322j 0.00213564+0.00597639j -0.00791034-0.00993149j 0.0101713-0.00998874j 0.00316053+0.00528533j 0.00228232+0.000713002j -0.00382184+0.00831455j 0.00351834+0.00823928j -0.00141558-0.0190471j 0.00756663+0.00322096j -0.00346128-0.00122862j 0.00688601-0.00424128j 0.00328059-0.00779163j 0.00296527-0.00402015j 0.000627196+0.00202197j 0.00365014+7.66222e-05j 0.000697254-0.0007143j -0.00575621-0.00326077j 0.000181456+0.00890758j 0.00208249+0.000556279j 0.00189294-0.000354898j 0.00151093+0.0019246j -0.000690426-0.00246769j -0.00344847+0.00315706j -7.40549e-06+0.00161064j -0.000670425+0.00150884j 0.00320722+0.000304088j 0.00286767+0.0054342j 0.00293393+0.000357134j -0.00171976-0.00740671j 0.00577966+0.00291515j -0.00155156-0.00407493j 0.000794676-0.00175854j -0.00562809-0.00198157j -0.0019705-0.00284835j 0.0019254+0.00428857j 0.00281627-0.00488534j -0.00343715+0.00268066j 0.00387618+0.000422347j 0.00357556+0.00312972j 0.000779863+0.00740246j -0.000347644-0.00279877j 0.00397016-0.00339756j 0.00105675-0.00587717j -0.00136215+0.00941356j -0.000444423+0.00418328j -0.0047833-0.00723671j -0.000936656+0.00468516j 0.00525769+0.00102513j 0.00195483-0.00544877j 0.00066356+6.22908e-05j 0.00106406-0.000463909j -0.00180891-0.000712889j -0.00637584+0.000643309j -0.00377027+0.00209003j -0.00290931+0.00285963j -0.00176056+0.00479539j -0.00335576+0.0016494j -0.00102079+0.00289829j -0.00275028-0.00336082j -0.000831038-0.0016988j -2.03583e-05+0.00121117j 0.00218849+0.00104459j 0.00239959-0.00123049j -0.00114289+0.000748398j 0.00056399-0.000257295j 0.000288897-0.00128318j -0.000112643-0.00044382j 0.00306577-0.00115481j 
0.00042455+8.76442e-05j 0.00134732+0.00237419j 0.000397576+0.00354054j 0.000793908+0.00014939j 0.00141954-0.00266226j 0.000410259+0.000475417j 0.00299411+0.000829312j -0.000608791-0.00299592j -0.00172197-0.00367989j -0.00355196-0.00210011j -0.00262228-0.00527529j 0.00316233+3.85066e-05j -0.00321213-0.00570817j -0.000589622-0.00170752j -0.00707421-0.00158799j 0.00148462+0.0010807j 0.00501437+0.00304326j 0.00408916+0.00863492j 0.000810726-0.00212716j -0.00200473-0.00491495j 0.00467853-0.00514173j 0.0063151+0.00401664j -0.00144981-0.00795519j 0.0010097-0.0042305j -0.00441333-0.0019541j 0.000129352+0.00453705j -0.000602459-0.00120243j 0.0022778+0.00701668j 0.000872878+0.0066876j 0.0088102+0.002576j -0.00630123+0.0043237j 0.00166212+0.00574698j -0.00111045+0.00906602j -8.9256e-05+0.00698167j 0.00196659+0.00679211j -0.000379541-0.00207803j -0.00375862-0.00167293j 0.00198729-0.00409324j -0.00314693+0.00136006j 0.00120498+0.00371261j -0.000170195+0.00155975j -0.000975971+0.00104277j -0.00128208+0.000709234j -0.00101746-0.00398318j 0.000943684+0.0024682j -0.00215427+0.00101174j -0.000520669+0.00268525j 0.00300627-0.00214065j -0.000770918-0.00377424j 0.00248935+0.00907866j -0.00247532+0.0017419j 0.0032782-0.00169489j 0.000630061+0.00552654j -0.000809108-0.00460584j 0.000607481+0.00379842j -0.00325766-0.000322198j 0.00408927+0.00910459j -0.00623227-0.00661988j 0.000918776-0.00696439j -0.00244325-0.00039099j -0.00483884-0.0095667j 0.000920568+0.000214036j 0.00292055-0.000437435j 0.00375265+0.00244862j -0.00174561-0.00230386j -0.000790015-0.010254j 0.00157062+0.00498759j 0.00133821+0.00430983j 0.00223048-0.000511657j 0.00146103+0.00729706j -0.000374366+0.000856295j -0.000281573+0.00096665j 0.00133859-0.00417352j -0.0029616+0.00952993j -0.0055374+0.0225542j 0.00397695-0.000830542j 0.00150749+0.00545618j 0.000985433-0.0039833j 0.0037643-0.000715199j 0.00180029-0.00441403j -0.0011349-0.00130304j -0.00632691+0.00647841j -0.00432097+0.00722886j -0.00286096+0.00496804j -0.000152664+0.00383859j -0.00190814+0.00448921j 0.00250917-0.00548269j -0.00456965+0.00360169j -0.000542907+0.00278511j 0.00233676-0.00300723j -0.00038325+0.00204257j -0.00116958+0.000258541j 0.000791716-0.0013259j 0.00132103-0.00186047j -0.00248343+0.00204041j -0.000237052-0.00252602j -0.00290271+0.00253215j -0.000565164+0.00198431j 
-0.000459772+0.000107713j -0.000247127+0.000231433j 0.00406943+8.70916e-05j -0.000172724+0.000509043j -0.00555341-0.00779083j -0.000420178+0.00555694j -0.00404073+0.000403437j 0.00812903-0.00509071j -0.00588464-0.00607064j 0.00589126+0.000829835j 0.0108095+0.00442145j -0.00122672+0.000196038j 0.0137648+0.000754228j 0.000678185-0.00156749j 0.013395+0.00638465j -0.0149746-0.00754548j -0.00810059+0.00926559j 0.00245309+0.00489951j 0.00289614+5.23843e-05j -0.00209335+0.000749121j -0.0166739-0.00420809j 0.000334731+0.0112463j -0.00513843+0.00782248j 0.0225295+0.00411279j 0.0125999+0.00685645j -0.001189+0.0109588j -0.00492464-0.00750181j -0.0106375-0.000412414j -0.00685706-0.000841273j -0.0125546+0.0018395j -0.00116884-0.000665876j -0.00950684+0.00162105j -0.00750841+0.0014706j -0.0168622-0.00292181j -0.00629375-0.00374302j 0.00429617-0.00142721j -0.000503953+0.00324779j 0.0029338+0.00485274j -0.00716946-0.0063238j 0.00295115+0.00093561j -0.00626827-0.000566026j -0.00217733+0.00666852j -0.0039915+0.00199759j 0.00239735+0.00644215j -0.00222894+0.00214685j -0.0013442+0.00339659j 0.00536299+0.00500435j 0.00319913-0.00617782j -0.000617322-0.00381708j -1.44218e-05+0.00848606j -0.00953247-0.00630974j -0.00367689-0.00518856j 0.00291711+0.00417853j 0.00187304+0.00198879j 0.00351445+0.00479988j -0.00121046-0.00555j 0.000569578-0.0068851j -0.00319389-0.00560909j -0.00923929+0.00457344j 0.000191567-0.00342774j -0.0041101+0.00259208j -0.00459302+0.00771818j -0.00086114+0.00396481j 0.000433027-0.00022335j 0.00251963+0.00198811j -0.00528029-0.0010605j 0.00291318+0.00889264j -0.000107612+0.00132895j -0.0016407-0.00813015j 0.00275533+0.00461639j -0.00290327+0.000108766j -0.00652163-0.00949413j -0.00287048+0.0020421j 0.0125624+0.00163699j 0.00950431+0.00885376j -0.00667561+0.00378776j 0.00551552-0.000584532j -0.00295077-0.00603121j -0.008075+0.00094115j -0.00379745-0.000167654j -0.000871582+0.00092465j 0.00252865-0.00663296j 0.00312327+0.00583902j 0.00134184+0.00878577j 0.00770495+0.000324094j 0.00555591+0.00248894j 0.00284456+0.000702763j -0.005661+0.00777375j 0.000201589+0.00294861j -0.000922672+1.28198e-05j -0.00393287-0.000186677j -0.00425185-2.80975e-05j -0.00287022-0.001622j -0.00219667-0.00224141j 0.000193989-0.000289413j 0.00249094+0.00219896j 0.00107531-0.000518724j -0.00425486-0.00151933j 
0.0013677-0.00178892j -0.00104207+0.00141254j -0.000506853-0.000320999j -0.000270837+0.000277528j -0.00215779-0.00478881j -0.0031214-0.00329985j -0.00170747+0.000648343j 0.00263739-0.00231032j -0.00105895-0.00100572j -0.00102825+0.000647667j -0.0109463+0.00179503j -0.0123025-0.00611294j 0.0121793+0.00764652j 0.00039618-0.00605803j -0.0154636-0.00644068j 0.00805375-0.00448473j 0.00124664+0.00408881j 0.00851814+0.00475593j -0.00147228+0.00835228j -0.0206157-0.00701974j 0.0110677+0.00305614j -0.00837065+0.00459074j -0.0127522-0.012991j -0.0263554-0.00505068j -0.0225099+0.0015337j -0.0165832+0.00131886j 0.0163975-0.00576704j 0.00555935-0.00180344j -0.0132427-0.0178052j 0.00411791+0.0149645j 0.00396644-0.00228753j -0.0174389-0.00527065j 0.0140172+0.011926j 0.00705609+0.00446614j 0.00232577-0.000340904j -0.000406322-0.00347952j 0.00367662+0.00128704j -0.013952+0.00127578j 0.00449852+0.0003789j -0.00344026-0.00127812j -0.00554424-0.00283687j 0.0042388+0.00593793j -0.00127455+0.00146912j 0.000912719-0.000651456j -0.000507996+0.000154511j -0.00375634+0.00120279j -0.00356208-0.000118933j 0.0017444-0.00161192j 0.00263978+4.09548e-05j -0.0054491+0.00257549j -0.00446392-0.00342305j -0.00348598+0.00229904j -6.34968e-07+0.0004047j -0.000136949-0.00316134j -0.00823304+0.00324674j 0.00231935-0.00144918j -0.00166305+0.00200552j -0.00412668+0.00292057j -0.00433799+0.00591789j -0.00534928+0.00079401j 0.00352872-0.000925049j 0.00146349+0.00638215j -0.0023834+0.00808689j 0.00242912+0.00531118j 0.00216404+0.000246221j 0.00307789-0.00559718j 0.0109471-0.00593196j -0.00487502+0.00462679j -0.00586591+0.001741j 0.00140754+0.00574147j -0.00188167+0.00529771j -0.0119139+0.00462449j -0.00764973+0.00598301j 0.000752205-0.00460997j -0.00469689-0.00102522j 0.00420829+0.00171959j -0.00159004+0.00162871j 0.00217025-0.00440141j -0.00548266+0.00376591j -0.0044176+0.00394825j 0.00478374-0.00413591j 9.04319e-05-0.00220879j 0.00427285+0.001505j 0.00128234+0.000802368j 0.00496896+0.00051027j -0.00340302+0.00274182j 0.00906186-0.000158768j -0.00116937-0.00211613j -0.00888297-0.00307276j -0.000197296+0.00364989j 0.00143718+0.00140289j -0.00367657+0.00117928j 0.00293769+7.24007e-05j -0.00229746+0.000908719j 0.00186604-0.00197621j -0.000460667+0.00270589j 0.00130589-0.000716485j 0.000781753+0.000554993j 
0.000499847+0.0016182j 0.00210739-0.000605374j 0.0011293+0.000246792j -0.00202692+0.0030905j -0.000547623-0.0011332j -0.0036838-0.00296694j 0.00238872+0.001343j 0.000436609-0.000905893j -0.00100212+0.00152527j -0.00372548+0.00236123j 0.00101004-0.00591626j -0.00310965-0.00863375j 0.00168501+0.00101385j -0.00325018-0.00262855j -0.0136173-0.00538847j 0.00143945+0.00587038j 0.00813465-0.00242293j 0.00473461+0.00113705j 0.0103175-0.00481432j -0.00104144-0.00341688j 0.00687529-0.00196575j 0.0115522-0.00165562j -0.00847662-0.014058j 0.00277176-0.0140054j 0.00677532-0.00958609j 0.00887799+0.0018668j -0.0156362+0.0105127j 0.00154638+0.00240444j 0.00564906+0.00184383j 0.0193795+0.00286932j -0.00125637-0.00730737j 0.01358+0.000269937j -0.00343336+0.0123323j 0.00398613+0.00370436j 0.00316762+0.00633915j 0.000382644-0.00626424j -0.00553568-0.00187007j 0.00392534+0.00364559j -0.00593221-0.000221081j 0.00407069+0.00191712j -0.00377974+0.000370365j -0.00762864+0.00307105j -0.00217598-0.000485323j 0.00224989-0.000478934j -0.00435677+0.00336174j 0.000493891+0.00116832j 0.00325994-0.00223885j -0.00334749-0.00480311j 0.00154622+0.00385775j -0.00153403-0.00126093j -0.00283483-0.00680179j 0.00775494-0.00497232j 0.000567548+9.83607e-05j -0.00419952+0.00600119j 0.00128864-0.00121279j -0.000697134+0.000648579j -0.00273256-0.00900385j 0.00319333-0.0112957j 0.00749196-0.0022857j 0.00364032-0.00757064j 0.00480848+0.00164837j 0.00126108+0.00340923j 0.00501708-0.00504363j 0.00054167+0.00734348j 0.00110465-0.00111287j -0.000781236+0.00556658j -0.00659304+0.0107237j 0.00333448-0.00673818j 0.0061622-0.00737706j -0.00528416-0.00294488j 0.00570888-0.00559691j 0.00383463-0.0103788j 0.0093253-0.00772824j -0.0027123-0.0041301j 0.000820221-0.00495587j -0.00223251+0.00686483j 0.00393696-0.00349495j -0.00127325+0.000799662j -0.000278947+0.0020307j 0.00442683-0.00115242j -0.00483563+0.00219409j 0.000756461-0.00453542j -0.00383425-0.00172713j -0.00377175-0.00382517j -0.00435937+0.00114218j -0.000408748+6.13604e-05j -0.00230511+0.000573775j -0.0038797+0.00118133j 0.00680577+0.00016643j -0.000587052+0.000277866j 0.000417781-0.00147553j -0.000227528+0.00316232j -0.00479312+0.000477326j 0.000748461-0.00180333j -0.000716263-0.000778622j 0.000372911+0.00102668j 0.00150544-0.00194094j -0.00331388+0.000274364j 
0.000837151+0.00372635j 0.00485719-0.0031319j -0.00182798+0.00627462j -0.00587028-0.0059709j -0.00011319+0.00556074j 0.00322062-0.00683108j 0.00817137-0.000920354j -0.00500938-0.00361382j 0.00526693+0.00965371j -0.000199172+0.00525731j -0.00222274-0.0157767j 0.00394659+0.00120302j -0.0084352-0.00682013j -0.00175226-0.00403662j -0.0069891-0.00853277j 0.00272796+0.00454654j -0.0103168-0.00222379j -0.00792643-0.00752054j -9.788e-05-0.0148134j -0.00234389-0.00564754j -0.00499919+0.00324441j -0.0105824-0.00337394j 0.0124242+0.00277749j -0.00248753-0.00934041j 0.00594145+7.68646e-05j -0.0128582+0.000884419j 0.00965245+0.011126j -0.00450035-0.00930984j -0.00602084-0.000116023j -0.0112052-0.00276582j -0.00642204-0.0135234j -0.000265869-0.00900777j -0.00613713-0.00322291j 0.00142131+0.00331618j -0.00679897-0.00639021j -4.20428e-06+0.00201281j 0.0118001-0.00814302j -0.00146925-0.00224608j -0.00748686-0.00691826j 0.00778093-0.00369925j 0.00088602+0.0123588j -0.00464099-0.00320212j 0.00151484-0.00119344j -0.00408273-0.000722377j -0.00120396-0.000437993j 0.000796686+0.00307407j 0.00252923+0.000979396j -0.00525452+0.00179302j -0.00288367+0.00457379j 0.00133049-0.000784252j -4.33107e-05+0.00945392j 0.00905235+0.00227197j 0.00357506-0.00472263j -0.00316117+2.62276e-05j 0.00232234+0.00281771j -0.00340506-0.00191622j -0.0111793-0.00292045j -0.00147895+0.00672021j 0.00243766+0.00289955j 0.00535681+0.000878991j -0.00432583-0.00702482j 0.000721007+0.00174886j 0.0020674+0.00359457j 0.00299449-0.00996958j 0.0015057+0.00329332j 0.00151304-0.00015898j 0.00222418+0.00328517j 0.00154824+0.00399338j 0.00647868+0.0035407j 0.00636862+0.00216793j -0.00307777+0.00388038j -0.000252134+0.00161688j -0.00329315+0.00368506j 0.00842392+0.0028887j 0.00253154+0.0021934j -0.00292805-0.00239079j 0.00630298-0.00491883j 0.00212497-0.00337723j -0.00339148-0.000381667j -0.00177302+0.00210112j -0.00383175+4.18976e-05j -0.00107543+0.00320243j -0.000682536-9.21097e-05j -0.00389211+0.00763662j 0.00505497-0.00276788j 0.00493711+0.00199997j -0.00271506-0.00492608j -0.00109545+0.00469596j -0.00200278+0.00330019j 0.00491859-0.000431922j -0.000111927+0.00237032j 0.00639314+0.000427365j 0.0019955+0.00154702j -0.001185+0.000590854j -0.00158223-0.00228508j -0.00452338-0.000668324j 0.00319228+0.00282913j -0.000397788+0.000539483j 
-0.000515727-0.000474652j -0.0018069+0.0031971j -0.00279563+0.000964847j -0.00180044-0.00294673j -0.00181242-0.00433893j 0.0105252+0.00738086j 0.00189892-0.00419694j -0.00628027+0.000423981j 0.000136802-0.00228609j 0.00765386-0.00448641j -0.00527098+0.00201428j -0.00605844-0.00417392j -0.00286746+0.00957388j -0.002612+0.0019017j -0.00226439+0.00656583j 0.000735632-0.0118601j -0.00717789-0.00226324j -0.0192047+0.00538803j -0.026054-0.00079753j 0.00255006-0.00816245j 0.00986781-0.0137028j -0.0128909+9.82582e-05j 0.0150928+0.00584357j -0.0121906+0.00116551j -0.00374829+0.00216362j -0.00186579+0.000629312j 0.0116745+0.00904426j -0.000889273-0.00526123j -0.00225231-0.00587837j 0.00108621-0.0033139j -0.00398918+0.00945701j -0.000515159-0.0170528j 0.000448202+0.01158j -0.0040505-0.0115602j -0.00197623-0.00669239j -0.00531871-0.00355557j -0.00768971-0.00484032j 0.0126776+0.0107008j -0.0078413+0.00154918j -0.00317388-0.00900796j 0.00256577+0.00234149j 0.00643971+0.00903909j 0.00179144+0.00320836j -0.0071232-0.00264789j 0.00115175-0.00575303j -0.000229334-0.0043046j 0.00113734+0.005678j -5.26776e-05-0.000389689j -0.00595739-0.00591042j 0.00438298-0.00181796j 0.000931273-0.00226403j -0.00317256-0.00538411j 0.00731606+0.0017345j 0.00995275+1.43333e-05j -0.000204517-0.00362953j -0.000802144+0.00188221j -0.00275549+0.00207501j -0.0059077-9.00186e-05j 0.00280743-0.00619361j -0.00764965+0.00322003j -0.00226171+0.000972242j 0.00404752-0.00428387j 0.00187666-0.00421763j 0.00673253-0.00344819j -0.00377531+0.00333281j -0.00338582+0.00624849j 0.00274092+0.00276901j 0.00147441+0.00173743j -0.00771713-0.00437334j -0.00302203+0.00622315j 0.00140468-0.0108218j -0.00637069-0.00705812j 0.00120608-0.00331115j -0.00833554+0.00647799j 0.000609017+0.00201953j 0.00710425+0.00207494j -0.00651891+0.00323318j -0.0044833+0.00102183j 0.00920856-0.00520546j 0.00309423+0.00179975j -0.000836898+0.00255883j 0.00509489+0.000428638j -0.00322061+0.0025113j -0.00278614+0.00770586j -0.004898-0.00493731j -0.00306899-0.00137822j -0.00987023-0.00234529j 0.00118338+0.0013905j 0.00358603-0.000677847j -0.0039515+0.000450654j 0.000739125+0.00106952j -0.00367287+0.0020992j -0.000680378-0.000484836j 0.00190956+0.00265848j 0.00449106-0.00119406j -0.00148137+0.00261128j -0.00332639-0.00131427j 0.00128209+0.00116061j 
-0.00130391-0.00493736j -0.00194737+0.00301508j 0.00108122-0.00686559j 0.00358178+0.00145688j -0.00113662-0.00134071j -0.00751994-0.0013032j -0.000246937+0.00406532j 0.00967598+0.00769222j 0.00466885-0.00596079j 0.00322273-0.00398234j 0.0027164+0.00486321j -0.00117721+0.00413368j 0.006462-0.00257613j -0.00349003+0.00117143j 0.0124892-0.00370581j -0.00147096+0.00374559j -0.00142839+0.00378719j 0.000138783+0.00814494j 0.00526409+0.00959017j 0.00411489+0.00209998j -0.00387884+0.0092243j 0.00463503+0.000536564j 0.00523616+0.00166837j 0.0124771+0.00682799j 0.00392677-0.00391663j 0.00476795-0.00957647j -0.00571949-0.00378001j -0.00701909+0.00362906j -0.00423608-0.00452912j -0.00191317+0.00190788j 0.00290239-0.000210042j -0.00229864+0.00612177j -0.00639288-0.00442943j -0.00969234-0.00142591j -0.00248373-0.000898082j 0.00384115+0.00322371j -0.0041121+0.00497548j -7.45713e-05+0.00237139j 0.00686156-0.000678788j -0.00399465+0.00553452j 0.00493335-0.00514937j 0.00329736-0.00862271j 0.0015117-0.000828468j 0.00219983+0.00199583j 0.00396806-0.000342516j 0.00141143-0.00198104j -0.00314563+0.000334046j 0.00286885-0.000599355j 0.00163167-0.0068084j -0.000388235+6.5542e-05j 0.00527142+0.00170348j -0.012946+0.00108941j -0.0011702+0.00630308j 0.00229556+0.00281337j 0.00362391+0.00182489j -0.00143476-0.00339979j 0.015305+0.00378981j 0.00468561-0.00021317j -0.00853961-0.00380172j 0.00303839+0.00250573j -0.00111002+0.00203258j -0.00138509-0.00879833j -0.00303853+0.00268588j -0.00438835-0.00450966j -0.00103444+0.00278367j -0.00473522-0.00166536j -0.00310467-0.00618247j 0.00195571+0.00118584j 1.21314e-05+3.2366e-05j 0.000955991+0.000219642j 0.00322201-0.0033943j 0.00225769+0.00213005j -0.00173093+0.00578256j -0.00232323+0.0102579j 0.00428467+0.00881505j -0.0025825-0.00273924j 0.000556717+0.00369793j -0.00246723-0.000946677j 0.00230797-0.00396032j -0.000126308-0.00313231j 0.00315482-0.000806211j -0.000902183+0.000132795j -0.00229493+0.000819572j 0.000483321+0.00415566j 0.00271753-0.00262517j 0.00328035-0.00335886j 0.00230624+0.000140413j -0.000490575+0.0014556j 0.000548189+0.00454039j -0.00291607-0.00171049j -0.000672908+0.00119534j -0.00175499-0.00425727j 0.000793134-0.00338222j -0.00169367+0.00153245j 0.000326885+0.00193488j 0.00468291-0.00347853j -0.00382278+0.00188812j 0.00223364-0.00157603j 
-0.00161652+0.00384806j 0.0025377+0.00129419j 0.00125313+0.00681859j 0.00211206+0.0038576j -0.00039647+0.00575872j -0.00522917-0.00795071j -0.00899767-0.0148499j 0.0041387-0.00258439j -0.00590996+0.00515592j 0.00946385+0.0106416j 0.00869065-0.00186539j -0.00889732-0.00958852j 0.0153631+0.0157165j 0.00740403+0.00595797j -0.000681915+0.00180548j -0.00607519-0.0057767j 0.00871307+0.00401634j -0.00207754-0.00545009j -0.0015918+0.00012815j -0.00302526-0.0047636j 0.0140067+0.00978857j -0.0046093-0.0132485j -0.00969233-0.00297114j 0.000504114-0.0286796j 0.00674746-0.00653718j 0.00161173-0.00291444j -0.00837727+0.000401221j -0.00241292-0.0033311j -0.00480013-0.0121129j 0.00402371-4.14542e-05j 0.000705708+0.0111369j 0.00410314-0.00695317j 0.00319651+0.0018995j 0.0014807-0.0064981j 0.00130029+0.00584077j -0.00101546-0.0022115j -7.39242e-05-0.00413599j 0.00562217-0.00326721j -0.00146948-0.00731069j -6.8623e-05-0.00162026j -0.00526697-0.00533734j -0.00110474+0.0034438j -0.00330341-0.00605003j 0.00401713+0.00741282j 0.00198354-0.000343803j -0.00306195+0.0109221j -0.000674383+0.00310372j 0.00582419+0.0101727j 0.00256831+0.00613434j 0.00340233-0.000327649j -0.00476815+0.00727925j 0.00607369-0.00675377j -0.00501178-0.00728332j 0.000141541-0.00504229j -0.000312309-0.00401665j -0.000899699-0.00925873j -0.00709293+0.004689j -0.00305167+0.00267739j 0.0096531+0.00110928j 0.00272886+0.0015188j -0.00301825+0.000780337j -0.00588788-0.0023666j 0.0039159-0.00320029j 0.000887375-0.00960575j -0.0034673+0.00451295j -0.00650355-0.00333215j -0.00710234-0.003662j 0.00281372+0.00238508j 0.00100442+0.00603304j -0.000282557-0.00145294j 0.00508786+0.00262564j 0.00491676+0.00134767j 0.000988486+0.000950729j -0.00157064+0.00185938j -0.000243968+0.00660232j 3.86986e-05-0.00515884j -1.3327e-05+0.00396797j -0.00343004+0.0087381j -0.00142478-0.00121423j 0.00265882+0.000728706j -0.00349911+0.001687j -0.00180591-0.0012674j -0.00143887-0.00490969j -0.00224238-0.00117713j 0.00242444-0.000673118j 0.00109669-0.00351827j -0.00647325+0.00412192j -0.00144118-0.00017051j 0.00275868+0.0055164j 0.000592227+0.00107716j -0.00360332-0.00229301j 0.00348504-0.00442249j 0.000902555-0.000812842j -0.000954055+0.00161086j -0.00151255-0.00131464j 0.00212364+0.000240368j 0.000359492+0.00312282j -0.00314725-0.000930004j 
0.0014619+0.00296668j 0.0012392+0.00204812j -0.00177696+0.00584425j 0.00586932+0.00520636j 0.00399253+0.00843176j 0.00976386-0.000532519j 0.000880092-0.00407016j -0.00844354-0.00408012j -0.00302036+0.00215886j -0.00658988-0.00248847j 0.00267228+0.00168492j 0.00875634+0.00526002j -0.00901186-0.00242076j 0.0052755+0.000943584j 0.00706587+0.00501153j -0.00371798-0.00185479j -0.00172345+0.00112502j -0.000202451-0.00494824j -0.00727639+0.00090063j 0.00811889+0.0036233j -0.00727803-0.00752331j 0.00191704+0.00438393j 0.00330797+0.00491165j 0.00758331+0.0087488j -0.00319462+0.00749946j 0.00173111+0.00954546j 0.00717805-0.011036j 0.0046484+0.00264053j 0.00978866+0.0115674j -0.0121228-0.00523123j -0.00176048+0.00457227j -0.00607014+0.00750368j 0.00334582-0.00976079j 0.0020679-0.000915551j -0.0025489+0.0023854j 0.00022296+0.00298684j 0.00327398+0.00299557j 0.00332746-0.00562477j 0.00305833+0.00699277j -0.00400278+0.0030474j -0.00241997-0.00188296j 0.00110076+0.0052076j -0.00194626+0.00110444j 0.000382796-0.00860687j -0.000424148+0.00177042j -0.000624325-0.00203591j 0.00475688+0.00348887j 0.000674985-0.00594441j -0.00879937-0.000999676j 0.00482043-0.00341968j -9.24327e-05+0.00292671j 0.000957045-0.0014189j 0.00128101+0.00073079j 0.00251699-0.00200437j -0.00213207+0.00834153j -0.000152256+0.000543464j -0.00445051-0.00662561j -0.00262961+0.00142316j -0.001209-0.00512417j -0.00390248-0.00965207j -0.00138682-0.00384006j 0.00127017-0.00103708j -0.000225129+0.000987147j 0.00112933+0.0103821j -0.000905554-0.0048639j 0.00563789+0.00453215j 0.00626525+0.00137427j -0.00130127-0.00677772j -0.00217896-0.00379805j 0.00593757-0.00458156j -0.00262669-0.00902153j -0.00311931+0.00503895j -0.00637533-0.00116294j -0.00357196+0.00106956j 0.00368174-0.00210731j -0.000106051+0.00221069j 0.00216281-0.00629378j 0.00685172-0.00593956j -0.00129129+0.00262762j 0.00367449-0.00705756j 0.00256952-0.00171056j -0.00174413+0.00127522j 0.003228+0.00484j 0.00314906+0.00191242j 0.00267156+0.00122211j -0.00371166+0.00109748j 0.0037627-0.00337484j 0.00337957-0.001239j -0.0036724-0.00481852j 0.00272584-0.000435794j 0.00406152-0.00190341j -0.00414561+0.00485771j 0.00268604-0.00111961j 0.0047084-0.00205954j -0.00468295+0.00210536j -2.722e-06-0.00275806j -9.88692e-05+0.000431372j 0.000718377+0.00249366j 
-0.00257457+0.00407642j 0.00240453+0.000903057j -0.00118079+0.000920681j 0.000715719-0.010572j -0.00506891+0.00970342j 0.0134313+0.00836903j -0.00135655-0.0065437j 0.00614977+0.00205012j -0.0135047+0.00123679j -0.00330182-0.00614113j 0.0140652+0.00398391j -0.00685061+0.00807527j 0.0055246+0.00139884j 0.0060042+0.0031559j 0.00405669+0.0112045j -0.00427506-0.00183971j 0.00519079+0.000725889j 0.000548209-0.00641469j 0.000404752+0.000952888j -0.000693438+0.00508393j -0.00167667-0.00855897j -0.000159863+0.00535126j -0.0184059+0.000330109j 0.00153115+0.00810915j 0.00436711+0.00121191j 0.00901884+0.00829806j -0.00299053-0.012606j 0.00593832+1.95205e-05j 0.00607387+0.00651925j -0.00164752-0.00125639j -0.000693133+0.0136502j 0.00375965+0.00146329j 0.00939194-0.00681105j 0.00337177+0.000959416j 0.0105315+0.00194225j -0.00744469+0.00437074j 0.00431214-0.00795768j 6.22104e-05-0.00703171j -0.000269272+0.00921817j -0.00174524+0.00273254j -0.00467329+0.000922543j 0.00270599+0.00269958j -0.00160441-0.00208469j 0.00221862-7.59543e-05j -0.00257331-0.00366378j 0.00133765-0.00571733j 0.000127044+0.015143j 0.00194016+0.00538883j -0.0118714+0.00144633j 0.00394417-0.00105041j -0.00790562+0.00365508j 0.00608168+0.00516749j -0.00486038-0.00067163j 0.0133677-0.00218908j -0.00146412+0.0050298j 0.00135245-0.00936739j -0.00573246-0.00731767j -0.00326982-0.00490851j 0.00192741+0.00166875j 0.00150327-0.00621084j -0.00791466-0.0032947j -7.42964e-05-0.00455901j -0.00293975-0.00274087j -0.00198081-0.00043248j -0.000770524+0.0014862j 0.00439434+0.000408925j -0.0010194-0.00433365j -0.00132716+0.00125913j -0.00253095+0.00177645j -0.000871879-0.00123722j 0.00122484-0.00593751j 0.00199842-0.00223589j -0.00505939+0.00121372j -0.00256069-0.000171492j -0.00636041-0.0040311j -0.00424199-0.00104077j -0.00937248-0.00261057j 0.00581378+0.00350294j -0.00114018+0.00117448j 0.00456487+0.000667716j 0.000151206-0.00175726j 0.00173083-0.00540734j -0.000921618-0.0022834j 0.000468515-0.000304035j 0.00353022-0.00184336j -0.000227254-0.00394538j -0.00457201+0.00295018j 0.00246852+0.00160764j -0.00457967-0.000181018j 0.00124826+0.00384603j -0.00363813-0.00129919j -0.000630174-0.00247524j 0.00487838+0.000434197j 0.00178932+0.00372938j -0.000459313-0.00235674j -0.00106766-0.000599521j 0.00293733+0.00120053j -0.00168818-0.001995j 
0.00267707-0.00314491j -0.00108024-0.00514354j 0.00396185+0.00276955j -0.00118518+0.00602639j 0.00370707-0.00745707j 0.00365165-0.0178172j -0.00749809-0.000191557j -0.0099224-0.0059208j -0.00493618+0.00314045j -0.00232736+0.0105851j 0.00314322-0.00350174j 0.0106127-0.00454966j -0.00333094+0.00261724j 0.00702025+0.00597566j 0.00592543+0.000860376j -0.0103662-0.000112281j 0.00669006+0.00509946j 0.00636812-0.0044988j -0.00056017+0.00760311j 0.00533346-0.00175937j 0.000756295+0.00241691j 0.00171188-0.007756j 0.00910218+0.00242478j 0.00504375-0.00240661j 0.00205168+0.00812514j 0.000301229+0.00278962j -0.000209547-0.000527761j 0.00224249+0.00433917j -0.000614602+0.00341176j -0.000651533-0.00489825j 0.00455411+0.00128383j -0.00198257+0.00469978j 0.0101352-0.0032242j -0.00291036+0.00207062j -0.00802613+0.00934508j 0.000922065-0.0063511j -0.00198419+0.00629913j 0.0139468-0.00266515j 0.0102106-0.00634379j -0.00447407-0.00522708j 0.000587815-0.00613227j 0.00254659+0.0107962j -0.00167717-0.00197556j 0.003107-0.000586119j -0.00179702+0.00422859j -0.00522749+0.00648063j 0.0107023-0.00346015j 0.0134015-0.00135818j 0.00343893+0.000372597j -0.00114308-0.00466379j 0.00467709+0.00178575j 0.0032418-0.0111903j 0.00310422-0.0102736j -0.00704205-0.00888091j -0.00599677-0.00203986j -0.00169147+0.00497723j -0.0108306-0.00737663j 0.00485845+0.00161094j 0.00237823+0.0055174j 0.00394186-0.00282436j 0.0129754+0.0108918j -0.00198191-0.0101932j 0.00847923+0.00331633j -0.00494065+0.00790516j 0.00158996+0.0035893j -0.00457258+0.00174175j 0.00514274-0.00912192j -0.00235293-0.000719498j 0.00324926+0.00241203j 0.000142544-0.00210031j 0.00623187-0.00310058j -0.00212537+0.00252534j -0.000832935+0.00179422j -0.00219368-0.00165095j 0.00568927-0.00178754j 0.00512641+0.00124535j 0.00137155+0.00508818j -0.00683013+0.00574142j -0.00333887-0.00246531j 0.00616078-0.000491796j 0.00475711-0.000914788j 0.000959621-0.00187009j 0.00583695-0.00216705j 0.00563009-0.00433849j 8.75549e-05-0.00172182j -0.00206489-0.00489505j -0.00386745+0.00377462j 0.00232927-0.00204261j -0.000982286-9.10141e-05j -0.00690685+0.0018669j 0.00465139-7.28302e-05j 0.000787962-0.00206707j 0.00265798-0.000364645j -0.00131513+0.00179576j -0.00446106-0.00189202j 0.00565287+0.00148567j 0.000813155-0.000662784j 0.00447406+0.000489752j 
-0.00128595+0.00126294j 0.00111002+0.0037909j -0.00239695-0.00037593j 0.00210278-0.00468767j -0.00513588+0.00997907j 0.00695925-0.00168695j 0.00674835-0.00304549j 0.00595436+0.00126669j 0.00169313+0.000880178j 0.00204417-0.0124137j 0.00621116-0.00886519j -0.0102059+0.00416801j 0.0117556+0.00209642j -0.00257734-0.00208429j -0.00133659-0.0174438j -0.000934785+0.00741463j -0.0045582+0.00525301j -0.00994016+0.0148238j -0.00245194+0.00822551j -0.0010645-0.0124976j 0.00565484+0.00377887j -0.00363817+0.0113172j 0.0146063-0.0165987j 0.00453208-0.0082153j 0.00366395-0.0144971j -0.00352-0.00375162j 0.00583354+0.000164218j -0.00877766+0.00103062j -0.0106373-0.00214231j -0.0016008+0.011676j -0.00188963-0.00345391j -0.00817958-0.00419287j -0.00812936+0.00357327j -0.0122224+0.00112811j -0.0055469-0.000725182j -0.00152032+0.00355744j 0.00109539-0.00661826j 0.0100783-0.00157232j -0.00733045+0.00144752j -0.00791575+0.00552355j -2.3014e-06+0.000724649j 0.0023126-0.00377886j 0.0045788-0.000125176j 0.00343693+0.00117903j -0.00201305-0.00229636j 0.000362931-0.00372579j -0.00660161+0.00194602j -0.00516849+0.00128965j -0.00680732+0.0104565j 0.00391395-0.00368687j -0.00850757+0.00154613j -0.00487083+0.00925563j 0.00558975-0.00736379j 0.00234781-0.00541896j -0.000457213-0.00528879j 0.00736476+0.00209704j 0.0112681-0.00440779j -0.00194417-0.0018159j 0.00452737+0.00558691j 0.00365148+0.000187963j -0.00956604+0.00561554j 0.00795121-0.000376461j 0.00138402-0.0041883j -0.00805027+0.00403282j 0.000389471-0.00577797j -0.00791469+0.0019608j 0.00720417-0.00280866j 0.00719866-0.00162799j -0.00255847-0.000645123j 0.0102834-0.00342734j 0.00388717+0.00751404j 9.53006e-05+0.00143833j -0.0002185-0.00687249j 0.00694246-0.0105539j 0.013128-0.00119161j -0.00363658+0.00155484j -0.00162573+0.00122746j -0.00172663+0.00590092j 0.000528642-0.000214031j 0.00609864+0.00108024j 0.000109535+7.97481e-05j 0.00422446-0.00185692j 0.0105613-1.59811e-05j 0.0101227-0.00757404j -0.00263881+0.00486924j 0.00515229+0.00197499j -0.00552868+0.000131654j 0.0084317+0.000547944j 0.00156457-0.00360349j -0.00284974+0.000863158j 0.0014141-0.00021612j -0.00202312+0.00286423j -0.00130988+0.000579377j 0.00286401+0.000130101j -0.00159472-0.0030316j 0.00124643+0.000237728j 0.000275344+0.000761992j -0.000838214+0.000720904j 
0.00185069+0.00271656j 0.00192594-0.000164868j 1.10116e-05+0.002418j 0.00464847+0.00339117j 0.00074472+0.00541224j 0.00607881-0.00451562j 0.00160479+0.00515185j 0.00770427+0.0013536j -0.00134819+0.00608337j -0.00143225-0.000128087j 0.0163606-0.00176821j -0.0133831+0.00833972j 0.0118499-0.0043909j 0.00120035-0.000689417j -0.00394241+0.0054066j -0.00430378+0.000176919j 0.00108525-0.00468616j -0.00593876-0.00262323j 0.00922159+0.00135059j 0.00374295+0.0018176j 0.00913905-0.00792307j -0.00551452+0.00317796j -0.00786241+0.00421175j -0.00527302+0.0130252j 0.00144776-0.00221709j 0.00282197-0.00167232j 0.00155446+0.00814837j -0.00365402-0.00656892j -0.0140495-0.00316672j 0.00839909-0.00938677j -0.00121004-0.0110974j -0.00215737-0.00792745j 0.00873873-0.00858137j -0.00393785-0.00866829j 0.00228907-0.000455721j -0.0077742-0.000243219j -0.00146867-0.00238624j 0.0113641+0.00599915j 0.00569419-0.000762997j -0.00783641+4.79616e-05j -0.00259979+0.00313591j -0.00186022+0.00179442j 0.0032042-0.00111038j 0.00807958+0.000308288j -0.0070008+0.00435314j -0.00264444-0.00206117j 0.000550679-0.00104539j -0.00170647+8.00837e-05j -0.00447118+0.00302277j -0.00314411+0.000600861j -0.00497514-0.00155954j 0.00205977-0.00612707j 0.0019691+0.00283389j 0.00459113-0.0107333j -0.00192013+0.00373209j -0.00449454+0.00438547j -0.00064387+0.00310106j 0.00638713-0.011895j 0.00349078-0.00387423j 0.00402849-0.0034659j -0.00180998-0.00605183j 0.0040061-0.00287342j 0.00749935+0.00108049j -0.00590152+0.00441075j 0.00516813-0.00125799j 0.00645433-0.00691322j 0.00110527+0.00934956j -0.00489892+0.00509689j 0.00564655-0.00014334j -0.00328405+0.00758569j -0.00469192-0.000906286j 0.00397927-0.00199041j 0.00828778-0.00488047j -0.00300762+0.00972945j -0.011484+0.0175012j -0.000733883+0.000345256j -0.00486464+0.00272654j -0.000245804-0.000246052j 0.00345831-0.000428881j 0.0105577-0.00289586j 0.000698026-0.00160976j -0.00253911-0.00395303j -0.00218149+0.00563178j 0.00431531+0.000875981j -0.00675469+0.00197151j -0.00590113+0.00348603j -0.000704811-0.00481254j -0.00356188+0.00236331j 0.000692424-0.00169824j -0.00137645-0.00408703j -0.0019721+0.00140576j -0.00415225-0.00118416j 0.0038723+9.98252e-05j 0.00337501-0.00104632j -0.0045122-0.0010195j 0.00448472-0.00143945j -0.000421586+0.000270665j -0.00089761+0.00184465j 
-0.00110186-0.00127266j 0.00395256+0.0066908j 0.000549226+0.00141958j 0.00697625+0.00442741j -0.00328832+0.00472074j -0.00968275+0.00121004j 0.000639572-0.00122037j -0.0119725-0.00319241j 0.00521425+0.00494021j 0.00687493+0.00281529j -0.0101555+0.00371984j -0.000419739-0.00507946j 0.000219705+0.00179777j -0.0023097+0.00104265j 0.00437807-0.00456484j 0.00119101+0.0018058j -0.00428387-0.00621594j -0.00371028-0.00674375j -0.00803191-0.00413964j 0.000943405+0.00212846j -0.00154674+0.0010258j -0.00192489-0.00501147j 0.00357164+0.00512538j -0.000226278-0.0149962j -0.00182255+0.00558417j -0.00133595-0.000943379j -0.00202008-0.000604756j -0.00035768-0.000258625j 0.00247239-0.0023959j -0.00323275-0.00142215j 0.00248757+0.00313622j -0.00192054+0.00436626j -0.00448945-9.28593e-05j 0.00512029-0.00655963j -0.00309412-0.00238184j 0.00476321+0.000377428j 0.00215531+0.00588497j -0.00210079+0.00553238j -0.00122685-0.000271302j 0.000224382+0.00627953j -0.00720759-0.00679106j -0.000178868+0.00160936j -0.00650831-0.00523891j 0.00222922-0.00456652j 0.00621622+0.00275578j 0.00163683+0.00372135j -0.00171688+0.0039185j -0.00139795+0.00829646j 0.00249232+0.00378905j 0.00252306-0.00063228j 0.00312322-0.000745028j -0.00580721+0.00401777j -0.00273189+0.00469086j -0.00182216+0.000845596j 0.00038209-0.00161635j 0.000406827-0.00288811j 0.00599918-0.00170179j -0.00340445-0.00579253j -0.00421687+0.00504033j -0.00188324-0.000860191j -0.000514501-0.000432693j -0.00631411-0.00014659j -0.000957097+0.000233125j 0.000629134-0.00129892j -0.00291417-0.0024669j 0.00036691-0.0070234j -0.00343112-0.00299216j 0.00204158+0.00180226j 0.000759046-0.000176461j 0.000540795+0.00156914j -0.00258452+0.00345931j 0.00229488-0.000619539j -0.001677+0.000127284j 0.000755639+0.00206934j -0.00277198+0.00592484j 0.000496123+0.000494713j 0.00152221+0.00460266j 0.00173108+0.00118672j 0.00185395-0.000503284j -0.00410728-0.00273045j 0.00145236-0.00045385j -0.00181425+0.00179439j -0.00279561-0.000297331j -0.000730484-0.00145785j 0.000712205+0.00153465j -0.000711763-0.00117952j 0.00129004+0.00257276j 0.000275122-0.000574436j -0.000212961+0.00254018j 0.00212525+0.00274742j 0.000271753-0.000976094j 0.00217797-0.0015787j 5.46751e-05-0.000631385j -0.00185973+0.00253736j 0.000959482-0.000457984j 0.00129615-0.00263559j -0.000799792+0.00154078j -0.00143102-0.000276405j 
0.00392786+0.000625047j -0.00254646-0.00132272j -0.0067527+0.000114044j 0.00298987-0.00118388j 0.00829563+0.00250842j 0.0110633-0.00162333j -0.00642889+0.00150529j 0.00311808+0.000739939j -0.00487318+0.00473777j -0.00362008+0.000105983j 0.0155181-0.00449305j 0.0108494-0.00801276j -0.00235526+0.0130425j 0.0103372+3.91561e-05j 0.0125542-0.012937j -0.00320587+0.00158302j 0.00439082-0.000545903j -0.00240804-0.0058838j 0.00278677+0.00373427j 0.0142264-0.00824739j 0.00846116+0.0119155j -0.00248959-0.00637097j 0.0113997+0.00287765j 0.00998936-0.00754698j 0.00351847-0.00630466j -0.000841931-0.0115095j -0.0105337+0.00183235j 0.00529862-0.000208544j 0.00732816-0.0100651j -0.00695154+0.0092159j 0.0114457+0.00188554j 0.0119989-0.00741779j -0.00808353-0.00586497j 0.000986027-0.00186936j 0.00276347+0.00183686j 0.00422501-0.00129725j 0.00778324+0.00105422j -0.00471225-0.000627367j 0.0103056-0.0078037j 0.00183212-0.0019084j -0.00216477-0.00721391j -0.00642394-0.00241526j 0.000616976-0.000786027j 0.003885-0.00128247j -0.00106216-0.00212947j -0.0029582-0.0040857j -0.00387223+0.00083907j 0.0077775-0.00024394j 0.00222517-0.00400176j 8.64091e-06-0.00123815j -0.00197447-0.00642436j 0.00453096-0.00347725j 0.00795377+0.00871974j -0.00715597+0.00863873j -0.00316765+0.00422653j 0.00374009-0.00073185j 0.00359196-0.0118627j 0.00130208-0.00320182j -0.000959545+6.81489e-05j 0.00329965-0.0030336j 0.00563125-0.00121009j 0.00686174+0.00646323j -0.00392211+0.0055962j 0.00357551+0.00880281j -0.00324499+0.0021899j -0.000301559+0.00059508j 0.00334374+0.0125019j 0.00252702+0.00156514j 0.00590414-0.00446225j -0.00389126+0.00496464j 0.00933285+0.000522638j 0.000987912-0.0104095j -0.000363026-0.00505224j -0.00635952-0.0043879j 0.00383703-0.000800287j -0.00483675+0.000581088j 0.00540487-0.000277474j 0.00807131-0.00792004j -0.000431246-0.00133079j -0.00245162+0.00613751j -0.000326847-0.00145769j 0.00629667-0.00202685j -0.00145565+0.000315902j -0.0125128+0.000866044j 0.00462982+0.00424435j -0.00176778+0.00565228j 0.00464289-0.00611164j -0.00606815-0.00109221j -0.00385637-0.00520934j -0.00109918-0.00217127j -0.000338726+0.0029742j -0.00425822+0.00542733j 0.00212868-0.000815844j -0.00106312-0.00164854j 0.00411221-0.000405804j -0.00348622+0.0026563j 0.00214552-0.0020134j 0.000724699+0.00127471j 
-0.00308622-0.00559399j 0.000136987+0.000349509j 0.00507025+0.00434653j -0.00557247-0.00952968j -0.00672614-0.00532111j 0.0111912+0.00244561j 0.0017361+0.00348649j 0.00858459-0.00443248j -0.0120707-0.0027151j -0.00627024-0.00241073j 0.00909783-0.00661394j -0.00219399+0.00573463j 0.00295741-0.00949611j -0.00064342+0.00085396j -0.000694875+0.00280733j -0.00278227+0.000237231j 0.00406767+0.00523218j 0.0100561+0.00460664j 0.00761968-0.000358317j -0.00535138-0.00204807j -0.00604522-0.000203051j 0.00402004+0.000149139j -0.00741924+0.00131924j 0.00225452+0.00523499j 0.00317345+9.49081e-05j 0.000806308+0.00224081j -0.00231635+0.00554624j 0.00307656+0.00190955j -0.00196327+0.00186684j 0.00623263-0.00126042j 0.00108882+0.000335368j 0.00564814-0.000585342j 0.00860517+0.00676085j -0.00938341+0.0084434j 0.00251385-0.00222877j -0.00372363-0.00115327j -0.00272664-0.00378542j 0.000576132-0.00119998j 0.00264625+0.0045722j 0.00463155-0.00748334j 0.00816183+0.00691563j -0.000305512-0.00423265j 0.00837361+0.00618611j -0.00433541+0.00981076j -0.00512091-0.00515239j -0.00615861-0.00928742j 0.0043426-0.000945107j 0.000659726-0.0113826j -0.00497145-0.00959357j 0.000881208+0.00841439j -0.00346652-0.00377123j 0.00572607+0.00626374j -0.00240541-0.00704543j 0.00434003+0.00211094j -0.000202633-0.00288522j 0.00111328+0.0010673j -0.000125251-0.000592402j 0.00830737+0.0136236j 0.0017421+0.002516j 0.00835224+0.0119226j -0.00226079+0.00504633j 0.00246886+0.0036719j -0.000778357+0.00663388j -0.00333416-0.00770655j 0.000973473+0.00501092j 0.0025153+0.00560546j -0.00226373-0.00229396j 0.00257737-0.00725724j 0.00215291+0.00543659j -0.00100243-0.00312046j -0.000659952+0.00031236j 0.00196389+0.00119772j -0.000940294+0.0065072j -0.00366864+0.00166479j 0.00132014-0.00838854j 0.00124073-0.00621192j 0.00169476-0.00358902j -0.00167044-0.00401514j 0.00149346-0.00620806j -8.94644e-05+0.00984463j 0.00141491-0.00200483j 0.0071038-0.00408183j 0.000253162+0.00145067j 0.00358084+0.00200017j -0.000656847-0.0019233j 0.000890427+0.000654026j -0.00220944-0.0032478j -0.00225411-0.00126948j 0.00269899-3.45487e-05j 0.00204293-0.0099927j -0.00309046+0.00103403j 0.00210917-0.00469377j 0.00021643+0.00437548j 0.00157706-0.00509662j -0.00302427+0.00388884j 0.00157764+0.000141621j -0.00282602+0.0055067j 0.00454578-0.003277j 
-0.00376871-0.00118664j 0.000835341+0.00179394j 0.00672287-0.00201686j -0.00493984-0.00533049j -0.00277665+0.00103012j -0.00816752+0.00224475j -0.0168024+0.00390554j -0.013344-0.0127942j -0.00103855+0.00795654j 0.0124372-0.00541934j -0.0163618-0.0165467j -0.000808898+0.00575572j 0.013315-0.013957j 0.00239394-0.00654986j 0.0028039-0.00719299j -0.00471276+0.00469973j 0.00532668-0.0114689j 0.00144302-0.000706359j -0.00406883-0.00293996j -0.00571806+0.00196396j 0.0105434-0.0101594j -0.0107326-0.00342491j 0.00507938+0.0113683j -0.0168596-0.00941498j -0.0103925-0.00141445j -0.0094699-0.00506219j -0.00435864+0.00638672j 0.000402073+0.00459472j -0.00818533+0.00301794j 0.00457874-0.00232802j 0.01221+0.00374463j -0.00459424+0.000902678j 0.000342251-0.00152365j -0.00444664+0.00134785j 0.00200134-0.00408166j 0.00136646+0.00371614j -0.00282893+0.000869929j -0.00418595-0.00759201j -0.0108238-0.00746153j -0.00235004+0.00406953j -0.00709412-0.000725464j 0.0053153-0.00192154j 0.00294746+0.00468884j -0.00103739+0.000419793j -0.00223313-0.00244472j 0.00713223+0.0066798j -0.00297306+0.00909712j -0.000853568-0.00933781j 5.47202e-05+0.000739799j 0.00379765+0.00661533j -0.00311733+0.0117332j -0.00488319-0.00729237j -0.00754712+0.00280642j 0.00411241+0.00402598j 0.00318756+0.000579814j -0.00256662-0.00841127j 0.00581025+0.000581047j 0.0129738-0.00371119j -0.00636406-0.00946222j 0.00312441-0.00725234j -5.68933e-05+0.0034865j 0.00625071-0.000897038j -0.00259185+0.000945475j -0.00480142-0.000509867j 0.000272121+0.00215646j 0.00151966+0.00801885j -0.000377593+0.00569581j -0.00724512-0.0082987j 0.000324752-0.000238165j -0.00162157-0.00214264j 0.00174983-0.0124216j 0.00208992+0.000401148j 0.00191079-0.0018688j -0.000731053+0.00303693j -0.00024035-0.00357113j -0.00932159+0.00654639j -0.00297252-0.00243866j -0.000395477-0.00142116j -0.00424539+0.00725303j 0.00595583-0.00694794j -0.00156394+0.00565529j -0.00249588-0.00535227j 0.000602645-0.00202474j 0.00196435+0.00696336j 0.00415035-0.00104161j 0.00555543+0.00199891j -0.00120634-0.000457201j -0.00687575+0.00343122j -0.000720535-1.55625e-06j -0.00543459-0.000899081j -0.00527884-0.00381814j 0.00165672+0.00530155j -0.00210885-0.00120451j 0.000350325-0.00306986j -0.00289218-0.00258636j 0.00516151+0.00148141j -0.000325381+5.2783e-06j -0.00533858-0.00222007j 
-0.000668466-0.00126355j 0.00395672+0.0023559j 0.00817397-0.00158083j -0.00175615-0.0020266j -0.0194037-0.00376686j 0.00965872-0.00470046j 0.00679705+0.00639692j -0.0174598+0.000702089j -0.00644644+0.00939464j 0.00347635+0.00253586j -0.00161805-0.00627419j -0.00199691-0.00750154j -0.00603088-0.00130618j -0.000221738-0.00960707j 0.0100295-0.00806653j -0.00524037+0.00950869j -0.00335058-0.00736932j -0.00203408-0.00403265j -0.0101612+0.000563718j 0.00123303-0.00192194j -0.0197025+0.00273418j 0.00522855-0.00182075j 0.00813888+0.00999694j 0.00459022-0.0101165j 0.0137798+0.00230397j 0.014173-0.00026622j -0.00436444+0.00606421j 0.00444732-0.00495463j 0.0152478-0.00690729j -0.00461073-0.000179187j 0.0086757-0.00130373j 0.00522129+0.00128156j 0.00255286+0.00238064j 0.00207124-0.00153044j 0.00165434-0.00469419j -0.00344369-0.00027296j 0.000371562+0.00294426j 0.00104216+0.000796718j -0.00344113+0.00553593j -0.00535625-0.000233342j -0.00306025+0.00821481j 0.0162253+0.00619818j -0.000756718+0.00933497j -0.00534593-0.00123732j 0.000542456-5.1358e-05j 0.00785634+0.0040461j 0.000404335-0.0045518j -0.00042045-0.0114284j -0.00633306+0.000464125j 0.00371017+0.00344933j -0.00426116-0.00105164j 0.0053295-0.00401396j -0.0103288+0.000454951j -0.00675573-0.00274478j -0.00823413+0.00299744j 0.00495796+0.000907934j 0.00421932+0.0170741j 0.0061134+0.00821561j 0.00968891-0.0040083j 0.00635027+0.00695384j -8.70507e-05-0.00590661j 0.00244148+0.00980398j -0.000776439-0.00407065j -0.00295412-0.00451001j -0.000171028-0.00140145j -0.00370453+0.00206637j -0.00699069-0.00164209j -0.000846613+0.00702972j 0.00256922+0.00564394j -0.000178101+0.00473377j 0.00521314+0.00597361j 5.90913e-05+0.00577338j 0.00052627+0.000485018j -0.00441502-0.00359219j -0.00382773+0.0109988j 0.00203985-0.00888351j 0.00275098+0.00288565j 0.00659956+0.00669691j -0.000808502+0.00306101j 0.00560108+0.00228549j -0.000241428-0.00192166j 0.0044806+0.00257075j 0.00146678-0.000741986j -0.00313128-0.00479701j -0.00166337+0.00267841j -0.00547426+0.00255127j 0.00699471-0.000796006j -0.00472955-0.00348214j 0.00168239-0.00172109j 0.00275809+0.000697701j -0.00139396-0.000318064j -0.00699684-0.00330578j 0.00335372+0.00314641j 0.00193195+0.000238816j -0.00122886-0.00310481j 0.00280001+0.000981409j -0.000922198+0.00166799j -0.00165683+0.0012494j 
-0.00386547-0.00817939j 0.00165487+0.00179701j -0.0107052-0.00179287j 0.0106482+0.000246363j -0.019312-0.00235104j 0.000611352+0.00381706j 0.0148186-0.00262119j 0.00466401-0.0161114j -0.0157216-0.00388612j -0.00474216+0.00150389j 0.0121721-0.00459596j -0.00469952+0.00222711j -0.00102929-0.00142291j -0.00737158-0.000289745j -0.00535565-0.00599888j 0.00389214+0.00155756j 0.00264575-0.00238174j 0.0129177-0.00790045j 0.00752305-0.0107361j -0.000925723-0.00393133j 0.00348007+0.00207168j 0.00536525-0.0108133j -0.00381669+0.00232288j 0.0120214-0.0136512j -0.00390619+0.00032408j -0.00552973-0.00533239j -0.000768814+0.00615626j 0.00349683+0.00134104j -0.00596758-0.00313953j 0.00468769-0.00292432j -0.00548757-0.00283636j 0.00628648+0.000352066j 0.00922244+0.00879967j 0.00333128+0.00235867j -0.00474567-0.00304803j -0.00091779-0.0040305j 0.00661148+0.00710865j 0.00962564+0.00686786j 0.00487383-0.00521803j 0.00359575+0.0051534j -0.00350884-0.00216463j -0.00275508+0.00719606j 0.000915425+0.000386726j -0.00232008-0.00813019j -0.000250303+0.000109318j 0.00253444+0.00631285j -0.00400891+0.00231047j -0.00611806+8.33233e-05j -0.00971175-0.00353761j -0.00458574+0.00134471j 0.00558058-0.00559437j -0.00528298-0.0018152j 0.000928152+0.00236655j -0.00396474+0.0100969j -3.98679e-05+0.00247399j 0.00093082+0.00327256j 0.00289098-0.00347325j 0.00554367-0.00420452j -0.00835479-0.00139064j 0.000926752-0.00365351j 0.00352386-0.00215677j -0.00962272-0.00368114j -0.000784198-0.00283011j -0.00123635+0.00268885j 0.00204326+0.00452743j 0.000895533+0.00635891j -0.00382719-0.00301104j 0.00166798+0.00399717j 0.0063475-0.0013641j -0.00232494+0.00121929j -0.000474281-0.0109675j 0.00605591-0.00105639j 0.0011193+0.0022488j 0.00152999+0.00483565j 0.00714235-0.00359246j 0.000708173-0.00201866j -0.00188451-0.000854507j 0.00343412+0.00408504j 0.000196795+0.00127822j -0.00348166-0.00369471j 0.000374874-0.000686502j 0.00359736+0.00499643j -0.000671229-0.00118081j -0.00362274+0.00376443j -0.000468057-0.00468104j -0.00521762-0.00136023j -0.00338236-0.00329745j -0.000175716+0.00162478j -6.42083e-05-0.00149991j -0.000124204+0.00652948j 0.00464248-0.00177348j -0.00134888+0.00266958j 0.00195706-0.00111151j -0.00275114+0.00479956j 0.001919-0.00233657j -0.00120655-0.00149481j 0.00191922+0.00174724j 0.00379171-0.000186012j 
0.00172909+0.00442425j 0.00181584+0.00596441j -0.00555536-0.000763788j -0.00920784-0.00518087j -0.00287347+0.00714265j 0.0154416+0.00188817j -0.000845614-0.00905165j 0.00289903-0.0169231j -0.0122904+0.00622725j -0.0110025-0.000865676j 0.00284397-0.0103843j 0.00917801+0.0120605j -0.00350313-0.00508088j -0.00497081+0.00563393j 0.00370338+0.00259248j -0.000239676-0.00536708j 0.000376344+0.000253292j 0.00991708+0.000500606j -0.00330679-0.00415446j -0.000528114+0.00524484j -0.00719842-0.00126673j 0.00945131-0.000732407j -0.00276805+0.0120905j 0.0113253-0.00272616j -0.00865703+0.00330972j -0.000882824-0.00339108j -0.00405938-0.00145141j 0.00048041+0.00168422j 0.00198171+0.00570036j 0.00341279-0.00337646j 0.00371396+0.00617557j -0.00125288+0.00199027j 0.00518948+0.00243359j 0.00143261+0.00462688j -0.00751478-0.00618019j 0.00502381+0.00341512j -0.00683849+0.00172342j 0.000775011+0.00160037j 0.0052348+0.00135277j 0.00492702+0.00036197j 0.00397386-0.000803508j -0.00121524+0.00449594j 0.00317404-0.00131803j -0.00487118+1.60408e-05j -0.00507399+0.00191071j 0.00356487+0.00322742j 0.00369854+0.0023895j -0.00117286+0.00683825j -0.000931599+0.00852015j -0.0032833+0.00545554j 0.0042862-0.00147285j -0.000784606+0.00919344j 0.00352279+0.00281593j -0.00354134-0.00804364j -0.00136574-0.00572035j -0.00253031+0.00294174j 0.011574-0.00195195j 0.00297859-0.00303976j -0.00940287+0.00413525j -0.00213226+0.00457567j 0.00387745+0.00598854j -0.00518434+0.00304875j -0.00352236-0.000532618j -0.003756+0.000955964j 0.00158552-0.000962925j 0.00109866-9.15395e-05j -0.00274205+0.000508374j -0.00354503+0.00689567j 6.92226e-05+0.00621414j -0.00459221+0.00354286j -0.00481653+0.00425946j 0.00102171-0.000140687j 0.00433368-0.00220567j 0.00739088-0.00441286j -0.000489261+0.0020287j 0.00339098+0.00285101j -0.00177462+0.010364j -0.00136486+0.00632108j 0.00136439+0.00214165j -0.00497013-0.00120605j 0.000967826+0.00144214j 0.000774827+0.00468888j 0.00124676-0.00121696j 0.00289175-0.00443889j -0.00585558+0.00131463j -0.00460822-0.00244858j 0.00242723+0.00154129j -0.000914999-0.00279732j 0.00268099-0.00112585j -0.00182016+0.00479608j -8.55149e-05+0.000208411j -0.000351184+0.00458466j -0.00394053+0.0015993j -0.00118621+0.0014163j 0.00284369-0.00656535j 0.000677779+0.00313427j -0.000783491-4.3025e-06j -0.00224109+0.00269869j 
0.00241357+0.0039011j -0.00418435-0.00528263j 0.0051756+0.00202988j 0.00362025-0.00234222j -0.00942653+0.00136514j -0.0101198-0.0124801j 0.00984457-0.00817039j 0.000599193-0.00162525j 0.000865036+0.00315199j 0.00801068+0.0142038j -0.000509306-0.00923881j -0.0110095-0.00410325j -0.00136526+0.0048757j -0.00506375-0.0012165j -0.00425427+0.000899436j 0.00537292+0.00240539j -0.000930362+0.00172009j -0.00381002-0.00220697j -0.00212131-0.00640599j -0.00458317-0.00255857j -0.00121902+0.00844025j -0.000873758-0.00593134j -0.0052795+0.00102383j 0.000351884-0.009997j 0.0032523-0.00695611j 0.00499233-0.00419433j 0.00713176+0.00226817j -0.00227875-0.00385676j -0.00144786-0.00477567j -0.00116634-0.00117793j -0.0100449-0.00216449j -0.000951578-0.00361699j 0.00528693+0.000519702j 0.00365619-0.00109605j -2.99126e-05+0.000414192j -0.00492908-0.0010411j -0.000587314+0.000880907j 0.00571983+9.01907e-05j 0.00192124-0.00119145j -0.00399868+0.0016917j 0.00359772+0.000359994j 0.00754196+0.00148277j -0.00163822+0.000275651j -0.002251+0.000127379j 0.001996+0.00177879j -4.50207e-05-0.00664468j 0.00288982-0.000161347j -0.000803238-0.00430834j -0.00404993+0.00634489j -0.00519272-0.00442943j 0.00257989-0.00595145j -0.0014654-0.00601901j -0.000385536+0.0021285j -0.000168757-0.00102j -1.43054e-05+0.00402652j -0.00165649+0.00194424j 0.00361501-0.00524364j -0.00109135+0.000120559j -0.00253016-0.00420738j -0.00214471-0.00711066j -0.00482555+0.00306231j -0.00394226+0.000785593j -0.00424524-0.00156232j -0.0066789+0.00501951j 6.44211e-05+0.00123641j -0.000543359+0.00492538j -0.00392863+0.00240591j 0.00508178-0.00126112j 0.00172808-0.00573929j 0.000862914+4.2033e-05j -0.000132267-0.0077519j -0.000312513-0.00410993j 0.000945125+0.00297247j -0.000763974+0.00205587j 0.00613611-2.33995e-05j -0.00253084+0.000306694j -0.00324575-0.000969687j 0.00722469-0.00255349j -0.00177551-3.51045e-06j -9.84875e-05-0.0028583j -0.00093013-0.0012255j 0.00306141-0.00166568j -0.00176915+0.00322003j -0.00307188+0.00250821j -0.00211498-0.00315137j -0.00508277-0.000911138j 0.0027057+0.00114827j 0.000342703-0.000504454j 0.00291354-0.000858359j 0.00186653+0.00151663j 0.00180515+0.00132442j -0.00875411+0.000564632j 0.00163905-0.00416673j 0.00317776+0.00129513j 0.000176455-0.0011668j -0.00198819+0.00126084j 0.00335879-0.00120478j 0.000553413+0.00103819j 
-0.00476866+0.00201752j 0.00229626-0.00204529j -0.00641141+0.00481918j -0.00398042+0.000354507j 0.00756976-0.00196075j 0.0206552-0.00428314j -0.00191051+0.00564125j 0.000718631-0.00445438j -0.00595678+0.000218169j -0.0207684-0.0033314j 0.00946552+0.000252867j 0.0134677+0.00288331j -0.00100913-0.00686482j 0.000684562-0.00260826j 0.000416192-0.00533698j -0.00137847-0.000254759j -0.0025032-0.000156392j 0.0030248+0.00442529j 0.0004519+0.00371987j 0.00442173-0.00293648j -0.00677152-0.00533718j 0.00872285+0.00424402j 0.00160929+0.00189334j 0.00485858+0.00142267j -0.00357389+0.00343592j -0.00126887+0.00169123j -0.00950605+0.00260393j 0.000549994+0.000723386j 0.00435223-0.000759271j 0.00351839+0.00202786j 0.0121022-0.00162223j 0.000108391+0.000281566j -0.00247309+0.00577254j -0.0024325+0.00101201j -0.00564487-0.00558985j 0.00891424+0.0010864j -0.00730762-0.00106906j -0.00446682+0.0053995j 0.00702768+0.00679094j 0.0065644+0.00202003j 0.00132249+0.00211209j -0.00718673+0.00246043j -0.000121935-0.00382768j -0.000213618-0.00261442j -0.00537536+0.00180331j 0.000315156+0.00113311j 0.00545992+0.00943904j 0.0049092+0.00888995j 0.0020196+0.00363259j 0.00379055-0.00383197j 0.00385643+0.008388j 0.00203492-0.000153619j -0.000212813+0.0034108j 0.00411126-0.00502339j 0.00160025-0.00328973j -0.000872432-0.00553539j 0.00606551+0.00291028j -0.000756097-0.000539865j -0.00186294-0.00164739j -0.000800364+0.00217996j -0.00376352+0.00870699j 4.43665e-05-0.00744716j -0.00316269+0.00184868j -0.00136863-0.00454146j -0.00110964+6.19827e-06j -0.00190967-0.00568717j 0.000659294-0.00518847j 0.000617186+0.00324223j 0.000843797+0.00412386j -0.00090798-0.00101039j 0.000855939+0.00399278j 0.00126025-0.00214104j -0.0047557+0.00134161j -0.0052403-0.000632444j -0.00473915+0.00510445j -0.00142413+0.00418975j -0.00273683+0.00728054j -0.0024594-0.00125283j 0.00313241-0.00225656j 0.000518717-0.00282473j 0.000703597+0.00235545j -0.00186043+0.000569893j -0.00173565-0.00407671j -0.000990435-0.00146596j 0.00262881-0.00139904j 0.00547753-0.00427641j -0.00308153+0.00541688j 0.00146555-0.00230509j -0.00403561+0.0053363j -0.000365058-0.000126181j -0.000830371+0.00240978j 0.00489021-0.0036695j 0.00149462-0.000132881j -0.00366862-3.8616e-05j 0.00136228-0.000739152j 0.000968351+0.00222626j -0.00217431-0.00178906j -0.00100665+0.00179164j 
0.00228871+0.003241j 0.00455464+0.00686798j 0.000365383+0.000482735j -0.00557644+0.0014929j 0.00396922+0.0069649j 0.00904378-0.0137687j 0.00628589-0.00198606j 0.00421131+0.0103994j 0.00579074+0.00618808j -0.011735+0.00107133j -0.00171464-0.00448908j -0.00285359-0.00413554j 0.00189875+0.00178548j -0.0057815-0.00345064j -0.00813424-0.00581998j 0.00461241+0.00243337j -0.00615678+0.00298475j -0.001511+0.00450005j 0.00117496+0.00721975j -0.00458708-0.00409619j -0.00771442+0.00336327j 0.00893251+0.00015382j -0.0024339-0.00944896j 0.000505641-0.00342965j 0.000216047-0.00643646j 0.00405465-0.00108936j -0.0010026+0.00394872j -0.00171585-0.00447808j 0.00115732-0.00948115j 0.00527994+0.00297466j 0.0026824-0.00838388j -0.00437717-0.00387893j -0.00278167+0.00583378j -0.000185587-0.000197099j -0.00264309-0.00267356j 0.00414062-0.00134131j -0.00578252-0.00518419j -0.00202917+0.00594101j 0.00338988+0.0055758j 0.00031496+0.00124088j 0.00232476+0.00415138j 0.0015479+0.00185987j -0.000785999-0.00102653j -0.00208938-0.00336681j -0.0012219+0.0025056j 0.00273574-0.000133176j 0.00556688+0.00399861j 0.00101357-0.00372927j -0.00253149-0.000563285j 0.00333141-0.0082547j 0.00237802+0.00890704j 0.000268045+0.000251165j -0.000223934+0.00162377j 0.00399366+0.00177477j -0.000136984+0.00689364j -0.000249974-0.0123448j 0.00389643-0.00456034j -0.00143319+0.00224776j 0.00109201-0.00928334j 0.00208437-0.00340327j 0.00100457-0.00338256j 0.00204196-0.0119944j -0.000250728-0.000251956j -0.000254288-0.0032737j -0.00322662+0.00334548j -0.0046623+0.00634258j -0.00507823-0.00622669j 0.00499188-0.00329945j -0.000160847-0.000451948j 0.00315885-0.00221469j 0.00745348-0.0123434j -0.00315208+0.00239806j -0.0045354+0.00721167j -0.0120315+0.0103053j 0.00260375+0.00547682j 0.000549304+0.00108015j 0.00310166-0.00204911j 0.00118198-0.00125286j -0.00169075-0.00228658j 0.00342902-0.00737021j 0.000462278-0.000756924j -0.00351627-0.0010594j -0.00344841-0.000588326j -0.00658386+0.00630431j 0.0062793-0.00508266j 0.00406595-0.00648213j 0.00278505-0.0008792j -0.00122315+0.000918944j -0.0014265+0.00634064j 0.000717895+0.00251997j 0.00211926+0.00150645j -0.00159337-0.00378675j 0.00381834-0.000846161j -0.00161754+0.00331978j -0.00215062-0.00191924j 0.00412634-0.00260862j -0.00305541+0.00225639j 0.000957813+0.00194845j 
0.00435756-0.00130985j 0.00444543-0.00238014j 0.00416515+0.00187862j -0.0148+0.00048113j 0.0118954+0.0123307j 0.00263794-0.0178516j -0.00825012-0.014558j 0.00725854-0.00500303j 0.00515058+0.014911j -0.00616462+0.00807696j -0.0107374-0.0177223j 0.0103299+0.00834977j -0.00163384+0.0059929j -0.000576718+0.00462188j 0.0021228+0.011682j 0.00263118-0.00283148j 0.00270269+0.0044466j -0.00234316+0.00225236j -0.00496321+0.000109934j -0.00797738+0.00236755j -0.00349586+0.00494858j 0.00361368+0.0014343j -0.00515639+0.00772046j -0.00231268-0.00161538j -0.00550339-0.011271j 0.00711697-0.00434007j 0.000779721-0.00344933j -0.008681-3.22712e-05j 0.00095547-0.000676896j -0.000775736+0.00432513j -0.00156105+0.00729674j -0.00893416-0.0095j -0.00220915-0.00775079j -0.000611276-0.00266015j -0.000376995-0.00188598j 0.00277201+0.00614445j -0.0165502-0.00661167j -0.00661413-0.00428333j 0.00705716-0.000292062j -0.0008406-0.00411559j 0.0164308-0.00268961j 0.00577069+0.00100826j -0.000674887-0.00353885j -0.00274482+0.00638602j -0.000630389+0.00881821j 0.00203004-0.00750308j 0.00606323-0.00576076j 0.00397554-0.000742468j 0.00147605+0.0110524j -0.00265997+0.00297945j 0.00349409-0.00623867j -4.11926e-05-0.00102748j -0.00306922+0.000625184j 0.000873276+0.00225804j 0.00223886+0.00331199j -0.000299682+0.00210586j 0.00453154+0.00137025j 0.000280469-0.0043593j -0.00405025-0.000597884j -0.00143727-0.0058294j -0.00378556+0.00182351j -0.0030558+0.0058536j -0.00596734-0.00290839j -0.00496565+0.00387333j 0.00448246-0.00241565j 0.00213973-0.00183815j -0.000890283+0.0014172j 0.00492451-0.00304893j 0.00390724-0.0106458j 0.000475441+0.000906489j -0.0040607-0.00144769j -0.00294658-0.00666048j 0.00113082+0.00119599j 0.00214501-0.00243866j 0.00226458-0.00173995j -0.000182955+0.000201529j -0.000633055+0.00134179j 0.00603337-0.00368108j 0.000648241+0.000522403j -0.00197992-0.000970901j 0.00135679-0.000917757j 0.00442234-0.00538326j -0.0027574+0.00212312j 0.00310345+0.000161036j -0.00484727+0.000489735j -0.00482745+0.00273948j 0.0021358+0.00545662j 0.000387983-0.000712323j 0.00421865-1.91907e-06j 0.00203361-0.00179727j 0.000447774+0.00026427j -0.00465563-0.00199841j -0.000151233-0.00500049j 0.00418818-0.000938158j -0.00214986+0.00235032j 0.000159277+0.00159449j 0.00366757-0.00197396j -0.00104349-0.00282574j 
-0.0070759+0.000493158j 0.00748845+0.00319491j -0.00778497-0.00473436j -0.00486045+0.00651214j -0.00410406+0.0228004j 0.00169419+0.0136213j 0.00306179-0.0137041j -0.00180979+0.00652761j -0.00279661-0.00225817j -0.00129353-0.0155789j 0.00166162+0.0166003j -0.00278365+0.0134409j -0.00407863+0.000242916j -0.00464591+0.00800668j -0.00785366-6.95003e-05j 0.00646678-0.00833464j -0.00516015+0.00729169j 0.00187429+0.00555953j -0.00693039+0.0112741j 0.00293618+0.0087246j 0.00128764+0.00843161j 0.0037228-0.00113521j 0.00294507+0.00123472j -0.00867692-0.00167248j -0.00391837-0.00190241j -0.0044189-0.00412529j 0.00142222-0.00454405j -0.000594535+0.000753787j -0.00340742-0.00474537j 0.00186347+0.00080861j 0.00488825+0.000244737j 1.89415e-05+0.00664181j 0.00932754+0.00265318j -0.000252036-0.00511241j -0.0119981-0.00299817j 0.00478601+0.00325922j 0.00034503+0.00457637j 0.00799588+0.00124705j 0.00866761+0.00790174j 0.00856744+0.00606142j -0.0018902+0.00269233j -0.00165617-0.00980666j 8.4561e-05+0.00593848j -0.00322404+0.00172015j -0.00351902-0.00456344j -0.00834668+0.00635329j 0.0119764-0.00653955j -0.00357379+0.000683503j 0.00212018+0.00307766j 0.00207563+0.000245072j -0.0042282+0.00119518j 0.00683788+0.0028649j 0.00216456+0.0076731j -0.00169728-0.000418985j -0.00274013-0.00015483j -0.00509907-0.00183072j -0.00699042-0.000721406j -0.00396437+0.00922682j 0.00632326-0.00113768j -0.00146653+0.00189123j 0.00658064+0.00543504j -0.00445419+0.00994935j 0.00227067+0.00621668j 0.00031402+0.00268775j -0.00163401+0.00294438j -0.00214938+0.00466978j -0.00642524+0.00778664j 0.000158201-0.0120299j -0.00231397+0.000312655j 0.0019194-0.00414558j -0.00202486-0.00214809j -0.00555117+0.00511654j 0.00146327+0.0029512j 0.00165016+0.000807255j 0.00132127+0.000808846j 0.00427535+0.00156073j 0.00898803+0.00101907j 8.6104e-05-0.00683485j -0.00609104+3.37255e-05j 0.00106862-0.00204536j -0.00180245+0.000938922j -0.00472944-0.00236637j 0.00168197+0.00442264j 0.00106062+0.000932715j 4.96021e-05+0.00183362j -0.00537932+0.00202114j 0.00580193-0.000747622j -0.00366233-0.0027254j 0.00493787-0.00160831j 0.00247437-0.00518804j 0.000460703-0.00145949j -0.00264213+0.00351184j -0.00336772-0.00187758j 0.0051231-0.0025646j -0.00360466-0.000361722j 0.000504568-0.00233669j -0.0010675+0.00071285j -0.00381963+0.000351707j 
0.0113508+0.00390277j 0.00690867+0.00201518j 0.00467421+0.00954399j 0.0209272-0.00382957j 0.0185424-0.000838928j -0.00223875-3.00613e-05j -0.00753308-0.00900049j 0.0097629-0.00552289j 0.00496493-0.00138054j -0.00238865+0.00198371j 0.0133906-0.0083197j -0.00286617+0.00655178j 0.0105861+0.000685792j 0.003139-0.00549265j 0.00364104+0.0058j -0.00440903-0.00333933j 0.00520811+0.000760027j -0.0038475+0.00721013j 0.00321173+0.00267529j 0.000785008-0.00353004j 0.00552076-0.00789356j 0.00405059+0.00362229j -0.00813879+0.00571526j -0.00471068-0.00555626j -0.00411965-0.00271394j 0.00857254-0.00105105j -0.0071771-0.00657729j -0.00704586-0.000985427j -0.00305244+0.00159691j 0.000282023+0.00510514j -0.00181541+0.00581986j -0.00257424+0.000186418j -0.00810233+0.000292489j -0.00685245-0.00813393j 0.00589121+0.00203438j 0.000462127+0.000144502j -0.00299261-0.0018522j 0.00165687-0.00114175j 0.00577641-0.00130232j 0.000848514+0.00361976j -0.00445013+0.0028728j -0.0028439+0.00944507j -0.00869028+0.00256223j -0.000874014-0.0111353j 0.00441765-0.000717095j 0.00891971+0.0120287j -0.00646891-0.00490312j 0.0033066+0.00484007j -0.000846281+0.00457379j -0.00951494-0.00953886j 0.00481248+0.0023164j -0.000839346-0.00375559j 0.000426402-0.00166679j -0.00425609-0.00178289j 0.000494001+0.00495911j -0.00238952+3.30588e-05j 0.00193935+0.0157558j 0.00696319+0.0165395j -0.00181434-0.0154822j -0.000401322+0.00446326j -0.00409416-0.00343472j 0.00293062+0.00571668j 0.0016509-0.0050833j 0.00187597-0.0101535j -0.00097268+0.0023604j -0.00129279+0.0011748j 0.00298633+0.00151102j -0.00305377-0.000906068j -0.00484177+0.00346271j -0.00311604-0.00516007j 0.00236161+0.00209971j 0.00293865+0.00497834j -0.000984884+0.00140352j 0.00444279+0.0036268j 0.00556969-0.00174196j 0.00219348-0.00493533j -0.00191535-0.0101979j -0.00321325+0.00118206j -0.00292888+0.00256301j -0.00347097-0.00154615j -0.000242384+0.001022j -0.000159631+0.00921563j 0.000958277+0.00125749j -0.00115915+0.00013981j -0.00161445-0.00231978j -0.00253752+0.00131135j 0.00278879-0.00535503j -0.0013199-0.00376125j 0.000467093-0.00343204j 0.00106994-0.00310267j 0.00308847-0.000361858j -0.00291227+0.00516653j -0.00534024-0.000979679j -0.00372377-0.00414216j 0.00629779+0.00241962j -0.00775034+0.000224769j 0.00122566+0.00232396j 0.00271484+0.00624282j 
-0.000315321-0.00159984j -0.000442267+0.000264316j 0.0201946-0.0063858j 0.00294883-0.0283766j -0.00786753+0.0106906j -0.00152285+0.0126753j 0.00914993-0.00638317j -0.0122204+0.0161662j -0.00215521+0.00399927j 0.00824652-0.0117989j 0.000436099-0.00783912j -0.00670314+0.0123809j -0.00832104-0.00387131j -0.00523727-0.000789774j -0.00752948-0.00103643j 0.00644747+0.00605175j -0.00727412-0.00275484j -0.00438041+0.00192211j -0.00585015-0.000281172j -0.0040093-0.00588129j -0.00812834-0.00829752j -0.00376135+0.00792881j 0.000612494-0.000632254j -0.0163113+0.00255381j 0.00928226-0.00369134j 0.00446994+0.00167491j 0.00179728+4.25083e-05j -0.000464388-0.00180048j 0.00116662+0.00308734j -0.00090145+0.00187205j -0.00441377+0.0040326j 0.00594235-0.00643332j 0.0022074-0.00209639j -0.00597202-0.00116906j 0.00193536-0.00193554j -0.00171584+0.00353041j 0.00688726-0.0117908j 0.00332937-0.00744596j 0.00258099+0.00060825j 0.00451497+0.0044108j -0.00368825+0.0129429j -0.000382388+0.0086565j -0.00522797+0.0017937j -0.00234858-0.0075259j -0.000739152-0.000896149j -0.00428084+0.00628706j 0.00882625+0.00460458j 0.00653314+0.00365165j 0.00273778+0.00348727j -0.00786822+4.11559e-05j -0.000235425-0.00280374j -0.00741446-0.00136257j -0.000382265+0.000778017j -0.00575411+0.00263862j -0.00201587+2.45219e-05j 0.00285813+0.000965502j -0.00378108-0.000184663j 0.00649419-0.00726501j 0.000703327+0.00154783j 0.00144239-0.00587769j 0.00909815+0.0112112j 0.000352449-0.00346488j 0.00679755-0.00186379j -0.00386152+0.00506627j 0.00104866+0.00207498j -0.00369214-0.00858472j 0.00468073-0.00775999j -0.0069317-0.000269481j 0.00698937-0.00821409j -0.00432038+0.000327695j 0.00337434+0.00358243j -0.000624195-0.0105987j 0.000990972+0.00457126j -0.000909017+0.00170941j 0.000867501-0.000242443j -0.000575146+0.00337968j -0.00413308+0.00339532j -0.00808097-0.00153375j -0.00274874-0.00371964j 0.00115792+0.00133884j 0.0009388-0.00228419j -0.00107955-0.00523972j 0.00204011+0.000146783j -0.00237899-0.00187944j -0.000145858-0.00136736j 0.00115844-0.00159638j -0.000818006+0.00571483j -0.00113079+0.000440752j -0.00169416+0.00132223j -0.00836178-0.0018961j 0.00187197+0.00332259j -0.000834075-0.00490183j 0.00279372-0.00192229j -0.00603672-6.118e-05j 0.00302951+0.00131173j -0.000337601+0.00237908j 0.00482621+0.000627546j 0.00302909-0.00266087j 
0.0104441-0.00325522j -0.00553085-0.0009215j -0.00424208-0.0197917j -0.0225025+0.00329379j -0.00537539-0.0084402j 0.000396625+0.0052378j -0.000369399-0.000160258j 0.0146968+0.00180939j -0.00489359-0.0114238j 0.00649858-0.0134j -0.0027249+0.00522115j -7.46587e-05+0.00956602j -0.00657641+0.00422502j 0.00114648-0.00450642j 0.00195193+0.000986686j 0.00260043-0.000159253j 0.00271315+0.00133869j 0.000238903+0.0096736j -0.00193242+0.00103633j 6.99193e-05+0.00156079j 0.00120675+0.00102503j 0.000897064+0.00745643j -0.00431694+0.00191584j 0.00778891+0.00999896j 0.000358396-0.0122294j 0.00170952-0.00743403j -7.99605e-05-0.00750757j -0.00326292-0.00121709j 0.00323904-0.00164455j -0.00326423+0.00514279j -0.00155542+0.00772046j -0.00182727-0.00379679j -0.00389992+0.00224543j 0.005411+0.00143172j 0.00401423-0.0101813j -0.000235102+0.00918421j -0.00828855-0.00825184j -0.00765982-0.00239314j -0.00215342+0.00731826j -0.00558372+0.0040095j 0.00689768+0.00382929j -0.000352413-0.00355449j 0.00241298+0.00164644j 0.00214945-0.00120717j -0.00525182-0.00226526j -0.00825167+0.00576493j 0.0055089+0.000417612j -0.000446722-0.00323888j 0.00396841+0.00265062j -0.00592944-0.00136595j 0.00408983+0.0106268j 0.00404817-0.0151022j -0.00105085-0.00153701j -0.0169724-0.00647139j -0.000888+0.00237738j -0.00763127+0.003656j -0.0122623+0.0108085j -0.00241815+0.00298862j 0.00355008-0.0113431j -0.00233477-0.00504722j 0.000665034+0.00397181j -0.0043851-0.0110004j 0.00544808-0.00655051j 0.000415566+0.00521383j 0.00202717+0.00214251j 0.00123137+0.00412664j 0.00367677-0.00303231j 0.00300266+0.00855078j 0.00388074+0.0029445j 0.000408807+0.00111623j 0.00257259-0.0065981j -0.00192568+0.00281857j 0.000878186-0.00245584j -0.0032776-0.00427826j 0.000470749+0.00295079j 0.00043514+0.00369067j -0.000215807+0.00678509j 0.00294029+0.00456539j -0.000143959+0.00696341j 0.00480978-0.00843811j -0.000575963+0.00473213j -0.00316527+0.00363869j 0.00247366-0.00388067j -0.00133953+0.00178125j 0.00248269-0.00115643j -0.00395471-0.00266884j -0.00300512+0.00188433j 0.00352525+0.000284318j -0.00105251+0.00074256j -0.000651481+0.00964037j 0.00634816+0.00240215j -0.00113377+0.0056079j 0.00422999-0.00170923j -0.000708386+0.00203138j -0.000106153-0.00599064j 0.00328826+0.00539887j 0.00136714-0.00535692j -0.00370511+0.00146309j 
0.00592818-0.00852365j 0.0189494-0.00575864j 0.0106231-0.00876609j -0.00240633-0.00786712j 0.0090852-0.0145376j -0.00584435-0.00222936j -0.00552438+0.0056855j -0.000947376-0.00728924j 0.0127578-0.0106826j 0.00533016+0.0021409j -0.0119898+0.00633669j -0.00261251+0.00282254j 0.00274914-0.00986146j 0.00136584-7.6928e-05j 0.00556301-0.00820534j -0.000698246+0.00444918j -0.00224995-0.00133488j -0.00147947+0.0087924j -0.00234245+0.00323644j 0.00235742+0.0046927j -0.00422106-0.00029941j 0.00376329-0.000935825j 0.000852418+0.0075941j -0.00754843-1.57989e-05j -0.0041928+0.00421416j 0.00278889-0.0124676j -0.00307397+0.00250183j -0.00230454+0.00731057j 1.37342e-05-0.000386271j 0.00368215+0.00112647j 0.00644676+0.00106657j -0.00589862+0.00921535j -0.00411859+0.0146594j -0.00658442+0.00273106j -9.68093e-06-0.0108724j 0.00283404+0.00042067j -0.00640456+0.0100942j 0.0035169+0.00944603j 0.00442042+0.00347992j -0.00106763+0.00852157j -0.00669224-0.00263548j 0.00306629-0.00140452j -0.00726265+0.00485248j -0.00265075-0.00334146j 0.00641215-0.00809899j -0.00369739-0.00985074j 0.000403566+0.0117273j 0.000130831+0.00366477j 0.00123201+0.0104273j -0.00264168-0.0031485j -0.00449382-0.00082302j 0.0175144+0.00740261j -0.00245543+0.00278784j 0.00110152-0.0113845j 0.00276853-0.00162789j -0.00606858-0.00492521j -0.00650892-0.0207168j 0.000637688-0.000506819j 0.00125912+0.0053888j 0.00310375-0.00224282j -0.0115649+0.0113568j 0.00502607-0.00465872j -0.00351371+0.00363351j -0.010169+0.000643671j -0.00226255+0.00554279j 0.000222406-0.00368976j 0.0025766+0.00216152j -0.00408326-0.000492131j 0.00293012+0.00607394j -0.000461215-0.000446637j -8.04657e-05+0.0024606j 0.00190857-0.00312383j -0.00108206+0.0018607j 0.00397982+0.000327952j 0.00153038-0.000826502j -0.00321248+0.00070936j -0.0084926+0.000786484j 0.00143496-0.000530306j -0.0036522-0.00136823j 0.000801542+0.0031462j -0.00346024-0.00261635j 5.0097e-05-0.000818871j 0.00183252+0.00278993j -0.00311062-0.00213497j -0.000686483+0.000957353j -0.00296069-0.00176109j -0.00246198-0.00513838j -0.00178735+0.000367754j 0.000252571-0.0034439j -0.00201411+0.0007428j 0.000629119+0.0030548j -0.00209352+0.0034395j 0.00146204+0.00354406j -0.00249215-5.17638e-05j 0.00249892-0.00363014j -0.0042498-0.000355423j 0.00547629+0.00472837j 0.00201713+0.000601056j 
-0.0148972+0.00380898j 0.00788238-0.0127232j 0.00182918-0.0155537j -0.0120697-0.00726746j 0.0112304-0.00174877j 0.0107534+0.000939309j -0.00274421-0.00402205j 0.00802268+0.010448j 0.00330257-0.00348744j -0.0117271+0.0019496j -0.000750267+0.00321927j 0.00940053-0.000668258j -0.00635129+0.00352552j 0.000391772+0.00447997j -0.00148991+0.00359874j 0.000425215-0.00315886j -0.00179203+0.0039848j 0.00378266-0.00117077j 0.00495588+0.00555617j 0.000395736+0.00305392j -0.00622398+0.00593143j 0.00450438-0.00692478j 0.00403701-0.00491018j -0.001817+0.0151831j -0.000215479+0.00148051j -0.00199163-0.00486769j 0.00153435+0.00399139j 0.0034769+0.00271538j 3.54118e-05-0.000496315j 0.00333783-0.00510922j 0.0017302-0.00650908j -0.000313012+0.00267362j 0.00417617+9.76898e-05j -0.00317994+0.00913701j -0.00410287+0.00407389j 0.00093277-0.00501283j 0.00293543+0.00327863j 0.00378148-0.00522679j 0.0013457-0.0121935j 0.00652802-0.0052786j 0.000655766+0.0039969j 0.00590326+0.0036226j 0.000841285+0.00926073j -0.0076961-0.000103752j 0.00446204-0.00321919j 0.00808136+0.0087131j -0.00431459-0.00806206j 0.000113643-0.00414599j -0.00171556-0.00261792j 0.00326601+0.00335571j -0.00504608+0.0021869j 0.00383713+0.00608027j 0.00264908+0.00261085j 0.00640366+0.00178709j 0.00040524+0.000584277j -0.00532487-0.00331862j 0.0033898+0.000314956j -0.00606693-0.00821686j 0.00367741-0.00171912j -0.00104115-0.00634379j 0.00281809-0.0124428j 0.000390928-0.000158289j 0.00635858-0.0103697j -0.000670804+0.00061753j -0.00269609+0.00052769j -0.00441096+0.00530706j -0.00646415-0.000219197j -0.00844015+0.00738441j -0.00728399-0.00331195j -0.0016377+0.00419811j 0.00198822-0.00403301j -0.00181129+0.00414852j 0.00556882-0.00183155j 0.00420603-0.00120083j -4.96528e-05+0.000239675j -0.000349153-0.0053573j 0.000461177-0.00356762j -0.00245612+0.0110398j -0.00679599+0.00516171j 0.00309898-0.0013736j -0.0038307-0.00191739j -0.00850227+0.00262687j 0.00480556-0.00186713j -0.00284303-0.000898907j 0.0032646+0.00111263j -0.00376976-0.000217684j 0.00131432-0.00306939j -0.000432322+0.00496123j 0.00192856-0.00198555j -0.00893906+0.00950624j 0.00293752-0.00144802j -0.00550348+0.00112178j 0.000691968+0.00149524j -0.00214751+0.00535132j 0.00476778-0.00301996j 0.000270192-0.000785175j 0.00376516-0.00134628j -0.00514336-0.0037816j 
-0.029608-2.95033e-05j 0.000666693-0.0318632j -0.00803123+0.00631009j 0.00914105+0.00669433j -0.00867553-0.0121955j 0.00289226-0.00839864j 0.00712085+0.00702018j -0.00495322-0.00530706j -0.00839964-0.0101961j -0.0107023+0.00962001j 0.00849998+0.00832332j 0.00477543-0.00410313j -0.000752049-0.00474799j -0.000550593-0.00706821j -0.00360415-0.00149425j 0.00049876+0.00383343j -0.000698453-0.000463712j 0.000998119+0.00257307j -0.00115926-0.000292664j 0.000427916-0.00387634j 0.000788301-9.59534e-05j 0.000613773-0.00338191j 0.00409475+0.000156584j 0.000609427+0.00239094j -4.07876e-06+0.00304909j -0.00433124-0.000852373j 0.00101025+0.00408638j 0.00313724+0.00332765j -0.00100554-0.00155077j 0.00139785-0.00116784j 0.00312746-0.00727088j 0.0022544+0.00618897j 0.00769865+0.00356608j -0.000709845+0.00151845j -0.00726147+8.61591e-05j 0.0010806-0.00163503j 0.00344023+0.00943781j 0.00535414-0.00209348j 0.0026961-0.00215373j 0.00616497+0.00329862j -0.00108347+0.0026145j 0.00138196-0.00373444j 0.00194117+0.00421445j -0.00329908+0.00136476j 0.00147257-0.00420302j 0.00221313-0.00118222j -0.00389591+0.00669732j 0.000254382+0.00613526j 0.000762318+0.00534597j 0.00329547-0.00543528j 0.00112147+0.00635256j -0.000837693-0.0174761j -0.000548741+0.00770251j 0.00861617-0.00102593j 0.0066716-0.00469805j -0.00396582+0.00283533j 0.0014641+0.0169891j -0.0066049+0.00212393j 0.00475901-0.00879248j 0.00380364-0.00703238j -0.00629837+0.0136606j 0.00785221+0.000965039j -0.00192942-0.00354168j 0.00232577-0.000599574j -0.000781104+0.000778441j -0.000482914-0.00473225j 0.000274977-0.00222485j 0.000437661-0.000753218j -0.00276979-0.00797022j -0.00281894-0.00191576j 0.00354599+0.00228006j -0.0032729-0.005312j 0.00237467+0.00281392j 0.00407457-0.00362268j -0.00128736+0.00140821j -0.0042164+0.00289674j -0.00552952+0.00308167j 0.00563132-0.00548684j 0.00371347+0.00208989j 0.000993834-0.00396256j -0.00120493+0.00375708j 0.002263-0.00124342j -0.000904488-0.0013411j 0.00183366-0.00018547j -2.15529e-05-0.00260988j 0.0042148+0.00317202j -0.00105298+0.0129342j 0.00662764-0.00189826j -0.000670769+0.00278684j 0.00258302-0.00218517j -0.00629201-0.00176341j -0.00446104-0.00594733j 0.0038534-0.00773931j 0.00717702-0.00080699j 0.00164669+0.00649184j -0.00637324+0.00216562j 0.0065525-0.00710387j -0.00755322-0.00576159j 
-0.00288739+0.0322022j -0.0293919-0.00306538j 0.0121547+0.00353821j 0.00419334-0.0151192j -0.00204656-0.000873394j -0.00623741-0.00294982j 0.00461987-0.00675363j 0.000828994+0.00319566j -0.00292227-0.00107048j 0.00964326+0.0140822j 0.00765463-0.00817157j -0.00734515-0.00444489j -0.00058713-0.0023408j -0.00333904+0.00110864j -0.00108643-0.000383378j 0.00433555-0.00373239j -0.000908612+0.00357389j -0.000586548+0.00148906j 0.000514886-0.00204698j -0.00144009-1.71732e-05j 0.00030925+0.00519684j -0.00367558-0.00307622j -0.00166227-0.00215599j 0.00282467+0.00103078j 0.00468551+0.00220112j -0.00238272+0.00249722j 0.00335589-0.00171984j 0.00232688-0.00547431j 0.0011596+0.00157304j -0.00251969-0.00535056j -0.00650963-0.00269307j 0.00555033+0.00151106j 0.00364125-0.00520948j 0.00395828+0.0046184j 0.0015184+0.00702768j -0.00422952-0.00194609j 0.00800632-0.00330393j -0.000266675-0.0054169j -0.00380367-0.00232503j 0.000376069-0.00573558j 0.00170983+0.0016862j -0.00112525-0.00299197j 0.00320143-0.000984884j 0.0020554+0.00360363j 0.000124581-0.00410748j -0.00144182-0.0043905j 0.00157962+0.00607227j 0.0021549+0.000114036j -0.00261907+0.00436934j 0.00180407-0.0103337j 0.00296391+0.00405168j -0.00638813+0.0020735j 0.000388332+0.00596522j 0.00609342-0.0226847j -0.00522852-0.00633422j 0.00327219-0.000698942j 0.00734815-0.00971426j 0.00132976+0.00746706j -0.000652611-0.00337737j -0.00280039+0.00182014j 0.00568478+0.012501j 0.00323867-0.00344813j -0.00559566+0.00595752j -0.00322875+0.003855j 0.00306153+0.00364811j -0.00563529+0.00550998j -0.00242859+0.00576641j -0.000635621+0.00268975j -0.00604648+0.0116585j -0.000121239+6.48861e-05j 0.000937984-0.000508571j -0.00240025+0.000904806j -0.000402103-0.000570541j -0.00244319-0.00190344j -0.000417901+0.00255095j 0.00120486+0.00852857j 0.000356254+0.00882399j 0.000140462-0.00161647j 0.00520521+0.000999867j -0.00104309-0.0040103j 0.00406357+0.00410285j -0.0017901+0.00341124j -0.00157535-0.000938053j 0.00344022-0.00051913j -0.000667216-0.00160209j 0.000222765-0.00513118j 0.00530868+0.00107737j 0.00177323-0.00484339j 0.00278111+0.00165039j -0.000999479+0.00217981j 0.00349721+0.00494193j -0.00581302+0.00678635j -0.00540092-0.000532152j -0.0034038-0.00296371j 0.00994508-0.00545775j 0.00394132+0.00876282j -0.00709556-0.00712132j -0.00813769+0.00653464j 
