-0.107858-0j -0.11487-0j 0.623807-0j 0.630272-0j -0.0752002-0j -0.0930555-0j -0.0703433-0j -0.0542824-0j -0.0487353-0j -0.0820672-0j -0.0502557-0j -0.0778558-0j -0.0718088-0j -0.0296196-0j -0.063569-0j -0.0435227-0j -0.0642278-0j -0.0410336-0j -0.0439737-0j -0.0556229-0j -0.0458865-0j -0.0718088-0j -0.014661-0j -0.0276392-0j -0.0253882-0j -0.0418885-0j -0.0293158-0j -0.0444294-0j -0.0418885-0j -0.0259172-0j -0.0296196-0j -0.0172781-0j -0.00676113-0j -0.00573582-0j -0.0299266-0j -0.0129586-0j -0.0135223-0j -0.0106903-0j -0.00298138-0j -0.00483039-0j -0.00130435-0j -0.000196456-0j 
0.1165-0j 0.00176605-0j 0.0930555-0j -0.0913433-0j -0.500793-0j -0.0088207-0j 0.0759795-0j 0.707547-0j 0.0526401-0j 0.00126173-0j 0.0542824-0j 0.00119698-0j -0.0753544-0j -0.094157-0j 0.0686624-0j 0.0470099-0j -0.067399-0j 0.0443214-0j -0.0461449-0j 0.000855162-0j -0.0970098-0j 0.00110401-0j -0.0622156-0j 0.000424934-0j 0.0274224-0j -0.0885574-0j 0.0316647-0j -0.0466231-0j -0.0439567-0j -0.0823874-0j 0.000455381-0j -0.0549249-0j -0.0358906-0j 0.00619539-0j -0.0632685-0j -0.0135984-0j -0.0573834-0j -0.0339831-0j -0.0190007-0j -0.0256415-0j -0.00970161-0j -0.00187957-0j 
0.088978-0j 0.0947631-0j -0.0699322-0j 0.0718088-0j 0.062037-0j -0.0755354-0j -0.296149-0j 0.0447807-0j 0.0402046-0j -0.345508-0j 0.62795-0j 0.0642278-0j 0.29747-0j -0.1247-0j -0.0516005-0j -0.0353285-0j 0.0529852-0j 0.033851-0j 0.0362765-0j -0.136187-0j -0.0372472-0j -0.058289-0j 0.0120947-0j 0.0228012-0j -0.103713-0j 0.0345562-0j -0.0717771-0j -0.108781-0j -0.0340019-0j -0.0210376-0j -0.120999-0j 0.0142537-0j 0.00557765-0j -0.0422067-0j -0.0732724-0j -0.0741461-0j -0.0109764-0j -0.0436708-0j 0.00245951-0j -0.0118268-0j -0.00105878-0j 0.000162068-0j 
-0.0899001-0j 0.0930194-0j -0.0718088-0j 0.0725236-0j -0.0626799-0j 0.0753544-0j 0.299218-0j -0.0414357-0j -0.0406212-0j -0.33915-0j 0.213772-0j 0.063046-0j -0.305328-0j 0.601575-0j -0.0529852-0j -0.0362765-0j 0.0535126-0j -0.0342018-0j 0.0366376-0j 0.0450422-0j -0.0350268-0j 0.0581493-0j -0.129252-0j 0.0223817-0j -0.0211613-0j -0.031975-0j -0.0244349-0j 0.0370172-0j 0.0349002-0j -0.103144-0j 0.0239853-0j -0.0687623-0j -0.103258-0j -0.00478084-0j -0.022844-0j 0.0107967-0j -0.119213-0j -0.0425445-0j -0.0696102-0j -0.0737707-0j -0.0431014-0j -0.0112562-0j 
0.0795844-0j 0.0847586-0j 0.063569-0j 0.0642278-0j -0.110681-0j 0.0686624-0j 0.0519039-0j 0.040053-0j -0.327544-0j -0.120788-0j 0.0370819-0j -0.232906-0j 0.0529852-0j 0.0218553-0j 0.379325-0j 0.0321139-0j 0.383256-0j -0.151065-0j 0.0324467-0j -0.166396-0j -0.13727-0j -0.105689-0j -0.0438584-0j -0.162828-0j 0.0187331-0j -0.0616521-0j -0.107926-0j 0.0327829-0j -0.154212-0j 0.0191234-0j -0.0435946-0j -0.0636093-0j 0.0049888-0j 0.00423226-0j -0.0440464-0j 0.00956168-0j -0.0199023-0j 0.00788799-0j -0.00438804-0j 0.00356417-0j 0.000962436-0j 0.000144958-0j 
0.0544877-0j 0.0580303-0j 0.0435227-0j 0.0439737-0j 0.0379897-0j 0.0470099-0j -0.250039-0j 0.0274224-0j 0.0246202-0j 0.0414588-0j 0.0253882-0j -0.276742-0j 0.0362765-0j 0.0149633-0j 0.0321139-0j 0.378565-0j 0.0324467-0j -0.145856-0j 0.382488-0j 0.0280996-0j 0.023181-0j -0.255248-0j 0.00740645-0j 0.0139628-0j -0.0902439-0j -0.148895-0j 0.0148098-0j -0.157927-0j 0.0211613-0j -0.0921239-0j 0.0149633-0j 0.00872858-0j -0.0240328-0j 0.00289763-0j 0.0151183-0j 0.00654644-0j 0.0068312-0j 0.00540054-0j 0.00150614-0j 0.00244022-0j 0.000658935-0j 9.92462e-05-0j 
-0.0984807-0j -0.00149289-0j 0.0774008-0j 0.0772152-0j -0.0686624-0j 0.00118998-0j -0.0642278-0j 0.0970098-0j 0.405315-0j -0.00106657-0j 0.136187-0j 0.00410228-0j -0.0626775-0j 0.0795938-0j -0.231545-0j 0.0391014-0j -0.23099-0j -0.0374662-0j 0.0390077-0j -0.00869841-0j 0.327139-0j 0.000918282-0j -0.213225-0j -0.000359209-0j 0.11479-0j 0.0748603-0j 0.0794427-0j -0.116971-0j -0.0365619-0j -0.0685274-0j 0.00190621-0j 0.0464297-0j 0.0303394-0j 0.0467143-0j -0.158732-0j -0.0797285-0j -0.0477298-0j -0.142252-0j 0.0160619-0j -0.0643312-0j -0.00806951-0j 0.00158886-0j 
0.057447-0j -0.119751-0j 0.0458865-0j 0.0424589-0j 0.040053-0j -0.0970098-0j 0.0374662-0j 0.111944-0j -0.236434-0j -0.0855546-0j 0.0267671-0j 0.329062-0j 0.0350268-0j 0.0183566-0j -0.13727-0j 0.023181-0j -0.127016-0j 0.0218553-0j 0.0214495-0j 0.235093-0j -0.383655-0j -0.0748603-0j 0.410189-0j -0.0288137-0j 0.0135223-0j 0.0863847-0j 0.0156142-0j 0.0216718-0j 0.0204323-0j 0.0160621-0j -0.0308783-0j 0.010708-0j -0.159299-0j 0.003055-0j 0.0617162-0j 0.00632093-0j -0.0933162-0j 0.00662526-0j -0.156288-0j -0.113809-0j -0.125927-0j -0.0477032-0j 
-0.0899001-0j -0.00136282-0j -0.0718088-0j 0.0704875-0j 0.125027-0j -0.00110401-0j 0.176956-0j 0.0885574-0j -0.0406212-0j 0.00194213-0j -0.0418885-0j 0.00278776-0j 0.0581493-0j 0.0726589-0j 0.105689-0j 0.255248-0j -0.103745-0j -0.515026-0j -0.250552-0j -0.000659909-0j 0.0748603-0j -0.00512883-0j 0.0480104-0j 0.00261807-0j 0.0638667-0j 0.411406-0j 0.121915-0j -0.108585-0j -0.169242-0j -0.19188-0j 0.00070095-0j -0.211472-0j -0.083589-0j -0.00478084-0j -0.0973867-0j 0.0104936-0j -0.088328-0j 0.026224-0j -0.029247-0j 0.019787-0j 0.00748651-0j 0.00145042-0j 
-0.0550524-0j -0.0586316-0j 0.13051-0j -0.0444294-0j -0.0383834-0j 0.140967-0j 0.108363-0j -0.0277066-0j -0.0248753-0j -0.0418885-0j -0.0240186-0j 0.119936-0j 0.108781-0j -0.0151183-0j 0.096299-0j -0.463906-0j -0.0327829-0j 0.0632117-0j 0.157927-0j -0.0265838-0j 0.0695123-0j -0.328312-0j -0.0074832-0j -0.0141075-0j 0.497201-0j 0.0645286-0j -0.0140109-0j 0.0640865-0j 0.0634558-0j -0.118494-0j -0.192197-0j -0.00881904-0j 0.0104154-0j -0.175315-0j -0.0143028-0j -0.214048-0j 0.0204845-0j -0.0693674-0j -0.00152175-0j -0.00230858-0j 0.00197593-0j -0.000100275-0j 
-0.0519039-0j -0.0552784-0j 0.0407938-0j -0.0418885-0j 0.180557-0j 0.0440623-0j -0.033851-0j -0.0261221-0j -0.0234527-0j 0.197045-0j 0.0717771-0j -0.0374662-0j 0.0340019-0j -0.0142537-0j -0.150182-0j 0.0206083-0j 0.154212-0j -0.137388-0j -0.0211613-0j 0.0794427-0j 0.0217275-0j -0.169649-0j -0.00705523-0j -0.490011-0j 0.0604994-0j 0.100575-0j 0.291315-0j 0.0634558-0j 0.138001-0j 0.0122719-0j -0.352164-0j -0.0578503-0j -0.00325363-0j 0.0246206-0j -0.213258-0j 0.0432519-0j -0.0319464-0j 0.0254746-0j 0.00715836-0j 0.00689894-0j 0.000617619-0j -9.45399e-05-0j 
0.0786626-0j -0.081392-0j -0.0618248-0j -0.0634581-0j 0.0548449-0j 0.0648774-0j -0.154836-0j 0.0362562-0j 0.0355435-0j -0.0581493-0j -0.108781-0j 0.166494-0j 0.0515105-0j 0.103144-0j -0.0456183-0j 0.219759-0j -0.0468235-0j -0.0903212-0j 0.225565-0j 0.116971-0j -0.0301568-0j -0.151099-0j 0.113095-0j -0.019584-0j 0.276728-0j -0.0844406-0j -0.0634558-0j -0.290133-0j 0.0300478-0j 0.268015-0j 0.103926-0j 0.0601671-0j -0.272686-0j -0.0373136-0j -0.0593243-0j 0.0655236-0j -0.102638-0j -0.184341-0j 0.0609089-0j -0.191577-0j -0.0371088-0j 0.00984914-0j 
0.0524417-0j -0.0542613-0j 0.0418885-0j -0.0423054-0j -0.182428-0j -0.0439567-0j 0.0342018-0j 0.0241708-0j 0.0236957-0j 0.19342-0j 0.0244349-0j -0.0367768-0j -0.0349002-0j 0.0687623-0j -0.154212-0j 0.0211613-0j 0.155747-0j 0.138812-0j -0.0213719-0j -0.0262746-0j 0.0204323-0j 0.169242-0j 0.0753967-0j -0.480995-0j 0.0123441-0j -0.0930625-0j 0.0991719-0j -0.0215934-0j -0.141646-0j 0.0601671-0j 0.0698088-0j 0.27908-0j 0.0602336-0j 0.00278882-0j -0.0664871-0j -0.00629807-0j -0.346966-0j 0.0248176-0j -0.202599-0j 0.0430329-0j 0.0251425-0j 0.00656609-0j 
-0.0324467-0j 0.101701-0j -0.0259172-0j -0.125029-0j -0.0226224-0j 0.0823874-0j 0.0638667-0j -0.0190009-0j -0.014661-0j 0.0726589-0j -0.0151183-0j -0.208038-0j -0.103144-0j 0.125669-0j -0.0191234-0j 0.0921239-0j -0.0922544-0j 0.0372556-0j 0.444422-0j 0.0492461-0j -0.0160621-0j -0.19188-0j 0.0824386-0j 0.0244706-0j 0.0230507-0j 0.0442531-0j -0.00881904-0j 0.192605-0j -0.0601671-0j -0.331872-0j 0.026224-0j 0.0733071-0j 0.198873-0j -0.0017255-0j -0.0104755-0j -0.0186132-0j 0.0760356-0j 0.0453565-0j -0.185496-0j -0.0470767-0j -0.233434-0j -0.146961-0j 
0.0642278-0j 0.000973645-0j -0.152262-0j -0.0503587-0j -0.0893238-0j -0.00234092-0j 0.0418885-0j -0.0632685-0j 0.0290212-0j -0.00138752-0j 0.0280217-0j 0.000659909-0j 0.123299-0j -0.05191-0j 0.224102-0j -0.07692-0j 0.0741188-0j -0.121915-0j -0.0254403-0j 0.000441453-0j 0.158732-0j 0.00360329-0j -0.0343003-0j -0.00187044-0j 0.192197-0j 0.0973867-0j -0.0815567-0j -0.0240679-0j -0.358858-0j 0.134807-0j -0.00636635-0j 0.151083-0j -0.019787-0j 0.204534-0j 0.0651479-0j -0.242613-0j -0.187289-0j -0.238178-0j 0.0208951-0j -0.0132367-0j 0.0158743-0j -0.00103623-0j 
0.0160569-0j 0.0171009-0j -0.0889568-0j 0.0129586-0j 0.0111952-0j -0.0960843-0j 0.0104721-0j 0.0080811-0j 0.0072553-0j 0.0122175-0j 0.242117-0j 0.0115905-0j -0.0741461-0j 0.00440952-0j -0.0656381-0j -0.0449393-0j 0.00956168-0j 0.00610874-0j 0.00654644-0j 0.267974-0j -0.0473801-0j -0.0741461-0j 0.0021826-0j 0.00411469-0j -0.258997-0j 0.006236-0j 0.141235-0j 0.214048-0j -0.0432519-0j -0.0267607-0j -0.302163-0j 0.00257222-0j 0.00100654-0j 0.357459-0j 0.144177-0j -0.241503-0j -0.0139624-0j -0.109057-0j 0.000443842-0j 0.0232713-0j -0.00134681-0j 2.92468e-05-0j 
-0.0529852-0j 0.110451-0j 0.0416437-0j -0.0391612-0j 0.0736884-0j -0.0880399-0j -0.0345562-0j -0.103249-0j -0.0239413-0j -0.157401-0j 0.0732724-0j 0.0748603-0j 0.0317881-0j -0.0169309-0j -0.0612918-0j 0.0210376-0j 0.0576381-0j 0.100575-0j -0.0197835-0j -0.158732-0j 0.0858798-0j 0.135516-0j 0.0933162-0j -0.212183-0j 0.0617598-0j 0.158928-0j -0.213258-0j 0.0593243-0j -0.0925186-0j 0.0145769-0j 0.281311-0j 0.049277-0j 0.146926-0j 0.0251335-0j -0.336988-0j 0.0404358-0j 0.168926-0j 0.0302593-0j -0.287535-0j -0.31154-0j -0.114283-0j 0.0439982-0j 
-0.0324467-0j 0.0335725-0j 0.128339-0j 0.0261751-0j -0.0226224-0j -0.134675-0j -0.0211613-0j -0.0149549-0j -0.014661-0j 0.0239853-0j -0.192197-0j 0.0227545-0j -0.106928-0j -0.0425445-0j 0.0946966-0j 0.0648343-0j 0.0193137-0j -0.0123441-0j 0.0132232-0j 0.206667-0j 0.0626009-0j -0.103926-0j -0.0466494-0j 0.00807797-0j -0.05453-0j -0.0115404-0j -0.112115-0j 0.169846-0j -0.0623745-0j 0.184341-0j 0.0618073-0j -0.0248176-0j -0.0372676-0j 0.45059-0j -0.104815-0j -0.267025-0j 0.21306-0j -0.109632-0j -0.0251236-0j -0.338482-0j 0.077032-0j -0.00406256-0j 
0.016929-0j -0.0708356-0j 0.0135223-0j 0.144508-0j -0.0235438-0j -0.0573834-0j 0.0110409-0j -0.11039-0j 0.00764935-0j 0.100946-0j 0.00788799-0j -0.0480104-0j 0.119213-0j -0.0868979-0j -0.0199023-0j 0.0068312-0j -0.212689-0j -0.0321342-0j 0.0730026-0j -0.0343003-0j -0.0933162-0j 0.088328-0j 0.11695-0j 0.13608-0j 0.00398486-0j 0.169919-0j -0.0229578-0j 0.0737591-0j -0.346966-0j -0.0760356-0j 0.0364335-0j 0.252914-0j 0.151701-0j 0.000900277-0j 0.121396-0j 0.0215131-0j -0.215161-0j -0.0313631-0j 0.0156147-0j 0.10838-0j -0.212123-0j -0.321405-0j 
0.023181-0j -0.0726589-0j -0.0549543-0j 0.0893249-0j 0.0161622-0j 0.174693-0j 0.0151183-0j 0.0135749-0j 0.0104743-0j -0.05191-0j 0.0101136-0j -0.0492461-0j -0.218704-0j -0.0897825-0j -0.0405489-0j -0.0277619-0j 0.0659097-0j 0.00881904-0j 0.0451253-0j -0.0329437-0j -0.0340577-0j 0.134807-0j -0.058897-0j -0.0174826-0j 0.0693674-0j 0.0104755-0j 0.00589959-0j 0.0426909-0j -0.127577-0j 0.233159-0j -0.238178-0j -0.0523731-0j 0.0470767-0j 0.0738201-0j 0.00700767-0j 0.43034-0j 0.161225-0j -0.411948-0j 0.132525-0j 0.0314925-0j -0.494969-0j 0.104994-0j 
-0.00855223-0j 0.0447634-0j 0.00672162-0j -0.126464-0j -0.00596276-0j -0.0356808-0j -0.00557765-0j 0.190398-0j -0.00386431-0j 0.0319805-0j 0.0118268-0j 0.0303394-0j 0.102654-0j -0.0760874-0j 0.00495964-0j 0.00339564-0j -0.0933134-0j -0.00325363-0j -0.0638873-0j -0.0643312-0j -0.158368-0j -0.0275341-0j -0.16618-0j 0.0107707-0j 0.00996852-0j 0.146926-0j 0.00689894-0j 0.191577-0j 0.0598815-0j 0.0655085-0j -0.0571565-0j -0.0443843-0j 0.0845137-0j 0.00405675-0j -0.31154-0j 0.13058-0j 0.150814-0j 0.135985-0j 0.237142-0j -0.179201-0j -0.0920162-0j -0.446955-0j 
0.00163297-0j -0.0119759-0j 0.00130435-0j 0.0522468-0j 0.00113853-0j -0.00970161-0j 0.001065-0j -0.148968-0j 0.000737854-0j -0.00855601-0j 0.000760873-0j -0.00811695-0j 0.0431014-0j 0.266782-0j 0.000962436-0j 0.000658935-0j 0.0385511-0j 0.00062125-0j 0.0263941-0j -0.00579903-0j -0.125927-0j -0.00748651-0j -0.229985-0j -0.00288156-0j 0.000384379-0j -0.114955-0j 0.000443842-0j 0.0266677-0j 0.0251425-0j 0.233434-0j -0.00308803-0j 0.155623-0j -0.0925572-0j 8.68404e-05-0j -0.0821281-0j 0.00777806-0j -0.212123-0j 0.0962866-0j 0.31627-0j -0.066126-0j 0.125183-0j -0.454669-0j 
0.0145856-0j -0.129386-0j 0.0116505-0j 0.0117712-0j 0.0101694-0j 0.0125839-0j 0.00951256-0j 0.00734063-0j 0.00659049-0j 0.011098-0j 0.0067961-0j 0.0105285-0j 0.00971073-0j 0.00400547-0j 0.00859646-0j 0.00588559-0j 0.00868555-0j 0.00554899-0j 0.00594659-0j 0.0075219-0j 0.00620525-0j 0.00971073-0j 0.00198261-0j 0.00373766-0j 0.00343326-0j 0.0056646-0j 0.00396439-0j 0.00600821-0j 0.0056646-0j 0.00350479-0j 0.00400547-0j 0.00233653-0j 0.000914311-0j 0.000775657-0j 0.00404698-0j 0.00175239-0j 0.00182862-0j 0.00144565-0j 0.000403173-0j 0.000653215-0j 0.000176388-0j 2.65669e-05-0j 
-0.0156307-0j -0.00023695-0j 0.0904021-0j -0.0887387-0j -0.010898-0j -0.000191952-0j -0.0101941-0j 0.0153973-0j -0.00706271-0j -0.000169285-0j -0.00728305-0j -0.000160598-0j 0.0101103-0j 0.012633-0j -0.00921241-0j -0.00630731-0j 0.00904291-0j -0.00594659-0j 0.00619125-0j -0.000114737-0j 0.0130158-0j -0.000148125-0j 0.00834745-0j -5.70132e-05-0j -0.00367926-0j 0.0118817-0j -0.00424845-0j 0.00625541-0j 0.00589766-0j 0.0110539-0j -6.10983e-05-0j 0.00736926-0j 0.00481543-0j -0.000831234-0j 0.00848872-0j 0.0018245-0j 0.00769911-0j 0.0045595-0j 0.00254932-0j 0.00344031-0j 0.00130166-0j 0.000252182-0j 
-0.0118157-0j -0.0125839-0j 0.00928655-0j -0.00953575-0j 0.0507918-0j -0.0618435-0j -0.00770605-0j 0.0366635-0j -0.00533891-0j -0.00899039-0j 0.0163398-0j -0.00852904-0j 0.0077404-0j -0.0032448-0j 0.00685222-0j 0.00469139-0j -0.0070361-0j -0.0044952-0j -0.00481729-0j 0.0180848-0j 0.00494619-0j 0.0077404-0j -0.0016061-0j -0.00302785-0j 0.0137725-0j -0.00458885-0j 0.00953154-0j 0.0144455-0j 0.00451524-0j 0.00279366-0j 0.0160679-0j -0.0018928-0j -0.000740676-0j 0.00560479-0j 0.00973011-0j 0.00984613-0j 0.00145759-0j 0.0057992-0j -0.000326608-0j 0.00157052-0j 0.000140599-0j -2.15216e-05-0j 
0.0119382-0j -0.0123524-0j 0.00953575-0j -0.00963067-0j -0.0513182-0j 0.0616952-0j 0.00778591-0j -0.0339248-0j 0.00539424-0j -0.00882497-0j 0.00556252-0j -0.0083721-0j -0.00794489-0j 0.0156535-0j 0.0070361-0j 0.00481729-0j -0.00710613-0j 0.00454178-0j -0.00486523-0j -0.00598132-0j 0.00465134-0j -0.00772185-0j 0.0171638-0j -0.00297214-0j 0.00281008-0j 0.00424607-0j 0.0032448-0j -0.00491565-0j -0.00463452-0j 0.0136968-0j -0.0031851-0j 0.0091312-0j 0.0137119-0j 0.000634865-0j 0.00303354-0j -0.00143373-0j 0.0158307-0j 0.00564964-0j 0.00924379-0j 0.00979628-0j 0.0057236-0j 0.00149475-0j 
-0.0104205-0j -0.011098-0j -0.00832349-0j -0.00840974-0j 0.0144921-0j -0.00899039-0j 0.0346829-0j -0.0052444-0j -0.00470848-0j -0.0807122-0j 0.0247787-0j -0.0075219-0j 0.0354055-0j 0.014604-0j 0.0122506-0j -0.00420487-0j 0.0123776-0j 0.0197799-0j -0.00424845-0j -0.00537391-0j -0.00443325-0j 0.0138386-0j -0.00141644-0j 0.02132-0j -0.00245284-0j 0.0080725-0j 0.0141314-0j -0.00429247-0j 0.020192-0j -0.00250394-0j 0.00570812-0j 0.00832877-0j -0.000653215-0j -0.000554156-0j 0.00576727-0j -0.00125197-0j 0.00260593-0j -0.00103282-0j 0.000574554-0j -0.000466679-0j -0.000126018-0j -1.89803e-05-0j 
-0.00988574-0j -0.0105285-0j -0.00789635-0j -0.00797818-0j -0.0068925-0j -0.00852904-0j 0.0194587-0j -0.00497527-0j 0.0406865-0j -0.0075219-0j -0.00460621-0j -0.0873163-0j -0.00658166-0j -0.0027148-0j 0.023622-0j 0.028068-0j 0.0238668-0j 0.0113509-0j 0.0283589-0j 0.0206692-0j 0.0170513-0j 0.0198641-0j 0.00544796-0j -0.00253328-0j 0.00702302-0j 0.0115874-0j -0.00268695-0j 0.0122903-0j -0.0038393-0j 0.00716933-0j -0.0027148-0j -0.00158363-0j 0.0018703-0j -0.000525718-0j -0.00274293-0j -0.00118772-0j -0.00123939-0j -0.000979823-0j -0.000273259-0j -0.000442731-0j -0.000119551-0j -1.80063e-05-0j 
0.0128947-0j 0.000195474-0j -0.0101346-0j -0.0101103-0j 0.00899039-0j -0.000155812-0j -0.0429179-0j -0.0127021-0j 0.00582644-0j -0.000712701-0j 0.0910025-0j 0.000132487-0j -0.041882-0j 0.0531858-0j -0.00747794-0j -0.0051198-0j -0.00746002-0j 0.00490568-0j -0.00510752-0j -0.000280923-0j 0.0105652-0j -0.000120236-0j -0.0068863-0j 4.70335e-05-0j -0.0150301-0j -0.00980193-0j -0.0104019-0j 0.0153158-0j 0.00478728-0j 0.00897272-0j -0.000249592-0j -0.00607933-0j -0.00397253-0j -0.0061166-0j 0.0207838-0j 0.0104393-0j 0.00624956-0j 0.018626-0j -0.00210308-0j 0.00842328-0j 0.00105659-0j -0.000208039-0j 
-0.0075219-0j 0.0156798-0j -0.00600821-0j -0.00555942-0j -0.0052444-0j 0.0127021-0j 0.0250355-0j -0.0146575-0j -0.00339876-0j -0.0571689-0j 0.0178862-0j 0.0106273-0j 0.0234055-0j 0.0122662-0j -0.00443325-0j -0.00303524-0j -0.0041021-0j -0.00286165-0j -0.00280851-0j 0.00759254-0j -0.0123905-0j 0.00980193-0j 0.0132474-0j 0.00377276-0j -0.00177055-0j -0.0113109-0j -0.00204446-0j -0.00283762-0j -0.00267533-0j -0.00210311-0j 0.00404309-0j -0.00140207-0j 0.020858-0j -0.000400011-0j -0.00808089-0j -0.000827639-0j 0.0122185-0j -0.000867487-0j 0.0204638-0j 0.0149017-0j 0.0164884-0j 0.00624608-0j 
0.0115334-0j 0.000174837-0j 0.00921241-0j -0.00904291-0j -0.0160398-0j 0.000141634-0j 0.0075219-0j -0.0113611-0j -0.0474676-0j -0.000249157-0j 0.00537391-0j -0.000480431-0j -0.00746002-0j -0.00932146-0j 0.0549718-0j 0.00465394-0j -0.0539603-0j -0.0218923-0j -0.00456831-0j -0.000343236-0j 0.0389368-0j -0.000218012-0j 0.0249715-0j -0.000335875-0j 0.0027148-0j 0.0174877-0j -0.0156406-0j -0.00461565-0j 0.0217122-0j -0.00815628-0j -8.99255e-05-0j 0.0271299-0j -0.00355314-0j 0.000613338-0j 0.0124938-0j -0.00134623-0j 0.0113317-0j -0.00336429-0j 0.00375213-0j -0.00253848-0j -0.000960451-0j -0.000186076-0j 
0.00789635-0j 0.000119703-0j 0.00630731-0j -0.00619125-0j 0.00550547-0j 9.69704e-05-0j -0.0362356-0j -0.00777842-0j 0.00356795-0j 8.55198e-05-0j 0.00367926-0j -0.000570855-0j -0.00510752-0j -0.00638197-0j 0.00465394-0j 0.0548616-0j -0.00456831-0j -0.0211375-0j -0.0538522-0j 5.7963e-05-0j -0.00657533-0j -0.000526517-0j -0.00421698-0j 2.8802e-05-0j -0.0130781-0j 0.0422342-0j 0.00214624-0j 0.0222352-0j -0.00297939-0j 0.0392917-0j 3.08657e-05-0j -0.00372282-0j 0.0171167-0j 0.000419924-0j -0.00428834-0j -0.000921702-0j -0.00388945-0j -0.00230337-0j -0.00128787-0j -0.00173798-0j -0.000657576-0j -0.000127398-0j 
0.00706271-0j 0.0075219-0j -0.0167433-0j 0.00569989-0j 0.00492424-0j -0.0180848-0j 0.00460621-0j 0.00355451-0j -0.0290679-0j 0.00537391-0j 0.00308137-0j -0.0206692-0j -0.0139556-0j 0.00193955-0j 0.0500877-0j -0.0084584-0j -0.0170513-0j 0.00268695-0j 0.00287948-0j -0.0138269-0j 0.0361552-0j -0.0139556-0j -0.00389221-0j 0.00180987-0j 0.0211346-0j 0.00274293-0j 0.00179747-0j 0.00272414-0j -0.0081408-0j -0.00503686-0j 0.0246571-0j 0.0011314-0j 0.000442731-0j 0.0224913-0j 0.00183491-0j 0.0274603-0j -0.00262798-0j 0.0088992-0j 0.000195226-0j 0.00029617-0j -0.000253494-0j 1.28643e-05-0j 
-0.0100917-0j 0.0104418-0j 0.00793155-0j 0.00814109-0j -0.0070361-0j -0.00832317-0j -0.00658166-0j -0.00465134-0j 0.0415342-0j 0.00746002-0j 0.0139556-0j -0.0286929-0j -0.00660833-0j -0.0132324-0j -0.0237273-0j 0.00400687-0j -0.0243541-0j -0.0038393-0j 0.00411273-0j 0.0608399-0j -0.0156854-0j -0.00642281-0j 0.0588238-0j 0.00251244-0j 0.0117629-0j -0.00358934-0j 0.0081408-0j -0.0123327-0j -0.00385486-0j 0.0113926-0j -0.0133327-0j -0.00771888-0j -0.0115911-0j 0.00478699-0j 0.00761076-0j -0.00840607-0j 0.0131675-0j 0.0236492-0j -0.00781405-0j 0.0245776-0j 0.00476072-0j -0.00126355-0j 
0.00911792-0j 0.00971073-0j -0.00716622-0j 0.00735853-0j -0.0126806-0j -0.0077404-0j -0.0179474-0j 0.00458885-0j 0.00411992-0j -0.0138386-0j -0.012609-0j -0.0198641-0j -0.0059731-0j 0.00250394-0j 0.0105474-0j 0.0254727-0j -0.0108304-0j 0.0522354-0j -0.0261563-0j -0.0139556-0j -0.00381687-0j -0.0359591-0j 0.00123939-0j -0.018655-0j 0.032076-0j 0.0213181-0j 0.0366983-0j 0.0336434-0j 0.0173846-0j 0.00650642-0j 0.0247327-0j -0.00728767-0j -0.00172503-0j -0.00432509-0j 0.0149772-0j -0.00759803-0j 0.00224361-0j -0.00447511-0j -0.000502734-0j -0.00121193-0j -0.000108497-0j 1.66078e-05-0j 
0.00416261-0j -0.0130473-0j 0.00332494-0j 0.0160401-0j 0.00290224-0j -0.0105695-0j 0.0027148-0j 0.00243764-0j -0.017132-0j -0.00932146-0j 0.00193955-0j 0.0358524-0j 0.0132324-0j -0.0161222-0j -0.00994657-0j 0.0016797-0j -0.0479839-0j 0.00158363-0j 0.00810314-0j 0.0256142-0j -0.0083543-0j -0.00815628-0j 0.0428785-0j -0.00313935-0j 0.000979823-0j 0.00188107-0j 0.0011314-0j 0.00818711-0j 0.00771888-0j -0.0141069-0j -0.00336429-0j -0.00940463-0j 0.00845355-0j 0.000221365-0j 0.0013439-0j 0.00238791-0j -0.00975467-0j -0.00581882-0j 0.0237974-0j 0.00603951-0j 0.0299474-0j 0.0188537-0j 
0.00350949-0j 0.00373766-0j 0.00280325-0j 0.0028323-0j -0.0195361-0j 0.00302785-0j 0.00228884-0j 0.00176625-0j 0.00158576-0j -0.02132-0j 0.00163523-0j 0.00253328-0j 0.00233653-0j 0.000963768-0j -0.0165144-0j 0.00141615-0j -0.0166856-0j 0.0491886-0j 0.00143082-0j 0.00180987-0j 0.00149306-0j -0.018655-0j 0.000477041-0j -0.0230829-0j 0.000826087-0j -0.0108821-0j 0.035142-0j 0.00144565-0j 0.0502134-0j 0.000843297-0j -0.00769481-0j 0.020712-0j 0.000219995-0j 0.000186633-0j -0.00777455-0j 0.000421648-0j -0.00351291-0j 0.000347842-0j -0.000774525-0j 0.000157172-0j 4.24412e-05-0j 6.39233e-06-0j 
-0.00921241-0j 0.00953206-0j -0.00735853-0j 0.00743177-0j 0.012812-0j 0.00772185-0j 0.0181333-0j -0.00424607-0j -0.00416261-0j -0.0135839-0j -0.00429247-0j -0.0194986-0j 0.0061309-0j -0.0120794-0j 0.0108304-0j 0.0261563-0j -0.0109382-0j -0.0527767-0j -0.0264166-0j 0.00461565-0j -0.00358934-0j 0.0358729-0j -0.0132449-0j -0.0183118-0j 0.00654467-0j -0.0197257-0j 0.0124931-0j -0.0114485-0j -0.0178438-0j 0.0318998-0j -0.0049027-0j 0.035157-0j 0.0319351-0j -0.000489911-0j 0.00466941-0j 0.00110638-0j 0.0243676-0j -0.0043597-0j 0.0142286-0j -0.00755957-0j -0.00441677-0j -0.00115346-0j 
-0.00797818-0j -0.000120943-0j 0.0189136-0j 0.00625541-0j -0.00556252-0j 0.000290783-0j 0.0157039-0j 0.00785902-0j -0.00360493-0j -8.64061e-05-0j -0.00348078-0j 0.000247399-0j -0.0153158-0j 0.00644811-0j 0.0139556-0j -0.0672292-0j 0.00461565-0j 0.00916063-0j -0.0222352-0j -5.48361e-05-0j -0.0197173-0j -0.000677231-0j 0.00426068-0j -2.91005e-05-0j 0.0720543-0j -0.0183036-0j -0.00203045-0j -0.00902302-0j -0.00893422-0j 0.0505388-0j -0.000396456-0j 0.0037614-0j -0.00741811-0j -0.0254066-0j 0.004057-0j 0.0301367-0j -0.0116632-0j 0.0295858-0j 0.00130121-0j 0.00164422-0j -0.00197186-0j 0.000128718-0j 
-0.0075219-0j -0.000114026-0j 0.00591183-0j 0.00589766-0j 0.0261663-0j 9.08902e-05-0j -0.00490568-0j 0.00740956-0j -0.00339876-0j 0.000406458-0j 0.0104019-0j -7.72839e-05-0j -0.00478728-0j 0.00607933-0j -0.0217644-0j 0.00298655-0j -0.0217122-0j -0.0199103-0j 0.00297939-0j 0.000163872-0j -0.00616305-0j -0.000349946-0j 0.00401701-0j -0.00101078-0j 0.00876757-0j -0.0285283-0j 0.0422174-0j -0.00893422-0j -0.0194297-0j -0.00523409-0j -0.000726432-0j 0.0246737-0j 0.00231731-0j 0.00356801-0j 0.0604909-0j -0.00608962-0j 0.0181892-0j -0.0108651-0j -0.00612097-0j -0.00491358-0j -0.000616345-0j 0.000121356-0j 
0.00658166-0j -0.0137198-0j -0.00517285-0j 0.00486449-0j 0.00458885-0j 0.0109361-0j -0.0129551-0j 0.0128253-0j 0.00297391-0j -0.00980193-0j -0.00910169-0j 0.028065-0j -0.00394863-0j 0.00210311-0j -0.00381687-0j 0.0183872-0j 0.00358934-0j -0.00755714-0j -0.0172911-0j 0.0197173-0j -0.0106677-0j -0.02547-0j -0.0115915-0j -0.00330117-0j 0.0231537-0j -0.0298702-0j -0.00530932-0j 0.0222406-0j -0.00230337-0j 0.00546486-0j 0.0175183-0j 0.00122681-0j 0.0550825-0j -0.00312201-0j -0.0209855-0j -0.00502282-0j 0.0105197-0j -0.00375873-0j -0.0179058-0j 0.0386986-0j 0.014196-0j -0.00546532-0j 
-0.00376095-0j -0.00400547-0j 0.014876-0j -0.00303524-0j 0.00523049-0j 0.0160679-0j -0.00245284-0j -0.0018928-0j -0.00169938-0j 0.00570812-0j -0.0222778-0j -0.0027148-0j 0.0123992-0j -0.00103282-0j -0.0218947-0j 0.00751506-0j 0.00446731-0j 0.00713894-0j -0.00153335-0j -0.0246571-0j 0.00792322-0j -0.0247327-0j -0.000511222-0j 0.00769481-0j -0.00632067-0j 0.00291352-0j 0.0648392-0j -0.0196951-0j -0.0360876-0j 0.00447511-0j 0.0147091-0j 0.00300601-0j -0.000235758-0j 0.0522287-0j 0.0264619-0j 0.0309639-0j -0.00465739-0j -0.00266146-0j 0.000207367-0j -0.00214126-0j 0.000225222-0j -6.85035e-06-0j 
0.00438778-0j -0.00914656-0j 0.00350479-0j 0.00324299-0j -0.0152637-0j -0.00740956-0j 0.00286165-0j 0.00855023-0j 0.00198261-0j 0.0326038-0j 0.00204446-0j -0.00619928-0j 0.00267533-0j 0.00140207-0j -0.0129029-0j 0.00177055-0j -0.0119391-0j 0.0116143-0j 0.0016383-0j -0.00442898-0j 0.00722777-0j 0.0285283-0j -0.00772764-0j -0.081079-0j 0.00103282-0j -0.0329201-0j 0.00829767-0j 0.00165528-0j 0.0108581-0j 0.00122681-0j 0.0117673-0j 0.00569046-0j -0.0121672-0j 0.00023334-0j -0.0235193-0j 0.000482789-0j 0.0355616-0j 0.000506034-0j 0.0595595-0j -0.00869264-0j -0.00961826-0j -0.00364355-0j 
-0.00210287-0j 0.00879899-0j -0.0016797-0j -0.0179503-0j -0.00146616-0j 0.00712799-0j 0.00413921-0j 0.0137124-0j -0.000950179-0j 0.0062863-0j -0.000979823-0j -0.017999-0j -0.0148083-0j 0.0107942-0j -0.00123939-0j 0.00597057-0j -0.0132449-0j 0.00241454-0j 0.0638053-0j 0.00426068-0j 0.0115915-0j -0.0166011-0j -0.0145272-0j 0.00211715-0j 0.00149392-0j -0.031936-0j -0.000571563-0j 0.0276522-0j -0.00863815-0j -0.0285057-0j 0.00226885-0j 0.00629662-0j 0.0568723-0j -0.00011183-0j 0.0075598-0j -0.00267229-0j -0.0133989-0j 0.00389583-0j 0.000972384-0j -0.0134627-0j 0.0263493-0j 0.039924-0j 
0.00658166-0j -0.00681003-0j -0.0156029-0j -0.00530951-0j -0.00915335-0j 0.0163733-0j 0.00429247-0j 0.00303354-0j 0.00297391-0j 0.00970484-0j 0.0028715-0j -0.00461565-0j 0.0129998-0j 0.00862997-0j 0.0229646-0j -0.00788229-0j 0.00781462-0j -0.0124931-0j -0.00268227-0j -0.00308769-0j -0.00761076-0j -0.0252028-0j 0.00946262-0j 0.0130826-0j 0.0196951-0j -0.00466941-0j -0.00835743-0j -0.00253757-0j -0.0378358-0j -0.0224114-0j 0.0445286-0j -0.0251173-0j 0.00755957-0j 0.0209594-0j -0.00312366-0j -0.0255796-0j 0.0516686-0j 0.0395968-0j -0.0101654-0j 0.00505706-0j -0.00936524-0j 0.000824073-0j 
0.00232697-0j 3.52751e-05-0j -0.0128916-0j -0.0018245-0j 0.0016224-0j -0.000198199-0j 0.00151762-0j -0.00229222-0j 0.00105144-0j 2.52018e-05-0j 0.0350875-0j 2.39085e-05-0j 0.0104393-0j -0.0018807-0j -0.00951226-0j -0.0065126-0j -0.00134623-0j 0.000885277-0j -0.000921702-0j 0.000552768-0j 0.0134394-0j -0.000152946-0j -0.0012427-0j 8.48765e-06-0j -0.0375339-0j -0.00176885-0j 0.0204677-0j -0.0301367-0j 0.00608962-0j 0.0114137-0j -0.000623292-0j -0.00109707-0j -0.000716881-0j 0.051803-0j -0.0408961-0j 0.0340023-0j 0.00794971-0j 0.0465136-0j -0.000379521-0j -0.0165744-0j 0.00134403-0j -3.75427e-05-0j 
-0.0038393-0j 0.012034-0j 0.0030175-0j -0.0147942-0j 0.00533946-0j -0.00959224-0j -0.00250394-0j -0.00224831-0j -0.00173478-0j -0.0171493-0j 0.00530932-0j 0.00815628-0j 0.0120088-0j 0.01487-0j -0.0044412-0j 0.00152438-0j 0.0217744-0j 0.00728767-0j -0.00747377-0j -0.0172944-0j 0.00187008-0j 0.014765-0j 0.00975467-0j -0.0231181-0j 0.00447511-0j 0.00346074-0j -0.0154526-0j 0.0224114-0j -0.0349515-0j -0.0128026-0j 0.0306498-0j -0.0432789-0j -0.00779697-0j 0.00182117-0j -0.0073381-0j 0.0152758-0j 0.0176585-0j -0.0265761-0j 0.0437818-0j 0.0165326-0j 0.0271784-0j -0.0173894-0j 
-0.0027148-0j 0.00565914-0j 0.010738-0j -0.0020065-0j -0.0018928-0j -0.0227015-0j -0.00177055-0j -0.00529018-0j -0.00122668-0j 0.00404309-0j -0.016081-0j 0.00383561-0j 0.00819673-0j -0.000867487-0j 0.00792322-0j 0.00542466-0j -0.00148053-0j -0.00103282-0j -0.00101365-0j 0.0348368-0j 0.0221446-0j -0.0175183-0j 0.00478124-0j 0.00136166-0j -0.0045625-0j -0.00408232-0j -0.00938058-0j -0.0130198-0j 0.00478143-0j 0.00375873-0j 0.0104185-0j -0.000506034-0j 0.00752805-0j 0.0377007-0j -0.0370775-0j 0.0204692-0j -0.0218372-0j -0.00223541-0j 0.00738579-0j 0.0683732-0j -0.0294686-0j 0.00225433-0j 
0.00100158-0j -0.00524238-0j 0.000800022-0j 0.0148106-0j -0.00139293-0j -0.00424681-0j 0.000653215-0j -0.0222981-0j 0.000452561-0j 0.00747081-0j 0.000466679-0j -0.00355314-0j 0.0122181-0j 0.00891082-0j -0.00117748-0j 0.000404156-0j -0.0217985-0j -0.00190117-0j 0.00748204-0j -0.00253848-0j -0.0188493-0j 0.00653696-0j 0.0194618-0j 0.010071-0j 0.000235758-0j 0.0343227-0j -0.00135826-0j 0.00755957-0j -0.0355605-0j 0.00779697-0j 0.00269636-0j -0.0259348-0j -0.00989765-0j 5.32633e-05-0j 0.0245213-0j 0.00220487-0j -0.0358052-0j 0.00321609-0j 0.0553974-0j -0.00707122-0j -0.010952-0j 0.0523442-0j 
0.00150237-0j -0.0062863-0j -0.0035616-0j 0.0128243-0j 0.00104747-0j 0.0151141-0j 0.000979823-0j -0.00979658-0j 0.000678841-0j -0.00449115-0j 0.000655463-0j -0.00426068-0j -0.0313992-0j -0.00771175-0j -0.00262798-0j -0.00179925-0j 0.00946262-0j 0.000571563-0j 0.00647861-0j -0.00285023-0j 0.0245783-0j 0.0116632-0j 0.0103787-0j -0.00151256-0j 0.00449571-0j -0.0075598-0j 0.000382353-0j 0.00612911-0j -0.0183162-0j 0.0200269-0j -0.0206067-0j -0.00449852-0j 0.0134627-0j 0.00478429-0j -0.00505721-0j 0.0617837-0j -0.0284108-0j -0.0353838-0j -0.000694704-0j 0.00900599-0j 0.0558705-0j -0.0285231-0j 
-0.000468445-0j 0.0029437-0j 0.000368174-0j -0.0105901-0j -0.000326608-0j -0.00234642-0j -0.000305513-0j 0.0232038-0j -0.000211666-0j 0.00210308-0j 0.000647805-0j 0.00199516-0j 0.00859623-0j -0.0266063-0j 0.000271662-0j 0.000185995-0j -0.00781405-0j -0.000178216-0j -0.00534992-0j -0.0042305-0j -0.0193002-0j -0.00181068-0j 0.00106519-0j 0.000708291-0j 0.000546022-0j 0.0179058-0j 0.000377886-0j 0.0160427-0j 0.00501447-0j 0.0229071-0j -0.00375868-0j -0.0155204-0j 0.029457-0j 0.000222207-0j -0.0379673-0j 0.0109348-0j -0.000966701-0j 0.0475515-0j -0.00109629-0j -0.0624602-0j 0.0390565-0j 0.0194423-0j 
7.88832e-05-0j -0.000661333-0j 6.30089e-05-0j 0.00338816-0j 5.49987e-05-0j -0.000535741-0j 5.14466e-05-0j -0.0118507-0j 3.56432e-05-0j -0.000472479-0j 3.67552e-05-0j -0.000448233-0j 0.00279509-0j 0.0283703-0j 4.64921e-05-0j 3.18309e-05-0j 0.0025-0j 3.00105e-05-0j 0.00171163-0j -0.000320233-0j -0.0100177-0j -0.000413419-0j -0.0425503-0j -0.000159125-0j 1.8568e-05-0j -0.00914489-0j 2.14405e-05-0j 0.00172937-0j 0.00163047-0j 0.024824-0j -0.000170527-0j 0.0165493-0j 0.0258321-0j 4.19497e-06-0j -0.00653343-0j 0.0005044-0j -0.0392455-0j 0.0102394-0j 0.0288826-0j 0.0184554-0j -0.0466574-0j 0.0470433-0j 
