-0.00244215-0j -0.000376833-0j -0.000287811-0j -4.15419e-05-0j -0.000257426-0j -0.000176247-0j -4.55069e-05-0j -3.79224e-06-0j -4.15419e-05-0j -2.54391e-05-0j -2.39842e-05-0j -5.19274e-06-0j -3.46182e-06-0j -3.05985e-07-0j -4.23985e-06-0j -1.05996e-06-0j -4.99671e-07-0j -3.05985e-07-0j -2.28068e-08-0j -3.12295e-08-0j -1.64594e-09-0j -4.48966e-11-0j 1.00772-0j -0.000355924-0j -0.000269053-0j -3.88345e-05-0j -0.000237283-0j -0.000225106-0j -4.1946e-05-0j -3.4955e-06-0j -3.75177e-05-0j -2.56866e-05-0j -2.29748e-05-0j -4.68971e-06-0j -2.96603e-05-0j -2.76344e-07-0j -1.14163e-05-0j -4.2811e-06-0j -3.70754e-06-0j -3.4955e-06-0j -4.36938e-07-0j -1.74775e-06-0j -2.91292e-07-0j -1.99434e-08-0j -4.36938e-07-0j -1.54481e-07-0j -3.64115e-08-0j -2.57468e-08-0j -1.35698e-09-0j -2.03546e-09-0j -9.06667e-11-0j -2.1811e-12-0j -0.0015586-0j -0.00157475-0j 0.102785-0j 0.103851-0j -0.00017785-0j -0.000179693-0j -2.56705e-05-0j -2.59365e-05-0j -0.00015524-0j -0.000156849-0j -2.74429e-05-0j -0.000145214-0j -2.77273e-05-0j -2.28691e-06-0j -0.000100607-0j -0.000146719-0j -2.3106e-06-0j -0.00010165-0j -2.42023e-05-0j -1.48208e-05-0j -2.44531e-05-0j -2.29604e-05-0j -1.49744e-05-0j -3.02529e-06-0j -2.31983e-05-0j -3.05664e-06-0j -1.78267e-07-0j -1.8747e-05-0j -1.80114e-07-0j -1.28352e-05-0j -1.89413e-05-0j -2.7059e-06-0j -1.21012e-05-0j -1.29682e-05-0j -1.85261e-06-0j -2.34338e-06-0j -2.73394e-06-0j -1.22266e-05-0j -1.8718e-06-0j -2.36767e-06-0j -2.7617e-07-0j -3.02529e-06-0j -2.79032e-07-0j -1.26054e-08-0j -1.16444e-06-0j -1.0696e-06-0j -3.05664e-06-0j -2.52108e-07-0j -1.2736e-08-0j -1.23507e-06-0j -1.1765e-06-0j -1.08069e-06-0j -2.67401e-07-0j -2.5472e-07-0j -1.24787e-06-0j -2.52108e-07-0j -2.70172e-07-0j -2.22834e-08-0j -1.78267e-07-0j -2.5472e-07-0j -1.48556e-08-0j -2.25143e-08-0j -8.30452e-10-0j -3.45213e-08-0j -2.57306e-08-0j -1.80114e-07-0j -1.50095e-08-0j -8.39058e-10-0j -1.11417e-08-0j -3.4879e-08-0j -2.59973e-08-0j -1.6609e-09-0j -1.12572e-08-0j -1.31306e-09-0j -1.67812e-09-0j -5.23136e-11-0j -1.32667e-09-0j -8.47577e-11-0j -5.28557e-11-0j -8.5636e-11-0j -3.2696e-12-0j -3.30348e-12-0j -7.03506e-14-0j -7.10796e-14-0j 
-0.143918-0j -0.00271319-0j 4.40618e-05-0j -0.000604562-0j 3.94101e-05-0j 2.69822e-05-0j -0.000327649-0j -8.30734e-05-0j -0.000299101-0j 3.89455e-06-0j 3.67182e-06-0j -7.55703e-05-0j -5.03802e-05-0j -8.95289e-06-0j -3.05269e-05-0j 1.62273e-07-0j -1.09459e-05-0j -4.45302e-06-0j -8.35009e-07-0j -9.13751e-07-0j -7.23643e-08-0j -2.63416e-09-0j 0.000355924-0j 0.986454-0j 4.11902e-05-0j -0.000565161-0j 3.63263e-05-0j 3.44622e-05-0j -0.000302011-0j -7.65731e-05-0j -0.000270127-0j -0.000184943-0j 3.51728e-06-0j -6.82497e-05-0j 4.54079e-06-0j -8.08561e-06-0j 1.74775e-06-0j -6.23032e-05-0j -2.66943e-05-0j -2.51676e-05-0j -9.57163e-06-0j 2.67569e-07-0j -6.38109e-06-0j -7.30174e-07-0j -6.35879e-06-0j -1.11226e-06-0j -1.06537e-06-0j -5.64014e-07-0j -5.966e-08-0j -7.45231e-08-0j -4.65288e-09-0j -1.44007e-10-0j 0.000238611-0j 0.000241084-0j -0.00170736-0j -0.00172505-0j -0.0104809-0j -0.0105895-0j 0.143806-0j 0.145296-0j 2.37662e-05-0j 2.40125e-05-0j -0.000197589-0j 2.22313e-05-0j -0.000199636-0j -5.00973e-05-0j 1.54023e-05-0j 2.24616e-05-0j -5.06165e-05-0j 1.55619e-05-0j -0.000174257-0j 2.26897e-06-0j -0.000176062-0j -0.000165314-0j 2.29248e-06-0j -4.40273e-05-0j -0.000167028-0j -4.44836e-05-0j -5.21596e-06-0j 2.87004e-06-0j -5.27001e-06-0j 1.96498e-06-0j 2.89979e-06-0j -3.93792e-05-0j 1.85261e-06-0j 1.98535e-06-0j -2.69611e-05-0j -1.68723e-05-0j -3.97873e-05-0j 1.8718e-06-0j -2.72405e-05-0j -1.70472e-05-0j -6.04983e-06-0j -2.17821e-05-0j -6.11252e-06-0j -4.61513e-07-0j -8.38393e-06-0j 1.63749e-07-0j -2.20078e-05-0j -5.52271e-06-0j -4.66295e-07-0j 1.89081e-07-0j -8.47081e-06-0j 1.65446e-07-0j -3.8915e-06-0j -5.57994e-06-0j 1.9104e-07-0j -3.66894e-06-0j -3.93183e-06-0j -6.51995e-07-0j -1.28352e-06-0j -3.70696e-06-0j -4.34663e-07-0j -6.58752e-07-0j -3.65112e-08-0j 5.28497e-09-0j -5.6366e-07-0j -1.29682e-06-0j -4.39168e-07-0j -3.68896e-08-0j -1.62146e-07-0j 5.33974e-09-0j -5.69501e-07-0j -6.08096e-08-0j -1.63826e-07-0j -3.84192e-08-0j -6.14398e-08-0j -2.68466e-09-0j -3.88173e-08-0j -3.72641e-09-0j -2.71248e-09-0j -3.76503e-09-0j -1.91833e-10-0j -1.93821e-10-0j -5.16217e-12-0j -5.21566e-12-0j 
0.000282624-0j -0.0146739-0j -0.00316824-0j 4.80754e-06-0j 2.97912e-05-0j 2.03967e-05-0j -0.000500943-0j 4.38866e-07-0j 4.80754e-06-0j -0.000563016-0j -0.00026402-0j -5.71621e-05-0j 4.00628e-07-0j 3.54109e-08-0j -9.38359e-05-0j -4.70406e-05-0j -5.50042e-06-0j -1.01757e-05-0j 2.63937e-09-0j -6.91167e-07-0j -1.81186e-08-0j 5.19577e-12-0j 0.000269053-0j 4.11902e-05-0j 0.996576-0j -0.00151222-0j 2.74601e-05-0j 2.6051e-05-0j -0.000461745-0j 4.04526e-07-0j 4.34183e-06-0j 2.97264e-06-0j -0.000508475-0j -5.16247e-05-0j -0.000326503-0j 3.19806e-08-0j 1.32118e-06-0j 4.95441e-07-0j -8.20549e-05-0j -3.84788e-05-0j -4.80985e-06-0j -5.81227e-05-0j 3.37105e-08-0j 2.308e-09-0j -9.67026e-06-0j -6.85578e-06-0j -4.00821e-07-0j -8.56228e-07-0j 1.57039e-10-0j -4.50487e-08-0j -9.98067e-10-0j 2.52414e-13-0j 0.000180373-0j 0.000182242-0j 2.74429e-05-0j 2.77273e-05-0j -0.00195779-0j -0.00197808-0j 2.97078e-06-0j 3.00156e-06-0j -0.00604508-0j -0.00610772-0j 0.101649-0j 1.68053e-05-0j 0.102702-0j -8.90524e-05-0j 1.1643e-05-0j 1.69794e-05-0j -8.99752e-05-0j 1.17637e-05-0j 2.80088e-06-0j -0.000328013-0j 2.8299e-06-0j 2.65714e-06-0j -0.000331413-0j -3.33027e-05-0j 2.68468e-06-0j -3.36478e-05-0j 2.06304e-08-0j -0.000206369-0j 2.08442e-08-0j -0.000141291-0j -0.000208508-0j 3.13147e-07-0j 1.40044e-06-0j -0.000142755-0j 2.14397e-07-0j -5.18635e-05-0j 3.16393e-07-0j 1.41495e-06-0j 2.16619e-07-0j -5.24009e-05-0j -3.0401e-06-0j -3.33027e-05-0j -3.07161e-06-0j 1.45879e-09-0j 1.34757e-07-0j -3.55704e-05-0j -3.36478e-05-0j 2.91758e-08-0j 1.47391e-09-0j -2.73344e-05-0j 1.36154e-07-0j -3.5939e-05-0j -5.91808e-06-0j 2.94781e-08-0j -2.76177e-05-0j -2.77522e-06-0j -5.97941e-06-0j -2.45297e-07-0j -5.9284e-06-0j -2.80398e-06-0j 1.7192e-09-0j -2.47839e-07-0j 9.61062e-11-0j -1.91604e-06-0j -5.69468e-07-0j -5.98983e-06-0j 1.73702e-09-0j 9.71021e-11-0j -4.94463e-07-0j -1.9359e-06-0j -5.75369e-07-0j -1.82834e-08-0j -4.99587e-07-0j -4.36668e-08-0j -1.84729e-08-0j 6.05412e-12-0j -4.41193e-08-0j -1.87585e-09-0j 6.11686e-12-0j -1.89529e-09-0j -3.5992e-11-0j -3.6365e-11-0j 8.1415e-15-0j 8.22587e-15-0j 
-4.07933e-05-0j -0.201337-0j -4.80754e-06-0j -0.00306893-0j -4.29999e-06-0j -2.944e-06-0j 7.2259e-05-0j -0.000858589-0j 6.59632e-05-0j -4.2493e-07-0j -4.00628e-07-0j -0.000383616-0j -0.000255744-0j -0.000139531-0j 6.73234e-06-0j -1.77054e-08-0j -0.000113129-0j -2.26048e-05-0j -1.73941e-05-0j -1.42408e-05-0j -1.88692e-06-0j -9.6307e-08-0j -3.88345e-05-0j 0.000565161-0j 0.00151222-0j 0.965337-0j -3.96353e-06-0j -3.76013e-06-0j 6.66049e-05-0j -0.000791406-0j 5.95732e-05-0j 4.0787e-05-0j -3.83767e-07-0j -0.000346455-0j -4.95441e-07-0j -0.000126015-0j -1.90695e-07-0j -0.000316269-0j 5.8871e-06-0j 5.55041e-06-0j -9.89258e-05-0j -2.91941e-08-0j -6.59505e-05-0j -1.52103e-05-0j -3.2279e-05-0j 2.45296e-07-0j -1.66039e-05-0j -5.82926e-06-0j -1.55565e-06-0j -1.5524e-06-0j -1.45721e-07-0j -6.0199e-09-0j -2.60346e-05-0j -2.63044e-05-0j 0.000376537-0j 0.00038044-0j -2.97078e-06-0j -3.00156e-06-0j -0.00189642-0j -0.00191607-0j 0.000872531-0j 0.000881573-0j -0.0146624-0j -2.42563e-06-0j -0.0148144-0j 0.17422-0j -1.68053e-06-0j -2.45077e-06-0j 0.176026-0j -1.69794e-06-0j 3.84302e-05-0j -2.47565e-07-0j 3.88284e-05-0j 3.64581e-05-0j -2.5013e-07-0j -0.000223495-0j 3.68359e-05-0j -0.000225811-0j -8.12909e-05-0j -3.13147e-07-0j -8.21333e-05-0j -2.14397e-07-0j -3.16393e-07-0j -0.0001999-0j -2.02136e-07-0j -2.16619e-07-0j -0.000136862-0j 3.72099e-06-0j -0.000201972-0j -2.04231e-07-0j -0.000138281-0j 3.75955e-06-0j -6.25269e-05-0j 4.80377e-06-0j -6.31748e-05-0j -9.6138e-06-0j 1.84897e-06-0j -1.78665e-08-0j 4.85356e-06-0j -5.70789e-05-0j -9.71343e-06-0j -2.06304e-08-0j 1.86813e-06-0j -1.80516e-08-0j -1.97544e-05-0j -5.76705e-05-0j -2.08442e-08-0j -1.86246e-05-0j -1.99591e-05-0j -1.01614e-05-0j 2.83065e-07-0j -1.88176e-05-0j -6.77424e-06-0j -1.02667e-05-0j -9.52039e-07-0j -5.76637e-10-0j -5.8256e-06-0j 2.85999e-07-0j -6.84445e-06-0j -9.61905e-07-0j -8.23099e-07-0j -5.82613e-10-0j -5.88597e-06-0j -1.26673e-06-0j -8.31628e-07-0j -5.98764e-07-0j -1.27986e-06-0j -8.40791e-08-0j -6.04969e-07-0j -9.7167e-08-0j -8.49504e-08-0j -9.8174e-08-0j -7.01357e-09-0j -7.08625e-09-0j -2.42852e-10-0j -2.45369e-10-0j 
0.000249251-0j 3.84603e-05-0j -0.00846245-0j -0.00122145-0j -0.00376423-0j 1.79882e-05-0j 4.64452e-06-0j 3.87044e-07-0j -0.000607451-0j 2.59637e-06-0j -0.000703871-0j 5.29981e-07-0j -0.000101595-0j 3.12295e-08-0j -6.19977e-05-0j 1.08182e-07-0j -7.3065e-06-0j 3.12295e-08-0j -3.33494e-07-0j 3.18734e-09-0j 1.67988e-10-0j 4.58224e-12-0j 0.000237283-0j 3.63263e-05-0j 2.74601e-05-0j 3.96353e-06-0j 0.999575-0j 2.29748e-05-0j -0.00123333-0j -0.000102778-0j -0.000548606-0j 2.62163e-06-0j 2.34485e-06-0j 4.78641e-07-0j -0.000433711-0j 2.82042e-08-0j -0.000503137-0j -6.26008e-05-0j 3.78399e-07-0j -0.000102583-0j 4.45948e-08-0j -2.55567e-05-0j -8.54862e-06-0j 2.03546e-09-0j -6.38917e-06-0j 1.57666e-08-0j -5.32431e-07-0j 2.62777e-09-0j -1.98425e-08-0j 2.07744e-10-0j 9.25364e-12-0j 2.22608e-13-0j 0.000159074-0j 0.000160722-0j 2.42023e-05-0j 2.44531e-05-0j 1.81518e-05-0j 1.83399e-05-0j 2.61998e-06-0j 2.64713e-06-0j -0.00227002-0j -0.00229354-0j 2.80088e-06-0j -0.0042697-0j 2.8299e-06-0j 2.33406e-07-0j 1.02682e-05-0j -0.00431395-0j 2.35825e-07-0j 1.03746e-05-0j 0.101955-0j -0.000435775-0j 0.103011-0j 2.34338e-06-0j -0.000440291-0j -8.89522e-05-0j 2.36767e-06-0j -8.9874e-05-0j -5.24156e-06-0j -0.000274131-0j -5.29587e-06-0j 1.30999e-06-0j -0.000276971-0j -3.95674e-05-0j -0.000355136-0j 1.32357e-06-0j 1.89081e-07-0j 2.3917e-07-0j -3.99774e-05-0j -0.000358817-0j 1.9104e-07-0j 2.41649e-07-0j 2.81865e-08-0j -4.42376e-05-0j 2.84786e-08-0j 1.28653e-09-0j -5.13189e-05-0j 1.09166e-07-0j -4.46961e-05-0j -3.68647e-06-0j 1.29986e-09-0j -3.62459e-05-0j -5.18507e-05-0j 1.10297e-07-0j 2.72915e-08-0j -3.72467e-06-0j -3.66216e-05-0j -7.39867e-06-0j 2.75743e-08-0j 2.27429e-09-0j -2.60673e-06-0j -7.47534e-06-0j -4.35971e-07-0j 2.29786e-09-0j 8.47577e-11-0j 3.52331e-09-0j -3.76249e-07-0j -2.63374e-06-0j -4.40489e-07-0j 8.5636e-11-0j 1.13714e-09-0j 3.55982e-09-0j -3.80148e-07-0j -2.42868e-08-0j 1.14893e-09-0j 1.34014e-10-0j -2.45384e-08-0j -7.64961e-10-0j 1.35402e-10-0j 8.65055e-12-0j -7.72888e-10-0j 8.74019e-12-0j 3.33702e-13-0j 3.3716e-13-0j 7.18013e-15-0j 7.25453e-15-0j 
0.000236461-0j 3.64867e-05-0j 2.78671e-05-0j 4.02228e-06-0j -0.00597593-0j -0.00655241-0j -0.0010564-0j -8.80337e-05-0j -0.000770198-0j -0.000471648-0j 2.32226e-06-0j -9.62748e-05-0j 3.3519e-07-0j -5.67304e-06-0j 4.10522e-07-0j 1.0263e-07-0j 4.83805e-08-0j 2.96269e-08-0j 2.20826e-09-0j 3.02378e-09-0j 1.59367e-10-0j 4.34709e-12-0j 0.000225106-0j 3.44622e-05-0j 2.6051e-05-0j 3.76013e-06-0j 2.29748e-05-0j 1.00062-0j 4.06141e-06-0j 3.3845e-07-0j -0.000870942-0j -0.00095496-0j -0.000533341-0j -0.000108868-0j -0.00054991-0j -6.4151e-06-0j 1.10537e-06-0j -7.93727e-05-0j -6.87388e-05-0j 3.3845e-07-0j -8.10095e-06-0j 1.69225e-07-0j 2.82042e-08-0j -3.69756e-07-0j 4.23063e-08-0j 1.49575e-08-0j 3.52553e-09-0j 2.49292e-09-0j 1.31389e-10-0j 1.97083e-10-0j 8.77877e-12-0j 2.11184e-13-0j 0.000150911-0j 0.000152475-0j 2.29604e-05-0j 2.31983e-05-0j 1.72203e-05-0j 1.73987e-05-0j 2.48553e-06-0j 2.51129e-06-0j 1.50311e-05-0j 1.51868e-05-0j 2.65714e-06-0j -0.00269231-0j 2.68468e-06-0j 2.21429e-07-0j -0.00468077-0j -0.00272021-0j 2.23723e-07-0j -0.00472928-0j 2.34338e-06-0j 1.43502e-06-0j 2.36767e-06-0j 0.102062-0j 1.44989e-06-0j 2.92923e-07-0j 0.103119-0j 2.95958e-07-0j 1.72606e-08-0j -0.000435198-0j 1.74395e-08-0j -0.00047718-0j -0.000439708-0j -6.28154e-05-0j -0.000224359-0j -0.000482125-0j -6.8875e-05-0j -5.43997e-05-0j -6.34663e-05-0j -0.000226684-0j -6.95888e-05-0j -5.49634e-05-0j -6.41107e-06-0j -5.60897e-05-0j -6.4775e-06-0j -2.92624e-07-0j 1.12746e-07-0j -1.98307e-05-0j -5.6671e-05-0j -4.67415e-06-0j -2.95656e-07-0j 1.19585e-07-0j 1.13914e-07-0j -2.00362e-05-0j -4.95768e-06-0j -4.72258e-06-0j 1.20824e-07-0j 2.44102e-08-0j -5.00906e-06-0j -4.1314e-07-0j 1.72606e-08-0j 2.46632e-08-0j 1.43839e-09-0j -4.17421e-07-0j -1.53968e-08-0j 3.34251e-09-0j 2.49136e-09-0j 1.74395e-08-0j 1.45329e-09-0j -1.55564e-08-0j 1.07879e-09-0j 3.37715e-09-0j 2.51718e-09-0j 1.60816e-10-0j 1.08997e-09-0j 1.27137e-10-0j 1.62483e-10-0j 5.06524e-12-0j 1.28454e-10-0j 8.20663e-12-0j 5.11773e-12-0j 8.29167e-12-0j 3.16578e-13-0j 3.19858e-13-0j 6.81167e-15-0j 6.88225e-15-0j 
-4.40618e-05-0j 0.000319753-0j -0.142297-0j -0.0205258-0j -4.64452e-06-0j -3.17989e-06-0j -0.00367297-0j 9.7903e-06-0j 3.52494e-05-0j 8.77755e-05-0j 4.11614e-05-0j -0.00084715-0j 5.93736e-06-0j 1.05511e-06-0j -0.000688016-0j 7.33375e-06-0j -0.000122704-0j -0.000150806-0j 9.84068e-08-0j -2.05941e-05-0j -8.1121e-07-0j 3.10438e-10-0j -4.1946e-05-0j 0.000302011-0j 0.000461745-0j 6.66049e-05-0j 0.00123333-0j -4.06141e-06-0j 0.975341-0j -0.00259977-0j 3.18348e-05-0j 2.17958e-05-0j 7.92725e-05-0j -0.000765085-0j 5.09026e-05-0j 9.52898e-07-0j -2.05974e-07-0j 7.3425e-06-0j -0.000601636-0j -0.000282131-0j -0.000107299-0j 9.06147e-06-0j 7.52018e-07-0j 8.60519e-08-0j -0.000143315-0j -5.02674e-05-0j -1.19429e-05-0j -1.91009e-05-0j 7.031e-09-0j -1.6796e-06-0j -5.21592e-08-0j 1.69713e-11-0j -2.81206e-05-0j -2.8412e-05-0j 0.000201214-0j 0.000203299-0j 0.000305224-0j 0.000308387-0j 4.40273e-05-0j 4.44836e-05-0j -2.80088e-06-0j -2.8299e-06-0j -0.00221498-0j 0.000754784-0j -0.00223794-0j 5.90403e-06-0j -1.81518e-06-0j 0.000762606-0j 5.96521e-06-0j -1.83399e-06-0j -0.00591627-0j -0.0147323-0j -0.00597758-0j 1.94825e-05-0j -0.0148849-0j 0.142186-0j 1.96844e-05-0j 0.143659-0j -0.00017709-0j 3.21734e-05-0j -0.000178925-0j 2.20276e-05-0j 3.25068e-05-0j 4.64089e-06-0j -2.18332e-07-0j 2.22559e-05-0j 3.1774e-06-0j -0.000380269-0j 4.68898e-06-0j -2.20594e-07-0j 3.21033e-06-0j -0.00038421-0j -6.78191e-05-0j -0.000244179-0j -6.85219e-05-0j 5.43898e-08-0j 9.88055e-07-0j 5.54551e-06-0j -0.000246709-0j 6.50858e-07-0j 5.49534e-08-0j 4.26151e-06-0j 9.98295e-07-0j 5.60297e-06-0j -8.77067e-05-0j 6.57603e-07-0j 4.30567e-06-0j -4.11292e-05-0j -8.86156e-05-0j -7.30892e-06-0j -4.34677e-05-0j -4.15554e-05-0j 5.12256e-08-0j -7.38466e-06-0j 4.30289e-09-0j 2.98716e-07-0j -1.27038e-05-0j -4.39181e-05-0j 5.17564e-08-0j 4.34748e-09-0j -7.328e-06-0j 3.01812e-07-0j -1.28354e-05-0j -6.81681e-07-0j -7.40394e-06-0j -1.3011e-06-0j -6.88745e-07-0j 3.1639e-10-0j -1.31459e-06-0j -8.39859e-08-0j 3.19668e-10-0j -8.48562e-08-0j -2.15046e-09-0j -2.17275e-09-0j 6.08368e-13-0j 6.14672e-13-0j 
3.67182e-06-0j -8.10713e-05-0j -0.000124664-0j -0.24389-0j 3.87044e-07-0j 2.64991e-07-0j -9.7903e-06-0j -0.00355621-0j -8.93728e-06-0j 3.82481e-08-0j 3.60607e-08-0j 0.000105823-0j 7.05484e-05-0j -0.00118544-0j -9.12157e-07-0j 1.59367e-09-0j -0.000468572-0j 6.23565e-06-0j -0.000223242-0j -0.000120988-0j -3.2392e-05-0j -2.48698e-06-0j 3.4955e-06-0j -7.65731e-05-0j 4.04526e-07-0j 0.000791406-0j -0.000102778-0j 3.3845e-07-0j 0.00259977-0j 0.944335-0j -8.07151e-06-0j -5.52618e-06-0j 3.4543e-08-0j 9.55714e-05-0j 4.45948e-08-0j -0.0010706-0j 1.71645e-08-0j 8.72443e-05-0j -7.97636e-07-0j -7.52018e-07-0j -0.000409743-0j 2.62777e-09-0j -0.000273162-0j -0.000195214-0j 8.90434e-06-0j -3.32348e-08-0j -0.000141064-0j -2.41443e-05-0j -2.67053e-05-0j -1.99239e-05-0j -3.1324e-06-0j -1.81499e-07-0j 2.34338e-06-0j 2.36767e-06-0j -5.10166e-05-0j -5.15453e-05-0j 2.67401e-07-0j 2.70172e-07-0j 0.000523137-0j 0.000528558-0j 2.33406e-07-0j 2.35825e-07-0j -5.90403e-06-0j -6.28987e-05-0j -5.96521e-06-0j -0.00214457-0j 1.51265e-07-0j -6.35505e-05-0j -0.00216679-0j 1.52832e-07-0j 0.00150003-0j -6.41957e-06-0j 0.00151558-0j -4.93966e-06-0j -6.48609e-06-0j -0.0177613-0j -4.99085e-06-0j -0.0179453-0j 0.198964-0j 2.81865e-08-0j 0.201026-0j 1.9298e-08-0j 2.84786e-08-0j 5.51435e-05-0j 1.81943e-08-0j 1.9498e-08-0j 3.77542e-05-0j -5.04152e-07-0j 5.5715e-05-0j 1.83828e-08-0j 3.81454e-05-0j -5.09377e-07-0j -0.000258981-0j -6.50858e-07-0j -0.000261665-0j -0.000123387-0j -2.50515e-07-0j 1.60816e-09-0j -6.57603e-07-0j -0.000236416-0j -0.000124665-0j 1.85695e-09-0j -2.53111e-07-0j 1.62483e-09-0j 5.44935e-06-0j -0.000238866-0j 1.87619e-09-0j 5.13769e-06-0j 5.50582e-06-0j -8.63297e-05-0j -3.83522e-08-0j 5.19093e-06-0j -5.75531e-05-0j -8.72243e-05-0j -1.63433e-05-0j 5.19033e-11-0j -2.41291e-05-0j -3.87496e-08-0j -5.81496e-05-0j -1.65127e-05-0j 2.27056e-07-0j 5.24412e-11-0j -2.43792e-05-0j -1.62576e-05-0j 2.29409e-07-0j -5.08703e-06-0j -1.64261e-05-0j -1.80736e-06-0j -5.13974e-06-0j -1.66803e-06-0j -1.82609e-06-0j -1.68532e-06-0j -1.81114e-07-0j -1.82991e-07-0j -8.37249e-09-0j -8.45925e-09-0j 
-3.94101e-05-0j 0.000285996-0j -4.64452e-06-0j 6.37265e-05-0j -0.142697-0j -2.84418e-06-0j -0.00828048-0j -0.00209947-0j -0.00451708-0j -4.10522e-07-0j 0.000111292-0j 7.96581e-06-0j -0.00152701-0j 9.43718e-07-0j -0.000461022-0j -1.71051e-08-0j -0.000165307-0j 4.6939e-07-0j -1.26104e-05-0j 9.63178e-08-0j 7.62787e-09-0j 2.77664e-10-0j -3.75177e-05-0j 0.000270127-0j -4.34183e-06-0j 5.95732e-05-0j 0.000548606-0j 0.000870942-0j 3.18348e-05-0j 8.07151e-06-0j 0.978081-0j 1.94947e-05-0j 8.88902e-05-0j -0.00172483-0j 6.85757e-05-0j -0.000204343-0j 7.95529e-05-0j -0.000940913-0j 2.81382e-06-0j -0.000762823-0j 1.00894e-06-0j 4.04086e-06-0j -0.000193409-0j 7.69671e-08-0j -9.60315e-05-0j 1.17243e-07-0j -1.60894e-05-0j 5.94523e-08-0j -9.00995e-07-0j 7.85542e-09-0j 4.90457e-10-0j 1.51796e-11-0j -2.51518e-05-0j -2.54125e-05-0j 0.000179972-0j 0.000181837-0j -2.87004e-06-0j -2.89979e-06-0j 3.93792e-05-0j 3.97873e-05-0j 0.000358921-0j 0.000362641-0j 2.08277e-05-0j -2.34338e-06-0j 2.10435e-05-0j 5.28072e-06-0j 0.000780129-0j -2.36767e-06-0j 5.33545e-06-0j 0.000788213-0j -0.00263165-0j -2.3917e-07-0j -0.00265892-0j -0.00417789-0j -2.41649e-07-0j 4.64089e-06-0j -0.00422119-0j 4.68898e-06-0j 5.49811e-07-0j -0.0103919-0j 5.55508e-07-0j -2.07128e-07-0j -0.0104996-0j 0.142585-0j 5.6152e-05-0j -2.09274e-07-0j 2.84195e-06-0j -0.000426405-0j 0.144063-0j 5.67339e-05-0j 2.8714e-06-0j -0.000430823-0j -0.000152894-0j -0.000328957-0j -0.000154478-0j -1.16635e-05-0j -0.000381614-0j -1.72606e-08-0j -0.000332366-0j -8.34049e-05-0j -1.17844e-05-0j 5.73099e-06-0j -0.000385568-0j -1.74395e-08-0j 4.102e-07-0j -8.42692e-05-0j 5.79038e-06-0j -0.000111205-0j 4.14451e-07-0j 6.87263e-08-0j -1.9384e-05-0j -0.000112357-0j -1.31745e-05-0j 6.94385e-08-0j 3.84862e-09-0j -5.57084e-10-0j -8.51248e-06-0j -1.95848e-05-0j -1.33111e-05-0j 3.8885e-09-0j 1.70917e-08-0j -5.62858e-10-0j -8.60069e-06-0j -9.18357e-07-0j 1.72688e-08-0j 4.04974e-09-0j -9.27874e-07-0j -4.05441e-08-0j 4.0917e-09-0j 3.92798e-10-0j -4.09643e-08-0j 3.96869e-10-0j 2.02209e-11-0j 2.04305e-11-0j 5.4414e-13-0j 5.49779e-13-0j 
-2.69822e-05-0j 0.000195808-0j -3.17989e-06-0j 4.36305e-05-0j -2.84418e-06-0j -0.142795-0j 2.3646e-05-0j 5.99531e-06-0j -0.00828821-0j 0.00010792-0j -2.64991e-07-0j -0.00209408-0j 3.63588e-06-0j -0.000248088-0j 2.20309e-06-0j -1.1711e-08-0j 7.89951e-07-0j 3.21369e-07-0j 6.02616e-08-0j 6.59443e-08-0j 5.22244e-09-0j 1.90104e-10-0j -2.56866e-05-0j 0.000184943-0j -2.97264e-06-0j 4.0787e-05-0j -2.62163e-06-0j 0.00095496-0j 2.17958e-05-0j 5.52618e-06-0j 1.94947e-05-0j 0.978753-0j -2.53838e-07-0j 4.9255e-06-0j 0.000125827-0j 5.83529e-07-0j -1.26133e-07-0j -0.00172644-0j -0.000739708-0j 1.81631e-06-0j -0.000265234-0j -1.93101e-08-0j 4.60515e-07-0j -2.02334e-05-0j 4.58906e-07-0j 8.02705e-08-0j 7.68867e-08-0j 4.07042e-08-0j 4.30559e-09-0j 5.37824e-09-0j 3.35793e-10-0j 1.03928e-11-0j -1.72203e-05-0j -1.73987e-05-0j 0.000123218-0j 0.000124495-0j -1.96498e-06-0j -1.98535e-06-0j 2.69611e-05-0j 2.72405e-05-0j -1.71518e-06-0j -1.73295e-06-0j 1.42597e-05-0j 0.000616037-0j 1.44075e-05-0j 3.61546e-06-0j -1.11156e-06-0j 0.000622421-0j 3.65293e-06-0j -1.12308e-06-0j 1.25759e-05-0j -1.63749e-07-0j 1.27062e-05-0j -0.00458093-0j -1.65446e-07-0j 3.1774e-06-0j -0.0046284-0j 3.21033e-06-0j 3.7643e-07-0j -2.07128e-07-0j 3.8033e-07-0j -0.0103991-0j -2.09274e-07-0j 2.84195e-06-0j 5.13364e-05-0j -0.0105068-0j 0.142683-0j 1.21766e-06-0j 2.8714e-06-0j 5.18684e-05-0j 0.144162-0j 1.23027e-06-0j 4.36609e-07-0j -0.00060359-0j 4.41133e-07-0j 3.33068e-08-0j 6.05058e-07-0j 4.53754e-06-0j -0.000609845-0j -0.000153036-0j 3.3652e-08-0j -1.36457e-08-0j 6.11328e-07-0j 4.58456e-06-0j -0.000107835-0j -0.000154622-0j -1.37871e-08-0j 2.64783e-07-0j -0.000108953-0j -1.8067e-05-0j 9.26302e-08-0j 2.67527e-07-0j 3.13691e-08-0j -1.82543e-05-0j -1.01174e-06-0j -3.8141e-10-0j 4.06786e-08-0j 9.35901e-08-0j 3.16942e-08-0j -1.02222e-06-0j 1.17019e-08-0j -3.85362e-10-0j 4.11002e-08-0j 4.38856e-09-0j 1.18231e-08-0j 2.77267e-09-0j 4.43404e-09-0j 1.93748e-10-0j 2.8014e-09-0j 2.6893e-10-0j 1.95756e-10-0j 2.71717e-10-0j 1.38443e-11-0j 1.39878e-11-0j 3.72547e-13-0j 3.76408e-13-0j 
-2.41337e-05-0j -3.7239e-06-0j 0.000543925-0j -4.10522e-07-0j 0.000609916-0j -1.7417e-06-0j -0.0206194-0j 8.98491e-06-0j -4.10522e-07-0j -0.00454892-0j 4.53271e-05-0j 9.8136e-06-0j -3.42102e-08-0j -3.02378e-09-0j -0.000758153-0j -0.00115329-0j 9.44314e-07-0j -0.000165883-0j -2.25379e-10-0j -5.58432e-06-0j 3.11061e-09-0j -4.43674e-13-0j -2.29748e-05-0j -3.51728e-06-0j 0.000508475-0j -3.83767e-07-0j -2.34485e-06-0j 0.000533341-0j 7.92725e-05-0j -3.4543e-08-0j 8.88902e-05-0j -2.53838e-07-0j 0.984976-0j -0.00212494-0j 5.60541e-05-0j 6.54738e-07-0j -1.12817e-07-0j -4.23063e-08-0j -0.000662967-0j 6.60604e-06-0j 8.25756e-07-0j -0.000947503-0j -2.87858e-09-0j -1.97083e-10-0j -7.81314e-05-0j -0.000168082-0j 6.8813e-08-0j -1.3958e-05-0j -1.34098e-11-0j -3.63973e-07-0j 1.71348e-10-0j -2.15539e-14-0j -1.54023e-05-0j -1.55619e-05-0j -2.34338e-06-0j -2.36767e-06-0j 0.000336114-0j 0.000339597-0j -2.53678e-07-0j -2.56307e-07-0j -1.5341e-06-0j -1.55e-06-0j 5.18635e-05-0j -1.43502e-06-0j 5.24009e-05-0j -2.25995e-08-0j 0.000477729-0j -1.44989e-06-0j -2.28337e-08-0j 0.00048268-0j -2.3917e-07-0j -0.0026502-0j -2.41649e-07-0j 5.43997e-05-0j -0.00267767-0j 5.71741e-06-0j 5.49634e-05-0j 5.77666e-06-0j -1.76166e-09-0j -0.0084944-0j -1.77991e-09-0j 2.42569e-05-0j -0.00858243-0j 6.41107e-06-0j -1.19585e-07-0j 2.45083e-05-0j -1.83077e-08-0j 0.100466-0j 6.4775e-06-0j -1.20824e-07-0j -1.84974e-08-0j 0.101507-0j -0.000125134-0j 5.71741e-06-0j -0.000126431-0j 2.98658e-08-0j -1.15071e-08-0j -0.000579861-0j 5.77666e-06-0j -2.49136e-09-0j 3.01753e-08-0j -0.00022085-0j -1.16263e-08-0j -0.00058587-0j -4.78155e-05-0j -2.51718e-09-0j -0.000223139-0j 4.76451e-07-0j -4.8311e-05-0j 4.21127e-08-0j -9.66434e-05-0j 4.81388e-07-0j -1.46805e-10-0j 4.25491e-08-0j -8.20663e-12-0j -6.27102e-05-0j -4.60105e-06-0j -9.76449e-05-0j -1.48326e-10-0j -8.29167e-12-0j -1.21227e-05-0j -6.336e-05-0j -4.64873e-06-0j 3.13889e-09-0j -1.22483e-05-0j -7.11846e-07-0j 3.17142e-09-0j -5.16969e-13-0j -7.19223e-07-0j -1.5156e-08-0j -5.22326e-13-0j -1.53131e-08-0j 6.17912e-12-0j 6.24315e-12-0j -6.95213e-16-0j -7.02417e-16-0j 
4.92626e-06-0j -7.2259e-05-0j -5.52238e-05-0j 0.000370609-0j -0.000124499-0j 3.55522e-07-0j -0.199005-0j -0.0248589-0j -7.96581e-06-0j -9.8136e-06-0j -4.60198e-06-0j -0.00440657-0j 3.0884e-05-0j 1.685e-05-0j 0.000155481-0j -8.19938e-07-0j -0.0012995-0j -0.000784438-0j 2.10054e-06-0j -0.000328886-0j -2.16749e-05-0j 1.16302e-08-0j 4.68971e-06-0j -6.82497e-05-0j -5.16247e-05-0j 0.000346455-0j 4.78641e-07-0j -0.000108868-0j 0.000765085-0j 9.55714e-05-0j 0.00172483-0j -4.9255e-06-0j 0.00212494-0j 0.954153-0j -5.69109e-06-0j -0.00364852-0j 2.30286e-08-0j 3.81931e-05-0j 0.00013596-0j 6.37571e-05-0j -0.00113635-0j -1.0131e-06-0j 7.96428e-06-0j 1.83682e-06-0j -0.000745471-0j 1.13596e-05-0j -0.000190727-0j -0.000202288-0j 1.87863e-07-0j -3.58519e-05-0j -1.67388e-06-0j 7.26972e-10-0j 3.14398e-06-0j 3.17656e-06-0j -4.54712e-05-0j -4.59424e-05-0j -3.41251e-05-0j -3.44787e-05-0j 0.000229014-0j 0.000231388-0j 3.13147e-07-0j 3.16393e-07-0j 0.000500551-0j 2.92923e-07-0j 0.000505738-0j 6.25269e-05-0j -9.75161e-05-0j 2.95958e-07-0j 6.31748e-05-0j -9.85266e-05-0j -4.64089e-06-0j -5.71741e-06-0j -4.68898e-06-0j 0.00105558-0j -5.77666e-06-0j -0.00256727-0j 0.00106652-0j -0.00259388-0j 9.81681e-06-0j 0.000862423-0j 9.91854e-06-0j -2.46277e-06-0j 0.00087136-0j -0.00578775-0j 2.44102e-08-0j -2.48829e-06-0j 1.65277e-05-0j -0.0206033-0j -0.00584772-0j 2.46632e-08-0j 1.6699e-05-0j -0.0208168-0j 0.172202-0j 5.51806e-05-0j 0.173986-0j -0.00027835-0j -2.23285e-07-0j -6.20006e-07-0j 5.57524e-05-0j 6.89294e-06-0j -0.000281235-0j -4.76451e-07-0j -2.25599e-07-0j -6.26432e-07-0j -0.000456219-0j 6.96437e-06-0j -4.81388e-07-0j -0.000213939-0j -0.000460947-0j -0.000116723-0j 9.823e-06-0j -0.000216156-0j 8.18068e-07-0j -0.000117932-0j 1.1497e-07-0j -3.33975e-08-0j -0.00013454-0j 9.9248e-06-0j 8.26545e-07-0j 1.16161e-07-0j -3.81177e-05-0j -3.37436e-08-0j -0.000135934-0j -1.45508e-05-0j -3.85127e-05-0j -2.07785e-05-0j -1.47016e-05-0j 1.01535e-08-0j -2.09938e-05-0j -2.24403e-06-0j 1.02587e-08-0j -2.26729e-06-0j -8.05643e-08-0j -8.13992e-08-0j 2.93272e-11-0j 2.96311e-11-0j 
-3.11564e-05-0j -4.80754e-06-0j 0.000349266-0j -5.29981e-07-0j 0.000470529-0j 0.000863356-0j 5.52238e-05-0j -4.83805e-08-0j -0.0145396-0j -0.0118847-0j -0.00836909-0j -0.00120664-0j 1.26994e-05-0j 7.47489e-07-0j -0.00148207-0j 5.18574e-06-0j -8.68749e-05-0j 1.12177e-06-0j 4.16868e-08-0j 7.6194e-08-0j 1.99739e-09-0j -5.7278e-13-0j -2.96603e-05-0j -4.54079e-06-0j 0.000326503-0j -4.95441e-07-0j 0.000433711-0j 0.00054991-0j 5.09026e-05-0j -4.45948e-08-0j 6.85757e-05-0j 0.000125827-0j 5.60541e-05-0j 5.69109e-06-0j 0.987452-0j -3.52553e-09-0j 6.28921e-05-0j -0.00149837-0j -0.0017321-0j -0.00121973-0j -0.000101531-0j -0.000918002-0j 1.06858e-06-0j 4.87196e-08-0j -0.000152734-0j 7.55779e-07-0j -6.33065e-06-0j 9.43903e-08-0j 2.48031e-09-0j 4.96615e-09-0j 1.10027e-10-0j -2.7826e-14-0j -1.98842e-05-0j -2.00903e-05-0j -3.02529e-06-0j -3.05664e-06-0j 0.000215826-0j 0.000218063-0j -3.27497e-07-0j -3.30891e-07-0j 0.000283752-0j 0.000286693-0j 3.33027e-05-0j 0.000354743-0j 3.36478e-05-0j -2.91758e-08-0j -1.28352e-06-0j 0.000358419-0j -2.94781e-08-0j -1.29682e-06-0j 4.42376e-05-0j 3.61601e-05-0j 4.46961e-05-0j 5.60897e-05-0j 3.65348e-05-0j 3.67127e-06-0j 5.6671e-05-0j 3.70932e-06-0j -2.27429e-09-0j -0.00325944-0j -2.29786e-09-0j -0.00598062-0j -0.00329322-0j 4.94592e-06-0j -0.00850033-0j -0.0060426-0j 9.07508e-06-0j 5.71741e-06-0j 4.99717e-06-0j -0.00858841-0j 9.16912e-06-0j 5.77666e-06-0j 3.3514e-07-0j 0.100718-0j 3.38613e-07-0j -1.60816e-10-0j 6.41487e-06-0j -0.000750856-0j 0.101762-0j -8.82371e-05-0j -1.62483e-10-0j -0.000866466-0j 6.48134e-06-0j -0.000758637-0j -0.000124925-0j -8.91515e-05-0j -0.000875445-0j -8.79709e-05-0j -0.00012622-0j -5.17799e-06-0j -9.36344e-05-0j -8.88825e-05-0j 5.44964e-08-0j -5.23165e-06-0j 2.02871e-09-0j 2.11224e-07-0j -8.9943e-06-0j -9.46047e-05-0j 5.50611e-08-0j 2.04973e-09-0j 5.45094e-08-0j 2.13413e-07-0j -9.0875e-06-0j -2.88772e-07-0j 5.50743e-08-0j 4.81381e-09-0j -2.91764e-07-0j 9.56201e-11-0j 4.86369e-09-0j 2.06793e-10-0j 9.6611e-11-0j 2.08936e-10-0j 3.96775e-12-0j 4.00887e-12-0j -8.97516e-16-0j -9.06817e-16-0j 
-2.90283e-07-0j 8.5606e-06-0j -3.42102e-08-0j -0.0001348-0j 7.33615e-06-0j -2.09494e-08-0j -0.000247857-0j -0.278473-0j 9.43718e-07-0j -3.02378e-09-0j -2.85085e-09-0j -1.685e-05-0j -1.12333e-05-0j -0.00426447-0j 9.63178e-08-0j -1.25991e-10-0j 0.00015304-0j -9.92895e-07-0j -0.00165987-0j -0.00043524-0j -0.000364494-0j -4.69214e-05-0j -2.76344e-07-0j 8.08561e-06-0j -3.19806e-08-0j -0.000126015-0j -2.82042e-08-0j 6.4151e-06-0j 9.52898e-07-0j 0.0010706-0j -0.000204343-0j 5.83529e-07-0j 6.54738e-07-0j 0.00364852-0j -3.52553e-09-0j 0.923384-0j -1.35698e-09-0j -1.38918e-05-0j 8.42251e-08-0j 7.94082e-08-0j 0.000133825-0j -2.07744e-10-0j 8.9217e-05-0j -0.00145147-0j -1.41783e-06-0j 3.50938e-09-0j -0.000507462-0j 7.88574e-06-0j -0.000300503-0j -0.00014814-0j -4.71793e-05-0j -4.11452e-06-0j -1.85261e-07-0j -1.8718e-07-0j 5.38702e-06-0j 5.44285e-06-0j -2.11399e-08-0j -2.13589e-08-0j -8.32984e-05-0j -8.41616e-05-0j -1.84524e-08-0j -1.86436e-08-0j 6.23427e-07-0j -1.72606e-08-0j 6.29887e-07-0j 0.000700434-0j 5.74619e-06-0j -1.74395e-08-0j 0.000707693-0j 5.80574e-06-0j 5.49811e-07-0j -1.76166e-09-0j 5.55508e-07-0j -0.000125055-0j -1.77991e-09-0j -9.81681e-06-0j -0.000126351-0j -9.91854e-06-0j -0.00248448-0j 5.34256e-07-0j -0.00251023-0j -1.52564e-09-0j 5.39792e-07-0j 0.00210515-0j -1.43839e-09-0j -1.54145e-09-0j -6.01155e-06-0j -1.27634e-05-0j 0.00212697-0j -1.45329e-09-0j -6.07384e-06-0j -1.28957e-05-0j -0.0202798-0j 6.87263e-08-0j -0.02049-0j 0.219955-0j 2.64528e-08-0j -1.27137e-10-0j 6.94385e-08-0j 7.72156e-05-0j 0.222234-0j -1.46805e-10-0j 2.67269e-08-0j -1.28454e-10-0j -8.67692e-07-0j 7.80158e-05-0j -1.48326e-10-0j -8.18068e-07-0j -8.76684e-07-0j -0.00031056-0j 4.04974e-09-0j -8.26545e-07-0j -0.00020704-0j -0.000313779-0j -0.000183904-0j -4.10331e-12-0j 7.88079e-06-0j 4.0917e-09-0j -0.000209186-0j -0.00018581-0j -3.61538e-08-0j -4.14584e-12-0j 7.96246e-06-0j -0.00012088-0j -3.65285e-08-0j -1.82999e-05-0j -0.000122133-0j -2.72219e-05-0j -1.84896e-05-0j -1.87696e-05-0j -2.7504e-05-0j -1.89642e-05-0j -3.41706e-06-0j -3.45247e-06-0j -2.21628e-07-0j -2.23925e-07-0j 
-1.19921e-05-0j -1.85042e-06-0j -1.41328e-06-0j -2.0399e-07-0j 0.000545849-0j -8.65456e-07-0j -2.2346e-07-0j -1.86216e-08-0j 8.80859e-05-0j -1.24918e-07-0j -0.0146064-0j -2.54987e-08-0j -0.00210826-0j -1.50253e-09-0j 8.99023e-06-0j -5.20491e-09-0j 1.05951e-06-0j -1.50253e-09-0j 4.83597e-08-0j -1.53351e-10-0j -8.08231e-12-0j -2.20463e-13-0j -1.14163e-05-0j -1.74775e-06-0j -1.32118e-06-0j -1.90695e-07-0j 0.000503137-0j -1.10537e-06-0j -2.05974e-07-0j -1.71645e-08-0j 7.95529e-05-0j -1.26133e-07-0j -1.12817e-07-0j -2.30286e-08-0j 6.28921e-05-0j -1.35698e-09-0j 0.989115-0j 9.07769e-06-0j -1.82057e-08-0j -0.00212877-0j -2.14557e-09-0j 3.70595e-06-0j -0.000177397-0j -9.79313e-11-0j 9.26488e-07-0j -7.58572e-10-0j 7.72073e-08-0j -1.26429e-10-0j 2.87735e-09-0j -9.99507e-12-0j -4.45216e-13-0j -1.07102e-14-0j -7.65345e-06-0j -7.73276e-06-0j -1.16444e-06-0j -1.1765e-06-0j -8.73327e-07-0j -8.82377e-07-0j -1.26054e-07-0j -1.2736e-07-0j 0.000329173-0j 0.000332585-0j -1.34757e-07-0j -7.13068e-07-0j -1.36154e-07-0j -1.12298e-08-0j -4.94028e-07-0j -7.20458e-07-0j -1.13461e-08-0j -4.99148e-07-0j 5.13189e-05-0j -7.27772e-08-0j 5.18507e-05-0j -1.12746e-07-0j -7.35314e-08-0j -1.48556e-08-0j -1.13914e-07-0j -1.50095e-08-0j -8.75374e-10-0j 3.97515e-05-0j -8.84445e-10-0j -6.30269e-08-0j 4.01634e-05-0j 5.73763e-06-0j -0.00736964-0j -6.36801e-08-0j -9.09715e-09-0j -1.15071e-08-0j 5.79709e-06-0j -0.00744601-0j -9.19142e-09-0j -1.16263e-08-0j -1.35612e-09-0j 6.41487e-06-0j -1.37018e-09-0j -6.18983e-11-0j 0.100888-0j -5.25224e-09-0j 6.48134e-06-0j 5.34572e-07-0j -6.25397e-11-0j -0.00075216-0j 0.101933-0j -5.30667e-09-0j -1.31306e-09-0j 5.40112e-07-0j -0.000759955-0j -0.000153534-0j -1.32667e-09-0j -1.09422e-10-0j 3.78e-07-0j -0.000155125-0j -9.04708e-06-0j -1.10556e-10-0j -4.07791e-12-0j -1.69515e-10-0j 5.45595e-08-0j 3.81917e-07-0j -9.14084e-06-0j -4.12017e-12-0j -5.47109e-11-0j -1.71272e-10-0j 5.51249e-08-0j 3.5218e-09-0j -5.52778e-11-0j -6.44774e-12-0j 3.5583e-09-0j 1.10926e-10-0j -6.51455e-12-0j -4.162e-13-0j 1.12076e-10-0j -4.20513e-13-0j -1.60552e-14-0j -1.62216e-14-0j -3.45454e-16-0j -3.49034e-16-0j 
4.49704e-06-0j -6.59632e-05-0j 5.29981e-07-0j 0.000338318-0j -6.7915e-05-0j -0.000124615-0j -7.96581e-06-0j 9.46506e-05-0j -0.199494-0j -8.96987e-06-0j -1.26994e-05-0j -0.00809777-0j -0.00810675-0j -0.00294537-0j 0.000106332-0j 1.95184e-09-0j -0.00178679-0j 2.49195e-06-0j -0.000274727-0j 1.5699e-06-0j 2.08013e-07-0j 1.06169e-08-0j 4.2811e-06-0j -6.23032e-05-0j 4.95441e-07-0j 0.000316269-0j -6.26008e-05-0j -7.93727e-05-0j -7.3425e-06-0j 8.72443e-05-0j 0.000940913-0j 0.00172644-0j 4.23063e-08-0j 3.81931e-05-0j 0.00149837-0j 1.38918e-05-0j -9.07769e-06-0j 0.9565-0j 0.000124271-0j 0.000175941-0j -0.00208823-0j -4.61098e-07-0j -0.00209054-0j -0.000321075-0j -0.000509822-0j -2.70413e-08-0j -0.000262245-0j 6.42615e-07-0j -2.45703e-05-0j 1.71135e-07-0j 1.60642e-08-0j 6.63631e-10-0j 2.87004e-06-0j 2.89979e-06-0j -4.15094e-05-0j -4.19395e-05-0j 3.27497e-07-0j 3.30891e-07-0j 0.000209061-0j 0.000211227-0j -4.09561e-05-0j -4.13805e-05-0j -4.80377e-06-0j -5.12027e-05-0j -4.85356e-06-0j 5.70789e-05-0j 1.85261e-07-0j -5.17333e-05-0j 5.76705e-05-0j 1.8718e-07-0j 0.000606975-0j 2.72915e-08-0j 0.000613265-0j 0.000769595-0j 2.75743e-08-0j 2.4638e-05-0j 0.00077757-0j 2.48934e-05-0j 8.96148e-06-0j -4.94592e-06-0j 9.05435e-06-0j -9.07508e-06-0j -4.99717e-06-0j -0.00315727-0j 0.00122692-0j -9.16912e-06-0j -0.00579315-0j -4.102e-07-0j -0.00318999-0j 0.00123963-0j -0.00585318-0j -4.14451e-07-0j 6.89294e-06-0j -0.0145282-0j 6.96437e-06-0j 1.05982e-06-0j 8.80169e-05-0j -3.77143e-07-0j -0.0146787-0j 0.172625-0j 1.0708e-06-0j -6.53956e-07-0j 8.89291e-05-0j -3.81052e-07-0j -0.000416996-0j 0.174414-0j -6.60733e-07-0j -0.000590375-0j -0.000421317-0j -0.000214497-0j 4.47079e-06-0j -0.000596493-0j -0.000214735-0j -0.000216719-0j -2.00966e-05-0j 6.35683e-11-0j -9.20107e-05-0j 4.51712e-06-0j -0.00021696-0j -2.03049e-05-0j 9.07381e-08-0j 6.4227e-11-0j -9.29642e-05-0j -2.0007e-05-0j 9.16784e-08-0j 6.60076e-08-0j -2.02143e-05-0j -1.32796e-06-0j 6.66916e-08-0j 1.07117e-08-0j -1.34173e-06-0j 1.08227e-08-0j 7.73173e-10-0j 7.81186e-10-0j 2.6772e-11-0j 2.70494e-11-0j 
3.89455e-06-0j -2.82624e-05-0j -8.77755e-05-0j -6.29753e-06-0j 4.10522e-07-0j -0.00010792-0j 0.000652709-0j -8.65348e-07-0j 0.000596592-0j -0.140564-0j -7.31462e-06-0j -0.0288265-0j -5.24794e-07-0j 1.78576e-05-0j -0.00575397-0j 0.000186111-0j 2.18053e-05-0j -0.00254469-0j -8.69801e-09-0j -0.000172232-0j 1.44157e-07-0j -2.74391e-11-0j 3.70754e-06-0j -2.66943e-05-0j -8.20549e-05-0j -5.8871e-06-0j 3.78399e-07-0j -6.87388e-05-0j 0.000601636-0j -7.97636e-07-0j -2.81382e-06-0j 0.000739708-0j 0.000662967-0j 0.00013596-0j 0.0017321-0j -8.42251e-08-0j 1.82057e-08-0j 0.000124271-0j 0.96346-0j 5.01363e-05-0j -0.00365113-0j 0.000152903-0j -6.64697e-08-0j 1.45642e-06-0j -0.00119856-0j -0.00127565-0j 2.12233e-06-0j -0.000322307-0j -6.21459e-10-0j -1.40467e-05-0j 9.269e-09-0j -1.50007e-12-0j 2.48553e-06-0j 2.51129e-06-0j -1.7785e-05-0j -1.79693e-05-0j -5.42401e-05-0j -5.48022e-05-0j -3.8915e-06-0j -3.93183e-06-0j 2.47565e-07-0j 2.5013e-07-0j 0.000393616-0j -4.43428e-05-0j 0.000397695-0j -5.21847e-07-0j 1.6044e-07-0j -4.48024e-05-0j -5.27255e-07-0j 1.62103e-07-0j -1.81517e-06-0j 0.000427675-0j -1.83398e-06-0j 0.000329739-0j 0.000432107-0j 8.77067e-05-0j 0.000333156-0j 8.86156e-05-0j -5.43329e-08-0j -5.71741e-06-0j -5.4896e-08-0j 0.00150301-0j -5.77666e-06-0j -4.102e-07-0j -3.69524e-06-0j 0.00151859-0j 0.000107835-0j -0.00318024-0j -4.14451e-07-0j -3.73353e-06-0j 0.000108953-0j -0.0032132-0j 1.20519e-05-0j -0.00830885-0j 1.21767e-05-0j -4.80742e-09-0j -8.73326e-08-0j -0.017918-0j -0.00839495-0j 1.10157e-05-0j -4.85724e-09-0j 3.56396e-05-0j -8.82376e-08-0j -0.0181036-0j 0.140454-0j 1.11298e-05-0j 3.60089e-05-0j 7.3089e-06-0j 0.141909-0j -0.000248706-0j -0.000733471-0j 7.38464e-06-0j -4.52774e-09-0j -0.000251283-0j 7.28258e-08-0j 1.01198e-05-0j -0.000106243-0j -0.000741072-0j -4.57466e-09-0j 7.35805e-08-0j -0.000185965-0j 1.02247e-05-0j -0.000107344-0j 1.21139e-07-0j -0.000187892-0j -2.19547e-05-0j 1.22394e-07-0j -2.79652e-11-0j -2.21822e-05-0j -7.02385e-07-0j -2.8255e-11-0j -7.09664e-07-0j 3.82149e-10-0j 3.8611e-10-0j -5.37726e-14-0j -5.43298e-14-0j 
3.67182e-06-0j -2.66461e-05-0j -4.11614e-05-0j -5.93736e-06-0j -0.000111292-0j 2.64991e-07-0j 0.000306081-0j -8.15858e-07-0j 0.000844645-0j -7.31462e-06-0j -0.140815-0j 7.05958e-05-0j -0.020312-0j -8.79257e-08-0j -0.0164862-0j -6.11146e-07-0j -0.00294023-0j 1.25672e-05-0j 2.35802e-06-0j 1.71618e-06-0j 6.76008e-08-0j -2.58699e-11-0j 3.4955e-06-0j -2.51676e-05-0j -3.84788e-05-0j -5.55041e-06-0j -0.000102583-0j 3.3845e-07-0j 0.000282131-0j -7.52018e-07-0j 0.000762823-0j -1.81631e-06-0j -6.60604e-06-0j 6.37571e-05-0j 0.00121973-0j -7.94082e-08-0j 0.00212877-0j 0.000175941-0j 5.01363e-05-0j 0.965183-0j 8.94157e-06-0j 0.00021713-0j -0.00257269-0j -7.17099e-09-0j -0.0034341-0j 4.18895e-06-0j -0.000286176-0j 1.59174e-06-0j 1.68476e-07-0j 1.39967e-07-0j 4.3466e-09-0j -1.41428e-12-0j 2.34338e-06-0j 2.36767e-06-0j -1.67679e-05-0j -1.69416e-05-0j -2.54353e-05-0j -2.56989e-05-0j -3.66894e-06-0j -3.70696e-06-0j -6.71144e-05-0j -6.78099e-05-0j 0.000184582-0j 2.18332e-07-0j 0.000186495-0j -4.92002e-07-0j 1.51265e-07-0j 2.20594e-07-0j -4.97101e-07-0j 1.52832e-07-0j 0.000492091-0j -4.26151e-06-0j 0.00049719-0j -1.62354e-06-0j -4.30567e-06-0j 4.11292e-05-0j -1.64037e-06-0j 4.15554e-05-0j -5.12256e-08-0j 0.000770938-0j -5.17564e-08-0j -1.83564e-06-0j 0.000778927-0j 0.000111205-0j 0.000746923-0j -1.85466e-06-0j -2.64783e-07-0j 3.16891e-05-0j 0.000112357-0j 0.000754663-0j -2.67527e-07-0j 3.20175e-05-0j 5.65159e-06-0j -0.005851-0j 5.71016e-06-0j -4.53248e-09-0j -0.0102117-0j -4.62126e-07-0j -0.00591164-0j 1.55958e-05-0j -4.57945e-09-0j -0.0145788-0j -0.0103175-0j -4.66915e-07-0j 7.3089e-06-0j 1.57574e-05-0j -0.0147299-0j 0.140705-0j 7.38464e-06-0j 6.09077e-07-0j -0.00104157-0j 0.142163-0j -0.000175245-0j 6.15388e-07-0j -3.58574e-10-0j -2.4893e-08-0j -0.000304407-0j -0.00105236-0j -0.000177061-0j -3.6229e-10-0j 6.10667e-07-0j -2.5151e-08-0j -0.000307562-0j -1.63344e-05-0j 6.16995e-07-0j 1.08425e-07-0j -1.65037e-05-0j 7.58131e-09-0j 1.09549e-07-0j 6.99882e-09-0j 7.65988e-09-0j 7.07135e-09-0j 1.79205e-10-0j 1.81062e-10-0j -5.06973e-14-0j -5.12227e-14-0j 
-4.58977e-07-0j 1.01339e-05-0j 5.14517e-06-0j -0.000105823-0j -4.83805e-08-0j 1.27184e-05-0j -0.000116407-0j 0.000444526-0j -0.000213917-0j -0.000175078-0j 4.28765e-07-0j -0.240932-0j -8.81855e-06-0j -0.0283739-0j -2.18053e-05-0j 7.63932e-08-0j -0.00557136-0j 0.000223986-0j 2.79052e-05-0j -0.00289225-0j -0.000385144-0j 3.10872e-07-0j -4.36938e-07-0j 9.57163e-06-0j 4.80985e-06-0j -9.89258e-05-0j -4.45948e-08-0j 8.10095e-06-0j -0.000107299-0j 0.000409743-0j 1.00894e-06-0j -0.000265234-0j 8.25756e-07-0j 0.00113635-0j -0.000101531-0j 0.000133825-0j -2.14557e-09-0j 0.00208823-0j 0.00365113-0j -8.94157e-06-0j 0.932882-0j 9.43903e-08-0j 3.41452e-05-0j -0.00467253-0j 0.00021286-0j -1.59312e-06-0j -0.00167727-0j -0.00086727-0j 3.33816e-06-0j -0.000476286-0j -3.72445e-05-0j 2.26874e-08-0j -2.92923e-07-0j -2.95958e-07-0j 6.37708e-06-0j 6.44317e-06-0j 3.17942e-06-0j 3.21236e-06-0j -6.53921e-05-0j -6.60698e-05-0j -2.91758e-08-0j -2.94781e-08-0j -7.01994e-05-0j 5.22585e-06-0j -7.09269e-05-0j 0.000268071-0j -1.89081e-08-0j 5.28001e-06-0j 0.000270849-0j -1.9104e-08-0j 6.50858e-07-0j 5.32688e-07-0j 6.57603e-07-0j -0.000118233-0j 5.38208e-07-0j 0.000733051-0j -0.000119458-0j 0.000740648-0j 8.63297e-05-0j 3.3514e-07-0j 8.72243e-05-0j -8.81028e-05-0j 3.38613e-07-0j -6.89294e-06-0j 4.35488e-07-0j -8.90158e-05-0j 0.00181204-0j -1.20519e-05-0j -6.96437e-06-0j 4.40001e-07-0j 0.00183082-0j -1.21767e-05-0j -0.00307931-0j 0.00148184-0j -0.00311122-0j 1.54233e-05-0j 3.13144e-08-0j -1.10612e-05-0j 0.0014972-0j -0.00565872-0j 1.55832e-05-0j 4.43907e-08-0j 3.16389e-08-0j -1.11758e-05-0j -0.024944-0j -0.00571736-0j 4.48507e-08-0j 6.10876e-05-0j -0.0252025-0j 0.196551-0j -1.37762e-06-0j 6.17207e-05-0j 7.19414e-06-0j 0.198588-0j -0.000391184-0j 3.11162e-09-0j -0.000576812-0j -1.3919e-06-0j 7.26869e-06-0j -0.000395237-0j 1.0884e-05-0j 3.14387e-09-0j -0.000582789-0j -0.000193305-0j 1.09968e-05-0j -0.000182727-0j -0.000195308-0j 2.2592e-07-0j -0.000184621-0j -3.98746e-05-0j 2.28261e-07-0j -4.02878e-05-0j -2.15347e-06-0j -2.17578e-06-0j 1.04656e-09-0j 1.05741e-09-0j 
