0.997698-0j -0.000352384-0j -0.000266377-0j -3.84482e-05-0j -0.000234923-0j -0.000222867-0j -4.15288e-05-0j -3.46074e-06-0j -3.71445e-05-0j -2.54311e-05-0j -2.27463e-05-0j -4.64307e-06-0j -2.93653e-05-0j -2.73595e-07-0j -1.13027e-05-0j -4.23852e-06-0j -3.67067e-06-0j -3.46074e-06-0j -4.32592e-07-0j -1.73037e-06-0j -2.88395e-07-0j -1.9745e-08-0j -4.32592e-07-0j -1.52944e-07-0j -3.60493e-08-0j -2.54907e-08-0j -1.34348e-09-0j -2.01522e-09-0j -8.9765e-11-0j -2.15941e-12-0j -0.00220489-0j 0.145406-0j -0.000251597-0j -3.63149e-05-0j -0.000219612-0j -3.88223e-05-0j -0.000205428-0j -3.23519e-06-0j -0.000142325-0j -3.4238e-05-0j -2.09664e-05-0j -3.2481e-05-0j -4.27975e-06-0j -2.52187e-07-0j -2.65207e-05-0j -1.81575e-05-0j -3.82793e-06-0j -1.7119e-05-0j -2.6208e-06-0j -3.31508e-06-0j -3.90686e-07-0j -4.27975e-06-0j -1.78323e-08-0j -1.64728e-06-0j -1.51312e-06-0j -3.56646e-07-0j -1.7472e-06-0j -3.7828e-07-0j -3.56646e-07-0j -3.15234e-08-0j -2.52187e-07-0j -2.10156e-08-0j -1.17481e-09-0j -4.88358e-08-0j -3.64e-08-0j -1.57617e-08-0j -2.34961e-09-0j -1.85753e-09-0j -7.40058e-11-0j -1.19903e-10-0j -4.62536e-12-0j -9.9522e-14-0j 
0.000352384-0j 0.976643-0j 4.07805e-05-0j -0.00055954-0j 3.5965e-05-0j 3.41194e-05-0j -0.000299007-0j -7.58115e-05-0j -0.00026744-0j -0.000183104-0j 3.4823e-06-0j -6.75709e-05-0j 4.49563e-06-0j -8.00519e-06-0j 1.73037e-06-0j -6.16835e-05-0j -2.64288e-05-0j -2.49173e-05-0j -9.47644e-06-0j 2.64907e-07-0j -6.31762e-06-0j -7.22912e-07-0j -6.29555e-06-0j -1.1012e-06-0j -1.05478e-06-0j -5.58404e-07-0j -5.90667e-08-0j -7.37819e-08-0j -4.60661e-09-0j -1.42574e-10-0j 0.000337553-0j -0.00241533-0j -0.0148268-0j 0.203436-0j 3.36211e-05-0j -0.00027952-0j 3.14496e-05-0j -7.08706e-05-0j 2.17889e-05-0j -0.000246514-0j 3.20981e-06-0j -0.000233863-0j -6.22836e-05-0j -7.3788e-06-0j 4.06013e-06-0j 2.77978e-06-0j -5.57081e-05-0j 2.6208e-06-0j -3.81408e-05-0j -2.38686e-05-0j -8.55844e-06-0j -3.08142e-05-0j -6.52882e-07-0j -1.18604e-05-0j 2.31648e-07-0j -7.81275e-06-0j 2.67485e-07-0j -5.50514e-06-0j -5.1903e-06-0j -9.2235e-07-0j -1.81574e-06-0j -6.149e-07-0j -5.16509e-08-0j 7.47642e-09-0j -7.97385e-07-0j -2.29381e-07-0j -8.60248e-08-0j -5.435e-08-0j -3.79787e-09-0j -5.27159e-09-0j -2.71378e-10-0j -7.3027e-12-0j 
0.000266377-0j 4.07805e-05-0j 0.986664-0j -0.00149718-0j 2.7187e-05-0j 2.57919e-05-0j -0.000457153-0j 4.00502e-07-0j 4.29864e-06-0j 2.94308e-06-0j -0.000503418-0j -5.11112e-05-0j -0.000323256-0j 3.16625e-08-0j 1.30804e-06-0j 4.90513e-07-0j -8.12388e-05-0j -3.80961e-05-0j -4.76201e-06-0j -5.75446e-05-0j 3.33752e-08-0j 2.28504e-09-0j -9.57408e-06-0j -6.7876e-06-0j -3.96834e-07-0j -8.47712e-07-0j 1.55478e-10-0j -4.46006e-08-0j -9.88141e-10-0j 2.49903e-13-0j 0.000255166-0j 3.88223e-05-0j -0.0027696-0j 4.20263e-06-0j -0.00855171-0j 0.143798-0j 2.37737e-05-0j -0.000125979-0j 1.64709e-05-0j 3.96228e-06-0j -0.000464027-0j 3.75895e-06-0j -4.71119e-05-0j 2.9185e-08-0j -0.000291942-0j -0.000199879-0j 4.42997e-07-0j 1.98114e-06-0j 3.03299e-07-0j -7.33691e-05-0j -4.30071e-06-0j -4.71119e-05-0j 2.06369e-09-0j 1.90635e-07-0j -5.03199e-05-0j 4.12738e-08-0j -3.86689e-05-0j -8.37206e-06-0j -3.92599e-06-0j -3.47012e-07-0j -8.38665e-06-0j 2.43208e-09-0j 1.35957e-10-0j -2.71055e-06-0j -8.05602e-07-0j -6.99496e-07-0j -2.58647e-08-0j -6.17735e-08-0j 8.56451e-12-0j -2.65368e-09-0j -5.09164e-11-0j 1.15174e-14-0j 
-3.84482e-05-0j 0.00055954-0j 0.00149718-0j 0.955736-0j -3.92411e-06-0j -3.72273e-06-0j 6.59425e-05-0j -0.000783535-0j 5.89807e-05-0j 4.03813e-05-0j -3.7995e-07-0j -0.000343009-0j -4.90513e-07-0j -0.000124761-0j -1.88799e-07-0j -0.000313123-0j 5.82854e-06-0j 5.4952e-06-0j -9.79419e-05-0j -2.89038e-08-0j -6.52946e-05-0j -1.5059e-05-0j -3.1958e-05-0j 2.42856e-07-0j -1.64387e-05-0j -5.77128e-06-0j -1.54018e-06-0j -1.53696e-06-0j -1.44271e-07-0j -5.96002e-09-0j -3.683e-05-0j 0.000532672-0j -4.20263e-06-0j -0.00268278-0j 0.00123433-0j -0.0207423-0j -3.43144e-06-0j 0.246462-0j -2.37737e-06-0j 5.43656e-05-0j -3.50219e-07-0j 5.15757e-05-0j -0.000316169-0j -0.000114999-0j -4.42997e-07-0j -3.03299e-07-0j -0.00028279-0j -2.85953e-07-0j -0.000193613-0j 5.26392e-06-0j -8.84541e-05-0j 6.7957e-06-0j -1.36002e-05-0j 2.61567e-06-0j -2.52749e-08-0j -8.07472e-05-0j -2.9185e-08-0j -2.79457e-05-0j -2.63474e-05-0j -1.43749e-05-0j 4.0044e-07-0j -9.58324e-06-0j -1.34681e-06-0j -8.15744e-10-0j -8.24123e-06-0j -1.1644e-06-0j -1.79199e-06-0j -8.47047e-07-0j -1.18943e-07-0j -1.37458e-07-0j -9.9218e-09-0j -3.43553e-10-0j 
0.000234923-0j 3.5965e-05-0j 2.7187e-05-0j 3.92411e-06-0j 0.989633-0j 2.27463e-05-0j -0.00122107-0j -0.000101755-0j -0.00054315-0j 2.59555e-06-0j 2.32153e-06-0j 4.73881e-07-0j -0.000429398-0j 2.79237e-08-0j -0.000498133-0j -6.19782e-05-0j 3.74636e-07-0j -0.000101563-0j 4.41512e-08-0j -2.53025e-05-0j -8.4636e-06-0j 2.01522e-09-0j -6.32562e-06-0j 1.56098e-08-0j -5.27135e-07-0j 2.60164e-09-0j -1.96452e-08-0j 2.05677e-10-0j 9.1616e-12-0j 2.20394e-13-0j 0.000225035-0j 3.4238e-05-0j 2.56785e-05-0j 3.70637e-06-0j -0.0032113-0j 3.96228e-06-0j -0.00604017-0j 3.3019e-07-0j 1.4526e-05-0j 0.144231-0j -0.000616472-0j 3.31508e-06-0j -0.000125837-0j -7.41501e-06-0j -0.000387801-0j 1.85319e-06-0j -5.59743e-05-0j -0.000502396-0j 2.67485e-07-0j 3.38344e-07-0j 3.98742e-08-0j -6.25811e-05-0j 1.82e-09-0j -7.25987e-05-0j 1.54432e-07-0j -5.21509e-06-0j -5.12756e-05-0j 3.86081e-08-0j -1.04666e-05-0j 3.21734e-09-0j -3.68763e-06-0j -6.1675e-07-0j 1.19903e-10-0j 4.98428e-09-0j -5.32263e-07-0j 1.60867e-09-0j -3.43575e-08-0j 1.89584e-10-0j -1.08216e-09-0j 1.22376e-11-0j 4.72074e-13-0j 1.01574e-14-0j 
0.000222867-0j 3.41194e-05-0j 2.57919e-05-0j 3.72273e-06-0j 2.27463e-05-0j 0.990673-0j 4.02101e-06-0j 3.35084e-07-0j -0.00086228-0j -0.000945462-0j -0.000528037-0j -0.000107785-0j -0.000544441-0j -6.35129e-06-0j 1.09438e-06-0j -7.85833e-05-0j -6.80552e-05-0j 3.35084e-07-0j -8.02038e-06-0j 1.67542e-07-0j 2.79237e-08-0j -3.66078e-07-0j 4.18855e-08-0j 1.48088e-08-0j 3.49046e-09-0j 2.46813e-09-0j 1.30082e-10-0j 1.95123e-10-0j 8.69146e-12-0j 2.09084e-13-0j 0.000213487-0j 3.2481e-05-0j 2.43608e-05-0j 3.51618e-06-0j 2.12638e-05-0j 3.75895e-06-0j -0.00380869-0j 3.13246e-07-0j -0.00662169-0j 3.31508e-06-0j 2.03007e-06-0j 0.144382-0j 4.14385e-07-0j 2.44179e-08-0j -0.000615656-0j -0.000675047-0j -8.88623e-05-0j -0.000317391-0j -9.74346e-05-0j -7.6957e-05-0j -9.06947e-06-0j -7.93478e-05-0j -4.13963e-07-0j 1.59497e-07-0j -2.80537e-05-0j -6.61232e-06-0j 1.69172e-07-0j -7.01342e-06-0j 3.45321e-08-0j -5.84452e-07-0j 2.44179e-08-0j 2.03482e-09-0j -2.17812e-08-0j 4.7285e-09-0j 3.52442e-09-0j 1.52612e-09-0j 2.275e-10-0j 1.79855e-10-0j 7.16558e-12-0j 1.16096e-11-0j 4.47849e-13-0j 9.63618e-15-0j 
-4.15288e-05-0j 0.000299007-0j 0.000457153-0j 6.59425e-05-0j 0.00122107-0j -4.02101e-06-0j 0.965641-0j -0.00257391-0j 3.15181e-05-0j 2.1579e-05-0j 7.84841e-05-0j -0.000757476-0j 5.03964e-05-0j 9.43421e-07-0j -2.03926e-07-0j 7.26947e-06-0j -0.000595652-0j -0.000279325-0j -0.000106232-0j 8.97134e-06-0j 7.44539e-07-0j 8.5196e-08-0j -0.000141889-0j -4.97675e-05-0j -1.18241e-05-0j -1.89109e-05-0j 6.96107e-09-0j -1.6629e-06-0j -5.16405e-08-0j 1.68026e-11-0j -3.9781e-05-0j 0.000284649-0j 0.000431787-0j 6.22836e-05-0j -3.96228e-06-0j -0.00313344-0j 0.00106776-0j 8.35218e-06-0j -2.56785e-06-0j -0.0083695-0j -0.0208411-0j 2.75611e-05-0j 0.201144-0j -0.000250521-0j 4.55144e-05-0j 3.11616e-05-0j 6.56527e-06-0j -3.08865e-07-0j 4.49493e-06-0j -0.00053795-0j -9.59408e-05-0j -0.00034543-0j 7.69429e-08-0j 1.39776e-06-0j 7.84499e-06-0j 9.20741e-07-0j 6.02857e-06-0j -0.000124075-0j -5.81837e-05-0j -1.03396e-05-0j -6.14919e-05-0j 7.24667e-08-0j 6.08711e-09-0j 4.22581e-07-0j -1.79715e-05-0j -1.03666e-05-0j -9.64345e-07-0j -1.84061e-06-0j 4.47583e-10-0j -1.18811e-07-0j -3.04217e-09-0j 8.60632e-13-0j 
3.46074e-06-0j -7.58115e-05-0j 4.00502e-07-0j 0.000783535-0j -0.000101755-0j 3.35084e-07-0j 0.00257391-0j 0.934943-0j -7.99123e-06-0j -5.47122e-06-0j 3.41994e-08-0j 9.46209e-05-0j 4.41512e-08-0j -0.00105996-0j 1.69938e-08-0j 8.63766e-05-0j -7.89703e-07-0j -7.44539e-07-0j -0.000405667-0j 2.60164e-09-0j -0.000270445-0j -0.000193273-0j 8.81578e-06-0j -3.29043e-08-0j -0.000139661-0j -2.39042e-05-0j -2.64397e-05-0j -1.97258e-05-0j -3.10125e-06-0j -1.79694e-07-0j 3.31508e-06-0j -7.21711e-05-0j 3.7828e-07-0j 0.00074006-0j 3.3019e-07-0j -8.35218e-06-0j -8.89801e-05-0j -0.00303383-0j 2.13988e-07-0j 0.00212203-0j -9.08149e-06-0j -6.98794e-06-0j -0.0251261-0j 0.281466-0j 3.98742e-08-0j 2.73e-08-0j 7.80092e-05-0j 2.57387e-08-0j 5.34092e-05-0j -7.13203e-07-0j -0.00036637-0j -9.20741e-07-0j -0.00017455-0j -3.54394e-07-0j 2.275e-09-0j -0.000334448-0j 2.62695e-09-0j 7.70896e-06-0j 7.26808e-06-0j -0.000122127-0j -5.42552e-08-0j -8.1418e-05-0j -2.31202e-05-0j 7.34254e-11-0j -3.41345e-05-0j 3.21207e-07-0j -2.2999e-05-0j -7.1964e-06-0j -2.55679e-06-0j -2.3597e-06-0j -2.56215e-07-0j -1.18442e-08-0j 
-3.71445e-05-0j 0.00026744-0j -4.29864e-06-0j 5.89807e-05-0j 0.00054315-0j 0.00086228-0j 3.15181e-05-0j 7.99123e-06-0j 0.968354-0j 1.93008e-05-0j 8.80061e-05-0j -0.00170768-0j 6.78937e-05-0j -0.000202311-0j 7.87617e-05-0j -0.000931555-0j 2.78584e-06-0j -0.000755236-0j 9.98904e-07-0j 4.00068e-06-0j -0.000191485-0j 7.62016e-08-0j -9.50764e-05-0j 1.16077e-07-0j -1.59294e-05-0j 5.8861e-08-0j -8.92034e-07-0j 7.7773e-09-0j 4.85579e-10-0j 1.50287e-11-0j -3.55812e-05-0j 0.000254598-0j -4.06013e-06-0j 5.57081e-05-0j 0.000507751-0j 2.9464e-05-0j -3.31508e-06-0j 7.47042e-06-0j 0.00110362-0j -0.00372289-0j -3.38344e-07-0j -0.00591029-0j 6.56527e-06-0j 7.77794e-07-0j -0.014701-0j -2.93015e-07-0j 0.201709-0j 7.94358e-05-0j 4.02039e-06-0j -0.000603217-0j -0.000216292-0j -0.000465361-0j -1.64999e-05-0j -0.000539853-0j -2.44179e-08-0j -0.000117989-0j 8.10739e-06-0j 5.80293e-07-0j -0.000157317-0j 9.72242e-08-0j -2.74217e-05-0j -1.86375e-05-0j 5.44448e-09-0j -7.88084e-10-0j -1.20422e-05-0j 2.41789e-08-0j -1.29916e-06-0j 5.72899e-09-0j -5.7356e-08-0j 5.55675e-10-0j 2.86057e-11-0j 7.69773e-13-0j 
-2.54311e-05-0j 0.000183104-0j -2.94308e-06-0j 4.03813e-05-0j -2.59555e-06-0j 0.000945462-0j 2.1579e-05-0j 5.47122e-06-0j 1.93008e-05-0j 0.969019-0j -2.51313e-07-0j 4.87651e-06-0j 0.000124576-0j 5.77725e-07-0j -1.24879e-07-0j -0.00170927-0j -0.000732351-0j 1.79825e-06-0j -0.000262596-0j -1.9118e-08-0j 4.55935e-07-0j -2.00322e-05-0j 4.54342e-07-0j 7.94722e-08-0j 7.6122e-08-0j 4.02994e-08-0j 4.26277e-09-0j 5.32475e-09-0j 3.32453e-10-0j 1.02894e-11-0j -2.43608e-05-0j 0.000174311-0j -2.77978e-06-0j 3.81408e-05-0j -2.42639e-06-0j 2.01726e-05-0j 0.000871481-0j 5.11465e-06-0j -1.57248e-06-0j 1.77906e-05-0j -2.31648e-07-0j -0.00648044-0j 4.49493e-06-0j 5.32519e-07-0j -2.93015e-07-0j -0.0147111-0j 4.02039e-06-0j 7.26234e-05-0j 0.201848-0j 1.72257e-06-0j 6.17652e-07-0j -0.000853873-0j 4.71177e-08-0j 8.5595e-07-0j 6.41907e-06-0j -0.000216494-0j -1.9304e-08-0j -0.00015255-0j 3.74578e-07-0j -2.55587e-05-0j 1.3104e-07-0j 4.43766e-08-0j -1.43127e-06-0j -5.39564e-10-0j 5.75463e-08-0j 1.65541e-08-0j 6.20831e-09-0j 3.92237e-09-0j 2.74088e-10-0j 3.80445e-10-0j 1.9585e-11-0j 5.27027e-13-0j 
-2.27463e-05-0j -3.4823e-06-0j 0.000503418-0j -3.7995e-07-0j -2.32153e-06-0j 0.000528037-0j 7.84841e-05-0j -3.41994e-08-0j 8.80061e-05-0j -2.51313e-07-0j 0.97518-0j -0.0021038-0j 5.54966e-05-0j 6.48226e-07-0j -1.11695e-07-0j -4.18855e-08-0j -0.000656373-0j 6.54034e-06-0j 8.17543e-07-0j -0.00093808-0j -2.84995e-09-0j -1.95123e-10-0j -7.73544e-05-0j -0.00016641-0j 6.81286e-08-0j -1.38192e-05-0j -1.32764e-11-0j -3.60353e-07-0j 1.69644e-10-0j -2.13395e-14-0j -2.17889e-05-0j -3.31508e-06-0j 0.000475486-0j -3.58868e-07-0j -2.17023e-06-0j 7.33691e-05-0j -2.03007e-06-0j -3.19705e-08-0j 0.000675824-0j -3.38344e-07-0j -0.00374913-0j 7.6957e-05-0j 8.08818e-06-0j -2.49214e-09-0j -0.0120167-0j 3.43152e-05-0j 9.06947e-06-0j -1.69172e-07-0j -2.58991e-08-0j 0.142124-0j -0.000177022-0j 8.08818e-06-0j 4.22499e-08-0j -1.62786e-08-0j -0.000820304-0j -3.52442e-09-0j -0.000312428-0j -6.76425e-05-0j 6.74015e-07-0j 5.95751e-08-0j -0.000136717-0j -2.07678e-10-0j -1.16096e-11-0j -8.87134e-05-0j -6.50891e-06-0j -1.71494e-05-0j 4.44046e-09-0j -1.00702e-06-0j -7.31334e-13-0j -2.14406e-08-0j 8.74134e-12-0j -9.83488e-16-0j 
4.64307e-06-0j -6.75709e-05-0j -5.11112e-05-0j 0.000343009-0j 4.73881e-07-0j -0.000107785-0j 0.000757476-0j 9.46209e-05-0j 0.00170768-0j -4.87651e-06-0j 0.0021038-0j 0.944663-0j -5.63449e-06-0j -0.00361223-0j 2.27996e-08-0j 3.78132e-05-0j 0.000134608-0j 6.3123e-05-0j -0.00112505-0j -1.00303e-06-0j 7.88507e-06-0j 1.81855e-06-0j -0.000738057-0j 1.12467e-05-0j -0.00018883-0j -0.000200277-0j 1.85994e-07-0j -3.54954e-05-0j -1.65723e-06-0j 7.19741e-10-0j 4.44765e-06-0j -6.43262e-05-0j -4.82753e-05-0j 0.000323977-0j 4.42997e-07-0j 0.000708108-0j 4.14385e-07-0j 8.84541e-05-0j -0.000137952-0j -6.56527e-06-0j -8.08818e-06-0j 0.00149328-0j -0.00363181-0j 1.38874e-05-0j 0.00122003-0j -3.48397e-06-0j -0.00818768-0j 3.45321e-08-0j 2.3381e-05-0j -0.0291466-0j 0.243607-0j 7.80616e-05-0j -0.00039377-0j -3.15872e-07-0j -8.77097e-07-0j 9.75115e-06-0j -6.74015e-07-0j -0.000645394-0j -0.000302651-0j -0.000165123-0j 1.38962e-05-0j 1.15729e-06-0j 1.62643e-07-0j -4.7246e-08-0j -0.000190328-0j -5.39235e-05-0j -2.05844e-05-0j -2.93944e-05-0j 1.43637e-08-0j -3.17454e-06-0j -1.13971e-07-0j 4.1488e-11-0j 
-2.93653e-05-0j -4.49563e-06-0j 0.000323256-0j -4.90513e-07-0j 0.000429398-0j 0.000544441-0j 5.03964e-05-0j -4.41512e-08-0j 6.78937e-05-0j 0.000124576-0j 5.54966e-05-0j 5.63449e-06-0j 0.977632-0j -3.49046e-09-0j 6.22666e-05-0j -0.00148347-0j -0.00171487-0j -0.0012076-0j -0.000100521-0j -0.000908872-0j 1.05795e-06-0j 4.82351e-08-0j -0.000151215-0j 7.48262e-07-0j -6.26769e-06-0j 9.34515e-08-0j 2.45565e-09-0j 4.91676e-09-0j 1.08932e-10-0j -2.75492e-14-0j -2.81294e-05-0j -4.27975e-06-0j 0.00030532-0j -4.63297e-07-0j 0.000401412-0j 4.71119e-05-0j 0.00050184-0j -4.12738e-08-0j -1.81575e-06-0j 6.25811e-05-0j 5.11541e-05-0j 7.93478e-05-0j 5.1936e-06-0j -3.21734e-09-0j -0.00461099-0j -0.00846053-0j 6.99678e-06-0j -0.0120251-0j 1.28381e-05-0j 8.08818e-06-0j 4.74108e-07-0j 0.142482-0j -2.275e-10-0j 9.07484e-06-0j -0.0010622-0j -0.000124825-0j -0.00122575-0j -0.000176726-0j -0.000124449-0j -7.32508e-06-0j -0.000132461-0j 7.70937e-08-0j 2.86993e-09-0j 2.9881e-07-0j -1.27239e-05-0j 7.71122e-08-0j -4.08513e-07-0j 6.80989e-09-0j 1.3527e-10-0j 2.92541e-10-0j 5.61301e-12-0j -1.26968e-15-0j 
-2.73595e-07-0j 8.00519e-06-0j -3.16625e-08-0j -0.000124761-0j -2.79237e-08-0j 6.35129e-06-0j 9.43421e-07-0j 0.00105996-0j -0.000202311-0j 5.77725e-07-0j 6.48226e-07-0j 0.00361223-0j -3.49046e-09-0j 0.9142-0j -1.34348e-09-0j -1.37536e-05-0j 8.33874e-08-0j 7.86184e-08-0j 0.000132494-0j -2.05677e-10-0j 8.83297e-05-0j -0.00143704-0j -1.40372e-06-0j 3.47448e-09-0j -0.000502415-0j 7.80731e-06-0j -0.000297514-0j -0.000146667-0j -4.67101e-05-0j -4.0736e-06-0j -2.6208e-07-0j 7.62079e-06-0j -2.99057e-08-0j -0.000117839-0j -2.61038e-08-0j 8.81935e-07-0j -2.44179e-08-0j 0.000990875-0j 8.12889e-06-0j 7.77794e-07-0j -2.49214e-09-0j -0.000176911-0j -1.38874e-05-0j -0.00351469-0j 7.55789e-07-0j -2.15826e-09-0j 0.00297807-0j -2.03482e-09-0j -8.50428e-06-0j -1.80559e-05-0j -0.028689-0j 9.72242e-08-0j 0.311161-0j 3.74216e-08-0j -1.79855e-10-0j 0.000109234-0j -2.07678e-10-0j -1.22749e-06-0j -1.15729e-06-0j -0.000439337-0j 5.72899e-09-0j -0.000292891-0j -0.000260162-0j -5.80479e-12-0j 1.11486e-05-0j -5.11453e-08-0j -0.000171004-0j -2.58882e-05-0j -3.85097e-05-0j -2.65526e-05-0j -4.83396e-06-0j -3.13528e-07-0j 
-1.13027e-05-0j -1.73037e-06-0j -1.30804e-06-0j -1.88799e-07-0j 0.000498133-0j -1.09438e-06-0j -2.03926e-07-0j -1.69938e-08-0j 7.87617e-05-0j -1.24879e-07-0j -1.11695e-07-0j -2.27996e-08-0j 6.22666e-05-0j -1.34348e-09-0j 0.979278-0j 8.98741e-06-0j -1.80247e-08-0j -0.0021076-0j -2.12423e-09-0j 3.66909e-06-0j -0.000175633-0j -9.69573e-11-0j 9.17273e-07-0j -7.51028e-10-0j 7.64395e-08-0j -1.25171e-10-0j 2.84873e-09-0j -9.89566e-12-0j -4.40788e-13-0j -1.06037e-14-0j -1.0827e-05-0j -1.64728e-06-0j -1.23546e-06-0j -1.78323e-07-0j 0.000465668-0j -1.90635e-07-0j -1.00875e-06-0j -1.58863e-08-0j -6.98881e-07-0j 7.25987e-05-0j -1.02955e-07-0j -1.59497e-07-0j -2.10156e-08-0j -1.23835e-09-0j 5.62347e-05-0j -8.91615e-08-0j 8.11678e-06-0j -0.0104255-0j -1.28694e-08-0j -1.62786e-08-0j -1.91845e-09-0j 9.07484e-06-0j -8.75649e-11-0j 0.142722-0j -7.43013e-09-0j 7.56237e-07-0j -0.00106405-0j -1.85753e-09-0j -0.000217198-0j -1.54794e-10-0j 5.3474e-07-0j -1.27985e-05-0j -5.76884e-12-0j -2.39806e-10-0j 7.71831e-08-0j -7.73972e-11-0j 4.98215e-09-0j -9.12134e-12-0j 1.56923e-10-0j -5.8878e-13-0j -2.27127e-14-0j -4.88699e-16-0j 
4.23852e-06-0j -6.16835e-05-0j 4.90513e-07-0j 0.000313123-0j -6.19782e-05-0j -7.85833e-05-0j -7.26947e-06-0j 8.63766e-05-0j 0.000931555-0j 0.00170927-0j 4.18855e-08-0j 3.78132e-05-0j 0.00148347-0j 1.37536e-05-0j -8.98741e-06-0j 0.946986-0j 0.000123035-0j 0.000174191-0j -0.00206746-0j -4.56513e-07-0j -0.00206975-0j -0.000317881-0j -0.000504751-0j -2.67724e-08-0j -0.000259637-0j 6.36224e-07-0j -2.43259e-05-0j 1.69433e-07-0j 1.59044e-08-0j 6.57031e-10-0j 4.06013e-06-0j -5.87215e-05-0j 4.63297e-07-0j 0.000295749-0j -5.79389e-05-0j -6.7957e-06-0j -7.24343e-05-0j 8.07472e-05-0j 2.6208e-07-0j 0.000858662-0j 3.86081e-08-0j 0.00108871-0j 3.48544e-05-0j 1.26774e-05-0j -6.99678e-06-0j -1.28381e-05-0j -0.00446645-0j 0.00173567-0j -0.00819532-0j -5.80293e-07-0j 9.75115e-06-0j -0.0205524-0j 1.49929e-06-0j 0.000124514-0j -5.33529e-07-0j 0.244206-0j -9.25125e-07-0j -0.000589906-0j -0.000835179-0j -0.000303439-0j 6.32464e-06-0j -0.000303776-0j -2.84298e-05-0j 8.99274e-11-0j -0.000130164-0j 1.28363e-07-0j -2.83031e-05-0j 9.33781e-08-0j -1.87861e-06-0j 1.51533e-08-0j 1.09378e-09-0j 3.78732e-11-0j 
3.67067e-06-0j -2.64288e-05-0j -8.12388e-05-0j -5.82854e-06-0j 3.74636e-07-0j -6.80552e-05-0j 0.000595652-0j -7.89703e-07-0j -2.78584e-06-0j 0.000732351-0j 0.000656373-0j 0.000134608-0j 0.00171487-0j -8.33874e-08-0j 1.80247e-08-0j 0.000123035-0j 0.953877-0j 4.96377e-05-0j -0.00361482-0j 0.000151382-0j -6.58086e-08-0j 1.44193e-06-0j -0.00118664-0j -0.00126296-0j 2.10122e-06-0j -0.000319101-0j -6.15278e-10-0j -1.3907e-05-0j 9.17681e-09-0j -1.48515e-12-0j 3.51618e-06-0j -2.51597e-05-0j -7.67312e-05-0j -5.50514e-06-0j 3.50219e-07-0j 0.000556832-0j -6.27299e-05-0j -7.38235e-07-0j 2.26968e-07-0j -2.56785e-06-0j 0.000605013-0j 0.000466468-0j 0.000124075-0j -7.68625e-08-0j -8.08818e-06-0j 0.00212625-0j -5.80293e-07-0j -5.2275e-06-0j 0.00015255-0j -0.00449895-0j 1.70493e-05-0j -0.0117542-0j -6.80086e-09-0j -1.23546e-07-0j -0.0253478-0j 1.55834e-05-0j 5.04178e-05-0j 0.198694-0j 1.03396e-05-0j -0.000351833-0j -0.00103761-0j -6.40521e-09-0j 1.03024e-07-0j 1.43161e-05-0j -0.000150298-0j -0.000263077-0j 1.7137e-07-0j -3.10584e-05-0j -3.95611e-11-0j -9.93635e-07-0j 5.40611e-10-0j -7.60698e-14-0j 
3.46074e-06-0j -2.49173e-05-0j -3.80961e-05-0j -5.4952e-06-0j -0.000101563-0j 3.35084e-07-0j 0.000279325-0j -7.44539e-07-0j 0.000755236-0j -1.79825e-06-0j -6.54034e-06-0j 6.3123e-05-0j 0.0012076-0j -7.86184e-08-0j 0.0021076-0j 0.000174191-0j 4.96377e-05-0j 0.955583-0j 8.85264e-06-0j 0.000214971-0j -0.0025471-0j -7.09967e-09-0j -0.00339994-0j 4.14729e-06-0j -0.000283329-0j 1.57591e-06-0j 1.66801e-07-0j 1.38575e-07-0j 4.30337e-09-0j -1.40021e-12-0j 3.31508e-06-0j -2.37208e-05-0j -3.59823e-05-0j -5.1903e-06-0j -9.4944e-05-0j 0.00026112-0j 3.08865e-07-0j -6.96015e-07-0j 2.13988e-07-0j 0.00069614-0j -6.02857e-06-0j -2.29675e-06-0j 5.81837e-05-0j -7.24667e-08-0j 0.00109061-0j -2.5968e-06-0j 0.000157317-0j 0.00105664-0j -3.74578e-07-0j 4.48292e-05-0j 7.99507e-06-0j -0.00827717-0j -6.41191e-09-0j -0.014446-0j -6.5375e-07-0j 2.20628e-05-0j -0.020624-0j 1.03396e-05-0j 0.199049-0j 8.61635e-07-0j -0.00147347-0j -0.000247912-0j -5.07259e-10-0j -3.52151e-08-0j -0.000430632-0j 8.63885e-07-0j -2.31076e-05-0j 1.53385e-07-0j 1.0725e-08-0j 9.90094e-09-0j 2.53514e-10-0j -7.17193e-14-0j 
-4.32592e-07-0j 9.47644e-06-0j 4.76201e-06-0j -9.79419e-05-0j -4.41512e-08-0j 8.02038e-06-0j -0.000106232-0j 0.000405667-0j 9.98904e-07-0j -0.000262596-0j 8.17543e-07-0j 0.00112505-0j -0.000100521-0j 0.000132494-0j -2.12423e-09-0j 0.00206746-0j 0.00361482-0j -8.85264e-06-0j 0.923604-0j 9.34515e-08-0j 3.38056e-05-0j -0.00462605-0j 0.000210743-0j -1.57728e-06-0j -0.00166059-0j -0.000858645-0j 3.30496e-06-0j -0.000471549-0j -3.68741e-05-0j 2.24618e-08-0j -4.14385e-07-0j 9.02139e-06-0j 4.49779e-06-0j -9.25075e-05-0j -4.12738e-08-0j -9.93082e-05-0j 7.3928e-06-0j 0.000379229-0j -2.67485e-08-0j 9.20741e-07-0j 7.53571e-07-0j -0.000167259-0j 0.00103702-0j 0.000122127-0j 4.74108e-07-0j -0.000124635-0j -9.75115e-06-0j 6.16066e-07-0j 0.00256342-0j -1.70493e-05-0j -0.00435617-0j 0.0020963-0j 2.18187e-05-0j 4.42992e-08-0j -1.56478e-05-0j -0.00800515-0j 6.27976e-08-0j -0.0352873-0j 8.64181e-05-0j 0.278053-0j -1.94886e-06-0j 1.01773e-05-0j -0.000553391-0j 4.40188e-09-0j -0.000815991-0j 1.53972e-05-0j -0.00027346-0j -0.000258497-0j 3.19599e-07-0j -5.64089e-05-0j -3.04642e-06-0j 1.48053e-09-0j 
1.73037e-06-0j 2.64907e-07-0j -5.75446e-05-0j 2.89038e-08-0j -2.53025e-05-0j 1.67542e-07-0j -8.97134e-06-0j 2.60164e-09-0j -4.00068e-06-0j 1.9118e-08-0j 0.00093808-0j -1.00303e-06-0j 0.000908872-0j 2.05677e-10-0j -3.66909e-06-0j -4.56513e-07-0j 0.000151382-0j 0.000214971-0j -9.34515e-08-0j 0.962235-0j -6.23403e-08-0j 1.48435e-11-0j -0.00255604-0j -0.0024125-0j 1.11575e-06-0j -9.89383e-05-0j -1.447e-10-0j 8.31097e-08-0j -1.93916e-11-0j 1.62335e-15-0j 1.65754e-06-0j 2.52187e-07-0j -5.43517e-05-0j 2.73e-08-0j -2.36534e-05-0j -8.38665e-06-0j 1.54432e-07-0j 2.43208e-09-0j 1.06994e-07-0j -3.68763e-06-0j 0.000864677-0j 2.44179e-08-0j -9.24541e-07-0j 1.89584e-10-0j 0.000820828-0j -3.9225e-06-0j -4.12289e-07-0j -3.7005e-06-0j 1.97021e-09-0j 0.000136717-0j -8.43987e-08-0j 0.000132461-0j 1.34056e-11-0j -5.3474e-07-0j -0.00587295-0j -3.84128e-08-0j -0.0207193-0j 1.56007e-05-0j 2.21538e-05-0j -6.80989e-09-0j 0.140238-0j -4.54279e-09-0j 8.8317e-13-0j -0.00193592-0j -0.000215076-0j -0.00024862-0j 7.27217e-08-0j -7.20972e-06-0j -7.97085e-12-0j 4.94493e-09-0j -9.99203e-13-0j 7.48165e-17-0j 
-2.88395e-07-0j 6.31762e-06-0j -3.33752e-08-0j -6.52946e-05-0j 8.4636e-06-0j -2.79237e-08-0j 7.44539e-07-0j 0.000270445-0j -0.000191485-0j 4.55935e-07-0j -2.84995e-09-0j -7.88507e-06-0j 1.05795e-06-0j 8.83297e-05-0j -0.000175633-0j 0.00206975-0j 6.58086e-08-0j 0.0025471-0j 3.38056e-05-0j 6.23403e-08-0j 0.925205-0j 1.6106e-05-0j 0.000211243-0j 2.74202e-09-0j -0.00334656-0j 1.99202e-06-0j -0.000633546-0j 1.64382e-06-0j 2.58437e-07-0j 1.49745e-08-0j -2.76257e-07-0j 6.01426e-06-0j -3.15234e-08-0j -6.16717e-05-0j 7.912e-06-0j 6.96015e-07-0j -2.57387e-08-0j 0.000252819-0j -1.78323e-08-0j -0.000176502-0j -2.62695e-09-0j 5.82328e-07-0j -7.26808e-06-0j 8.1418e-05-0j 9.55465e-07-0j -2.275e-09-0j 0.00186925-0j -8.80533e-05-0j -4.45077e-06-0j 5.94336e-08-0j 3.05308e-05-0j -2.20628e-05-0j 1.45458e-05-0j 0.0036627-0j -1.89584e-10-0j -0.00801403-0j -8.98691e-06-0j -6.42413e-07-0j -0.0248644-0j 1.01773e-05-0j -1.30006e-06-0j 0.278535-0j 1.92668e-06-0j -6.11878e-12-0j -0.000817929-0j -2.67672e-08-0j -0.0005511-0j 5.997e-07-0j -6.12657e-05-0j 1.96641e-07-0j 2.13512e-08-0j 9.87017e-10-0j 
1.9745e-08-0j -7.22912e-07-0j 2.28504e-09-0j 1.5059e-05-0j 2.01522e-09-0j -3.66078e-07-0j -8.5196e-08-0j -0.000193273-0j -7.62016e-08-0j 2.00322e-05-0j 1.95123e-10-0j 1.81855e-06-0j -4.82351e-08-0j 0.00143704-0j 9.69573e-11-0j -0.000317881-0j 1.44193e-06-0j -7.09967e-09-0j 0.00462605-0j 1.48435e-11-0j -1.6106e-05-0j 0.893386-0j 1.69433e-07-0j -3.13764e-10-0j 0.000189346-0j -1.42359e-06-0j -0.00201208-0j -0.000476182-0j -0.00047896-0j -7.01102e-05-0j 1.8914e-08-0j -6.88199e-07-0j 2.15826e-09-0j 1.42235e-05-0j 1.88388e-09-0j -7.96435e-08-0j -3.37433e-07-0j -0.000180676-0j 1.22089e-09-0j -7.0239e-08-0j 1.79855e-10-0j 1.27594e-05-0j 1.67625e-06-0j 0.00132459-0j 2.275e-10-0j -5.98061e-08-0j 1.49929e-06-0j -2.81194e-08-0j -0.000394138-0j -6.80086e-09-0j -2.18187e-05-0j 1.6812e-06-0j -0.00421364-0j -3.37937e-09-0j -2.48543e-09-0j 0.0038139-0j 1.49879e-11-0j -2.83704e-05-0j 1.39688e-07-0j -0.0317046-0j -5.17359e-10-0j 0.000110383-0j 0.336908-0j 4.18924e-13-0j -2.03284e-06-0j 6.17338e-09-0j -0.000555196-0j 9.75654e-06-0j -0.000394874-0j -0.000179575-0j -6.63938e-05-0j -6.48505e-06-0j 
-4.32592e-07-0j 6.29555e-06-0j 9.57408e-06-0j -3.1958e-05-0j 6.32562e-06-0j -4.18855e-08-0j -0.000141889-0j -8.81578e-06-0j -9.50764e-05-0j 4.54342e-07-0j -7.73544e-05-0j 0.000738057-0j -0.000151215-0j -1.40372e-06-0j 9.17273e-07-0j 0.000504751-0j 0.00118664-0j 0.00339994-0j 0.000210743-0j 0.00255604-0j 0.000211243-0j -1.69433e-07-0j 0.932177-0j 0.000300848-0j -0.00506772-0j -0.00356226-0j 2.48275e-06-0j -0.00031291-0j 3.10431e-07-0j -6.70579e-11-0j -4.14385e-07-0j 5.99324e-06-0j 9.04286e-06-0j -3.01848e-05-0j 5.91336e-06-0j -0.000132642-0j -3.86081e-08-0j -8.24123e-06-0j -2.67485e-08-0j -8.76368e-05-0j -7.13015e-05-0j 5.80293e-07-0j 0.000680305-0j -1.29389e-06-0j -0.000136567-0j 6.52612e-07-0j 0.000455855-0j 9.25125e-07-0j -2.1784e-06-0j 0.00107169-0j 0.000190328-0j 0.00209497-0j -1.5302e-07-0j -1.27081e-05-0j -1.56007e-05-0j 0.000130164-0j 0.00170852-0j -0.00568948-0j -0.0163014-0j 3.09306e-05-0j -0.0354121-0j 3.1004e-05-0j -1.51533e-08-0j -1.68717e-06-0j 0.240387-0j -0.00144245-0j -0.000552433-0j -0.00052283-0j 1.91735e-07-0j -2.79852e-05-0j 2.13489e-08-0j -3.86541e-12-0j 
-1.52944e-07-0j 1.1012e-06-0j 6.7876e-06-0j 2.42856e-07-0j -1.56098e-08-0j -1.48088e-08-0j -4.97675e-05-0j 3.29043e-08-0j 1.16077e-07-0j 7.94722e-08-0j -0.00016641-0j -1.12467e-05-0j 7.48262e-07-0j 3.47448e-09-0j -7.51028e-10-0j 2.67724e-08-0j 0.00126296-0j -4.14729e-06-0j -1.57728e-06-0j 0.0024125-0j 2.74202e-09-0j 3.13764e-10-0j 0.000300848-0j 0.938749-0j -1.75559e-07-0j -0.00508536-0j 2.56366e-11-0j 3.52585e-06-0j -7.66734e-10-0j 6.18813e-14-0j -1.46507e-07-0j 1.04832e-06-0j 6.41098e-06-0j 2.29381e-07-0j -1.45925e-08-0j -4.65239e-05-0j -1.365e-08-0j 3.07598e-08-0j -9.45701e-09-0j 1.06994e-07-0j -0.000153389-0j 1.01503e-07-0j -1.03666e-05-0j 3.2026e-09-0j 6.75777e-07-0j 4.62673e-07-0j 2.41789e-08-0j -1.1375e-09-0j 1.65541e-08-0j 0.00114062-0j -1.42449e-06-0j -5.12878e-06-0j 2.83369e-10-0j 5.14774e-09-0j 0.00210961-0j 3.39095e-09-0j -1.27824e-05-0j 0.000263077-0j -8.63885e-07-0j -1.53518e-07-0j -0.0165359-0j 2.66884e-10-0j 2.24179e-11-0j -0.0325519-0j 3.8105e-05-0j 0.195543-0j -1.43182e-08-0j -0.000494963-0j 1.64838e-12-0j 2.51916e-07-0j -4.51687e-11-0j 3.16958e-15-0j 
3.60493e-08-0j -1.05478e-06-0j -3.96834e-07-0j 1.64387e-05-0j -5.27135e-07-0j 3.49046e-09-0j 1.18241e-05-0j -0.000139661-0j 1.59294e-05-0j -7.6122e-08-0j -6.81286e-08-0j -0.00018883-0j 6.26769e-06-0j 0.000502415-0j -7.64395e-08-0j -0.000259637-0j 2.10122e-06-0j -0.000283329-0j 0.00166059-0j 1.11575e-06-0j 0.00334656-0j 0.000189346-0j 0.00506772-0j 1.75559e-07-0j 0.902166-0j 0.00029561-0j -0.00561639-0j -0.00369575-0j -0.00058543-0j 5.36744e-07-0j 3.45321e-08-0j -1.00413e-06-0j -3.74816e-07-0j 1.55266e-05-0j -4.9278e-07-0j 1.10535e-05-0j 3.21734e-09-0j -0.000130559-0j 2.22904e-09-0j 1.4683e-05-0j -6.27976e-08-0j -9.72242e-08-0j -0.000174055-0j 0.000463101-0j 5.66052e-06-0j -2.705e-08-0j -0.000234486-0j -7.70937e-08-0j 1.12054e-06-0j 1.89767e-06-0j 0.00149972-0j -0.000174582-0j 0.000171004-0j 2.12916e-06-0j -6.80989e-09-0j 0.00206208-0j 1.50475e-06-0j -3.09306e-05-0j 0.00417069-0j -0.00550632-0j -3.10783e-05-0j -0.0110968-0j 3.42793e-05-0j -3.66824e-10-0j -0.0402487-0j -2.58429e-06-0j 0.307065-0j -0.000980211-0j -0.000726974-0j -0.00066908-0j -6.05853e-05-0j 4.1311e-08-0j 
2.54907e-08-0j -5.58404e-07-0j -8.47712e-07-0j 5.77128e-06-0j 2.60164e-09-0j 2.46813e-09-0j 1.89109e-05-0j -2.39042e-05-0j -5.8861e-08-0j -4.02994e-08-0j 1.38192e-05-0j -0.000200277-0j -9.34515e-08-0j -7.80731e-06-0j 1.25171e-10-0j 6.36224e-07-0j -0.000319101-0j 1.57591e-06-0j 0.000858645-0j -9.89383e-05-0j -1.99202e-06-0j -1.42359e-06-0j 0.00356226-0j 0.00508536-0j 0.00029561-0j 0.909059-0j -1.94747e-07-0j -0.00797076-0j 6.56417e-06-0j -1.32357e-09-0j 2.44179e-08-0j -5.3159e-07-0j -8.00676e-07-0j 5.45106e-06-0j 2.43208e-09-0j 1.76784e-05-0j 2.275e-09-0j -2.23463e-05-0j 1.57617e-09-0j -5.42552e-08-0j 1.27379e-05-0j -5.1471e-08-0j -0.000184605-0j -7.1964e-06-0j -8.43987e-08-0j -5.77838e-08-0j 5.74592e-07-0j 1.89584e-10-0j 3.93396e-07-0j -0.00028819-0j 0.000775466-0j 1.94886e-06-0j -1.28568e-06-0j -2.61035e-09-0j -8.65167e-05-0j -2.46344e-06-0j 1.06149e-06-0j 0.00311502-0j -1.53838e-05-0j 0.000258497-0j 0.00206329-0j -5.997e-07-0j -1.70296e-07-0j -2.85189e-05-0j -0.013793-0j -0.0496425-0j 4.86801e-05-0j 0.273674-0j -1.88325e-08-0j -0.0009535-0j 5.4231e-07-0j -8.72408e-11-0j 
-1.34348e-09-0j 5.90667e-08-0j -1.55478e-10-0j -1.54018e-06-0j 1.96452e-08-0j -1.30082e-10-0j 6.96107e-09-0j 2.64397e-05-0j -8.92034e-07-0j 4.26277e-09-0j -1.32764e-11-0j -1.85994e-07-0j 2.45565e-09-0j -0.000297514-0j 2.84873e-09-0j 2.43259e-05-0j 6.15278e-10-0j -1.66801e-07-0j 3.30496e-06-0j 1.447e-10-0j -0.000633546-0j 0.00201208-0j 2.48275e-06-0j 2.56366e-11-0j 0.00561639-0j 1.94747e-07-0j 0.872212-0j 0.000205357-0j -0.00304285-0j -0.000906918-0j -1.28694e-09-0j 5.62303e-08-0j -1.46851e-10-0j -1.45472e-06-0j 1.83648e-08-0j 6.5074e-09-0j -1.19903e-10-0j 2.47165e-05-0j -8.30713e-11-0j -8.22234e-07-0j -1.22376e-11-0j 5.44448e-09-0j -1.7144e-07-0j -0.000274234-0j 2.21776e-09-0j -1.0598e-11-0j 2.19694e-05-0j 2.87311e-09-0j -1.04985e-07-0j 5.55675e-10-0j 2.9848e-06-0j -1.02779e-07-0j 0.00181717-0j -1.19231e-07-0j -8.8317e-13-0j -0.000390378-0j 2.93236e-10-0j -1.51533e-08-0j 4.10805e-06-0j -3.42793e-05-0j -6.05633e-09-0j 0.00657119-0j -0.00532349-0j -2.85042e-14-0j -3.98428e-05-0j -6.31389e-10-0j -0.034304-0j -2.01993e-06-0j 0.359418-0j -0.000543327-0j -0.000640714-0j -0.000105156-0j 
-2.01522e-09-0j 7.37819e-08-0j 4.46006e-08-0j -1.53696e-06-0j -2.05677e-10-0j -1.95123e-10-0j -1.6629e-06-0j 1.97258e-05-0j 7.7773e-09-0j 5.32475e-09-0j -3.60353e-07-0j 3.54954e-05-0j 4.91676e-09-0j -0.000146667-0j -9.89566e-12-0j -1.69433e-07-0j 1.3907e-05-0j -1.38575e-07-0j -0.000471549-0j -8.31097e-08-0j 1.64382e-06-0j 0.000476182-0j -0.00031291-0j 3.52585e-06-0j 0.00369575-0j 0.00797076-0j 0.000205357-0j 0.879414-0j -0.00934859-0j 7.1556e-06-0j -1.9304e-09-0j 7.0239e-08-0j 4.21259e-08-0j -1.45168e-06-0j -1.92273e-10-0j -1.55452e-06-0j -1.79855e-10-0j 1.84402e-05-0j -1.24607e-10-0j 7.16874e-09-0j -3.32156e-07-0j 6.80086e-09-0j 3.27179e-05-0j -0.000135191-0j 4.44046e-09-0j 3.04018e-09-0j -1.5302e-07-0j -1.49879e-11-0j -1.04766e-07-0j 1.25598e-05-0j -0.000425869-0j -1.7137e-07-0j 0.000430053-0j 3.44906e-10-0j -7.26753e-08-0j 2.03284e-06-0j -2.76797e-08-0j -0.000273624-0j 2.72649e-06-0j 0.00323175-0j 2.89673e-06-0j -1.12659e-05-0j 0.000179575-0j -7.85962e-09-0j 0.00375426-0j -6.93719e-05-0j -0.0108366-0j -0.0546275-0j 4.03017e-05-0j 0.331639-0j -0.00129591-0j 6.61878e-07-0j 
8.9765e-11-0j -4.60661e-09-0j -9.88141e-10-0j 1.44271e-07-0j 9.1616e-12-0j 8.69146e-12-0j 5.16405e-08-0j -3.10125e-06-0j -4.85579e-10-0j -3.32453e-10-0j -1.69644e-10-0j -1.65723e-06-0j -1.08932e-10-0j 4.67101e-05-0j 4.40788e-13-0j 1.59044e-08-0j 9.17681e-09-0j 4.30337e-09-0j 3.68741e-05-0j -1.93916e-11-0j -2.58437e-07-0j -0.00047896-0j -3.10431e-07-0j 7.66734e-10-0j -0.00058543-0j 6.56417e-06-0j 0.00304285-0j 0.00934859-0j 0.849823-0j -0.00857886-0j 8.5987e-11-0j -4.3854e-09-0j -9.33313e-10-0j 1.36266e-07-0j 8.56451e-12-0j 4.82749e-08-0j 8.01137e-12-0j -2.89913e-06-0j 5.55044e-12-0j -4.47583e-10-0j -1.5637e-10-0j -4.24615e-10-0j -1.52756e-06-0j 4.30551e-05-0j -9.83798e-11-0j -6.73561e-11-0j 1.43637e-08-0j 6.67614e-13-0j 9.83419e-09-0j 8.28784e-09-0j 3.33021e-05-0j 5.3218e-09-0j -0.000432563-0j -2.15344e-11-0j -1.6957e-11-0j -3.19599e-07-0j -1.30308e-11-0j -2.71456e-07-0j -1.27297e-07-0j -0.000511929-0j 9.47365e-10-0j 3.58793e-06-0j 0.00266082-0j -9.13413e-13-0j 6.23809e-06-0j -2.26805e-08-0j 0.00542142-0j -9.11314e-05-0j -0.00736567-0j -0.0519352-0j 0.378819-0j -0.00133432-0j 
-2.15941e-12-0j 1.42574e-10-0j -2.49903e-13-0j -5.96002e-09-0j -2.20394e-13-0j -2.09084e-13-0j 1.68026e-11-0j 1.79694e-07-0j 1.50287e-11-0j 1.02894e-11-0j -2.13395e-14-0j -7.19741e-10-0j -2.75492e-14-0j -4.0736e-06-0j -1.06037e-14-0j -6.57031e-10-0j 1.48515e-12-0j 1.40021e-12-0j 2.24618e-08-0j -1.62335e-15-0j 1.49745e-08-0j 7.01102e-05-0j -6.70579e-11-0j 6.18813e-14-0j -5.36744e-07-0j 1.32357e-09-0j -0.000906918-0j 7.1556e-06-0j 0.00857886-0j 0.820295-0j -2.06853e-12-0j 1.35728e-10-0j -2.36037e-13-0j -5.62933e-09-0j -2.0603e-13-0j 1.57075e-11-0j -1.92724e-13-0j 1.67983e-07-0j -1.33523e-13-0j 1.38527e-11-0j -1.96698e-14-0j 1.31418e-11-0j -6.63423e-10-0j -3.75485e-06-0j -2.48805e-14-0j -1.70345e-14-0j -5.93383e-10-0j -1.60603e-14-0j -4.06262e-10-0j 1.34128e-12-0j 2.02859e-08-0j 1.73159e-12-0j 6.33185e-05-0j 6.66488e-13-0j -1.41954e-15-0j 1.85184e-08-0j -1.63915e-15-0j -5.86388e-11-0j -5.52852e-11-0j -4.69356e-07-0j 1.02035e-13-0j -3.12904e-07-0j -0.000793054-0j -4.58155e-17-0j 1.89002e-09-0j -2.44329e-12-0j 8.34295e-06-0j -2.76571e-08-0j 0.00707275-0j -8.09408e-05-0j -0.0409714-0j 0.41888-0j 
0.00220489-0j 0.000337553-0j 0.000255166-0j 3.683e-05-0j 0.000225035-0j 0.000213487-0j 3.9781e-05-0j 3.31508e-06-0j 3.55812e-05-0j 2.43608e-05-0j 2.17889e-05-0j 4.44765e-06-0j 2.81294e-05-0j 2.6208e-07-0j 1.0827e-05-0j 4.06013e-06-0j 3.51618e-06-0j 3.31508e-06-0j 4.14385e-07-0j 1.65754e-06-0j 2.76257e-07-0j 1.8914e-08-0j 4.14385e-07-0j 1.46507e-07-0j 3.45321e-08-0j 2.44179e-08-0j 1.28694e-09-0j 1.9304e-09-0j 8.5987e-11-0j 2.06853e-12-0j -0.0201503-0j 6.36019e-06-0j 4.77014e-06-0j 6.88511e-07-0j 4.16372e-06-0j 7.36049e-07-0j 3.89481e-06-0j 6.13374e-08-0j 2.6984e-06-0j 6.49134e-07-0j 3.97512e-07-0j 6.15823e-07-0j 8.11418e-08-0j 4.78133e-09-0j 5.02817e-07-0j 3.44255e-07-0j 7.25754e-08-0j 3.24567e-07-0j 4.9689e-08-0j 6.28522e-08-0j 7.4072e-09-0j 8.11418e-08-0j 3.38091e-10-0j 3.12315e-08-0j 2.8688e-08-0j 6.76182e-09-0j 3.3126e-08-0j 7.17199e-09-0j 6.76182e-09-0j 5.97666e-10-0j 4.78133e-09-0j 3.98444e-10-0j 2.22737e-11-0j 9.259e-10-0j 6.90125e-10-0j 2.98833e-10-0j 4.45474e-11-0j 3.52178e-11-0j 1.40311e-12-0j 2.2733e-12-0j 8.76944e-14-0j 1.88688e-15-0j 
0.145406-0j 0.00241533-0j -3.88223e-05-0j 0.000532672-0j -3.4238e-05-0j -3.2481e-05-0j 0.000284649-0j 7.21711e-05-0j 0.000254598-0j 0.000174311-0j -3.31508e-06-0j 6.43262e-05-0j -4.27975e-06-0j 7.62079e-06-0j -1.64728e-06-0j 5.87215e-05-0j 2.51597e-05-0j 2.37208e-05-0j 9.02139e-06-0j -2.52187e-07-0j 6.01426e-06-0j 6.88199e-07-0j 5.99324e-06-0j 1.04832e-06-0j 1.00413e-06-0j 5.3159e-07-0j 5.62303e-08-0j 7.0239e-08-0j 4.3854e-09-0j 1.35728e-10-0j -6.36019e-06-0j -0.0197262-0j -7.25754e-07-0j 9.95791e-06-0j -6.3349e-07-0j 5.26674e-06-0j -5.92576e-07-0j 1.33535e-06-0j -4.10549e-07-0j 4.64482e-06-0j -6.04795e-08-0j 4.40647e-06-0j 1.17355e-06-0j 1.39032e-07-0j -7.65012e-08-0j -5.23768e-08-0j 1.04966e-06-0j -4.93813e-08-0j 7.1865e-07-0j 4.49733e-07-0j 1.61259e-07-0j 5.80603e-07-0j 1.23017e-08-0j 2.23474e-07-0j -4.36473e-09-0j 1.47208e-07-0j -5.03996e-09-0j 1.03728e-07-0j 9.77959e-08-0j 1.7379e-08-0j 3.42124e-08-0j 1.1586e-08-0j 9.73209e-10-0j -1.40871e-10-0j 1.50244e-08-0j 4.32201e-09-0j 1.62088e-09-0j 1.02407e-09-0j 7.15597e-11-0j 9.93277e-11-0j 5.11331e-12-0j 1.37598e-13-0j 
-0.000251597-0j 0.0148268-0j 0.0027696-0j -4.20263e-06-0j -2.56785e-05-0j -2.43608e-05-0j 0.000431787-0j -3.7828e-07-0j -4.06013e-06-0j -2.77978e-06-0j 0.000475486-0j 4.82753e-05-0j 0.00030532-0j -2.99057e-08-0j -1.23546e-06-0j -4.63297e-07-0j 7.67312e-05-0j 3.59823e-05-0j 4.49779e-06-0j 5.43517e-05-0j -3.15234e-08-0j -2.15826e-09-0j 9.04286e-06-0j 6.41098e-06-0j 3.74816e-07-0j 8.00676e-07-0j -1.46851e-10-0j 4.21259e-08-0j 9.33313e-10-0j -2.36037e-13-0j -4.77014e-06-0j -7.25754e-07-0j -0.0199303-0j 3.02425e-05-0j -4.75118e-07-0j 7.98916e-06-0j -4.44432e-07-0j -6.99914e-09-0j -3.07911e-07-0j -7.4072e-08-0j 8.67464e-06-0j -7.02709e-08-0j 8.80722e-07-0j -5.45592e-10-0j 5.45764e-06-0j 3.73659e-06-0j -8.2815e-09-0j -3.7036e-08-0j -5.66995e-09-0j 1.37158e-06-0j 8.03986e-08-0j 8.80722e-07-0j -3.85792e-11-0j -3.56379e-09-0j 9.40694e-07-0j -7.71583e-10-0j 7.22887e-07-0j 1.5651e-07-0j 7.33935e-08-0j 6.48713e-09-0j 1.56782e-07-0j -4.5466e-11-0j -2.54163e-12-0j 5.06717e-08-0j 1.50601e-08-0j 1.30766e-08-0j 4.83522e-10-0j 1.15481e-09-0j -1.60107e-13-0j 4.96087e-11-0j 9.51845e-13-0j -2.1531e-16-0j 
3.63149e-05-0j 0.203436-0j 4.20263e-06-0j 0.00268278-0j 3.70637e-06-0j 3.51618e-06-0j -6.22836e-05-0j 0.00074006-0j -5.57081e-05-0j -3.81408e-05-0j 3.58868e-07-0j 0.000323977-0j 4.63297e-07-0j 0.000117839-0j 1.78323e-07-0j 0.000295749-0j -5.50514e-06-0j -5.1903e-06-0j 9.25075e-05-0j 2.73e-08-0j 6.16717e-05-0j 1.42235e-05-0j 3.01848e-05-0j -2.29381e-07-0j 1.55266e-05-0j 5.45106e-06-0j 1.45472e-06-0j 1.45168e-06-0j 1.36266e-07-0j 5.62933e-09-0j 6.88511e-07-0j -9.95791e-06-0j -3.02425e-05-0j -0.0193055-0j 6.85773e-08-0j -1.1524e-06-0j 6.41482e-08-0j 1.3693e-05-0j 4.44432e-08-0j -1.01633e-06-0j 6.5471e-09-0j -9.64171e-07-0j 5.91055e-06-0j 2.14982e-06-0j 8.2815e-09-0j 5.66995e-09-0j 5.28656e-06-0j 5.34568e-09-0j 3.61946e-06-0j -9.84053e-08-0j 1.65359e-06-0j -1.27041e-07-0j 2.54247e-07-0j -4.8898e-08-0j 4.72496e-10-0j 1.50951e-06-0j 5.45592e-10-0j 5.22424e-07-0j 4.92546e-07-0j 2.68728e-07-0j -7.48594e-09-0j 1.79152e-07-0j 2.51776e-08-0j 1.52498e-11-0j 1.54064e-07-0j 2.17677e-08-0j 3.34999e-08-0j 1.58349e-08-0j 2.22356e-09-0j 2.56968e-09-0j 1.85481e-10-0j 6.42248e-12-0j 
-0.000219612-0j -3.36211e-05-0j 0.00855171-0j 0.00123433-0j 0.0032113-0j -2.12638e-05-0j -3.96228e-06-0j -3.3019e-07-0j 0.000507751-0j -2.42639e-06-0j -2.17023e-06-0j -4.42997e-07-0j 0.000401412-0j -2.61038e-08-0j 0.000465668-0j 5.79389e-05-0j -3.50219e-07-0j 9.4944e-05-0j -4.12738e-08-0j 2.36534e-05-0j 7.912e-06-0j -1.88388e-09-0j 5.91336e-06-0j -1.45925e-08-0j 4.9278e-07-0j -2.43208e-09-0j 1.83648e-08-0j -1.92273e-10-0j -8.56451e-12-0j -2.0603e-13-0j -4.16372e-06-0j -6.3349e-07-0j -4.75118e-07-0j -6.85773e-08-0j -0.0199928-0j 2.46682e-05-0j -3.87932e-07-0j 2.05568e-06-0j -2.68767e-07-0j 9.26328e-06-0j -3.95931e-08-0j -6.13374e-08-0j -8.08192e-09-0j -4.76231e-10-0j 7.1753e-06-0j -3.42887e-08-0j 1.03567e-06-0j 9.29561e-06-0j -4.94914e-09-0j -6.26023e-09-0j -7.37775e-10-0j 1.15791e-06-0j -3.36746e-11-0j 1.34326e-06-0j -2.85739e-09-0j 9.64925e-08-0j 9.48729e-07-0j -7.14347e-10-0j 1.93658e-07-0j -5.95289e-11-0j 6.82305e-08-0j 1.14114e-08-0j -2.21851e-12-0j -9.22218e-11-0j 9.84822e-09-0j -2.97645e-11-0j 6.357e-10-0j -3.50778e-12-0j 2.00227e-11-0j -2.26426e-13-0j -8.73457e-15-0j -1.87938e-16-0j 
3.88223e-05-0j -0.00027952-0j 0.143798-0j 0.0207423-0j 3.96228e-06-0j 3.75895e-06-0j 0.00313344-0j -8.35218e-06-0j -2.9464e-05-0j -2.01726e-05-0j -7.33691e-05-0j 0.000708108-0j -4.71119e-05-0j -8.81935e-07-0j 1.90635e-07-0j -6.7957e-06-0j 0.000556832-0j 0.00026112-0j 9.93082e-05-0j -8.38665e-06-0j -6.96015e-07-0j -7.96435e-08-0j 0.000132642-0j 4.65239e-05-0j 1.10535e-05-0j 1.76784e-05-0j -6.5074e-09-0j 1.55452e-06-0j 4.82749e-08-0j -1.57075e-11-0j 7.36049e-07-0j -5.26674e-06-0j -7.98916e-06-0j -1.1524e-06-0j -2.46682e-05-0j -0.019508-0j 6.85773e-08-0j 5.19986e-05-0j 4.75118e-08-0j -5.37534e-07-0j -1.33853e-06-0j -5.09949e-07-0j 1.29186e-05-0j -1.60898e-08-0j -8.42132e-07-0j -5.76568e-07-0j -1.21474e-07-0j 5.71478e-09-0j -8.31676e-08-0j 9.95345e-06-0j 1.77515e-06-0j 6.39133e-06-0j -1.42364e-09-0j -2.58621e-08-0j -1.45152e-07-0j -1.7036e-08-0j -1.11544e-07-0j 2.2957e-06-0j 1.07655e-06-0j 1.91309e-07-0j 1.13776e-06-0j -1.34082e-09-0j -1.12627e-10-0j -7.81882e-09-0j 3.32518e-07-0j 1.91809e-07-0j 1.78428e-08-0j 3.4056e-08-0j -8.28143e-12-0j 2.19831e-09-0j 5.62878e-11-0j -1.59239e-14-0j 
