-0.0201921-0j -0.104058-0j 0.100974-0j -0.0600399-0j -0.00866601-0j -0.00147049-0j 0.0841048-0j -0.000212247-0j 0.0121395-0j -0.042428-0j -0.00750027-0j -0.000979713-0j -0.000625023-0j -0.030312-0j 0.0415974-0j -0.00017319-0j -0.00535845-0j 0.0521813-0j -1.44325e-05-0j 0.00735345-0j -0.000446538-0j 0.000612787-0j 0.00922444-0j 0.000768703-0j -0.0328439-0j -0.00547398-0j -0.000734323-0j -0.00335212-0j -0.000684248-0j -0.030293-0j -4.03197e-05-0j 0.0293953-0j -0.000122387-0j -0.000524626-0j -7.49466e-05-0j -0.00504883-0j -1.52984e-05-0j 0.0424348-0j -0.00309176-0j 0.00489922-0j -9.01467e-07-0j 0.0272546-0j -8.74377e-05-0j 0.00300015-0j -0.000631103-0j -5.35444e-05-0j 0.00707247-0j 0.000612402-0j -3.71881e-05-0j -1.09297e-05-0j 0.00433099-0j 3.60861e-05-0j 0.00454243-0j 0.00278166-0j -6.44039e-07-0j 0.000884059-0j 5.20937e-05-0j 0.000567803-0j 3.34581e-05-0j -0.0268001-0j -0.00432485-0j -0.00058709-0j -0.00353122-0j -0.000509688-0j -0.0234501-0j -0.000441403-0j -0.0156334-0j -9.47412e-05-0j 0.0227552-0j -5.20198e-05-0j -2.37437e-06-0j -0.000541491-0j -7.73559e-05-0j -0.00378424-0j -0.00967267-0j -1.11654e-05-0j 0.0309706-0j -0.00252283-0j 0.00367211-0j 0.0162571-0j -9.66948e-06-0j -0.00308982-0j -1.13956e-06-0j 0.0288408-0j -0.00205988-0j -8.73827e-05-0j 0.00299826-0j -0.000445977-0j 0.0125737-0j -5.20135e-08-0j -0.000297318-0j -0.000386227-0j -0.00156092-0j 0.000432762-0j 0.00499785-0j -0.000257485-0j -7.13477e-05-0j 0.000374783-0j -4.55173e-05-0j 0.00262348-0j -0.00127449-0j -3.03449e-05-0j -1.02982e-05-0j 0.00408073-0j 4.41686e-05-0j -2.07757e-06-0j 0.00465416-0j 0.00214206-0j -8.91846e-06-0j -0.000183956-0j -1.38505e-06-0j 0.000589003-0j 0.00202907-0j 2.01601e-06-0j -0.000159311-0j -1.05105e-06-0j 0.000510091-0j 0.00380011-0j 0.00030918-0j 0.000267758-0j -1.87749e-05-0j 0.000548499-0j 0.00165673-0j -4.79737e-08-0j 6.01148e-05-0j 3.15555e-05-0j 0.000475014-0j -8.56955e-07-0j 0.000239129-0j 2.74385e-06-0j 0.000207091-0j 5.59809e-05-0j 1.44031e-06-0j 2.4406e-05-0j 2.55517e-06-0j 1.11397e-06-0j 
0.104058-0j 0.480018-0j -0.504335-0j 0.00612395-0j -0.0840253-0j -0.00728736-0j 0.0044205-0j 0.0999883-0j -0.0606527-0j 0.00432757-0j -0.0359787-0j 0.00504883-0j -0.00912217-0j -0.00903813-0j -0.00424829-0j -0.0419751-0j 0.0751415-0j 0.00182222-0j -0.0106425-0j 0.0353196-0j 0.0190517-0j 0.00895507-0j -0.0151496-0j -0.00384109-0j 0.00335001-0j -0.0262586-0j 0.00378424-0j 0.000341909-0j -0.00663444-0j -0.00297132-0j -0.000785989-0j 0.00312184-0j -0.0296622-0j -0.0079034-0j 0.000386227-0j 0.0232903-0j -0.0074944-0j -0.00214481-0j -0.000303259-0j -0.0244701-0j -0.000887869-0j 0.000712608-0j 0.0619497-0j 0.000318621-0j 0.00588447-0j -0.000806637-0j 0.0168118-0j -0.00618257-0j 0.000697139-0j 0.0156521-0j -0.000218904-0j -0.000732455-0j -0.00558568-0j 7.27302e-05-0j 0.00185432-0j 0.00424763-0j 0.000503221-0j -0.00141126-0j -0.000167194-0j 0.00273356-0j -0.0207462-0j 0.00302549-0j 0.000360178-0j -0.00494192-0j -0.00230013-0j -0.0021174-0j 0.00159457-0j -0.0229618-0j 0.00241665-0j -0.000759226-0j -5.79177e-05-0j -0.00268348-0j 0.000398643-0j 0.0174567-0j -0.00481945-0j -0.0054697-0j 0.00162779-0j -0.012102-0j -0.0183411-0j -0.00504717-0j -0.00234353-0j -0.000303068-0j -0.000840309-0j -0.000968519-0j 0.000210104-0j 0.0203662-0j 0.000318421-0j 0.00415833-0j 0.000262739-0j -6.41032e-05-0j -0.00288278-0j 0.00178167-0j 0.036577-0j -0.00436899-0j -0.0123541-0j -0.00123515-0j -0.00035358-0j -0.00187193-0j 0.000638844-0j 0.0383053-0j -0.000635018-0j -0.000442882-0j 0.00485139-0j 0.000214481-0j -0.000671207-0j 4.87344e-05-0j 0.00735054-0j -0.000665024-0j 0.00207861-0j 0.00871294-0j -3.37854e-05-0j -0.00294284-0j -0.00199405-0j -5.12032e-05-0j 0.00373312-0j 0.000745318-0j -0.00126088-0j -0.000127614-0j 0.00912464-0j 0.00390952-0j 0.00133857-0j 0.00175096-0j 3.46189e-05-0j 5.68568e-05-0j -0.000452109-0j 0.00140182-0j 0.000750211-0j 0.000102113-0j -0.000474998-0j -3.44892e-05-0j -0.000203517-0j 0.000269-0j 0.000106938-0j -7.29739e-05-0j 2.05207e-05-0j -5.56683e-06-0j 
0.100974-0j 0.504335-0j -0.509162-0j -0.00618741-0j 0.0848961-0j 0.00735345-0j -0.00394641-0j -0.100895-0j 0.0541478-0j -0.00437241-0j 0.0363515-0j 0.00489922-0j 0.0092167-0j -0.0031238-0j 0.00446001-0j -0.0407313-0j 0.0259708-0j -0.00863112-0j -0.0103272-0j -0.0370798-0j 0.00658473-0j -0.00940135-0j 0.0717577-0j 0.0181937-0j -0.00338473-0j 0.0265307-0j 0.00367211-0j -0.000345452-0j 0.0067032-0j -0.00312184-0j 0.000794134-0j 0.00315172-0j -0.0287833-0j 0.00262348-0j 0.000374783-0j 0.0244701-0j -0.00727233-0j -0.00199115-0j -0.000318621-0j -0.0247043-0j -0.00086156-0j -0.00749804-0j -0.0205638-0j 0.000321671-0j 0.00618257-0j 0.000267758-0j 0.0156074-0j -0.00624174-0j 0.000732455-0j -0.0051956-0j -0.000203221-0j -0.000739465-0j 0.0587724-0j -0.000765266-0j -0.000615528-0j 0.00394332-0j 0.000467169-0j 0.0148493-0j 0.00175921-0j -0.00276188-0j 0.0209612-0j 0.00293584-0j -0.00036391-0j 0.00499313-0j -0.00241665-0j 0.00213934-0j -0.0016111-0j -0.0222814-0j 0.00243978-0j 0.000767094-0j 5.85179e-05-0j 0.00270782-0j 0.000386831-0j 0.0183411-0j -0.000996816-0j -0.00530762-0j -0.00145322-0j 0.0122274-0j -0.0185166-0j 0.00174306-0j -0.00227409-0j -0.000318421-0j -0.000815409-0j -0.00477045-0j -0.000212281-0j -0.0205509-0j 0.000321469-0j 0.00436899-0j -0.00479469-0j -6.22037e-05-0j 0.00291266-0j 0.00187193-0j 0.0075653-0j -0.0044108-0j 0.0110291-0j 0.00124795-0j 0.000356786-0j -0.00188984-0j 0.000671207-0j -0.0132289-0j -0.000131342-0j 0.000447472-0j -0.00489538-0j -0.000191478-0j -0.000677632-0j 5.12032e-05-0j 0.0362052-0j 0.000229669-0j -0.00209746-0j 0.00180212-0j 3.41355e-05-0j 0.00262723-0j 0.0363891-0j -5.16933e-05-0j 0.00077213-0j -0.000752077-0j 0.00112566-0j -0.000628562-0j -0.00315123-0j -0.00135017-0j 0.000276859-0j 0.00862436-0j -0.000631756-0j -5.73724e-05-0j 0.000403621-0j -0.000484123-0j 0.00369517-0j 2.11202e-05-0j 0.00866819-0j 3.07903e-05-0j 0.00371395-0j 0.00132496-0j -3.69315e-05-0j 0.00133169-0j 0.000101075-0j 0.000101588-0j 
0.0600399-0j 0.00612395-0j 0.00618741-0j 0.653493-0j -0.00099162-0j -0.415907-0j -0.242612-0j 0.000631103-0j 0.000368144-0j 0.00249695-0j -0.0419866-0j -0.00566402-0j 3.67836e-05-0j 0.00178391-0j 0.00254897-0j 0.0952412-0j -0.0299966-0j 0.0010514-0j -8.34389e-05-0j -0.0428613-0j 2.62795e-05-0j 3.75499e-05-0j -0.0176794-0j 1.54885e-05-0j 0.00193292-0j 0.000322153-0j 0.00218346-0j -0.0377276-0j -0.00383042-0j -0.00346631-0j 2.37288e-06-0j -0.00350223-0j 0.00036391-0j 0.00155994-0j -0.0426179-0j -0.000577718-0j -0.00432692-0j 0.00128688-0j 0.0676572-0j -0.000583705-0j 2.68045e-06-0j 0.000411166-0j 0.00025999-0j 0.0683583-0j 0.00686912-0j -0.0304477-0j 0.000214481-0j 0.00694031-0j -4.2553e-06-0j -0.0030913-0j -0.025118-0j -4.2994e-06-0j 6.85276e-05-0j -0.00802534-0j 1.91501e-06-0j -0.00255019-0j 1.5798e-06-0j -0.0008148-0j 5.04754e-07-0j 0.00157723-0j 0.000254524-0j 0.00174567-0j -0.0197678-0j 2.99959e-05-0j 0.00138007-0j -0.00496793-0j -0.00449779-0j 0.000281706-0j 0.00139438-0j -0.000291207-0j 1.39735e-07-0j -0.00313052-0j -0.0218789-0j 0.000222708-0j 0.000569252-0j 3.31994e-05-0j -0.00182614-0j -0.000725828-0j 0.000225016-0j 0.00099619-0j -0.00549849-0j -0.0172968-0j -0.000322307-0j 0.000581111-0j 0.056372-0j -0.000505186-0j -0.0174761-0j 2.62464e-05-0j 0.000151597-0j 1.54659e-07-0j -8.55396e-05-0j -0.00434694-0j 9.18626e-05-0j 2.65184e-05-0j -0.000294692-0j 0.0141671-0j 0.0392356-0j -0.00439198-0j -0.000254806-0j 0.000160759-0j -0.00713457-0j 0.000830437-0j -5.95367e-05-0j 0.0228875-0j -0.000257447-0j 1.22268e-07-0j 9.37764e-05-0j -0.0124855-0j 0.00986047-0j 1.08261e-05-0j -3.98484e-07-0j -3.47298e-05-0j 2.44639e-05-0j 1.23535e-07-0j -0.00179302-0j 0.000577996-0j 0.00575194-0j -0.00728321-0j 1.89457e-05-0j -0.00313778-0j -0.000105102-0j 1.10517e-05-0j -0.0019-0j -2.7735e-07-0j 0.000337164-0j -0.000183929-0j -0.00183037-0j 5.04332e-08-0j 2.8831e-06-0j -1.61788e-07-0j -0.000477498-0j -0.000107292-0j 8.8258e-08-0j -2.79897e-05-0j 5.14838e-08-0j 1.34308e-08-0j 
-0.00866601-0j 0.0840253-0j 0.0848961-0j 0.00099162-0j 0.633008-0j -0.000631103-0j -0.000368144-0j -0.40287-0j -0.235007-0j -0.000360404-0j 0.00605639-0j 0.000817531-0j -0.0719627-0j -0.000257485-0j -0.000367912-0j -0.0137382-0j 0.00432689-0j -0.000151756-0j 0.163238-0j 0.00618257-0j -0.0514126-0j -0.0734619-0j 0.00255018-0j -0.0303015-0j -0.000278992-0j 0.00442018-0j -0.000315155-0j -2.84745e-05-0j -0.0257061-0j 0.000500319-0j -0.00934996-0j 0.000505504-0j 0.00499313-0j -0.000225158-0j -3.21654e-05-0j -0.00792675-0j -0.0290381-0j -0.000185746-0j 5.10636e-05-0j -0.00800889-0j -0.0105619-0j -5.93467e-05-0j 0.00356726-0j 5.15927e-05-0j 0.0460989-0j -2.29801e-05-0j 0.00294284-0j 0.0465766-0j 0.0167673-0j -0.0207458-0j -1.89576e-05-0j 0.0169411-0j 0.000940252-0j -6.05704e-06-0j -0.00754579-0j -0.0171144-0j -0.00622496-0j -0.00546814-0j -0.0019889-0j -0.000227653-0j 0.00349227-0j -0.000251966-0j -2.99959e-05-0j -0.0191481-0j -0.000199197-0j 0.000356428-0j 0.0006492-0j 0.00386523-0j -0.000201261-0j -0.00598936-0j -0.000920892-0j 0.000451852-0j -3.31994e-05-0j 0.00305573-0j -8.21644e-05-0j -0.0211931-0j 0.00026358-0j -0.00995892-0j 0.0030874-0j -0.000143788-0j 0.000394494-0j -2.62464e-05-0j -0.006629-0j -8.38761e-05-0j 8.55396e-05-0j -0.00693155-0j -2.65184e-05-0j -0.0167546-0j -2.18812e-05-0j -0.00101924-0j 0.0546049-0j 0.000311875-0j 0.00126043-0j -0.0169283-0j -0.0040434-0j -0.00101643-0j 5.95367e-05-0j 0.000315106-0j -0.00524069-0j 0.00220575-0j -1.08261e-05-0j 0.0170799-0j 0.0380058-0j 3.47298e-05-0j -0.005295-0j -0.00080578-0j 0.00128668-0j -1.89457e-05-0j -0.000707448-0j -0.00691093-0j 0.00262611-0j 0.02217-0j 0.000335663-0j -0.000814131-0j 0.000128642-0j 0.0118878-0j -0.000412678-0j -1.10517e-05-0j -0.0120941-0j 0.000225123-0j -0.00216167-0j -0.00705491-0j -2.8831e-06-0j 0.00182781-0j 0.00693457-0j -0.00378293-0j 0.000131322-0j -0.000332367-0j -0.00184045-0j 0.00106622-0j 3.42585e-05-0j -0.00220671-0j -0.000581643-0j -0.000575674-0j -0.000339292-0j -8.85126e-05-0j 
-0.00147049-0j 0.00728736-0j 0.00735345-0j 0.415907-0j -0.000631103-0j -0.00979569-0j -0.582609-0j 1.48641e-05-0j 0.000884059-0j -0.00308982-0j 0.0519557-0j -7.13477e-05-0j -4.55173e-05-0j 0.0064531-0j -0.00291315-0j 0.00119972-0j -0.10851-0j 0.00380011-0j -1.05105e-06-0j 0.048985-0j 9.50631e-05-0j -4.29147e-05-0j -0.0638993-0j 5.59809e-05-0j -0.00239186-0j -0.000398643-0j -5.34772e-05-0j 0.0466855-0j 0.00473991-0j 0.00212148-0j -2.93629e-06-0j 0.00214072-0j -8.91286e-06-0j 0.000111687-0j 0.00104379-0j 0.00035358-0j 0.000105975-0j -0.0029718-0j -0.0414081-0j 0.000356786-0j -6.56494e-08-0j 0.00198482-0j 1.86145e-05-0j -0.0417836-0j -0.00420409-0j -0.00217997-0j -0.0004953-0j -0.00424222-0j 2.60436e-06-0j -0.000221328-0j 0.058005-0j 2.62798e-06-0j 0.000330803-0j -0.0387406-0j 1.37109e-07-0j 0.00588916-0j -3.64823e-06-0j -0.00393327-0j 2.43659e-06-0j -0.00195172-0j -0.000314957-0j -4.27549e-05-0j 0.0244614-0j -3.71181e-05-0j 0.00164226-0j 0.00614749-0j -0.0011385-0j -6.89954e-06-0j 0.00165715-0j 0.00036035-0j -1.72914e-07-0j 3.79217e-05-0j 0.000535858-0j 0.000265018-0j 0.00344102-0j -8.13118e-07-0j 0.00225543-0j -0.000183725-0j 0.000267421-0j -0.00346096-0j 0.000134669-0j -0.0205828-0j 7.89393e-06-0j -0.00201978-0j 0.0142691-0j 6.11959e-06-0j -0.0207695-0j 3.12327e-05-0j 0.000915682-0j -3.78789e-09-0j -2.16522e-05-0j -0.00517276-0j 0.000555291-0j 3.15159e-05-0j 0.000363969-0j 0.00358604-0j -0.000475283-0j -0.00521966-0j -0.000303214-0j -0.00055851-0j -0.0431271-0j 0.000210204-0j 7.21201e-07-0j -0.0282679-0j -0.000305963-0j 1.45497e-07-0j -0.000325941-0j 0.0433771-0j -0.000119445-0j 6.54417e-05-0j -1.00866e-07-0j 4.28942e-05-0j 0.000147767-0j 1.46816e-07-0j -0.0108385-0j -7.00157e-06-0j -0.00710413-0j 0.0253144-0j -6.58211e-05-0j 0.0109013-0j -0.000635323-0j -3.84125e-05-0j -0.0114765-0j 3.3597e-09-0j -0.000416426-0j 0.000639005-0j 0.00636187-0j 3.04859e-07-0j 1.74146e-05-0j 1.99821e-07-0j -0.0028842-0j 0.000372917-0j -3.06626e-07-0j -0.000169064-0j -1.78944e-07-0j 8.11253e-08-0j 
-0.0841048-0j 0.0044205-0j 0.00394641-0j -0.242612-0j 0.000368144-0j 0.582609-0j -0.66932-0j -0.000884059-0j 0.00101564-0j 0.00180239-0j -0.0303075-0j -0.00408073-0j 2.65518e-05-0j 0.00128769-0j 0.00162577-0j 0.068618-0j -0.0216527-0j 0.000928632-0j -6.01148e-05-0j -0.0273375-0j 1.89695e-05-0j 2.39498e-05-0j -0.0156151-0j 1.368e-05-0j 0.00139525-0j 0.000232542-0j -0.00305862-0j -0.0272332-0j -0.00276495-0j 0.00128688-0j 1.71283e-06-0j 0.00114887-0j -0.000509771-0j -0.00218519-0j 0.0596998-0j 0.000214481-0j 0.00606122-0j 0.00355026-0j -0.025118-0j 0.000191478-0j -3.75482e-06-0j -0.00372837-0j -0.000364198-0j -0.0224242-0j -0.00255019-0j 0.0426516-0j 0.00059171-0j -0.00227669-0j 1.5798e-06-0j 0.00433034-0j -0.0692958-0j 1.41037e-06-0j -0.000621395-0j 0.0727722-0j -2.68257e-06-0j -0.00703549-0j 4.35836e-06-0j 0.00738845-0j -4.57701e-06-0j 0.0011385-0j 0.000183725-0j -0.00244536-0j -0.0142691-0j 2.16522e-05-0j 0.00099619-0j -0.00358604-0j 0.000664127-0j -0.000394619-0j 0.000889351-0j -0.000210204-0j 1.00866e-07-0j -0.00225543-0j 0.0306484-0j 0.000160759-0j 0.000410907-0j -4.65063e-05-0j 0.00259112-0j 0.000107173-0j 0.000143518-0j 0.000635383-0j 0.00770236-0j -0.0124855-0j 0.000451493-0j 0.000513258-0j -0.00832367-0j -0.000363969-0j -0.0111465-0j 1.89457e-05-0j -0.00472577-0j -2.16648e-07-0j 1.26305e-05-0j -0.00313778-0j 6.63099e-05-0j 1.69138e-05-0j 0.000418139-0j -0.00209186-0j 0.0282679-0j -0.00280126-0j -0.000183929-0j 0.000102535-0j -0.00515001-0j -0.000122619-0j -4.28942e-05-0j -0.0324751-0j -0.000164203-0j 8.8258e-08-0j 8.28267e-05-0j -0.00796342-0j 0.00710413-0j 7.8147e-06-0j 5.88387e-08-0j 4.92782e-05-0j -0.000762619-0j 7.87925e-08-0j -0.00129427-0j 0.000416426-0j -0.00816145-0j -0.0064328-0j 1.20838e-05-0j -0.00200132-0j -7.58668e-05-0j 9.76122e-06-0j 0.0592293-0j -1.99821e-07-0j -0.000478404-0j -0.000117312-0j -0.00161665-0j 3.64046e-08-0j -8.98755e-05-0j 2.29561e-07-0j 0.0148852-0j -9.4764e-05-0j 5.62921e-08-0j 0.00087253-0j 4.54724e-08-0j -4.18683e-07-0j 
0.000212247-0j 0.0999883-0j 0.100895-0j 0.000631103-0j 0.40287-0j -1.48641e-05-0j -0.000884059-0j -0.00948863-0j -0.564346-0j 0.000445977-0j -0.0074944-0j 1.02982e-05-0j 0.0890492-0j -0.000931424-0j 0.000420477-0j -0.000173055-0j 0.0156521-0j -0.000548499-0j 0.00205626-0j -0.00706588-0j -0.18598-0j 0.0839576-0j 0.00921722-0j -0.10952-0j 0.000345235-0j -0.0054697-0j 7.71876e-06-0j 3.52354e-05-0j 0.0318097-0j -0.000306209-0j 0.01157-0j -0.000308986-0j -0.000122291-0j -1.61207e-05-0j 7.87793e-07-0j 0.00485139-0j 0.0007112-0j 0.000428942-0j -3.12523e-05-0j 0.00489538-0j 0.000258682-0j -0.000286483-0j 0.000255406-0j -3.15357e-05-0j -0.0282138-0j -1.64531e-06-0j -0.0067959-0j -0.0284696-0j -0.0102621-0j -0.00148534-0j 4.37787e-05-0j -0.0103551-0j 0.00453887-0j -2.92391e-05-0j -0.000540257-0j 0.0395223-0j 0.0143753-0j -0.0263963-0j -0.00960101-0j 0.000281706-0j -0.00432146-0j 6.17113e-06-0j 3.71181e-05-0j 0.0236946-0j -0.000237039-0j -0.000441057-0j 0.000164329-0j -9.4667e-05-0j -0.000239189-0j 0.00741145-0j 0.00113955-0j -5.47353e-06-0j 8.13118e-07-0j 0.00363626-0j -0.000496668-0j 0.00051906-0j -0.000325544-0j -0.00252085-0j 0.00366923-0j 0.000499547-0j -9.66191e-06-0j -3.12327e-05-0j 0.000162357-0j 0.00029153-0j 2.16522e-05-0j 8.39656e-05-0j -3.15159e-05-0j -0.0199376-0j -0.000132167-0j 2.49632e-05-0j 0.0138219-0j 0.000371124-0j 0.00761903-0j -0.0201184-0j 0.00499394-0j -0.000257283-0j -7.21201e-07-0j 0.000374489-0j -0.0062363-0j -0.0076632-0j -6.54417e-05-0j 0.00432335-0j -0.000460384-0j -4.28942e-05-0j -0.00629285-0j -0.000958861-0j -0.00447216-0j 6.58211e-05-0j 8.5697e-06-0j -0.0417752-0j 0.000664735-0j -0.0273818-0j 0.00202748-0j -0.000967556-0j 0.000777614-0j -0.000144004-0j 0.000509692-0j 3.84125e-05-0j 0.0420174-0j -0.000782122-0j -0.0130669-0j 0.0245209-0j -1.74146e-05-0j -2.21413e-05-0j -0.00856478-0j 0.0131426-0j -0.000456438-0j -0.0020091-0j -0.0111167-0j -0.00131687-0j 0.000206929-0j 0.00766991-0j 0.00202074-0j -0.00347721-0j 0.00117928-0j -0.000534637-0j 
0.0121395-0j 0.0606527-0j 0.0541478-0j -0.000368144-0j -0.235007-0j 0.000884059-0j -0.00101564-0j 0.564346-0j -0.648339-0j -0.000260153-0j 0.00437173-0j 0.000589003-0j -0.0519454-0j -0.000185862-0j -0.000234659-0j -0.00989787-0j 0.00312332-0j -0.000134036-0j 0.117607-0j 0.00394332-0j -0.0371116-0j -0.0468549-0j 0.00225241-0j -0.0267634-0j -0.000201387-0j 0.00319066-0j 0.000441474-0j -2.0554e-05-0j -0.0185556-0j -0.000185746-0j -0.00674916-0j -0.000165825-0j -0.00699445-0j 0.000315405-0j 4.50578e-05-0j 0.00294284-0j 0.040677-0j -0.000512436-0j -1.89576e-05-0j 0.00262723-0j 0.0147953-0j 0.000538144-0j -0.00499708-0j -1.69244e-05-0j -0.0171144-0j 3.21908e-05-0j 0.00811872-0j -0.0152789-0j -0.00622496-0j 0.0290611-0j -5.23003e-05-0j -0.00555735-0j -0.00852603-0j 5.49241e-05-0j 0.0105703-0j -0.0472154-0j -0.0171734-0j 0.0495841-0j 0.018035-0j -0.000164329-0j 0.00252085-0j 0.000352958-0j -2.16522e-05-0j -0.0138219-0j -0.000143788-0j 0.000257283-0j -9.58584e-05-0j -0.00541448-0j -0.000128367-0j -0.00432335-0j -0.000664735-0j 0.000325544-0j 4.65063e-05-0j 0.00220575-0j -5.93094e-05-0j 0.0296876-0j -0.000373995-0j 0.0014705-0j 0.00196918-0j -9.17096e-05-0j -0.000552613-0j -1.89457e-05-0j 0.00928601-0j -7.40824e-05-0j -1.26305e-05-0j -0.00499394-0j -1.69138e-05-0j -0.0120941-0j 0.000682107-0j 0.00142777-0j -0.00806275-0j 0.000225123-0j 0.000909824-0j -0.0107971-0j 0.0057372-0j 0.000150082-0j 4.28942e-05-0j 0.000200979-0j -0.00378293-0j 0.00140685-0j -7.8147e-06-0j -0.00252195-0j 0.0273818-0j -4.92782e-05-0j -0.00337722-0j -0.000581643-0j 0.00113645-0j -1.20838e-05-0j -0.000509692-0j -0.00498857-0j -0.000387762-0j -0.0314571-0j -0.0104637-0j -0.000519263-0j 9.28585e-05-0j 0.00856478-0j 0.00058555-0j -9.76122e-06-0j -0.00771379-0j 0.000143586-0j -0.00156038-0j -0.00623115-0j 8.98755e-05-0j 0.00131687-0j -0.00983949-0j -0.0024128-0j 0.000115988-0j -0.000239915-0j 0.0573727-0j -0.00151287-0j -0.00106795-0j -0.00194904-0j -0.000370979-0j 0.0179456-0j -0.000299675-0j 0.00275923-0j 
0.042428-0j 0.00432757-0j 0.00437241-0j 0.00249695-0j 0.000360404-0j 0.00308982-0j 0.00180239-0j 0.000445977-0j 0.000260153-0j 0.740265-0j -0.000913381-0j -0.294937-0j -7.61151e-05-0j -0.180611-0j -0.25807-0j 0.00036391-0j 0.000222848-0j -0.106448-0j 3.03258e-05-0j 0.000318421-0j 1.85707e-05-0j 2.65351e-05-0j 0.000131342-0j 1.09452e-05-0j 0.00136592-0j -0.0326163-0j -0.00451817-0j 0.000139409-0j 2.84566e-05-0j 0.00125983-0j 1.67682e-06-0j 0.00127289-0j 0.107888-0j 0.00110235-0j -0.000461133-0j -0.030083-0j -9.41285e-05-0j 0.000909393-0j 0.000128581-0j -0.0303947-0j -5.54657e-06-0j 0.000290555-0j -0.0263226-0j 0.000129913-0j 2.62464e-05-0j 0.000112508-0j -0.021715-0j 2.65184e-05-0j 1.54659e-06-0j 2.29656e-05-0j 9.28145e-05-0j 1.56261e-06-0j -0.00693806-0j 2.96547e-05-0j 1.35326e-06-0j 1.89457e-05-0j 1.11639e-06-0j 6.05324e-06-0j 3.56691e-07-0j 0.00111457-0j 0.000179863-0j 0.0012336-0j -0.0210405-0j -0.00303693-0j -0.00285574-0j 1.83571e-05-0j 0.000650165-0j 0.000199071-0j -0.00288534-0j 2.16341e-06-0j 9.87457e-08-0j 0.00113779-0j -0.0232875-0j -0.000460844-0j 0.000402269-0j -0.00336127-0j 0.00066371-0j 0.00010492-0j -0.00046562-0j 0.00070397-0j 2.03176e-05-0j 0.0539099-0j 2.39446e-06-0j 0.000410649-0j -0.0122736-0j 0.00018361-0j 0.0544686-0j 0.00778122-0j 0.000107128-0j 1.09292e-07-0j -0.00177154-0j -4.70347e-05-0j 6.49158e-05-0j 0.00786186-0j 0.000107106-0j 1.07083e-05-0j -0.0214788-0j -4.75221e-05-0j -5.54309e-06-0j 0.000113603-0j -0.00759391-0j 1.26199e-06-0j -0.0031002-0j -0.0125293-0j -5.60053e-06-0j -2.53006e-07-0j 6.62683e-05-0j -0.0132893-0j 1.87396e-05-0j -0.00109609-0j 5.76017e-08-0j -0.00180845-0j 1.72877e-05-0j -2.55628e-07-0j 6.62545e-06-0j 2.20848e-06-0j 1.09314e-05-0j -0.00775212-0j -0.00191815-0j 1.15945e-05-0j 7.80816e-07-0j -0.00111892-0j -0.00202233-0j 1.00803e-07-0j 1.28828e-06-0j 1.36643e-06-0j 6.76348e-06-0j 3.56392e-08-0j -0.000291898-0j 5.88017e-08-0j 1.76442e-06-0j 7.97083e-07-0j 6.23686e-08-0j 2.07939e-07-0j 3.63817e-08-0j 9.49106e-09-0j 
-0.00750027-0j 0.0359787-0j 0.0363515-0j 0.0419866-0j 0.00605639-0j 0.0519557-0j 0.0303075-0j 0.0074944-0j 0.00437173-0j 0.000913381-0j 0.722318-0j -0.00036391-0j -0.00192534-0j -0.000222848-0j -0.000318421-0j -0.287787-0j -0.176233-0j -0.000131342-0j 0.000767094-0j -0.251813-0j 0.000469747-0j 0.000671207-0j -0.103868-0j 0.000276859-0j -0.000241463-0j 0.00189267-0j 0.000798707-0j 0.00471299-0j -0.0454866-0j -0.000222708-0j 5.66526e-05-0j -0.000225016-0j -0.00626055-0j -0.00019487-0j -0.0155896-0j 0.00174567-0j 0.15046-0j -0.000160759-0j 0.00434694-0j 0.00176376-0j -0.000187395-0j -5.13634e-05-0j 0.00152746-0j 0.00439198-0j -0.0419537-0j 0.00380357-0j 0.00126009-0j -0.0423884-0j 5.22525e-05-0j -0.0367095-0j 0.00313778-0j 5.2794e-05-0j 0.000402605-0j 0.00100254-0j 4.57209e-05-0j -0.0302838-0j 3.77178e-05-0j -0.00967581-0j 1.2051e-05-0j -0.00019703-0j 0.00149535-0j -0.000218072-0j 0.00246942-0j 0.000356204-0j 0.000504829-0j -0.029187-0j -0.000114934-0j 0.00165505-0j 0.000510061-0j -0.00520535-0j 4.1746e-06-0j -0.000201134-0j 0.00273315-0j -0.00383138-0j -7.11117e-05-0j 0.000394246-0j -0.000117328-0j 0.000872287-0j -0.00387109-0j -0.000124446-0j -0.032304-0j -0.00632715-0j -0.00576127-0j -7.25932e-05-0j 0.0014405-0j 0.0015265-0j -0.00639272-0j -0.000912666-0j -1.89377e-05-0j 4.62044e-06-0j 0.000207786-0j 0.0747828-0j 0.0005397-0j -0.000922124-0j 0.000890459-0j -0.0170257-0j 0.00252087-0j 0.0755578-0j 0.0133371-0j 0.000944475-0j 0.000891262-0j -0.00303645-0j 0.000363625-0j 0.00147051-0j 0.0134754-0j -1.06962e-05-0j 0.000550944-0j 0.00155971-0j -0.029795-0j 0.000128561-0j 2.43519e-06-0j 0.000212115-0j 0.000143727-0j -1.0807e-05-0j -0.0105341-0j -0.00531379-0j -0.0173804-0j 0.00090983-0j 0.000224982-0j -0.0184347-0j -0.00187871-0j 0.000131239-0j 0.000237351-0j 4.26158e-06-0j -0.00309971-0j -0.00328774-0j -0.0107536-0j 1.50669e-06-0j 3.4237e-05-0j 2.48592e-06-0j -0.00280534-0j -0.00191785-0j 2.63672e-06-0j -0.000500318-0j 1.53808e-06-0j 4.01247e-07-0j 
-0.000979713-0j -0.00504883-0j 0.00489922-0j 0.00566402-0j 0.000817531-0j -7.13477e-05-0j 0.00408073-0j -1.02982e-05-0j 0.000589003-0j 0.294937-0j -0.00036391-0j -0.0132417-0j -3.03258e-05-0j 0.210713-0j -0.289163-0j 1.63384e-05-0j -0.00025999-0j -0.362737-0j 1.36153e-06-0j 0.000356786-0j -2.16658e-05-0j 2.97322e-05-0j 0.000447566-0j 3.72972e-05-0j -0.00159357-0j 0.0380523-0j -3.56291e-05-0j -0.000162643-0j -3.31994e-05-0j 0.00285776-0j -1.95629e-06-0j -0.00277308-0j 0.000850772-0j -2.54546e-05-0j -3.63638e-06-0j -0.0682394-0j -7.42272e-07-0j 0.00205892-0j 0.000291669-0j 0.0662174-0j -4.37388e-08-0j 0.00132238-0j 0.000607821-0j -0.000283027-0j 5.95367e-05-0j -2.59795e-06-0j -0.0491642-0j -5.77725e-05-0j 3.50824e-06-0j -5.30305e-07-0j 0.000210138-0j -3.40428e-06-0j -0.0315766-0j 0.000134965-0j -3.12485e-08-0j 4.28942e-05-0j 2.52756e-06-0j 2.75496e-05-0j 1.62337e-06-0j -0.00130033-0j -0.00020984-0j -2.84853e-05-0j 0.0245472-0j 0.00354309-0j -0.00113779-0j -2.14167e-05-0j 0.00370816-0j -4.5968e-06-0j 0.00110407-0j -2.52398e-06-0j -1.15203e-07-0j 5.1083e-05-0j 0.000537738-0j -0.00018361-0j -0.000469314-0j 7.76158e-05-0j -0.00292169-0j 0.000598401-0j 0.000178169-0j 0.000788788-0j -4.69159e-07-0j 0.0214788-0j -5.52909e-08-0j 0.00139934-0j -0.0700015-0j 8.24348e-06-0j -0.0208424-0j 0.0031002-0j 0.000610071-0j -2.52367e-09-0j -0.0101038-0j -1.87396e-05-0j -7.57352e-05-0j -0.00300834-0j -0.000471485-0j 6.10741e-05-0j -0.000964329-0j 1.81843e-05-0j -2.20848e-06-0j 0.00012729-0j 0.00885956-0j 7.19765e-06-0j -0.000139189-0j 0.0551547-0j 2.14304e-06-0j -1.00803e-07-0j 0.000225818-0j -0.0148905-0j 8.41346e-07-0j 0.00127877-0j 3.28526e-07-0j 0.0079609-0j 9.84498e-05-0j 9.78159e-08-0j -7.72969e-06-0j 9.91536e-08-0j -4.81208e-05-0j -0.0264164-0j -0.00214926-0j 1.29915e-05-0j -9.10952e-07-0j -0.00381288-0j -0.0115167-0j 4.52572e-09-0j -5.67109e-06-0j 1.53106e-06-0j 2.30475e-05-0j -4.15791e-08-0j -0.0016623-0j -2.58849e-07-0j 1.0048e-05-0j 2.71617e-06-0j 6.98831e-08-0j 1.18417e-06-0j 1.23976e-07-0j 5.40496e-08-0j 
0.000625023-0j -0.00912217-0j -0.0092167-0j 3.67836e-05-0j 0.0719627-0j 4.55173e-05-0j 2.65518e-05-0j 0.0890492-0j 0.0519454-0j -7.61151e-05-0j 0.00192534-0j 3.03258e-05-0j 0.699356-0j 1.85707e-05-0j 2.65351e-05-0j -0.000767094-0j -0.000469747-0j 1.09452e-05-0j -0.278638-0j -0.000671207-0j -0.17063-0j -0.243808-0j -0.000276859-0j -0.100566-0j 2.01219e-05-0j -0.000479875-0j -6.65589e-05-0j 2.05368e-06-0j 0.005682-0j 1.8559e-05-0j -0.0636506-0j 1.87514e-05-0j 0.00158732-0j 1.62392e-05-0j -6.79314e-06-0j -0.000442604-0j -0.0187948-0j 1.33966e-05-0j 1.89417e-06-0j -0.00044719-0j 0.210542-0j 4.28029e-06-0j -0.000387278-0j 1.9138e-06-0j 0.00524069-0j 1.6574e-06-0j -0.000319488-0j 0.005295-0j -0.0587069-0j 0.0045856-0j 1.36729e-06-0j -0.0593153-0j -0.000102078-0j 4.36855e-07-0j -0.0513685-0j 0.00378293-0j -0.0423769-0j 0.00120866-0j -0.0135396-0j 1.64191e-05-0j -0.000379136-0j 1.81727e-05-0j 2.16341e-06-0j 0.00423245-0j -4.20691e-05-0j -3.86954e-05-0j 9.57783e-06-0j -0.000419627-0j -4.25051e-05-0j -0.0198777-0j -0.00947035-0j 1.67612e-05-0j 2.39446e-06-0j 0.000971423-0j 5.92598e-06-0j 0.00468447-0j 9.77737e-06-0j -0.000221163-0j 0.00098149-0j 1.03705e-05-0j -4.2828e-05-0j -5.54309e-06-0j -0.0220006-0j 6.04944e-06-0j 1.26199e-06-0j -0.000387035-0j -5.60053e-06-0j -0.0108444-0j 1.57814e-06-0j -0.0104818-0j 0.00246893-0j 9.91454e-05-0j -0.000136838-0j -0.0109568-0j -0.00022577-0j -2.25723e-05-0j 2.20848e-06-0j 0.000100173-0j 0.0509306-0j -0.000239466-0j 7.80816e-07-0j -0.0115953-0j 0.00432063-0j 1.28828e-06-0j 0.0514584-0j 0.0242649-0j -0.000139688-0j 1.36643e-06-0j -3.95016e-05-0j 0.00152757-0j -0.00552437-0j 0.00252037-0j -3.64411e-05-0j 0.0245164-0j -1.39659e-05-0j -0.0202918-0j -2.30426e-05-0j 7.97083e-07-0j 0.00267325-0j -2.44404e-05-0j -0.00717424-0j 0.0015594-0j 2.07939e-07-0j -0.00966765-0j -0.0118369-0j -0.0125549-0j -1.42569e-05-0j -0.00341803-0j 0.000406807-0j -0.00563946-0j -3.71926e-06-0j -0.00732371-0j -0.00598155-0j -0.00191057-0j -0.00348924-0j -0.000910254-0j 
-0.030312-0j 0.00903813-0j -0.0031238-0j -0.00178391-0j -0.000257485-0j 0.0064531-0j -0.00128769-0j 0.000931424-0j -0.000185862-0j 0.180611-0j -0.000222848-0j 0.210713-0j -1.85707e-05-0j 0.109619-0j -0.53898-0j -0.00025999-0j -0.000135254-0j 0.0760504-0j -2.16658e-05-0j 0.000665024-0j -1.12712e-05-0j 5.54186e-05-0j -9.38353e-05-0j -7.81961e-06-0j -0.00097586-0j 0.0233022-0j -0.00110235-0j -9.95983e-05-0j -2.03304e-05-0j 0.00263116-0j -1.19798e-06-0j -0.000909393-0j 0.0263226-0j -0.000669054-0j -0.000112508-0j -0.0628284-0j -2.29656e-05-0j 0.00189927-0j 0.000268541-0j 0.021715-0j -1.35326e-06-0j -0.000207583-0j 0.0159761-0j -9.28145e-05-0j 5.48158e-05-0j -6.82851e-05-0j -0.0453519-0j -1.89457e-05-0j 3.23005e-06-0j -1.39386e-05-0j 0.000193843-0j -1.11639e-06-0j 0.00495679-0j -2.11863e-05-0j -8.21342e-07-0j 3.95681e-05-0j 2.33157e-06-0j -4.32464e-06-0j -2.54832e-07-0j -0.000796286-0j -0.0001285-0j -0.000881327-0j 0.015032-0j 0.00216969-0j 0.00203681-0j -1.3115e-05-0j -0.0004645-0j -0.000142223-0j -0.00070397-0j -1.54562e-06-0j -7.05474e-08-0j 0.00237627-0j 0.0166374-0j 0.000328688-0j -0.00354026-0j 0.00240141-0j -0.000474177-0j -7.49584e-05-0j -0.000113603-0j -0.000427264-0j -1.45156e-05-0j -0.0384502-0j -1.71068e-06-0j 0.000857642-0j 0.00876869-0j 0.000383469-0j 0.0132893-0j -0.00554981-0j -7.65359e-05-0j -7.80816e-08-0j 0.00126565-0j 3.35466e-05-0j -0.000571308-0j 0.00191815-0j -7.652e-05-0j -7.65041e-06-0j -0.0448586-0j -1.15945e-05-0j 3.9535e-06-0j -6.89494e-05-0j 0.0668321-0j -9.01609e-07-0j -0.00647478-0j 0.00895137-0j -1.36643e-06-0j 1.80452e-07-0j 0.000138401-0j 0.00806575-0j 3.91377e-05-0j 0.00964638-0j -4.11526e-08-0j 0.00129202-0j -1.23509e-05-0j -6.23686e-08-0j -5.83089e-05-0j 4.61242e-06-0j -7.80979e-06-0j -0.0161903-0j 0.00116419-0j -7.03711e-06-0j -6.87176e-06-0j -0.00233687-0j 0.00144482-0j 2.10527e-07-0j -9.20392e-07-0j -8.29332e-07-0j 1.41255e-05-0j -3.13652e-07-0j 0.000208542-0j -4.201e-08-0j -1.26056e-06-0j 1.66471e-06-0j -3.78537e-08-0j -1.48559e-07-0j 7.59833e-08-0j -6.78074e-09-0j 
-0.0415974-0j -0.00424829-0j -0.00446001-0j 0.00254897-0j 0.000367912-0j 0.00291315-0j 0.00162577-0j 0.000420477-0j 0.000234659-0j -0.25807-0j 0.000318421-0j 0.289163-0j 2.65351e-05-0j 0.53898-0j -0.253144-0j -0.000356786-0j -0.000665024-0j -0.509429-0j -2.97322e-05-0j 0.000312343-0j -5.54186e-05-0j 2.60286e-05-0j 0.000628562-0j 5.23802e-05-0j 0.00139438-0j -0.0332958-0j -0.00151276-0j 0.000142313-0j 2.90495e-05-0j -0.00123675-0j 1.71176e-06-0j -0.00129839-0j 0.0361227-0j 0.00315941-0j -0.000154396-0j 0.0295319-0j -3.15159e-05-0j -0.000788816-0j -0.000126225-0j 0.0310036-0j -1.85709e-06-0j 0.0030889-0j -0.0754424-0j -0.000132516-0j -2.57657e-05-0j 0.000322456-0j 0.0188358-0j -2.70497e-05-0j -1.51826e-06-0j 6.58211e-05-0j -8.05082e-05-0j -1.59392e-06-0j -0.0737587-0j 0.00031526-0j 3.87854e-06-0j -1.64337e-05-0j -9.68363e-07-0j 6.43521e-05-0j 3.79198e-06-0j 0.00113779-0j 0.00018361-0j -0.00120945-0j -0.0214788-0j -0.0031002-0j -0.000957382-0j 1.87396e-05-0j 0.00066371-0j -0.000195174-0j -0.00100509-0j 2.20848e-06-0j 1.00803e-07-0j 0.00107273-0j 0.0228317-0j -0.000154497-0j -0.002006-0j 0.00329547-0j 0.000598669-0j 0.000107106-0j -0.000162196-0j 0.00209914-0j -1.99199e-05-0j 0.0180732-0j -2.34758e-06-0j -0.00188987-0j -0.0125293-0j 0.000173111-0j 0.0189739-0j 0.00260864-0j 0.00197523-0j -1.07152e-07-0j -0.00180845-0j -1.57683e-05-0j -0.000323717-0j 0.00273864-0j 9.66097e-05-0j 1.09314e-05-0j -0.0202507-0j -1.65541e-05-0j -1.85831e-06-0j 0.000338747-0j 0.0378686-0j 1.28828e-06-0j -0.00292294-0j -0.0113015-0j -1.95092e-06-0j -8.48198e-08-0j -0.000304976-0j -0.0396269-0j 1.76681e-05-0j 0.00546587-0j 5.88017e-08-0j -0.00163123-0j 0.000318751-0j -8.90468e-08-0j -3.30392e-05-0j 2.0822e-06-0j 9.86019e-06-0j 0.0356764-0j -0.00571966-0j 3.45732e-05-0j -3.89371e-06-0j 0.00514944-0j -0.0372877-0j 9.50392e-08-0j 1.16203e-06-0j 4.0745e-06-0j -3.11265e-05-0j -1.77723e-07-0j -0.00538202-0j 5.30394e-08-0j 3.25324e-05-0j -3.66829e-06-0j 1.85974e-07-0j 3.83397e-06-0j -1.67434e-07-0j 1.74996e-07-0j 
0.00017319-0j -0.0419751-0j 0.0407313-0j 0.0952412-0j 0.0137382-0j -0.00119972-0j 0.068618-0j -0.000173055-0j 0.00989787-0j 0.00036391-0j 0.287787-0j -1.63384e-05-0j -0.000767094-0j 0.00025999-0j -0.000356786-0j -0.0129207-0j 0.205605-0j -0.000447566-0j 3.444e-05-0j -0.282153-0j -0.000548038-0j 0.000752077-0j -0.353943-0j 0.000943434-0j 0.000281706-0j -0.00220812-0j 6.29839e-06-0j -0.00549849-0j 0.0530677-0j -0.000505186-0j -6.60948e-05-0j 0.000490216-0j -4.9369e-05-0j 4.49978e-06-0j -0.000122935-0j 0.00395983-0j 0.00118649-0j -0.000363969-0j 0.00986047-0j -0.00384249-0j -1.47774e-06-0j -0.000233766-0j -3.52709e-05-0j -0.00956829-0j -0.0951666-0j -8.7829e-05-0j 0.00285292-0j 0.0923466-0j 0.000118528-0j 0.000847666-0j 0.00710413-0j -0.000115016-0j 0.00183234-0j 0.00456276-0j -1.05575e-06-0j -0.0685642-0j 8.53954e-05-0j -0.0440366-0j 5.48468e-05-0j 0.000229868-0j -0.00174457-0j 5.03554e-06-0j -0.00288099-0j -0.000415572-0j 0.000201134-0j 0.0340514-0j -0.000655516-0j -3.82171e-05-0j -0.000195174-0j 0.00607291-0j -4.87037e-06-0j -9.03028e-06-0j -6.31118e-05-0j -0.0015265-0j 8.29637e-05-0j -9.10362e-06-0j 0.000516486-0j 0.00497501-0j 0.00148127-0j -0.000139439-0j 0.00074594-0j -0.00252087-0j 0.000133035-0j -0.000247371-0j 0.00821575-0j 6.85349e-05-0j 0.00244617-0j -0.000363625-0j -0.000107846-0j -1.06692e-07-0j 0.00118509-0j 0.029795-0j -0.00062965-0j 0.00035285-0j -0.00391985-0j -0.0971047-0j 0.000113179-0j -0.0289121-0j 0.00531379-0j 0.00105827-0j -0.00103981-0j -0.0173182-0j 1.63256e-05-0j -0.00647325-0j -0.00515634-0j -4.26158e-06-0j 0.00187741-0j 0.00174763-0j -0.0013377-0j -0.000149988-0j 1.38889e-05-0j -0.000933741-0j 0.000818496-0j 4.1353e-06-0j 0.0122898-0j -0.000238572-0j 0.0765096-0j 0.00310037-0j 0.000252088-0j -0.0206558-0j 0.00219183-0j 0.000447215-0j 0.00135167-0j 1.91331e-07-0j 0.0136451-0j -0.00368386-0j -0.0366443-0j -1.75781e-06-0j 0.000194972-0j -1.09432e-05-0j -0.0159758-0j -0.00653533-0j 2.9544e-06-0j -0.00284921-0j 5.24123e-06-0j 2.28502e-06-0j 
0.00535845-0j 0.0751415-0j -0.0259708-0j -0.0299966-0j -0.00432689-0j 0.10851-0j -0.0216527-0j 0.0156521-0j -0.00312332-0j 0.000222848-0j 0.176233-0j 0.00025999-0j -0.000469747-0j 0.000135254-0j -0.000665024-0j 0.205605-0j 0.106962-0j 9.38353e-05-0j -0.000548038-0j -0.525913-0j -0.000285106-0j 0.00140182-0j 0.0742067-0j -0.000197798-0j 0.000172509-0j -0.00135219-0j 0.00019487-0j -0.00336712-0j 0.0324972-0j -0.000465127-0j -4.04746e-05-0j 0.000160759-0j -0.00152746-0j 0.000118273-0j -0.00380357-0j 0.00364584-0j 0.0367095-0j -0.000335747-0j 0.00907858-0j -0.00126009-0j -4.57209e-05-0j 3.66958e-05-0j -0.000927068-0j -0.00313778-0j -0.0876203-0j -0.00230851-0j 0.0026317-0j 0.0302838-0j 0.000109129-0j 0.0222802-0j 0.00655327-0j -3.77178e-05-0j -0.000287635-0j -0.000716247-0j -2.77496e-05-0j -0.0632477-0j 7.87738e-05-0j 0.00691273-0j -8.60967e-06-0j 0.000140765-0j -0.00106833-0j 0.000155798-0j -0.00176424-0j -0.000254485-0j -0.00036006-0j 0.0208522-0j 8.21128e-05-0j -0.00118242-0j 0.000124446-0j 0.00371888-0j -2.98248e-06-0j -0.00042007-0j -0.00195266-0j 0.00273266-0j 0.000625836-0j -0.000281663-0j 8.38235e-05-0j -0.000623192-0j -0.000944475-0j 7.55302e-05-0j 0.0230791-0j 0.00451272-0j 0.00411605-0j -0.000151611-0j -0.00102914-0j 0.0031881-0j -0.00155971-0j 0.000650942-0j 1.35298e-05-0j -3.301e-06-0j -0.000148449-0j -0.0533374-0j -0.00474976-0j -0.000224982-0j -0.000636175-0j 0.0121638-0j 0.00526484-0j 0.0184347-0j -0.00951246-0j -0.000573234-0j -0.00784376-0j 0.00216935-0j 0.000759432-0j -0.00105058-0j 0.00328774-0j 7.62884e-06-0j 0.00115065-0j -0.00094664-0j -0.062227-0j -0.00113143-0j -1.73978e-06-0j -0.000151542-0j -0.000102684-0j -2.63672e-06-0j 0.0927082-0j -0.0110979-0j 0.0124172-0j 0.00190018-0j -0.000136549-0j 0.0111887-0j 0.016534-0j 0.000274093-0j -0.000169572-0j 8.90031e-06-0j 0.00221454-0j 0.00199544-0j -0.0224589-0j -1.326e-05-0j -2.44601e-05-0j -1.77603e-06-0j 0.00200423-0j -0.00400543-0j -1.60031e-06-0j 0.000357445-0j 3.21229e-06-0j -2.86665e-07-0j 
0.0521813-0j -0.00182222-0j -0.00863112-0j -0.0010514-0j -0.000151756-0j 0.00380011-0j -0.000928632-0j 0.000548499-0j -0.000134036-0j 0.106448-0j -0.000131342-0j -0.362737-0j -1.09452e-05-0j 0.0760504-0j 0.509429-0j 0.000447566-0j -9.38353e-05-0j -0.616824-0j 3.72972e-05-0j -0.000628562-0j -7.81961e-06-0j -5.23802e-05-0j 0.000761072-0j 6.34227e-05-0j -0.000575151-0j 0.0137338-0j 0.00189767-0j -5.87011e-05-0j -1.19823e-05-0j -0.000530479-0j -7.06064e-07-0j -0.00251267-0j -0.0453137-0j 0.00135576-0j 0.00019368-0j 0.0126671-0j 3.95348e-05-0j -0.000468538-0j -5.41418e-05-0j 0.0599991-0j 2.32961e-06-0j 0.0022706-0j -0.0323737-0j -0.000256448-0j -1.10517e-05-0j 0.000138372-0j 0.0111881-0j -5.23473e-05-0j -6.51225e-07-0j 2.8245e-05-0j -4.782e-05-0j -3.08459e-06-0j -0.0542187-0j 0.000231742-0j 1.66435e-06-0j -9.76122e-06-0j -5.75185e-07-0j 4.73041e-05-0j 2.78742e-06-0j -0.000469314-0j -7.57352e-05-0j 0.00151718-0j 0.00885956-0j 0.00127877-0j -0.000410649-0j -7.72969e-06-0j -0.000273766-0j 0.000244834-0j -0.00194508-0j -9.10952e-07-0j -4.15791e-08-0j 0.00139934-0j -0.0286409-0j -6.62683e-05-0j -0.000169384-0j -0.00413396-0j -0.000341957-0j -4.41788e-05-0j -0.000313886-0j -0.00138963-0j 2.49883e-05-0j 0.00775212-0j 2.9449e-06-0j 0.00237954-0j 0.00516808-0j 0.000225818-0j 0.0367187-0j 0.00111892-0j -0.00138461-0j 1.34416e-07-0j 0.000745948-0j -6.76348e-06-0j -2.73343e-05-0j 0.00529989-0j -5.51831e-05-0j -4.50898e-06-0j -0.0264164-0j -3.20359e-05-0j -7.97083e-07-0j -0.000224251-0j 0.00319759-0j -5.31389e-07-0j -0.00381288-0j 0.00645537-0j -3.77547e-06-0j -3.63817e-08-0j 0.000383997-0j 0.0262331-0j 2.30475e-05-0j 0.000461532-0j -2.42545e-08-0j 0.000931752-0j -0.00022344-0j -1.72326e-07-0j -2.78979e-06-0j 2.71617e-06-0j -5.6321e-06-0j -0.0449203-0j 0.00378642-0j -2.28876e-05-0j -3.2878e-07-0j -0.00648368-0j 0.0261382-0j 1.23976e-07-0j -6.6375e-07-0j -2.69732e-06-0j 3.91915e-05-0j -1.50067e-08-0j 0.00377272-0j -3.02959e-08-0j -2.28047e-05-0j 4.61876e-06-0j -1.23115e-07-0j -2.68756e-06-0j 2.10817e-07-0j -1.2267e-07-0j 
-1.44325e-05-0j 0.0106425-0j -0.0103272-0j 8.34389e-05-0j 0.163238-0j -1.05105e-06-0j 6.01148e-05-0j -0.00205626-0j 0.117607-0j -3.03258e-05-0j 0.000767094-0j 1.36153e-06-0j 0.278638-0j -2.16658e-05-0j 2.97322e-05-0j -3.444e-05-0j 0.000548038-0j 3.72972e-05-0j -0.0125099-0j -0.000752077-0j 0.199068-0j -0.273183-0j -0.000943434-0j -0.342691-0j -2.34755e-05-0j 0.000559854-0j -5.24866e-07-0j -2.39596e-06-0j -0.006629-0j 4.20988e-05-0j 0.074259-0j -4.08514e-05-0j 1.25172e-05-0j -3.74982e-07-0j -5.35689e-08-0j -0.00100399-0j -0.000148211-0j 3.03308e-05-0j 4.29669e-06-0j 0.00097424-0j 0.00166028-0j 1.94805e-05-0j 8.94273e-06-0j -4.16937e-06-0j 0.0118878-0j -3.82714e-08-0j -0.000723341-0j -0.0115356-0j -0.133169-0j -0.000105887-0j 3.09562e-06-0j 0.129223-0j -0.000464579-0j 1.98822e-06-0j 0.00118616-0j 0.00856478-0j -0.0959438-0j 0.00550088-0j -0.0616217-0j -1.91557e-05-0j 0.000442326-0j -4.19629e-07-0j -2.52398e-06-0j -0.00493786-0j -1.67612e-05-0j 4.51447e-05-0j 5.46263e-05-0j 9.6897e-06-0j 1.62645e-05-0j 0.0231907-0j 0.0110487-0j 7.52523e-07-0j -5.52909e-08-0j 0.000387035-0j -6.91364e-06-0j -0.00010817-0j -4.30405e-05-0j -0.00126138-0j -0.000375566-0j 1.16199e-05-0j 9.88951e-07-0j -2.20848e-06-0j 0.00050802-0j 2.06143e-05-0j 7.19765e-06-0j -1.73766e-05-0j 2.14304e-06-0j -0.00432063-0j 8.98719e-06-0j 0.000242037-0j 0.0140813-0j 3.95016e-05-0j 0.000159644-0j 0.0041926-0j 0.000993854-0j -0.000128739-0j 9.91536e-08-0j -3.83311e-05-0j 0.0202918-0j -0.000268318-0j -9.10952e-07-0j -0.0661329-0j 0.000193982-0j -5.67109e-06-0j -0.0196905-0j 0.00966765-0j -0.000476007-0j 1.53106e-06-0j -1.77349e-06-0j -0.00178217-0j -0.0315078-0j -0.0110948-0j -0.000207524-0j -0.00938118-0j 1.62936e-05-0j -0.000911036-0j 0.000101435-0j 2.71617e-06-0j 0.00299534-0j -2.7385e-05-0j 0.00836995-0j 0.00531386-0j 1.18417e-06-0j -0.000434046-0j 0.0521067-0j -0.0140676-0j -4.85822e-05-0j 0.0039877-0j 0.00231668-0j 0.0248252-0j -2.11804e-05-0j -0.0249565-0j -0.00670224-0j -0.0108803-0j -0.0118901-0j -0.0051837-0j 
