0.997409-0j -0.000399817-0j -0.000305365-0j -4.40757e-05-0j -0.000273127-0j -0.000186997-0j -4.82825e-05-0j -4.02354e-06-0j -4.40757e-05-0j -2.69907e-05-0j -2.54471e-05-0j -5.50946e-06-0j -3.67297e-06-0j -3.24648e-07-0j -4.49845e-06-0j -1.12461e-06-0j -5.30148e-07-0j -3.24648e-07-0j -2.41978e-08-0j -3.31342e-08-0j -1.74633e-09-0j -4.7635e-11-0j -0.00246669-0j 0.145364-0j -0.000285464-0j -4.12031e-05-0j -0.000251755-0j -0.000238836-0j -4.45045e-05-0j -3.7087e-06-0j -3.9806e-05-0j -2.72533e-05-0j -2.43761e-05-0j -4.97575e-06-0j -3.14694e-05-0j -2.93199e-07-0j -1.21126e-05-0j -4.54222e-06-0j -3.93367e-06-0j -3.7087e-06-0j -4.63588e-07-0j -1.85435e-06-0j -3.09059e-07-0j -2.11598e-08-0j -4.63588e-07-0j -1.63903e-07-0j -3.86323e-08-0j -2.73172e-08-0j -1.43974e-09-0j -2.15961e-09-0j -9.61968e-11-0j -2.31414e-12-0j -0.00165366-0j -0.0016708-0j -0.000251597-0j -0.000254204-0j 0.0726364-0j 0.0733891-0j 0.0104842-0j 0.0105928-0j -0.000164709-0j -0.000166416-0j -2.91167e-05-0j -0.000154071-0j -2.94184e-05-0j -2.42639e-06-0j -0.000106744-0j -0.000155668-0j -2.45154e-06-0j -0.00010785-0j -2.56785e-05-0j -1.57248e-05-0j -2.59446e-05-0j -2.43608e-05-0j -1.58878e-05-0j -3.20981e-06-0j -2.46132e-05-0j -3.24308e-06-0j -1.8914e-07-0j -1.98905e-05-0j -1.911e-07-0j -1.36181e-05-0j -2.00966e-05-0j -2.87095e-06-0j -1.28393e-05-0j -1.37592e-05-0j -1.9656e-06-0j -2.48631e-06-0j -2.9007e-06-0j -1.29723e-05-0j -1.98597e-06-0j -2.51208e-06-0j -2.93015e-07-0j -3.20981e-06-0j -2.96051e-07-0j -1.33742e-08-0j -1.23546e-06-0j -1.13484e-06-0j -3.24308e-06-0j -2.67485e-07-0j -1.35128e-08-0j -1.3104e-06-0j -1.24826e-06-0j -1.1466e-06-0j -2.8371e-07-0j -2.70256e-07-0j -1.32398e-06-0j -2.67485e-07-0j -2.8665e-07-0j -2.36425e-08-0j -1.8914e-07-0j -2.70256e-07-0j -1.57617e-08-0j -2.38875e-08-0j -8.81105e-10-0j -3.66268e-08-0j -2.73e-08-0j -1.911e-07-0j -1.5925e-08-0j -8.90235e-10-0j -1.18213e-08-0j -3.70064e-08-0j -2.75829e-08-0j -1.76221e-09-0j -1.19438e-08-0j -1.39315e-09-0j -1.78047e-09-0j -5.55044e-11-0j -1.40759e-09-0j -8.99274e-11-0j -5.60796e-11-0j -9.08593e-11-0j -3.46902e-12-0j -3.50497e-12-0j -7.46415e-14-0j -7.5415e-14-0j 
0.000399817-0j 0.976278-0j 4.71189e-05-0j -0.000646508-0j 4.21444e-05-0j 2.88543e-05-0j -0.000350382-0j -8.88371e-05-0j -0.000319853-0j 4.16476e-06-0j 3.92657e-06-0j -8.08134e-05-0j -5.38756e-05-0j -9.57405e-06-0j -3.26449e-05-0j 1.73532e-07-0j -1.17053e-05-0j -4.76198e-06-0j -8.92943e-07-0j -9.77147e-07-0j -7.7385e-08-0j -2.81692e-09-0j 0.000380618-0j -0.00274045-0j -0.0148213-0j 0.20336-0j 3.88467e-05-0j 3.68532e-05-0j -0.000322965-0j -8.18858e-05-0j -0.000288869-0j -0.000197775-0j 3.76131e-06-0j -7.29849e-05-0j 4.85583e-06-0j -8.6466e-06-0j 1.86901e-06-0j -6.66258e-05-0j -2.85463e-05-0j -2.69137e-05-0j -1.02357e-05-0j 2.86133e-07-0j -6.82381e-06-0j -7.80834e-07-0j -6.79997e-06-0j -1.18943e-06-0j -1.13929e-06-0j -6.03146e-07-0j -6.37993e-08-0j -7.96936e-08-0j -4.9757e-09-0j -1.53998e-10-0j 0.000255166-0j 0.00025781-0j -0.00182582-0j -0.00184474-0j 2.91167e-05-0j 2.94184e-05-0j -0.000399504-0j -0.000403644-0j -0.00855171-0j -0.00864033-0j 0.0710976-0j 2.37737e-05-0j 0.0718343-0j 0.0180263-0j 1.64709e-05-0j 2.40201e-05-0j 0.0182132-0j 1.66416e-05-0j -0.000186347-0j 2.42639e-06-0j -0.000188278-0j -0.000176784-0j 2.45154e-06-0j -4.7082e-05-0j -0.000178616-0j -4.75699e-05-0j -5.57785e-06-0j 3.06917e-06-0j -5.63565e-06-0j 2.10132e-06-0j 3.10098e-06-0j -4.21114e-05-0j 1.98114e-06-0j 2.12309e-06-0j -2.88317e-05-0j -1.80429e-05-0j -4.25478e-05-0j 2.00167e-06-0j -2.91305e-05-0j -1.82299e-05-0j -6.46957e-06-0j -2.32933e-05-0j -6.53662e-06-0j -4.93533e-07-0j -8.96561e-06-0j 1.7511e-07-0j -2.35347e-05-0j -5.90588e-06-0j -4.98647e-07-0j 2.02199e-07-0j -9.05852e-06-0j 1.76924e-07-0j -4.1615e-06-0j -5.96709e-06-0j 2.04295e-07-0j -3.9235e-06-0j -4.20462e-06-0j -6.97231e-07-0j -1.37257e-06-0j -3.96416e-06-0j -4.64821e-07-0j -7.04456e-07-0j -3.90444e-08-0j 5.65164e-09-0j -6.02767e-07-0j -1.3868e-06-0j -4.69638e-07-0j -3.9449e-08-0j -1.73396e-07-0j 5.71021e-09-0j -6.09013e-07-0j -6.50287e-08-0j -1.75193e-07-0j -4.10847e-08-0j -6.57025e-08-0j -2.87092e-09-0j -4.15105e-08-0j -3.98495e-09-0j -2.90067e-09-0j -4.02625e-09-0j -2.05142e-10-0j -2.07268e-10-0j -5.52033e-12-0j -5.57753e-12-0j 
0.000305365-0j 4.71189e-05-0j 0.986173-0j -0.00149643-0j 3.21883e-05-0j 2.20378e-05-0j -0.000541251-0j 4.74179e-07-0j 5.19437e-06-0j -0.000608317-0j -0.000285264-0j -6.17615e-05-0j 4.32864e-07-0j 3.82601e-08-0j -0.000101386-0j -5.08257e-05-0j -5.943e-06-0j -1.09945e-05-0j 2.85174e-09-0j -7.4678e-07-0j -1.95765e-08-0j 5.61384e-12-0j 0.000290702-0j 4.45045e-05-0j -0.00320007-0j 4.85583e-06-0j -0.00854746-0j 2.81471e-05-0j 0.143727-0j -0.000125916-0j 4.69118e-06-0j 3.21183e-06-0j -0.000549389-0j -5.57786e-05-0j -0.000352775-0j 3.45538e-08-0j 1.42748e-06-0j 5.35305e-07-0j -8.86572e-05-0j -4.15749e-05-0j -5.19686e-06-0j -6.27994e-05-0j 3.64229e-08-0j 2.49371e-09-0j -1.04484e-05-0j -7.40742e-06-0j -4.33072e-07-0j -9.25123e-07-0j 1.69675e-10-0j -4.86734e-08-0j -1.07837e-09-0j 2.72724e-13-0j 0.000194886-0j 0.000196906-0j 2.9651e-05-0j 2.99583e-05-0j -0.00211532-0j -0.00213724-0j 3.20981e-06-0j 3.24308e-06-0j 1.94111e-05-0j 1.96123e-05-0j -0.000326401-0j -0.00523094-0j -0.000329783-0j 2.85953e-07-0j 1.25799e-05-0j -0.00528515-0j 2.88916e-07-0j 1.27102e-05-0j -0.000871823-0j 0.1021-0j -0.000880858-0j 2.87095e-06-0j 0.103158-0j 0.0103661-0j 2.9007e-06-0j 0.0104735-0j -6.42159e-06-0j -0.000222974-0j -6.48813e-06-0j -0.00015266-0j -0.000225285-0j 3.38344e-07-0j 1.51312e-06-0j -0.000154242-0j 2.31648e-07-0j -5.60365e-05-0j 3.4185e-07-0j 1.5288e-06-0j 2.34049e-07-0j -5.66172e-05-0j -3.28472e-06-0j -3.59823e-05-0j -3.31876e-06-0j 1.57617e-09-0j 1.456e-07-0j -3.84325e-05-0j -3.63552e-05-0j 3.15234e-08-0j 1.5925e-09-0j -2.95338e-05-0j 1.47109e-07-0j -3.88307e-05-0j -6.39427e-06-0j 3.185e-08-0j -2.98399e-05-0j -2.99852e-06-0j -6.46053e-06-0j -2.65035e-07-0j -6.40541e-06-0j -3.0296e-06-0j 1.85753e-09-0j -2.67781e-07-0j 1.03839e-10-0j -2.07022e-06-0j -6.15289e-07-0j -6.47179e-06-0j 1.87678e-09-0j 1.04915e-10-0j -5.34249e-07-0j -2.09167e-06-0j -6.21665e-07-0j -1.97545e-08-0j -5.39785e-07-0j -4.71803e-08-0j -1.99592e-08-0j 6.54125e-12-0j -4.76692e-08-0j -2.02678e-09-0j 6.60904e-12-0j -2.04779e-09-0j -3.8888e-11-0j -3.9291e-11-0j 8.79659e-15-0j 8.88774e-15-0j 
-4.40757e-05-0j 0.000646508-0j 0.00149643-0j 0.95526-0j -4.64598e-06-0j -3.18089e-06-0j 7.80732e-05-0j -0.000927674-0j 7.12708e-05-0j -4.59122e-07-0j -4.32864e-07-0j -0.000414483-0j -0.000276322-0j -0.000150758-0j 7.27404e-06-0j -1.91301e-08-0j -0.000122232-0j -2.44237e-05-0j -1.87937e-05-0j -1.53867e-05-0j -2.03874e-06-0j -1.04056e-07-0j -4.19592e-05-0j 0.000610636-0j -4.85583e-06-0j -0.00309976-0j 0.00123372-0j -4.06268e-06-0j -0.020732-0j 0.24634-0j 6.43667e-05-0j 4.40688e-05-0j -4.14646e-07-0j -0.000374332-0j -5.35305e-07-0j -0.000136154-0j -2.06039e-07-0j -0.000341716-0j 6.36079e-06-0j 5.99701e-06-0j -0.000106886-0j -3.15432e-08-0j -7.12571e-05-0j -1.64342e-05-0j -3.48763e-05-0j 2.65033e-07-0j -1.79399e-05-0j -6.2983e-06-0j -1.68082e-06-0j -1.67731e-06-0j -1.57446e-07-0j -6.50428e-09-0j -2.81294e-05-0j -2.84209e-05-0j 0.000406835-0j 0.000411051-0j -3.20981e-06-0j -3.24308e-06-0j -0.00204901-0j -0.00207024-0j -2.80176e-06-0j -2.83079e-06-0j 4.7082e-05-0j 0.000755021-0j 4.75699e-05-0j -0.000559433-0j -1.81575e-06-0j 0.000762846-0j -0.00056523-0j -1.83456e-06-0j -0.0119621-0j 7.7059e-05-0j -0.0120861-0j 3.93916e-05-0j 7.78576e-05-0j 0.0695669-0j 3.97998e-05-0j 0.0702878-0j 0.0253033-0j -3.38344e-07-0j 0.0255655-0j -2.31648e-07-0j -3.4185e-07-0j -0.000215985-0j -2.184e-07-0j -2.34049e-07-0j -0.000147875-0j 4.02039e-06-0j -0.000218223-0j -2.20664e-07-0j -0.000149407-0j 4.06205e-06-0j -6.75579e-05-0j 5.1903e-06-0j -6.8258e-05-0j -1.03874e-05-0j 1.99775e-06-0j -1.9304e-08-0j 5.24409e-06-0j -6.16717e-05-0j -1.0495e-05-0j -2.22904e-08-0j 2.01845e-06-0j -1.95041e-08-0j -2.13439e-05-0j -6.23108e-05-0j -2.25214e-08-0j -2.01232e-05-0j -2.1565e-05-0j -1.0979e-05-0j 3.05841e-07-0j -2.03317e-05-0j -7.31932e-06-0j -1.10928e-05-0j -1.02864e-06-0j -6.23035e-10-0j -6.29434e-06-0j 3.09011e-07-0j -7.39517e-06-0j -1.0393e-06-0j -8.89328e-07-0j -6.29492e-10-0j -6.35957e-06-0j -1.36865e-06-0j -8.98544e-07-0j -6.46943e-07-0j -1.38284e-06-0j -9.08443e-08-0j -6.53647e-07-0j -1.04985e-07-0j -9.17857e-08-0j -1.06073e-07-0j -7.5779e-09-0j -7.65643e-09-0j -2.62393e-10-0j -2.65112e-10-0j 
0.000273127-0j 4.21444e-05-0j 3.21883e-05-0j 4.64598e-06-0j 0.988944-0j 1.97112e-05-0j -0.00122021-0j -0.000101685-0j -0.000665638-0j 2.84507e-06-0j -0.000771295-0j 5.80748e-07-0j -0.000111327-0j 3.42209e-08-0j -6.79364e-05-0j 1.18545e-07-0j -8.00638e-06-0j 3.42209e-08-0j -3.6544e-07-0j 3.49266e-09-0j 1.84079e-10-0j 5.02117e-12-0j 0.000260012-0j 3.9806e-05-0j 3.00905e-05-0j 4.34319e-06-0j -0.00380205-0j -0.00603596-0j 4.69118e-06-0j 3.90932e-07-0j 0.14413-0j 2.87275e-06-0j -0.000616043-0j -0.000125749-0j -0.000475256-0j -7.40984e-06-0j -0.000551332-0j -6.85973e-05-0j 4.14646e-07-0j -0.00011241-0j 4.88665e-08-0j -2.80047e-05-0j -9.36749e-06-0j 2.23044e-09-0j -7.00118e-06-0j 1.72769e-08-0j -5.83432e-07-0j 2.87948e-09-0j -2.17432e-08-0j 2.27643e-10-0j 1.014e-11-0j 2.43931e-13-0j 0.000174312-0j 0.000176118-0j 2.65207e-05-0j 2.67955e-05-0j 1.98905e-05-0j 2.00966e-05-0j 2.87095e-06-0j 2.9007e-06-0j -0.00248746-0j -0.00251324-0j 3.06917e-06-0j 1.62405e-05-0j 3.10098e-06-0j 2.55764e-07-0j -0.00540659-0j 1.64088e-05-0j 2.58415e-07-0j -0.00546262-0j -0.000387801-0j 1.65754e-06-0j -0.00039182-0j -0.000615656-0j 1.67472e-06-0j 3.38344e-07-0j -0.000622036-0j 3.4185e-07-0j 1.99371e-08-0j 0.0720199-0j 2.01437e-08-0j 1.43547e-06-0j 0.0727663-0j 0.0103952-0j -0.000389155-0j 1.45035e-06-0j 2.07193e-07-0j -6.28351e-05-0j 0.0105029-0j -0.000393187-0j 2.0934e-07-0j -6.34863e-05-0j -7.40519e-06-0j -4.84751e-05-0j -7.48193e-06-0j -3.37999e-07-0j -5.62347e-05-0j 1.19623e-07-0j -4.89775e-05-0j -4.0396e-06-0j -3.41502e-07-0j -3.97179e-05-0j -5.68175e-05-0j 1.20862e-07-0j 2.99057e-08-0j -4.08146e-06-0j -4.01295e-05-0j -8.10739e-06-0j 3.02156e-08-0j 2.49214e-09-0j -2.85643e-06-0j -8.1914e-06-0j -4.77732e-07-0j 2.51797e-09-0j 9.28766e-11-0j 3.86081e-09-0j -4.12289e-07-0j -2.88603e-06-0j -4.82683e-07-0j 9.38391e-11-0j 1.24607e-09-0j 3.90082e-09-0j -4.16562e-07-0j -2.66132e-08-0j 1.25898e-09-0j 1.46851e-10-0j -2.6889e-08-0j -8.38236e-10-0j 1.48373e-10-0j 9.47918e-12-0j -8.46923e-10-0j 9.57741e-12-0j 3.65667e-13-0j 3.69457e-13-0j 7.8679e-15-0j 7.94944e-15-0j 
0.000186997-0j 2.88543e-05-0j 2.20378e-05-0j 3.18089e-06-0j 1.97112e-05-0j 0.989623-0j 3.48449e-06-0j 2.90374e-07-0j -0.00122135-0j -0.000747923-0j 1.83649e-06-0j -0.000152669-0j 2.65074e-07-0j -8.99612e-06-0j 3.24648e-07-0j 8.1162e-08-0j 3.82601e-08-0j 2.34294e-08-0j 1.74633e-09-0j 2.39126e-09-0j 1.2603e-10-0j 3.43776e-12-0j 0.000178018-0j 2.72533e-05-0j 2.06016e-05-0j 2.97358e-06-0j 1.81689e-05-0j -0.00661824-0j 3.21183e-06-0j 2.67653e-07-0j 2.87275e-06-0j 0.144229-0j 1.75919e-06-0j 3.59094e-07-0j -0.000872029-0j 2.11598e-08-0j 8.7415e-07-0j -0.000125867-0j -0.000109004-0j 2.67653e-07-0j -1.28462e-05-0j 1.33826e-07-0j 2.23044e-08-0j -5.86346e-07-0j 3.34566e-08-0j 1.18287e-08-0j 2.78805e-09-0j 1.97145e-09-0j 1.03904e-10-0j 1.55857e-10-0j 6.94241e-12-0j 1.67008e-13-0j 0.000119343-0j 0.00012058-0j 1.81575e-05-0j 1.83456e-05-0j 1.36181e-05-0j 1.37592e-05-0j 1.9656e-06-0j 1.98597e-06-0j 1.18868e-05-0j 1.201e-05-0j 2.10132e-06-0j -0.00426937-0j 2.12309e-06-0j 1.7511e-07-0j 7.70356e-06-0j -0.00431361-0j 1.76924e-07-0j 7.78339e-06-0j 1.85319e-06-0j 1.13484e-06-0j 1.87239e-06-0j -0.000675047-0j 1.1466e-06-0j 2.31648e-07-0j -0.000682042-0j 2.34049e-07-0j 1.365e-08-0j 1.43547e-06-0j 1.37915e-08-0j 0.0720694-0j 1.45035e-06-0j 2.07193e-07-0j -0.000355781-0j 0.0728162-0j 0.0104023-0j 1.79434e-07-0j 2.0934e-07-0j -0.000359468-0j 0.0105101-0j 1.81294e-07-0j 2.11465e-08-0j -8.89452e-05-0j 2.13657e-08-0j 9.65202e-10-0j 8.91615e-08-0j -3.14469e-05-0j -8.98669e-05-0j -7.4121e-06-0j 9.75204e-10-0j 9.45701e-08-0j 9.00855e-08-0j -3.17728e-05-0j -7.86172e-06-0j -7.48891e-06-0j 9.55501e-08-0j 1.9304e-08-0j -7.94319e-06-0j -6.55143e-07-0j 1.365e-08-0j 1.95041e-08-0j 1.1375e-09-0j -6.61932e-07-0j -2.44157e-08-0j 2.64331e-09-0j 1.97021e-09-0j 1.37915e-08-0j 1.14929e-09-0j -2.46688e-08-0j 8.53126e-10-0j 2.67071e-09-0j 1.99063e-09-0j 1.27176e-10-0j 8.61967e-10-0j 1.00542e-10-0j 1.28494e-10-0j 4.00568e-12-0j 1.01584e-10-0j 6.48995e-12-0j 4.04719e-12-0j 6.5572e-12-0j 2.50355e-13-0j 2.5295e-13-0j 5.38679e-15-0j 5.44261e-15-0j 
-4.82825e-05-0j 0.000350382-0j 0.000541251-0j 7.80732e-05-0j 0.00122021-0j -3.48449e-06-0j 0.964968-0j -0.00257212-0j 3.8626e-05-0j 9.61834e-05-0j 4.51042e-05-0j -0.000928297-0j 6.5061e-06-0j 1.15618e-06-0j -0.000753921-0j 8.03624e-06-0j -0.000134458-0j -0.000165251-0j 1.07833e-07-0j -2.25668e-05-0j -8.88915e-07-0j 3.40175e-10-0j -4.5964e-05-0j 0.000330941-0j 0.000505976-0j 7.29849e-05-0j -4.69118e-06-0j 0.00106702-0j -0.00370987-0j 9.88864e-06-0j -0.00836367-0j 2.38836e-05-0j -0.0208266-0j 0.201004-0j 5.57786e-05-0j -0.000250347-0j -2.25705e-07-0j 8.04583e-06-0j -0.000659266-0j -0.000309156-0j -0.000117577-0j 9.92946e-06-0j 8.24054e-07-0j 9.42947e-08-0j -0.000157043-0j -5.50825e-05-0j -1.30869e-05-0j -2.09305e-05-0j 7.7045e-09-0j -1.84049e-06-0j -5.71555e-08-0j 1.8597e-11-0j -3.08142e-05-0j -3.11335e-05-0j 0.000220488-0j 0.000222773-0j 0.000334461-0j 0.000337927-0j 4.82447e-05-0j 4.87446e-05-0j -3.06917e-06-0j -3.10098e-06-0j -0.00242716-0j -2.87095e-06-0j -0.00245231-0j 6.46957e-06-0j 0.000955759-0j -2.9007e-06-0j 6.53662e-06-0j 0.000965663-0j 2.25035e-05-0j 5.60365e-05-0j 2.27367e-05-0j -0.00511846-0j 5.66172e-05-0j -0.000540827-0j -0.0051715-0j -0.000546431-0j 6.73589e-07-0j -0.00845264-0j 6.8057e-07-0j 2.41377e-05-0j -0.00854024-0j -0.00121926-0j -2.39245e-07-0j 2.43878e-05-0j 3.48176e-06-0j 0.0999047-0j -0.00123189-0j -2.41725e-07-0j 3.51784e-06-0j 0.10094-0j 0.0178175-0j -0.000267569-0j 0.0180022-0j -1.42893e-05-0j 1.0827e-06-0j 6.07671e-06-0j -0.000270342-0j 7.13203e-07-0j -1.44374e-05-0j 4.66971e-06-0j 1.09392e-06-0j 6.13968e-06-0j -9.61081e-05-0j 7.20594e-07-0j 4.7181e-06-0j -4.50689e-05-0j -9.71041e-05-0j -8.00904e-06-0j -4.76314e-05-0j -4.55359e-05-0j 5.61324e-08-0j -8.09203e-06-0j 4.71506e-09-0j 3.2733e-07-0j -1.39207e-05-0j -4.8125e-05-0j 5.67141e-08-0j 4.76392e-09-0j -8.02995e-06-0j 3.30722e-07-0j -1.40649e-05-0j -7.46979e-07-0j -8.11316e-06-0j -1.42573e-06-0j -7.5472e-07-0j 3.46697e-10-0j -1.44051e-06-0j -9.20308e-08-0j 3.50289e-10-0j -9.29845e-08-0j -2.35645e-09-0j -2.38087e-09-0j 6.66643e-13-0j 6.73551e-13-0j 
4.02354e-06-0j -8.88371e-05-0j 4.74179e-07-0j 0.000927674-0j -0.000101685-0j 2.90374e-07-0j 0.00257212-0j 0.934291-0j -9.79337e-06-0j 4.19119e-08-0j 3.95149e-08-0j 0.000115959-0j 7.73062e-05-0j -0.00129899-0j -9.99532e-07-0j 1.74633e-09-0j -0.000513456-0j 6.83296e-06-0j -0.000244626-0j -0.000132578-0j -3.54949e-05-0j -2.7252e-06-0j 3.83033e-06-0j -8.39079e-05-0j 4.43275e-07-0j 0.000867214-0j 3.90932e-07-0j -8.89181e-05-0j -9.88864e-06-0j -0.00359193-0j 0.00212056-0j -6.05553e-06-0j -9.07517e-06-0j -0.0251086-0j 4.88665e-08-0j 0.28127-0j 1.88087e-08-0j 9.56014e-05-0j -8.74041e-07-0j -8.24054e-07-0j -0.000448992-0j 2.87948e-09-0j -0.000299328-0j -0.000213913-0j 9.75728e-06-0j -3.64184e-08-0j -0.000154577-0j -2.64571e-05-0j -2.92634e-05-0j -2.18325e-05-0j -3.43245e-06-0j -1.98885e-07-0j 2.56785e-06-0j 2.59446e-06-0j -5.59035e-05-0j -5.64828e-05-0j 2.93015e-07-0j 2.96051e-07-0j 0.000573248-0j 0.000579189-0j 2.55764e-07-0j 2.58415e-07-0j -6.46957e-06-0j 2.39245e-07-0j -6.53662e-06-0j -0.00234999-0j -7.96466e-05-0j 2.41725e-07-0j -0.00237435-0j -8.04719e-05-0j -5.70563e-06-0j 2.44179e-08-0j -5.76475e-06-0j 0.00129775-0j 2.46709e-08-0j 6.75579e-05-0j 0.0013112-0j 6.8258e-05-0j -0.000756793-0j -7.40519e-06-0j -0.000764636-0j 2.11465e-08-0j -7.48193e-06-0j -0.0144874-0j 1.99371e-08-0j 2.13657e-08-0j 4.13706e-05-0j 0.000132452-0j -0.0146375-0j 2.01437e-08-0j 4.17993e-05-0j 0.000133824-0j 0.0680398-0j -7.13203e-07-0j 0.0687449-0j 0.0324163-0j -2.74512e-07-0j 1.76221e-09-0j -7.20594e-07-0j -0.000259063-0j 0.0327522-0j 2.03482e-09-0j -2.77357e-07-0j 1.78047e-09-0j 5.97133e-06-0j -0.000261747-0j 2.05591e-09-0j 5.62983e-06-0j 6.03322e-06-0j -9.45992e-05-0j -4.20259e-08-0j 5.68817e-06-0j -6.30661e-05-0j -9.55795e-05-0j -1.79088e-05-0j 5.68751e-11-0j -2.64405e-05-0j -4.24614e-08-0j -6.37197e-05-0j -1.80944e-05-0j 2.48806e-07-0j 5.74645e-11-0j -2.67145e-05-0j -1.78149e-05-0j 2.51384e-07-0j -5.57431e-06-0j -1.79995e-05-0j -1.98048e-06-0j -5.63208e-06-0j -1.82781e-06-0j -2.00101e-06-0j -1.84675e-06-0j -1.98463e-07-0j -2.0052e-07-0j -9.17448e-09-0j -9.26956e-09-0j 
-4.40757e-05-0j 0.000319853-0j -5.19437e-06-0j 7.12708e-05-0j 0.000665638-0j 0.00122135-0j 3.8626e-05-0j 9.79337e-06-0j 0.967341-0j 8.7914e-05-0j 0.000124467-0j -0.00170589-0j -0.00170779-0j -0.000202099-0j -0.000515601-0j -1.91301e-08-0j -0.000184876-0j 5.24959e-07-0j -1.41033e-05-0j 1.0772e-07-0j 8.5309e-09-0j 3.10536e-10-0j -4.19592e-05-0j 0.000302106-0j -4.85583e-06-0j 6.66258e-05-0j 0.000613553-0j 0.000777935-0j 3.56035e-05-0j 9.02706e-06-0j -0.00456245-0j -0.00837147-0j -4.14646e-07-0j 8.04583e-06-0j -0.0146856-0j 9.53198e-07-0j 8.89708e-05-0j 0.201498-0j -0.000602586-0j -0.00085313-0j -0.000216066-0j 4.51924e-06-0j -0.000216306-0j -1.64827e-05-0j -0.0001074-0j 1.31122e-07-0j -1.79942e-05-0j 6.64906e-08-0j -1.00766e-06-0j 8.78539e-09-0j 5.4852e-10-0j 1.69767e-11-0j -2.81294e-05-0j -2.84209e-05-0j 0.000201278-0j 0.000203363-0j -3.20981e-06-0j -3.24308e-06-0j 4.40412e-05-0j 4.44976e-05-0j 0.000401412-0j 0.000405572-0j 2.32933e-05-0j 0.00050184-0j 2.35347e-05-0j 5.90588e-06-0j -1.81575e-06-0j 0.00050704-0j 5.96709e-06-0j -1.83456e-06-0j -0.0029432-0j -2.67485e-07-0j -0.0029737-0j -0.00373174-0j -2.70256e-07-0j 5.1903e-06-0j -0.00377041-0j 5.24409e-06-0j 6.149e-07-0j 4.84751e-05-0j 6.21272e-07-0j 8.89452e-05-0j 4.89775e-05-0j -0.000665117-0j -0.0120251-0j 8.98669e-05-0j -0.0012204-0j 1.98905e-06-0j -0.000672009-0j -0.0121497-0j -0.00123304-0j 2.00966e-06-0j 7.13203e-07-0j 0.0704467-0j 7.20594e-07-0j 5.44069e-08-0j -0.000426791-0j 3.6964e-06-0j 0.0711767-0j 0.0178613-0j 5.49707e-08-0j 6.40945e-06-0j -0.000431214-0j 3.7347e-06-0j -8.78452e-05-0j 0.0180464-0j 6.47587e-06-0j -0.00012437-0j -8.87555e-05-0j -1.47179e-05-0j -2.16787e-05-0j -0.000125659-0j -1.47342e-05-0j -1.48704e-05-0j -8.24189e-07-0j -6.23035e-10-0j -9.52023e-06-0j -2.19034e-05-0j -1.48869e-05-0j -8.3273e-07-0j 1.91151e-08-0j -6.29492e-10-0j -9.61889e-06-0j -1.02708e-06-0j 1.93132e-08-0j 4.52917e-09-0j -1.03772e-06-0j -4.53439e-08-0j 4.5761e-09-0j 4.393e-10-0j -4.58138e-08-0j 4.43852e-10-0j 2.26148e-11-0j 2.28492e-11-0j 6.08559e-13-0j 6.14865e-13-0j 
-2.69907e-05-0j -4.16476e-06-0j 0.000608317-0j -4.59122e-07-0j -2.84507e-06-0j 0.000747923-0j 9.61834e-05-0j -4.19119e-08-0j 8.7914e-05-0j 0.97416-0j 5.06931e-05-0j -0.0021016-0j -3.82601e-08-0j 6.47548e-07-0j -0.000847907-0j -0.00128982-0j 1.05611e-06-0j -0.000185521-0j -2.52061e-10-0j -6.24543e-06-0j 3.47886e-09-0j -4.96198e-13-0j -2.56947e-05-0j -3.93367e-06-0j 0.000568671-0j -4.29199e-07-0j -2.62245e-06-0j 0.000476386-0j 8.86572e-05-0j -3.86323e-08-0j -4.14646e-07-0j 0.000109004-0j -0.00459461-0j 9.91218e-06-0j -0.0120041-0j -3.05415e-09-0j -1.26173e-07-0j 9.05998e-06-0j 0.141976-0j 7.3881e-06-0j -0.000176837-0j -0.00105967-0j -3.21936e-09-0j 4.22057e-08-0j -8.7381e-05-0j -0.00018798-0j 7.69594e-08-0j -1.56105e-05-0j -1.49973e-11-0j -4.07062e-07-0j 1.91634e-10-0j -2.41056e-14-0j -1.72257e-05-0j -1.74042e-05-0j -2.6208e-06-0j -2.64796e-06-0j 0.000375905-0j 0.0003798-0j -2.8371e-07-0j -2.8665e-07-0j -1.71572e-06-0j -1.7335e-06-0j 5.80033e-05-0j 0.000307313-0j 5.86044e-05-0j -2.52749e-08-0j -1.11191e-06-0j 0.000310497-0j -2.55368e-08-0j -1.12344e-06-0j -2.67485e-07-0j -0.00296395-0j -2.70256e-07-0j 4.85904e-05-0j -0.00299466-0j 6.39427e-06-0j 4.90939e-05-0j 6.46053e-06-0j -1.97021e-09-0j 3.96238e-05-0j -1.99063e-09-0j -0.0104165-0j 4.00344e-05-0j -2.99057e-08-0j 2.56094e-05-0j -0.0105244-0j 7.86172e-06-0j -0.000468641-0j -3.02156e-08-0j 2.58748e-05-0j 7.94319e-06-0j -0.000473498-0j 5.83714e-07-0j -0.00122439-0j 5.89763e-07-0j -1.39315e-10-0j -1.28694e-08-0j 0.124178-0j -0.00123708-0j 5.33529e-07-0j -1.40759e-10-0j -0.000246996-0j -1.30027e-08-0j 0.125465-0j 0.0102398-0j 5.39058e-07-0j -0.000249555-0j 5.32856e-07-0j 0.0103459-0j -9.01852e-06-0j -0.000108085-0j 5.38377e-07-0j -1.64184e-10-0j -9.11197e-06-0j 1.75747e-09-0j -7.01341e-05-0j -5.14574e-06-0j -0.000109205-0j -1.65886e-10-0j 1.77568e-09-0j -1.35578e-05-0j -7.08609e-05-0j -5.19907e-06-0j 3.51049e-09-0j -1.36983e-05-0j -7.96118e-07-0j 3.54687e-09-0j -5.78171e-13-0j -8.04368e-07-0j -1.69503e-08-0j -5.84162e-13-0j -1.71259e-08-0j 6.91064e-12-0j 6.98225e-12-0j -7.77516e-16-0j -7.85573e-16-0j 
-2.54471e-05-0j -3.92657e-06-0j 0.000285264-0j -4.32864e-07-0j 0.000771295-0j -1.83649e-06-0j 4.51042e-05-0j -3.95149e-08-0j 0.000124467-0j 5.06931e-05-0j 0.975902-0j 5.14679e-06-0j -0.00148085-0j -3.18834e-09-0j -0.00242941-0j 4.23547e-06-0j -0.000142406-0j 9.16209e-07-0j 6.83333e-08-0j 6.22317e-08-0j 1.63137e-09-0j -4.6782e-13-0j -2.42252e-05-0j -3.7087e-06-0j 0.000266673-0j -4.04653e-07-0j 0.000710942-0j -2.34559e-06-0j 4.15749e-05-0j -3.64229e-08-0j 0.00011241-0j -2.67653e-07-0j 4.57824e-05-0j 4.64821e-06-0j -0.00845317-0j -2.87948e-09-0j -0.0147532-0j 1.2827e-05-0j 7.3881e-06-0j 0.14223-0j 4.33072e-07-0j -0.0015048-0j -0.000124604-0j -2.07809e-10-0j -0.000250363-0j 6.17285e-07-0j -1.03772e-05-0j 7.70935e-08-0j 4.06575e-09-0j 4.05612e-09-0j 8.98645e-11-0j -2.2727e-14-0j -1.62405e-05-0j -1.64088e-05-0j -2.47092e-06-0j -2.49652e-06-0j 0.000176277-0j 0.000178103-0j -2.67485e-07-0j -2.70256e-07-0j 0.000465129-0j 0.000469949-0j 2.72001e-05-0j -1.51312e-06-0j 2.74819e-05-0j -2.38294e-08-0j -1.04832e-06-0j -1.5288e-06-0j -2.40764e-08-0j -1.05918e-06-0j 7.25147e-05-0j 2.95338e-05-0j 7.32661e-05-0j -2.39245e-07-0j 2.98399e-05-0j 2.99852e-06-0j -2.41725e-07-0j 3.0296e-06-0j -1.85753e-09-0j -0.00534289-0j -1.87678e-09-0j 1.27217e-05-0j -0.00539826-0j 8.10739e-06-0j -0.00517646-0j 1.28535e-05-0j -1.9304e-08-0j 4.66971e-06-0j 8.1914e-06-0j -0.0052301-0j -1.95041e-08-0j 4.7181e-06-0j 2.73727e-07-0j -0.000862206-0j 2.76563e-07-0j -1.31347e-10-0j -0.00150479-0j 3.20271e-06-0j -0.000871141-0j 7.55361e-07-0j -1.32708e-10-0j 0.101037-0j -0.00152039-0j 3.2359e-06-0j 5.32856e-07-0j 7.63189e-07-0j 0.102084-0j 0.0102581-0j 5.38377e-07-0j 2.20862e-08-0j -0.000153486-0j 0.0103644-0j -6.3547e-06-0j 2.23151e-08-0j -8.65326e-12-0j 1.72518e-07-0j -1.47435e-05-0j -0.000155077-0j -6.42056e-06-0j -8.74294e-12-0j 4.45207e-08-0j 1.74306e-07-0j -1.48963e-05-0j -4.73357e-07-0j 4.49821e-08-0j 3.93169e-09-0j -4.78262e-07-0j 1.56741e-10-0j 3.97244e-09-0j 1.68899e-10-0j 1.58365e-10-0j 1.70649e-10-0j 3.24067e-12-0j 3.27425e-12-0j -7.33049e-16-0j -7.40645e-16-0j 
5.50946e-06-0j -8.08134e-05-0j -6.17615e-05-0j 0.000414483-0j 5.80748e-07-0j -0.000152669-0j 0.000928297-0j 0.000115959-0j 0.00170589-0j 0.0021016-0j -5.14679e-06-0j 0.943675-0j 3.45403e-05-0j -0.00360846-0j 0.000173887-0j -9.17006e-07-0j -0.00145335-0j -0.000877304-0j 2.34921e-06-0j -0.000367822-0j -2.42409e-05-0j 1.3007e-08-0j 5.2449e-06-0j -7.63295e-05-0j -5.77363e-05-0j 0.00038747-0j 5.35305e-07-0j -9.72419e-05-0j 0.00085566-0j 0.000106886-0j -8.04583e-06-0j 0.00211512-0j -9.91218e-06-0j -0.00445084-0j 0.00121876-0j 1.70193e-05-0j 2.57549e-08-0j -0.00817912-0j -0.0291161-0j 7.1305e-05-0j 0.243352-0j -1.13304e-06-0j 8.90714e-06-0j -0.000393358-0j -0.000833724-0j 1.27044e-05-0j -0.000213307-0j -0.000226236-0j 2.10103e-07-0j -4.00963e-05-0j -1.87205e-06-0j 8.13034e-10-0j 3.51618e-06-0j 3.55261e-06-0j -5.08543e-05-0j -5.13813e-05-0j -3.8165e-05-0j -3.85605e-05-0j 0.000256126-0j 0.000258781-0j 3.50219e-07-0j 3.53849e-07-0j 0.000559809-0j -6.27299e-05-0j 0.00056561-0j 6.99291e-05-0j 2.26968e-07-0j -6.338e-05-0j 7.06538e-05-0j 2.2932e-07-0j -5.1903e-06-0j -6.39427e-06-0j -5.24409e-06-0j 0.000942854-0j -6.46053e-06-0j -0.0028712-0j 0.000952624-0j -0.00290095-0j 1.0979e-05-0j -4.02294e-06-0j 1.10928e-05-0j 0.00105757-0j -4.06463e-06-0j 2.69981e-05-0j -5.2275e-06-0j 0.00106853-0j -0.00709736-0j 9.61081e-05-0j 2.72779e-05-0j -5.28167e-06-0j -0.00717091-0j 9.71041e-05-0j -0.00080327-0j -0.011817-0j -0.000811594-0j 1.29842e-06-0j -2.49718e-07-0j 0.000132776-0j -0.0119395-0j -0.00147614-0j 1.31187e-06-0j -5.32856e-07-0j -2.52306e-07-0j 0.000134152-0j 0.0977002-0j -0.00149143-0j -5.38377e-07-0j -0.000239266-0j 0.0987127-0j 0.0249964-0j 1.09859e-05-0j -0.000241746-0j 9.14915e-07-0j 0.0252554-0j -2.4621e-05-0j -3.73512e-08-0j -0.000150467-0j 1.10997e-05-0j 9.24396e-07-0j -2.48761e-05-0j -4.26302e-05-0j -3.77383e-08-0j -0.000152027-0j -1.62734e-05-0j -4.3072e-05-0j -2.32383e-05-0j -1.64421e-05-0j 1.13555e-08-0j -2.34792e-05-0j -2.50969e-06-0j 1.14732e-08-0j -2.5357e-06-0j -9.01019e-08-0j -9.10356e-08-0j 3.27991e-11-0j 3.3139e-11-0j 
3.67297e-06-0j -5.38756e-05-0j 4.32864e-07-0j 0.000276322-0j -0.000111327-0j 2.65074e-07-0j -6.5061e-06-0j 7.73062e-05-0j 0.00170779-0j 3.82601e-08-0j 0.00148085-0j 3.45403e-05-0j 0.945311-0j 1.25632e-05-0j 0.0001743-0j 1.59417e-09-0j -0.00292891-0j 2.0353e-06-0j -0.000450334-0j 1.28222e-06-0j 1.69895e-07-0j 8.67135e-09-0j 3.4966e-06-0j -5.08863e-05-0j 4.04653e-07-0j 0.000258313-0j -0.000102616-0j 3.38557e-07-0j -5.99701e-06-0j 7.12571e-05-0j 0.00154235-0j -3.6724e-06-0j 3.45538e-08-0j 3.11943e-05-0j -1.2827e-05-0j 1.13462e-05-0j 0.00212944-0j -0.00818819-0j -5.30066e-07-0j -0.020516-0j 8.90714e-06-0j -7.55836e-07-0j 0.243774-0j 1.36951e-06-0j -0.000835704-0j -2.20861e-08-0j -0.000429874-0j 5.24858e-07-0j -4.02758e-05-0j 1.39775e-07-0j 1.31205e-08-0j 5.42023e-10-0j 2.34412e-06-0j 2.36841e-06-0j -3.39029e-05-0j -3.42542e-05-0j 2.67485e-07-0j 2.70256e-07-0j 0.000170751-0j 0.00017252-0j -6.71355e-05-0j -6.78313e-05-0j -3.9235e-06-0j 2.184e-07-0j -3.96416e-06-0j 4.66194e-05-0j 1.51312e-07-0j 2.20664e-07-0j 4.71025e-05-0j 1.5288e-07-0j 0.000994958-0j 2.22904e-08-0j 0.00100527-0j -3.28263e-06-0j 2.25214e-08-0j 2.01232e-05-0j -3.31665e-06-0j 2.03317e-05-0j 7.31932e-06-0j -8.10739e-06-0j 7.39517e-06-0j 1.9304e-08-0j -8.1914e-06-0j -0.00517541-0j 0.000747157-0j 1.95041e-08-0j 1.23229e-05-0j -3.35032e-07-0j -0.00522905-0j 0.0007549-0j 1.24506e-05-0j -3.38504e-07-0j 5.62983e-06-0j 0.00012437-0j 5.68817e-06-0j 8.65613e-07-0j -0.0206469-0j 1.60867e-09-0j 0.000125659-0j -0.00147777-0j 8.74583e-07-0j 7.62564e-05-0j -0.0208609-0j 1.62534e-09-0j 1.77866e-06-0j -0.00149309-0j 7.70467e-05-0j 0.0688423-0j 1.79709e-06-0j 9.14915e-07-0j 7.32855e-06-0j 0.0695558-0j 0.0250397-0j 9.24396e-07-0j 8.57202e-08-0j 5.19196e-11-0j -0.000150825-0j 7.4045e-06-0j 0.0252992-0j 8.66085e-08-0j 7.41106e-08-0j 5.24576e-11-0j -0.000152388-0j -3.27956e-05-0j 7.48786e-08-0j 5.39119e-08-0j -3.31355e-05-0j -2.17681e-06-0j 5.44706e-08-0j 8.74878e-09-0j -2.19937e-06-0j 8.83944e-09-0j 6.31492e-10-0j 6.38036e-10-0j 2.18661e-11-0j 2.20927e-11-0j 
-3.24648e-07-0j 9.57405e-06-0j -3.82601e-08-0j -0.000150758-0j -3.42209e-08-0j 8.99612e-06-0j 1.15618e-06-0j 0.00129899-0j -0.000202099-0j 6.47548e-07-0j -3.18834e-09-0j 0.00360846-0j -1.25632e-05-0j 0.913244-0j 1.0772e-07-0j -1.40906e-10-0j 0.000171157-0j -1.11044e-06-0j -0.00185637-0j -0.000486767-0j -0.000407644-0j -5.24762e-05-0j -3.09059e-07-0j 9.04283e-06-0j -3.57666e-08-0j -0.000140933-0j -3.15432e-08-0j 5.73003e-06-0j 1.06571e-06-0j 0.00119735-0j 9.53198e-07-0j -0.00025058-0j -3.05415e-09-0j -1.70193e-05-0j 7.54998e-07-0j -0.00430731-0j -1.51762e-09-0j 0.00297495-0j -1.8037e-05-0j 8.8809e-08-0j -0.028659-0j -2.32337e-10-0j 9.9779e-05-0j 0.310836-0j -1.58568e-06-0j 3.92484e-09-0j -0.000567538-0j 8.8193e-06-0j -0.000336078-0j -0.000165678-0j -5.27647e-05-0j -4.60162e-06-0j -2.07193e-07-0j -2.0934e-07-0j 6.02477e-06-0j 6.0872e-06-0j -2.36425e-08-0j -2.38875e-08-0j -9.31597e-05-0j -9.41251e-05-0j -2.06369e-08-0j -2.08507e-08-0j 6.97231e-07-0j 3.6964e-06-0j 7.04456e-07-0j 0.000783356-0j -1.33742e-08-0j 3.7347e-06-0j 0.000791473-0j -1.35128e-08-0j 6.149e-07-0j -1.97021e-09-0j 6.21272e-07-0j -0.000111701-0j -1.99063e-09-0j -1.0979e-05-0j -0.000112858-0j -1.10928e-05-0j -0.00277861-0j -2.49214e-09-0j -0.0028074-0j 6.55143e-07-0j -2.51797e-09-0j -9.8199e-06-0j 3.08033e-07-0j 6.61932e-07-0j 0.00258149-0j 5.95374e-08-0j -9.92166e-06-0j 3.11225e-07-0j 0.00260824-0j 6.01544e-08-0j 9.45992e-05-0j -1.47179e-05-0j 9.55795e-05-0j -0.00102602-0j 2.95844e-08-0j 2.72265e-08-0j -1.48704e-05-0j -0.0165359-0j -0.00103666-0j -1.64184e-10-0j 2.9891e-08-0j 2.75087e-08-0j 0.000185818-0j -0.0167072-0j -1.65886e-10-0j -9.14915e-07-0j 0.000187744-0j 0.0665071-0j 4.52917e-09-0j -9.24396e-07-0j -0.000231551-0j 0.0671963-0j 0.0393835-0j -4.58909e-12-0j 8.81376e-06-0j 4.5761e-09-0j -0.00023395-0j 0.0397916-0j -4.04339e-08-0j -4.63664e-12-0j 8.90509e-06-0j -0.000135191-0j -4.08529e-08-0j -2.04664e-05-0j -0.000136591-0j -3.04446e-05-0j -2.06785e-05-0j -2.09917e-05-0j -3.07601e-05-0j -2.12092e-05-0j -3.82158e-06-0j -3.86119e-06-0j -2.47866e-07-0j -2.50434e-07-0j 
4.49845e-06-0j -3.26449e-05-0j -0.000101386-0j -7.27404e-06-0j -6.79364e-05-0j 3.24648e-07-0j 0.000753921-0j -9.99532e-07-0j 0.000515601-0j 0.000847907-0j 0.00242941-0j 0.000173887-0j 0.0001743-0j -1.0772e-07-0j 0.952213-0j 0.00021497-0j -0.00360851-0j -0.00293928-0j 1.43942e-06-0j -0.000198938-0j 1.6651e-07-0j -3.16939e-11-0j 4.28244e-06-0j -3.08336e-05-0j -9.47786e-05-0j -6.79997e-06-0j -6.26205e-05-0j 4.14646e-07-0j 0.000694927-0j -9.2132e-07-0j 0.000465654-0j -2.22522e-06-0j 0.000765769-0j 0.000157043-0j 0.00149695-0j -9.72853e-08-0j -9.08054e-06-0j 0.0001074-0j -0.00581177-0j -0.0166518-0j 2.20243e-05-0j -0.0253035-0j 2.20766e-05-0j -8.78539e-09-0j 0.198347-0j -0.00147346-0j -0.000351219-0j -0.000372285-0j 1.02844e-07-0j -1.62249e-05-0j 1.07063e-08-0j -1.73268e-12-0j 2.87095e-06-0j 2.9007e-06-0j -2.05428e-05-0j -2.07557e-05-0j -6.26508e-05-0j -6.33e-05-0j -4.49493e-06-0j -4.54151e-06-0j -4.0969e-05-0j -4.13935e-05-0j 0.000454651-0j 2.67485e-07-0j 0.000459363-0j -6.02767e-07-0j 1.85319e-07-0j 2.70256e-07-0j -6.09013e-07-0j 1.87239e-07-0j 0.000300389-0j 0.000493991-0j 0.000303502-0j -1.98905e-06-0j 0.000499111-0j 0.000101307-0j -2.00966e-06-0j 0.000102357-0j -6.2758e-08-0j 0.000946162-0j -6.34083e-08-0j -4.52143e-06-0j 0.000955967-0j 6.78832e-05-0j -6.40945e-06-0j -4.56828e-06-0j -3.24394e-07-0j -0.00367338-0j 6.85867e-05-0j -6.47587e-06-0j -3.27755e-07-0j -0.00371145-0j 1.39207e-05-0j -0.00718086-0j 1.40649e-05-0j -5.55288e-09-0j 4.35592e-05-0j 0.000108085-0j -0.00725527-0j 9.52023e-06-0j -5.61042e-09-0j -0.011837-0j 4.40106e-05-0j 0.000109205-0j -0.000847243-0j 9.61889e-06-0j -0.0119597-0j -0.00242751-0j -0.000856023-0j 1.50024e-06-0j 0.121381-0j -0.00245267-0j 1.5038e-06-0j 1.51579e-06-0j -4.393e-10-0j 1.1689e-05-0j 0.017582-0j 0.122638-0j 1.51939e-06-0j -4.43852e-10-0j -0.000214801-0j 1.18102e-05-0j 0.0177642-0j -2.0047e-05-0j -0.000217027-0j -2.53591e-05-0j -2.02547e-05-0j 4.6279e-09-0j -2.56219e-05-0j -8.113e-07-0j 4.67585e-09-0j -8.19707e-07-0j 4.41407e-10-0j 4.45981e-10-0j -6.21108e-14-0j -6.27544e-14-0j 
1.12461e-06-0j 1.73532e-07-0j -5.08257e-05-0j 1.91301e-08-0j 1.18545e-07-0j 8.1162e-08-0j -8.03624e-06-0j 1.74633e-09-0j 1.91301e-08-0j 0.00128982-0j -4.23547e-06-0j -9.17006e-07-0j 1.59417e-09-0j 1.40906e-10-0j 0.00021497-0j 0.95871-0j -8.8239e-08-0j -0.00295655-0j 1.05025e-11-0j 1.5834e-06-0j -2.90663e-10-0j 2.06749e-14-0j 1.07061e-06-0j 1.63903e-07-0j -4.75132e-05-0j 1.78833e-08-0j 1.09269e-07-0j 1.03661e-07-0j -7.40742e-06-0j 1.60968e-09-0j 1.72769e-08-0j 1.18287e-08-0j 0.00116487-0j -8.28175e-07-0j -5.23784e-06-0j 1.27256e-10-0j 5.2572e-09-0j 1.97145e-09-0j 0.00018798-0j -6.17285e-07-0j -7.71606e-08-0j -0.0168875-0j 1.3414e-10-0j 9.18394e-12-0j 2.21537e-05-0j 0.139724-0j -6.43005e-09-0j -0.000248776-0j 6.24888e-13-0j 1.03202e-07-0j -1.60112e-11-0j 1.0044e-15-0j 7.17736e-07-0j 7.25174e-07-0j 1.092e-07-0j 1.10332e-07-0j -3.14073e-05-0j -3.17328e-05-0j 1.18213e-08-0j 1.19438e-08-0j 7.14883e-08-0j 7.22291e-08-0j -4.84625e-06-0j 6.68711e-08-0j -4.89647e-06-0j 1.05312e-09-0j 4.63297e-08-0j 6.75641e-08-0j 1.06403e-09-0j 4.68098e-08-0j 1.11452e-08-0j 0.000751449-0j 1.12607e-08-0j 1.05733e-08-0j 0.000759236-0j -5.34249e-07-0j 1.06828e-08-0j -5.39785e-07-0j 8.20921e-11-0j -3.31062e-06-0j 8.29428e-11-0j -2.26663e-06-0j -3.34493e-06-0j 1.24607e-09-0j 5.57259e-09-0j -2.29011e-06-0j 8.53126e-10-0j 0.000118815-0j 1.25898e-09-0j 5.63034e-09-0j 8.61967e-10-0j 0.000120046-0j -4.877e-08-0j -5.34249e-07-0j -4.92754e-08-0j 5.80479e-12-0j 5.36223e-10-0j -0.0103349-0j -5.39785e-07-0j 1.16096e-10-0j 5.86494e-12-0j 6.26208e-05-0j 5.4178e-10-0j -0.010442-0j 1.35578e-05-0j 1.17299e-10-0j 6.32697e-05-0j -4.45207e-08-0j 1.36983e-05-0j -3.93511e-09-0j -0.00172249-0j -4.49821e-08-0j 6.84101e-12-0j -3.97589e-09-0j 3.82424e-13-0j 0.159471-0j 1.3046e-06-0j -0.00174034-0j 6.9119e-12-0j 3.86387e-13-0j 0.0100774-0j 0.161124-0j 1.31812e-06-0j -2.93306e-10-0j 0.0101818-0j -1.26873e-05-0j -2.96346e-10-0j 2.40904e-14-0j -1.28188e-05-0j 4.2974e-09-0j 2.43401e-14-0j 4.34194e-09-0j -5.77392e-13-0j -5.83375e-13-0j 3.23965e-17-0j 3.27322e-17-0j 
-5.30148e-07-0j 1.17053e-05-0j 5.943e-06-0j -0.000122232-0j 8.00638e-06-0j -3.82601e-08-0j -0.000134458-0j 0.000513456-0j -0.000184876-0j 1.05611e-06-0j -0.000142406-0j 0.00145335-0j 0.00292891-0j 0.000171157-0j 0.00360851-0j 8.8239e-08-0j 0.921992-0j 0.000258718-0j -0.00461798-0j -0.00334073-0j -0.000444866-0j 3.59077e-07-0j -5.04691e-07-0j 1.10558e-05-0j 5.55568e-06-0j -0.000114266-0j 7.37989e-06-0j -4.88665e-08-0j -0.000123937-0j 0.000473279-0j -0.000166967-0j 7.97887e-07-0j 9.538e-07-0j 0.00131256-0j -8.77476e-05-0j 0.000154577-0j 1.07015e-06-0j 0.00180473-0j -2.20243e-05-0j 0.00296977-0j -0.00562733-0j -1.56204e-05-0j -0.0113407-0j 2.81856e-05-0j -0.0352257-0j -1.84016e-06-0j 0.277568-0j -0.00100175-0j -0.000552425-0j -0.00055014-0j -4.30198e-05-0j 2.62054e-08-0j -3.38344e-07-0j -3.4185e-07-0j 7.36593e-06-0j 7.44226e-06-0j 3.67243e-06-0j 3.71048e-06-0j -7.55321e-05-0j -7.63148e-05-0j 4.82824e-06-0j 4.87827e-06-0j -8.10848e-05-0j -3.15234e-08-0j -8.19251e-05-0j 0.000309639-0j -2.184e-08-0j -3.185e-08-0j 0.000312848-0j -2.20664e-08-0j -0.000107709-0j 6.15289e-07-0j -0.000108825-0j 7.13203e-07-0j 6.21665e-07-0j 0.000846721-0j 7.20594e-07-0j 0.000855495-0j 9.97163e-05-0j -5.54616e-05-0j 0.00010075-0j 2.65035e-07-0j -5.60363e-05-0j 0.0011407-0j 7.55361e-07-0j 2.67781e-07-0j -5.45106e-06-0j -1.39207e-05-0j 0.00115252-0j 7.63189e-07-0j -5.50755e-06-0j -1.40649e-05-0j -0.0035568-0j 0.00128067-0j -0.00359366-0j 1.78149e-05-0j -1.56188e-05-0j 6.6723e-08-0j 0.00129394-0j -0.00489051-0j 1.79995e-05-0j -1.47435e-05-0j -1.57807e-05-0j 6.74145e-08-0j 0.000150467-0j -0.00494119-0j -1.48963e-05-0j -0.0202891-0j 0.000152027-0j -0.00118564-0j 0.000227979-0j -0.0204993-0j -0.0023894-0j -0.00119792-0j 2.3597e-06-0j 3.59412e-09-0j 0.0954553-0j 0.000230342-0j -0.00241416-0j 2.38415e-06-0j 1.25717e-05-0j 3.63137e-09-0j 0.0964445-0j 0.0319896-0j 1.2702e-05-0j -0.000211062-0j 0.0323211-0j -3.7387e-05-0j -0.000213249-0j -4.60577e-05-0j -3.77744e-05-0j -4.6535e-05-0j -2.48739e-06-0j -2.51317e-06-0j 1.20884e-09-0j 1.22137e-09-0j 
-3.24648e-07-0j 4.76198e-06-0j 1.09945e-05-0j -2.44237e-05-0j -3.42209e-08-0j -2.34294e-08-0j -0.000165251-0j -6.83296e-06-0j 5.24959e-07-0j -0.000185521-0j 9.16209e-07-0j 0.000877304-0j -2.0353e-06-0j -1.11044e-06-0j 0.00293928-0j 0.00295655-0j 0.000258718-0j 0.928814-0j -1.38429e-07-0j -0.00621742-0j 4.31525e-06-0j -7.66446e-10-0j -3.09059e-07-0j 4.49776e-06-0j 1.0278e-05-0j -2.28319e-05-0j -3.15432e-08-0j -2.99245e-08-0j -0.000152321-0j -6.2983e-06-0j 4.74105e-07-0j 3.24598e-07-0j -0.000167549-0j 0.000792318-0j 1.13304e-06-0j -1.00287e-06-0j -1.51762e-09-0j -2.51698e-06-0j 0.00257025-0j -1.26934e-05-0j 0.000226236-0j 0.00119956-0j -5.24858e-07-0j -1.21049e-07-0j -0.0140927-0j -0.0409608-0j 3.79719e-05-0j 0.23952-0j -1.23804e-08-0j -0.000677762-0j 3.33253e-07-0j -4.79085e-11-0j -2.07193e-07-0j -2.0934e-07-0j 2.99662e-06-0j 3.02767e-06-0j 6.79396e-06-0j 6.86437e-06-0j -1.50924e-05-0j -1.52488e-05-0j -2.06369e-08-0j -2.08507e-08-0j -9.96547e-05-0j -1.9304e-08-0j -0.000100687-0j -4.12061e-06-0j -1.33742e-08-0j -1.95041e-08-0j -4.16331e-06-0j -1.35128e-08-0j 3.05841e-07-0j -0.000108085-0j 3.09011e-07-0j 2.90147e-07-0j -0.000109205-0j 0.000511118-0j 2.93153e-07-0j 0.000516415-0j -6.46943e-07-0j 7.16147e-07-0j -6.53647e-07-0j 4.90312e-07-0j 7.23568e-07-0j -1.59088e-06-0j -1.60867e-09-0j 4.95393e-07-0j -1.0892e-06-0j 0.00162455-0j -1.60736e-06-0j -1.62534e-09-0j -1.10049e-06-0j 0.00164139-0j 0.000142995-0j -1.09859e-05-0j 0.000144476-0j -7.65101e-08-0j 1.47148e-08-0j 0.000734118-0j -1.10997e-05-0j -4.54255e-07-0j -7.73029e-08-0j -9.00705e-06-0j 1.48673e-08-0j 0.000741726-0j -0.00862458-0j -4.58962e-07-0j -9.10039e-06-0j 4.25932e-05-0j -0.00871396-0j 2.32383e-05-0j -0.0116309-0j 4.30346e-05-0j -5.39119e-08-0j 2.34792e-05-0j -7.57667e-09-0j 0.000241991-0j -0.0025434-0j -0.0117515-0j -5.44706e-08-0j -7.65518e-09-0j 0.137446-0j 0.000244498-0j -0.00256976-0j 2.89692e-06-0j 0.13887-0j 0.0246028-0j 2.92694e-06-0j -6.69132e-10-0j 0.0248577-0j -4.24223e-05-0j -6.76066e-10-0j -4.28619e-05-0j 1.60395e-08-0j 1.62058e-08-0j -1.93271e-12-0j -1.95274e-12-0j 
2.41978e-08-0j -8.92943e-07-0j 2.85174e-09-0j 1.87937e-05-0j -3.6544e-07-0j 1.74633e-09-0j -1.07833e-07-0j -0.000244626-0j 1.41033e-05-0j 2.52061e-10-0j -6.83333e-08-0j 2.34921e-06-0j -0.000450334-0j 0.00185637-0j 1.43942e-06-0j 1.05025e-11-0j 0.00461798-0j 1.38429e-07-0j 0.891826-0j 0.000189465-0j -0.0028473-0j -0.00074439-0j 2.30359e-08-0j -8.43397e-07-0j 2.66588e-09-0j 1.75689e-05-0j -3.36845e-07-0j 2.23044e-09-0j -9.93953e-08-0j -0.000225485-0j 1.27371e-05-0j -6.0867e-08-0j 2.27643e-10-0j 2.12164e-06-0j -4.21056e-08-0j 0.00167654-0j -4.88456e-08-0j -0.000277486-0j -8.78539e-09-0j 2.38171e-06-0j -2.81856e-05-0j -2.48109e-09-0j 0.00540305-0j -0.00544321-0j -2.83208e-05-0j -3.66058e-10-0j -0.0316493-0j -1.66085e-06-0j 0.33632-0j -0.000555545-0j -0.000558787-0j -8.17953e-05-0j 1.54432e-08-0j 1.56033e-08-0j -5.61912e-07-0j -5.67735e-07-0j 1.76221e-09-0j 1.78047e-09-0j 1.16134e-05-0j 1.17338e-05-0j -2.20378e-07-0j -2.22662e-07-0j -6.50287e-08-0j 1.43884e-09-0j -6.57025e-08-0j -0.000147522-0j 9.96856e-10-0j 1.45375e-09-0j -0.00014905-0j 1.00719e-09-0j 8.21661e-06-0j 1.46851e-10-0j 8.30176e-06-0j -5.44069e-08-0j 1.48373e-10-0j 1.36865e-06-0j -5.49707e-08-0j 1.38284e-06-0j 0.00108152-0j -2.66132e-08-0j 0.00109273-0j 1.27176e-10-0j -2.6889e-08-0j -0.000175388-0j -3.44774e-08-0j 1.28494e-10-0j 8.38126e-07-0j -5.55288e-09-0j -0.000177205-0j -3.48346e-08-0j 8.46811e-07-0j -5.61042e-09-0j -1.78149e-05-0j 1.02708e-06-0j -1.79995e-05-0j -0.00344043-0j 1.19148e-06-0j 1.0598e-11-0j 1.03772e-06-0j 0.00232999-0j -0.00347608-0j -3.51883e-09-0j 1.20383e-06-0j 1.07079e-11-0j 1.20973e-07-0j 0.00235413-0j -3.5553e-09-0j -3.27956e-05-0j 1.22227e-07-0j 0.000135191-0j 6.05211e-08-0j -3.31355e-05-0j -0.0259154-0j 0.000136591-0j -0.0014366-0j 3.4205e-13-0j 0.000237803-0j 6.11483e-08-0j -0.026184-0j -0.00145149-0j 5.04054e-09-0j 3.45595e-13-0j 0.000240268-0j 0.0649473-0j 5.09278e-09-0j 7.96618e-06-0j 0.0656204-0j 0.0461927-0j 8.04873e-06-0j -0.000146622-0j 0.0466714-0j -0.000148142-0j -5.42103e-05-0j -5.47721e-05-0j -5.29502e-06-0j -5.34989e-06-0j 
