0.660363-0j -0.420279-0j -0.245163-0j -0.042428-0j 0.0962425-0j -0.030312-0j -0.0433119-0j -0.0178652-0j -0.0268169-0j -0.00387069-0j -0.030293-0j -0.00437241-0j 0.048091-0j 0.0485894-0j 0.00694134-0j -0.0216423-0j 0.00701327-0j -0.0031238-0j -0.017854-0j -0.002577-0j -0.00570444-0j -0.000823366-0j -0.0199756-0j -0.00353122-0j -0.000294269-0j -0.022109-0j -0.00390835-0j -0.0174787-0j -0.000325696-0j 0.0569646-0j -0.0176598-0j -0.00308982-0j 0.0396481-0j 0.01007-0j -0.00312184-0j -0.000257485-0j -0.00720958-0j 0.0231281-0j 0.000839168-0j -0.000260153-0j 0.00700887-0j -0.0126168-0j -0.00127449-0j -0.00735978-0j 0.0040885-0j 0.000584072-0j -0.000106207-0j -0.00223035-0j -0.00191998-0j 0.000340709-0j -0.000185862-0j -0.00130104-0j -0.00010842-0j -0.000339408-0j -2.8284e-05-0j -0.0160061-0j -0.00266768-0j -0.00163361-0j -0.00033346-0j -0.0174677-0j -1.96493e-05-0j -0.00291128-0j -0.0135304-0j -0.00178279-0j -0.0136706-0j -0.00036391-0j 0.0240153-0j -2.14436e-05-0j -0.00225507-0j -0.0152842-0j -0.00138094-0j -0.00227844-0j 0.0498127-0j 0.00400255-0j -0.0089158-0j -0.00139525-0j -0.000281884-0j 0.0171574-0j 0.00245105-0j -0.000284805-0j -1.66101e-05-0j -0.00254737-0j 0.000500319-0j 0.0245156-0j -1.67823e-05-0j 0.00830212-0j -0.00155994-0j -0.00630442-0j -0.00148597-0j 0.0101122-0j 2.94816e-05-0j 0.00508399-0j 0.00285956-0j -0.000318421-0j -0.00636975-0j -0.000909965-0j 0.00175112-0j 0.00408594-0j 0.00103776-0j -0.000185746-0j -0.00287816-0j -1.87632e-05-0j 0.000357445-0j 0.00250212-0j -0.00105074-0j 6.11509e-05-0j 0.00168536-0j -1.09452e-05-0j -0.000634575-0j -0.000643442-0j 0.000510742-0j 0.00103207-0j 2.10626e-05-0j -0.00106163-0j -0.000131342-0j -0.00065011-0j 0.00021067-0j -0.000479693-0j 3.00958e-05-0j -7.73941e-06-0j -0.000132703-0j -0.000293751-0j -0.000105762-0j 1.24139e-05-0j -5.99617e-05-0j -6.4766e-05-0j -7.81961e-06-0j -1.32203e-05-0j -3.53328e-06-0j -7.79014e-07-0j 
0.420279-0j -0.00989867-0j -0.588734-0j 0.0525019-0j 0.00121233-0j -0.10965-0j 0.0494999-0j -0.0645711-0j 0.0331843-0j 0.00478974-0j 0.000741933-0j 0.000107089-0j -0.029433-0j -0.0296999-0j -0.00424829-0j -0.00154953-0j -0.00428682-0j -0.000223655-0j 0.0412302-0j 0.00595107-0j -0.027537-0j -0.00397462-0j 0.0247186-0j 0.00436967-0j 0.000364139-0j 0.000541491-0j 9.5723e-05-0j -0.0207992-0j 7.97692e-06-0j 0.0144192-0j -0.0209878-0j -0.00367682-0j -0.000480279-0j 0.00254897-0j -0.00371016-0j -0.000306401-0j -0.0435805-0j -0.0285651-0j 0.000212414-0j -0.00030918-0j -8.49022e-05-0j 0.0438331-0j -0.00770402-0j 0.0255806-0j -0.00504965-0j -7.07518e-06-0j -0.000642002-0j 0.00774868-0j -0.0115971-0j -0.000420804-0j 0.000645723-0j 0.00452205-0j 0.000376837-0j -0.0020501-0j -0.000170842-0j 0.0198065-0j 0.00330108-0j 0.00202149-0j 0.000412635-0j 0.000427817-0j 2.43148e-05-0j 7.13029e-05-0j -0.0161009-0j 4.36639e-05-0j -0.0162469-0j 8.91286e-06-0j 0.0152842-0j 5.25195e-07-0j -0.00268348-0j -0.000359983-0j -0.00164329-0j -0.00270782-0j 0.00024956-0j 0.00254737-0j -0.0214104-0j -0.00165819-0j -0.000335435-0j -0.0319211-0j 0.00155994-0j -0.000338477-0j -1.97657e-05-0j -5.99972e-05-0j 0.000318421-0j 0.0144103-0j -1.99449e-05-0j 4.15934e-05-0j -3.67406e-05-0j -0.000754271-0j -0.0035684-0j -0.0187978-0j 1.87632e-05-0j 2.54706e-05-0j -0.00532019-0j -7.49965e-06-0j 0.0447156-0j -0.00218519-0j -0.00325794-0j 0.00240172-0j 5.19917e-06-0j -0.000446049-0j 0.0133608-0j -4.41921e-07-0j -0.000665024-0j 0.00147074-0j -0.000125712-0j 3.06364e-07-0j -0.00313296-0j -2.62837e-05-0j -0.00460268-0j -7.69825e-05-0j 0.000300214-0j -0.00191854-0j -3.91869e-05-0j 0.0074526-0j -1.5714e-05-0j 0.00456377-0j -0.00039162-0j 0.00222681-0j 1.76903e-05-0j -9.25956e-07-0j 0.000931575-0j 0.00136364-0j -0.000767114-0j -2.30764e-05-0j 0.000278351-0j -0.000469759-0j 5.48936e-05-0j -9.58892e-05-0j 1.6402e-05-0j -5.65033e-06-0j 
-0.245163-0j 0.588734-0j -0.676356-0j -0.0306261-0j 0.0693394-0j -0.0218804-0j -0.0276249-0j -0.0157792-0j -0.0193575-0j -0.00279401-0j 0.0424348-0j 0.00612494-0j -0.017854-0j -0.0159392-0j -0.002577-0j 0.0303169-0j -0.00230063-0j 0.00437587-0j -0.0492557-0j -0.00710945-0j 0.0517268-0j 0.00746612-0j -0.0144192-0j -0.00254897-0j -0.000212414-0j 0.0309706-0j 0.00547487-0j -0.0126168-0j 0.000456239-0j -0.00841118-0j -0.0112636-0j -0.00223035-0j 0.0285651-0j -0.0014869-0j -0.00199115-0j -0.000185862-0j -0.00520415-0j -0.0328165-0j -0.000123908-0j -0.000165929-0j 0.00504965-0j -0.00804714-0j -0.000919972-0j -0.00650042-0j -0.0058012-0j 0.000420804-0j -7.66644e-05-0j -0.00142255-0j 0.059852-0j -0.000483433-0j -0.000118546-0j -0.00114912-0j -9.57603e-05-0j 0.0105804-0j 0.000881703-0j -0.0115538-0j -0.00192563-0j -0.0011792-0j -0.000240704-0j 0.024469-0j -1.41836e-05-0j 0.00407817-0j -0.00976677-0j 0.00249736-0j -0.0087193-0j 0.000509771-0j -0.0089158-0j 3.00385e-05-0j -0.00162779-0j 0.0214104-0j -0.000996816-0j -0.00145322-0j 0.0142736-0j -0.00148597-0j -0.0245969-0j -0.00088991-0j -0.000203474-0j -0.00636975-0j -0.000909965-0j -0.000181652-0j -1.19898e-05-0j 0.0035684-0j -0.000185746-0j -0.00804208-0j -1.0704e-05-0j 0.00237893-0j 0.00218519-0j 0.00883133-0j -0.00409949-0j -0.00459361-0j -1.09452e-05-0j 0.00145679-0j -0.00106163-0j 0.000446049-0j -0.0175729-0j -0.00251041-0j -0.00065011-0j -0.00134035-0j 0.000297366-0j -0.000512436-0j 0.0260986-0j 2.62837e-05-0j -0.000132703-0j -0.000820792-0j 0.00147189-0j 1.75225e-05-0j -0.000765601-0j -3.01956e-05-0j 0.0441106-0j 0.000901344-0j -0.000167543-0j -0.000468833-0j -7.81961e-06-0j -0.00292882-0j 0.000183986-0j -0.00179353-0j -9.57001e-05-0j 0.00434977-0j -9.87259e-06-0j 1.08415e-05-0j -0.000366102-0j 0.00266368-0j 0.00735176-0j -5.63918e-06-0j 0.000543721-0j 0.00450202-0j -2.15728e-05-0j 0.00091897-0j 3.20391e-05-0j 5.41508e-05-0j 
0.042428-0j 0.0525019-0j 0.0306261-0j 0.729912-0j -0.290812-0j -0.178085-0j -0.254461-0j -0.10496-0j 0.00335001-0j -0.0459648-0j -0.0110811-0j 0.152042-0j 0.00308982-0j 0.00312184-0j -0.0423947-0j 0.00270359-0j -0.0428341-0j -0.0370954-0j 0.00223035-0j -0.0306021-0j 0.000712608-0j -0.00977753-0j 0.00249538-0j -0.0207462-0j -0.00526007-0j 0.00276188-0j -0.0229618-0j -0.00639367-0j -0.00582183-0j 0.00145564-0j -0.00645993-0j 0.0531559-0j 0.00254737-0j -0.012102-0j 0.0537068-0j 0.0134774-0j 0.000900631-0j 0.00148597-0j -0.00306838-0j 0.013617-0j -0.0211784-0j 0.0015761-0j -0.0074877-0j 0.000919395-0j -0.0123541-0j -0.00536966-0j -0.00189846-0j -0.0131035-0j 0.000239847-0j -0.0031323-0j -0.00332231-0j -0.0076437-0j -0.00193801-0j -0.00199405-0j -0.000505578-0j 0.0019995-0j -0.0156728-0j 0.000204073-0j -0.00395986-0j 0.00218209-0j -0.000469128-0j -0.017104-0j 0.00169024-0j 0.000222708-0j 0.00170775-0j -0.00432146-0j -0.00451817-0j -0.000511968-0j -0.0132487-0j -0.00559095-0j 0.000172509-0j -0.013386-0j 0.00127289-0j 0.035415-0j -0.00326139-0j 0.000174297-0j -0.00334739-0j 0.00110235-0j -0.000461133-0j -0.00338208-0j -0.000396569-0j 0.0438239-0j 0.00894788-0j 0.00157511-0j -0.000400678-0j -0.00997733-0j -0.000570624-0j 0.000787557-0j 0.0255639-0j 0.000649702-0j 0.00106006-0j 0.000129913-0j -0.00864062-0j 0.0110724-0j 0.000795719-0j -0.000332864-0j 0.000112508-0j -0.0123463-0j -0.00252085-0j 0.00645892-0j 0.000359544-0j 0.00131176-0j -0.00218312-0j 0.000160759-0j -0.00617316-0j -0.000298648-0j -0.0050926-0j 0.000765195-0j 7.9272e-05-0j 8.03797e-05-0j -0.00311939-0j 6.63099e-05-0j -0.000258637-0j -0.00623713-0j -0.0015597-0j 8.12127e-05-0j -0.00128668-0j -0.00281824-0j -0.000369558-0j -0.000184779-0j -0.00157586-0j 3.66958e-05-0j -0.000621363-0j -0.000152435-0j -0.00071205-0j 8.09067e-06-0j -0.000186694-0j -0.000156992-0j -8.43572e-05-0j -1.8599e-05-0j 
0.0962425-0j -0.00121233-0j 0.0693394-0j 0.290812-0j -0.0130565-0j 0.207766-0j -0.285119-0j -0.357664-0j -0.00390835-0j 0.0536256-0j -8.73827e-05-0j 0.00119896-0j 0.00700887-0j -0.00680118-0j -0.0961671-0j -6.24292e-05-0j 0.0933174-0j 0.000856578-0j 0.00504965-0j -0.0692851-0j 0.00324323-0j -0.0444996-0j -0.00291128-0j 0.0242039-0j 0.00613675-0j -6.37752e-05-0j 0.000530217-0j -0.00254737-0j 0.000134433-0j 0.00830212-0j 0.00247189-0j 0.0211784-0j 0.000114369-0j -0.0690225-0j -0.0205509-0j 0.00536966-0j -0.00105074-0j -0.00654131-0j -0.0175002-0j -0.00521054-0j -0.000950842-0j 0.001766-0j 0.00873565-0j 0.00313296-0j 0.0543834-0j -0.00024108-0j 0.00221487-0j -0.0146822-0j 0.00136588-0j 0.0137886-0j -0.00372259-0j -0.0260469-0j -0.00660404-0j -0.0113557-0j -0.00287916-0j -0.00233275-0j 0.0182849-0j -0.000238085-0j 0.00461984-0j -5.03871e-05-0j 0.000547317-0j 0.000394952-0j -0.00197195-0j -5.14261e-06-0j 0.00191351-0j 9.97878e-05-0j 0.00350003-0j 1.1822e-05-0j 0.0154568-0j -4.40887e-05-0j -0.000201261-0j -0.0149988-0j 0.000143689-0j -0.0274345-0j 0.00252165-0j 0.000195297-0j 0.00390529-0j 0.00250054-0j 0.00035722-0j -0.00378956-0j 0.000462663-0j 0.000345583-0j -0.00693155-0j -0.00343151-0j -0.000448954-0j -0.00112629-0j -4.49978e-06-0j -1.81857e-05-0j -0.0197656-0j -0.00430462-0j -0.000821187-0j 1.46652e-05-0j -0.0196002-0j 8.73143e-05-0j 0.00180156-0j 0.000257365-0j 0.000255211-0j 0.0268974-0j -0.000284566-0j -0.00499394-0j 0.00163636-0j 1.03442e-05-0j -0.00495214-0j -0.000350227-0j 0.000142546-0j -3.37128e-05-0j 0.0337412-0j -0.000591637-0j 0.000542091-0j -1.85607e-06-0j 0.00679585-0j -0.000439339-0j -0.000586684-0j -0.0141212-0j 3.60153e-05-0j 0.00018387-0j 0.00852497-0j -0.0128264-0j 0.000805111-0j 4.26677e-06-0j -0.00356784-0j 0.00016701-0j -0.0042491-0j 0.00100996-0j -0.00324069-0j 5.53269e-05-0j -0.000422686-0j -0.00107357-0j -0.000383927-0j -0.000127187-0j 
-0.030312-0j 0.10965-0j -0.0218804-0j 0.178085-0j 0.207766-0j 0.108086-0j -0.531442-0j 0.0749868-0j -0.00239336-0j 0.0328388-0j -0.00270359-0j 0.0370954-0j 0.0064531-0j -0.00223035-0j -0.0885415-0j -0.0016409-0j 0.0306021-0j 0.0225145-0j 0.00465809-0j -0.0639126-0j -0.000509111-0j 0.0069854-0j -0.00178279-0j 0.0148218-0j 0.00375798-0j -0.00197318-0j 0.0164047-0j 0.00456016-0j 0.00415932-0j -0.00103996-0j -0.0015761-0j -0.0379124-0j 0.00532019-0j 0.00864606-0j 0.0131035-0j -0.00961247-0j -0.00792623-0j -0.00106163-0j 0.00219215-0j 0.00332231-0j -0.0442312-0j -0.000956592-0j 0.0658974-0j 0.00192016-0j 0.00882618-0j -0.0112145-0j 0.0167079-0j 0.00795295-0j -0.000171355-0j 0.00223782-0j 0.00201642-0j -0.0159639-0j -0.00404754-0j 0.00142462-0j 0.000361202-0j -0.00142851-0j 0.0111972-0j -0.000145797-0j 0.00282906-0j -0.00155896-0j 0.000335162-0j 0.0122197-0j 0.00353007-0j -0.000159111-0j -0.00122008-0j 0.0030874-0j -0.00110235-0j 0.000365767-0j -0.0276699-0j 0.00398764-0j 0.000360286-0j 0.00956342-0j -0.000909393-0j 0.00864062-0j -0.000795719-0j -0.000124524-0j -0.00699103-0j -0.000669054-0j -0.000112508-0j 0.00241627-0j -0.000828234-0j -0.0312565-0j 0.00218312-0j 0.00328963-0j 0.000286258-0j 0.00712815-0j 0.000406986-0j -0.00693109-0j 0.00623713-0j -0.000464169-0j 0.000258637-0j -9.28145e-05-0j 0.00524429-0j -0.00789721-0j -0.000482949-0j -8.12127e-05-0j -6.82851e-05-0j -0.0257853-0j 0.00180098-0j 0.00157586-0j 0.000750909-0j -0.00093559-0j 0.00132501-0j 0.000335747-0j 0.0543284-0j 0.000213364-0j 0.00363833-0j 0.000186694-0j -5.66347e-05-0j -0.000707402-0j -0.00651486-0j -4.73741e-05-0j 0.000156975-0j 0.00378553-0j 0.0137265-0j -4.92908e-05-0j 0.000919252-0j -0.00588589-0j -0.000771822-0j 0.00162619-0j 0.000956443-0j 7.66393e-05-0j 0.000443923-0j 0.000108905-0j -0.00148712-0j -5.78025e-06-0j 0.000113311-0j 0.000112161-0j -0.00017618-0j 1.32878e-05-0j 
0.0433119-0j 0.0494999-0j 0.0276249-0j -0.254461-0j 0.285119-0j 0.531442-0j -0.249604-0j -0.502304-0j 0.0034198-0j -0.0469224-0j -0.00371016-0j 0.0509063-0j -0.00303322-0j -0.00318438-0j 0.0416181-0j 0.00774868-0j 0.0436922-0j -0.106318-0j -0.00193463-0j 0.0265446-0j 0.00757575-0j -0.103945-0j 0.00254737-0j -0.0211784-0j -0.00536966-0j -0.00270782-0j 0.0225123-0j -0.00214346-0j 0.00570786-0j 0.00148597-0j -0.00225028-0j 0.0178204-0j 0.00240172-0j -0.0123541-0j 0.0187085-0j 0.00451825-0j -0.00449119-0j 0.00134035-0j -0.0031323-0j 0.00474342-0j -0.0199675-0j 0.00469972-0j 0.037339-0j -0.00423119-0j -0.0111434-0j -0.00506263-0j 0.00946708-0j -0.0390727-0j 0.00442229-0j -0.00282535-0j -0.00990665-0j 0.0351774-0j 0.00891901-0j -0.0367662-0j -0.00932185-0j 0.00204116-0j -0.0159993-0j 0.000208325-0j -0.00404236-0j -0.00213937-0j -0.000478902-0j 0.0167692-0j -0.00165928-0j -0.000218349-0j -0.00174197-0j 0.00423686-0j 0.00157511-0j 0.000501945-0j 0.013006-0j 0.00180016-0j -0.000169349-0j 0.0136542-0j -0.00124797-0j -0.0123463-0j 0.00100463-0j -0.000177789-0j 0.00328607-0j -0.00328963-0j 0.000160759-0j 0.00344983-0j 0.000389304-0j -0.0141103-0j -0.00311939-0j 0.00154505-0j 0.000408705-0j 0.00978201-0j 0.000183728-0j 0.00377186-0j -0.00787464-0j 0.00310927-0j -0.000369558-0j -0.00012737-0j 0.0257853-0j -0.00356507-0j -0.00209817-0j 0.000102535-0j -0.000335747-0j -0.0121107-0j 0.0024715-0j -0.00198959-0j -0.00367572-0j -0.000422358-0j 0.00651486-0j 0.000157691-0j -0.0295652-0j 0.000292801-0j -0.0243716-0j -0.000235709-0j 0.002236-0j 0.000384964-0j -0.00305985-0j 0.000317339-0j 0.000771822-0j 0.0164462-0j -0.00746988-0j -0.000214144-0j -0.00615767-0j 0.0288116-0j -0.000362504-0j -0.000884964-0j 0.00415527-0j -0.000375152-0j -0.0175265-0j -0.000729506-0j 0.00727949-0j 0.00022821-0j 0.000492278-0j -0.00442822-0j 0.000862408-0j -0.000524616-0j 
-0.0178652-0j 0.0645711-0j -0.0157792-0j 0.10496-0j -0.357664-0j 0.0749868-0j 0.502304-0j -0.608197-0j -0.0014106-0j 0.0193545-0j 0.00465416-0j -0.0638588-0j -0.00130104-0j -0.0061625-0j 0.0178512-0j 0.0033251-0j 0.0845543-0j -0.0456229-0j -0.00114912-0j 0.0157669-0j 0.0055688-0j -0.0764082-0j -0.00105074-0j 0.00873565-0j 0.00221487-0j 0.00339679-0j -0.0282403-0j -0.000919395-0j -0.00716016-0j -0.00061293-0j -0.00435481-0j 0.0076437-0j 0.00313296-0j 0.0050958-0j 0.0362052-0j 0.00193801-0j -0.000379231-0j -0.000765601-0j 0.00129201-0j 0.00917959-0j -0.0260469-0j -0.00311122-0j 0.00315286-0j 0.0053275-0j 0.00636508-0j -0.00660404-0j 0.000799389-0j 0.0258662-0j -0.00309996-0j 0.00161383-0j 0.00655822-0j -0.044292-0j -0.01123-0j 0.0257726-0j 0.00653448-0j -0.000841934-0j 0.00659939-0j -8.59296e-05-0j 0.00166739-0j 0.00268371-0j 0.000197537-0j -0.0210359-0j -0.000711713-0j 0.000273905-0j -0.0033711-0j -0.00531488-0j -0.000649702-0j -0.000629659-0j 0.00557866-0j 0.00234824-0j -7.26389e-05-0j 0.0264239-0j 0.0015655-0j 0.0050926-0j -0.00057384-0j -0.000344061-0j 0.00140949-0j -0.000464169-0j -6.63099e-05-0j 0.00667621-0j 0.000166984-0j -0.0184064-0j 0.00128668-0j -0.00310927-0j 0.000790937-0j -0.0122709-0j 0.000239667-0j 0.000968602-0j 0.00449797-0j 0.00376475-0j 0.000152435-0j 0.000159778-0j 0.00363833-0j -0.00465052-0j -0.000409971-0j -5.85673e-05-0j -4.73741e-05-0j 0.0243716-0j -0.00310035-0j 0.00113645-0j 0.00280972-0j -0.000550952-0j 0.000919252-0j -0.000317339-0j -0.00759225-0j -0.000367301-0j -0.0295095-0j 0.000134636-0j -0.0066765-0j 9.88575e-05-0j 0.00615767-0j 0.000384238-0j 0.000108905-0j 0.0032135-0j -0.00191824-0j -4.18425e-05-0j -0.0074558-0j -0.0220236-0j 0.000729506-0j -0.000227256-0j 0.000811917-0j 0.000286766-0j 0.0523328-0j -0.000883296-0j -0.00556443-0j -0.000681418-0j 9.61886e-05-0j 0.0132223-0j -0.000659224-0j 0.00156646-0j 
0.0268169-0j 0.0331843-0j 0.0193575-0j 0.00335001-0j 0.00390835-0j 0.00239336-0j 0.0034198-0j 0.0014106-0j 0.788188-0j -0.00119601-0j -0.227516-0j 0.000345235-0j -0.185766-0j -0.187691-0j 0.000281884-0j -0.162545-0j 0.000284805-0j 0.000246648-0j -0.134093-0j 0.000203474-0j -0.0428433-0j 6.5011e-05-0j 0.00157723-0j -0.0265213-0j 2.32348e-05-0j -0.00683146-0j 0.114872-0j 0.00138007-0j -0.000100637-0j 0.000920049-0j 0.00139438-0j -0.0232061-0j 0.00161009-0j -0.0154707-0j -0.0234466-0j 2.03304e-05-0j 0.000569252-0j 0.000939217-0j 1.35536e-05-0j 2.05411e-05-0j -0.0270738-0j 0.00099619-0j -0.00957204-0j 0.000581111-0j -0.0157931-0j 2.37188e-05-0j 8.38587e-06-0j -0.0167511-0j 0.000151597-0j 1.3836e-05-0j 1.46753e-05-0j -0.00977145-0j 8.56057e-06-0j -0.00254912-0j 2.23324e-06-0j 0.0012638-0j 0.000210634-0j -0.0246675-0j -0.00250445-0j 0.00137921-0j 1.55146e-06-0j 0.000229868-0j -0.00418077-0j -0.0269201-0j -0.00422409-0j -0.00273315-0j 0.000975247-0j 1.69314e-06-0j -0.000696795-0j 0.00120681-0j 0.0816023-0j -0.000704016-0j 0.000804538-0j 0.000162541-0j 0.00070397-0j 0.082448-0j 0.00828495-0j 0.00069675-0j -0.0190354-0j 0.00837081-0j -5.13238e-06-0j 0.000201134-0j -0.00193263-0j 0.000995564-0j -5.18557e-06-0j 0.00013409-0j -0.023555-0j 0.000497782-0j 0.000117328-0j 0.000410649-0j 1.19723e-06-0j -0.0157034-0j 0.000116125-0j -0.00239151-0j 0.000502941-0j -0.0137404-0j -0.0135995-0j 0.000165927-0j -0.00159434-0j -0.00139505-0j 0.000227253-0j 1.48149e-06-0j -0.00138074-0j -0.0194319-0j 8.29637e-05-0j 9.87663e-07-0j 6.84416e-05-0j 8.64205e-07-0j 5.01045e-05-0j -0.00971596-0j -0.00197289-0j -0.00801526-0j 8.55341e-07-0j 8.38235e-05-0j -0.000986446-0j -0.00981665-0j -0.000813776-0j 3.78755e-05-0j 1.22217e-06-0j 6.11085e-07-0j -0.000996668-0j -0.00443563-0j 8.35075e-06-0j 5.0412e-07-0j -0.000450343-0j -0.000977965-0j 6.17418e-07-0j -9.92912e-05-0j 2.78979e-07-0j 6.15091e-08-0j 
-0.00387069-0j -0.00478974-0j -0.00279401-0j 0.0459648-0j 0.0536256-0j 0.0328388-0j 0.0469224-0j 0.0193545-0j 0.00119601-0j 0.763481-0j -0.000345235-0j -0.220384-0j -0.000281884-0j -0.000284805-0j -0.179943-0j -0.000246648-0j -0.181807-0j -0.15745-0j -0.000203474-0j -0.129889-0j -6.5011e-05-0j -0.0415003-0j -0.000227653-0j 0.00382559-0j -0.045456-0j 0.000986036-0j -0.0165698-0j -0.000199197-0j 0.196884-0j -0.000132798-0j -0.000201261-0j 0.00334739-0j -0.000232396-0j 0.00223159-0j 0.00338208-0j -0.039774-0j -8.21644e-05-0j -0.000135564-0j -0.026516-0j -0.0401862-0j 0.00390529-0j -0.000143788-0j 0.00138073-0j -8.38761e-05-0j 0.00227808-0j -0.046403-0j -0.0164059-0j 0.00241627-0j -2.18812e-05-0j -0.0270684-0j -0.0287104-0j 0.00140949-0j -0.0167477-0j 0.000367701-0j -0.00436906-0j -0.000182414-0j 0.00289006-0j -1.86175e-05-0j -0.0168074-0j -0.000199071-0j -0.0061133-0j 0.00315397-0j 0.000603442-0j -2.03176e-05-0j 0.000609695-0j -0.0183422-0j -0.000140765-0j -0.00667155-0j -0.00956057-0j -0.000174187-0j 6.15885e-05-0j -0.00965964-0j -0.000116125-0j 0.00223019-0j -0.000101609-0j 6.22268e-05-0j 0.0556006-0j -0.000100567-0j -1.43667e-05-0j 0.0561767-0j 0.0202234-0j 0.00275972-0j -0.0129699-0j -0.000143697-0j 0.0204329-0j 0.00183981-0j -1.77779e-05-0j -7.18487e-05-0j 0.00160984-0j -5.92721e-05-0j -0.0047175-0j -1.1852e-05-0j 0.00159333-0j -0.0160495-0j -7.25932e-05-0j -1.03705e-05-0j -1.02641e-05-0j 0.00227665-0j -0.0106996-0j -0.00936219-0j -3.28011e-05-0j -0.0058376-0j -0.00926616-0j -1.4666e-05-0j 0.00113833-0j -0.00389174-0j 0.000939071-0j -0.00340527-0j -7.23197e-06-0j -7.33302e-06-0j -0.0132401-0j -6.04944e-06-0j -0.00337034-0j 0.00115012-0j -0.00662007-0j -7.40902e-06-0j -0.00546128-0j 0.000519681-0j -0.00481578-0j -0.00240789-0j -0.00668867-0j -3.34775e-06-0j 0.000114579-0j -0.00198641-0j -0.00302226-0j -7.38109e-07-0j -0.00243284-0j -0.000666346-0j -0.00109927-0j -0.000242367-0j 
-0.030293-0j -0.000741933-0j 0.0424348-0j 0.0110811-0j -8.73827e-05-0j -0.00270359-0j 0.00371016-0j 0.00465416-0j 0.227516-0j -0.000345235-0j -0.0148953-0j 2.26023e-05-0j 0.209845-0j -0.203626-0j -0.000318421-0j 0.00363418-0j 0.000308986-0j -5.51455e-06-0j -0.293954-0j 0.000446049-0j -0.188797-0j 0.000286483-0j -0.00178167-0j 0.029959-0j -2.62464e-05-0j -3.90297e-05-0j 0.000656289-0j 0.00456499-0j -5.74961e-07-0j -0.00103931-0j -0.00442972-0j -0.0767609-0j -3.59983e-05-0j 0.0174761-0j 0.0744863-0j 6.72486e-05-0j -0.000643038-0j 0.00205892-0j -1.53104e-05-0j -6.52559e-05-0j 0.000605316-0j 0.00108077-0j 0.0108128-0j 0.00191733-0j -0.034621-0j -5.30305e-07-0j -9.47284e-06-0j -0.0181733-0j 0.000835899-0j 3.03308e-05-0j 1.59213e-05-0j -0.0322402-0j 2.8245e-05-0j -0.0140557-0j 1.2314e-05-0j -0.00142762-0j -0.000237936-0j 0.0278649-0j 0.00282908-0j -3.08363e-05-0j -1.75256e-06-0j -5.13938e-06-0j -0.00120681-0j 0.000601878-0j 0.00117105-0j 6.11077e-05-0j 0.00322591-0j -3.78551e-08-0j -0.000201134-0j 7.90087e-05-0j 0.023555-0j 0.000195174-0j -1.79878e-05-0j 0.000537651-0j -0.0045189-0j -0.0228571-0j 0.00239151-0j -0.000787063-0j -0.0629648-0j -0.00232064-0j -1.48149e-06-0j 1.31681e-05-0j -0.00639272-0j 0.00108009-0j 1.43759e-06-0j -2.99797e-06-0j -0.00154213-0j -1.11294e-05-0j -0.00075315-0j 0.00135491-0j 3.96017e-06-0j 0.000351095-0j -0.000131177-0j -0.00015657-0j 0.00110253-0j 0.0882021-0j 0.0153623-0j 0.000180015-0j 3.56462e-05-0j 0.00895502-0j 0.00100143-0j 9.69923e-08-0j 0.00155971-0j -0.0210818-0j -1.8549e-06-0j -2.20821e-08-0j 0.000225818-0j -5.54747e-06-0j 0.000331753-0j 0.000217229-0j -0.0021404-0j -0.0264458-0j -9.66211e-07-0j 0.000183755-0j 2.20549e-05-0j -0.0215197-0j -0.002685-0j 0.000166905-0j 1.32594e-06-0j -1.36626e-08-0j -0.00218486-0j -0.0195465-0j 5.52921e-05-0j 1.66331e-06-0j -0.00198452-0j -0.00647532-0j 1.35348e-06-0j -0.000657429-0j 1.22937e-06-0j 4.07265e-07-0j 
0.00437241-0j 0.000107089-0j -0.00612494-0j 0.152042-0j -0.00119896-0j -0.0370954-0j 0.0509063-0j 0.0638588-0j 0.000345235-0j 0.220384-0j -2.26023e-05-0j -0.0144284-0j 0.000318421-0j -0.000308986-0j 0.203267-0j 5.51455e-06-0j -0.197244-0j 0.00352026-0j -0.000446049-0j -0.284739-0j -0.000286483-0j -0.182879-0j 0.000257162-0j -0.00432146-0j 0.051348-0j 5.63345e-06-0j -9.4667e-05-0j -0.000658899-0j 0.00112484-0j 0.000150011-0j 0.000639375-0j 0.0110724-0j 5.1959e-06-0j -0.00252085-0j -0.0107443-0j -0.131564-0j 9.28145e-05-0j -0.00029718-0j 0.029953-0j 0.127665-0j -8.73143e-05-0j -0.000155996-0j -0.0015597-0j -0.000276743-0j 0.00499394-0j 0.00103748-0j 0.0185325-0j 0.00262142-0j -0.000120652-0j -0.0593385-0j -0.031148-0j 0.00465052-0j -0.055258-0j 0.00202748-0j -0.0240908-0j 0.000206058-0j -0.00326466-0j 2.10308e-05-0j 0.018986-0j 4.45083e-06-0j 0.00690571-0j -7.05163e-05-0j 0.000174187-0j 4.54261e-07-0j -0.000169026-0j 0.000410096-0j -0.00046562-0j 0.000149162-0j -0.00275972-0j -1.14039e-05-0j 1.77779e-05-0j 0.00267794-0j 2.59632e-06-0j 0.00737699-0j 0.000652247-0j -1.72511e-05-0j 0.0160495-0j 0.000113603-0j -4.75221e-05-0j -0.0155739-0j 0.0058376-0j 0.000180677-0j -0.0429017-0j -0.000155898-0j -0.00566462-0j -4.11345e-05-0j -1.16391e-06-0j 1.60639e-06-0j -0.0103338-0j -0.000195564-0j -0.0156045-0j 2.64986e-07-0j -0.00179985-0j -0.00105075-0j -0.000159136-0j 6.65697e-05-0j 1.15945e-05-0j 0.00246995-0j 0.000239222-0j 0.0600974-0j -0.000144544-0j -0.000382183-0j 0.0104672-0j -1.59113e-05-0j -2.54507e-05-0j 8.70113e-05-0j 0.0030984-0j 0.021859-0j -4.78844e-05-0j 1.63952e-07-0j -0.0143643-0j -1.99597e-05-0j 0.00380721-0j 0.00252126-0j 0.000148011-0j -1.62418e-05-0j -0.0180191-0j 0.00229007-0j -0.00522466-0j 5.38355e-05-0j -0.0146627-0j -1.47525e-05-0j 0.000758651-0j -0.00655401-0j -0.0133182-0j -4.88718e-06-0j -0.00533319-0j -0.00441202-0j -0.00484416-0j -0.00160477-0j 
0.048091-0j 0.029433-0j -0.017854-0j -0.00308982-0j 0.00700887-0j 0.0064531-0j 0.00303322-0j -0.00130104-0j 0.185766-0j -0.000281884-0j 0.209845-0j -0.000318421-0j 0.320358-0j -0.336587-0j -0.000486116-0j -0.438261-0j 0.000510742-0j 0.000665024-0j -0.118934-0j 0.000180473-0j 0.0395157-0j -5.99617e-05-0j -0.00145473-0j 0.0244614-0j -2.14301e-05-0j -0.00161009-0j 0.0270738-0j 0.00122407-0j -2.37188e-05-0j 0.00414845-0j -0.00128608-0j -0.0205828-0j -0.00277664-0j -0.0697567-0j 0.0216255-0j 1.80322e-05-0j 0.00256478-0j 0.0016843-0j 6.11125e-05-0j -1.89457e-05-0j 0.0466895-0j 0.00268597-0j -0.0431271-0j 0.00051542-0j -0.0283218-0j -4.09038e-05-0j 3.77828e-05-0j -0.045165-0j -0.000139823-0j 2.48121e-05-0j 3.95681e-05-0j -0.00866686-0j 7.59286e-06-0j 0.00235114-0j -2.05978e-06-0j -0.00116564-0j -0.000194274-0j 0.0227516-0j 0.00230993-0j -0.00127209-0j -1.43096e-06-0j -0.000212014-0j 0.000947562-0j 0.0248292-0j -0.000995564-0j 0.00252087-0j 0.00174892-0j -1.56163e-06-0j 0.000157927-0j 0.00107039-0j -0.018495-0j -0.000165927-0j 0.00362762-0j 0.000291486-0j -0.000649294-0j 0.0194319-0j -0.00187777-0j -0.00365262-0j -0.0341362-0j 0.00197289-0j 1.16324e-06-0j 0.000178398-0j -0.0034658-0j -0.00171688-0j -1.22217e-06-0j 0.000604603-0j -0.0208923-0j 0.00224277-0j -0.000108216-0j 0.00073642-0j 2.147e-06-0j -0.0708056-0j -0.000608769-0j -0.00212116-0j 0.00135605-0j 0.0126732-0j 0.0712936-0j -0.000286147-0j -0.00718878-0j 0.00128669-0j 0.000201563-0j 1.31402e-06-0j 0.00723832-0j 0.0335109-0j 0.000373796-0j 4.45332e-06-0j 0.000122737-0j -7.97083e-07-0j -4.6213e-05-0j -0.0437756-0j 0.00340231-0j -0.0143738-0j -4.48401e-06-0j 0.000226009-0j -0.00444446-0j -0.0264681-0j -0.00145935-0j 3.35939e-05-0j -2.10767e-06-0j 2.75327e-06-0j -0.00268726-0j -0.00393422-0j -7.70216e-06-0j 9.04041e-07-0j -0.000399435-0j 0.000902007-0j 1.66471e-06-0j 9.15794e-05-0j 2.47443e-07-0j -5.67318e-08-0j 
-0.0485894-0j -0.0296999-0j 0.0159392-0j 0.00312184-0j 0.00680118-0j 0.00223035-0j -0.00318438-0j 0.0061625-0j -0.187691-0j 0.000284805-0j 0.203626-0j -0.000308986-0j 0.336587-0j -0.339809-0j -0.000510742-0j 0.145478-0j 0.000515631-0j -0.00022075-0j -0.110414-0j 0.000167543-0j -0.415783-0j 0.000630916-0j 0.0014698-0j -0.0247149-0j 2.16522e-05-0j -0.00156238-0j 0.0262715-0j 0.00128608-0j -2.3016e-05-0j -0.00419144-0j -0.00129839-0j -0.0216255-0j 0.00280182-0j 0.0704796-0j 0.0218325-0j 1.89457e-05-0j 0.000530479-0j -0.00150367-0j -6.17458e-05-0j -1.9127e-05-0j -0.0471129-0j -0.000927611-0j -0.00892008-0j 0.00253871-0j 0.0252843-0j 4.12747e-05-0j 7.8147e-06-0j 0.0155979-0j 0.00255161-0j -2.21511e-05-0j -1.3665e-05-0j -0.0426887-0j 3.73987e-05-0j -0.0429056-0j 3.75887e-05-0j 0.00117772-0j 0.000196287-0j -0.0229874-0j -0.00233387-0j -0.00123439-0j 1.44579e-06-0j -0.000205732-0j 0.000995564-0j 0.0240935-0j -0.00100509-0j 0.00244617-0j -0.00176704-0j -1.51536e-06-0j 0.000165927-0j -0.00108009-0j -0.0194319-0j -0.000167516-0j 0.00352012-0j -0.000294507-0j 0.000579658-0j 0.0196179-0j -0.00197289-0j -0.00126243-0j 0.03449-0j 0.00199177-0j 1.22217e-06-0j -0.000180015-0j 0.00350171-0j 0.00180244-0j -1.23387e-06-0j 0.000586687-0j 0.0210818-0j -0.000445515-0j 9.66097e-05-0j -0.00348813-0j -2.16925e-06-0j -0.0687075-0j -0.000210406-0j 0.0021404-0j 0.000414128-0j -0.0113141-0j 0.0246408-0j 0.000300407-0j -0.00697576-0j -0.0011487-0j 0.00220543-0j -1.32594e-06-0j 0.00250174-0j -0.0351809-0j -7.42525e-05-0j 4.32136e-06-0j -0.000581355-0j 7.11598e-07-0j 0.00129014-0j 0.00869579-0j -0.00357186-0j 0.0680831-0j -1.54979e-06-0j 6.90213e-05-0j 0.000882869-0j -0.00808316-0j 0.00691236-0j 0.000367572-0j 2.2127e-06-0j -5.46922e-07-0j -0.00082067-0j -0.0430467-0j 0.000215024-0j -4.28208e-06-0j -0.00437046-0j -0.0251816-0j 5.0839e-07-0j -0.00255665-0j 2.70742e-06-0j 1.5838e-06-0j 
-0.00694134-0j -0.00424829-0j 0.002577-0j -0.0423947-0j 0.0961671-0j 0.0885415-0j 0.0416181-0j -0.0178512-0j 0.000281884-0j 0.179943-0j 0.000318421-0j 0.203267-0j 0.000486116-0j -0.000510742-0j 0.310316-0j -0.000665024-0j -0.326036-0j -0.424523-0j -0.000180473-0j -0.115206-0j 5.99617e-05-0j 0.038277-0j 0.000209972-0j -0.00352846-0j 0.0419255-0j 0.000232396-0j -0.00390529-0j -0.000176679-0j 0.046403-0j -0.000598777-0j 0.000185629-0j 0.00296899-0j 0.000400773-0j 0.0100621-0j -0.00311939-0j -0.0352778-0j -0.000370194-0j -0.000243108-0j -0.119559-0j 0.037065-0j -0.00673478-0j -0.000387687-0j 0.00622091-0j -7.43945e-05-0j 0.0040853-0j 0.0800233-0j -0.0739175-0j 0.00651486-0j 2.01817e-05-0j -0.048542-0j -0.0774103-0j 0.00125016-0j -0.0148545-0j -0.000339142-0j 0.00402972-0j 0.000168246-0j -0.00266559-0j 1.71715e-05-0j 0.015502-0j 0.00018361-0j 0.00563849-0j -0.002909-0j -0.000136769-0j 1.87396e-05-0j 0.000143697-0j 0.0169176-0j -0.000252434-0j 0.00615337-0j 0.00216688-0j -0.000154497-0j -1.39589e-05-0j -0.00227665-0j -0.000523601-0j 0.00399942-0j 9.37175e-05-0j 1.4666e-05-0j -0.0126017-0j 0.00052721-0j -2.5764e-05-0j 0.0132401-0j -0.00458358-0j 0.00244775-0j -0.0232591-0j 0.00024781-0j 0.00481578-0j 0.00829562-0j -1.57683e-05-0j -0.000323717-0j -0.0014848-0j -0.000106293-0j -0.00845992-0j -5.34398e-05-0j -0.00835279-0j -0.0142352-0j -0.000195729-0j 9.565e-06-0j 5.38081e-05-0j -0.00392615-0j -0.0482441-0j 0.00863504-0j -2.90932e-05-0j -0.0051777-0j 0.0485766-0j 2.5292e-05-0j 0.00512877-0j -0.0175476-0j 0.00168404-0j 0.00314078-0j 6.67027e-06-0j -3.30392e-05-0j 0.022833-0j -1.08485e-05-0j 0.0176686-0j 0.00310101-0j -0.0298269-0j -1.99765e-05-0j -0.00979374-0j 0.000460935-0j 0.00830494-0j -0.0108488-0j -0.0180343-0j -2.96931e-06-0j -0.00010568-0j -0.00356224-0j -0.00268062-0j 6.80781e-07-0j -0.00655954-0j 0.000614592-0j -0.000975009-0j 0.000223543-0j 
0.0216423-0j -0.00154953-0j -0.0303169-0j 0.00270359-0j 6.24292e-05-0j 0.0016409-0j 0.00774868-0j -0.0033251-0j -0.162545-0j 0.000246648-0j -0.00363418-0j 5.51455e-06-0j 0.438261-0j 0.145478-0j -0.000665024-0j -0.00220571-0j -0.00022075-0j 3.34697e-06-0j -0.613923-0j 0.000931575-0j 0.134883-0j -0.000204674-0j 0.00127289-0j -0.0214037-0j 1.87514e-05-0j 2.78841e-05-0j -0.000468875-0j -0.00325589-0j 4.10772e-07-0j 0.000742516-0j -0.00108077-0j 0.0547482-0j -7.51825e-05-0j -0.0124855-0j 0.0181733-0j -4.79638e-05-0j 0.00565921-0j -0.00147096-0j 1.09383e-05-0j -1.59213e-05-0j 0.0012642-0j -0.000655957-0j -0.0951604-0j 0.00400436-0j 0.0247344-0j -1.10754e-06-0j 8.33681e-05-0j 0.01103-0j -0.000597195-0j -2.16693e-05-0j -9.66315e-06-0j -0.0673338-0j 5.89897e-05-0j 0.0100419-0j -8.79752e-06-0j 0.00101994-0j 0.00016999-0j -0.0199076-0j -0.00202119-0j 2.20305e-05-0j 1.25209e-06-0j 3.67175e-06-0j -0.00252042-0j -0.000430002-0j -0.000836636-0j -4.36574e-05-0j 0.000787063-0j 2.7045e-08-0j -0.00042007-0j -5.63514e-05-0j 0.0491948-0j -0.000139439-0j 1.28511e-05-0j 0.000131177-0j -0.00110253-0j 0.0163299-0j 0.00499467-0j 0.000477695-0j -0.0153623-0j 0.00165795-0j -3.09411e-06-0j -9.39191e-06-0j -0.00155971-0j 0.00225577-0j -1.02707e-06-0j 2.14185e-06-0j 0.0010999-0j 9.7947e-05-0j -0.000183755-0j -0.000967993-0j 9.66211e-07-0j -0.000250835-0j 7.96159e-05-0j 0.000111671-0j -0.000669163-0j 0.0215197-0j -0.00932389-0j 0.000375962-0j -2.54668e-05-0j 0.00218486-0j 0.00209149-0j -6.91779e-08-0j -0.00094664-0j -0.0440293-0j 1.63245e-05-0j 1.57762e-08-0j -0.000161332-0j -1.35348e-06-0j -0.000237016-0j -0.00191178-0j -0.00447023-0j 0.0188938-0j 5.86426e-07-0j -0.000111527-0j -0.0001941-0j 0.0130611-0j 0.00191825-0j 0.000348582-0j 2.76923e-06-0j 1.20241e-07-0j 0.00132607-0j -0.0408228-0j -3.95026e-05-0j -1.18832e-06-0j -0.00414468-0j 0.00462619-0j -8.21475e-07-0j 0.00046969-0j 2.56755e-06-0j -2.90964e-07-0j 
0.00701327-0j 0.00428682-0j -0.00230063-0j 0.0428341-0j 0.0933174-0j 0.0306021-0j -0.0436922-0j 0.0845543-0j -0.000284805-0j -0.181807-0j 0.000308986-0j 0.197244-0j 0.000510742-0j -0.000515631-0j 0.326036-0j 0.00022075-0j -0.329157-0j 0.140918-0j -0.000167543-0j -0.106953-0j -0.000630916-0j -0.40275-0j -0.000212148-0j 0.00356502-0j -0.04236-0j 0.00022551-0j -0.00378956-0j -0.000185629-0j 0.045028-0j 0.000604983-0j 0.000187406-0j 0.00311939-0j -0.000404408-0j -0.0101664-0j -0.00314925-0j -0.037065-0j -7.65681e-05-0j 0.000217036-0j 0.120798-0j 0.0374197-0j 0.00679585-0j 0.000133889-0j 0.00128668-0j -0.000366431-0j -0.00364716-0j -0.080749-0j -0.0152885-0j -0.00224993-0j -0.000368293-0j 0.043336-0j 0.026734-0j 0.00615767-0j -0.0731661-0j 0.00618896-0j -0.0735379-0j -0.00016999-0j 0.00269321-0j -1.73495e-05-0j -0.0156627-0j 0.000178169-0j -0.00569692-0j -0.0028228-0j -0.000143697-0j 1.81843e-05-0j 0.000145073-0j 0.0164163-0j 0.00025505-0j 0.00597104-0j 0.00227665-0j 0.000155898-0j -1.4666e-05-0j -0.00229844-0j -0.000508086-0j -0.00404086-0j -8.36665e-05-0j 1.48064e-05-0j -0.0132401-0j 0.000182217-0j 2.6031e-05-0j 0.0133669-0j -0.00481578-0j -0.00246995-0j 0.0235001-0j -0.00026016-0j 0.00486187-0j 0.0080498-0j 1.59113e-05-0j 6.43046e-05-0j 0.00132556-0j 0.000503468-0j 0.00854759-0j -5.18563e-05-0j -0.00288693-0j 0.0143643-0j -5.97742e-05-0j -8.53917e-06-0j 1.85974e-05-0j 0.00412181-0j -0.0468145-0j -0.00770895-0j -0.000318327-0j 0.00522466-0j 0.0167893-0j -2.65525e-05-0j -0.0010188-0j -0.0170276-0j -0.00797664-0j -0.00280394-0j -0.000186216-0j 6.56306e-06-0j -0.0239709-0j 5.1385e-05-0j 0.00610669-0j 0.000947026-0j 0.00592496-0j -6.10068e-06-0j 0.0463891-0j 0.00504337-0j -0.00871882-0j 0.00215506-0j -0.00550754-0j -3.24891e-05-0j 0.00295029-0j 0.0168729-0j -0.0293303-0j -1.90056e-05-0j -0.00200323-0j -0.0171578-0j -0.0106682-0j -0.00624072-0j 
-0.0031238-0j 0.000223655-0j 0.00437587-0j 0.0370954-0j 0.000856578-0j 0.0225145-0j 0.106318-0j -0.0456229-0j -0.000246648-0j -0.15745-0j -5.51455e-06-0j -0.00352026-0j 0.000665024-0j 0.00022075-0j 0.424523-0j -3.34697e-06-0j 0.140918-0j -0.00213656-0j -0.000931575-0j -0.594679-0j 0.000204674-0j 0.130655-0j -0.000183725-0j 0.0030874-0j -0.0366848-0j -4.02473e-06-0j 6.76334e-05-0j 0.000469947-0j -0.000803627-0j -0.000107173-0j 0.000155996-0j -0.00789721-0j 1.08517e-05-0j 0.00180098-0j -0.00262142-0j 0.0938354-0j -0.000816837-0j 0.000212315-0j -0.0213995-0j 0.031148-0j -0.000182356-0j 9.46792e-05-0j 0.0137265-0j -0.000577979-0j -0.00356784-0j 0.00216677-0j -0.1631-0j -0.00159103-0j 8.61977e-05-0j 0.0423935-0j 0.0189048-0j 0.00971262-0j -0.115406-0j -0.00144851-0j 0.0172113-0j -0.000147215-0j 0.00233239-0j -1.50251e-05-0j -0.0135643-0j -3.17983e-06-0j -0.00493368-0j 5.03793e-05-0j 0.000363791-0j -3.2454e-07-0j 0.000120758-0j -0.000292986-0j -0.000113603-0j -0.000106567-0j -0.00576368-0j 8.13363e-06-0j 3.71293e-05-0j -0.00191322-0j -1.8549e-06-0j 0.00179985-0j 0.000159136-0j 1.23248e-05-0j 0.0335194-0j -6.89494e-05-0j -1.15945e-05-0j 0.0111265-0j 0.0121918-0j -0.000128864-0j -0.0104672-0j -0.000325593-0j 0.004047-0j 2.93879e-05-0j 8.30135e-07-0j -1.41374e-05-0j -0.00252126-0j 0.000139718-0j -0.00380721-0j -1.89315e-07-0j 0.00109239-0j 0.000749425-0j 9.65853e-05-0j 1.62418e-05-0j -7.03711e-06-0j 0.0051585-0j -0.000170909-0j 0.0146627-0j -0.000301881-0j 0.000272585-0j -0.00635293-0j -3.32307e-05-0j 0.000223985-0j -6.21639e-05-0j -0.0022136-0j 0.00533319-0j 3.42103e-05-0j -1.4429e-06-0j -0.0299998-0j 1.42599e-05-0j -0.00231072-0j -0.00153024-0j -0.00130261-0j 9.8577e-06-0j 0.0128735-0j 0.00478282-0j -0.0109117-0j -0.000473793-0j 0.00889928-0j -3.08106e-05-0j -0.000542007-0j 0.00468241-0j -0.027815-0j 3.49157e-06-0j 0.0032369-0j 0.0031521-0j -0.010117-0j 0.0011465-0j 
-0.017854-0j -0.0412302-0j -0.0492557-0j -0.00223035-0j 0.00504965-0j 0.00465809-0j 0.00193463-0j -0.00114912-0j 0.134093-0j -0.000203474-0j -0.293954-0j 0.000446049-0j -0.118934-0j 0.110414-0j 0.000180473-0j 0.613923-0j -0.000167543-0j -0.000931575-0j -0.328117-0j 0.000497889-0j -0.358321-0j 0.000543721-0j -0.00105008-0j 0.0176572-0j -1.54691e-05-0j 0.00225543-0j -0.0379254-0j 0.000883578-0j 3.32257e-05-0j -0.000612545-0j -0.000820276-0j -0.0148575-0j -0.00200047-0j 0.0103-0j 0.013793-0j 1.30163e-05-0j 0.00185136-0j -0.00238987-0j -9.02364e-06-0j -1.20838e-05-0j 0.0336382-0j 0.00171315-0j -0.0311308-0j 0.000455238-0j 0.0401859-0j -2.94698e-05-0j 2.72731e-05-0j -0.0288068-0j 0.00435873-0j -3.52061e-05-0j 2.52371e-05-0j -0.00765488-0j 6.70629e-06-0j -0.0732926-0j 6.42101e-05-0j -0.000841406-0j -0.000140234-0j 0.016423-0j 0.0016674-0j 0.00178196-0j -1.03292e-06-0j 0.000296993-0j 0.000683987-0j -0.0347811-0j -0.000634984-0j -0.00353127-0j -0.000649294-0j 2.18756e-06-0j 0.000113998-0j -0.00149941-0j -0.0133504-0j -0.000105831-0j 0.00103947-0j -0.000108216-0j -0.00179127-0j 0.0123939-0j -0.00135544-0j 0.00135605-0j 0.0126732-0j 0.00125834-0j 8.39673e-07-0j -0.000249902-0j 0.00128669-0j 0.000563203-0j -7.79516e-07-0j 0.000173246-0j 0.0292663-0j -0.00314171-0j -0.000298546-0j -0.00033453-0j -7.97083e-07-0j -0.020289-0j 0.000226009-0j 0.00297136-0j 0.00374108-0j 0.034963-0j -0.0264681-0j 9.38672e-05-0j -0.00205991-0j 0.00354973-0j -0.00182774-0j -1.8407e-06-0j -0.00268726-0j -0.0109929-0j -0.000523619-0j 1.27608e-06-0j -5.5755e-05-0j -2.199e-06-0j 0.00321236-0j 0.0613215-0j -0.00111609-0j 0.00652952-0j 1.66471e-06-0j 0.000623513-0j 0.00622587-0j -0.0730202-0j 0.000662932-0j -0.000304623-0j 6.91398e-07-0j -3.85682e-06-0j -0.00741363-0j 0.0356747-0j 0.000535393-0j -4.10674e-07-0j 0.003622-0j -0.0627004-0j 4.59261e-06-0j -0.00636587-0j -2.24376e-06-0j 3.94354e-06-0j 
0.002577-0j 0.00595107-0j 0.00710945-0j -0.0306021-0j 0.0692851-0j 0.0639126-0j 0.0265446-0j -0.0157669-0j 0.000203474-0j 0.129889-0j -0.000446049-0j -0.284739-0j -0.000180473-0j 0.000167543-0j -0.115206-0j 0.000931575-0j 0.106953-0j 0.594679-0j -0.000497889-0j -0.317832-0j -0.000543721-0j -0.347089-0j 0.000151566-0j -0.00254698-0j 0.0302634-0j -0.000325544-0j 0.00547059-0j -0.000127533-0j -0.0650021-0j 8.84132e-05-0j 0.000118397-0j 0.00214313-0j 0.000288743-0j -0.00148574-0j -0.00198959-0j -0.0254649-0j -0.00026722-0j 0.000344947-0j 0.0176537-0j 0.0236405-0j -0.00485217-0j -0.000247272-0j 0.00449049-0j -6.57079e-05-0j -0.00579665-0j 0.057654-0j -0.0533565-0j 0.00415527-0j -0.000629128-0j 0.0688764-0j -0.0493733-0j 0.00110419-0j -0.0131201-0j 0.0105722-0j -0.125619-0j 0.000121446-0j -0.00192412-0j 1.23951e-05-0j 0.01119-0j -0.000257203-0j 0.00407007-0j 0.00407497-0j -9.8725e-05-0j -2.62507e-05-0j 9.1652e-05-0j -0.0236985-0j 9.37175e-05-0j -0.00861974-0j 0.00156414-0j 0.000216422-0j -1.00761e-05-0j -0.00145208-0j -0.000150035-0j -0.0014848-0j 0.000258548-0j 9.3542e-06-0j -0.00909642-0j -0.000195729-0j 9.565e-06-0j 0.00844473-0j -0.0033086-0j -0.00342885-0j 0.00863504-0j -8.12914e-05-0j 0.00307157-0j 0.00237707-0j 2.20884e-05-0j 0.000453467-0j -0.00409628-0j 4.82852e-05-0j 0.00314078-0j -1.53129e-05-0j 0.00310101-0j 0.0199409-0j -0.000539978-0j 2.6388e-05-0j -1.99765e-05-0j 0.00128793-0j -0.0138241-0j 0.0238224-0j 0.000263811-0j 0.00725301-0j -0.0180343-0j -8.29677e-06-0j -0.00718446-0j -0.00502818-0j -0.000765002-0j 0.00866481-0j -0.000463664-0j 4.62818e-05-0j -0.00749011-0j 4.92809e-06-0j -0.00655954-0j 0.00855509-0j 0.041782-0j -5.51113e-05-0j 0.00444895-0j -0.00417967-0j -0.00272435-0j 0.0151972-0j -0.0497531-0j 2.69251e-05-0j 0.007346-0j 0.0016182-0j 0.0243073-0j -4.73225e-05-0j -0.0180965-0j -0.0427215-0j 0.0088412-0j -0.0155389-0j 
0.00570444-0j -0.027537-0j -0.0517268-0j 0.000712608-0j -0.00324323-0j 0.000509111-0j 0.00757575-0j -0.0055688-0j -0.0428433-0j 6.5011e-05-0j 0.188797-0j -0.000286483-0j -0.0395157-0j -0.415783-0j 5.99617e-05-0j 0.134883-0j 0.000630916-0j -0.000204674-0j 0.358321-0j -0.000543721-0j -0.445529-0j 0.000676053-0j 0.000335505-0j -0.00564155-0j 4.94245e-06-0j -0.00144859-0j 0.0243583-0j 0.000293566-0j -2.13398e-05-0j 0.000195711-0j 0.0030889-0j -0.00493636-0j -0.00133608-0j -0.0032909-0j -0.0519403-0j 4.32464e-06-0j 0.00012109-0j -0.00250976-0j 2.8831e-06-0j 4.55038e-05-0j 0.0224664-0j 0.00220682-0j -0.00203614-0j -0.00229413-0j 0.042202-0j -1.96824e-05-0j 1.78382e-06-0j -0.0371079-0j 0.00450963-0j -3.69723e-05-0j 3.25095e-05-0j 0.038576-0j -3.37957e-05-0j -0.0758301-0j 6.64332e-05-0j 0.000268833-0j 4.48055e-05-0j -0.00524722-0j -0.000532742-0j -0.00114449-0j 3.30024e-07-0j -0.000190749-0j 0.000227253-0j 0.0223388-0j 0.00239115-0j 0.00226802-0j 0.000207452-0j -1.405e-06-0j 3.78755e-05-0j -0.00100143-0j -0.00443563-0j 0.000398525-0j -0.000667622-0j 3.45754e-05-0j -0.00188114-0j -0.0466716-0j -0.000450343-0j 0.000148211-0j -0.00404916-0j -0.0047385-0j 2.78979e-07-0j -0.000166905-0j -0.000411105-0j 0.00220543-0j 2.93541e-06-0j -0.00011127-0j 0.0195465-0j -0.00041307-0j -0.000313523-0j -0.00162117-0j 2.54672e-07-0j 0.013031-0j 2.47019e-05-0j 0.00198452-0j -0.00134395-0j 0.036717-0j -0.00289286-0j 0.000367572-0j 0.00132301-0j 0.00372782-0j 0.00236321-0j -1.22937e-06-0j -0.000293707-0j -0.0430467-0j -6.8845e-05-0j -8.19583e-07-0j -0.000270196-0j -2.30932e-06-0j -0.000112892-0j 0.0080625-0j -0.00437046-0j 0.0316429-0j 1.81946e-07-0j -0.000223992-0j 0.000818573-0j 0.0262319-0j 0.00321265-0j 0.000393869-0j 2.70742e-06-0j -5.07091e-07-0j 0.00266328-0j -0.0461264-0j -1.88153e-05-0j -1.99018e-06-0j -0.00468313-0j 0.00220347-0j -1.64986e-06-0j 0.000223715-0j 2.90112e-06-0j -1.38587e-07-0j 
