0.830501-0j -0.187601-0j -0.148311-0j -0.0988742-0j -0.149848-0j -0.17303-0j -0.0611753-0j -0.100934-0j -0.107057-0j -0.0624498-0j -0.0162916-0j -0.022636-0j 0.121039-0j -0.0191349-0j -0.0193332-0j -0.0174677-0j -0.0216152-0j -0.0144101-0j -0.0126088-0j -0.0124795-0j -0.0178316-0j -0.0089158-0j -0.00735516-0j -0.00900819-0j -0.00407033-0j -0.000897424-0j -0.0149629-0j -0.00215971-0j -0.0161618-0j -0.00233275-0j 0.0604813-0j 0.0611081-0j 0.00872973-0j 0.00882019-0j -0.0110406-0j -0.00755898-0j -0.00159357-0j -0.00109104-0j -0.013662-0j -0.00796952-0j -0.00197195-0j -0.0124717-0j -0.0011503-0j -0.00763731-0j -0.00180013-0j -0.00720053-0j -0.0109127-0j -0.00110235-0j -0.00727514-0j -0.00103931-0j -0.00450127-0j -0.00157511-0j -0.0089102-0j -0.00105008-0j -0.000649702-0j -0.00222755-0j -0.00128608-0j -0.00735054-0j -0.00450127-0j -0.000321519-0j -0.00106096-0j -0.00234853-0j -0.00321586-0j -0.000649702-0j -0.000338981-0j -0.000464169-0j -0.00118643-0j -0.000226539-0j -0.000171247-0j -3.2698e-05-0j -0.0115112-0j -0.00203491-0j -0.000169576-0j -0.012336-0j -0.00218072-0j -0.000181727-0j -0.00932514-0j -0.00942178-0j -0.00164847-0j -0.00166555-0j -0.000137372-0j 0.0402956-0j -0.000138796-0j -0.00780197-0j 0.0498632-0j 0.00712332-0j 0.0290869-0j 0.00059361-0j -0.00137921-0j 0.00881465-0j -0.0091023-0j -0.000114934-0j 0.00514188-0j 0.000734555-0j -0.00623192-0j -0.005574-0j 0.00042849-0j -0.00796452-0j -0.00160908-0j -0.007196-0j -0.00110166-0j -0.000985353-0j -0.0032852-0j -0.00013409-0j -0.00276974-0j -0.00727057-0j -9.18049e-05-0j -0.00140794-0j -8.21128e-05-0j -0.00127209-0j -0.0062965-0j -0.000580746-0j -0.000117328-0j -0.0059364-0j -0.000489626-0j -0.00128527-0j -0.000106007-0j -0.00519435-0j -4.83955e-05-0j -0.0029682-0j -0.0034629-0j -4.08022e-05-0j -0.00111307-0j -0.000107106-0j -0.00165962-0j -0.00519435-0j -0.00104942-0j -9.27562e-05-0j -0.00091824-0j -0.00183648-0j -0.000524709-0j -0.00303004-0j -0.00061216-0j -8.74514e-05-0j -7.652e-05-0j -0.000293382-0j -0.00091824-0j -4.37257e-05-0j -0.00214256-0j -5.10133e-05-0j -0.00079046-0j -2.44485e-05-0j -0.000324647-0j -0.00053564-0j -7.652e-05-0j -0.00118569-0j -0.000378755-0j -2.70539e-05-0j -0.000139735-0j -4.46367e-05-0j -0.000369704-0j -3.15629e-05-0j -0.000209602-0j -6.22558e-05-0j -1.16446e-05-0j -1.74669e-05-0j -6.5355e-05-0j -5.44625e-06-0j -1.10054e-05-0j -9.17115e-07-0j 
0.187601-0j -0.0160825-0j 0.164151-0j 0.109434-0j -0.159286-0j 0.00379044-0j 0.0677087-0j -0.216794-0j -0.1138-0j -0.201886-0j -0.088016-0j 0.0250534-0j 0.000541151-0j -0.0828791-0j 0.0804232-0j 0.0193332-0j 0.000473507-0j 0.000315671-0j -0.0270822-0j 0.0138123-0j -0.0189547-0j 0.000195312-0j -0.0237775-0j -0.0193485-0j -0.0175743-0j -0.00582198-0j 0.0165609-0j 0.00239036-0j 0.000354044-0j 5.11018e-05-0j 0.013662-0j -0.0132572-0j 0.00197195-0j -0.00191351-0j -0.0478202-0j 0.00836625-0j -0.00690225-0j 0.00120756-0j -0.00117121-0j 0.0669873-0j -0.00016905-0j 0.000273208-0j 0.00966878-0j 0.00845295-0j 3.94341e-05-0j 0.00796952-0j -0.0116001-0j 0.00122008-0j -0.00773337-0j 0.0011503-0j -0.0145515-0j -0.00167432-0j 0.000195189-0j -0.00111622-0j -0.00210033-0j 0.00246544-0j 2.81731e-05-0j -0.015788-0j -0.00478478-0j 0.000355856-0j -0.00227881-0j -0.0101402-0j -0.0103961-0j -0.000690623-0j -0.00146361-0j -0.00150055-0j -0.00640977-0j -0.00171543-0j -0.000925171-0j -0.0002476-0j 0.0127406-0j 0.00225224-0j 0.000187686-0j 0.000270236-0j 4.77714e-05-0j 3.98095e-06-0j 0.010321-0j -0.0100152-0j 0.00182452-0j -0.00177046-0j 0.000152043-0j 0.0091023-0j -0.000147538-0j -0.0337928-0j 0.000222933-0j 0.00160908-0j -0.0127506-0j 0.00013409-0j -0.00597377-0j 3.94094e-05-0j -0.000780316-0j -0.000497814-0j -0.00225402-0j 3.28411e-06-0j 0.000136518-0j -0.0241427-0j -0.000187835-0j 0.0331312-0j -0.000137942-0j 0.00796452-0j 2.41332e-05-0j -0.00426787-0j 0.041561-0j -1.14951e-05-0j 0.00306554-0j -0.00772851-0j 2.0111e-06-0j 0.00585683-0j -0.000355656-0j 0.00140794-0j 0.000137933-0j 0.00734702-0j 0.000488069-0j 0.000130044-0j 0.000541917-0j -0.00136622-0j 0.000117328-0j -0.0111568-0j 0.000612252-0j 0.0032852-0j -0.00743788-0j 4.51597e-05-0j 2.43833e-05-0j -0.000113852-0j -0.00716567-0j -0.00552151-0j 2.29888e-05-0j 2.03194e-06-0j -0.00197227-0j 4.02304e-05-0j 0.000580746-0j -0.0097954-0j -0.00131484-0j 1.91573e-06-0j -0.000164355-0j -0.00126672-0j -0.000976075-0j 4.83955e-05-0j -0.00460195-0j -0.00010957-0j -0.0042705-0j -0.00010556-0j 7.1118e-06-0j -0.0017316-0j -8.13396e-05-0j -0.0051194-0j -0.000813518-0j 5.9265e-07-0j -0.000754924-0j -0.0001443-0j -0.00239843-0j -6.77932e-05-0j -0.000904991-0j -0.000538962-0j -6.29104e-05-0j -7.54159e-05-0j -0.000423987-0j -3.53322e-05-0j -9.5276e-05-0j -7.93967e-06-0j 
0.148311-0j 0.164151-0j 0.365429-0j 0.086515-0j -0.383941-0j -0.145595-0j -0.261483-0j 0.0883174-0j -0.273839-0j -0.0525478-0j 0.0142551-0j 0.0198065-0j 0.0216152-0j -0.0161009-0j 0.0169165-0j -0.0447557-0j 0.0532583-0j 0.0126088-0j -0.0323064-0j -0.0319211-0j -0.0150042-0j -0.038109-0j 0.00643576-0j -0.0230419-0j -0.00342495-0j 0.000785246-0j 0.0130925-0j 0.00188974-0j 0.0141416-0j 0.00204116-0j -0.0103865-0j 0.0109127-0j -0.00149917-0j 0.00157511-0j 0.00966052-0j -0.0453493-0j 0.00139438-0j -0.00654561-0j -0.0114958-0j 0.00697333-0j -0.00165928-0j -0.0319549-0j 0.00100651-0j 0.0572039-0j -0.0046123-0j -0.00605882-0j 0.0268882-0j 0.00825668-0j 0.00636575-0j -0.000874515-0j -0.0115331-0j 0.00388098-0j -0.0227912-0j 0.000918817-0j -0.00166467-0j -0.0133447-0j -0.00328963-0j -0.00618504-0j -0.0192399-0j -0.00192614-0j -0.000892734-0j 0.00205497-0j -0.00822579-0j -0.00277704-0j 0.000296609-0j -0.00118729-0j -0.000998315-0j 0.000198221-0j -0.000144094-0j 2.86108e-05-0j 0.0100723-0j 0.00178055-0j 0.000148379-0j 0.010794-0j 0.00190813-0j 0.000159011-0j -0.00784656-0j 0.00824406-0j -0.00138709-0j 0.00145736-0j -0.000115591-0j 0.007196-0j 0.000121446-0j -0.0199902-0j -0.00856308-0j 0.00127209-0j 0.00519435-0j 0.000106007-0j -0.0035338-0j -0.00151375-0j 0.00796452-0j -0.000294484-0j 0.00091824-0j -0.000126146-0j -0.0373878-0j -0.0142576-0j 7.652e-05-0j -0.00670167-0j 0.00140794-0j 0.0177305-0j -0.00660929-0j -0.00252042-0j 0.00287455-0j 0.000117328-0j 0.00242352-0j -0.0186287-0j -0.000550774-0j -0.0011847-0j -0.000210035-0j 0.00313433-0j 0.0471612-0j 0.000508153-0j -9.8725e-05-0j -0.00499513-0j 0.000428423-0j -0.00329311-0j 0.000261194-0j 0.0127985-0j 4.23461e-05-0j -0.012687-0j 0.00303004-0j 3.57019e-05-0j 0.008337-0j -0.000274426-0j -0.00425228-0j -0.0132865-0j -0.000883023-0j 0.00069475-0j 0.00226248-0j -0.0110019-0j -0.00224277-0j -0.0025496-0j 0.00053564-0j -7.35852e-05-0j 0.00018854-0j -0.000751703-0j -0.00234875-0j -0.000186898-0j -0.00915799-0j 4.46367e-05-0j 0.000691652-0j -6.26419e-05-0j -0.00194488-0j -0.00045071-0j -0.000195729-0j -0.00303285-0j -0.00161892-0j -0.000162074-0j 0.000122268-0j -3.75591e-05-0j -0.000311084-0j -0.00013491-0j -0.000536138-0j 5.44738e-05-0j 1.0189e-05-0j -4.46782e-05-0j -5.49924e-05-0j -4.5827e-06-0j 9.62971e-06-0j 8.02475e-07-0j 
0.0988742-0j 0.109434-0j 0.086515-0j 0.378403-0j 0.0874115-0j -0.493431-0j 0.0356856-0j -0.287835-0j 0.0624498-0j 0.036429-0j 0.00950341-0j 0.0132043-0j 0.0144101-0j 0.011162-0j 0.0112777-0j -0.0498127-0j 0.0126088-0j 0.0551491-0j 0.00735516-0j -0.0355879-0j -0.0508505-0j 0.00520088-0j -0.0209748-0j 0.00525478-0j 0.00237436-0j 0.000523497-0j 0.00872835-0j 0.00125983-0j 0.0094277-0j 0.00136077-0j 0.00720053-0j 0.00727514-0j 0.00103931-0j 0.00105008-0j -0.0314845-0j 0.0044094-0j -0.0045444-0j 0.000636443-0j 0.00796952-0j 0.00464889-0j 0.0011503-0j -0.0355656-0j 0.000671009-0j 0.0044551-0j -0.00513345-0j 0.0275572-0j 0.00636575-0j 0.000643038-0j 0.0278428-0j 0.00397754-0j 0.00262574-0j 0.000918817-0j -0.0254093-0j 0.00401876-0j 0.000378993-0j 0.0012994-0j -0.00366751-0j -0.0209616-0j 0.00262574-0j 0.000187553-0j -0.00302554-0j -0.00669732-0j 0.00187592-0j 0.000378993-0j -0.000966676-0j 0.000270765-0j 0.000692087-0j 0.000132148-0j 9.98942e-05-0j 1.90739e-05-0j 0.00671487-0j 0.00118703-0j 9.89194e-05-0j 0.007196-0j 0.00127209-0j 0.000106007-0j 0.00543967-0j 0.00549604-0j 0.000961606-0j 0.000971571-0j 8.01339e-05-0j -0.0234524-0j 8.09643e-05-0j 0.00455115-0j 0.0059364-0j -0.00414585-0j 0.0034629-0j -0.000345487-0j 0.000804538-0j 0.00104942-0j -0.0259571-0j 6.70448e-05-0j 0.00061216-0j 8.74514e-05-0j 0.00363529-0j 0.0032515-0j 5.10133e-05-0j 0.00464597-0j -0.00458861-0j -0.0205209-0j 0.000642634-0j 0.000574789-0j 0.00191636-0j -0.000382384-0j 0.0571115-0j -0.0207335-0j 5.35528e-05-0j 0.000821299-0j 4.78991e-05-0j -0.00362762-0j 0.00367296-0j 0.000338768-0j 6.84416e-05-0j 0.0227193-0j 0.010096-0j -0.00366521-0j -0.000302301-0j 0.00303004-0j 2.82307e-05-0j -0.00846444-0j 0.0132529-0j 0.000841332-0j 0.000649294-0j -0.000305434-0j 0.000968111-0j -0.0148128-0j 0.00401624-0j 5.41078e-05-0j 0.00053564-0j 0.00107128-0j -0.00149631-0j -0.00864078-0j 0.0023428-0j 0.000334686-0j 4.46367e-05-0j 0.00017114-0j -0.00261855-0j -0.000124693-0j 0.00124983-0j 0.000195234-0j -0.00225416-0j 1.42616e-05-0j 0.000189377-0j -0.00152749-0j -0.000218213-0j 0.000691652-0j 0.00022094-0j 1.57814e-05-0j -0.000398483-0j -0.000127291-0j 0.00021566-0j 1.84117e-05-0j 0.000122268-0j 3.63159e-05-0j -3.32069e-05-0j 1.0189e-05-0j 3.81237e-05-0j 3.17698e-06-0j 6.4198e-06-0j 5.34984e-07-0j 
-0.149848-0j 0.159286-0j 0.383941-0j -0.0874115-0j -0.387616-0j 0.146915-0j -0.0540831-0j -0.0788455-0j 0.0945713-0j -0.258825-0j -0.26014-0j -0.0200117-0j 0.0209746-0j -0.0169165-0j 0.0170784-0j 0.0452195-0j -0.0537412-0j 0.0122352-0j 0.0288416-0j -0.0110327-0j 0.015752-0j 0.00757015-0j -0.0304836-0j -0.00703682-0j -0.0374745-0j -0.021922-0j -0.0132282-0j -0.00190933-0j 0.0137225-0j 0.00198067-0j -0.0109127-0j 0.0110172-0j -0.00157511-0j 0.00159019-0j -0.00976063-0j 0.0458193-0j -0.00140883-0j 0.00661344-0j 0.0116001-0j -0.00622546-0j 0.00167432-0j -0.031008-0j -0.000898567-0j 0.0197711-0j -0.00447562-0j -0.00636575-0j -0.0282282-0j 0.00285371-0j 0.00642668-0j -0.000918817-0j 0.0546279-0j -0.00407439-0j 0.0075654-0j 0.000927611-0j 0.00788486-0j -0.0019693-0j 0.00109197-0j -0.00574193-0j 0.00397631-0j -0.000284245-0j -0.000828777-0j -0.0216223-0j -0.0133282-0j 0.00057393-0j -0.00312091-0j -0.00192376-0j -0.0189447-0j -0.00783515-0j -0.00273444-0j -0.00113091-0j -0.0101767-0j -0.001799-0j -0.000149917-0j 0.0104742-0j 0.00185159-0j 0.000154299-0j -0.00824406-0j 0.00832296-0j -0.00145736-0j 0.00147131-0j -0.000121446-0j -0.00727057-0j 0.000122609-0j 0.0201974-0j 0.00864074-0j -0.00128527-0j -0.00463727-0j -0.000107106-0j 0.00357042-0j 0.00152748-0j 0.00772851-0j 0.000297535-0j -0.000819761-0j 0.00012729-0j -0.0362799-0j -0.00492779-0j -6.83134e-05-0j 0.00703565-0j 0.00136622-0j 0.0186287-0j -0.00641344-0j -0.000871119-0j -0.0136156-0j 0.000113852-0j -0.00244864-0j -0.018807-0j -0.000534453-0j 0.00124374-0j -7.25932e-05-0j 0.00329311-0j -0.0156548-0j -0.00240692-0j 0.000103645-0j 0.00504043-0j -0.000432862-0j -0.00332463-0j 0.000274426-0j 0.0118816-0j -0.000200576-0j -0.00262409-0j -0.00270507-0j -3.60719e-05-0j -0.00276741-0j -0.000277053-0j 0.0447424-0j 0.00458856-0j 0.00089103-0j -0.000230618-0j 0.00210039-0j 0.0015593-0j -0.000463878-0j -0.0125581-0j -0.000478194-0j 7.42525e-05-0j 0.000175033-0j 0.00790941-0j 0.00081115-0j -3.86565e-05-0j -0.00167368-0j -3.98495e-05-0j -0.0126219-0j 0.000659117-0j 0.000275648-0j -0.00221997-0j 6.75958e-05-0j -0.0109163-0j -0.000295867-0j 2.29707e-05-0j -0.00223125-0j -0.000184998-0j -0.00903099-0j -2.46556e-05-0j -0.00192975-0j -0.0028914-0j -0.000185938-0j -0.000160813-0j -0.00159647-0j -0.000133039-0j -0.000511133-0j -4.25944e-05-0j 
-0.17303-0j -0.00379044-0j 0.145595-0j 0.493431-0j 0.146915-0j -0.00653672-0j 0.305064-0j -0.388778-0j -0.306832-0j -0.179064-0j 0.0811799-0j -0.0231076-0j -0.00049912-0j 0.0187844-0j 0.0189547-0j 0.0346703-0j 0.00041998-0j 0.00142334-0j 0.0249788-0j -0.0724091-0j 0.0326879-0j 0.000879983-0j -0.0426404-0j -0.0521682-0j -0.0155877-0j 0.0053698-0j -0.0152746-0j -0.0022047-0j -0.000326546-0j -4.71328e-05-0j 0.0121176-0j 0.0122275-0j 0.00174903-0j 0.00176489-0j 0.0219137-0j -0.00771646-0j 0.00316297-0j -0.00111377-0j 0.000265452-0j 0.015788-0j 3.83147e-05-0j 0.000489945-0j 0.00227881-0j 0.0227912-0j 7.07175e-05-0j -0.034556-0j -0.0102887-0j 0.00328963-0j -0.0348693-0j -0.00498772-0j 0.0134213-0j -0.00148505-0j -0.00102325-0j -0.00503295-0j 0.0019372-0j 0.0155688-0j -0.000147694-0j 0.0272269-0j -0.021558-0j 0.00224717-0j 0.00392987-0j -0.0181844-0j -0.0280305-0j -0.00311162-0j -0.00262469-0j -0.00404585-0j -0.00568519-0j 0.00158219-0j -0.000820587-0j 0.000228369-0j -0.011751-0j -0.00207731-0j -0.000173109-0j -0.000249247-0j -4.4061e-05-0j -3.67175e-06-0j 0.00915432-0j 0.00923734-0j 0.00161827-0j 0.00163295-0j 0.000134856-0j 0.0163232-0j 0.000136079-0j -0.00796452-0j 0.000197732-0j 0.00288557-0j 0.0117603-0j 0.000240464-0j -0.00140794-0j 3.49544e-05-0j 0.000357581-0j -0.000117328-0j 0.00207895-0j 2.91287e-06-0j -0.000125915-0j 0.0166339-0j 0.000173246-0j -0.00750912-0j 6.32119e-05-0j -0.013735-0j -2.22588e-05-0j 0.00294049-0j 0.0097954-0j 5.26766e-06-0j 0.0221473-0j -0.0138596-0j -1.8549e-06-0j -0.00132744-0j 0.000245041-0j -0.00242803-0j 0.000371901-0j 0.0017316-0j -0.00011062-0j -0.000563874-0j 0.00391512-0j -0.00245005-0j -0.000202336-0j -0.00989562-0j 0.0001443-0j -0.028779-0j -0.033537-0j 0.00032626-0j 6.57434e-05-0j -0.000204171-0j 0.00660912-0j 0.0289458-0j -9.96797e-05-0j 5.47861e-06-0j -0.00174931-0j 0.000254048-0j -0.00508745-0j 0.0168925-0j -0.00592856-0j -8.30665e-06-0j -0.000145776-0j 0.00116834-0j 0.00511694-0j -0.000423954-0j -0.0207342-0j -0.000494046-0j -0.00765831-0j 9.73615e-05-0j 4.49097e-05-0j 0.00298619-0j 0.000426412-0j -0.0138032-0j -0.00366533-0j 3.74248e-06-0j -0.00135381-0j 0.000248849-0j -0.0021273-0j -0.000305444-0j -0.00244008-0j 0.000497102-0j -0.000112818-0j -0.00020334-0j -0.000376058-0j -3.13382e-05-0j 8.7876e-05-0j 7.323e-06-0j 
-0.0611753-0j -0.0677087-0j 0.261483-0j -0.0356856-0j -0.0540831-0j 0.305064-0j -0.161599-0j -0.036429-0j -0.475972-0j 0.110103-0j -0.00587994-0j -0.00816976-0j -0.0089158-0j 0.0337361-0j -0.00697771-0j -0.00630442-0j 0.038109-0j -0.00520088-0j -0.00455077-0j -0.0554836-0j 0.0314383-0j -0.0235518-0j -0.00265462-0j -0.0400502-0j 0.00717628-0j -0.000323897-0j -0.00540039-0j -0.00077948-0j -0.00583309-0j -0.000841934-0j 0.0217629-0j -0.00450127-0j 0.0031412-0j -0.000649702-0j -0.00398476-0j -0.00272818-0j -0.000575151-0j -0.000393779-0j 0.0240871-0j -0.00287635-0j 0.00347667-0j -0.00450127-0j -0.000415166-0j -0.0339553-0j -0.000649702-0j 0.012695-0j 0.0192399-0j -0.00490102-0j -0.00262574-0j 0.00183237-0j -0.00162459-0j 0.00277704-0j -0.0396145-0j -0.000378993-0j -0.00023449-0j 0.052398-0j -0.00571786-0j 0.0129595-0j -0.0118905-0j 0.007563-0j 0.00187054-0j -0.00084763-0j -0.0142976-0j -0.00171624-0j -0.000122345-0j -0.00206368-0j 0.00209177-0j -8.17621e-05-0j 0.00030192-0j -1.18013e-05-0j -0.00415461-0j -0.000734439-0j -6.12032e-05-0j -0.0044523-0j -0.000787063-0j -6.55886e-05-0j 0.0164409-0j -0.0034005-0j 0.00290636-0j -0.000601129-0j 0.000242197-0j -0.0029682-0j -5.00941e-05-0j -0.00281588-0j 0.0179422-0j -0.000524709-0j -0.00214256-0j -4.37257e-05-0j -0.000497782-0j 0.00317176-0j -0.0032852-0j -4.14819e-05-0j -0.000378755-0j 0.000264313-0j -0.00224922-0j -0.0247819-0j -3.15629e-05-0j 0.014042-0j -0.000580746-0j 0.012687-0j -0.00039761-0j -0.00438085-0j -0.00118569-0j -4.83955e-05-0j -0.000999653-0j -0.00262409-0j -3.31341e-05-0j 0.0024823-0j -0.000365071-0j 0.00224277-0j -0.0279941-0j -0.000209602-0j 0.000206858-0j 0.0104663-0j -0.000176715-0j -0.000463878-0j 0.000186898-0j 0.00915799-0j -1.74669e-05-0j -0.00784074-0j -0.00124983-0j -1.47263e-05-0j -0.0049487-0j -3.86565e-05-0j -0.000598988-0j -0.0230939-0j 0.00185019-0j -0.000412392-0j 0.00161892-0j 0.043199-0j -0.00138606-0j 0.00534216-0j -0.00022094-0j 0.000154183-0j 0.00013491-0j -0.000105887-0j -0.00408247-0j -0.000115505-0j -0.00565974-0j -1.84117e-05-0j -0.000285292-0j -8.82393e-06-0j 0.00763657-0j 0.00094437-0j -0.000340206-0j -0.00527154-0j -0.00100051-0j 0.000636381-0j -5.0433e-05-0j 7.86975e-05-0j 0.000651813-0j -8.33759e-05-0j -0.000931886-0j -2.24693e-05-0j -4.20275e-06-0j -7.76572e-05-0j 0.000115225-0j 9.60211e-06-0j -3.97205e-06-0j -3.31004e-07-0j 
0.100934-0j -0.216794-0j 0.0883174-0j -0.287835-0j 0.0788455-0j 0.388778-0j 0.036429-0j -0.446641-0j 0.05633-0j 0.045503-0j -0.418964-0j 0.0134794-0j -0.0285472-0j 0.0113946-0j 0.0101725-0j -0.0202244-0j -0.0249788-0j 0.0814081-0j 0.0286964-0j -0.014449-0j -0.0182424-0j -0.0103032-0j -0.01042-0j 0.0205017-0j -0.0304484-0j -0.0514623-0j 0.0089102-0j 0.00128608-0j -0.0186768-0j -0.00269576-0j 0.00735054-0j 0.00656221-0j 0.00106096-0j 0.000947173-0j -0.012783-0j 0.00450127-0j -0.00184506-0j 0.000649702-0j -0.015788-0j 0.0181378-0j -0.00227881-0j 0.0280224-0j 0.00261797-0j 0.00454791-0j 0.00404468-0j -0.0209616-0j 0.00574193-0j 0.000656435-0j -0.0187135-0j -0.00302554-0j 0.00327977-0j 0.000828777-0j 0.0200202-0j -0.00270106-0j 0.000473394-0j 0.00132647-0j 0.00288966-0j -0.0325267-0j 0.00236843-0j 0.00019146-0j -0.00469482-0j 0.0341585-0j 0.00234318-0j 0.000341853-0j 0.00493035-0j 0.000338209-0j -0.0305111-0j -0.0239517-0j -0.0044039-0j -0.00345713-0j 0.00685476-0j 0.00121176-0j 0.00010098-0j -0.0142557-0j -0.00252007-0j -0.000210006-0j 0.00555299-0j 0.00495745-0j 0.00098164-0j 0.000876361-0j 8.18033e-05-0j -0.00952188-0j 7.30301e-05-0j 0.00464597-0j -0.0117603-0j -0.00168325-0j 0.0135106-0j -0.000140271-0j 0.000821299-0j -0.00207895-0j 0.0204518-0j 6.84416e-05-0j 0.00238836-0j -0.000173246-0j -0.00720169-0j 0.00331924-0j 0.00019903-0j 0.00419068-0j 0.0036154-0j -0.00833164-0j -0.00127309-0j 0.000586764-0j 0.0023937-0j 0.000301284-0j -0.0129192-0j -0.00743809-0j -0.000106091-0j 0.000740815-0j 4.8897e-05-0j -0.00147284-0j -0.00727632-0j 0.00042315-0j 6.17346e-05-0j 0.033537-0j -0.00228382-0j -0.00131488-0j -0.000122737-0j 0.0118218-0j 3.52625e-05-0j -0.00343663-0j -0.0385284-0j -0.000190318-0j -0.00128628-0j -0.000109573-0j -0.0124149-0j -0.00531403-0j 0.00592856-0j -0.00010719-0j 0.00208982-0j -0.00212226-0j -0.000607516-0j -0.00429264-0j -0.00681092-0j 0.000494046-0j 0.000174152-0j -0.00219466-0j -0.000939397-0j -5.06263e-05-0j 0.00487625-0j -0.000567576-0j 0.0395241-0j -0.000182889-0j -0.000375166-0j -0.000758839-0j -7.82831e-05-0j -0.00886962-0j 0.000862007-0j -3.12639e-05-0j 0.00698693-0j -6.32365e-05-0j -0.0212005-0j 7.18339e-05-0j -0.00156794-0j -0.0108472-0j 0.000582244-0j -0.000130662-0j -0.00374775-0j -0.000312312-0j -0.00191753-0j -0.000159794-0j 
0.107057-0j -0.1138-0j -0.273839-0j 0.0624498-0j -0.0945713-0j 0.306832-0j 0.475972-0j 0.05633-0j -0.0573985-0j -0.540556-0j 0.185853-0j 0.0142971-0j -0.014985-0j -0.0353302-0j -0.0122014-0j 0.0110327-0j 0.0383299-0j -0.00874126-0j 0.00703682-0j 0.00669614-0j 0.0328981-0j -0.066623-0j 0.0217786-0j 0.00427089-0j -0.0782655-0j 0.0156618-0j 0.00945069-0j 0.00136409-0j -0.00980383-0j -0.00141506-0j -0.0227912-0j -0.00787104-0j -0.00328963-0j -0.00113609-0j 0.00697333-0j 0.00477431-0j 0.00100651-0j 0.000689113-0j 0.0242267-0j 0.00444768-0j 0.00349683-0j -0.0075654-0j 0.000641968-0j 0.00409796-0j -0.00109197-0j -0.0132949-0j 0.0201332-0j 0.000591489-0j -0.00459144-0j -0.00191895-0j 0.0133282-0j 0.00290598-0j -0.0045917-0j -0.000662718-0j 0.00192376-0j 0.0442954-0j -0.000662754-0j -0.011992-0j -0.0349944-0j 0.00639349-0j -0.0017309-0j 0.0154477-0j 0.00808935-0j -0.00505101-0j 0.00222969-0j 0.0011676-0j -0.0395661-0j 0.0055977-0j -0.00571088-0j 0.000807959-0j 0.00727057-0j 0.00128527-0j 0.000107106-0j -0.0074831-0j -0.00132284-0j -0.000110236-0j -0.0172177-0j -0.00594621-0j -0.00304369-0j -0.00105115-0j -0.000253641-0j 0.00519435-0j -8.7596e-05-0j 0.00492779-0j 0.0180462-0j 0.00091824-0j 0.00331302-0j 7.652e-05-0j 0.000871119-0j 0.00319015-0j -0.00552151-0j 7.25932e-05-0j 0.000585665-0j 0.000265846-0j -0.00378032-0j 0.00299085-0j 4.88054e-05-0j 0.014694-0j -0.000976075-0j -0.0132865-0j -0.000668273-0j 0.000528712-0j 0.00972744-0j -8.13396e-05-0j 0.00174939-0j -0.00458856-0j -5.56894e-05-0j 0.00259755-0j 4.40593e-05-0j -0.00234875-0j -0.00324478-0j 0.00171958-0j 0.000216463-0j 0.0105269-0j 0.000309252-0j -0.00081115-0j -0.000195729-0j -0.00847433-0j 0.000143299-0j 0.0230939-0j 0.0019326-0j 2.5771e-05-0j -0.000573602-0j -6.75958e-05-0j 0.0109163-0j -0.00278495-0j 0.00186092-0j -4.78001e-05-0j -0.00149806-0j -0.0350733-0j 0.00408247-0j -0.0262276-0j 0.000341638-0j 0.000155077-0j -0.000124839-0j 0.00192975-0j -0.000492315-0j 0.000340206-0j 0.0147296-0j 2.84698e-05-0j 0.00901751-0j 0.000160813-0j -0.00620014-0j -0.00463642-0j -4.10262e-05-0j 0.00662549-0j 0.00260385-0j -0.000516678-0j 0.00159409-0j -0.000386369-0j -0.0188613-0j 0.000216988-0j 0.00117123-0j 0.00206572-0j 0.00013284-0j 9.76027e-05-0j -0.00333423-0j -0.000277852-0j 0.000365171-0j 3.04309e-05-0j 
-0.0624498-0j 0.201886-0j 0.0525478-0j -0.036429-0j -0.258825-0j -0.179064-0j 0.110103-0j -0.045503-0j 0.540556-0j -0.304493-0j -0.184244-0j -0.00833996-0j 0.0265841-0j 0.00677964-0j -0.0333932-0j -0.00643576-0j -0.0223689-0j 0.0155074-0j -0.0056843-0j 0.0134411-0j 0.0296183-0j -0.0468695-0j 0.0372925-0j 0.0118717-0j -0.0267648-0j -0.0661356-0j -0.0055129-0j -0.000795719-0j 0.0173924-0j 0.00251038-0j 0.00437349-0j -0.0215417-0j 0.000631259-0j -0.00310927-0j -0.00406778-0j -0.00278502-0j -0.000587133-0j -0.000401982-0j -0.0141385-0j -0.00359281-0j -0.00204071-0j 0.0134213-0j -0.000518577-0j 0.00822579-0j 0.0019372-0j 0.0025512-0j 0.018126-0j 0.00118729-0j -0.012566-0j 0.000368234-0j 0.0228226-0j 0.00261627-0j -0.0280305-0j -0.00181374-0j 0.00329415-0j 0.00561909-0j -0.00404585-0j 0.00318667-0j 0.0379794-0j 0.000811046-0j 0.000459956-0j 0.0160589-0j -0.047665-0j 0.00548186-0j 0.0023179-0j -0.00687985-0j 0.012903-0j -0.0482088-0j 0.00186239-0j -0.00695835-0j -0.00424117-0j -0.00074974-0j -6.24783e-05-0j 0.0132753-0j 0.00234677-0j 0.000195564-0j 0.00330397-0j -0.0162737-0j 0.000584065-0j -0.00287682-0j 4.86721e-05-0j -0.00303004-0j -0.000239735-0j -0.00287455-0j -0.0105316-0j -0.00053564-0j -0.00267624-0j -4.46367e-05-0j -0.000508153-0j -0.00186174-0j 0.0097954-0j -4.23461e-05-0j -0.000473097-0j -0.000155145-0j 0.00670645-0j 0.0060035-0j -3.94247e-05-0j 0.0132291-0j 0.0017316-0j 0.0025496-0j 0.00118554-0j 0.00106128-0j 0.0166568-0j 0.0001443-0j -0.00102048-0j -0.0125581-0j 9.87954e-05-0j 0.00233859-0j 8.84398e-05-0j 0.00045071-0j -0.0198081-0j 0.00294453-0j 0.000194883-0j -0.00614342-0j -0.000180397-0j -0.00221997-0j 3.75591e-05-0j 0.0022519-0j 0.000245378-0j 0.00534216-0j -0.00156114-0j -1.50331e-05-0j -0.00350161-0j -0.000184998-0j 0.0113482-0j 0.0262276-0j -0.00108601-0j -0.000291801-0j 0.000398083-0j -0.013531-0j 0.00094437-0j -0.0147738-0j -0.000275973-0j -9.05011e-05-0j 3.31736e-05-0j 0.0020061-0j 0.00463642-0j 7.86975e-05-0j 0.00471839-0j -2.29978e-05-0j -0.00893945-0j 0.000167175-0j -0.00239197-0j -0.00261167-0j 0.000386369-0j -0.0237008-0j 0.000834102-0j -0.000199331-0j -0.00158029-0j -0.000217639-0j 0.0262003-0j 6.95085e-05-0j -0.00418974-0j -0.0292162-0j -0.000131691-0j -0.000349145-0j 0.00463161-0j 0.000385967-0j -0.00516475-0j -0.000430396-0j 
0.0162916-0j -0.088016-0j 0.0142551-0j 0.00950341-0j 0.26014-0j -0.0811799-0j 0.00587994-0j -0.418964-0j 0.185853-0j 0.184244-0j -0.231232-0j 0.00217568-0j -0.0115898-0j 0.00183917-0j 0.0335628-0j 0.00167893-0j -0.0101411-0j -0.00676074-0j -0.0523376-0j 0.00119948-0j 0.0309561-0j -0.00418299-0j 0.0216998-0j -0.0373918-0j 0.0547108-0j -0.0836805-0j 0.00143818-0j 0.000207583-0j -0.00758256-0j -0.00109445-0j 0.00118643-0j 0.0216511-0j 0.000171247-0j 0.00312507-0j 0.00106118-0j 0.00072654-0j 0.000153168-0j 0.000104867-0j -0.00640977-0j -0.0330804-0j -0.000925171-0j -0.00585129-0j -0.00477475-0j 0.000734069-0j -0.000844562-0j 0.000692087-0j 0.0189447-0j 0.000105954-0j 0.0126298-0j 9.98942e-05-0j 0.01328-0j 0.00273444-0j -0.00418037-0j 0.00182296-0j 0.0019168-0j 0.000214103-0j -0.000603384-0j -0.0305111-0j 0.0078143-0j 3.09032e-05-0j -0.0044039-0j 0.0315674-0j 0.00948768-0j 0.0011279-0j 0.00455637-0j 0.00136943-0j -0.0168395-0j -0.0197673-0j -0.00243058-0j -0.00285316-0j 0.00110641-0j 0.000195588-0j 1.6299e-05-0j -0.00578764-0j -0.00102312-0j -8.526e-05-0j 0.000896297-0j 0.0163564-0j 0.000158444-0j 0.00289143-0j 1.32037e-05-0j 0.00079046-0j 0.000240953-0j 0.000749896-0j -0.00477456-0j 0.000139735-0j -0.0246412-0j 1.16446e-05-0j 0.000132564-0j -0.000844031-0j -0.0042705-0j 1.1047e-05-0j -0.00435599-0j -7.03359e-05-0j -0.00292381-0j 0.000535752-0j -0.000362999-0j 0.0138266-0j -0.000754924-0j 0.000691652-0j -0.000516861-0j 9.47084e-05-0j 0.00969224-0j -6.29104e-05-0j 0.000266217-0j 0.0126219-0j -4.30718e-05-0j 0.00244422-0j 7.89237e-06-0j 0.000122268-0j -0.00295411-0j 0.00171336-0j 0.000203685-0j -0.00278516-0j 4.7061e-05-0j 0.00223125-0j 1.0189e-05-0j -0.0215611-0j 0.00014278-0j 0.000285292-0j -0.014374-0j 3.92175e-06-0j -0.000522218-0j 0.000185938-0j 0.0223075-0j 0.00901751-0j -0.000492351-0j -4.35181e-05-0j -0.00381149-0j -0.000861615-0j 5.0433e-05-0j 0.00893945-0j -0.00254099-0j -4.10293e-05-0j -0.000317624-0j 0.00394345-0j 0.00159409-0j 4.20275e-06-0j -0.00889348-0j -0.00021175-0j -0.0112193-0j 0.000328621-0j -0.000152313-0j 0.00158029-0j 0.00013284-0j 0.0159373-0j -0.00157216-0j -1.26928e-05-0j -0.00198331-0j 0.000131691-0j -0.0344731-0j -0.000131013-0j 0.00281734-0j 0.0294394-0j -0.000165276-0j 0.000234778-0j -0.00609404-0j -0.000507837-0j 0.00520421-0j 0.000433684-0j 
0.022636-0j 0.0250534-0j 0.0198065-0j 0.0132043-0j 0.0200117-0j 0.0231076-0j 0.00816976-0j 0.0134794-0j 0.0142971-0j 0.00833996-0j 0.00217568-0j 0.837009-0j -0.155153-0j -0.120181-0j -0.121426-0j -0.10971-0j -0.135759-0j -0.0905059-0j -0.0791926-0j -0.0783804-0j -0.111995-0j -0.0559976-0j -0.0461957-0j -0.0565779-0j -0.0255646-0j -0.00563647-0j 0.00199824-0j -0.0274175-0j -0.012707-0j 0.17435-0j 0.00164847-0j 0.00166555-0j -0.0226183-0j -0.0228527-0j 0.00147443-0j 0.00100948-0j -0.0202304-0j -0.0138508-0j 0.00182452-0j 0.0010643-0j -0.0250338-0j 0.00166555-0j -0.0146031-0j 0.00101994-0j -0.0228527-0j 0.000961606-0j 0.00145736-0j -0.0139943-0j 0.000971571-0j -0.013194-0j 0.000601129-0j -0.0199961-0j 0.00118993-0j -0.0133307-0j -0.00824796-0j 0.000297482-0j -0.0163267-0j 0.00098164-0j 0.000601129-0j -0.00408168-0j -0.0134689-0j 0.000313639-0j 0.000429467-0j -0.00824796-0j -0.00430337-0j -0.00589263-0j 0.000158444-0j 3.02535e-05-0j -0.00217398-0j -0.000415101-0j 0.00153728-0j -0.0127807-0j -0.00324047-0j 0.00164743-0j -0.0136965-0j -0.00347266-0j -0.00733179-0j -0.00740777-0j 0.0609553-0j 0.061587-0j 0.0154548-0j 0.00109829-0j 0.015615-0j 0.00104193-0j 0.00135906-0j -0.00913099-0j 0.000792786-0j -0.00231511-0j -0.00866242-0j -0.011299-0j 0.00121558-0j -0.0021963-0j -0.0065911-0j -0.0028648-0j 0.000832252-0j 0.000744389-0j -0.00167113-0j 0.00106363-0j -0.0101062-0j 0.000961002-0j -0.00691921-0j -0.00618873-0j 0.000438727-0j -0.00256235-0j 0.00036989-0j 0.000970961-0j -0.00175432-0j -0.00884289-0j -0.00156911-0j -0.00798962-0j 0.000840877-0j -0.0036475-0j -0.00224206-0j 0.000792786-0j -0.00307521-0j -0.00807241-0j -0.00202572-0j 0.000693688-0j -0.000924802-0j 0.000396393-0j 0.000462459-0j -0.000779699-0j -0.00699092-0j -0.00204671-0j 0.000221637-0j 0.000693688-0j -0.0065911-0j -0.0017725-0j -0.00576721-0j 0.000245256-0j -0.00329555-0j 0.000404651-0j -0.00384481-0j -0.00167113-0j -0.00146224-0j -0.00184265-0j -0.00576721-0j -0.000835566-0j 0.000286132-0j -0.000974827-0j 0.000105563-0j -0.000467193-0j -0.00203902-0j -0.00336421-0j -0.00146224-0j 0.000158345-0j -0.00237885-0j -0.00051698-0j -0.000877636-0j -0.000852974-0j 4.93727e-05-0j -0.000603144-0j -0.00131645-0j 8.31406e-06-0j -0.000222519-0j -0.000333779-0j -0.000410477-0j -0.000104074-0j -6.91217e-05-0j -1.75254e-05-0j 
0.121039-0j -0.000541151-0j -0.0216152-0j -0.0144101-0j 0.0209746-0j -0.00049912-0j -0.0089158-0j 0.0285472-0j 0.014985-0j 0.0265841-0j 0.0115898-0j 0.155153-0j -0.0164204-0j 0.131155-0j -0.127269-0j 0.119728-0j 0.00293237-0j 0.00195491-0j -0.167717-0j 0.0855378-0j -0.117384-0j 0.00120954-0j -0.147251-0j -0.119823-0j -0.108835-0j -0.0360548-0j -0.00218072-0j 0.0299211-0j -4.66201e-05-0j 0.000639664-0j 0.00881465-0j -0.00855346-0j -0.120944-0j 0.11736-0j -0.00160908-0j -0.00110166-0j 0.0220778-0j 0.0151156-0j -3.94094e-05-0j 0.00225402-0j 0.000540727-0j -3.59757e-05-0j -0.0309269-0j -0.00111307-0j 0.000493614-0j -0.00104942-0j 0.00152748-0j 0.0152723-0j 0.00101832-0j 0.0143988-0j 0.00191613-0j -0.0209582-0j -2.57023e-05-0j -0.0139721-0j -0.0262908-0j -0.000324647-0j 0.000352655-0j 0.00207895-0j 0.000630054-0j 0.00445441-0j -0.0285248-0j 0.00133524-0j 0.00136895-0j -0.00864483-0j -0.0183206-0j -0.018783-0j 0.000844031-0j 0.000225885-0j -0.0115808-0j -0.00309932-0j -0.00167766-0j 0.0139478-0j 0.00353638-0j -3.55843e-05-0j 0.000295842-0j 7.5009e-05-0j -0.00135906-0j 0.00131879-0j 0.011299-0j -0.0109642-0j 0.0028648-0j 0.00587275-0j -0.00277991-0j -0.00113707-0j 0.000143835-0j -0.0488251-0j -0.00822663-0j -0.0123793-0j 0.00945344-0j -0.00119582-0j -2.62564e-05-0j 0.00239686-0j 0.0683949-0j -0.000303193-0j -1.79765e-05-0j -0.000812364-0j 0.0173411-0j 0.00111481-0j 0.000218292-0j -0.00104876-0j 0.000149454-0j 0.00675387-0j 0.00139846-0j 5.53465e-05-0j -0.000403667-0j 0.00101768-0j 3.78931e-05-0j -0.00926838-0j 0.0017124-0j 0.0087192-0j -1.81628e-05-0j -0.0116266-0j -0.00234994-0j -1.71241e-05-0j 0.00335602-0j -0.00846083-0j 0.0022107-0j 0.00146912-0j -0.00294785-0j -0.000432591-0j 0.000979411-0j 0.000850899-0j 0.000151003-0j -0.00214519-0j 0.000943567-0j 0.000727066-0j 0.000142367-0j 3.82858e-05-0j -0.012214-0j -5.29749e-06-0j 0.00359649-0j 0.00128985-0j -0.00814266-0j 3.60962e-05-0j -0.00309678-0j -0.00784466-0j -0.00604471-0j 0.000911867-0j 0.00060598-0j -0.00206452-0j 0.000562334-0j -0.00198897-0j 4.40425e-05-0j -0.0107236-0j -0.0015326-0j 0.000674117-0j -0.00503802-0j 1.11667e-05-0j -0.00467515-0j -0.0027189-0j 0.000315822-0j -0.00127736-0j -0.0056045-0j 7.09699e-05-0j -0.00118536-0j -0.00142099-0j -0.0026257-0j -0.000665729-0j -0.000590032-0j -0.000149599-0j 
-0.0191349-0j 0.0828791-0j 0.0161009-0j -0.011162-0j -0.0169165-0j 0.0187844-0j 0.0337361-0j -0.0113946-0j 0.0353302-0j 0.00677964-0j -0.00183917-0j 0.120181-0j 0.131155-0j 0.382322-0j -0.401689-0j 0.0927409-0j -0.11036-0j 0.0765073-0j 0.0669439-0j -0.19369-0j -0.091042-0j -0.231236-0j 0.0390506-0j -0.139813-0j -0.0207817-0j 0.00476468-0j -0.00168918-0j 0.0231768-0j -0.00182452-0j 0.0250338-0j 0.00134006-0j -0.00140794-0j -0.0183866-0j 0.019318-0j 0.00487756-0j -0.000853341-0j -0.066924-0j 0.0117085-0j -0.00580419-0j 0.00352081-0j 0.079638-0j -0.00140794-0j -0.0483083-0j 0.00252042-0j 0.019318-0j 0.000781699-0j 0.0011847-0j -0.0345821-0j -0.000821299-0j -0.0107255-0j -0.000508153-0j -0.016255-0j 0.00294049-0j 0.0112689-0j 0.00697225-0j 0.00172171-0j -0.0403458-0j 0.000797984-0j 0.0024823-0j -0.0236233-0j -0.010949-0j -0.000265128-0j 0.00106128-0j -0.034059-0j 0.00363777-0j -0.0145616-0j 0.000128801-0j -2.55742e-05-0j -0.00176725-0j 0.000350898-0j -0.00129951-0j 0.0108039-0j 0.00273927-0j -0.00139262-0j 0.0115781-0j 0.00293554-0j 0.00101235-0j -0.00106363-0j -0.00841652-0j 0.00884289-0j -0.00213396-0j -0.000928416-0j 0.00224206-0j 0.00344679-0j 0.00110479-0j 0.0077187-0j -0.000670166-0j 0.00195703-0j -0.0286561-0j -0.00918509-0j 0.00402126-0j -0.00726557-0j 0.00557165-0j -0.00232882-0j -0.000703528-0j -0.00719863-0j 0.00141266-0j -0.00338365-0j -0.0334321-0j 0.000781208-0j 0.00584902-0j 0.0598483-0j 0.00145135-0j -0.0084765-0j -0.000312679-0j -0.000820783-0j 0.00148298-0j 0.0281311-0j 0.0151742-0j -0.00649484-0j 0.00207793-0j -0.0120663-0j 0.00713248-0j 0.000644464-0j 0.00259956-0j 0.00682386-0j -0.00164673-0j 0.000563906-0j -0.00305933-0j 0.00163686-0j -0.00039093-0j 0.000659103-0j -0.0172756-0j 0.00173015-0j -0.000187356-0j 0.00171421-0j -0.00535797-0j -0.00438012-0j -0.00468822-0j 0.00141945-0j -0.0136086-0j 0.000328945-0j 0.00325013-0j -0.00135848-0j -0.00118867-0j 0.00155765-0j -0.0142516-0j -0.00345038-0j 0.00118155-0j 0.000824051-0j -8.92358e-05-0j 0.000394932-0j -0.0118011-0j -0.0027348-0j -0.00361342-0j 0.000391294-0j -0.00982321-0j -0.00299209-0j 0.000741892-0j -0.00069339-0j 4.01355e-05-0j -0.00249061-0j -0.00325315-0j -7.02813e-06-0j 0.000188102-0j -0.000824817-0j -0.00033368-0j -8.46026e-05-0j 5.84307e-05-0j 1.48147e-05-0j 
0.0193332-0j 0.0804232-0j 0.0169165-0j 0.0112777-0j -0.0170784-0j -0.0189547-0j 0.00697771-0j 0.0101725-0j -0.0122014-0j 0.0333932-0j 0.0335628-0j -0.121426-0j 0.127269-0j 0.401689-0j -0.405534-0j -0.093702-0j 0.11136-0j 0.0742403-0j -0.0597643-0j -0.0669439-0j 0.0955792-0j 0.0459338-0j -0.184967-0j -0.0426977-0j -0.227386-0j -0.133017-0j 0.00170668-0j -0.023417-0j -0.00177046-0j 0.024292-0j 0.00140794-0j -0.00142142-0j -0.019318-0j 0.0195029-0j -0.00492811-0j 0.000862184-0j 0.0676175-0j -0.0118298-0j 0.00585683-0j -0.00314321-0j -0.0803602-0j -0.00136622-0j 0.0431273-0j 0.000871119-0j 0.0187456-0j 0.000821299-0j -0.00124374-0j -0.0119524-0j -0.00082916-0j -0.0112689-0j 0.00240692-0j 0.0170651-0j -0.000976075-0j 0.0113767-0j -0.0330248-0j 0.000254076-0j 0.0133925-0j 0.000740815-0j -0.000513016-0j -0.00348613-0j -0.0101646-0j 0.00278967-0j 0.00171958-0j 0.00703898-0j -0.0382765-0j -0.023594-0j 0.00244422-0j 0.00101088-0j -0.0335366-0j -0.01387-0j 0.00131298-0j -0.0109159-0j -0.00276766-0j -0.00135136-0j 0.011235-0j 0.00284856-0j 0.00106363-0j -0.00107382-0j -0.00884289-0j 0.00892752-0j -0.00224206-0j 0.000938038-0j 0.00226352-0j -0.00348251-0j -0.00111481-0j -0.00779869-0j 0.000598293-0j -0.00197731-0j 0.028953-0j 0.00926838-0j 0.0039021-0j 0.00734086-0j -0.00497411-0j 0.00234994-0j -0.000682681-0j -0.00248803-0j -0.00126115-0j 0.00355228-0j -0.0324414-0j 0.000820783-0j 0.0056757-0j 0.020685-0j -0.00687446-0j -0.00822532-0j 0.000315919-0j -0.000828639-0j 0.00143904-0j -0.0295331-0j 0.00524457-0j -0.00682386-0j -0.000689756-0j 0.0571532-0j -0.00748793-0j -0.000650308-0j -0.0026265-0j 0.00688917-0j -0.00173015-0j 0.000523506-0j 0.0144908-0j 0.000338556-0j 0.000349004-0j -0.000665934-0j 0.00573452-0j 0.00174671-0j 0.00197136-0j -0.000592008-0j 0.00540655-0j 0.00145395-0j -0.00435234-0j -0.000201179-0j -0.0028147-0j 0.00162022-0j -0.00290156-0j 0.0013708-0j -0.00110351-0j -0.0163896-0j 0.00492186-0j -0.000713649-0j 0.000215935-0j -0.000735673-0j 0.00162845-0j -0.00415547-0j 0.00167257-0j -0.0134703-0j 0.00124791-0j 0.00140841-0j -0.00179525-0j 0.000424069-0j -0.0135387-0j -0.0034153-0j 0.00116516-0j -0.000455175-0j -0.0117093-0j 0.000373044-0j -0.00343266-0j -0.00296881-0j -0.00968698-0j -0.00245607-0j -0.00310143-0j -0.000786348-0j 
-0.0174677-0j -0.0193332-0j 0.0447557-0j 0.0498127-0j 0.0452195-0j 0.0346703-0j -0.00630442-0j 0.0202244-0j -0.0110327-0j -0.00643576-0j -0.00167893-0j 0.10971-0j 0.119728-0j 0.0927409-0j 0.093702-0j 0.482007-0j -0.306767-0j -0.341429-0j -0.178947-0j -0.117601-0j -0.168036-0j 0.0432121-0j -0.0693115-0j 0.0436599-0j 0.0197277-0j 0.00434954-0j -0.001542-0j 0.0211574-0j -0.00166555-0j 0.0228527-0j -0.00127209-0j -0.00128527-0j 0.017454-0j 0.0176349-0j 0.00221222-0j 0.00534111-0j -0.0303534-0j -0.0732842-0j -0.00140794-0j -0.000821299-0j 0.019318-0j -0.00731756-0j 0.0112689-0j 0.0023047-0j 0.100403-0j 0.00362762-0j 0.00329311-0j -0.0316223-0j 0.00366521-0j -0.0497737-0j 0.00135834-0j -0.0451841-0j 0.00178535-0j -0.0502895-0j -0.0186375-0j -0.00022956-0j -0.0244964-0j 0.00147284-0j -0.000463878-0j 0.00314974-0j -0.0202085-0j 0.00047058-0j -0.00033141-0j 0.00636476-0j -0.00645672-0j 0.00454721-0j -0.000122268-0j -2.33459e-05-0j 0.00167761-0j 0.000320324-0j -0.00118629-0j 0.0098626-0j 0.0025006-0j -0.00127129-0j 0.0105693-0j 0.00267977-0j -0.000961002-0j -0.000970961-0j 0.00798962-0j 0.00807241-0j 0.00202572-0j 0.00164786-0j 0.00204671-0j 0.00235439-0j -0.00104876-0j -0.0137-0j -0.000611775-0j -0.00347356-0j -0.019574-0j 0.0087192-0j 0.00182385-0j -0.00496287-0j 0.0050862-0j 0.0022107-0j 0.00440342-0j -0.000574428-0j 0.00128958-0j -0.000820783-0j -0.0151632-0j -0.00422214-0j -0.0366094-0j 0.0047757-0j -0.000338556-0j -0.00384452-0j 0.00223581-0j -0.0042659-0j -0.00928208-0j 0.00682386-0j 0.00121085-0j 0.0351022-0j 0.00190009-0j 0.0028147-0j 0.00173015-0j 0.00299075-0j -0.0185881-0j 0.035466-0j 0.00889995-0j 0.00156749-0j 0.000713649-0j 0.000594744-0j 0.0017446-0j -0.00471291-0j -0.015797-0j 0.00899218-0j 0.000500821-0j 0.0010408-0j -0.0248646-0j -0.00400523-0j -0.0130319-0j -0.000189258-0j -0.0049446-0j 0.000607134-0j -0.0145044-0j -0.00630427-0j -0.00330415-0j -0.00416374-0j -0.00865305-0j -0.00125367-0j -0.000220801-0j -0.00367749-0j 0.000158386-0j -0.00105569-0j 0.00157346-0j -0.00504761-0j -0.00219393-0j -0.000122191-0j 0.00183571-0j 0.000398942-0j -0.00131679-0j -0.00127979-0j -3.80998e-05-0j 0.000465432-0j 0.00101588-0j -6.41577e-06-0j -0.000333865-0j 0.00025757-0j 0.000316756-0j 8.03114e-05-0j 5.33397e-05-0j 1.35239e-05-0j 
0.0216152-0j 0.000473507-0j 0.0532583-0j 0.0126088-0j 0.0537412-0j -0.00041998-0j -0.038109-0j -0.0249788-0j 0.0383299-0j 0.0223689-0j -0.0101411-0j -0.135759-0j -0.00293237-0j 0.11036-0j 0.11136-0j 0.306767-0j -0.00722516-0j -0.00171055-0j -0.429724-0j 0.218796-0j -0.0987719-0j 0.00516997-0j 0.128845-0j -0.306492-0j -0.0915787-0j 0.031548-0j 0.00190813-0j -0.026181-0j 4.07926e-05-0j -0.000559706-0j -0.00151375-0j -0.00152748-0j 0.0207699-0j 0.0209582-0j 0.00140794-0j -0.00660929-0j -0.019318-0j 0.0906846-0j -3.31607e-05-0j -0.00197227-0j 0.00045499-0j -9.21768e-05-0j 0.027061-0j 0.008337-0j 0.00126474-0j -0.000883023-0j -0.00376361-0j -0.11439-0j -0.00089103-0j 0.0121158-0j 0.00490951-0j 0.0516396-0j -6.57434e-05-0j 0.0122256-0j -0.0673622-0j -0.00194488-0j 0.00090205-0j 0.00174931-0j 0.00269305-0j 0.0266853-0j -0.024002-0j -0.00116834-0j 0.00350161-0j -0.0369508-0j 0.0160305-0j -0.0480448-0j 0.000710203-0j -0.00019765-0j -0.00974453-0j 0.00271191-0j 0.00146796-0j -0.0122043-0j -0.00309434-0j 3.11363e-05-0j -0.000258862-0j -6.56328e-05-0j -0.00114357-0j -0.00115394-0j 0.00950747-0j 0.00959368-0j 0.00241056-0j 0.00104876-0j 0.00243242-0j -0.00291341-0j -2.4701e-05-0j -0.0087192-0j -0.00146912-0j -0.0022107-0j 0.0242216-0j 0.00020536-0j 2.29744e-05-0j 0.00614124-0j 0.012214-0j 5.20677e-05-0j -0.000107848-0j -0.00207793-0j 0.00309678-0j 0.00093805-0j -0.000191005-0j 0.00258407-0j 0.000896634-0j 0.0172756-0j -0.00122366-0j -4.84282e-05-0j 0.000353209-0j 0.0026075-0j 0.000227336-0j -0.0077988-0j 0.00438012-0j -0.0214835-0j 0.000136041-0j 0.0101733-0j -0.00197734-0j -1.44089e-05-0j -0.00293652-0j -0.0216783-0j -0.00544701-0j -0.0036198-0j 0.00257937-0j -0.00184903-0j -0.000856984-0j -0.000744537-0j -0.00113102-0j -0.00549641-0j 0.00241761-0j 0.00185975-0j 0.000119793-0j -0.000286763-0j 0.0300944-0j -3.1736e-05-0j 0.0153726-0j 0.00108533-0j 0.00712483-0j 3.03728e-05-0j 0.00763026-0j -0.0200996-0j -0.0154617-0j 0.00389762-0j 0.00259015-0j 0.00180646-0j -0.000492042-0j -0.00509613-0j 0.000263848-0j -0.00902326-0j -0.00392021-0j 0.00172431-0j -0.0215341-0j 6.68971e-05-0j 0.00409076-0j -0.00228779-0j 0.000265746-0j -0.00545984-0j -0.0143356-0j -6.20987e-05-0j 0.00103719-0j -0.00363471-0j -0.00220937-0j -0.000560172-0j 0.000516278-0j 0.000130899-0j 
