-0.00320155-0j -0.00050621-0j -0.000400194-0j -0.000266796-0j -5.7763e-05-0j -6.6699e-05-0j -2.35817e-05-0j -5.55825e-06-0j -5.89541e-06-0j -4.91284e-07-0j -1.83091e-08-0j 1.00705-0j -0.0004666-0j -0.000361426-0j -5.21674e-05-0j -0.000329936-0j -5.83249e-05-0j -3.88833e-05-0j -4.86041e-06-0j -3.36739e-05-0j -6.87366e-06-0j -3.43683e-06-0j -4.05034e-07-0j -4.96064e-07-0j -3.20208e-08-0j -1.00856e-09-0j -0.00197837-0j -0.00199887-0j 0.102717-0j 0.103782-0j -0.000233153-0j -3.36528e-05-0j -0.000235569-0j -3.40015e-05-0j -0.000208539-0j -0.000142777-0j -0.0002107-0j -0.000144256-0j -3.68648e-05-0j -3.07206e-06-0j -3.72468e-05-0j -3.36528e-05-0j -3.1039e-06-0j -2.0608e-05-0j -3.40015e-05-0j -1.94294e-05-0j -4.2066e-06-0j -2.08216e-05-0j -2.8044e-06-0j -1.96308e-05-0j -2.47876e-07-0j -4.25019e-06-0j -3.43467e-06-0j -2.83346e-06-0j -2.50445e-07-0j -8.58668e-07-0j -3.47027e-06-0j -4.0478e-07-0j -2.47876e-07-0j -8.67566e-07-0j -4.08975e-07-0j -1.84756e-08-0j -2.52987e-08-0j -2.50445e-07-0j -1.86671e-08-0j -2.55609e-08-0j -1.33336e-09-0j -3.63704e-11-0j -1.34718e-09-0j -3.67473e-11-0j -0.00152199-0j -0.00188337-0j -0.00109863-0j -0.000233007-0j -0.000288331-0j -0.000168193-0j 0.0592666-0j 0.0085544-0j 0.0733387-0j 0.0105855-0j 0.0427809-0j -0.000155338-0j 0.00617489-0j -0.000147366-0j -2.74601e-05-0j -0.000192221-0j -2.28834e-06-0j -0.000112129-0j -0.000182357-0j -3.39802e-05-0j -2.45611e-05-0j -0.000106375-0j -2.83168e-06-0j -1.98218e-05-0j -1.68158e-05-0j -1.50405e-05-0j -1.65181e-06-0j -3.07013e-06-0j -3.03928e-05-0j -1.94172e-05-0j -2.08085e-05-0j -1.86117e-05-0j -1.80909e-07-0j -1.77291e-05-0j -7.4737e-06-0j -2.80264e-06-0j -1.21383e-05-0j -3.7991e-06-0j -1.08568e-05-0j -2.40276e-05-0j -2.42715e-06-0j -2.23864e-07-0j -2.21614e-06-0j -2.28834e-06-0j -9.24823e-06-0j -3.46809e-06-0j -1.40161e-05-0j -2.86043e-07-0j -1.30587e-07-0j -1.14417e-06-0j -1.90695e-07-0j -5.3948e-06-0j -3.00345e-06-0j -2.02305e-06-0j -1.3056e-08-0j -2.86043e-07-0j -2.83168e-06-0j -1.75201e-06-0j -3.5396e-07-0j -1.01131e-07-0j -1.41584e-06-0j -2.38369e-08-0j -2.35973e-07-0j -1.65181e-06-0j -2.06477e-07-0j -1.6156e-08-0j -3.5396e-07-0j -8.25907e-07-0j -1.68552e-08-0j -1.37651e-07-0j -8.88349e-10-0j -9.42433e-09-0j -1.25144e-07-0j -2.94967e-08-0j -2.06477e-07-0j -1.33252e-09-0j -2.08573e-08-0j -7.30005e-08-0j -1.09928e-09-0j -1.72064e-08-0j -5.93553e-11-0j -1.21668e-08-0j -1.64891e-09-0j -1.42787e-12-0j -6.41244e-10-0j -9.61866e-10-0j -7.34485e-11-0j -4.28449e-11-0j -1.7669e-12-0j -1.03069e-12-0j 
-0.143793-0j -0.00371159-0j 6.23912e-05-0j 4.15941e-05-0j -0.000856056-0j -0.000489045-0j 3.67644e-06-0j -0.000123994-0j -8.73708e-05-0j -1.46384e-05-0j -8.19738e-07-0j 0.0004666-0j 0.985595-0j 5.63473e-05-0j -0.000773128-0j 5.14378e-05-0j -0.000427645-0j -0.000285097-0j -0.000108427-0j 5.24985e-06-0j -0.000101869-0j -2.51992e-05-0j -1.20685e-05-0j -1.10663e-05-0j -1.19387e-06-0j -5.27076e-08-0j 0.000308433-0j 0.000311629-0j -0.00223827-0j -0.00226146-0j -0.0104717-0j 0.143681-0j -0.0105803-0j 0.145169-0j 3.25117e-05-0j 2.22592e-05-0j 3.28486e-05-0j 2.24899e-05-0j -0.000270297-0j -6.85321e-05-0j -0.000273098-0j -0.000246746-0j -6.92423e-05-0j 3.21284e-06-0j -0.000249303-0j 3.0291e-06-0j -6.23423e-05-0j 3.24614e-06-0j -4.15616e-05-0j 3.06049e-06-0j -7.38576e-06-0j -6.29884e-05-0j -2.51834e-05-0j -4.19923e-05-0j -7.4623e-06-0j 1.33868e-07-0j -2.54444e-05-0j -9.02989e-06-0j -3.67356e-06-0j 1.35256e-07-0j -9.12347e-06-0j -6.88847e-07-0j -7.53806e-07-0j -3.71163e-06-0j -6.95986e-07-0j -7.61617e-07-0j -5.96975e-08-0j -2.17307e-09-0j -6.03162e-08-0j -2.19559e-09-0j 0.000237283-0j 0.000293622-0j 0.00017128-0j -0.00170843-0j -0.00211408-0j -0.00123321-0j 2.74601e-05-0j -0.000376774-0j 3.39802e-05-0j -0.000466234-0j 1.98218e-05-0j -0.00697678-0j -0.00027197-0j 2.29748e-05-0j 0.0580038-0j -0.00863332-0j 0.0147065-0j -0.00503611-0j 2.84298e-05-0j 0.0717761-0j -0.000180085-0j 1.65841e-05-0j 0.0181984-0j 0.0418694-0j -0.000123296-0j 2.34485e-06-0j 0.0106157-0j -4.54998e-05-0j -0.000222843-0j 3.02719e-06-0j -0.00015257-0j 2.90161e-06-0j -5.39041e-06-0j -0.000129992-0j 1.16517e-06-0j -4.15354e-05-0j -8.89994e-05-0j -5.63031e-05-0j 1.6926e-06-0j 3.74596e-06-0j -1.77962e-05-0j -6.67029e-06-0j -3.28435e-05-0j -1.67784e-05-0j 1.44182e-06-0j -5.13975e-05-0j 2.18514e-06-0j -6.38109e-06-0j -3.891e-06-0j 1.78379e-07-0j -4.25406e-06-0j 8.41062e-07-0j -2.20216e-05-0j -2.99819e-05-0j -4.86783e-07-0j -4.23919e-06-0j -2.07622e-05-0j -1.2846e-05-0j -7.89619e-06-0j -7.41507e-07-0j 2.20733e-07-0j -7.10249e-07-0j -5.26413e-06-0j -1.21113e-05-0j -4.60611e-06-0j -6.02363e-07-0j -5.24573e-06-0j 1.28761e-07-0j -3.76009e-07-0j -3.07074e-06-0j -3.97733e-08-0j -3.51378e-07-0j -9.17569e-07-0j -8.78888e-07-0j -3.06001e-06-0j -4.96821e-08-0j -4.65288e-07-0j -5.35248e-07-0j -4.9217e-08-0j -5.12684e-07-0j -3.10192e-09-0j -2.71418e-07-0j -6.14784e-08-0j -9.60044e-11-0j -2.87099e-08-0j -3.58624e-08-0j -3.83843e-09-0j -2.23909e-09-0j -1.18799e-10-0j -6.92997e-11-0j 
0.000386624-0j -0.0146564-0j -0.00459699-0j 3.22187e-05-0j 6.97555e-06-0j -0.000766166-0j -0.000818337-0j 6.71222e-07-0j -0.000136152-0j -5.64334e-06-0j 2.21103e-09-0j 0.000361426-0j 5.63473e-05-0j 0.995386-0j -0.00151041-0j 3.98435e-05-0j -0.000669974-0j 4.6956e-06-0j 5.86951e-07-0j -0.000777686-0j -7.89572e-05-0j -0.000119266-0j 4.89125e-08-0j -1.14564e-05-0j -3.6782e-07-0j 1.21795e-10-0j 0.000238911-0j 0.000241387-0j 3.68648e-05-0j 3.72468e-05-0j -0.00267821-0j 4.06396e-06-0j -0.00270597-0j 4.10607e-06-0j -0.00603786-0j 1.72419e-05-0j -0.00610043-0j 1.74206e-05-0j 0.101527-0j -8.8946e-05-0j 0.102579-0j 4.06396e-06-0j -8.98678e-05-0j -0.000475934-0j 4.10607e-06-0j -0.000223184-0j -4.83208e-05-0j -0.000480866-0j 3.38663e-07-0j -0.000225497-0j 2.99339e-08-0j -4.88216e-05-0j -7.93224e-05-0j 3.42173e-07-0j 3.02441e-08-0j -3.97649e-05-0j -8.01444e-05-0j -4.64967e-06-0j -8.60186e-06-0j -4.0177e-05-0j -4.69786e-06-0j 2.23114e-09-0j -5.84264e-07-0j -8.69101e-06-0j 2.25426e-09-0j -5.90319e-07-0j -1.53162e-08-0j 4.39214e-12-0j -1.54749e-08-0j 4.43766e-12-0j 0.000183798-0j 0.000227439-0j 0.000132673-0j 2.81382e-05-0j 3.48193e-05-0j 2.03113e-05-0j -0.00202327-0j 3.07013e-06-0j -0.00250366-0j 3.7991e-06-0j -0.00146047-0j 1.87588e-05-0j 2.21614e-06-0j -0.00426673-0j -0.000315432-0j 2.32129e-05-0j 2.76344e-07-0j 1.35408e-05-0j -0.00527981-0j -0.000390327-0j -0.000711121-0j -0.00307989-0j 3.41958e-07-0j -0.000227691-0j 2.0307e-06-0j 0.0832801-0j 1.99475e-07-0j 0.0084553-0j -0.000879968-0j -0.000223044-0j 2.51287e-06-0j 0.103054-0j -5.2379e-06-0j -0.000513315-0j 9.02535e-07-0j 3.3845e-07-0j 1.46584e-06-0j 0.0104629-0j 0.0601148-0j -0.000276003-0j -5.60541e-05-0j -6.48158e-06-0j 0.00610336-0j -2.6286e-05-0j 1.11683e-06-0j 4.18811e-07-0j -0.000161002-0j -3.28575e-06-0j -3.78092e-06-0j -3.97054e-05-0j 2.30286e-08-0j 6.51484e-07-0j -6.93635e-05-0j 2.44306e-07-0j 1.57666e-09-0j -6.60604e-06-0j -3.25273e-05-0j -4.0462e-05-0j -4.06591e-06-0j -4.68339e-06-0j -4.91329e-05-0j -2.73813e-07-0j 2.84965e-08-0j -1.89742e-05-0j -2.37178e-06-0j 1.95102e-09-0j -8.17456e-06-0j -2.86608e-05-0j -5.84915e-07-0j 1.6623e-08-0j 1.07278e-10-0j 1.1381e-09-0j -5.7954e-06-0j -3.38826e-07-0j -4.7685e-06-0j -3.07741e-08-0j -7.23796e-07-0j -3.38065e-06-0j 1.3275e-10-0j -1.97648e-07-0j -6.8181e-10-0j -4.22214e-07-0j -3.8081e-08-0j 1.72431e-13-0j 7.74376e-11-0j -2.22139e-08-0j -8.43696e-10-0j -4.92156e-10-0j 2.13373e-13-0j 1.24468e-13-0j 
-5.58044e-05-0j -0.201097-0j -6.97555e-06-0j -4.65036e-06-0j -0.0044529-0j 0.000110516-0j -4.11038e-07-0j -0.00131317-0j -0.000454472-0j -0.000233774-0j -2.19027e-05-0j -5.21674e-05-0j 0.000773128-0j 0.00151041-0j 0.964184-0j -5.75092e-06-0j 9.6641e-05-0j 6.44273e-05-0j -0.0011483-0j -5.86951e-07-0j -0.000529884-0j 5.69463e-06-0j -0.000192732-0j -0.000117198-0j -2.54837e-05-0j -1.69148e-06-0j -3.44838e-05-0j -3.48412e-05-0j 0.000505813-0j 0.000511055-0j -4.06396e-06-0j -0.00259426-0j -4.10607e-06-0j -0.00262114-0j 0.00087149-0j -2.48866e-06-0j 0.000880521-0j -2.51445e-06-0j -0.0146449-0j 0.174012-0j -0.0147967-0j 5.57607e-05-0j 0.175816-0j -3.59207e-07-0j 5.63385e-05-0j -3.38663e-07-0j -0.000324283-0j -3.62929e-07-0j -0.000216188-0j -3.42173e-07-0j -0.00011795-0j -0.000327643-0j 5.69105e-06-0j -0.000218429-0j -0.000119172-0j -1.49669e-08-0j 5.75003e-06-0j -9.56314e-05-0j -1.91085e-05-0j -1.5122e-08-0j -9.66225e-05-0j -1.47038e-05-0j -1.20382e-05-0j -1.93066e-05-0j -1.48562e-05-0j -1.2163e-05-0j -1.59507e-06-0j -8.14112e-08-0j -1.6116e-06-0j -8.22549e-08-0j -2.6529e-05-0j -3.2828e-05-0j -1.91496e-05-0j 0.000386079-0j 0.000477748-0j 0.000278686-0j -3.07013e-06-0j -0.00195984-0j -3.7991e-06-0j -0.00242518-0j -2.21614e-06-0j -2.7076e-06-0j -0.00141469-0j 0.000615849-0j 4.54998e-05-0j -3.35049e-06-0j -0.000540633-0j -1.95445e-06-0j 0.000762074-0j 5.63031e-05-0j -0.00975714-0j 0.000444543-0j -0.000669-0j 3.28435e-05-0j 2.78628e-05-0j 6.28548e-05-0j -0.00039025-0j 0.0567437-0j -0.0120738-0j -3.3845e-07-0j 3.44785e-05-0j 7.77789e-05-0j 0.0206392-0j -0.00704307-0j -1.3027e-07-0j -0.000216053-0j 2.01124e-05-0j 0.0702168-0j 4.5371e-05-0j -4.18811e-07-0j 4.02165e-06-0j 0.0255397-0j 0.0409598-0j 3.79165e-06-0j -1.612e-07-0j -0.000267351-0j -2.44306e-07-0j -6.75792e-05-0j 0.0148981-0j -1.99434e-08-0j -4.50528e-05-0j -9.40336e-08-0j 4.97654e-06-0j -0.000155955-0j -1.03906e-05-0j -2.20508e-05-0j 4.69193e-06-0j 2.90298e-06-0j -8.3625e-05-0j 1.67569e-07-0j -2.46787e-08-0j -1.13426e-05-0j -5.575e-05-0j 2.73696e-06-0j -4.87812e-05-0j -1.28577e-05-0j -2.72864e-05-0j -1.43959e-08-0j -3.98214e-06-0j -3.25208e-05-0j -1.06271e-06-0j -7.50034e-06-0j 2.07356e-07-0j -1.40358e-05-0j -1.59171e-05-0j -1.06049e-06-0j -4.92765e-06-0j 1.20958e-07-0j -1.31504e-06-0j -8.18752e-06-0j -9.95462e-08-0j -2.87446e-06-0j -1.31229e-06-0j -4.11237e-09-0j -7.67105e-07-0j -7.65501e-07-0j -1.23182e-07-0j -7.18563e-08-0j -5.0888e-09-0j -2.96847e-09-0j 
0.000352938-0j 5.58044e-05-0j -0.00844771-0j -0.00845708-0j -0.00121932-0j -0.00105346-0j 2.59963e-06-0j -8.77882e-05-0j 6.49908e-07-0j 5.4159e-08-0j 2.01839e-09-0j 0.000329936-0j 5.14378e-05-0j 3.98435e-05-0j 5.75092e-06-0j 0.997834-0j -0.00123118-0j -0.00123255-0j -0.000102599-0j -0.000531853-0j -0.000108564-0j 3.78875e-07-0j -6.3972e-06-0j 5.46859e-08-0j 3.52996e-09-0j 1.11183e-10-0j 0.000218095-0j 0.000220355-0j 3.36528e-05-0j 3.40015e-05-0j 2.57027e-05-0j 3.70987e-06-0j 2.59691e-05-0j 3.74831e-06-0j -0.0032937-0j -0.00604349-0j -0.00332784-0j -0.00610612-0j 4.06396e-06-0j 3.38663e-07-0j 4.10607e-06-0j 0.101777-0j 3.42173e-07-0j -0.000435016-0j 0.102832-0j -0.000615887-0j -8.87972e-05-0j -0.000439524-0j -8.88957e-05-0j -0.00062227-0j -5.23242e-06-0j -8.97174e-05-0j -5.4248e-05-0j -8.98169e-05-0j -5.28665e-06-0j 9.46592e-08-0j -5.48101e-05-0j -6.39318e-06-0j 2.73258e-08-0j 9.56402e-08-0j -6.45944e-06-0j -2.91808e-07-0j 2.78892e-09-0j 2.76089e-08-0j -2.94832e-07-0j 2.81783e-09-0j 1.46989e-10-0j 4.00946e-12-0j 1.48512e-10-0j 4.05101e-12-0j 0.000167784-0j 0.000207622-0j 0.000121113-0j 2.56866e-05-0j 3.17855e-05-0j 1.85416e-05-0j 1.94172e-05-0j 2.80264e-06-0j 2.40276e-05-0j 3.46809e-06-0j 1.40161e-05-0j -0.00245344-0j 2.02305e-06-0j -0.00311076-0j 3.02719e-06-0j -0.00303598-0j 2.52266e-07-0j -0.00177099-0j -0.00384937-0j 3.74596e-06-0j -0.000387923-0j -0.00224547-0j 3.12163e-07-0j 2.18514e-06-0j -0.000711785-0j 1.65806e-06-0j 1.82095e-07-0j 3.3845e-07-0j -0.00048003-0j 0.0587241-0j -0.000880789-0j 2.05175e-06-0j 1.99434e-08-0j -0.000280018-0j -0.000355771-0j 0.00847609-0j -0.000513794-0j 4.18811e-07-0j 1.19685e-06-0j 0.0726673-0j -5.12349e-05-0j 2.46787e-08-0j 2.44306e-07-0j -7.25374e-05-0j -0.000440245-0j 0.0104886-0j 0.0423893-0j -6.03809e-06-0j 1.43959e-08-0j -1.80713e-05-0j -6.04479e-06-0j -0.000256809-0j -6.33999e-05-0j 0.00611836-0j -2.756e-07-0j -4.51782e-06-0j -8.97605e-05-0j -3.69833e-05-0j -7.47175e-06-0j 1.11487e-08-0j -2.23621e-05-0j -3.76485e-07-0j -7.48004e-06-0j -5.23603e-05-0j -4.35852e-06-0j -3.41037e-07-0j -5.59052e-06-0j -1.30446e-05-0j 1.85812e-09-0j -4.36336e-06-0j -1.40308e-08-0j -1.98938e-07-0j 1.37958e-08-0j -4.65877e-07-0j -3.26114e-06-0j 1.46897e-10-0j 2.2993e-09-0j 8.04755e-09-0j -1.73622e-08-0j -2.71761e-07-0j 6.54331e-12-0j 1.34126e-09-0j 1.81776e-10-0j 1.57408e-13-0j -1.0128e-08-0j 1.06036e-10-0j 8.09693e-12-0j 4.72321e-12-0j 1.94782e-13-0j 1.13623e-13-0j 
-6.23912e-05-0j 0.000463948-0j -0.142049-0j -5.19927e-06-0j -0.02049-0j -0.00581478-0j 0.000132059-0j 1.54993e-05-0j -0.00208861-0j -0.000174052-0j 1.02467e-07-0j -5.83249e-05-0j 0.000427645-0j 0.000669974-0j 9.6641e-05-0j 0.00123118-0j 0.973642-0j 3.56371e-05-0j -0.00259524-0j 0.000125498-0j -0.00121123-0j -0.000905163-0j 1.50856e-06-0j -0.000264541-0j -1.41952e-05-0j 6.58844e-09-0j -3.85541e-05-0j -3.89536e-05-0j 0.000279784-0j 0.000282683-0j 0.000432195-0j 6.23423e-05-0j 0.000436673-0j 6.29884e-05-0j -4.06396e-06-0j 0.00106835-0j -4.10607e-06-0j 0.00107942-0j -0.00321385-0j 8.56651e-06-0j -0.00324716-0j -0.00590596-0j 8.65528e-06-0j -0.0147066-0j -0.00596717-0j 3.60162e-05-0j 0.141938-0j -0.014859-0j 5.19519e-06-0j 3.63895e-05-0j -0.000176781-0j 0.143409-0j -0.000602014-0j 5.24903e-06-0j -0.000178613-0j 6.41703e-06-0j -0.000608253-0j -0.000107366-0j -0.000131955-0j 6.48353e-06-0j -0.000108479-0j 8.61059e-08-0j -1.80199e-05-0j -0.000133323-0j 8.69982e-08-0j -1.82066e-05-0j -7.09809e-07-0j 2.71633e-10-0j -7.17165e-07-0j 2.74448e-10-0j -2.96603e-05-0j -3.67028e-05-0j -2.14099e-05-0j 0.000213554-0j 0.00026426-0j 0.000154152-0j 0.000326503-0j 4.70968e-05-0j 0.000404027-0j 5.82793e-05-0j 0.000235682-0j -3.02719e-06-0j 3.39962e-05-0j 0.00054991-0j -0.00239396-0j -3.74596e-06-0j 6.38109e-06-0j -2.18514e-06-0j 0.000680479-0j -0.00296237-0j 2.25106e-05-0j 0.000396946-0j 7.89619e-06-0j -0.00172805-0j -0.00591767-0j 5.60541e-05-0j 4.60611e-06-0j -0.000540997-0j 2.78554e-05-0j -0.00689217-0j -0.00732274-0j 6.93635e-05-0j 6.73801e-07-0j 1.6249e-05-0j -1.45646e-07-0j -0.000994167-0j -0.0042716-0j -0.000669449-0j 4.0462e-05-0j -0.00852862-0j 0.0814609-0j 8.33786e-07-0j -0.000390512-0j -0.000199497-0j -1.80228e-07-0j -0.00123022-0j -0.00497503-0j 0.0145282-0j 4.86375e-07-0j 6.40742e-06-0j 5.31757e-07-0j -1.05133e-07-0j 0.100803-0j -0.000717628-0j -1.16513e-05-0j -0.000101339-0j -0.000246864-0j 0.0588016-0j 0.0179777-0j -3.55444e-05-0j 7.92878e-06-0j -8.44492e-06-0j 6.58016e-07-0j -0.000144004-0j 0.010487-0j -1.44178e-05-0j -0.0001254-0j 4.62512e-06-0j -1.35064e-05-0j 3.83843e-07-0j 4.97167e-09-0j -8.41038e-06-0j -4.3984e-05-0j -1.04501e-05-0j -7.31501e-05-0j -1.18766e-06-0j -1.67133e-05-0j -2.56573e-05-0j 6.15213e-09-0j -6.09586e-06-0j -3.68821e-08-0j -9.7494e-06-0j -1.46965e-06-0j 1.20006e-11-0j 3.58874e-09-0j -8.57297e-07-0j -4.56393e-08-0j -2.66229e-08-0j 1.48499e-11-0j 8.66246e-12-0j 
-4.15941e-05-0j 0.000309299-0j -5.19927e-06-0j -0.142295-0j 7.1338e-05-0j -0.0117185-0j -3.0637e-07-0j -0.00297114-0j 7.2809e-06-0j 1.21987e-06-0j 6.83115e-08-0j -3.88833e-05-0j 0.000285097-0j -4.6956e-06-0j 6.44273e-05-0j 0.00123255-0j 3.56371e-05-0j 0.975329-0j 9.03557e-06-0j 0.000125797-0j -0.00244097-0j 2.09994e-06-0j -0.000289184-0j 9.22189e-07-0j 9.94891e-08-0j 4.3923e-09-0j -2.57027e-05-0j -2.59691e-05-0j 0.000186522-0j 0.000188455-0j -3.0291e-06-0j 4.15616e-05-0j -3.06049e-06-0j 4.19923e-05-0j 0.000779043-0j -1.85493e-06-0j 0.000787116-0j -1.87416e-06-0j 2.25247e-05-0j 5.71101e-06-0j 2.27582e-05-0j -0.00591252-0j 5.77019e-06-0j -2.67737e-07-0j -0.00597379-0j -0.0103627-0j 5.19519e-06-0j -2.70511e-07-0j 0.142184-0j -0.0104701-0j 6.1548e-07-0j 5.24903e-06-0j -0.000603444-0j 0.143657-0j 6.21858e-07-0j -1.11557e-08-0j -0.000609697-0j -0.000216374-0j 3.0613e-07-0j -1.12713e-08-0j -0.000218616-0j -1.65061e-05-0j 6.28171e-08-0j 3.09302e-07-0j -1.66772e-05-0j 6.34681e-08-0j 4.97479e-09-0j 1.81089e-10-0j 5.02635e-09-0j 1.82966e-10-0j -1.97735e-05-0j -2.44685e-05-0j -1.42733e-05-0j 0.000142369-0j 0.000176173-0j 0.000102768-0j -2.28834e-06-0j 3.13978e-05-0j -2.83168e-06-0j 3.88529e-05-0j -1.65181e-06-0j 0.0005803-0j 2.26642e-05-0j -1.91457e-06-0j 1.67784e-05-0j 0.000718084-0j 4.25406e-06-0j 0.000418882-0j -2.36915e-06-0j 2.07622e-05-0j -0.00431518-0j -1.38201e-06-0j 5.26413e-06-0j 1.21113e-05-0j 1.02746e-05-0j -1.95404e-07-0j 3.07074e-06-0j 3.79165e-06-0j -0.00533976-0j 7.25374e-05-0j 1.27142e-05-0j -2.41801e-07-0j 4.49201e-07-0j -0.00311486-0j -0.0120421-0j -0.00099527-0j 7.41662e-06-0j 4.69193e-06-0j -1.4105e-07-0j 8.97605e-05-0j 1.48301e-06-0j 5.55857e-07-0j 2.73696e-06-0j 0.0573997-0j -0.0149014-0j -0.00123158-0j 5.23603e-05-0j 5.31757e-07-0j 3.2425e-07-0j 4.27431e-06-0j 0.0145533-0j -0.00869247-0j 1.83514e-06-0j -0.000718424-0j 4.05652e-08-0j -0.000101579-0j 0.0710285-0j 1.0705e-06-0j 6.58016e-07-0j 6.17923e-08-0j 5.28919e-06-0j -1.70189e-05-0j 0.0180088-0j 0.0414333-0j 3.83843e-07-0j 5.01969e-08-0j -0.000125698-0j 3.08536e-06-0j 3.13341e-08-0j 0.0105051-0j -9.53047e-07-0j 2.92815e-08-0j 7.6464e-08-0j -2.10599e-05-0j -7.33238e-05-0j 4.14017e-09-0j 3.8774e-08-0j 4.4604e-08-0j -1.17934e-06-0j -1.22849e-05-0j 2.58494e-10-0j 2.26181e-08-0j 5.1232e-09-0j 8.00037e-12-0j -6.87946e-07-0j 2.98853e-09-0j 3.19869e-10-0j 1.8659e-10-0j 9.89995e-12-0j 5.77497e-12-0j 
5.19927e-06-0j -0.000117631-0j -0.000124446-0j 4.33272e-07-0j -0.243465-0j -1.54993e-05-0j 3.82962e-08-0j -0.00562993-0j 0.000129769-0j -0.00205582-0j -0.000389193-0j 4.86041e-06-0j -0.000108427-0j 5.86951e-07-0j 0.0011483-0j -0.000102599-0j 0.00259524-0j -9.03557e-06-0j 0.94269-0j 5.46859e-08-0j 0.000151302-0j -7.98639e-07-0j -0.0016949-0j -0.000502461-0j -0.000338546-0j -3.76361e-05-0j 3.21284e-06-0j 3.24614e-06-0j -7.09374e-05-0j -7.16726e-05-0j 3.78637e-07-0j 0.000740758-0j 3.82561e-07-0j 0.000748434-0j 3.38663e-07-0j -8.90291e-05-0j 3.42173e-07-0j -8.99517e-05-0j -8.56651e-06-0j -0.00311168-0j -8.65528e-06-0j 0.00149742-0j -0.00314393-0j -6.40839e-06-0j 0.00151294-0j 3.15531e-08-0j -0.0177303-0j -6.4748e-06-0j 6.17298e-05-0j 3.18801e-08-0j 0.198618-0j -0.0179141-0j -7.98137e-07-0j 6.23695e-05-0j 0.200676-0j 1.39446e-09-0j -8.06408e-07-0j -0.00041-0j 5.4562e-06-0j 1.40891e-09-0j -0.000414249-0j -0.000195337-0j -0.000105865-0j 5.51274e-06-0j -0.000197361-0j -0.000106962-0j -2.8343e-05-0j -2.17611e-06-0j -2.86368e-05-0j -2.19866e-06-0j 2.47169e-06-0j 3.05856e-06-0j 1.78416e-06-0j -5.41453e-05-0j -6.70014e-05-0j -3.90842e-05-0j 2.86043e-07-0j 0.000559609-0j 3.5396e-07-0j 0.00069248-0j 2.06477e-07-0j 2.52266e-07-0j 0.000403947-0j -4.58259e-05-0j -6.38109e-06-0j 3.12163e-07-0j -0.00231785-0j 1.82095e-07-0j -5.67066e-05-0j -7.89619e-06-0j -5.70742e-06-0j -3.30789e-05-0j -0.0028682-0j -4.60611e-06-0j 0.00150039-0j 2.44256e-08-0j -0.00167312-0j 6.75792e-05-0j -7.06257e-06-0j -6.03809e-06-0j 0.00185663-0j 3.02251e-08-0j -0.000757031-0j -4.11983e-06-0j 1.21372e-08-0j -0.0118128-0j 0.00108304-0j 8.3625e-05-0j 1.76313e-08-0j -7.47175e-06-0j 0.000107999-0j -0.000936778-0j 4.87812e-05-0j -5.31757e-07-0j 1.5019e-08-0j -0.0146176-0j -4.35852e-06-0j 0.0554788-0j -0.000546454-0j 1.85812e-09-0j -0.000193155-0j 8.76106e-09-0j 0.000133642-0j -0.00852693-0j 0.0264318-0j 6.29632e-06-0j -6.58016e-07-0j 7.79579e-05-0j 0.0686515-0j -2.35006e-08-0j 2.2993e-09-0j -9.97476e-05-0j -0.000239017-0j -3.83843e-07-0j 0.0400467-0j 0.0327077-0j 7.7913e-06-0j 1.34126e-09-0j -1.70726e-05-0j -0.000139426-0j -1.88835e-05-0j 0.0190795-0j -2.90805e-08-0j -0.000123431-0j 4.54492e-06-0j -1.40884e-05-0j -2.11263e-05-0j -1.69636e-08-0j -2.33671e-05-0j -7.20016e-05-0j -2.21494e-06-0j -1.23237e-05-0j -1.74335e-05-0j -1.28339e-07-0j -1.36308e-05-0j -1.01695e-05-0j -2.74085e-06-0j -1.59883e-06-0j -1.58812e-07-0j -9.26402e-08-0j 
-3.60216e-05-0j -5.69551e-06-0j 0.000861102-0j 0.000863147-0j -6.49908e-07-0j -0.0205619-0j -0.0145555-0j 8.95984e-06-0j -0.00120025-0j 1.0571e-06-0j -2.06001e-10-0j -3.36739e-05-0j -5.24985e-06-0j 0.000777686-0j -5.86951e-07-0j 0.000531853-0j 0.000125498-0j 0.000125797-0j -5.46859e-08-0j 0.982228-0j -0.00211901-0j -0.00212135-0j 6.52912e-07-0j -0.000100994-0j 6.88995e-08-0j -1.13476e-11-0j -2.22592e-05-0j -2.24899e-05-0j -3.43467e-06-0j -3.47027e-06-0j 0.000501679-0j -3.78637e-07-0j 0.000506878-0j -3.82561e-07-0j 0.000336162-0j -1.60642e-06-0j 0.000339646-0j -1.62307e-06-0j 7.93224e-05-0j -3.45647e-08-0j 8.01444e-05-0j 5.4248e-05-0j -3.49229e-08-0j -0.00419561-0j 5.48101e-05-0j -0.0120212-0j 9.05138e-06-0j -0.00423909-0j 9.07288e-06-0j -0.0121458-0j -2.78892e-09-0j 9.14518e-06-0j 0.100185-0j 9.1669e-06-0j -2.81783e-09-0j -0.00106371-0j 0.101224-0j -0.000124785-0j -0.000152999-0j -0.00107473-0j -0.000126078-0j 2.97825e-08-0j -5.15059e-06-0j -0.000154584-0j 3.00911e-08-0j -5.20397e-06-0j 2.86901e-09-0j -4.09214e-13-0j 2.89874e-09-0j -4.13454e-13-0j -1.71244e-05-0j -2.11904e-05-0j -1.2361e-05-0j -2.62163e-06-0j -3.2441e-06-0j -1.89239e-06-0j 0.000378995-0j -2.86043e-07-0j 0.000468983-0j -3.5396e-07-0j 0.000273573-0j 0.000250403-0j -2.06477e-07-0j -1.65806e-06-0j 5.90863e-05-0j 0.000309858-0j -2.57468e-08-0j 0.000180751-0j -2.05175e-06-0j 7.31155e-05-0j 3.95922e-05-0j -1.19685e-06-0j -3.186e-08-0j 4.26507e-05-0j -1.892e-07-0j -0.00306211-0j -1.8585e-08-0j 6.60604e-06-0j 4.89929e-05-0j -0.00598593-0j -2.34123e-07-0j -0.00378917-0j -2.03546e-09-0j 2.85792e-05-0j 3.63108e-05-0j 4.51782e-06-0j -1.36571e-07-0j 8.17456e-06-0j -0.00221035-0j -0.00740721-0j -0.000494147-0j -2.51876e-09-0j 4.7685e-06-0j -0.00141582-0j 4.49323e-05-0j 5.59052e-06-0j -0.00432088-0j 6.15482e-07-0j -1.46928e-09-0j 0.101182-0j 6.16944e-07-0j 2.62105e-05-0j -0.000611475-0j 3.26114e-06-0j -1.46897e-10-0j 0.00834353-0j -0.00175199-0j -0.000356694-0j 7.6162e-07-0j -0.000125281-0j 0.125207-0j -7.34843e-06-0j 7.63429e-07-0j -0.00102199-0j 4.44278e-07-0j -1.81776e-10-0j 0.0103246-0j 0.0730373-0j -1.04037e-05-0j 4.45333e-07-0j 1.43201e-09-0j -1.06036e-10-0j -0.000155027-0j -9.09321e-06-0j 0.00602268-0j -2.7129e-07-0j -1.28739e-05-0j -9.04325e-05-0j 1.77202e-09-0j -5.30438e-06-0j 1.27716e-10-0j -7.5098e-06-0j -3.35704e-07-0j -1.60653e-14-0j 1.03368e-09-0j -1.95827e-07-0j 1.5804e-10-0j 9.219e-11-0j -1.98798e-14-0j -1.15966e-14-0j 
7.35287e-06-0j -0.000110516-0j -8.74263e-05-0j -0.000176189-0j 0.00058672-0j -0.19845-0j -1.55632e-05-0j -0.0247896-0j -0.0114519-0j -0.00292995-0j 2.88594e-06-0j 6.87366e-06-0j -0.000101869-0j -7.89572e-05-0j 0.000529884-0j -0.000108564-0j 0.00121123-0j 0.00244097-0j 0.000151302-0j 0.00211901-0j 0.951492-0j 0.000215617-0j -0.00363834-0j -0.00295318-0j -0.000319394-0j 2.22872e-07-0j 4.54364e-06-0j 4.59073e-06-0j -6.66468e-05-0j -6.73374e-05-0j -5.09346e-05-0j 0.000341824-0j -5.14625e-05-0j 0.000345366-0j -6.86188e-05-0j 3.27909e-07-0j -6.93299e-05-0j 3.31307e-07-0j 0.000765566-0j 9.56314e-05-0j 0.000773499-0j 0.00105263-0j 9.66225e-05-0j -9.05138e-06-0j 0.00106354-0j 0.00122049-0j -0.00406432-0j -9.14518e-06-0j -0.00819076-0j 0.00123314-0j 1.55413e-05-0j -0.00410643-0j -0.0205458-0j -0.00827564-0j 1.57023e-05-0j -7.56254e-07-0j -0.0207587-0j 0.171722-0j -0.000723512-0j -7.64091e-07-0j 0.173501-0j -0.000277574-0j -0.000303342-0j -0.00073101-0j -0.00028045-0j -0.000306486-0j -1.99914e-05-0j 1.07269e-08-0j -2.01986e-05-0j 1.0838e-08-0j 3.4955e-06-0j 4.32546e-06-0j 2.52319e-06-0j -5.08703e-05-0j -6.29488e-05-0j -3.67201e-05-0j -3.84788e-05-0j 0.000258232-0j -4.76151e-05-0j 0.000319546-0j -2.77754e-05-0j -5.11133e-05-0j 0.000186402-0j 3.3845e-07-0j 0.000570261-0j -6.32495e-05-0j 7.12347e-05-0j -3.68956e-05-0j 4.18811e-07-0j 0.000705661-0j 0.000768252-0j 2.44306e-07-0j 8.81484e-05-0j 0.000411636-0j -3.67125e-06-0j -6.60604e-06-0j 5.14199e-05-0j -0.00296629-0j 0.000950663-0j 0.000607742-0j -4.54294e-06-0j -8.17456e-06-0j 1.13426e-05-0j 0.000554554-0j -7.4119e-06-0j -0.00407858-0j -2.65005e-06-0j -0.0036706-0j -4.7685e-06-0j 0.000752043-0j 0.000101339-0j 1.40358e-05-0j -0.00214118-0j -0.0136646-0j -9.17176e-06-0j -0.00504698-0j 0.000438692-0j -0.000846987-0j 8.18752e-06-0j 0.000108188-0j -0.00170692-0j -5.3502e-06-0j 0.0001254-0j -0.00294407-0j 1.36908e-06-0j 0.0796077-0j -0.016909-0j 7.31501e-05-0j -0.00104809-0j 8.46697e-06-0j 0.000133875-0j 0.0203675-0j -0.00211221-0j -0.0098636-0j -0.000611387-0j 1.69415e-06-0j 0.0985095-0j 7.8094e-05-0j -0.000150777-0j -0.00123212-0j -2.00615e-05-0j 9.88257e-07-0j 1.04773e-05-0j 0.0252035-0j 0.0574639-0j -2.67225e-05-0j -0.000186577-0j 6.11178e-06-0j -2.48249e-05-0j 0.014702-0j -1.24764e-06-0j -0.000108837-0j -3.30674e-05-0j 5.41853e-10-0j -1.44812e-05-0j -1.92893e-05-0j -1.54387e-06-0j -9.00593e-07-0j 6.70508e-10-0j 3.9113e-10-0j 
3.67644e-06-0j -2.73384e-05-0j -0.000132059-0j 3.0637e-07-0j -6.30544e-06-0j 0.00103512-0j -0.139812-0j -9.13304e-07-0j -0.0353046-0j 3.09839e-05-0j -6.03794e-09-0j 3.43683e-06-0j -2.51992e-05-0j -0.000119266-0j -5.69463e-06-0j 3.78875e-07-0j 0.000905163-0j -2.09994e-06-0j -7.98639e-07-0j 0.00212135-0j 0.000215617-0j 0.958309-0j -8.88927e-08-0j -0.00447163-0j 2.52697e-06-0j -3.88228e-10-0j 2.27182e-06-0j 2.29536e-06-0j -1.64864e-05-0j -1.66573e-05-0j -7.69374e-05-0j -3.67356e-06-0j -7.77347e-05-0j -3.71163e-06-0j 2.39471e-07-0j 1.63955e-07-0j 2.41953e-07-0j 1.65654e-07-0j 0.000572116-0j -5.04786e-07-0j 0.000578045-0j -1.81746e-06-0j -5.10017e-07-0j 0.00129824-0j -1.83629e-06-0j -6.41145e-06-0j 0.000131955-0j 0.00131169-0j -3.0613e-07-0j -6.47789e-06-0j -5.44012e-08-0j 0.000133323-0j -0.0101761-0j -3.09302e-07-0j -5.4965e-08-0j -0.0206894-0j -0.0102815-0j 1.91129e-05-0j 0.139703-0j -0.0209038-0j 1.93109e-05-0j -5.07384e-09-0j -0.000304596-0j 0.14115-0j -5.12642e-09-0j -0.000307753-0j 1.26357e-07-0j -1.60062e-11-0j 1.27667e-07-0j -1.6172e-11-0j 1.74775e-06-0j 2.16273e-06-0j 1.26159e-06-0j -1.25838e-05-0j -1.55717e-05-0j -9.08346e-06-0j -5.81227e-05-0j -2.7752e-06-0j -7.19232e-05-0j -3.43414e-06-0j -4.19552e-05-0j 1.78379e-07-0j -2.00325e-06-0j 1.69225e-07-0j 0.000426162-0j 2.20733e-07-0j -3.76009e-07-0j 1.28761e-07-0j 2.09406e-07-0j 0.000527349-0j -1.32645e-06-0j 1.22153e-07-0j -4.65288e-07-0j 0.00030762-0j -9.08157e-07-0j 0.000947503-0j -2.71418e-07-0j 9.63059e-05-0j -1.6414e-06-0j -6.40742e-06-0j -1.12379e-06-0j 0.00117248-0j -3.97041e-08-0j -9.57481e-07-0j 8.58227e-09-0j -3.05937e-07-0j -6.55543e-07-0j 0.000119172-0j 0.000683944-0j -7.92878e-06-0j -0.00719104-0j -4.91313e-08-0j 6.95173e-05-0j 3.55135e-05-0j 1.062e-08-0j -3.78578e-07-0j -4.62512e-06-0j 1.35064e-05-0j -2.86599e-08-0j -0.00678363-0j -3.13341e-08-0j 6.19501e-09-0j -0.00889846-0j -2.20837e-07-0j -3.58549e-09-0j -0.00171296-0j 4.39457e-05-0j -0.00519077-0j 1.67133e-05-0j 0.1146-0j -0.00839431-0j 1.50333e-06-0j -3.8774e-08-0j 2.5635e-05-0j 9.7494e-06-0j -4.43682e-09-0j -0.00211968-0j -0.00489668-0j 0.0142994-0j -2.26181e-08-0j -2.92958e-10-0j -2.58815e-09-0j 0.14181-0j 1.86027e-06-0j -0.00123648-0j -2.00754e-05-0j 0.0176945-0j 0.0827226-0j -3.62517e-10-0j 1.08516e-06-0j 6.5656e-09-0j 0.0103218-0j -2.48421e-05-0j -7.07139e-13-0j -2.11469e-10-0j -1.44912e-05-0j 8.12451e-09-0j 4.7393e-09-0j -8.7504e-13-0j -5.1044e-13-0j 
-4.33272e-07-0j 1.3093e-05-0j -5.4159e-08-0j 1.0382e-05-0j -0.000213405-0j -0.000247165-0j -3.19135e-09-0j -0.277696-0j -2.17806e-05-0j -0.00779561-0j -0.00461632-0j -4.05034e-07-0j 1.20685e-05-0j -4.89125e-08-0j -0.000192732-0j 6.3972e-06-0j 1.50856e-06-0j -0.000289184-0j 0.0016949-0j 6.52912e-07-0j 0.00363834-0j 8.88927e-08-0j 0.920808-0j 0.000172985-0j -0.00265335-0j -0.000597527-0j -2.67737e-07-0j -2.70511e-07-0j 7.89571e-06-0j 7.97753e-06-0j -3.15531e-08-0j -0.00012433-0j -3.18801e-08-0j -0.000125619-0j 4.0434e-06-0j -1.93222e-08-0j 4.08531e-06-0j -1.95225e-08-0j 9.53497e-07-0j 0.00107128-0j 9.63378e-07-0j -0.000124707-0j 0.00108238-0j -2.78892e-09-0j -0.000125999-0j 7.56073e-07-0j -1.55413e-05-0j -2.81783e-09-0j 0.00297919-0j 7.63908e-07-0j -0.00393325-0j -1.57023e-05-0j -1.27278e-05-0j 0.00301006-0j -0.00397401-0j -1.16205e-10-0j -1.28597e-05-0j -0.0202232-0j -9.15778e-07-0j -1.17409e-10-0j -0.0204328-0j 0.219342-0j -0.000401436-0j -9.25268e-07-0j 0.221615-0j -0.000405596-0j -0.000336184-0j -4.32771e-05-0j -0.000339668-0j -4.37255e-05-0j -2.05974e-07-0j -2.5488e-07-0j -1.4868e-07-0j 6.02666e-06-0j 7.45761e-06-0j 4.35027e-06-0j -2.38369e-08-0j -9.39257e-05-0j -2.94967e-08-0j -0.000116227-0j -1.72064e-08-0j 3.01188e-06-0j -6.77991e-05-0j -1.99434e-08-0j 7.10249e-07-0j 3.72701e-06-0j 0.000797981-0j 2.17409e-06-0j -2.46787e-08-0j 8.78888e-07-0j -9.10156e-05-0j -1.43959e-08-0j 0.000987451-0j 5.12684e-07-0j 4.34937e-07-0j -2.03546e-09-0j 0.000576013-0j -1.13426e-05-0j -0.000112626-0j 3.76485e-07-0j 5.38207e-07-0j -2.51876e-09-0j -0.00287064-0j -6.56985e-05-0j 4.36751e-07-0j 0.00148348-0j 3.13954e-07-0j -1.40358e-05-0j -1.46928e-09-0j 4.65877e-07-0j 6.27777e-08-0j -0.00355223-0j -8.18752e-06-0j -1.70189e-05-0j 5.40451e-07-0j 0.00183572-0j 2.71761e-07-0j 9.97476e-05-0j -0.00207213-0j 2.21846e-08-0j -0.0191212-0j 3.15263e-07-0j 7.76834e-08-0j 0.00107083-0j -0.00108186-0j 0.000151407-0j -2.10599e-05-0j 4.53153e-08-0j 0.000123431-0j 2.61574e-09-0j 2.74521e-08-0j 0.054191-0j -0.0236612-0j -1.22849e-05-0j 7.20016e-05-0j -0.00133874-0j 0.000187357-0j 1.60137e-08-0j 5.87768e-06-0j -0.0138024-0j 0.0320903-0j -0.000780931-0j 3.23681e-09-0j 0.067058-0j 0.000109292-0j -0.000110417-0j 7.27326e-06-0j 1.88814e-09-0j 0.0397097-0j 0.0391171-0j -3.51654e-05-0j 4.24274e-06-0j -0.000136634-0j -3.06678e-06-0j 0.023164-0j -7.97034e-05-0j -4.3515e-05-0j -2.53837e-05-0j -3.79495e-06-0j -2.21372e-06-0j 
-5.30648e-07-0j 1.20057e-05-0j 1.26852e-05-0j -4.42206e-08-0j -0.000129769-0j -0.000302523-0j -0.000214423-0j 0.000574602-0j -0.239657-0j -0.0401266-0j 3.97219e-05-0j -4.96064e-07-0j 1.10663e-05-0j 1.14564e-05-0j -0.000117198-0j -5.46859e-08-0j -0.000264541-0j 9.22189e-07-0j 0.000502461-0j -0.000100994-0j 0.00295318-0j 0.00447163-0j 0.000172985-0j 0.927947-0j -0.00660791-0j 3.84122e-06-0j -3.27909e-07-0j -3.31307e-07-0j 7.24002e-06-0j 7.31505e-06-0j 7.39042e-06-0j -7.56033e-05-0j 7.46701e-06-0j -7.63868e-05-0j -3.45647e-08-0j -2.36648e-08-0j -3.49229e-08-0j -2.391e-08-0j -0.000167205-0j 0.000317585-0j -0.000168938-0j 7.98137e-07-0j 0.000320876-0j -6.18071e-05-0j 8.06408e-07-0j 6.15869e-07-0j 0.00180731-0j -6.24476e-05-0j -6.30027e-06-0j 6.22251e-07-0j 0.000105865-0j 0.00182604-0j 0.001474-0j -6.36556e-06-0j 0.000106962-0j -1.567e-05-0j 0.00148928-0j -0.00800259-0j -0.0305496-0j -1.58323e-05-0j -0.00808552-0j 1.99365e-05-0j 0.195511-0j -0.0308662-0j 2.01431e-05-0j 0.197538-0j -0.000553214-0j 2.22098e-07-0j -0.000558946-0j 2.244e-07-0j -2.52266e-07-0j -3.12163e-07-0j -1.82095e-07-0j 5.52618e-06-0j 6.8383e-06-0j 3.98901e-06-0j 5.58313e-06-0j -5.71148e-05-0j 6.90877e-06-0j -7.0676e-05-0j 4.03011e-06-0j -2.57468e-08-0j -4.12277e-05-0j -2.44256e-08-0j -0.000124549-0j -3.186e-08-0j 0.000236565-0j -1.8585e-08-0j -3.02251e-08-0j -0.000154122-0j 5.82511e-07-0j -1.76313e-08-0j 0.000292734-0j -8.99044e-05-0j 3.98818e-07-0j -4.51092e-05-0j 0.000170762-0j 0.00131904-0j 7.20821e-07-0j 6.15482e-07-0j 4.93512e-07-0j -5.58198e-05-0j 7.72642e-05-0j 4.20479e-07-0j -1.23874e-09-0j -6.29632e-06-0j 2.87882e-07-0j 0.00163223-0j -3.25615e-05-0j 7.6162e-07-0j 0.00104162-0j 9.56095e-05-0j 0.000952136-0j -1.03791e-05-0j -1.53287e-09-0j -7.7913e-06-0j 4.44278e-07-0j -0.00565513-0j 5.57722e-05-0j -1.04037e-05-0j 1.97138e-05-0j -8.94172e-10-0j 0.00128894-0j -4.54492e-06-0j 1.40884e-05-0j -0.0116281-0j -1.28435e-05-0j 0.000751883-0j -0.00699786-0j 0.000264082-0j -1.28739e-05-0j -0.00194692-0j 2.43945e-05-0j -7.49203e-06-0j -0.00408209-0j 1.74335e-05-0j -0.014389-0j -7.5098e-06-0j 0.0955907-0j 1.42301e-05-0j 1.92729e-06-0j 1.01695e-05-0j 0.000326785-0j -0.00240919-0j -0.00839358-0j 0.0260184-0j 0.118287-0j 0.000190625-0j 2.3849e-06-0j -0.00140536-0j -4.32323e-05-0j 0.069001-0j 0.0321962-0j 1.30986e-08-0j 1.39119e-06-0j 0.0187811-0j -5.34973e-05-0j -3.12068e-05-0j 1.62087e-08-0j 9.45505e-09-0j 
3.42532e-08-0j -1.29522e-06-0j -4.07273e-07-0j 2.85443e-09-0j 2.82171e-05-0j 1.62333e-05-0j -7.2501e-08-0j -0.000387153-0j -0.000550756-0j -0.306133-0j -0.0341999-0j 3.20208e-08-0j -1.19387e-06-0j -3.6782e-07-0j 2.54837e-05-0j 3.52996e-09-0j 1.41952e-05-0j -9.94891e-08-0j -0.000338546-0j -6.88995e-08-0j -0.000319394-0j 2.52697e-06-0j 0.00265335-0j 0.00660791-0j 0.897636-0j -0.00671177-0j 2.11665e-08-0j 2.13858e-08-0j -7.8108e-07-0j -7.89174e-07-0j -2.37278e-07-0j 1.64393e-05-0j -2.39737e-07-0j 1.66097e-05-0j 2.23114e-09-0j 1.52756e-09-0j 2.25426e-09-0j 1.54339e-09-0j 8.9722e-06-0j -0.000213981-0j 9.06518e-06-0j -8.61059e-08-0j -0.000216198-0j -4.21656e-08-0j -8.69982e-08-0j -1.97731e-08-0j -0.000195465-0j -4.26026e-08-0j 1.36994e-06-0j -1.9978e-08-0j 0.00162382-0j -0.000197491-0j 1.68066e-06-0j 1.38414e-06-0j 0.00164064-0j -3.52299e-09-0j 1.69807e-06-0j 0.00268187-0j -3.47959e-05-0j -3.5595e-09-0j 0.00270967-0j -0.00544492-0j -0.0316944-0j -3.51564e-05-0j -0.00550135-0j -0.0320229-0j 0.236908-0j -0.000651137-0j 0.239364-0j -0.000657885-0j 1.62837e-08-0j 2.01501e-08-0j 1.17542e-08-0j -5.96185e-07-0j -7.37741e-07-0j -4.30349e-07-0j -1.79252e-07-0j 1.24192e-05-0j -2.21814e-07-0j 1.53679e-05-0j -1.29391e-07-0j 1.66195e-09-0j 8.96462e-06-0j 1.57666e-09-0j 6.68328e-06-0j 2.05656e-09-0j -0.000159392-0j 1.19966e-09-0j 1.95102e-09-0j 8.27014e-06-0j -6.28434e-08-0j 1.1381e-09-0j -0.000197237-0j 4.82425e-06-0j -4.30259e-08-0j -3.07741e-08-0j -0.000115055-0j -0.000142658-0j -7.77647e-08-0j -1.97607e-08-0j -5.32419e-08-0j -3.8081e-08-0j 0.00118512-0j -4.53628e-08-0j 7.99606e-11-0j 1.36908e-06-0j -3.10578e-08-0j -0.00017653-0j -2.22139e-08-0j -2.44526e-08-0j 1.18766e-06-0j 0.00146651-0j -0.000102976-0j 5.5694e-07-0j 9.89461e-11-0j 1.69415e-06-0j -1.4264e-08-0j 0.00189518-0j 0.000855467-0j -3.51772e-09-0j -1.32826e-05-0j 5.77186e-11-0j 1.46965e-06-0j 9.88257e-07-0j -0.00384772-0j -2.67225e-05-0j 6.89178e-07-0j 8.57297e-07-0j 0.00234517-0j 9.92303e-08-0j -4.35295e-09-0j -0.0148534-0j -1.64364e-05-0j 4.02021e-07-0j 0.00136801-0j -0.00476131-0j -3.30674e-05-0j -2.53922e-09-0j 0.000337372-0j -9.58791e-06-0j -0.00165936-0j -0.00277743-0j 1.22791e-07-0j -0.0183802-0j -1.92893e-05-0j 0.0751018-0j 0.000417476-0j 7.16282e-08-0j -0.00205336-0j -0.0107218-0j 0.0375725-0j 0.000243528-0j 0.0929337-0j -5.78198e-05-0j -0.00119779-0j 0.0542113-0j 0.0464936-0j 0.0271213-0j -7.15484e-05-0j -4.17366e-05-0j 
-1.07887e-09-0j 5.7182e-08-0j -1.34859e-10-0j -8.99061e-11-0j -1.87291e-06-0j 7.53438e-09-0j -7.94665e-12-0j 4.30397e-05-0j -1.91153e-07-0j -0.000724767-0j -0.358327-0j -1.00856e-09-0j 5.27076e-08-0j -1.21795e-10-0j -1.69148e-06-0j -1.11183e-10-0j 6.58844e-09-0j 4.3923e-09-0j 3.76361e-05-0j -1.13476e-11-0j -2.22872e-07-0j 3.88228e-10-0j -0.000597527-0j 3.84122e-06-0j 0.00671177-0j 0.867384-0j -6.66681e-10-0j -6.73589e-10-0j 3.44835e-08-0j 3.48409e-08-0j -7.85691e-11-0j -1.09116e-06-0j -7.93833e-11-0j -1.10247e-06-0j -7.02743e-11-0j -4.81135e-11-0j -7.10025e-11-0j -4.86121e-11-0j 4.16428e-09-0j 2.37882e-05-0j 4.20744e-09-0j 3.80145e-09-0j 2.40347e-05-0j -6.94459e-12-0j 3.84085e-09-0j -6.54742e-12-0j -1.36395e-07-0j -7.01656e-12-0j -9.093e-08-0j -6.61527e-12-0j -0.000365679-0j -1.37808e-07-0j 3.87984e-10-0j -9.18723e-08-0j -0.000369469-0j -2.89358e-13-0j 3.92005e-10-0j 3.13437e-06-0j -8.03715e-09-0j -2.92356e-13-0j 3.16685e-06-0j 0.00387261-0j -3.7322e-05-0j -8.12044e-09-0j 0.00391274-0j -3.77088e-05-0j -0.0260952-0j 0.270596-0j -0.0263656-0j 0.2734-0j -5.12889e-10-0j -6.34667e-10-0j -3.70223e-10-0j 2.63207e-08-0j 3.25702e-08-0j 1.89993e-08-0j -5.93553e-11-0j -8.24321e-07-0j -7.34485e-11-0j -1.02005e-06-0j -4.28449e-11-0j -5.23465e-11-0j -5.95027e-07-0j -4.96602e-11-0j 3.10192e-09-0j -6.47755e-11-0j 1.77195e-05-0j -3.77857e-11-0j -6.14514e-11-0j 3.83843e-09-0j 2.77444e-09-0j -3.58466e-11-0j 2.19268e-05-0j 2.23909e-09-0j 1.89953e-09-0j -5.06843e-12-0j 1.27906e-05-0j -9.95462e-08-0j 3.4332e-09-0j -6.54331e-12-0j 2.35055e-09-0j -6.27186e-12-0j -0.000266887-0j 2.0027e-09-0j -2.51852e-12-0j -9.08729e-08-0j 1.37115e-09-0j -1.23182e-07-0j -3.65858e-12-0j -8.09693e-12-0j 2.74174e-10-0j -0.000330255-0j -7.18563e-08-0j 2.58494e-10-0j -3.11651e-12-0j -1.12449e-07-0j -4.72321e-12-0j 2.21494e-06-0j -0.000192649-0j -3.85568e-13-0j 1.47663e-06-0j -1.81796e-12-0j 3.39273e-10-0j -6.55955e-08-0j 0.00273663-0j -9.27467e-09-0j 3.19869e-10-0j 1.97909e-10-0j 2.74085e-06-0j 1.14239e-11-0j -4.77116e-13-0j -3.51654e-05-0j 1.82723e-06-0j 1.8659e-10-0j 1.59883e-06-0j 0.0033864-0j -1.14768e-08-0j -2.78318e-13-0j 1.30517e-07-0j 1.06589e-06-0j -0.0173859-0j 0.0019754-0j 1.41364e-11-0j -4.3515e-05-0j -6.69481e-09-0j 0.000279306-0j 1.61506e-07-0j 8.24621e-12-0j -0.0215139-0j -2.53837e-05-0j 0.0510469-0j 9.4212e-08-0j 0.000345623-0j 0.0490168-0j -0.0125498-0j 0.000201614-0j 0.0631673-0j 0.0368476-0j 0.0606553-0j 0.0353822-0j 
0.00302391-0j 0.000478122-0j 0.000377989-0j 0.000251993-0j 5.4558e-05-0j 6.29981e-05-0j 2.22732e-05-0j 5.24985e-06-0j 5.5683e-06-0j 4.64025e-07-0j 1.72932e-08-0j 5.595e-05-0j 8.72274e-06-0j 6.75661e-06-0j 9.75232e-07-0j 6.16791e-06-0j 1.09034e-06-0j 7.26895e-07-0j 9.08619e-08-0j 6.2951e-07-0j 1.28498e-07-0j 6.42491e-08-0j 7.57182e-09-0j 9.27355e-09-0j 5.98605e-10-0j 1.88543e-11-0j -0.71929-0j 0.697975-0j 0.000288331-0j -0.000279787-0j 0.000220217-0j 3.17855e-05-0j -0.000213691-0j -3.08437e-05-0j 0.000196968-0j 0.000134855-0j -0.000191131-0j -0.000130859-0j 3.48193e-05-0j 2.90161e-06-0j -3.37875e-05-0j 3.17855e-05-0j -2.81563e-06-0j 1.94646e-05-0j -3.08437e-05-0j 1.83514e-05-0j 3.97319e-06-0j -1.88878e-05-0j 2.64879e-06-0j -1.78076e-05-0j 2.34123e-07-0j -3.85546e-06-0j 3.2441e-06-0j -2.5703e-06-0j -2.27185e-07-0j 8.11024e-07-0j -3.14797e-06-0j 3.8232e-07-0j 2.34123e-07-0j -7.86992e-07-0j -3.70991e-07-0j 1.74505e-08-0j 2.3895e-08-0j -2.27185e-07-0j -1.69334e-08-0j -2.3187e-08-0j 1.25938e-09-0j 3.43524e-11-0j -1.22206e-09-0j -3.33344e-11-0j 0.00143755-0j 3.52083e-05-0j -0.00201374-0j -0.0847158-0j -0.00207486-0j 0.118671-0j 0.000166364-0j 2.40125e-05-0j 4.07457e-06-0j 5.88113e-07-0j -0.000233045-0j 0.000146719-0j -3.36371e-05-0j 0.00013919-0j 2.59365e-05-0j 3.59343e-06-0j 2.16137e-06-0j -0.000205526-0j 3.40903e-06-0j 6.35234e-07-0j 2.31983e-05-0j -0.000194979-0j 5.29362e-08-0j -3.63322e-05-0j 1.58828e-05-0j 1.4206e-05-0j -3.02768e-06-0j 2.89979e-06-0j 5.68171e-07-0j 1.83399e-05-0j 3.89e-07-0j 3.47932e-07-0j 1.70872e-07-0j -3.24965e-05-0j 7.05901e-06-0j 2.64713e-06-0j -2.22488e-05-0j 7.10214e-08-0j -1.99e-05-0j 4.49179e-07-0j 2.29248e-06-0j 4.18497e-09-0j -4.06206e-06-0j 2.16137e-06-0j 1.72889e-07-0j 6.48333e-08-0j -2.56908e-05-0j 2.70172e-07-0j -2.39359e-07-0j 1.08069e-06-0j 1.80114e-07-0j -9.88838e-06-0j 5.61473e-08-0j -3.70814e-06-0j 1.23316e-08-0j 2.70172e-07-0j 5.29362e-08-0j -3.21134e-06-0j 6.61703e-09-0j 9.55201e-08-0j 2.64681e-08-0j 2.25143e-08-0j 4.41135e-09-0j -3.02768e-06-0j -3.78461e-07-0j 3.02025e-10-0j 6.61703e-09-0j -1.51384e-06-0j 1.592e-08-0j -2.52307e-07-0j 8.39058e-10-0j -1.72743e-08-0j 2.33947e-09-0j 5.51419e-10-0j -3.78461e-07-0j 1.25859e-09-0j 3.89912e-10-0j -1.33806e-07-0j 2.05502e-11-0j -3.15384e-08-0j 5.60619e-11-0j -2.2301e-08-0j 3.08252e-11-0j 1.34864e-12-0j -1.17537e-09-0j -1.76305e-09-0j 1.37307e-12-0j -7.85324e-11-0j 3.30308e-14-0j -1.8892e-12-0j 
