0.878651-0j -0.131071-0j -0.100108-0j -0.101145-0j -0.0895389-0j -0.0613031-0j -0.110799-0j -0.0646326-0j -0.101145-0j -0.0619384-0j -0.058396-0j -0.0885018-0j -0.0590012-0j -0.0365051-0j -0.0722614-0j -0.0180654-0j -0.0596126-0j -0.0365051-0j -0.0190465-0j -0.0260805-0j -0.00962195-0j -0.00183722-0j -0.01641-0j 0.127334-0j -0.0132936-0j -0.0134314-0j -0.0117239-0j -0.0111223-0j -0.0145076-0j -0.00846275-0j -0.012976-0j -0.00888404-0j -0.00794612-0j -0.011354-0j -0.0102584-0j -0.00468327-0j -0.00394846-0j -0.0103647-0j -0.0089761-0j -0.00846275-0j -0.00740491-0j -0.00423137-0j -0.0049366-0j -0.0023659-0j -0.00740491-0j -0.00261803-0j -0.00431953-0j -0.00305437-0j -0.00112686-0j -0.00169028-0j -0.000527038-0j -8.875e-05-0j 
0.131071-0j -0.0124242-0j 0.108128-0j -0.106139-0j 0.096713-0j 0.0662149-0j 0.00170345-0j -0.136641-0j 0.00155503-0j 0.0669011-0j 0.0630749-0j -0.0928716-0j -0.0619144-0j -0.116045-0j 0.00111097-0j 0.0195128-0j -0.126028-0j -0.0383076-0j -0.0808262-0j -0.0829067-0j -0.0510769-0j -0.013665-0j 0.0177249-0j 0.00027037-0j -0.0885285-0j 0.0868996-0j 0.0126632-0j 0.0120134-0j 0.000223044-0j -0.0178913-0j 0.000199496-0j 0.000136586-0j 0.00858279-0j -0.0119146-0j 0.0110803-0j -0.0148875-0j 0.00426482-0j -0.0108765-0j 0.000138001-0j 0.000130109-0j -0.0156549-0j 0.00457041-0j -0.0104366-0j -0.01004-0j -0.00777052-0j 4.02504e-05-0j -0.0137312-0j -0.00645731-0j -0.00598177-0j -0.00717292-0j -0.00335888-0j -0.000754607-0j 
0.100108-0j 0.108128-0j 0.414698-0j -0.425826-0j 0.0738658-0j 0.0505725-0j -0.089938-0j 0.0533192-0j 0.0834403-0j -0.15165-0j -0.0474015-0j -0.0718391-0j 0.0486735-0j 0.0301152-0j -0.176925-0j -0.103366-0j -0.048389-0j -0.149127-0j 0.0157126-0j -0.0638557-0j -0.00781037-0j 0.00151563-0j 0.0135376-0j 0.0145076-0j -0.0107908-0j 0.0110803-0j -0.0493582-0j 0.00917539-0j 0.0600979-0j -0.0356287-0j 0.0107046-0j 0.00732896-0j -0.0194553-0j -0.0092163-0j -0.008327-0j 0.0038635-0j 0.00325731-0j 0.00855045-0j -0.0219772-0j -0.00686942-0j -0.00601074-0j -0.0172855-0j 0.00407249-0j 0.00195177-0j -0.0181302-0j -0.0149798-0j -0.00350627-0j -0.0124774-0j 0.000929608-0j -0.0041385-0j -0.00042781-0j 7.3215e-05-0j 
-0.101145-0j 0.106139-0j 0.425826-0j -0.430064-0j -0.0746313-0j -0.0510965-0j 0.0897225-0j -0.0493364-0j 0.081905-0j -0.051626-0j -0.0486735-0j 0.073737-0j 0.049158-0j -0.145281-0j 0.0585158-0j -0.0150576-0j -0.0455045-0j 0.0304149-0j -0.167915-0j -0.103794-0j -0.146949-0j -0.0607097-0j -0.0136779-0j 0.0142406-0j -0.0110803-0j 0.0111906-0j 0.0498697-0j -0.00927048-0j -0.0599539-0j 0.0329673-0j 0.0105077-0j 0.00719411-0j -0.00662315-0j 0.00945978-0j -0.00855045-0j -0.0186382-0j -0.00329107-0j 0.00863556-0j 0.00726866-0j 0.00685296-0j -0.00565243-0j -0.00352688-0j -0.00376829-0j -0.0208579-0j 0.00616954-0j 0.00212003-0j -0.0171906-0j -0.00233151-0j -0.0172096-0j -0.0149016-0j -0.0123055-0j -0.00393697-0j 
0.0895389-0j 0.096713-0j 0.0738658-0j 0.0746313-0j 0.534292-0j 0.0452334-0j -0.331455-0j -0.193349-0j -0.148867-0j 0.0457021-0j -0.214985-0j 0.0653024-0j -0.217213-0j 0.0269358-0j -0.106355-0j 0.0133298-0j -0.0877388-0j 0.0269358-0j -0.028033-0j 0.0192439-0j 0.0070997-0j 0.00135562-0j 0.0121084-0j 0.012976-0j 0.00980891-0j 0.00991056-0j -0.0172554-0j -0.0332723-0j 0.0107046-0j 0.00624436-0j 0.0774295-0j 0.00655522-0j -0.0237709-0j -0.0339655-0j -0.0150985-0j -0.01401-0j -0.0232611-0j -0.0152549-0j 0.00662315-0j -0.0311556-0j 0.00546382-0j -0.0062278-0j -0.0181741-0j 0.00174572-0j -0.0108987-0j 0.00193175-0j -0.00635755-0j 0.00225371-0j -0.00165852-0j 0.0012472-0j 0.000388883-0j 6.54855e-05-0j 
0.0613031-0j 0.0662149-0j 0.0505725-0j 0.0510965-0j 0.0452334-0j 0.533221-0j 0.0559735-0j 0.0326512-0j -0.359525-0j -0.220163-0j 0.0295006-0j -0.314584-0j 0.0298063-0j -0.129759-0j 0.0365051-0j 0.00912628-0j 0.0301152-0j 0.0184417-0j 0.00962195-0j 0.0131754-0j 0.00486083-0j 0.00092813-0j 0.00829004-0j 0.00888404-0j 0.0067157-0j 0.00678529-0j 0.00592269-0j -0.0395346-0j 0.00732896-0j 0.00427522-0j 0.00655522-0j 0.0772743-0j 0.00401423-0j 0.00573582-0j -0.036464-0j 0.0023659-0j 0.00199469-0j -0.0368419-0j -0.031906-0j 0.00427522-0j -0.0263211-0j 0.00213761-0j 0.00249388-0j -0.00840973-0j 0.00374082-0j 0.00132258-0j 0.00218215-0j 0.00154301-0j 0.000569266-0j 0.0008539-0j 0.00026625-0j 4.48349e-05-0j 
-0.110799-0j -0.00170345-0j 0.089938-0j 0.0897225-0j 0.331455-0j -0.0559735-0j -0.00574442-0j -0.468297-0j -0.00131452-0j 0.167846-0j 0.0524639-0j -0.0772478-0j 0.0523381-0j 0.0980965-0j 0.00278728-0j 0.114405-0j -0.104827-0j -0.160354-0j 0.0683249-0j -0.208002-0j -0.0424842-0j 0.0115515-0j -0.0149834-0j -0.000228552-0j 0.0119432-0j 0.0119146-0j -0.0107046-0j 0.0411724-0j 0.000185521-0j 0.0151241-0j 0.000683714-0j -0.00011546-0j -0.0873012-0j 0.0401786-0j 0.0092163-0j -0.0510226-0j -0.00360519-0j 0.00919421-0j 0.000346227-0j 0.000108221-0j -0.0130213-0j 0.0191316-0j 0.00882237-0j 0.00848712-0j -0.0194952-0j 0.000235991-0j -0.0114212-0j -0.0270301-0j 0.00505657-0j -0.0179959-0j -0.00279382-0j 0.000637892-0j 
0.0646326-0j -0.136641-0j 0.0533192-0j 0.0493364-0j -0.193349-0j 0.0326512-0j 0.468297-0j -0.54039-0j -0.105443-0j 0.0329895-0j 0.0311028-0j 0.0431693-0j 0.0287796-0j 0.0226239-0j -0.0753321-0j 0.00962195-0j 0.122936-0j 0.0178064-0j -0.131439-0j 0.0161633-0j -0.226702-0j -0.177372-0j 0.00874029-0j -0.0183331-0j 0.00708044-0j 0.00655156-0j 0.00624436-0j -0.0240172-0j -0.0151241-0j 0.0174523-0j 0.0548437-0j -0.00926156-0j -0.0171587-0j -0.0224535-0j 0.00546382-0j -0.0117673-0j 0.00210302-0j 0.00505569-0j -0.00935753-0j -0.00882237-0j 0.0152708-0j 0.00225371-0j 0.0101805-0j -0.0163269-0j 0.00361196-0j -0.00272928-0j 0.00267701-0j 0.00629888-0j -0.0265498-0j -0.0116645-0j -0.0276282-0j -0.0141103-0j 
-0.101145-0j -0.00155503-0j -0.0834403-0j 0.081905-0j 0.148867-0j 0.359525-0j -0.00131452-0j 0.105443-0j -0.00722411-0j 0.155812-0j 0.242851-0j -0.216297-0j -0.238383-0j -0.270269-0j 0.00171007-0j -0.0150576-0j -0.193991-0j 0.0295611-0j -0.124413-0j 0.0639772-0j 0.0394149-0j 0.010545-0j -0.0136779-0j -0.000208638-0j -0.0110803-0j 0.0108765-0j 0.019492-0j 0.0279792-0j -0.000172118-0j 0.0138063-0j 0.000307077-0j 0.000741615-0j -0.00662315-0j 0.00919421-0j -0.0514752-0j 0.0114884-0j 0.0262762-0j 0.0505281-0j 0.000321404-0j 0.000500945-0j -0.0364602-0j 0.00703505-0j -0.040183-0j -0.0233831-0j -0.0119609-0j -3.10603e-05-0j -0.021136-0j 0.00498296-0j -0.0092075-0j 0.00553518-0j 0.00259197-0j 0.000582313-0j 
-0.0619384-0j -0.0669011-0j 0.15165-0j -0.051626-0j -0.0457021-0j 0.220163-0j 0.167846-0j -0.0329895-0j 0.155812-0j 0.089342-0j 0.0884627-0j -0.404633-0j -0.0301152-0j 0.0562356-0j -0.0345358-0j -0.2984-0j 0.0903057-0j -0.236875-0j -0.00972166-0j -0.0124646-0j 0.014576-0j -0.000937748-0j -0.00837595-0j -0.0089761-0j 0.0201382-0j -0.00685561-0j -0.00598407-0j 0.0171337-0j 0.0219772-0j -0.00431953-0j -0.00662315-0j 0.031906-0j -0.00379768-0j 0.0171998-0j -0.0469018-0j -0.00239042-0j -0.00201536-0j 0.0159667-0j 0.0129474-0j 0.01282-0j -0.0338555-0j -0.0274567-0j -0.00251972-0j 0.00364464-0j -0.00353902-0j -0.0432441-0j 0.00654354-0j -0.0198193-0j -0.000575166-0j -0.000807835-0j 0.000798397-0j -4.52995e-05-0j 
-0.058396-0j -0.0630749-0j 0.0474015-0j -0.0486735-0j 0.214985-0j -0.0295006-0j 0.0524639-0j -0.0311028-0j 0.242851-0j 0.0884627-0j 0.192384-0j 0.0419061-0j -0.197547-0j -0.0175672-0j -0.514937-0j 0.0602967-0j -0.140835-0j 0.0869906-0j 0.0457311-0j 0.0372492-0j 0.00455605-0j -0.000884118-0j -0.00789692-0j -0.00846275-0j 0.00629462-0j -0.00646353-0j 0.0281493-0j -0.00535231-0j 0.00686942-0j -0.00407249-0j 0.0311556-0j -0.00427522-0j 0.011349-0j 0.00537617-0j -0.0242355-0j -0.00225371-0j -0.0700016-0j 0.0248859-0j 0.01282-0j 0.0278803-0j 0.00350627-0j -0.0503092-0j -0.0165287-0j -0.00113853-0j -0.0527676-0j 0.0087382-0j -0.0102049-0j 0.00727846-0j 0.0027056-0j 0.00241413-0j 0.000249556-0j -4.27088e-05-0j 
0.0885018-0j -0.0928716-0j -0.0718391-0j -0.073737-0j 0.0653024-0j -0.314584-0j 0.0772478-0j 0.0431693-0j 0.216297-0j 0.404633-0j -0.0419061-0j -0.191603-0j -0.0430132-0j -0.383662-0j 0.151961-0j -0.0913824-0j -0.0391777-0j 0.131785-0j 0.146925-0j -0.269545-0j -0.126517-0j 0.053121-0j 0.0119681-0j -0.0124606-0j -0.00953977-0j -0.0097918-0j 0.00855045-0j -0.0244818-0j 0.0101145-0j 0.00565243-0j -0.00919421-0j 0.0442917-0j -0.0171998-0j 0.00814453-0j 0.0222181-0j 0.0163084-0j 0.00287969-0j 0.0228051-0j -0.0569701-0j 0.00590015-0j 0.0146877-0j -0.0152816-0j 0.00329725-0j -0.0550822-0j 0.0160218-0j 0.0128661-0j -0.0148005-0j -0.0101022-0j 0.0150584-0j -0.0386984-0j -0.0105946-0j 0.00344484-0j 
0.0590012-0j -0.0619144-0j 0.0486735-0j -0.049158-0j -0.217213-0j 0.0298063-0j -0.0523381-0j 0.0287796-0j 0.238383-0j 0.0301152-0j 0.197547-0j -0.0430132-0j -0.199513-0j 0.0847471-0j 0.170309-0j 0.0087836-0j -0.13244-0j -0.0177421-0j -0.488712-0j 0.0605463-0j 0.08572-0j 0.035414-0j 0.00797876-0j -0.00830704-0j 0.00646353-0j -0.00652787-0j -0.028441-0j 0.00540778-0j -0.00685296-0j 0.00376829-0j 0.0305823-0j -0.00419656-0j 0.0038635-0j -0.0055182-0j -0.0248859-0j 0.0108723-0j 0.0707271-0j 0.0251336-0j -0.00424005-0j -0.0278135-0j 0.00329725-0j -0.0102649-0j 0.015294-0j 0.0121671-0j 0.0179563-0j -0.00123668-0j -0.0500328-0j 0.00136005-0j -0.0500881-0j 0.00869259-0j 0.00717818-0j 0.00229656-0j 
-0.0365051-0j 0.116045-0j -0.0301152-0j -0.145281-0j -0.0269358-0j 0.129759-0j 0.0980965-0j -0.0226239-0j -0.270269-0j 0.0562356-0j -0.0175672-0j 0.383662-0j -0.0847471-0j -0.467451-0j 0.0639772-0j -0.00543457-0j -0.0208667-0j -0.0524346-0j 0.107099-0j 0.110654-0j -0.093775-0j -0.328799-0j -0.0049366-0j 0.0155698-0j -0.00399911-0j -0.0192924-0j -0.00352688-0j 0.0100982-0j 0.0128444-0j -0.00296229-0j 0.0114884-0j -0.0553435-0j -0.00239042-0j -0.0163084-0j 0.0093139-0j 0.0198701-0j -0.00118781-0j 0.0449318-0j -0.023985-0j 0.00749256-0j 0.00782291-0j -0.00127292-0j -0.001728-0j -0.0401511-0j -0.0106361-0j 0.00231789-0j 0.0183268-0j -0.00106915-0j -0.0109823-0j 0.00950445-0j -0.0327914-0j -0.0349654-0j 
0.0722614-0j 0.00111097-0j -0.176925-0j -0.0585158-0j -0.106355-0j 0.0365051-0j -0.00278728-0j -0.0753321-0j -0.00171007-0j 0.0345358-0j 0.514937-0j 0.151961-0j 0.170309-0j -0.0639772-0j -0.00114397-0j 0.348134-0j -0.411335-0j -0.268488-0j 0.0888848-0j -0.0427982-0j 0.0835746-0j -0.0075337-0j 0.00977194-0j 0.000149058-0j -0.0234946-0j -0.00777052-0j -0.0139258-0j 0.00662315-0j -0.000364956-0j -0.00986371-0j -0.000219386-0j 7.53015e-05-0j 0.00443063-0j 0.0194952-0j 0.0361643-0j -0.00820769-0j -0.0187726-0j 0.0119609-0j 7.12393e-05-0j 0.00106219-0j 0.0256153-0j -0.0638956-0j 0.0287081-0j -0.00553518-0j 0.00800135-0j 0.000718118-0j -0.0448163-0j -0.0452576-0j 0.00657816-0j -0.00370282-0j 0.00549597-0j -0.000416025-0j 
0.0180654-0j 0.0195128-0j -0.103366-0j 0.0150576-0j 0.0133298-0j 0.00912628-0j -0.114405-0j 0.00962195-0j 0.0150576-0j 0.2984-0j -0.0602967-0j -0.0913824-0j 0.0087836-0j 0.00543457-0j 0.348134-0j -0.336675-0j -0.0615529-0j -0.372406-0j 0.00283548-0j 0.125648-0j -0.00993513-0j 0.00027351-0j 0.00244299-0j 0.00261803-0j -0.0137263-0j 0.00199955-0j 0.00174535-0j 0.00165579-0j -0.0149798-0j 0.00125986-0j 0.00193175-0j 0.00132258-0j 0.038282-0j -0.0117235-0j -0.0105923-0j 0.000697206-0j 0.000587813-0j 0.00154301-0j 0.0432441-0j -0.0087382-0j -0.00764592-0j -0.0431662-0j 0.00073492-0j 0.000352216-0j 0.0356746-0j -0.048791-0j -0.00446012-0j -0.031159-0j 0.000167757-0j 0.00814327-0j -0.000544193-0j 1.32123e-05-0j 
-0.0596126-0j 0.126028-0j 0.048389-0j -0.0455045-0j 0.0877388-0j -0.0301152-0j -0.104827-0j -0.122936-0j -0.193991-0j 0.0903057-0j -0.140835-0j 0.0391777-0j 0.13244-0j -0.0208667-0j 0.411335-0j 0.0615529-0j -0.222547-0j 0.0813268-0j -0.241817-0j 0.0442454-0j -0.205741-0j 0.163596-0j -0.00806144-0j 0.0169092-0j 0.00642576-0j -0.0060427-0j 0.0114882-0j -0.00546382-0j -0.0137256-0j -0.0160968-0j -0.0248872-0j 0.00854222-0j 0.0115854-0j 0.00502614-0j -0.00989092-0j -0.00267701-0j 0.0154866-0j 0.0093013-0j -0.0256153-0j 0.0399481-0j 0.0138588-0j -0.020532-0j 0.0468495-0j 0.0150588-0j -0.0197223-0j -0.0174596-0j -0.00484607-0j 0.0287687-0j -0.0488455-0j -0.0319305-0j -0.0250735-0j 0.0130143-0j 
-0.0365051-0j 0.0383076-0j 0.149127-0j 0.0304149-0j -0.0269358-0j -0.0184417-0j -0.160354-0j -0.0178064-0j 0.0295611-0j -0.236875-0j 0.0869906-0j -0.131785-0j 0.0177421-0j -0.0524346-0j 0.268488-0j 0.372406-0j 0.0813268-0j 0.0783756-0j -0.0606036-0j -0.476236-0j 0.26263-0j -0.0219113-0j -0.0049366-0j 0.00513972-0j 0.0198031-0j 0.00403891-0j -0.00352688-0j -0.00334589-0j -0.0209962-0j -0.00233151-0j 0.00379242-0j 0.00259649-0j -0.0303889-0j -0.0169068-0j 0.0152816-0j -0.00672688-0j -0.00118781-0j 0.00311674-0j 0.0333507-0j -0.0122478-0j 0.0101022-0j -0.00908834-0j -0.00136005-0j -0.00752801-0j 0.0283077-0j -0.0524326-0j 0.0307235-0j -0.00600801-0j -0.00621127-0j -0.0683729-0j 0.0219926-0j -0.00142093-0j 
0.0190465-0j -0.0808262-0j 0.0157126-0j 0.167915-0j -0.028033-0j 0.00962195-0j -0.0683249-0j -0.131439-0j 0.124413-0j 0.00972166-0j -0.0457311-0j 0.146925-0j -0.488712-0j -0.107099-0j 0.0888848-0j 0.00283548-0j 0.241817-0j 0.0606036-0j -0.303061-0j -0.0765149-0j 0.215889-0j -0.298781-0j 0.00257567-0j -0.0108444-0j 0.00208653-0j 0.022298-0j -0.00367053-0j 0.00174572-0j -0.00894621-0j -0.0172101-0j 0.015961-0j -0.00547841-0j 0.0012472-0j 0.0188492-0j -0.00321172-0j -0.0137398-0j -0.00494805-0j -0.0343225-0j -0.00553518-0j 0.0260377-0j -0.0150588-0j -0.00132477-0j 0.0500896-0j 0.0188728-0j -0.0245212-0j -0.00161443-0j 0.025278-0j -0.00621145-0j -0.0504327-0j 0.0134833-0j -0.00138383-0j -0.0552785-0j 
0.0260805-0j -0.0829067-0j -0.0638557-0j 0.103794-0j 0.0192439-0j 0.0131754-0j 0.208002-0j 0.0161633-0j -0.0639772-0j 0.0124646-0j -0.0372492-0j -0.269545-0j 0.0605463-0j -0.110654-0j -0.0427982-0j 0.125648-0j -0.0442454-0j 0.476236-0j -0.0765149-0j -0.074023-0j -0.198839-0j 0.234905-0j 0.00352688-0j -0.0111236-0j -0.00847964-0j 0.0137831-0j 0.00251972-0j 0.00239042-0j 0.027235-0j 0.00211636-0j -0.00820769-0j -0.00561942-0j 0.0015991-0j -0.0345801-0j -0.00654354-0j -0.0141959-0j 0.000848612-0j 0.0106361-0j -0.00531627-0j 0.0158871-0j -0.00549604-0j 0.0115612-0j 0.00123454-0j -0.00950445-0j 0.00711516-0j -0.05359-0j 0.0388598-0j 0.00971049-0j 0.00784612-0j -0.00635811-0j -0.0695302-0j 0.0249805-0j 
-0.00962195-0j 0.0510769-0j 0.00781037-0j -0.146949-0j -0.0070997-0j -0.00486083-0j -0.0424842-0j 0.226702-0j 0.0394149-0j 0.014576-0j 0.00455605-0j 0.126517-0j -0.08572-0j -0.093775-0j -0.0835746-0j 0.00993513-0j -0.205741-0j 0.26263-0j -0.215889-0j 0.198839-0j -0.118344-0j 0.131721-0j -0.00130118-0j 0.00685297-0j 0.00103717-0j -0.0195138-0j -0.000929608-0j -0.000881904-0j -0.00556273-0j 0.0296836-0j 0.00505657-0j 0.003462-0j 0.00186997-0j 0.016231-0j 0.000800359-0j -0.0120305-0j -0.000313081-0j -0.0150584-0j -0.0103814-0j -0.00324492-0j -0.0255565-0j 0.00166142-0j 0.0173154-0j -0.0268171-0j 0.0319295-0j -0.00707603-0j 0.0109181-0j -0.0530513-0j 0.0140856-0j 0.0568626-0j -0.0412486-0j -0.0367624-0j 
0.00183722-0j -0.013665-0j 0.00151563-0j 0.0607097-0j 0.00135562-0j 0.00092813-0j -0.0115515-0j -0.177372-0j -0.010545-0j 0.000937748-0j 0.000884118-0j 0.053121-0j 0.035414-0j 0.328799-0j -0.0075337-0j 0.00027351-0j -0.163596-0j 0.0219113-0j -0.298781-0j 0.234905-0j -0.131721-0j 0.176324-0j 0.000248448-0j -0.00183343-0j 0.000201266-0j 0.00806186-0j 0.0001775-0j 0.000168391-0j -0.0015125-0j -0.0232245-0j -0.00135282-0j -0.000926216-0j 0.000120305-0j 0.00681493-0j 0.000155312-0j 0.0421819-0j 5.97798e-05-0j 0.00622116-0j -0.000935814-0j -0.000882294-0j -0.0203214-0j 6.40631e-05-0j -0.0135476-0j -0.0371137-0j 0.00444461-0j -0.000272946-0j 0.0389056-0j -0.00838216-0j -0.0154262-0j -0.0265153-0j 0.0559091-0j -0.0657184-0j 
0.01641-0j 0.0177249-0j 0.0135376-0j 0.0136779-0j 0.0121084-0j 0.00829004-0j 0.0149834-0j 0.00874029-0j 0.0136779-0j 0.00837595-0j 0.00789692-0j 0.0119681-0j 0.00797876-0j 0.0049366-0j 0.00977194-0j 0.00244299-0j 0.00806144-0j 0.0049366-0j 0.00257567-0j 0.00352688-0j 0.00130118-0j 0.000248448-0j 0.874326-0j -0.112492-0j -0.085036-0j -0.0859172-0j -0.0749947-0j -0.0711462-0j -0.0928012-0j -0.054134-0j -0.0830039-0j -0.0568289-0j -0.0508293-0j -0.0726284-0j -0.0656203-0j -0.0299577-0j -0.0252573-0j -0.0663004-0j -0.0574178-0j -0.054134-0j -0.0473673-0j -0.027067-0j -0.0315782-0j -0.0151341-0j -0.0473673-0j -0.0167469-0j -0.0276309-0j -0.019538-0j -0.0072082-0j -0.0108123-0j -0.00337133-0j -0.000567711-0j 
0.127334-0j -0.00027037-0j -0.0145076-0j 0.0142406-0j -0.012976-0j -0.00888404-0j -0.000228552-0j 0.0183331-0j -0.000208638-0j -0.0089761-0j -0.00846275-0j 0.0124606-0j 0.00830704-0j 0.0155698-0j -0.000149058-0j -0.00261803-0j 0.0169092-0j 0.00513972-0j 0.0108444-0j 0.0111236-0j 0.00685297-0j 0.00183343-0j 0.112492-0j -0.0124245-0j 0.091129-0j -0.0894522-0j 0.0803682-0j 0.076244-0j 0.00141556-0j -0.113548-0j 0.00126612-0j 0.000866851-0j 0.0544713-0j -0.0756167-0j 0.0703222-0j -0.0944848-0j 0.027067-0j -0.0690283-0j 0.000875834-0j 0.000825745-0j -0.0993549-0j 0.0290064-0j -0.0662366-0j -0.0637196-0j -0.0493162-0j 0.000255452-0j -0.0871462-0j -0.0409818-0j -0.0379637-0j -0.0455235-0j -0.0213174-0j -0.00478917-0j 
-0.0132936-0j 0.0885285-0j 0.0107908-0j -0.0110803-0j -0.00980891-0j -0.0067157-0j 0.0119432-0j -0.00708044-0j -0.0110803-0j 0.0201382-0j 0.00629462-0j 0.00953977-0j -0.00646353-0j -0.00399911-0j 0.0234946-0j 0.0137263-0j 0.00642576-0j 0.0198031-0j -0.00208653-0j 0.00847964-0j 0.00103717-0j -0.000201266-0j 0.085036-0j 0.091129-0j 0.417908-0j -0.429122-0j 0.0607526-0j 0.057635-0j -0.0739716-0j 0.0438536-0j 0.0672408-0j 0.0460367-0j -0.122208-0j -0.0578919-0j -0.0523058-0j 0.0242685-0j 0.0204607-0j 0.0537094-0j -0.138049-0j -0.0431501-0j -0.0377563-0j -0.108579-0j 0.0255813-0j 0.01226-0j -0.113885-0j -0.0940951-0j -0.0220245-0j -0.0783763-0j 0.00583931-0j -0.0259959-0j -0.00268728-0j 0.000459898-0j 
0.0134314-0j 0.0868996-0j 0.0110803-0j -0.0111906-0j 0.00991056-0j 0.00678529-0j -0.0119146-0j 0.00655156-0j -0.0108765-0j 0.00685561-0j 0.00646353-0j -0.0097918-0j -0.00652787-0j 0.0192924-0j -0.00777052-0j 0.00199955-0j 0.0060427-0j -0.00403891-0j 0.022298-0j 0.0137831-0j 0.0195138-0j 0.00806186-0j -0.0859172-0j 0.0894522-0j 0.429122-0j -0.433393-0j -0.0613822-0j -0.0582323-0j 0.0737943-0j -0.0405778-0j 0.0660036-0j 0.0451896-0j -0.0416032-0j 0.0594214-0j -0.0537094-0j -0.117075-0j -0.0206728-0j 0.054244-0j 0.0456579-0j 0.0430467-0j -0.0355056-0j -0.022154-0j -0.0236704-0j -0.131018-0j 0.0387538-0j 0.0133169-0j -0.107982-0j -0.0146453-0j -0.108102-0j -0.093604-0j -0.0772964-0j -0.02473-0j 
-0.0117239-0j -0.0126632-0j 0.0493582-0j 0.0498697-0j 0.0172554-0j -0.00592269-0j -0.0107046-0j -0.00624436-0j 0.019492-0j -0.00598407-0j 0.0281493-0j -0.00855045-0j 0.028441-0j -0.00352688-0j 0.0139258-0j -0.00174535-0j 0.0114882-0j -0.00352688-0j 0.00367053-0j -0.00251972-0j -0.000929608-0j -0.0001775-0j 0.0749947-0j 0.0803682-0j 0.0607526-0j 0.0613822-0j 0.545413-0j 0.0508293-0j -0.338355-0j -0.197374-0j -0.118287-0j 0.0406005-0j 0.0363142-0j 0.0518882-0j -0.0935142-0j 0.0214028-0j -0.14407-0j -0.0944833-0j 0.0410213-0j -0.192966-0j 0.0338408-0j -0.0385726-0j -0.112563-0j 0.0108123-0j -0.0675021-0j 0.0119645-0j -0.0393762-0j 0.0139586-0j -0.0102723-0j 0.00772468-0j 0.00240859-0j 0.000405592-0j 
-0.0111223-0j -0.0120134-0j -0.00917539-0j -0.00927048-0j 0.0332723-0j 0.0395346-0j 0.0411724-0j 0.0240172-0j 0.0279792-0j 0.0171337-0j -0.00535231-0j 0.0244818-0j -0.00540778-0j 0.0100982-0j -0.00662315-0j -0.00165579-0j -0.00546382-0j -0.00334589-0j -0.00174572-0j -0.00239042-0j -0.000881904-0j -0.000168391-0j 0.0711462-0j 0.076244-0j 0.057635-0j 0.0582323-0j 0.0508293-0j 0.59004-0j 0.0628981-0j 0.0366905-0j -0.228084-0j -0.271013-0j -0.139673-0j -0.199574-0j -0.134232-0j -0.08232-0j 0.0171187-0j -0.135623-0j -0.117453-0j 0.0366905-0j -0.0968936-0j 0.0183453-0j 0.0214028-0j -0.030958-0j 0.0321042-0j 0.0113506-0j 0.0187275-0j 0.0132423-0j 0.00488552-0j 0.00732828-0j 0.00228499-0j 0.000384779-0j 
0.0145076-0j 0.000223044-0j 0.0600979-0j 0.0599539-0j 0.0107046-0j 0.00732896-0j -0.000185521-0j -0.0151241-0j 0.000172118-0j -0.0219772-0j -0.00686942-0j 0.0101145-0j -0.00685296-0j -0.0128444-0j -0.000364956-0j -0.0149798-0j 0.0137256-0j 0.0209962-0j -0.00894621-0j 0.027235-0j 0.00556273-0j -0.0015125-0j -0.0928012-0j -0.00141556-0j 0.0739716-0j 0.0737943-0j 0.338355-0j -0.0628981-0j -0.005864-0j -0.478045-0j -0.00104449-0j -0.000715116-0j 0.133368-0j -0.0613799-0j 0.0570822-0j 0.077946-0j -0.0223291-0j 0.0569454-0j 0.0021444-0j 0.000670277-0j -0.0806488-0j 0.118494-0j 0.0546424-0j 0.052566-0j -0.120746-0j 0.00146164-0j -0.0707388-0j -0.167414-0j 0.0313185-0j -0.11146-0j -0.0173038-0j 0.00395086-0j 
-0.00846275-0j 0.0178913-0j 0.0356287-0j 0.0329673-0j -0.00624436-0j -0.00427522-0j 0.0151241-0j -0.0174523-0j 0.0138063-0j -0.00431953-0j -0.00407249-0j -0.00565243-0j -0.00376829-0j -0.00296229-0j 0.00986371-0j -0.00125986-0j -0.0160968-0j -0.00233151-0j 0.0172101-0j -0.00211636-0j 0.0296836-0j 0.0232245-0j 0.054134-0j -0.113548-0j 0.0438536-0j 0.0405778-0j -0.197374-0j 0.0366905-0j 0.478045-0j -0.551638-0j -0.0837834-0j -0.0573626-0j 0.026213-0j 0.0343017-0j 0.0338408-0j 0.0179766-0j 0.0130253-0j 0.031313-0j -0.057957-0j -0.0546424-0j 0.0945815-0j 0.0139586-0j 0.0630543-0j -0.101123-0j 0.0223711-0j -0.0169041-0j 0.0165804-0j 0.0390129-0j -0.164439-0j -0.0722456-0j -0.171118-0j -0.0873937-0j 
0.012976-0j 0.000199496-0j 0.0107046-0j -0.0105077-0j 0.0774295-0j 0.00655522-0j -0.000683714-0j 0.0548437-0j -0.000307077-0j 0.00662315-0j -0.0311556-0j -0.00919421-0j 0.0305823-0j -0.0114884-0j -0.000219386-0j 0.00193175-0j 0.0248872-0j -0.00379242-0j 0.015961-0j -0.00820769-0j -0.00505657-0j -0.00135282-0j -0.0830039-0j -0.00126612-0j -0.0672408-0j 0.0660036-0j 0.118287-0j 0.228084-0j -0.00104449-0j 0.0837834-0j -0.00755511-0j -0.000639619-0j 0.162951-0j -0.226208-0j 0.103501-0j -0.282652-0j 0.159457-0j -0.101597-0j -0.000646247-0j 0.00303998-0j 0.0733105-0j 0.0426921-0j -0.24385-0j 0.0470164-0j -0.0725843-0j -0.000188489-0j -0.128263-0j 0.030239-0j -0.0558756-0j 0.0335902-0j 0.0157293-0j 0.00353376-0j 
0.00888404-0j 0.000136586-0j 0.00732896-0j -0.00719411-0j 0.00655522-0j 0.0772743-0j 0.00011546-0j -0.00926156-0j -0.000741615-0j -0.031906-0j 0.00427522-0j 0.0442917-0j -0.00419656-0j 0.0553435-0j 7.53015e-05-0j 0.00132258-0j -0.00854222-0j -0.00259649-0j -0.00547841-0j -0.00561942-0j -0.003462-0j -0.000926216-0j -0.0568289-0j -0.000866851-0j -0.0460367-0j 0.0451896-0j -0.0406005-0j 0.271013-0j -0.000715116-0j 0.0573626-0j -0.000639619-0j -0.00753997-0j -0.0275179-0j 0.0382001-0j 0.249964-0j 0.047732-0j -0.0136738-0j -0.245365-0j 0.0031132-0j -0.000417151-0j -0.353162-0j -0.0146535-0j 0.0334615-0j -0.226495-0j 0.0249136-0j -0.000129049-0j 0.0440247-0j 0.0207032-0j 0.0191786-0j 0.0229976-0j 0.0107691-0j 0.0024194-0j 
0.00794612-0j 0.00858279-0j -0.0194553-0j 0.00662315-0j -0.0237709-0j 0.00401423-0j 0.0873012-0j -0.0171587-0j 0.00662315-0j 0.00379768-0j -0.011349-0j -0.0171998-0j 0.0038635-0j 0.00239042-0j 0.00443063-0j 0.038282-0j -0.0115854-0j 0.0303889-0j 0.0012472-0j 0.0015991-0j -0.00186997-0j 0.000120305-0j -0.0508293-0j -0.0544713-0j 0.122208-0j -0.0416032-0j -0.0363142-0j 0.139673-0j 0.133368-0j -0.026213-0j 0.162951-0j -0.0275179-0j 0.0934355-0j -0.423173-0j 0.0943054-0j 0.0588122-0j -0.0122302-0j -0.0321042-0j -0.0260334-0j 0.077798-0j 0.0680732-0j -0.16662-0j -0.0152909-0j -0.00732828-0j -0.0214765-0j -0.262426-0j 0.0397094-0j -0.120273-0j -0.00349038-0j -0.00490233-0j 0.00484506-0j -0.000274899-0j 
-0.011354-0j 0.0119146-0j 0.0092163-0j 0.00945978-0j 0.0339655-0j -0.00573582-0j 0.0401786-0j 0.0224535-0j 0.00919421-0j 0.0171998-0j 0.00537617-0j -0.00814453-0j 0.0055182-0j -0.0163084-0j -0.0194952-0j 0.0117235-0j 0.00502614-0j -0.0169068-0j -0.0188492-0j 0.0345801-0j 0.016231-0j -0.00681493-0j 0.0726284-0j -0.0756167-0j -0.0578919-0j -0.0594214-0j 0.0518882-0j -0.199574-0j 0.0613799-0j 0.0343017-0j 0.226208-0j -0.0382001-0j 0.423173-0j -0.200382-0j -0.0446739-0j -0.401241-0j 0.0174753-0j -0.0458541-0j 0.11455-0j 0.0358049-0j -0.0295325-0j -0.0927361-0j 0.0200093-0j 0.110754-0j 0.0972283-0j 0.0780779-0j -0.0898164-0j -0.0613049-0j 0.0913816-0j -0.23484-0j -0.0642929-0j 0.020905-0j 
0.0102584-0j 0.0110803-0j -0.008327-0j 0.00855045-0j -0.0150985-0j -0.036464-0j -0.0092163-0j 0.00546382-0j 0.0514752-0j 0.0469018-0j 0.0242355-0j 0.0222181-0j -0.0248859-0j -0.0093139-0j 0.0361643-0j -0.0105923-0j 0.00989092-0j -0.0152816-0j -0.00321172-0j -0.00654354-0j -0.000800359-0j 0.000155312-0j -0.0656203-0j -0.0703222-0j 0.0523058-0j -0.0537094-0j 0.0935142-0j 0.134232-0j 0.0570822-0j -0.0338408-0j 0.103501-0j 0.249964-0j 0.0943054-0j 0.0446739-0j 0.242994-0j -0.0187275-0j 0.126061-0j -0.249515-0j -0.321515-0j -0.166137-0j -0.0879344-0j -0.167131-0j 0.0984929-0j 0.0285535-0j -0.175298-0j 0.072611-0j -0.0339015-0j 0.0604812-0j 0.00898823-0j 0.0200604-0j 0.00207371-0j -0.000354893-0j 
0.00468327-0j -0.0148875-0j 0.0038635-0j 0.0186382-0j -0.01401-0j 0.0023659-0j 0.0510226-0j -0.0117673-0j -0.0114884-0j 0.00239042-0j 0.00225371-0j 0.0163084-0j 0.0108723-0j -0.0198701-0j -0.00820769-0j 0.000697206-0j 0.00267701-0j 0.00672688-0j -0.0137398-0j -0.0141959-0j 0.0120305-0j 0.0421819-0j -0.0299577-0j 0.0944848-0j -0.0242685-0j -0.117075-0j -0.0214028-0j 0.08232-0j 0.077946-0j -0.0179766-0j -0.282652-0j 0.047732-0j 0.0588122-0j 0.401241-0j -0.0187275-0j -0.488869-0j -0.0072082-0j -0.0903444-0j 0.0482266-0j 0.0454685-0j -0.0157295-0j -0.00772468-0j -0.0104863-0j 0.0807318-0j -0.0645452-0j 0.0140661-0j 0.111216-0j -0.0064881-0j -0.0666457-0j 0.0576776-0j -0.198994-0j -0.212187-0j 
0.00394846-0j 0.00426482-0j 0.00325731-0j 0.00329107-0j -0.0232611-0j 0.00199469-0j 0.00360519-0j 0.00210302-0j -0.0262762-0j 0.00201536-0j 0.0700016-0j 0.00287969-0j 0.0707271-0j 0.00118781-0j -0.0187726-0j 0.000587813-0j -0.0154866-0j 0.00118781-0j -0.00494805-0j 0.000848612-0j 0.000313081-0j 5.97798e-05-0j -0.0252573-0j -0.027067-0j -0.0204607-0j -0.0206728-0j 0.14407-0j -0.0171187-0j -0.0223291-0j -0.0130253-0j 0.159457-0j -0.0136738-0j -0.0122302-0j -0.0174753-0j 0.126061-0j -0.0072082-0j 0.155983-0j 0.127368-0j -0.0138155-0j -0.479867-0j -0.0113972-0j 0.0519977-0j -0.279922-0j -0.00364145-0j 0.090996-0j -0.00402951-0j 0.053081-0j -0.00470109-0j 0.0138475-0j -0.00260158-0j -0.000811184-0j -0.000136598-0j 
-0.0103647-0j 0.0108765-0j -0.00855045-0j 0.00863556-0j 0.0152549-0j 0.0368419-0j 0.00919421-0j -0.00505569-0j 0.0505281-0j 0.0159667-0j 0.0248859-0j -0.0228051-0j -0.0251336-0j 0.0449318-0j -0.0119609-0j -0.00154301-0j 0.0093013-0j 0.00311674-0j 0.0343225-0j -0.0106361-0j -0.0150584-0j -0.00622116-0j 0.0663004-0j -0.0690283-0j 0.0537094-0j -0.054244-0j -0.0944833-0j -0.135623-0j -0.0569454-0j 0.031313-0j 0.101597-0j 0.245365-0j 0.0321042-0j -0.0458541-0j 0.249515-0j 0.0903444-0j -0.127368-0j -0.251998-0j 0.106337-0j 0.165738-0j -0.0826924-0j -0.0341008-0j -0.0911358-0j -0.305141-0j 0.0596523-0j -0.0102763-0j -0.166213-0j 0.0113015-0j -0.166397-0j 0.0722321-0j 0.0596479-0j 0.0190835-0j 
-0.0089761-0j -0.000138001-0j 0.0219772-0j 0.00726866-0j -0.00662315-0j 0.031906-0j 0.000346227-0j 0.00935753-0j 0.000321404-0j 0.0129474-0j 0.01282-0j 0.0569701-0j 0.00424005-0j -0.023985-0j -7.12393e-05-0j -0.0432441-0j -0.0256153-0j 0.0333507-0j 0.00553518-0j 0.00531627-0j -0.0103814-0j 0.000935814-0j 0.0574178-0j 0.000875834-0j -0.138049-0j -0.0456579-0j 0.0410213-0j -0.117453-0j -0.0021444-0j -0.057957-0j 0.000646247-0j -0.0031132-0j 0.0260334-0j 0.11455-0j 0.321515-0j -0.0482266-0j 0.0138155-0j 0.106337-0j -0.00126333-0j -0.0012509-0j -0.454254-0j 0.188218-0j -0.0338083-0j 0.0981591-0j -0.0235696-0j 0.00421951-0j 0.132016-0j -0.265924-0j -0.0193773-0j -0.021757-0j 0.0322931-0j -0.00244447-0j 
-0.00846275-0j -0.000130109-0j 0.00686942-0j 0.00685296-0j 0.0311556-0j -0.00427522-0j 0.000108221-0j 0.00882237-0j 0.000500945-0j 0.01282-0j 0.0278803-0j -0.00590015-0j 0.0278135-0j 0.00749256-0j -0.00106219-0j 0.0087382-0j 0.0399481-0j -0.0122478-0j -0.0260377-0j -0.0158871-0j -0.00324492-0j 0.000882294-0j 0.054134-0j 0.000825745-0j -0.0431501-0j -0.0430467-0j -0.192966-0j 0.0366905-0j -0.000670277-0j -0.0546424-0j -0.00303998-0j 0.000417151-0j -0.077798-0j 0.0358049-0j 0.166137-0j -0.0454685-0j 0.479867-0j 0.165738-0j -0.0012509-0j -0.0027204-0j 0.0470451-0j 0.344874-0j -0.221772-0j -0.0306635-0j -0.351429-0j -0.000852621-0j -0.205884-0j 0.0976583-0j 0.0911517-0j 0.0650183-0j 0.0100939-0j -0.00230467-0j 
0.00740491-0j -0.0156549-0j -0.00601074-0j 0.00565243-0j 0.00546382-0j -0.0263211-0j 0.0130213-0j 0.0152708-0j 0.0364602-0j 0.0338555-0j -0.00350627-0j 0.0146877-0j 0.00329725-0j -0.00782291-0j 0.0256153-0j -0.00764592-0j -0.0138588-0j -0.0101022-0j -0.0150588-0j -0.00549604-0j 0.0255565-0j -0.0203214-0j -0.0473673-0j 0.0993549-0j 0.0377563-0j -0.0355056-0j -0.0338408-0j 0.0968936-0j -0.0806488-0j -0.0945815-0j 0.0733105-0j -0.353162-0j 0.0680732-0j 0.0295325-0j -0.0879344-0j -0.0157295-0j -0.0113972-0j 0.0826924-0j 0.454254-0j -0.0470451-0j -0.245767-0j 0.0604812-0j -0.0551725-0j -0.267048-0j 0.0580961-0j -0.102589-0j 0.0142751-0j 0.169039-0j 0.143884-0j -0.187617-0j -0.147327-0j 0.0764695-0j 
-0.00423137-0j -0.00457041-0j 0.0172855-0j -0.00352688-0j 0.0062278-0j -0.00213761-0j 0.0191316-0j -0.00225371-0j 0.00703505-0j -0.0274567-0j -0.0503092-0j 0.0152816-0j 0.0102649-0j -0.00127292-0j 0.0638956-0j 0.0431662-0j -0.020532-0j -0.00908834-0j 0.00132477-0j -0.0115612-0j 0.00166142-0j -6.40631e-05-0j 0.027067-0j 0.0290064-0j -0.108579-0j 0.022154-0j -0.0385726-0j 0.0183453-0j -0.118494-0j 0.0139586-0j -0.0426921-0j 0.0146535-0j 0.16662-0j -0.0927361-0j 0.167131-0j 0.00772468-0j -0.0519977-0j -0.0341008-0j 0.188218-0j 0.344874-0j -0.0604812-0j -0.0993969-0j -0.0406263-0j 0.00390237-0j -0.30972-0j -0.295908-0j 0.0703743-0j 0.0359697-0j -0.00370745-0j 0.0354431-0j -0.0043047-0j 0.000146386-0j 
0.0049366-0j -0.0104366-0j 0.00407249-0j 0.00376829-0j -0.0181741-0j 0.00249388-0j -0.00882237-0j 0.0101805-0j 0.040183-0j 0.00251972-0j 0.0165287-0j 0.00329725-0j 0.015294-0j 0.001728-0j 0.0287081-0j 0.00073492-0j -0.0468495-0j 0.00136005-0j 0.0500896-0j 0.00123454-0j -0.0173154-0j -0.0135476-0j -0.0315782-0j 0.0662366-0j -0.0255813-0j -0.0236704-0j 0.112563-0j -0.0214028-0j 0.0546424-0j -0.0630543-0j -0.24385-0j 0.0334615-0j -0.0152909-0j -0.0200093-0j 0.0984929-0j -0.0104863-0j -0.279922-0j 0.0911358-0j 0.0338083-0j 0.221772-0j -0.0551725-0j 0.0406263-0j -0.255913-0j 0.0589883-0j 0.0651106-0j 0.00986074-0j 0.0482568-0j -0.0227575-0j -0.478597-0j 0.0421433-0j 0.099819-0j 0.0509796-0j 
-0.0023659-0j 0.01004-0j -0.00195177-0j -0.0208579-0j -0.00174572-0j 0.00840973-0j 0.00848712-0j 0.0163269-0j -0.0233831-0j 0.00364464-0j -0.00113853-0j 0.0550822-0j -0.0121671-0j -0.0401511-0j 0.00553518-0j -0.000352216-0j 0.0150588-0j -0.00752801-0j -0.0188728-0j 0.00950445-0j -0.0268171-0j 0.0371137-0j 0.0151341-0j -0.0637196-0j 0.01226-0j 0.131018-0j 0.0108123-0j -0.030958-0j -0.052566-0j -0.101123-0j -0.0470164-0j 0.226495-0j 0.00732828-0j 0.110754-0j -0.0285535-0j -0.0807318-0j 0.00364145-0j -0.305141-0j 0.0981591-0j -0.0306635-0j 0.267048-0j 0.00390237-0j -0.0589883-0j -0.334683-0j 0.0722321-0j -0.00948603-0j -0.0744615-0j -0.0364972-0j 0.14856-0j 0.0792252-0j -0.00813106-0j -0.324804-0j 
0.00740491-0j -0.00777052-0j -0.0181302-0j -0.00616954-0j -0.0108987-0j 0.00374082-0j 0.0194952-0j 0.00361196-0j 0.0119609-0j 0.00353902-0j 0.0527676-0j 0.0160218-0j 0.0179563-0j 0.0106361-0j 0.00800135-0j 0.0356746-0j 0.0197223-0j -0.0283077-0j -0.0245212-0j 0.00711516-0j -0.0319295-0j 0.00444461-0j -0.0473673-0j 0.0493162-0j 0.113885-0j 0.0387538-0j 0.0675021-0j -0.0321042-0j -0.120746-0j -0.0223711-0j -0.0725843-0j 0.0249136-0j -0.0214765-0j -0.0972283-0j -0.175298-0j -0.0645452-0j 0.090996-0j -0.0596523-0j 0.0235696-0j 0.351429-0j 0.0580961-0j 0.30972-0j 0.0651106-0j -0.0722321-0j -0.039905-0j 0.23759-0j -0.352435-0j -0.102645-0j 0.11888-0j -0.0483204-0j 0.126476-0j -0.0136339-0j 
0.00261803-0j 4.02504e-05-0j -0.0149798-0j -0.00212003-0j 0.00193175-0j 0.00132258-0j -0.000235991-0j -0.00272928-0j 3.10603e-05-0j 0.0432441-0j -0.0087382-0j 0.0128661-0j -0.00123668-0j -0.00231789-0j 0.000718118-0j -0.048791-0j 0.0174596-0j 0.0524326-0j -0.00161443-0j -0.05359-0j 0.00707603-0j -0.000272946-0j -0.0167469-0j -0.000255452-0j 0.0940951-0j 0.0133169-0j -0.0119645-0j -0.0113506-0j 0.00146164-0j 0.0169041-0j -0.000188489-0j -0.000129049-0j -0.262426-0j -0.0780779-0j 0.072611-0j 0.0140661-0j -0.00402951-0j 0.0102763-0j -0.00421951-0j 0.000852621-0j -0.102589-0j 0.295908-0j 0.00986074-0j 0.00948603-0j 0.23759-0j 0.00476073-0j -0.0899827-0j -0.418074-0j 0.00565171-0j 0.219318-0j -0.0220112-0j 0.000712971-0j 
-0.00431953-0j 0.0137312-0j 0.00350627-0j -0.0171906-0j 0.00635755-0j -0.00218215-0j -0.0114212-0j -0.00267701-0j -0.021136-0j 0.00654354-0j -0.0102049-0j 0.0148005-0j 0.0500328-0j 0.0183268-0j 0.0448163-0j 0.00446012-0j -0.00484607-0j 0.0307235-0j -0.025278-0j -0.0388598-0j 0.0109181-0j -0.0389056-0j 0.0276309-0j -0.0871462-0j -0.0220245-0j 0.107982-0j -0.0393762-0j 0.0187275-0j 0.0707388-0j 0.0165804-0j 0.128263-0j -0.0440247-0j -0.0397094-0j -0.0898164-0j 0.0339015-0j -0.111216-0j -0.053081-0j -0.166213-0j 0.132016-0j -0.205884-0j -0.0142751-0j 0.0703743-0j -0.0482568-0j -0.0744615-0j 0.352435-0j 0.0899827-0j -0.201329-0j -0.0296329-0j -0.122613-0j 0.157887-0j -0.180594-0j 0.195707-0j 
-0.00305437-0j 0.00645731-0j 0.0124774-0j -0.00233151-0j -0.00225371-0j -0.00154301-0j -0.0270301-0j -0.00629888-0j 0.00498296-0j -0.0198193-0j 0.00727846-0j 0.0101022-0j -0.00136005-0j -0.00106915-0j 0.0452576-0j 0.031159-0j 0.0287687-0j -0.00600801-0j 0.00621145-0j -0.00971049-0j -0.0530513-0j 0.00838216-0j 0.019538-0j -0.0409818-0j -0.0783763-0j 0.0146453-0j 0.0139586-0j 0.0132423-0j 0.167414-0j 0.0390129-0j -0.030239-0j -0.0207032-0j 0.120273-0j -0.0613049-0j -0.0604812-0j 0.0064881-0j 0.00470109-0j 0.0113015-0j -0.265924-0j 0.0976583-0j -0.169039-0j 0.0359697-0j 0.0227575-0j -0.0364972-0j 0.102645-0j 0.418074-0j -0.0296329-0j 0.100531-0j -0.0593493-0j -0.331484-0j 0.305827-0j -0.031542-0j 
0.00112686-0j -0.00598177-0j 0.000929608-0j 0.0172096-0j -0.00165852-0j 0.000569266-0j -0.00505657-0j -0.0265498-0j 0.0092075-0j 0.000575166-0j -0.0027056-0j 0.0150584-0j -0.0500881-0j 0.0109823-0j 0.00657816-0j 0.000167757-0j 0.0488455-0j 0.00621127-0j -0.0504327-0j 0.00784612-0j -0.0140856-0j -0.0154262-0j -0.0072082-0j 0.0379637-0j -0.00583931-0j -0.108102-0j 0.0102723-0j -0.00488552-0j 0.0313185-0j 0.164439-0j -0.0558756-0j 0.0191786-0j -0.00349038-0j -0.0913816-0j 0.00898823-0j -0.0666457-0j 0.0138475-0j 0.166397-0j 0.0193773-0j -0.0911517-0j 0.143884-0j 0.00370745-0j -0.478597-0j -0.14856-0j 0.11888-0j 0.00565171-0j 0.122613-0j 0.0593493-0j -0.155647-0j -0.106136-0j 0.232232-0j -0.203654-0j 
0.00169028-0j -0.00717292-0j -0.0041385-0j 0.0149016-0j 0.0012472-0j 0.0008539-0j 0.0179959-0j -0.0116645-0j -0.00553518-0j 0.000807835-0j -0.00241413-0j -0.0386984-0j 0.00869259-0j -0.00950445-0j -0.00370282-0j 0.00814327-0j 0.0319305-0j 0.0683729-0j 0.0134833-0j -0.00635811-0j -0.0568626-0j -0.0265153-0j -0.0108123-0j 0.0455235-0j 0.0259959-0j -0.093604-0j -0.00772468-0j -0.00732828-0j -0.11146-0j 0.0722456-0j 0.0335902-0j 0.0229976-0j -0.00490233-0j 0.23484-0j 0.0200604-0j 0.0576776-0j -0.00260158-0j -0.0722321-0j 0.021757-0j -0.0650183-0j -0.187617-0j -0.0354431-0j 0.0421433-0j -0.0792252-0j -0.0483204-0j 0.219318-0j -0.157887-0j 0.331484-0j -0.106136-0j -0.0529986-0j -0.017241-0j 0.232051-0j 
-0.000527038-0j 0.00335888-0j 0.00042781-0j -0.0123055-0j -0.000388883-0j -0.00026625-0j -0.00279382-0j 0.0276282-0j 0.00259197-0j 0.000798397-0j 0.000249556-0j 0.0105946-0j -0.00717818-0j -0.0327914-0j -0.00549597-0j 0.000544193-0j -0.0250735-0j 0.0219926-0j 0.00138383-0j 0.0695302-0j -0.0412486-0j -0.0559091-0j 0.00337133-0j -0.0213174-0j -0.00268728-0j 0.0772964-0j 0.00240859-0j 0.00228499-0j 0.0173038-0j -0.171118-0j -0.0157293-0j -0.0107691-0j -0.00484506-0j -0.0642929-0j -0.00207371-0j 0.198994-0j 0.000811184-0j 0.0596479-0j 0.0322931-0j 0.0100939-0j 0.147327-0j -0.0043047-0j -0.099819-0j -0.00813106-0j -0.126476-0j 0.0220112-0j -0.180594-0j 0.305827-0j -0.232232-0j 0.017241-0j -0.00902008-0j 0.241516-0j 
8.875e-05-0j -0.000754607-0j 7.3215e-05-0j 0.00393697-0j 6.54855e-05-0j 4.48349e-05-0j -0.000637892-0j -0.0141103-0j -0.000582313-0j 4.52995e-05-0j 4.27088e-05-0j 0.00344484-0j 0.00229656-0j 0.0349654-0j -0.000416025-0j 1.32123e-05-0j -0.0130143-0j 0.00142093-0j -0.0552785-0j 0.0249805-0j 0.0367624-0j -0.0657184-0j -0.000567711-0j 0.00478917-0j -0.000459898-0j -0.02473-0j -0.000405592-0j -0.000384779-0j 0.00395086-0j 0.0873937-0j 0.00353376-0j 0.0024194-0j -0.000274899-0j -0.020905-0j -0.000354893-0j -0.212187-0j -0.000136598-0j -0.0190835-0j 0.00244447-0j 0.00230467-0j 0.0764695-0j -0.000146386-0j 0.0509796-0j 0.324804-0j -0.0136339-0j 0.000712971-0j -0.195707-0j 0.031542-0j -0.203654-0j 0.232051-0j -0.241516-0j 0.323144-0j 
