0.979297-0j -0.0146982-0j 0.202826-0j -0.00843285-0j -0.00852024-0j 0.0705154-0j 0.0712461-0j 0.0178773-0j 0.0180626-0j -0.00592558-0j -0.00733253-0j 0.0467158-0j -0.00427731-0j -0.000604777-0j 0.0578079-0j 0.0118024-0j -0.000748373-0j 0.0337212-0j 0.0013982-0j -0.000436551-0j 0.0146047-0j 0.00851942-0j 0.00173018-0j 0.00100927-0j -0.00456118-0j -0.00532138-0j 0.0348174-0j -0.00325867-0j -0.00465621-0j -0.000600989-0j -0.00192059-0j 0.00829328-0j 0.0406203-0j 0.0248747-0j 0.00355354-0j -0.000701153-0j 0.0355428-0j 0.00127407-0j -0.000429367-0j 0.0096755-0j 0.0146606-0j 9.71913e-05-0j -0.000613509-0j 0.00414579-0j 0.00592501-0j 0.00253877-0j 0.00846606-0j -0.00025306-0j 0.00148642-0j 0.00362757-0j 0.000910241-0j 0.00011339-0j 0.00349207-0j 6.94368e-05-0j 0.00130061-0j 0.0014963-0j 0.000536476-0j 9.92161e-05-0j 4.09246e-05-0j 
0.0146982-0j -0.0142908-0j 2.14387e-05-0j 0.00598698-0j -0.00587682-0j -0.101829-0j 0.0999553-0j 8.81966e-05-0j -8.65738e-05-0j 0.00420692-0j 7.40984e-05-0j 0.000701153-0j -0.00594376-0j -0.0830516-0j 1.23497e-05-0j -0.00843259-0j -0.00146283-0j -0.000990626-0j 5.16448e-06-0j 0.11734-0j -0.000148527-0j 0.011914-0j 9.09644e-08-0j -7.29665e-06-0j 0.00323826-0j 5.37749e-05-0j 0.000522571-0j 0.00231352-0j -0.00321161-0j -0.0410524-0j -0.00401299-0j 6.15856e-05-0j 8.67789e-06-0j 0.000373343-0j -0.0103164-0j -0.000681721-0j -0.000518272-0j -0.000604758-0j -0.0293292-0j 1.0227e-06-0j -0.000647593-0j 2.86895e-07-0j 0.0407146-0j -0.000171316-0j 4.39989e-05-0j -0.00737041-0j -6.10789e-05-0j 0.0508738-0j -1.00427e-05-0j 0.0102315-0j -0.00043206-0j 4.76422e-09-0j -7.63195e-05-0j 2.04968e-07-0j 0.000599783-0j 0.0127846-0j 0.000749442-0j -2.84535e-07-0j -3.55533e-07-0j 
0.202826-0j -2.14387e-05-0j -0.0138446-0j -0.000864146-0j 0.000848246-0j 0.0146047-0j -0.014336-0j -0.174529-0j 0.171318-0j -0.000607217-0j -1.06952e-05-0j 0.0096755-0j 0.000857908-0j -6.19738e-05-0j 0.000170419-0j -0.0565984-0j -1.09157e-06-0j -0.0136701-0j -0.0205829-0j 8.75598e-05-0j -0.000996894-0j 0.0799652-0j -0.000362537-0j 0.0290807-0j -0.000467402-0j -7.76174e-06-0j 0.00721117-0j -0.000333928-0j 0.000463556-0j -6.15856e-05-0j 0.000579224-0j -0.0397705-0j 0.00011975-0j 0.00515191-0j 0.000735987-0j -1.0227e-06-0j -0.00715184-0j -0.0124383-0j -4.39989e-05-0j -0.000660433-0j -0.00893639-0j -0.00191233-0j 6.10789e-05-0j 1.22219e-05-0j -0.0284134-0j 0.000525815-0j 0.0394432-0j 7.63195e-05-0j -0.000206552-0j -0.000729932-0j -0.00888634-0j -3.17564e-05-0j 0.0492853-0j -0.00136623-0j 0.0123359-0j -0.000912067-0j 0.0154141-0j 0.0018966-0j 0.00236984-0j 
0.00843285-0j 0.00598698-0j 0.000864146-0j 0.492577-0j -0.505796-0j -0.000597476-0j 0.000613509-0j -4.97897e-05-0j 5.11258e-05-0j 0.00241365-0j -0.00293883-0j -0.0586277-0j 0.00174227-0j 0.000246342-0j 0.0713843-0j 5.02844e-05-0j -0.000299943-0j -0.0423197-0j 2.96304e-06-0j 0.000177819-0j -6.12257e-05-0j 3.62972e-05-0j -3.60776e-06-0j 2.13883e-06-0j 0.0018579-0j 0.00216755-0j 0.000299817-0j -0.00393945-0j -0.00186618-0j -0.0356771-0j 0.000782309-0j -0.00514954-0j 0.000349786-0j -0.000635727-0j 3.05999e-05-0j -0.0416233-0j -0.000301153-0j 3.60624e-06-0j 0.0756491-0j -0.0060078-0j 0.000126245-0j 1.64601e-07-0j 0.0358361-0j 3.56999e-05-0j 0.010919-0j -6.48836e-05-0j 0.0051725-0j -0.0150226-0j 4.20728e-06-0j -3.07363e-05-0j -7.6466e-06-0j 1.92035e-07-0j -0.00216833-0j -3.49018e-07-0j -3.62231e-06-0j 1.28848e-05-0j 1.51849e-06-0j -1.65335e-07-0j 6.93091e-08-0j 
-0.00852024-0j 0.00587682-0j 0.000848246-0j 0.505796-0j -0.51083-0j -0.000613509-0j 0.000619616-0j -5.11258e-05-0j 5.16346e-05-0j -0.00243867-0j 0.00293179-0j 0.0592352-0j -0.00161213-0j -0.000248895-0j -0.0712132-0j -5.08055e-05-0j 0.000299224-0j 0.0391585-0j -2.99374e-06-0j -0.000164537-0j 6.10789e-05-0j -3.35859e-05-0j 3.59911e-06-0j -1.97907e-06-0j -0.00187715-0j 0.00212766-0j -0.000302924-0j -0.0013411-0j 0.00191548-0j 0.0360468-0j -0.00377399-0j 0.00520291-0j 0.00034335-0j -0.000216419-0j -3.0917e-05-0j -0.0408574-0j 0.000309109-0j -3.64361e-06-0j 0.0257531-0j -0.00589726-0j -0.000609025-0j -1.66307e-07-0j -0.0367829-0j 3.50431e-05-0j 0.00371714-0j -2.20882e-05-0j -0.00530915-0j 0.0724717-0j 4.12986e-06-0j 3.15484e-05-0j -2.60312e-06-0j 1.88502e-07-0j 0.0104604-0j -1.18816e-07-0j 3.71801e-06-0j -6.21584e-05-0j -7.32544e-06-0j 1.69703e-07-0j -3.34359e-07-0j 
0.0705154-0j 0.101829-0j 0.0146047-0j 0.000597476-0j -0.000613509-0j 0.480693-0j -0.493593-0j -0.00126663-0j 0.00130061-0j -0.000426678-0j 0.000519517-0j 0.00336382-0j -0.000307992-0j 0.00842332-0j -0.00409575-0j -0.081767-0j -0.0102561-0j 0.00242814-0j 0.000100679-0j 0.00608028-0j 0.0995584-0j -0.0590225-0j -0.000122585-0j 7.26739e-05-0j -0.000328433-0j -0.000383172-0j 0.00250707-0j 0.000696404-0j 0.000329897-0j 0.00416364-0j -0.000138294-0j 0.000597167-0j 0.00292491-0j -0.00531594-0j -0.0494936-0j 0.00485759-0j -0.00251824-0j -0.00882676-0j -0.00882852-0j 0.000696695-0j 0.00105566-0j 6.99837e-06-0j -0.00418221-0j -0.0577426-0j -0.00126622-0j 0.104945-0j -0.000599829-0j 0.0017532-0j -0.0102979-0j 0.0497143-0j 0.0187161-0j 8.16476e-06-0j 0.00025145-0j -1.48392e-05-0j 0.00886611-0j -0.0208404-0j -0.0037167-0j -7.02956e-06-0j 2.94682e-06-0j 
-0.0712461-0j 0.0999553-0j 0.014336-0j 0.000613509-0j -0.000619616-0j 0.493593-0j -0.498506-0j -0.00130061-0j 0.00131356-0j 0.000431099-0j -0.000518272-0j -0.00339868-0j 0.000284986-0j -0.00851061-0j 0.00408593-0j 0.0826143-0j 0.0102315-0j -0.00224676-0j -0.000101722-0j -0.0056261-0j -0.0993197-0j 0.0546137-0j 0.000122292-0j -6.72454e-05-0j 0.000331836-0j -0.000376122-0j -0.00253305-0j 0.000237075-0j -0.000338612-0j -0.00420679-0j 0.000667154-0j -0.000603355-0j 0.00287109-0j -0.0018097-0j 0.0500065-0j 0.00476821-0j 0.00258477-0j 0.00891823-0j -0.00300548-0j 0.000683876-0j -0.00509266-0j -7.07089e-06-0j 0.00429269-0j -0.0566801-0j -0.000431058-0j 0.0357264-0j 0.000615676-0j -0.00845771-0j -0.0101084-0j -0.0510276-0j 0.00637149-0j 8.01453e-06-0j -0.00121304-0j -5.05169e-06-0j -0.00910034-0j 0.100538-0j 0.01793-0j 7.21528e-06-0j -1.4216e-05-0j 
-0.0178773-0j 8.81966e-05-0j 0.174529-0j -4.97897e-05-0j 5.11258e-05-0j 0.00126663-0j -0.00130061-0j 0.465472-0j -0.477963-0j 3.55565e-05-0j -4.32931e-05-0j -0.000852808-0j 2.5666e-05-0j 3.62897e-06-0j 0.00103837-0j 0.0101558-0j -4.41858e-06-0j -0.000615589-0j -0.114419-0j 2.61953e-06-0j -0.0123656-0j 0.00733085-0j 0.139315-0j -0.0825919-0j 2.73694e-05-0j 3.1931e-05-0j -0.0006356-0j -5.80336e-05-0j -2.74914e-05-0j 3.60624e-06-0j 1.15245e-05-0j 0.00713627-0j -0.000741533-0j 0.00134771-0j -6.48706e-05-0j 4.20728e-06-0j 0.000638433-0j -0.0337139-0j -7.6466e-06-0j 0.00832564-0j -0.000267633-0j -0.0160583-0j -3.62231e-06-0j -7.56824e-05-0j -0.0151316-0j 0.000137551-0j -0.00716808-0j 1.51849e-06-0j -0.0393329-0j 6.51598e-05-0j 0.0714863-0j -0.0187347-0j 0.00300488-0j 0.0340498-0j 0.0338642-0j -2.73152e-05-0j -0.014196-0j 0.0161299-0j -0.00676172-0j 
0.0180626-0j 8.65738e-05-0j 0.171318-0j -5.11258e-05-0j 5.16346e-05-0j 0.00130061-0j -0.00131356-0j 0.477963-0j -0.48272-0j -3.59249e-05-0j 4.31893e-05-0j 0.000861645-0j -2.37488e-05-0j -3.66657e-06-0j -0.00103588-0j -0.0102611-0j 4.40799e-06-0j 0.000569607-0j 0.115605-0j -2.42386e-06-0j 0.0123359-0j -0.00678326-0j -0.138981-0j 0.0764226-0j -2.7653e-05-0j 3.13435e-05-0j 0.000642186-0j -1.97563e-05-0j 2.82177e-05-0j -3.64361e-06-0j -5.55961e-05-0j -0.00721022-0j -0.000727889-0j 0.0004588-0j 6.55429e-05-0j 4.12986e-06-0j -0.0006553-0j 0.0340633-0j -2.60312e-06-0j 0.00817245-0j 0.00129111-0j 0.0162247-0j 3.71801e-06-0j -7.42899e-05-0j -0.00515123-0j 4.68261e-05-0j 0.00735745-0j -7.32544e-06-0j -0.0386091-0j -6.68812e-05-0j 0.024336-0j -0.01839-0j -0.0144961-0j 0.0115915-0j -0.0347588-0j 0.000131773-0j 0.0684838-0j -0.0165561-0j 0.0326197-0j 
0.00592558-0j 0.00420692-0j 0.000607217-0j 0.00241365-0j 0.00243867-0j 0.000426678-0j 0.000431099-0j 3.55565e-05-0j 3.59249e-05-0j 0.662693-0j -0.411111-0j -0.000563841-0j -0.239815-0j -0.000345281-0j 0.000349786-0j -7.04801e-05-0j 0.0002142-0j 0.000204042-0j -4.15308e-06-0j 0.00012495-0j 4.37233e-05-0j 2.55053e-05-0j 2.57642e-06-0j 1.50291e-06-0j 0.0013055-0j -0.0030381-0j -0.0412684-0j 0.000932697-0j 0.0013327-0j 0.000172015-0j 0.000549711-0j 2.48282e-05-0j 0.0960374-0j -0.0294835-0j 2.15019e-05-0j -0.000400304-0j -0.0421281-0j 2.53402e-06-0j 0.000122894-0j -5.77789e-05-0j -0.017377-0j 1.15662e-07-0j 0.000175599-0j -5.0038e-05-0j 1.77382e-05-0j 1.53617e-05-0j 2.53455e-05-0j 7.24308e-05-0j -5.89704e-06-0j 2.19499e-05-0j 1.81039e-06-0j -2.69162e-07-0j 1.04545e-05-0j 8.26328e-08-0j 2.58681e-06-0j 9.05385e-06-0j 1.06701e-06-0j 1.18071e-07-0j 4.8702e-08-0j 
-0.00733253-0j -7.40984e-05-0j -1.06952e-05-0j 0.00293883-0j 0.00293179-0j 0.000519517-0j 0.000518272-0j 4.32931e-05-0j 4.31893e-05-0j 0.411111-0j -0.00712493-0j -0.000349786-0j -0.580839-0j -0.0002142-0j 6.06212e-06-0j -4.37233e-05-0j 3.71228e-06-0j 0.000494197-0j -2.57642e-06-0j 0.000302632-0j 7.57765e-07-0j 6.17746e-05-0j 4.46517e-08-0j 3.6401e-06-0j -0.00161548-0j -2.68268e-05-0j 0.051067-0j 0.00342543-0j -0.00157649-0j -0.000212858-0j 0.00200197-0j -3.07234e-05-0j 0.000848025-0j -0.108282-0j -2.66072e-05-0j -3.53475e-06-0j 0.0498344-0j -3.13569e-06-0j 0.00045134-0j -5.10197e-07-0j -0.0632844-0j -1.43124e-07-0j -0.00020772-0j -4.41843e-07-0j 6.51454e-05-0j 5.64175e-05-0j -2.99818e-05-0j 0.000263783-0j -5.20717e-08-0j -2.5965e-05-0j 6.64887e-06-0j -2.37674e-09-0j 3.80737e-05-0j 3.03478e-07-0j -3.06001e-06-0j 3.29728e-05-0j 3.88589e-06-0j -1.3967e-07-0j 1.77366e-07-0j 
0.0467158-0j -0.000701153-0j 0.0096755-0j 0.0586277-0j 0.0592352-0j 0.00336382-0j 0.00339868-0j 0.000852808-0j 0.000861645-0j 0.000563841-0j -0.000349786-0j 0.647841-0j -0.000204042-0j 5.75468e-05-0j -0.401897-0j -0.00112304-0j -3.56999e-05-0j -0.23444-0j -0.000133044-0j -2.0825e-05-0j 0.000696695-0j 0.000406405-0j 8.25357e-05-0j 4.81458e-05-0j -0.000217584-0j 0.000506349-0j 0.00166091-0j -0.000155449-0j -0.000222117-0j 0.00417825-0j -9.16185e-05-0j -0.0576574-0j -0.00386517-0j 0.00118661-0j 0.000169516-0j -0.00972339-0j 0.00169551-0j 6.07775e-05-0j 0.00298509-0j 0.134177-0j 0.000699362-0j 4.63635e-06-0j 0.0042653-0j -0.000394488-0j -0.0411924-0j 0.000121108-0j -0.0588586-0j 0.00175935-0j -0.000141438-0j 0.000173047-0j 4.34216e-05-0j -1.07895e-05-0j -0.0242779-0j 3.31237e-06-0j 6.20437e-05-0j 7.13784e-05-0j 2.55917e-05-0j 4.73295e-06-0j 1.95224e-06-0j 
0.00427731-0j -0.00594376-0j -0.000857908-0j 0.00174227-0j 0.00161213-0j 0.000307992-0j 0.000284986-0j 2.5666e-05-0j 2.37488e-05-0j -0.239815-0j 0.580839-0j 0.000204042-0j -0.670257-0j 0.00012495-0j -0.000494197-0j 2.55053e-05-0j -0.000302632-0j 0.000570276-0j 1.50291e-06-0j 0.000349221-0j -6.17746e-05-0j 7.12845e-05-0j -3.6401e-06-0j 4.20048e-06-0j 0.000942362-0j -0.0021519-0j -0.0297891-0j 0.000673256-0j 0.000881007-0j 0.000124167-0j 0.000461712-0j 1.7922e-05-0j 0.0680238-0j -0.0212823-0j 1.55209e-05-0j -0.000283537-0j -0.0278496-0j 1.82915e-06-0j 8.87093e-05-0j -4.09251e-05-0j -0.0145952-0j 8.34891e-08-0j 0.000116083-0j -3.54422e-05-0j 1.28041e-05-0j 1.10887e-05-0j 1.67551e-05-0j 6.08359e-05-0j -4.1769e-06-0j 1.45104e-05-0j 1.30681e-06-0j -1.90649e-07-0j 8.78091e-06-0j 5.96475e-08-0j 1.71006e-06-0j 7.60449e-06-0j 8.96198e-07-0j 7.80533e-08-0j 4.09056e-08-0j 
-0.000604777-0j 0.0830516-0j -6.19738e-05-0j -0.000246342-0j -0.000248895-0j 0.00842332-0j 0.00851061-0j -3.62897e-06-0j -3.66657e-06-0j 0.000345281-0j -0.0002142-0j 5.75468e-05-0j -0.00012495-0j 0.652408-0j -3.56999e-05-0j -0.00139139-0j -0.40473-0j -2.0825e-05-0j 4.23872e-07-0j -0.236093-0j 0.00086317-0j 0.000503516-0j -2.62955e-07-0j -1.5339e-07-0j -0.000133242-0j 0.000310074-0j -2.15019e-05-0j -9.51929e-05-0j -0.000136018-0j 0.00339586-0j -5.61047e-05-0j -2.53402e-06-0j 5.0038e-05-0j -1.53617e-05-0j -0.0406279-0j -0.00790267-0j -2.19499e-05-0j 5.00258e-05-0j 0.00242612-0j 5.89704e-06-0j -9.05385e-06-0j -1.18047e-08-0j 0.00346661-0j 0.0945469-0j -1.81039e-06-0j -0.029026-0j -2.58681e-06-0j 0.0014299-0j -0.000116417-0j -0.0414743-0j 3.57402e-05-0j 2.74712e-08-0j -1.06701e-06-0j -8.43367e-09-0j 5.1068e-05-0j -0.0171073-0j 2.10645e-05-0j -1.20506e-08-0j -4.97062e-09-0j 
-0.0578079-0j 1.23497e-05-0j -0.000170419-0j 0.0713843-0j 0.0712132-0j 0.00409575-0j 0.00408593-0j 0.00103837-0j 0.00103588-0j 0.000349786-0j -6.06212e-06-0j 0.401897-0j -0.000494197-0j 3.56999e-05-0j -0.00696525-0j -0.000696695-0j -6.18713e-07-0j -0.567822-0j -8.25357e-05-0j -5.04387e-05-0j 1.20744e-05-0j 0.000984327-0j 1.43042e-06-0j 0.000116611-0j 0.000269246-0j 4.47114e-06-0j -0.00205527-0j -0.000570905-0j 0.000262748-0j -0.00517032-0j -0.000333662-0j 0.0713474-0j -3.41301e-05-0j 0.00435796-0j -0.000209765-0j -8.5859e-05-0j -0.00200566-0j -7.52084e-05-0j 0.0109631-0j 0.0011848-0j 0.00254698-0j -5.7372e-06-0j -0.00504553-0j -3.48339e-06-0j -0.151284-0j 0.000444782-0j 0.0696253-0j 0.00640728-0j -1.24892e-06-0j -0.000204702-0j 0.000159471-0j -9.52727e-08-0j -0.0884167-0j 1.21651e-05-0j -7.33931e-05-0j 0.00025995-0j 9.32014e-05-0j -5.59872e-06-0j 7.10978e-06-0j 
-0.0118024-0j -0.00843259-0j 0.0565984-0j 5.02844e-05-0j 5.08055e-05-0j 0.081767-0j 0.0826143-0j 0.0101558-0j 0.0102611-0j -7.04801e-05-0j 4.37233e-05-0j 0.00112304-0j 2.55053e-05-0j 0.00139139-0j -0.000696695-0j 0.63207-0j -0.00086317-0j -0.000406405-0j -0.00238908-0j -0.000503516-0j -0.392113-0j -0.228733-0j 0.0014821-0j 0.000864556-0j 2.7198e-05-0j -6.32936e-05-0j -0.000419616-0j 1.94312e-05-0j 2.77646e-05-0j -0.000344797-0j 1.14523e-05-0j 0.00231423-0j 0.000976507-0j -0.000299788-0j 0.00828392-0j 0.000802393-0j -0.000428358-0j -0.0696378-0j -0.000246335-0j -0.00538555-0j -0.000176689-0j 0.000111278-0j -0.00035198-0j -0.0192779-0j 0.00165337-0j 0.00591832-0j 0.00236244-0j -0.000145185-0j 0.162057-0j 0.0084565-0j -0.0497516-0j -0.00025896-0j 0.000974459-0j 7.95008e-05-0j -0.0710886-0j 0.00348813-0j -0.0293225-0j 0.000113596-0j 4.6856e-05-0j 
0.000748373-0j -0.00146283-0j 1.09157e-06-0j -0.000299943-0j -0.000299224-0j 0.0102561-0j 0.0102315-0j -4.41858e-06-0j -4.40799e-06-0j 0.0002142-0j -3.71228e-06-0j 3.56999e-05-0j -0.000302632-0j 0.40473-0j -6.18713e-07-0j -0.00086317-0j -0.00701435-0j -5.04387e-05-0j 2.62955e-07-0j -0.571824-0j 1.49595e-05-0j 0.00121953-0j -4.55725e-09-0j -3.71516e-07-0j 0.000164879-0j 2.738e-06-0j 2.66072e-05-0j -0.000349607-0j 0.000160899-0j -0.00420217-0j -0.000204325-0j 3.13569e-06-0j 4.41843e-07-0j -5.64175e-05-0j 0.0502744-0j -6.97818e-05-0j 2.5965e-05-0j -6.19038e-05-0j 0.00891021-0j 5.20717e-08-0j -3.29728e-05-0j 1.46075e-08-0j -0.00410074-0j 0.000834864-0j -6.64887e-06-0j -0.106601-0j 3.06001e-06-0j 0.00520751-0j -1.02798e-06-0j 0.049061-0j 0.00013126-0j 2.42575e-10-0j -3.88589e-06-0j -3.09736e-08-0j -6.04096e-05-0j -0.0623022-0j 7.67138e-05-0j 1.4255e-08-0j -1.81023e-08-0j 
0.0337212-0j 0.000990626-0j -0.0136701-0j 0.0423197-0j 0.0391585-0j 0.00242814-0j 0.00224676-0j 0.000615589-0j 0.000569607-0j -0.000204042-0j 0.000494197-0j -0.23444-0j -0.000570276-0j -2.0825e-05-0j 0.567822-0j 0.000406405-0j 5.04387e-05-0j -0.655235-0j 4.81458e-05-0j -5.82036e-05-0j -0.000984327-0j 0.00113586-0j -0.000116611-0j 0.000134562-0j -0.00015706-0j 0.00035865-0j 0.00119891-0j -0.000112209-0j -0.000146834-0j 0.00301602-0j -7.6952e-05-0j -0.0416193-0j -0.00273772-0j 0.00085654-0j 0.000122363-0j -0.00688713-0j 0.00112085-0j 4.38715e-05-0j 0.00215475-0j 0.0950383-0j 0.000587407-0j 3.3467e-06-0j 0.00281965-0j -0.000279418-0j -0.0297343-0j 8.74203e-05-0j -0.0389095-0j 0.00147771-0j -0.000100181-0j 0.000114396-0j 3.13433e-05-0j -7.64223e-06-0j -0.0203915-0j 2.391e-06-0j 4.10152e-05-0j 5.99519e-05-0j 2.14949e-05-0j 3.1288e-06-0j 1.63972e-06-0j 
0.0013982-0j -5.16448e-06-0j -0.0205829-0j -2.96304e-06-0j -2.99374e-06-0j 0.000100679-0j 0.000101722-0j 0.114419-0j 0.115605-0j 4.15308e-06-0j -2.57642e-06-0j -0.000133044-0j -1.50291e-06-0j 4.23872e-07-0j 8.25357e-05-0j 0.00238908-0j -2.62955e-07-0j 4.81458e-05-0j 0.61177-0j -1.5339e-07-0j -0.0014821-0j -0.000864556-0j -0.37952-0j -0.221387-0j -1.60266e-06-0j 3.72961e-06-0j 4.97109e-05-0j -1.14499e-06-0j -1.63605e-06-0j -2.11169e-07-0j -6.74834e-07-0j -0.000841608-0j -0.000115684-0j 3.55152e-05-0j 5.07359e-06-0j 4.9142e-07-0j 5.07465e-05-0j 0.00815435-0j -1.50866e-07-0j 0.00195854-0j 2.09319e-05-0j -0.0889492-0j -2.15568e-07-0j -1.1807e-05-0j -0.000601274-0j 3.62475e-06-0j -0.000859141-0j -8.89172e-08-0j -0.0189764-0j 5.17929e-06-0j 0.00582575-0j 0.206998-0j -0.000354378-0j -0.0635484-0j 0.00832424-0j 2.13635e-06-0j 0.00343357-0j -0.0908023-0j -0.037454-0j 
-0.000436551-0j -0.11734-0j 8.75598e-05-0j -0.000177819-0j -0.000164537-0j 0.00608028-0j 0.0056261-0j -2.61953e-06-0j -2.42386e-06-0j -0.00012495-0j 0.000302632-0j -2.0825e-05-0j -0.000349221-0j -0.236093-0j 5.04387e-05-0j 0.000503516-0j 0.571824-0j -5.82036e-05-0j -1.5339e-07-0j -0.659854-0j -0.00121953-0j 0.00140727-0j 3.71516e-07-0j -4.2871e-07-0j -9.61794e-05-0j 0.000219627-0j -1.55209e-05-0j -6.87139e-05-0j -8.99174e-05-0j 0.00245126-0j -4.71233e-05-0j -1.82915e-06-0j 3.54422e-05-0j -1.10887e-05-0j -0.0293267-0j -0.0055975-0j -1.45104e-05-0j 3.61105e-05-0j 0.00175127-0j 4.1769e-06-0j -7.60449e-06-0j -8.52107e-09-0j 0.00229167-0j 0.0669681-0j -1.30681e-06-0j -0.020952-0j -1.71006e-06-0j 0.001201-0j -8.2459e-05-0j -0.0274173-0j 2.57986e-05-0j 1.9458e-08-0j -8.96198e-07-0j -6.08775e-09-0j 3.37595e-05-0j -0.0143687-0j 1.76924e-05-0j -7.96628e-09-0j -4.17491e-09-0j 
0.0146047-0j 0.000148527-0j -0.000996894-0j 6.12257e-05-0j 6.10789e-05-0j 0.0995584-0j 0.0993197-0j 0.0123656-0j 0.0123359-0j -4.37233e-05-0j 7.57765e-07-0j 0.000696695-0j 6.17746e-05-0j 0.00086317-0j -1.20744e-05-0j 0.392113-0j -1.49595e-05-0j -0.000984327-0j -0.0014821-0j -0.00121953-0j -0.00679569-0j -0.553999-0j 2.56861e-05-0j 0.00209398-0j -3.36558e-05-0j -5.58893e-07-0j 0.000519248-0j 7.13632e-05-0j -3.28435e-05-0j 0.000426665-0j 4.17077e-05-0j -0.00286372-0j 8.62271e-06-0j -0.00110101-0j -0.0102508-0j 7.08525e-06-0j 0.000506716-0j 0.0861723-0j -0.000904693-0j -4.75552e-05-0j -0.000643475-0j -0.000137699-0j 0.000416366-0j -0.000170227-0j 0.00607217-0j 0.0217357-0j -0.00279459-0j -0.000528741-0j 0.00143099-0j -0.0100034-0j -0.182718-0j -2.28665e-06-0j 0.00354884-0j 0.000291975-0j 0.0840924-0j 0.0127033-0j -0.106788-0j -0.000134376-0j 0.000170643-0j 
-0.00851942-0j 0.011914-0j -0.0799652-0j 3.62972e-05-0j 3.35859e-05-0j 0.0590225-0j 0.0546137-0j 0.00733085-0j 0.00678326-0j 2.55053e-05-0j -6.17746e-05-0j -0.000406405-0j 7.12845e-05-0j -0.000503516-0j 0.000984327-0j -0.228733-0j 0.00121953-0j -0.00113586-0j 0.000864556-0j -0.00140727-0j 0.553999-0j -0.639284-0j -0.00209398-0j 0.00241634-0j 1.96325e-05-0j -4.48312e-05-0j -0.000302895-0j 1.40262e-05-0j 1.83543e-05-0j -0.000248888-0j 9.619e-06-0j 0.0016705-0j 0.000691665-0j -0.000216399-0j 0.00597965-0j 0.000568339-0j -0.000283174-0j -0.0502672-0j -0.000177814-0j -0.00381461-0j -0.000148404-0j 8.03247e-05-0j -0.000232683-0j -0.0136546-0j 0.00119346-0j 0.00427207-0j 0.00156174-0j -0.000121943-0j 0.114786-0j 0.00559033-0j -0.0359126-0j -0.000183423-0j 0.000818465-0j 5.73867e-05-0j -0.0469944-0j 0.00292974-0j -0.0246285-0j 7.50949e-05-0j 3.93552e-05-0j 
-0.00173018-0j 9.09644e-08-0j 0.000362537-0j -3.60776e-06-0j -3.59911e-06-0j 0.000122585-0j 0.000122292-0j 0.139315-0j 0.138981-0j 2.57642e-06-0j -4.46517e-08-0j -8.25357e-05-0j -3.6401e-06-0j 2.62955e-07-0j 1.43042e-06-0j 0.0014821-0j -4.55725e-09-0j 0.000116611-0j 0.37952-0j -3.71516e-07-0j -2.56861e-05-0j -0.00209398-0j -0.00657743-0j -0.536206-0j 1.98319e-06-0j 3.29331e-08-0j -6.1514e-05-0j -4.20511e-06-0j 1.93532e-06-0j 2.61308e-07-0j -2.45765e-06-0j 0.00104144-0j -1.02151e-06-0j 0.000130433-0j -6.27825e-06-0j 4.33931e-09-0j -6.00293e-05-0j -0.0100905-0j -5.54072e-07-0j 1.72942e-05-0j 7.62308e-05-0j 0.110069-0j 2.55001e-07-0j -1.04257e-07-0j -0.00220824-0j 1.33123e-05-0j 0.0010163-0j -3.23824e-07-0j -0.000167564-0j -6.12672e-06-0j 0.0213957-0j 0.00182782-0j -0.00129059-0j -0.233388-0j -0.00984695-0j 7.78028e-06-0j 0.0125046-0j 0.107412-0j -0.136402-0j 
0.00100927-0j 7.29665e-06-0j 0.0290807-0j -2.13883e-06-0j -1.97907e-06-0j 7.26739e-05-0j 6.72454e-05-0j 0.0825919-0j 0.0764226-0j -1.50291e-06-0j 3.6401e-06-0j 4.81458e-05-0j -4.20048e-06-0j -1.5339e-07-0j -0.000116611-0j -0.000864556-0j 3.71516e-07-0j 0.000134562-0j -0.221387-0j -4.2871e-07-0j 0.00209398-0j -0.00241634-0j 0.536206-0j -0.618752-0j -1.15686e-06-0j 2.6417e-06-0j 3.58832e-05-0j -8.265e-07-0j -1.08154e-06-0j -1.5243e-07-0j -5.66805e-07-0j -0.000607505-0j -8.19398e-05-0j 2.56362e-05-0j 3.66231e-06-0j 3.48075e-07-0j 3.35469e-05-0j 0.00588612-0j -1.08901e-07-0j 0.00138725-0j 1.7581e-05-0j -0.0642069-0j -1.42505e-07-0j -8.36295e-06-0j -0.000434022-0j 2.61648e-06-0j -0.000567951-0j -7.46831e-08-0j -0.0134411-0j 3.42387e-06-0j 0.00420525-0j 0.146617-0j -0.000297648-0j -0.0458716-0j 0.00550289-0j 1.79436e-06-0j 0.00288392-0j -0.0600265-0j -0.0314583-0j 
0.00456118-0j 0.00323826-0j 0.000467402-0j 0.0018579-0j 0.00187715-0j 0.000328433-0j 0.000331836-0j 2.73694e-05-0j 2.7653e-05-0j 0.0013055-0j 0.00161548-0j 0.000217584-0j 0.000942362-0j 0.000133242-0j 0.000269246-0j 2.7198e-05-0j 0.000164879-0j 0.00015706-0j 1.60266e-06-0j 9.61794e-05-0j 3.36558e-05-0j 1.96325e-05-0j 1.98319e-06-0j 1.15686e-06-0j 0.748093-0j -0.289181-0j -0.000489432-0j -0.177086-0j -0.253033-0j -0.000399619-0j -0.104371-0j -5.76801e-05-0j 0.000189193-0j 0.000115857-0j -4.99524e-05-0j 0.000154476-0j 0.000165544-0j -5.88695e-06-0j 9.45967e-05-0j 2.22967e-05-0j 6.82835e-05-0j -2.68701e-07-0j 0.000135166-0j 1.93095e-05-0j 1.36539e-05-0j 1.18246e-05-0j 1.95096e-05-0j 5.57533e-05-0j 2.27564e-06-0j 1.68958e-05-0j 1.39354e-06-0j 1.03868e-07-0j 8.04729e-06-0j 6.36062e-08-0j 1.99119e-06-0j 6.96916e-06-0j 8.21323e-07-0j 9.08849e-08-0j 3.74881e-08-0j 
-0.00532138-0j -5.37749e-05-0j -7.76174e-06-0j -0.00216755-0j 0.00212766-0j -0.000383172-0j 0.000376122-0j -3.1931e-05-0j 3.13435e-05-0j 0.0030381-0j -2.68268e-05-0j 0.000506349-0j 0.0021519-0j 0.000310074-0j -4.47114e-06-0j 6.32936e-05-0j -2.738e-06-0j 0.00035865-0j 3.72961e-06-0j 0.000219627-0j -5.58893e-07-0j 4.48312e-05-0j -3.29331e-08-0j 2.6417e-06-0j 0.289181-0j -0.00957888-0j -0.000189193-0j 0.206601-0j -0.286802-0j -0.000154476-0j -0.358365-0j -2.22967e-05-0j 6.26688e-06-0j -0.000135166-0j -1.93095e-05-0j 5.11688e-06-0j 0.000187637-0j -2.27564e-06-0j -0.000110363-0j 7.38559e-07-0j 0.000234457-0j -1.03868e-07-0j 0.000153205-0j 6.3961e-07-0j -1.59295e-05-0j -1.37954e-05-0j 2.21132e-05-0j 0.000191433-0j 7.53788e-08-0j 1.91506e-05-0j -1.6258e-06-0j 3.44056e-09-0j 2.7631e-05-0j -7.42072e-08-0j 2.25692e-06-0j 2.39291e-05-0j 2.82007e-06-0j 1.03014e-07-0j 1.28718e-07-0j 
0.0348174-0j -0.000522571-0j 0.00721117-0j -0.000299817-0j -0.000302924-0j 0.00250707-0j 0.00253305-0j 0.0006356-0j 0.000642186-0j 0.0412684-0j 0.051067-0j 0.00166091-0j 0.0297891-0j -2.15019e-05-0j 0.00205527-0j 0.000419616-0j -2.66072e-05-0j 0.00119891-0j 4.97109e-05-0j -1.55209e-05-0j 0.000519248-0j 0.000302895-0j 6.1514e-05-0j 3.58832e-05-0j 0.000489432-0j -0.000189193-0j 0.731839-0j -0.000115857-0j -0.000165544-0j 6.44883e-05-0j -6.82835e-05-0j -0.0008899-0j -0.282898-0j -0.173239-0j -0.000381307-0j -2.49284e-05-0j -0.247536-0j -0.000136713-0j -1.52655e-05-0j 0.000343997-0j -0.102103-0j -1.0429e-05-0j -2.18124e-05-0j 0.000147397-0j 0.000210655-0j 9.0262e-05-0j 0.000300998-0j -8.99714e-06-0j 5.28472e-05-0j 0.000128973-0j 3.23622e-05-0j 4.0314e-06-0j 0.000124155-0j 2.46872e-06-0j 4.62413e-05-0j 5.31985e-05-0j 1.90736e-05-0j 3.52748e-06-0j 1.45501e-06-0j 
-0.00325867-0j -0.00231352-0j -0.000333928-0j 0.00393945-0j -0.0013411-0j 0.000696404-0j -0.000237075-0j 5.80336e-05-0j -1.97563e-05-0j -0.000932697-0j 0.00342543-0j -0.000155449-0j -0.000673256-0j -9.51929e-05-0j 0.000570905-0j -1.94312e-05-0j 0.000349607-0j -0.000112209-0j -1.14499e-06-0j -6.87139e-05-0j 7.13632e-05-0j -1.40262e-05-0j 4.20511e-06-0j -8.265e-07-0j 0.177086-0j 0.206601-0j -0.000115857-0j 0.118464-0j -0.536527-0j -9.45967e-05-0j 0.0745662-0j -1.36539e-05-0j -0.000135166-0j -7.75037e-05-0j -1.18246e-05-0j -0.000110363-0j 0.000351017-0j -1.39354e-06-0j -6.32815e-05-0j -1.59295e-05-0j -4.87841e-05-0j -6.36062e-08-0j 0.000286604-0j -1.37954e-05-0j -9.1339e-06-0j -7.91019e-06-0j 4.13678e-05-0j -3.9832e-05-0j -1.6258e-06-0j 3.58255e-05-0j -9.32224e-07-0j -7.42072e-08-0j -5.74926e-06-0j -4.255e-08-0j 4.22208e-06-0j -4.97901e-06-0j -5.86782e-07-0j 1.92711e-07-0j -2.67828e-08-0j 
0.00465621-0j -0.00321161-0j -0.000463556-0j -0.00186618-0j -0.00191548-0j -0.000329897-0j -0.000338612-0j -2.74914e-05-0j -2.82177e-05-0j 0.0013327-0j 0.00157649-0j 0.000222117-0j 0.000881007-0j 0.000136018-0j 0.000262748-0j 2.77646e-05-0j 0.000160899-0j 0.000146834-0j 1.63605e-06-0j 8.99174e-05-0j 3.28435e-05-0j 1.83543e-05-0j 1.93532e-06-0j 1.08154e-06-0j -0.253033-0j 0.286802-0j 0.000165544-0j 0.536527-0j -0.254058-0j 0.000135166-0j -0.508721-0j 1.95096e-05-0j -0.000187637-0j -0.000351017-0j 1.68958e-05-0j -0.000153205-0j 0.000166215-0j 1.99119e-06-0j -0.000286604-0j -2.21132e-05-0j 0.000332825-0j 9.08849e-08-0j 0.000135714-0j -1.91506e-05-0j -4.13678e-05-0j -3.58255e-05-0j 1.95886e-05-0j 0.00027175-0j -2.25692e-06-0j 1.69642e-05-0j -4.22208e-06-0j -1.03014e-07-0j 3.92238e-05-0j -1.92711e-07-0j 1.99925e-06-0j 3.39688e-05-0j 4.00326e-06-0j 9.1253e-08-0j 1.82723e-07-0j 
-0.000600989-0j 0.0410524-0j -6.15856e-05-0j 0.0356771-0j 0.0360468-0j 0.00416364-0j 0.00420679-0j -3.60624e-06-0j -3.64361e-06-0j -0.000172015-0j -0.000212858-0j 0.00417825-0j -0.000124167-0j 0.00339586-0j 0.00517032-0j 0.000344797-0j 0.00420217-0j 0.00301602-0j -2.11169e-07-0j 0.00245126-0j 0.000426665-0j 0.000248888-0j -2.61308e-07-0j -1.5243e-07-0j 0.000399619-0j -0.000154476-0j 6.44883e-05-0j -9.45967e-05-0j -0.000135166-0j 0.738333-0j -5.57533e-05-0j -0.00110763-0j -2.49284e-05-0j -1.52655e-05-0j -0.00127311-0j -0.285408-0j -2.18124e-05-0j -7.46306e-05-0j -0.174776-0j 0.000428161-0j -8.99714e-06-0j 3.54045e-08-0j -0.249732-0j 0.000492128-0j 0.000262194-0j 0.000301366-0j 0.000374641-0j -0.103009-0j 2.8849e-05-0j 0.000430612-0j 1.76663e-05-0j -1.36859e-08-0j 0.000154532-0j -8.38085e-09-0j 2.52429e-05-0j 0.000177619-0j 1.04122e-05-0j -1.19751e-08-0j -4.93949e-09-0j 
-0.00192059-0j 0.00401299-0j 0.000579224-0j -0.000782309-0j -0.00377399-0j -0.000138294-0j -0.000667154-0j -1.15245e-05-0j -5.55961e-05-0j -0.000549711-0j 0.00200197-0j -9.16185e-05-0j -0.000461712-0j -5.61047e-05-0j 0.000333662-0j -1.14523e-05-0j 0.000204325-0j -7.6952e-05-0j -6.74834e-07-0j -4.71233e-05-0j 4.17077e-05-0j -9.619e-06-0j 2.45765e-06-0j -5.66805e-07-0j 0.104371-0j -0.358365-0j -6.82835e-05-0j 0.0745662-0j 0.508721-0j -5.57533e-05-0j -0.619821-0j -8.04729e-06-0j 0.000234457-0j -4.87841e-05-0j -6.96916e-06-0j 0.000191433-0j -0.000332825-0j -8.21323e-07-0j -3.9832e-05-0j 2.7631e-05-0j 0.000405511-0j -3.74881e-08-0j -0.00027175-0j 2.39291e-05-0j -5.74926e-06-0j -4.97901e-06-0j -3.92238e-05-0j 0.000331099-0j 2.82007e-06-0j -3.39688e-05-0j -5.86782e-07-0j 1.28718e-07-0j 4.779e-05-0j -2.67828e-08-0j -4.00326e-06-0j 4.13873e-05-0j 4.87754e-06-0j -1.82723e-07-0j 2.22628e-07-0j 
-0.00829328-0j 6.15856e-05-0j 0.0397705-0j -0.00514954-0j -0.00520291-0j -0.000597167-0j -0.000603355-0j 0.00713627-0j 0.00721022-0j 2.48282e-05-0j 3.07234e-05-0j 0.0576574-0j 1.7922e-05-0j 2.53402e-06-0j 0.0713474-0j 0.00231423-0j 3.13569e-06-0j 0.0416193-0j 0.000841608-0j 1.82915e-06-0j 0.00286372-0j 0.0016705-0j 0.00104144-0j 0.000607505-0j -5.76801e-05-0j 2.22967e-05-0j 0.0008899-0j 1.36539e-05-0j 1.95096e-05-0j 0.00110763-0j 8.04729e-06-0j 0.715278-0j -0.000343997-0j -0.000210655-0j 9.0825e-05-0j -0.000428161-0j -0.000300998-0j -0.00153496-0j -0.000262194-0j -0.276496-0j -0.000124155-0j -0.000235992-0j -0.000374641-0j -3.51091e-05-0j -0.169319-0j -2.14998e-05-0j -0.241934-0j -0.000154532-0j 0.000593348-0j -3.07205e-05-0j 0.00036335-0j 9.12246e-05-0j -0.0997927-0j 5.58634e-05-0j 0.00051918-0j -1.26715e-05-0j 0.000214151-0j 7.98215e-05-0j 3.29247e-05-0j 
-0.0406203-0j 8.67789e-06-0j -0.00011975-0j 0.000349786-0j -0.00034335-0j -0.00292491-0j 0.00287109-0j -0.000741533-0j 0.000727889-0j 0.0960374-0j -0.000848025-0j 0.00386517-0j 0.0680238-0j -5.0038e-05-0j -3.41301e-05-0j 0.000976507-0j 4.41843e-07-0j 0.00273772-0j 0.000115684-0j -3.54422e-05-0j -8.62271e-06-0j 0.000691665-0j -1.02151e-06-0j 8.19398e-05-0j 0.000189193-0j -6.26688e-06-0j 0.282898-0j 0.000135166-0j -0.000187637-0j 2.49284e-05-0j -0.000234457-0j -0.000343997-0j -0.00937076-0j 0.202112-0j -0.000147397-0j -8.25734e-07-0j -0.28057-0j -5.28472e-05-0j 1.78097e-05-0j 1.13946e-05-0j -0.350579-0j -4.0314e-06-0j -2.47233e-05-0j 4.88241e-06-0j -0.000245764-0j -0.000105306-0j 0.000341167-0j -3.08924e-05-0j 1.75052e-06-0j 0.000146185-0j -3.77559e-05-0j 1.33537e-07-0j 0.000426296-0j -2.88017e-06-0j 5.24124e-05-0j 0.000182661-0j 6.54906e-05-0j 3.99823e-06-0j 4.99588e-06-0j 
-0.0248747-0j 0.000373343-0j -0.00515191-0j -0.000635727-0j 0.000216419-0j 0.00531594-0j -0.0018097-0j 0.00134771-0j -0.0004588-0j -0.0294835-0j 0.108282-0j -0.00118661-0j -0.0212823-0j 1.53617e-05-0j 0.00435796-0j -0.000299788-0j -5.64175e-05-0j -0.00085654-0j -3.55152e-05-0j 1.10887e-05-0j 0.00110101-0j -0.000216399-0j 0.000130433-0j -2.56362e-05-0j 0.000115857-0j 0.000135166-0j 0.173239-0j 7.75037e-05-0j -0.000351017-0j 1.52655e-05-0j 4.87841e-05-0j -0.000210655-0j 0.202112-0j 0.11589-0j -9.0262e-05-0j 1.78097e-05-0j -0.52487-0j -3.23622e-05-0j 1.0212e-05-0j -0.000245764-0j 0.0729461-0j -2.46872e-06-0j -4.62506e-05-0j -0.000105306-0j -0.00014092-0j -6.03817e-05-0j 0.00063823-0j 6.42787e-06-0j -3.77559e-05-0j 0.000273471-0j -2.1649e-05-0j -2.88017e-06-0j -8.87008e-05-0j -1.65148e-06-0j 9.80493e-05-0j -3.80068e-05-0j -1.36268e-05-0j 7.4796e-06-0j -1.03951e-06-0j 
-0.00355354-0j -0.0103164-0j -0.000735987-0j 3.05999e-05-0j 3.0917e-05-0j 0.0494936-0j 0.0500065-0j -6.48706e-05-0j -6.55429e-05-0j 2.15019e-05-0j 2.66072e-05-0j -0.000169516-0j 1.55209e-05-0j 0.0406279-0j -0.000209765-0j 0.00828392-0j 0.0502744-0j -0.000122363-0j -5.07359e-06-0j 0.0293267-0j 0.0102508-0j 0.00597965-0j -6.27825e-06-0j -3.66231e-06-0j -4.99524e-05-0j 1.93095e-05-0j 0.000381307-0j 1.18246e-05-0j 1.68958e-05-0j 0.00127311-0j 6.96916e-06-0j 9.0825e-05-0j -0.000147397-0j -9.0262e-05-0j 0.720481-0j -0.000492128-0j -0.000128973-0j -0.00269893-0j -0.000301366-0j -3.51091e-05-0j -5.31985e-05-0j 1.0644e-06-0j -0.000430612-0j -0.278507-0j -2.14998e-05-0j -0.17055-0j -3.07205e-05-0j -0.000177619-0j 0.00104329-0j -0.243694-0j 0.000638883-0j -4.11453e-07-0j -1.26715e-05-0j -2.51963e-07-0j 0.000912881-0j -0.100519-0j 0.000376544-0j -3.60021e-07-0j -1.48501e-07-0j 
0.000701153-0j -0.000681721-0j 1.0227e-06-0j -0.0416233-0j 0.0408574-0j -0.00485759-0j 0.00476821-0j 4.20728e-06-0j -4.12986e-06-0j -0.000400304-0j 3.53475e-06-0j 0.00972339-0j -0.000283537-0j 0.00790267-0j -8.5859e-05-0j 0.000802393-0j -6.97818e-05-0j 0.00688713-0j -4.9142e-07-0j 0.0055975-0j -7.08525e-06-0j 0.000568339-0j 4.33931e-09-0j -3.48075e-07-0j 0.000154476-0j -5.11688e-06-0j 2.49284e-05-0j 0.000110363-0j -0.000153205-0j 0.285408-0j -0.000191433-0j -0.000428161-0j -8.25734e-07-0j 1.78097e-05-0j -0.000492128-0j -0.00945391-0j -2.47233e-05-0j -2.8849e-05-0j 0.203905-0j 1.41825e-05-0j -3.08924e-05-0j 1.36859e-08-0j -0.28306-0j 1.63013e-05-0j -0.000305893-0j -0.000351594-0j 0.000424639-0j -0.35369-0j 9.556e-07-0j 0.000488079-0j -2.06107e-05-0j -4.53333e-10-0j 0.000530596-0j 9.77766e-09-0j 2.86117e-05-0j 0.000609867-0j 3.57509e-05-0j -1.35733e-08-0j -1.69601e-08-0j 
0.0355428-0j 0.000518272-0j -0.00715184-0j 0.000301153-0j 0.000309109-0j -0.00251824-0j -0.00258477-0j -0.000638433-0j -0.0006553-0j 0.0421281-0j 0.0498344-0j 0.00169551-0j 0.0278496-0j -2.19499e-05-0j 0.00200566-0j 0.000428358-0j -2.5965e-05-0j 0.00112085-0j 5.07465e-05-0j -1.45104e-05-0j 0.000506716-0j 0.000283174-0j 6.00293e-05-0j 3.35469e-05-0j -0.000165544-0j 0.000187637-0j -0.247536-0j 0.000351017-0j -0.000166215-0j -2.18124e-05-0j -0.000332825-0j 0.000300998-0j 0.28057-0j 0.52487-0j 0.000128973-0j 2.47233e-05-0j -0.248538-0j 4.62413e-05-0j 4.62506e-05-0j -0.000341167-0j -0.497668-0j 3.52748e-06-0j -2.19007e-05-0j -0.000146185-0j -0.00063823-0j -0.000273471-0j 0.000302217-0j -4.38535e-05-0j -5.24124e-05-0j 0.000129495-0j -9.80493e-05-0j -3.99823e-06-0j 0.000605153-0j -7.4796e-06-0j 4.64287e-05-0j 0.000259298-0j 9.29677e-05-0j 3.54177e-06-0j 7.09195e-06-0j 
0.00127407-0j 0.000604758-0j -0.0124383-0j -3.60624e-06-0j -3.64361e-06-0j -0.00882676-0j -0.00891823-0j 0.0337139-0j 0.0340633-0j -2.53402e-06-0j -3.13569e-06-0j 6.07775e-05-0j -1.82915e-06-0j 5.00258e-05-0j 7.52084e-05-0j 0.0696378-0j 6.19038e-05-0j 4.38715e-05-0j 0.00815435-0j 3.61105e-05-0j 0.0861723-0j 0.0502672-0j 0.0100905-0j 0.00588612-0j 5.88695e-06-0j -2.27564e-06-0j -0.000136713-0j -1.39354e-06-0j -1.99119e-06-0j -7.46306e-05-0j -8.21323e-07-0j 0.00153496-0j 5.28472e-05-0j 3.23622e-05-0j 0.00269893-0j 2.8849e-05-0j 4.62413e-05-0j 0.697705-0j 1.76663e-05-0j -0.000593348-0j 1.90736e-05-0j -0.00345402-0j 2.52429e-05-0j -0.00104329-0j -0.00036335-0j -0.000638883-0j -0.00051918-0j 1.04122e-05-0j -0.269703-0j -0.000912881-0j -0.165159-0j 0.00133518-0j -0.000214151-0j 0.000817626-0j -0.23599-0j -0.000376544-0j -0.0973409-0j 0.00116828-0j 0.000481891-0j 
0.000429367-0j -0.0293292-0j 4.39989e-05-0j 0.0756491-0j -0.0257531-0j 0.00882852-0j -0.00300548-0j -7.6466e-06-0j 2.60312e-06-0j 0.000122894-0j -0.00045134-0j -0.00298509-0j 8.87093e-05-0j -0.00242612-0j 0.0109631-0j -0.000246335-0j 0.00891021-0j -0.00215475-0j 1.50866e-07-0j -0.00175127-0j 0.000904693-0j -0.000177814-0j -5.54072e-07-0j 1.08901e-07-0j 9.45967e-05-0j 0.000110363-0j 1.52655e-05-0j 6.32815e-05-0j -0.000286604-0j 0.174776-0j 3.9832e-05-0j -0.000262194-0j 1.78097e-05-0j 1.0212e-05-0j -0.000301366-0j 0.203905-0j -4.62506e-05-0j -1.76663e-05-0j 0.116918-0j -0.000305893-0j 6.42787e-06-0j 8.38085e-09-0j -0.529528-0j -0.000351594-0j -0.000175398-0j -0.000201602-0j 0.000794383-0j 0.0735934-0j -2.06107e-05-0j 0.000913063-0j -1.18181e-05-0j 9.77766e-09-0j -0.000110403-0j 5.60646e-09-0j 5.35246e-05-0j -0.000126897-0j -7.43881e-06-0j -2.53919e-08-0j 3.52894e-09-0j 
0.0096755-0j -1.0227e-06-0j -0.000660433-0j 0.0060078-0j -0.00589726-0j 0.000696695-0j -0.000683876-0j -0.00832564-0j 0.00817245-0j 5.77789e-05-0j -5.10197e-07-0j 0.134177-0j 4.09251e-05-0j 5.89704e-06-0j -0.0011848-0j 0.00538555-0j -5.20717e-08-0j 0.0950383-0j 0.00195854-0j 4.1769e-06-0j -4.75552e-05-0j 0.00381461-0j -1.72942e-05-0j 0.00138725-0j -2.22967e-05-0j 7.38559e-07-0j 0.000343997-0j -1.59295e-05-0j 2.21132e-05-0j 0.000428161-0j 2.7631e-05-0j 0.276496-0j -1.13946e-05-0j 0.000245764-0j 3.51091e-05-0j -1.41825e-05-0j -0.000341167-0j -0.000593348-0j 0.000305893-0j -0.0091587-0j -0.000426296-0j -9.12246e-05-0j -0.000424639-0j -1.16296e-06-0j 0.197538-0j 2.50831e-05-0j -0.274221-0j -0.000530596-0j 1.96542e-05-0j -3.48202e-05-0j -0.000423908-0j 3.02174e-06-0j -0.342646-0j -6.5174e-05-0j 0.000588467-0j -4.35087e-05-0j 0.000735303-0j 9.04741e-05-0j 0.000113049-0j 
-0.0146606-0j -0.000647593-0j 0.00893639-0j 0.000126245-0j 0.000609025-0j -0.00105566-0j -0.00509266-0j -0.000267633-0j -0.00129111-0j -0.017377-0j 0.0632844-0j -0.000699362-0j -0.0145952-0j 9.05385e-06-0j 0.00254698-0j -0.000176689-0j -3.29728e-05-0j -0.000587407-0j -2.09319e-05-0j 7.60449e-06-0j 0.000643475-0j -0.000148404-0j 7.62308e-05-0j -1.7581e-05-0j 6.82835e-05-0j -0.000234457-0j 0.102103-0j 4.87841e-05-0j 0.000332825-0j 8.99714e-06-0j -0.000405511-0j -0.000124155-0j -0.350579-0j 0.0729461-0j -5.31985e-05-0j -3.08924e-05-0j 0.497668-0j -1.90736e-05-0j 6.42787e-06-0j 0.000426296-0j -0.606355-0j -1.45501e-06-0j 4.38535e-05-0j 0.000182661-0j -8.87008e-05-0j -3.80068e-05-0j -0.000605153-0j -5.34308e-05-0j 6.54906e-05-0j -0.000259298-0j -1.36268e-05-0j 4.99588e-06-0j 0.000737314-0j -1.03951e-06-0j -9.29677e-05-0j 0.000315927-0j 0.000113271-0j -7.09195e-06-0j 8.64078e-06-0j 
-9.71913e-05-0j 2.86895e-07-0j 0.00191233-0j 1.64601e-07-0j 1.66307e-07-0j -6.99837e-06-0j -7.07089e-06-0j -0.0160583-0j -0.0162247-0j 1.15662e-07-0j 1.43124e-07-0j -4.63635e-06-0j 8.34891e-08-0j 1.18047e-08-0j -5.7372e-06-0j 0.000111278-0j 1.46075e-08-0j -3.3467e-06-0j 0.0889492-0j 8.52107e-09-0j 0.000137699-0j 8.03247e-05-0j 0.110069-0j 0.0642069-0j -2.68701e-07-0j 1.03868e-07-0j 1.0429e-05-0j 6.36062e-08-0j 9.08849e-08-0j -3.54045e-08-0j 3.74881e-08-0j -0.000235992-0j -4.0314e-06-0j -2.46872e-06-0j 1.0644e-06-0j 1.36859e-08-0j -3.52748e-06-0j 0.00345402-0j 8.38085e-09-0j 9.12246e-05-0j -1.45501e-06-0j 0.674972-0j 1.19751e-08-0j -4.11453e-07-0j 5.58634e-05-0j -2.51963e-07-0j 7.98215e-05-0j 4.93949e-09-0j -0.00133518-0j -3.60021e-07-0j -0.000817626-0j -0.260915-0j 3.29247e-05-0j -0.159777-0j -0.00116828-0j -1.48501e-07-0j -0.000481891-0j -0.228301-0j -0.0941694-0j 
-0.000613509-0j -0.0407146-0j 6.10789e-05-0j -0.0358361-0j -0.0367829-0j -0.00418221-0j -0.00429269-0j 3.62231e-06-0j 3.71801e-06-0j -0.000175599-0j -0.00020772-0j 0.0042653-0j -0.000116083-0j 0.00346661-0j 0.00504553-0j 0.00035198-0j 0.00410074-0j 0.00281965-0j -2.15568e-07-0j 0.00229167-0j 0.000416366-0j 0.000232683-0j -2.55001e-07-0j -1.42505e-07-0j -0.000135166-0j 0.000153205-0j -2.18124e-05-0j 0.000286604-0j -0.000135714-0j -0.249732-0j -0.00027175-0j 0.000374641-0j 2.47233e-05-0j 4.62506e-05-0j 0.000430612-0j 0.28306-0j -2.19007e-05-0j 2.52429e-05-0j 0.529528-0j -0.000424639-0j -4.38535e-05-0j -1.19751e-08-0j -0.250744-0j -0.000488079-0j -0.000794383-0j -0.000913063-0j 0.000376159-0j -0.502084-0j -2.86117e-05-0j 0.000432357-0j -5.35246e-05-0j 1.35733e-08-0j 0.000753212-0j 2.53919e-08-0j 2.53452e-05-0j 0.000865742-0j 5.07506e-05-0j -1.20236e-08-0j -2.40759e-08-0j 
0.00414579-0j 0.000171316-0j 1.22219e-05-0j -3.56999e-05-0j 3.50431e-05-0j -0.0577426-0j 0.0566801-0j 7.56824e-05-0j -7.42899e-05-0j 5.0038e-05-0j -4.41843e-07-0j -0.000394488-0j 3.54422e-05-0j 0.0945469-0j 3.48339e-06-0j 0.0192779-0j -0.000834864-0j -0.000279418-0j -1.1807e-05-0j 0.0669681-0j -0.000170227-0j 0.0136546-0j 1.04257e-07-0j -8.36295e-06-0j -1.93095e-05-0j 6.3961e-07-0j 0.000147397-0j -1.37954e-05-0j 1.91506e-05-0j 0.000492128-0j 2.39291e-05-0j 3.51091e-05-0j -4.88241e-06-0j 0.000105306-0j 0.278507-0j -1.63013e-05-0j -0.000146185-0j -0.00104329-0j 0.000351594-0j -1.16296e-06-0j -0.000182661-0j 4.11453e-07-0j -0.000488079-0j -0.00922533-0j 2.50831e-05-0j 0.198975-0j -3.48202e-05-0j -0.000609867-0j 3.45582e-05-0j -0.276216-0j -0.000745364-0j -1.3629e-08-0j -4.35087e-05-0j 2.93956e-07-0j 0.00103471-0j -0.345138-0j 0.00129289-0j -4.08068e-07-0j -5.0989e-07-0j 
0.00592501-0j -4.39989e-05-0j -0.0284134-0j -0.010919-0j 0.00371714-0j -0.00126622-0j 0.000431058-0j 0.0151316-0j -0.00515123-0j -1.77382e-05-0j 6.51454e-05-0j -0.0411924-0j -1.28041e-05-0j -1.81039e-06-0j 0.151284-0j -0.00165337-0j 6.64887e-06-0j -0.0297343-0j -0.000601274-0j -1.30681e-06-0j 0.00607217-0j -0.00119346-0j 0.00220824-0j -0.000434022-0j -1.36539e-05-0j -1.59295e-05-0j 0.000210655-0j -9.1339e-06-0j 4.13678e-05-0j 0.000262194-0j -5.74926e-06-0j 0.169319-0j 0.000245764-0j 0.00014092-0j 2.14998e-05-0j 0.000305893-0j -0.00063823-0j -0.00036335-0j 0.000175398-0j 0.197538-0j 8.87008e-05-0j -5.58634e-05-0j -0.000794383-0j 2.50831e-05-0j 0.113267-0j 1.43825e-05-0j -0.512993-0j 0.000110403-0j -0.000423908-0j -6.51391e-05-0j -0.000243067-0j -6.5174e-05-0j 0.0712953-0j -3.73705e-05-0j 0.00110086-0j 9.05298e-06-0j -0.000152997-0j 0.000169252-0j -2.35225e-05-0j 
