-0.102635-0j -0.103699-0j 0.568533-0j 0.703524-0j 0.410389-0j -0.00736065-0j 0.101251-0j -0.00858742-0j -0.0052587-0j 0.118126-0j -0.00751399-0j 0.0723369-0j 0.10336-0j -0.00309936-0j 0.0426338-0j -0.00535859-0j 0.044665-0j 0.0113241-0j -0.00605318-0j -0.0049424-0j 0.0504545-0j -0.00499362-0j 0.012792-0j -0.0043246-0j 0.0411959-0j 0.0416228-0j 0.0104446-0j -0.00356761-0j 0.0360464-0j 0.0105528-0j -0.00113987-0j 0.00913902-0j 0.0297368-0j 0.0075393-0j 0.00950104-0j 0.00240884-0j -0.00422305-0j 0.0331869-0j -0.000431014-0j -0.00467406-0j 0.0083847-0j 0.000993331-0j -0.00369517-0j 0.0367311-0j -0.00246345-0j -0.00373346-0j -0.000477045-0j 0.00928016-0j -0.00431103-0j 0.0290385-0j 0.00109942-0j 0.019359-0j -0.00152418-0j -0.000377137-0j -0.00251477-0j 0.0293394-0j -0.000251425-0j -0.00266732-0j -0.000381045-0j 0.00733661-0j 0.00489108-0j 0.0338783-0j 0.00741264-0j 0.000869164-0j -0.00155593-0j -0.000439993-0j 0.0119778-0j 0.000579443-0j 0.0197623-0j 0.000878172-0j -0.000405904-0j -0.000155561-0j 0.00855938-0j 0.0209611-0j -0.000256663-0j 0.0030262-0j -0.000272232-0j 0.00101403-0j 0.0122273-0j 0.00499297-0j 0.00529585-0j -0.000158802-0j 0.000358512-0j 0.000591515-0j 0.0031898-0j 0.00308924-0j -4.14274e-05-0j 0.000627396-0j 0.000805905-0j 0.000365981-0j 9.54752e-05-0j 
0.0730959-0j -0.0712943-0j 0.00858742-0j 0.000184111-0j -0.0120753-0j -0.501181-0j 0.000756647-0j -0.0101306-0j -0.358061-0j 1.52945e-05-0j 0.493894-0j 0.000540575-0j -0.000745645-0j 0.618475-0j -0.000933729-0j 0.00381636-0j -0.0644993-0j 5.62202e-05-0j 7.46923e-05-0j 0.00351994-0j -0.00126236-0j -0.00343318-0j 1.10032e-06-0j 5.33627e-05-0j -0.0594897-0j 0.0580234-0j 5.18537e-05-0j -0.00494959-0j -0.000901871-0j -5.05756e-05-0j -0.0031769-0j 7.86108e-07-0j 0.0836518-0j -7.29144e-05-0j 0.053692-0j -4.68002e-05-0j 0.00300763-0j 0.000501272-0j -0.0590018-0j 5.76749e-05-0j -0.00599052-0j 3.69222e-06-0j 0.00263168-0j 9.61249e-06-0j 0.00175445-0j -0.00256681-0j -0.00113143-0j -0.000114875-0j 5.31954e-05-0j 0.000438613-0j 7.08027e-08-0j 0.000292409-0j 0.00108551-0j -0.0516266-0j -0.00348891-0j -0.000427802-0j -0.0344177-0j -0.00183382-0j 0.0503541-0j -0.0052417-0j -0.00349447-0j 8.86589e-06-0j 0.00511251-0j 3.23069e-06-0j -0.00324758-0j -0.00104355-0j 0.000180919-0j 2.15379e-06-0j -0.000581485-0j -3.15106e-06-0j -0.00141536-0j -0.0212949-0j -0.000105953-0j -0.000305637-0j 0.0684433-0j -0.00216209-0j 0.0359747-0j 6.53035e-08-0j -0.000541264-0j 0.00694912-0j 0.00365255-0j 0.063709-0j 1.33259e-06-0j -4.28305e-06-0j -0.000235893-0j 0.00646844-0j 0.0277656-0j -2.25123e-06-0j 0.00281907-0j -3.98678e-06-0j -1.73752e-06-0j 
-0.0105505-0j 0.0102904-0j 0.118126-0j 0.00253257-0j -0.166103-0j -0.000756647-0j -0.485498-0j -1.52945e-05-0j -0.000540575-0j -0.00981361-0j 0.000745645-0j -0.346857-0j 0.478439-0j 0.000933729-0j 0.599122-0j -0.000550844-0j 0.00928016-0j -0.110548-0j -1.07809e-05-0j -0.00050806-0j 0.000181628-0j 0.000495538-0j -0.00216361-0j -7.70225e-06-0j 0.00855938-0j -0.00834841-0j -0.101962-0j 0.000714412-0j 0.000129761-0j 0.099449-0j 0.000458546-0j -0.00154576-0j -0.0120358-0j 0.143375-0j -0.00772522-0j 0.0920253-0j -0.000434114-0j 0.00689533-0j -4.43066e-05-0j -8.32466e-06-0j -0.0402048-0j -0.0146224-0j -0.00037985-0j 0.000132226-0j -0.000253233-0j 0.000370487-0j -8.49632e-07-0j -0.000770974-0j -7.67809e-06-0j 0.00603341-0j -0.000280403-0j 0.00402228-0j -0.00015668-0j -3.87683e-05-0j 0.000503581-0j -0.0058847-0j -2.58455e-05-0j 0.000264689-0j 3.78127e-05-0j -0.0351792-0j -0.0234528-0j 0.000121956-0j 0.0343121-0j -0.0127946-0j 0.000468748-0j -7.83642e-07-0j 0.00248866-0j -0.00852976-0j -0.00799872-0j 0.0124793-0j 0.000204289-0j -1.59911e-05-0j -0.000711094-0j -0.00420423-0j 5.13965e-05-0j -0.0145107-0j 2.70147e-05-0j -0.000258624-0j -0.00744544-0j 0.0466383-0j 0.0245137-0j 4.78414e-05-0j -0.00527752-0j 0.0169623-0j -0.00324487-0j 0.0434123-0j 2.08502e-05-0j 0.00891562-0j 0.0189199-0j 0.015789-0j 0.00688116-0j 
-0.040872-0j 0.0425056-0j 0.0049424-0j -0.0059418-0j 0.00356761-0j 0.00301709-0j 0.00043548-0j 0.00351994-0j -0.00634382-0j 0.00050806-0j -0.00299227-0j -0.000915652-0j -0.000431897-0j 0.00127041-0j 0.000183369-0j -0.317089-0j 0.000388283-0j 3.2357e-05-0j -0.35819-0j 0.284136-0j 0.000438613-0j -0.295492-0j 3.65511e-05-0j 0.753141-0j -0.000347931-0j 0.000361837-0j -2.89942e-05-0j 0.2051-0j -0.000922239-0j 3.01531e-05-0j -0.0674506-0j -7.68533e-05-0j -0.00025115-0j -2.09291e-05-0j 8.25949e-05-0j 6.8829e-06-0j 0.00173101-0j -0.0416491-0j 0.00017667-0j 0.00191588-0j 3.60627e-05-0j 2.12502e-06-0j -0.00147152-0j -0.0460971-0j 0.00100976-0j 0.00153033-0j 0.000195538-0j 3.99141e-05-0j -0.00171677-0j 0.0354055-0j 2.35196e-06-0j -0.0242953-0j -0.00307042-0j -0.000150186-0j 0.00103079-0j -0.0368206-0j 0.000103058-0j -0.00321771-0j 0.000156189-0j -3.06566e-05-0j 2.10366e-05-0j 0.0413065-0j 3.18819e-05-0j -1.80646e-06-0j -0.000619614-0j -0.000175217-0j 0.0738761-0j 1.23959e-06-0j -0.0248015-0j 1.87866e-06-0j 0.000166378-0j -0.000313373-0j -3.5766e-05-0j 0.0774201-0j 0.000105205-0j -6.3967e-05-0j -0.000328406-0j -2.10753e-06-0j 0.0149083-0j 2.14748e-05-0j -6.70357e-05-0j -6.32391e-05-0j -3.76929e-06-0j 1.26542e-06-0j -0.00400316-0j -1.29086e-05-0j 1.69809e-05-0j -3.95012e-06-0j 3.46621e-06-0j -7.60648e-07-0j 2.04248e-07-0j 
-0.0425056-0j 0.0429203-0j -0.00499362-0j 0.00596516-0j -0.00323636-0j -0.00304836-0j -0.000439993-0j 0.00343318-0j -0.00217785-0j 0.000495538-0j 0.00311-0j -0.000314346-0j 0.00044889-0j -0.0060667-0j -0.000875653-0j 0.320375-0j -0.000392307-0j -3.26923e-05-0j -0.349362-0j 0.295492-0j 0.000427802-0j -0.298375-0j 3.56502e-05-0j -0.249596-0j -0.000361837-0j 0.000365367-0j -3.01531e-05-0j 0.191508-0j 0.000305637-0j 3.04473e-05-0j 0.714632-0j 2.54697e-05-0j -0.000234506-0j -1.95422e-05-0j -0.000875084-0j -7.29237e-05-0j -0.00174895-0j 0.0420807-0j -0.000178501-0j 0.00186865-0j -3.64364e-05-0j -2.14704e-06-0j -0.00153033-0j -0.0449609-0j -0.00102022-0j 0.00154526-0j 0.000190719-0j 3.89303e-05-0j 0.00172352-0j 0.0368206-0j 2.29399e-06-0j 0.0245471-0j -0.000631229-0j -0.000156189-0j -0.000935084-0j -0.0371799-0j -0.000104126-0j 0.00110399-0j 0.000157712-0j -3.18819e-05-0j -2.12546e-05-0j -0.0414689-0j 3.21929e-05-0j -1.87866e-06-0j -0.00304559-0j 0.000175906-0j 0.0151877-0j -1.25244e-06-0j 0.0224987-0j 1.89699e-06-0j -0.00305566-0j -6.44245e-05-0j 3.59066e-05-0j -0.0265626-0j -9.54366e-05-0j -1.31506e-05-0j 0.000112675-0j 2.11582e-06-0j 0.0732787-0j -1.94809e-05-0j 2.29997e-05-0j -0.000310839-0j -7.74907e-07-0j -1.14792e-06-0j 0.0735209-0j -6.34497e-05-0j -0.000311867-0j 1.35527e-06-0j -6.36595e-05-0j -3.73881e-06-0j -3.75117e-06-0j 
0.00722521-0j -0.00751399-0j 0.0411959-0j -0.0495261-0j 0.0297368-0j 0.0509912-0j 0.00733661-0j 0.0594897-0j -0.107215-0j 0.00855938-0j -0.0505716-0j -0.0154262-0j -0.00727625-0j 0.021471-0j 0.00308924-0j -0.000388283-0j -0.309418-0j 0.000820545-0j -0.000438613-0j 0.000347931-0j -0.349525-0j -0.000361837-0j 0.000926905-0j 0.000922239-0j 0.277262-0j -0.288344-0j -0.00073527-0j 0.00025115-0j 0.734921-0j 0.000764657-0j -8.25949e-05-0j -0.00194893-0j 0.200138-0j -0.000530746-0j -0.0658188-0j 0.000174545-0j -0.000306002-0j 0.00240472-0j 0.00600296-0j -0.000338682-0j -0.0580854-0j 7.19767e-05-0j 0.00026013-0j 0.00266154-0j -0.000178501-0j -0.000270527-0j 0.00664406-0j -0.0642887-0j 0.000303485-0j -0.00204423-0j 7.96636e-05-0j 0.00140275-0j 0.000542778-0j -0.00510306-0j -0.00018222-0j 0.00212594-0j 0.00350173-0j 0.000568817-0j 0.00530702-0j 0.0493778-0j -0.0338831-0j -0.00238494-0j -0.0513514-0j -6.11867e-05-0j 0.000109533-0j -0.00595357-0j -0.00426542-0j 4.19864e-05-0j 0.00143198-0j 6.36323e-05-0j -2.94118e-05-0j -0.0106479-0j 0.0576075-0j -0.00447005-0j 0.00357468-0j 0.10303-0j -0.0111587-0j -7.13845e-05-0j -0.000860769-0j -0.034589-0j 0.107973-0j -0.00214876-0j -0.00012767-0j 4.28611e-05-0j 0.000231132-0j 0.0207916-0j 0.000576981-0j -0.000133795-0j -0.00558294-0j -2.5764e-05-0j 6.91813e-06-0j 
0.00751399-0j -0.0075873-0j -0.0416228-0j 0.0497208-0j -0.0269757-0j -0.0515196-0j -0.00741264-0j 0.0580234-0j -0.0368074-0j 0.00834841-0j 0.0525613-0j -0.00529585-0j 0.00756253-0j -0.102532-0j -0.0147523-0j 0.000392307-0j 0.312625-0j -0.000829049-0j -0.000427802-0j 0.000361837-0j -0.34091-0j -0.000365367-0j 0.000904058-0j -0.000305637-0j 0.288344-0j -0.291157-0j -0.000764657-0j 0.000234506-0j -0.243558-0j 0.000772118-0j 0.000875084-0j 0.000645891-0j 0.186875-0j -0.000495574-0j 0.697344-0j -0.00184928-0j 0.000309173-0j -0.00242964-0j -0.00606517-0j -0.000330335-0j 0.0586873-0j -7.27226e-05-0j 0.000270527-0j 0.00259594-0j 0.000180351-0j -0.000273166-0j 0.0064803-0j -0.0627041-0j -0.000304678-0j -0.00212594-0j 7.77001e-05-0j -0.00141729-0j 0.000111587-0j -0.00530702-0j 0.000165301-0j 0.00214668-0j -0.00353801-0j -0.000195159-0j 0.0053588-0j 0.0513514-0j 0.0342343-0j 0.00239431-0j -0.0518524-0j -6.36323e-05-0j 0.000538389-0j 0.00597698-0j -0.000876903-0j -4.24215e-05-0j -0.00129902-0j 6.42531e-05-0j 0.000540169-0j -0.00218903-0j -0.057834-0j 0.00153366-0j -0.00324277-0j 0.0211814-0j 0.00382851-0j 7.16652e-05-0j -0.00423093-0j 0.0313774-0j -0.0370451-0j -0.0105618-0j -2.6247e-05-0j -3.88815e-05-0j -0.00424492-0j 0.102197-0j -0.0105967-0j 4.59046e-05-0j 0.102535-0j -0.000126638-0j -0.000127056-0j 
-0.000602101-0j 0.000626166-0j -0.0104446-0j 0.0125566-0j -0.0075393-0j 4.4446e-05-0j 0.0873961-0j 5.18537e-05-0j -9.34534e-05-0j 0.101962-0j -4.40803e-05-0j -0.183761-0j -0.0866771-0j 1.8715e-05-0j 0.0368001-0j 3.2357e-05-0j -0.000820545-0j -0.299599-0j 3.65511e-05-0j -2.89942e-05-0j -0.000926905-0j 3.01531e-05-0j -0.338433-0j -7.68533e-05-0j 0.00073527-0j -0.000764657-0j 0.268463-0j -2.09291e-05-0j 0.00194893-0j -0.279193-0j 6.8829e-06-0j 0.711599-0j 0.000530746-0j 0.193787-0j -0.000174545-0j -0.0637301-0j 2.55002e-05-0j -0.00060968-0j 2.6026e-06-0j 2.82235e-05-0j 0.00723739-0j -0.0812804-0j -2.16775e-05-0j -0.000674792-0j 1.48751e-05-0j 2.25439e-05-0j 2.88055e-06-0j 0.00801032-0j -2.52904e-05-0j 0.000518283-0j -0.089961-0j -0.000355647-0j -4.52315e-05-0j -2.21245e-06-0j 1.5185e-05-0j -0.000538998-0j 1.51818e-06-0j -4.74014e-05-0j 2.30088e-06-0j -0.00615244-0j 0.00422181-0j 0.000604664-0j 0.00639834-0j 0.0690958-0j -9.12778e-06-0j -2.58119e-06-0j 0.00108143-0j -0.0474136-0j -0.000363056-0j -0.0718574-0j 2.45098e-06-0j -4.61642e-06-0j -0.00717785-0j 0.00113331-0j 1.54981e-06-0j -0.0128375-0j -4.83788e-06-0j 0.0806117-0j 0.000218235-0j 0.00430977-0j -0.0134533-0j -9.316e-07-0j 0.144173-0j -0.0484014-0j -5.86001e-05-0j -0.00259062-0j 2.50152e-07-0j 0.151089-0j 0.00069563-0j 0.0290943-0j -0.00781237-0j 
-0.000626166-0j 0.000632275-0j 0.0105528-0j -0.012606-0j 0.00683928-0j -4.49066e-05-0j -0.0883018-0j 5.05756e-05-0j -3.20828e-05-0j 0.099449-0j 4.58146e-05-0j -0.0630858-0j 0.0900873-0j -8.93709e-05-0j -0.175734-0j -3.26923e-05-0j 0.000829049-0j 0.302704-0j 3.56502e-05-0j -3.01531e-05-0j -0.000904058-0j 3.04473e-05-0j -0.330092-0j 2.54697e-05-0j 0.000764657-0j -0.000772118-0j 0.279193-0j -1.95422e-05-0j -0.000645891-0j -0.281917-0j -7.29237e-05-0j -0.235829-0j 0.000495574-0j 0.180945-0j 0.00184928-0j 0.675214-0j -2.57644e-05-0j 0.000615998-0j -2.62957e-06-0j 2.75279e-05-0j -0.00731239-0j 0.0821227-0j -2.25439e-05-0j -0.00065816-0j -1.50293e-05-0j 2.27638e-05-0j 2.80955e-06-0j 0.00781289-0j 2.53898e-05-0j 0.000538998-0j -0.0877436-0j 0.000359332-0j -9.29888e-06-0j -2.30088e-06-0j -1.37751e-05-0j -0.000544257-0j -1.53392e-06-0j 1.62633e-05-0j 2.32332e-06-0j -0.00639834-0j -0.00426556-0j -0.000607041-0j 0.00646077-0j 0.0718574-0j -4.48657e-05-0j 2.59134e-06-0j 0.000222325-0j 0.0479049-0j 0.000329346-0j -0.0725585-0j -4.50141e-05-0j -9.49063e-07-0j 0.00720607-0j -0.000388836-0j -1.40591e-06-0j -0.00263918-0j 1.65986e-06-0j -0.0809287-0j 0.00107269-0j -0.00390961-0j 0.0046158-0j -4.57909e-06-0j 0.0296397-0j 0.0439073-0j 0.00107623-0j -0.0127337-0j -4.59423e-06-0j -0.0518383-0j -0.0127758-0j 0.143007-0j 0.14348-0j 
0.0296544-0j 0.0299617-0j -0.00685133-0j 0.00431103-0j 0.00251477-0j 0.00212672-0j 0.000306965-0j -0.00487948-0j 0.0015194-0j -0.000704292-0j 0.00217102-0j 0.000219306-0j 0.00031336-0j 0.000895501-0j 0.000129254-0j 0.00154826-0j 0.000273697-0j 2.28081e-05-0j 0.00174895-0j -0.00280833-0j 0.000309173-0j -0.00283743-0j 2.57644e-05-0j 0.00124951-0j -0.000496447-0j -0.000501592-0j -4.13706e-05-0j 0.00103079-0j 0.000220884-0j -4.17993e-05-0j 0.000329343-0j 1.8407e-05-0j 0.00018222-0j 1.5185e-05-0j 5.82202e-05-0j 4.85168e-06-0j -0.236015-0j 0.000203362-0j 0.000124533-0j -0.261221-0j 2.54202e-05-0j 1.4979e-06-0j -0.206513-0j 0.00022508-0j 0.679181-0j -0.208653-0j 0.000137833-0j 2.8135e-05-0j 0.473818-0j 0.000177941-0j 1.65787e-06-0j -0.000585215-0j -0.0851823-0j 0.000108966-0j 0.276394-0j 0.000179785-0j -0.000358369-0j -0.149069-0j 0.000110096-0j 2.22427e-05-0j -7.31518e-05-0j -0.000408264-0j 2.24732e-05-0j 1.31066e-06-0j -0.0869569-0j -0.000250009-0j 7.33971e-05-0j -4.31051e-06-0j -0.000238154-0j 1.32424e-06-0j -0.0226849-0j 4.49463e-05-0j -5.10329e-05-0j 0.000128445-0j -0.000145839-0j 9.17463e-06-0j 7.86561e-05-0j -3.00715e-06-0j 7.49262e-05-0j -2.97692e-05-0j 1.60556e-05-0j 4.58827e-05-0j 5.40621e-07-0j -1.75417e-06-0j 1.95463e-05-0j 9.36577e-06-0j 1.19696e-05-0j 9.46086e-07-0j 2.44329e-06-0j 5.51883e-07-0j 1.43972e-07-0j 
0.0356508-0j 0.035791-0j -0.00431103-0j 8.97958e-05-0j 0.00606199-0j -0.00263168-0j -0.00037985-0j -5.31954e-05-0j 0.00553344-0j -7.67809e-06-0j -0.00251958-0j 0.000798683-0j -0.000363671-0j 0.00324758-0j 0.000468748-0j -0.00191588-0j -0.000338682-0j -2.82235e-05-0j -3.74968e-05-0j 0.00171677-0j -6.62856e-06-0j 0.00172352-0j -5.5238e-07-0j 7.88418e-05-0j 0.000303485-0j 0.000304678-0j 2.52904e-05-0j -0.00241405-0j 1.39374e-05-0j 2.53898e-05-0j 0.00159486-0j 1.16145e-06-0j -0.000426747-0j -3.55622e-05-0j 0.000281934-0j 2.34945e-05-0j 0.292054-0j -0.000251647-0j -0.000154102-0j 0.00560048-0j -3.14559e-05-0j -1.85356e-06-0j -0.248272-0j -4.82563e-06-0j 0.170365-0j -0.249248-0j -2.95509e-06-0j -6.03204e-07-0j -0.00501844-0j 0.000213923-0j -3.55442e-08-0j -0.000146794-0j -0.518036-0j 0.000131-0j -0.338788-0j 0.000214764-0j -8.98927e-05-0j 0.524076-0j 0.000131516-0j 2.67404e-05-0j -1.83493e-05-0j 4.32413e-06-0j 2.68455e-05-0j 1.57569e-06-0j 0.306376-0j 2.64798e-06-0j 0.000446365-0j -1.08124e-06-0j 0.000291916-0j 1.58189e-06-0j -0.137437-0j 0.000273341-0j 5.40516e-07-0j -0.000451569-0j 0.000178761-0j 5.57956e-05-0j -0.000276528-0j 3.18502e-08-0j -0.000263988-0j 3.64895e-05-0j -5.64461e-05-0j -0.000161659-0j 3.28779e-06-0j 2.15016e-06-0j 0.000118422-0j -3.29985e-05-0j 7.25186e-05-0j -3.32612e-06-0j 1.48028e-05-0j -1.94446e-06-0j 8.72263e-07-0j 
-0.0049424-0j -0.00499362-0j -0.0538412-0j 0.0338783-0j 0.0197623-0j -0.000354453-0j 0.00487573-0j 0.000813246-0j -0.000253233-0j -0.0111867-0j -0.000361837-0j 0.00348339-0j 0.00497731-0j -0.00014925-0j 0.00205304-0j 0.0372521-0j 0.00215085-0j 0.000545314-0j 0.0420807-0j -0.0675701-0j 0.00242964-0j -0.0682703-0j 0.000615998-0j 0.0300639-0j -0.00390133-0j -0.00394176-0j -0.000989124-0j 0.0248015-0j 0.00173582-0j -0.000999374-0j 0.00792419-0j 0.00044009-0j 0.00143198-0j 0.000363056-0j 0.000457524-0j 0.000115998-0j -0.000203362-0j -0.23071-0j -2.07555e-05-0j -0.00022508-0j 0.000403766-0j 4.7834e-05-0j -0.000177941-0j -0.255349-0j 0.000585215-0j -0.000179785-0j -2.29721e-05-0j 0.000446887-0j 0.000408264-0j -0.201871-0j 5.29425e-05-0j 0.663915-0j -7.33971e-05-0j -1.81611e-05-0j 0.000238154-0j -0.203963-0j 5.97282e-05-0j -0.000128445-0j -1.83493e-05-0j 0.000353295-0j -0.00116192-0j 0.463168-0j 0.000356957-0j 4.18547e-05-0j -7.49262e-05-0j 4.16682e-05-0j -0.0832677-0j -0.000137652-0j 0.270181-0j 4.22885e-05-0j -1.95463e-05-0j -7.49106e-06-0j -0.000810591-0j -0.145718-0j 2.43065e-05-0j 0.000145727-0j -1.31094e-05-0j -9.60302e-05-0j -0.0850024-0j -0.000472845-0j 0.000255022-0j -7.64712e-06-0j 1.72642e-05-0j -5.60176e-05-0j -0.022175-0j 0.000148763-0j -1.99494e-06-0j 3.02123e-05-0j 3.88085e-05-0j 1.76239e-05-0j 4.59762e-06-0j 
0.0214057-0j 0.0194182-0j 0.00251477-0j -0.00606199-0j 0.00697802-0j 0.00153514-0j 0.000221579-0j -0.00348891-0j 0.00109676-0j -0.000503581-0j 0.00140704-0j 0.000158304-0j 0.000203089-0j 0.000773897-0j 0.000111702-0j 0.00111759-0j 0.000197565-0j 1.64637e-05-0j -0.0024593-0j 0.00103079-0j -0.000434746-0j 0.000935084-0j -3.62288e-05-0j -0.00175701-0j 0.00018222-0j 0.000165301-0j 1.5185e-05-0j 0.00286026-0j -0.000310598-0j 1.37751e-05-0j -0.00302782-0j -2.58831e-05-0j 0.000505627-0j 4.21356e-05-0j -0.000535249-0j -4.46041e-05-0j -0.170365-0j 0.000146794-0j 8.98927e-05-0j 0.367317-0j 1.83493e-05-0j 1.08124e-06-0j -0.149069-0j -0.000316498-0j -0.0993793-0j -0.135228-0j -0.000193815-0j -3.95622e-05-0j 0.338788-0j 0.000128445-0j -2.33123e-06-0j 8.56299e-05-0j -0.0614878-0j 7.86561e-05-0j -0.389983-0j 0.000116519-0j 5.24374e-05-0j -0.0966115-0j 7.13529e-05-0j 1.60556e-05-0j 1.07037e-05-0j -0.000291916-0j 1.45649e-05-0j 9.46086e-07-0j -0.0751486-0j -0.000178761-0j 5.29808e-05-0j 6.30724e-07-0j 0.000336028-0j 8.58242e-07-0j 0.714758-0j 3.2444e-05-0j -3.64895e-05-0j 8.32451e-05-0j 0.000205774-0j 6.6226e-06-0j 5.0977e-05-0j -2.15016e-06-0j 6.47516e-05-0j 4.20034e-05-0j 1.04056e-05-0j 3.96521e-05-0j 3.90241e-07-0j 2.47508e-06-0j -0.000615869-0j 8.09395e-06-0j -0.000377141-0j 6.13158e-07-0j -7.69837e-05-0j 4.7694e-07-0j -4.53631e-06-0j 
-0.00302659-0j -0.00305795-0j 0.000699261-0j -0.000439993-0j -0.000256663-0j 0.0417206-0j -3.13295e-05-0j -0.0957225-0j 0.0298066-0j 7.18815e-05-0j 0.0425898-0j -2.23829e-05-0j -3.19822e-05-0j 0.0175674-0j -1.3192e-05-0j -0.000158019-0j 0.00536921-0j -2.32784e-06-0j -0.000178501-0j 0.000286624-0j 0.00606517-0j 0.000289594-0j -2.62957e-06-0j -0.000127527-0j -0.00973899-0j -0.00983992-0j 4.22237e-06-0j -0.000105205-0j 0.00433316-0j 4.26613e-06-0j -3.36134e-05-0j -1.87866e-06-0j 0.00357468-0j -1.54981e-06-0j 0.00114213-0j -4.95173e-07-0j -0.000124533-0j -2.07555e-05-0j -0.232336-0j -0.000137833-0j 0.000498677-0j -1.52879e-07-0j -0.000108966-0j -2.29721e-05-0j 0.000358369-0j -0.000110096-0j -0.257149-0j 0.000551935-0j 0.000250009-0j -1.81611e-05-0j -1.69206e-07-0j 5.97282e-05-0j -4.49463e-05-0j -0.203294-0j 0.000145839-0j -1.83493e-05-0j 0.668595-0j -7.86561e-05-0j -0.205401-0j 0.000436343-0j -0.00143505-0j 4.16682e-05-0j 0.000440865-0j -1.33769e-07-0j -4.58827e-05-0j 0.466433-0j -7.49106e-06-0j 4.3994e-07-0j 2.43065e-05-0j -1.35155e-07-0j -1.19696e-05-0j -0.0838546-0j -0.00100113-0j -1.31094e-05-0j 0.272086-0j 0.000179982-0j -0.146746-0j 3.06915e-07-0j -7.64712e-06-0j -0.000583994-0j 0.000314969-0j -0.0856016-0j -5.51769e-08-0j 1.79034e-07-0j -1.99494e-06-0j 0.000183732-0j -0.0223313-0j -9.65595e-08-0j 4.7931e-05-0j -5.63264e-08-0j -1.46941e-08-0j 
-0.0059418-0j -0.00596516-0j -0.0338783-0j 0.000705661-0j 0.0476382-0j 0.000438613-0j -0.00603341-0j 8.86589e-06-0j -0.000922239-0j -0.000121956-0j 0.000419931-0j 0.012686-0j -0.00577643-0j -0.000541264-0j 0.00744544-0j -0.0460971-0j -0.00266154-0j -0.000674792-0j -0.000902196-0j 0.0413065-0j -5.20906e-05-0j 0.0414689-0j -1.32068e-05-0j 0.00189698-0j 0.00238494-0j 0.00239431-0j 0.000604664-0j -0.0580834-0j 0.000109527-0j 0.000607041-0j 0.0383733-0j 2.77689e-05-0j -0.00335359-0j -0.000850252-0j 0.00221558-0j 0.000561727-0j 0.000251647-0j 0.285489-0j 2.56836e-05-0j 4.82563e-06-0j -0.000499635-0j -5.91915e-05-0j -0.000213923-0j 0.0054746-0j 0.000146794-0j -0.000214764-0j 4.92514e-07-0j -9.5811e-06-0j -4.32413e-06-0j -0.242692-0j -1.13507e-06-0j 0.166535-0j -0.000446365-0j -2.18334e-05-0j -0.000291916-0j -0.243646-0j 1.49821e-05-0j 0.000451569-0j -2.19193e-05-0j 0.000424735-0j -0.000291454-0j -0.00490565-0j 0.000426405-0j 5.03182e-05-0j 0.000263988-0j -4.41329e-07-0j -0.506393-0j -3.45284e-05-0j -0.331173-0j 5.0516e-05-0j -0.000118422-0j -4.55569e-05-0j 8.58538e-06-0j 0.512296-0j -2.97935e-05-0j 0.000886239-0j 4.6088e-05-0j 1.01711e-06-0j 0.29949-0j 0.000579587-0j -0.000896571-0j 2.69432e-05-0j 0.000104992-0j 6.86633e-05-0j -0.134348-0j -0.000524138-0j -1.20864e-05-0j -0.000106216-0j 0.000235123-0j -6.20944e-05-0j 2.78549e-05-0j 
0.0006178-0j 0.000624202-0j 0.013603-0j -0.00855938-0j -0.00499297-0j -0.00423594-0j 0.0284291-0j 0.00971881-0j -0.0030263-0j -0.0652268-0j -0.00432418-0j 0.0203107-0j 0.0290213-0j -0.00178363-0j 0.0119707-0j 3.22555e-05-0j 0.0519531-0j 0.00647332-0j 3.64364e-05-0j -5.85069e-05-0j 0.0586873-0j -5.91132e-05-0j 0.00731239-0j 2.60314e-05-0j -0.0942357-0j -0.0952122-0j -0.0117417-0j 2.14748e-05-0j 0.0419282-0j -0.0118634-0j 6.86131e-06-0j 0.00522422-0j 0.034589-0j 0.00430977-0j 0.0110514-0j 0.00137699-0j 2.54202e-05-0j -0.000403766-0j -0.000498677-0j 2.8135e-05-0j -0.225078-0j 0.000856239-0j 2.22427e-05-0j -0.000446887-0j -7.31518e-05-0j 2.24732e-05-0j -0.000551935-0j -0.249116-0j -5.10329e-05-0j -0.000353295-0j 0.000947682-0j 0.00116192-0j 9.17463e-06-0j -0.000436343-0j -2.97692e-05-0j -0.000356957-0j 0.00143505-0j 1.60556e-05-0j -0.000440865-0j -0.196943-0j 0.647709-0j 0.000810591-0j -0.198984-0j 0.000749209-0j 9.36577e-06-0j 0.00100113-0j -0.000145727-0j -0.002464-0j 0.000472845-0j 0.000756973-0j 2.44329e-06-0j -0.000179982-0j 0.451861-0j -0.000255022-0j 0.000583994-0j -0.081235-0j -0.000314969-0j -0.00171896-0j -0.000148763-0j 0.263586-0j -0.142161-0j -0.000183732-0j 0.000309033-0j -0.00100273-0j -3.88085e-05-0j -0.0829274-0j -4.7931e-05-0j 0.000540807-0j -0.0216337-0j 0.000315471-0j 8.22984e-05-0j 
-0.00363859-0j -0.0036529-0j 0.000439993-0j -9.16475e-06-0j -0.000618699-0j -0.0516266-0j 3.87683e-05-0j -0.00104355-0j 0.108551-0j 7.83642e-07-0j -0.0494276-0j -8.15152e-05-0j 3.7117e-05-0j 0.063709-0j -4.78414e-05-0j 0.000195538-0j -0.00664406-0j 2.88055e-06-0j 3.827e-06-0j -0.000175217-0j -0.000130035-0j -0.000175906-0j 5.63771e-08-0j -8.04676e-06-0j 0.00595357-0j 0.00597698-0j -2.58119e-06-0j 0.000246382-0j 0.000273415-0j -2.59134e-06-0j -0.000162775-0j -1.1854e-07-0j -0.00837165-0j 3.62956e-06-0j 0.00553081-0j -2.3979e-06-0j 0.000154102-0j 2.56836e-05-0j 0.287502-0j 2.95509e-06-0j -0.000617082-0j 1.89178e-07-0j -0.000131-0j 4.92514e-07-0j 8.98927e-05-0j -0.000131516-0j 0.00551319-0j -1.18333e-05-0j -2.64798e-06-0j -2.18334e-05-0j 3.62771e-09-0j 1.49821e-05-0j -0.000273341-0j -0.244402-0j -0.000178761-0j -2.19193e-05-0j 0.167709-0j 0.000276528-0j -0.245363-0j 0.000524576-0j -0.000359964-0j -4.41329e-07-0j 0.000526638-0j -1.60818e-07-0j 0.000161659-0j -0.00494023-0j -4.55569e-05-0j 1.10354e-07-0j -2.97935e-05-0j -1.61451e-07-0j -7.25186e-05-0j -0.509962-0j 1.06035e-05-0j 4.6088e-05-0j -0.333508-0j 0.00109456-0j 0.515908-0j -3.2507e-09-0j 2.69432e-05-0j 0.000715827-0j -0.00110732-0j 0.301601-0j -3.35558e-07-0j -2.1945e-07-0j -1.20864e-05-0j -0.000647345-0j -0.135295-0j 3.3947e-07-0j 0.000290392-0j 1.98455e-07-0j -8.9025e-08-0j 
-0.00356761-0j -0.00323636-0j 0.0197623-0j -0.0476382-0j 0.0548368-0j -0.000255857-0j 0.00351949-0j 0.000581485-0j -0.000182793-0j -0.00799872-0j -0.000234506-0j 0.00251445-0j 0.00322579-0j -0.000128983-0j 0.00177424-0j 0.02689-0j 0.00155256-0j 0.000393629-0j -0.0591721-0j 0.0248015-0j -0.00341646-0j 0.0224987-0j -0.00086619-0j -0.0422746-0j 0.00143198-0j 0.00129902-0j 0.000363056-0j 0.0688196-0j -0.00244083-0j 0.000329346-0j -0.0728513-0j -0.000618836-0j 0.00397348-0j 0.00100741-0j -0.00420626-0j -0.00106643-0j -0.000146794-0j -0.166535-0j -1.49821e-05-0j 0.000316498-0j 0.000291454-0j 3.45284e-05-0j -0.000128445-0j 0.359061-0j -8.56299e-05-0j -0.000116519-0j 3.23024e-05-0j -0.000628394-0j 0.000291916-0j -0.145718-0j -7.44454e-05-0j -0.0971456-0j -5.29808e-05-0j -1.31094e-05-0j -0.000336028-0j -0.132189-0j -8.73957e-06-0j -8.32451e-05-0j -1.18922e-05-0j 0.000255022-0j 0.000170015-0j 0.331173-0j 0.000231343-0j 3.02123e-05-0j -6.47516e-05-0j 2.97935e-05-0j -0.0601058-0j 2.01416e-05-0j -0.381217-0j 2.74071e-05-0j 0.000615869-0j -5.40733e-06-0j -0.000579587-0j -0.09444-0j -3.42957e-05-0j 0.000105191-0j -8.49616e-06-0j -6.86633e-05-0j -0.0734595-0j 0.000667169-0j 0.00016528-0j -6.60868e-06-0j 1.24619e-05-0j 7.90392e-05-0j 0.698693-0j 0.000128562-0j 6.28569e-05-0j 1.95806e-05-0j -0.00122278-0j 1.52306e-05-0j -0.000144862-0j 
-3.64042e-05-0j -3.67815e-05-0j -0.00161155-0j 0.00101403-0j 0.000591515-0j -2.61079e-06-0j -0.0103396-0j 5.99012e-06-0j -1.86524e-06-0j 0.0237229-0j -2.66518e-06-0j -0.00738698-0j -0.010555-0j -1.09933e-06-0j -0.00435373-0j -1.90067e-06-0j 6.43779e-05-0j 0.0726994-0j -2.14704e-06-0j 3.44755e-06-0j 7.27226e-05-0j 3.48328e-06-0j 0.0821227-0j -1.53392e-06-0j -0.000116773-0j -0.000117983-0j -0.131867-0j -1.26542e-06-0j 5.19555e-05-0j -0.133233-0j -4.04307e-07-0j 0.0586713-0j 4.28611e-05-0j 0.0484014-0j 1.36943e-05-0j 0.0154645-0j -1.4979e-06-0j 4.7834e-05-0j -1.52879e-07-0j -1.65787e-06-0j -0.000856239-0j -0.217833-0j -1.31066e-06-0j 5.29425e-05-0j 4.31051e-06-0j -1.32424e-06-0j -1.69206e-07-0j -0.000947682-0j 3.00715e-06-0j 4.18547e-05-0j -0.241097-0j -0.000137652-0j -5.40621e-07-0j -1.33769e-07-0j 1.75417e-06-0j 4.22885e-05-0j 4.3994e-07-0j -9.46086e-07-0j -1.35155e-07-0j -0.000749209-0j 0.002464-0j -9.60302e-05-0j -0.000756973-0j -0.190604-0j -5.51883e-07-0j 3.06915e-07-0j 1.72642e-05-0j 0.626859-0j -5.60176e-05-0j -0.192579-0j -1.43972e-07-0j -5.51769e-08-0j 0.00171896-0j 3.02123e-05-0j 1.79034e-07-0j -0.000309033-0j -9.65595e-08-0j 0.437316-0j 1.76239e-05-0j 0.00100273-0j -0.000540807-0j -5.63264e-08-0j -0.0786201-0j 0.255101-0j 4.59762e-06-0j -0.000315471-0j -1.46941e-08-0j -0.137585-0j -8.22984e-05-0j -0.080258-0j -0.0209373-0j 
-0.00218471-0j -0.00198186-0j -0.000256663-0j 0.000618699-0j -0.000712192-0j 0.0301155-0j -2.26148e-05-0j -0.0684433-0j 0.0215156-0j 5.13965e-05-0j 0.0276024-0j -1.61568e-05-0j -2.07276e-05-0j 0.0151818-0j -1.14006e-05-0j -0.000114064-0j 0.0038757-0j -1.68032e-06-0j 0.000251001-0j -0.000105205-0j -0.00852858-0j -9.54366e-05-0j 3.69759e-06-0j 0.000179324-0j 0.00357468-0j 0.00324277-0j -1.54981e-06-0j -0.000291924-0j -0.00609311-0j -1.40591e-06-0j 0.000309026-0j 2.64169e-06-0j 0.00991908-0j -4.30045e-06-0j -0.0105002-0j 4.55238e-06-0j -8.98927e-05-0j -1.49821e-05-0j -0.167709-0j 0.000193815-0j 0.000359964-0j -1.10354e-07-0j -7.86561e-05-0j 3.23024e-05-0j -5.24374e-05-0j -7.13529e-05-0j 0.361592-0j -0.000776107-0j 0.000178761-0j -1.31094e-05-0j 2.3793e-07-0j -8.73957e-06-0j -3.2444e-05-0j -0.146746-0j -0.000205774-0j -1.18922e-05-0j -0.0978304-0j -5.0977e-05-0j -0.13312-0j 0.000314969-0j 0.000209979-0j 2.97935e-05-0j 0.000285724-0j -9.65595e-08-0j -3.96521e-05-0j 0.333508-0j -5.40733e-06-0j -6.4373e-08-0j -3.42957e-05-0j -8.7594e-08-0j 0.000377141-0j -0.0605295-0j -0.000715827-0j -8.49616e-06-0j -0.383904-0j 0.000129918-0j -0.0951057-0j 2.1945e-07-0j -6.60868e-06-0j 0.000823997-0j 0.000204131-0j -0.0739773-0j -3.98288e-08-0j -2.52611e-07-0j 6.28569e-05-0j 0.000158782-0j 0.703618-0j -6.25802e-08-0j -0.00151022-0j -4.86775e-08-0j 4.62985e-07-0j 
0.000742725-0j 0.000745645-0j 0.00855938-0j -0.000178286-0j -0.0120358-0j 0.0052417-0j -0.0351792-0j 0.000105953-0j -0.0110213-0j -0.000711094-0j 0.00501844-0j 0.0739687-0j -0.0336807-0j -0.00646844-0j 0.0434123-0j -3.99141e-05-0j -0.0642887-0j -0.00801032-0j -7.81184e-07-0j 3.5766e-05-0j -0.00125823-0j 3.59066e-05-0j -0.000156775-0j 1.64254e-06-0j 0.0576075-0j 0.057834-0j 0.00717785-0j -5.02926e-05-0j 0.0026456-0j 0.00720607-0j 3.32263e-05-0j 0.000329639-0j -0.0810051-0j -0.0100932-0j 0.0535167-0j 0.00666815-0j -3.14559e-05-0j 0.000499635-0j 0.000617082-0j -6.03204e-07-0j 0.27852-0j -0.00105954-0j 2.67404e-05-0j 9.5811e-06-0j -1.83493e-05-0j 2.68455e-05-0j 1.18333e-05-0j 0.00534096-0j 5.40516e-07-0j -0.000424735-0j -2.0318e-05-0j 0.000291454-0j 5.57956e-05-0j -0.000524576-0j 3.64895e-05-0j -0.000426405-0j 0.000359964-0j -5.64461e-05-0j -0.000526638-0j -0.236767-0j 0.16247-0j -8.58538e-06-0j -0.237698-0j 0.000900706-0j -3.29985e-05-0j -1.06035e-05-0j -0.000886239-0j -0.000618066-0j -0.000579587-0j 0.000904248-0j 1.48028e-05-0j -0.00109456-0j -0.00478589-0j 0.000896571-0j -0.000715827-0j -0.494031-0j 0.00110732-0j 1.82064e-05-0j 0.000524138-0j -0.323089-0j 0.499791-0j 0.000647345-0j 0.00187938-0j 0.00122909-0j -0.000235123-0j 0.292179-0j -0.000290392-0j -0.0019013-0j -0.131069-0j -0.0011115-0j 0.000498609-0j 
-4.37655e-05-0j -4.39376e-05-0j -0.00101403-0j 2.11214e-05-0j 0.00142588-0j 3.23069e-06-0j 0.0127946-0j 6.53035e-08-0j -6.79293e-06-0j 0.000258624-0j 3.09308e-06-0j -0.0269023-0j 0.0122497-0j -3.98678e-06-0j -0.015789-0j 2.35196e-06-0j -7.96636e-05-0j -0.089961-0j 4.60317e-08-0j -2.10753e-06-0j -1.55915e-06-0j -2.11582e-06-0j -0.00176068-0j -9.67875e-08-0j 7.13845e-05-0j 7.16652e-05-0j 0.0806117-0j 2.96352e-06-0j 3.2783e-06-0j 0.0809287-0j -1.95788e-06-0j 0.00370206-0j -0.000100378-0j -0.113353-0j 6.63155e-05-0j 0.0748875-0j 1.85356e-06-0j -5.91915e-05-0j 1.89178e-07-0j 3.55442e-08-0j 0.00105954-0j 0.269555-0j -1.57569e-06-0j -1.13507e-06-0j 1.08124e-06-0j -1.58189e-06-0j 3.62771e-09-0j 2.0318e-05-0j -3.18502e-08-0j 5.03182e-05-0j 0.00516903-0j -3.45284e-05-0j -3.28779e-06-0j -1.60818e-07-0j -2.15016e-06-0j 5.0516e-05-0j 1.10354e-07-0j 3.32612e-06-0j -1.61451e-07-0j -0.000900706-0j 0.000618066-0j 1.01711e-06-0j -0.000904248-0j -0.229146-0j 1.94446e-06-0j -3.2507e-09-0j 0.000104992-0j 0.15724-0j 6.86633e-05-0j -0.230047-0j -8.72263e-07-0j -3.35558e-07-0j -1.82064e-05-0j -0.000106216-0j -2.1945e-07-0j -0.00187938-0j 3.3947e-07-0j -0.00463184-0j -6.20944e-05-0j -0.00122909-0j 0.0019013-0j 1.98455e-07-0j -0.478128-0j -0.312689-0j 2.78549e-05-0j 0.0011115-0j -8.9025e-08-0j 0.483703-0j -0.000498609-0j 0.282774-0j -0.126849-0j 
0.000445951-0j 0.000404545-0j -0.00499297-0j 0.0120358-0j -0.0138546-0j -0.00305766-0j 0.0205212-0j 0.00694912-0j -0.0021845-0j -0.0466383-0j -0.0028025-0j 0.014661-0j 0.0188087-0j -0.00154143-0j 0.0103451-0j 2.32832e-05-0j 0.0375017-0j 0.00467269-0j -5.12353e-05-0j 2.14748e-05-0j -0.0825235-0j 1.94809e-05-0j -0.0102824-0j -3.66043e-05-0j 0.034589-0j 0.0313774-0j 0.00430977-0j 5.95888e-05-0j -0.0589577-0j 0.00390961-0j -6.30797e-05-0j -0.00734608-0j 0.0959782-0j 0.0119588-0j -0.101601-0j -0.0126594-0j 1.83493e-05-0j -0.000291454-0j -0.000359964-0j -3.95622e-05-0j -0.16247-0j 0.000618066-0j 1.60556e-05-0j 0.000628394-0j 1.07037e-05-0j 1.45649e-05-0j 0.000776107-0j 0.350296-0j -3.64895e-05-0j -0.000255022-0j -0.00133259-0j -0.000170015-0j 6.6226e-06-0j -0.000314969-0j 4.20034e-05-0j -0.000231343-0j -0.000209979-0j 1.04056e-05-0j -0.000285724-0j -0.142161-0j -0.0947742-0j 0.000579587-0j -0.128962-0j 0.000540807-0j 8.09395e-06-0j 0.000715827-0j -0.000105191-0j 0.000360538-0j -0.000667169-0j 0.000490594-0j -7.69837e-05-0j -0.000129918-0j 0.323089-0j -0.00016528-0j -0.000823997-0j -0.0586385-0j -0.000204131-0j -0.00122909-0j -0.000128562-0j -0.371911-0j -0.0921347-0j -0.000158782-0j 0.000223072-0j 0.00141482-0j 0.00122278-0j -0.0716663-0j 0.00151022-0j 0.000350497-0j 0.681637-0j 0.000272632-0j -0.00259307-0j 
-2.62779e-05-0j -2.3838e-05-0j 0.000591515-0j -0.00142588-0j 0.00164135-0j -1.88457e-06-0j -0.00746354-0j 4.28305e-06-0j -1.3464e-06-0j 0.0169623-0j -1.7273e-06-0j -0.00533221-0j -0.00684071-0j -9.50048e-07-0j -0.00376252-0j -1.37198e-06-0j 4.64704e-05-0j 0.0524772-0j 3.01907e-06-0j -1.26542e-06-0j -0.000102259-0j -1.14792e-06-0j -0.115477-0j 2.15693e-06-0j 4.28611e-05-0j 3.88815e-05-0j 0.0484014-0j -3.5113e-06-0j -7.30576e-05-0j 0.0439073-0j 3.71701e-06-0j -0.0825011-0j 0.000118932-0j 0.134305-0j -0.000125899-0j -0.142173-0j -1.08124e-06-0j 3.45284e-05-0j -1.10354e-07-0j 2.33123e-06-0j -0.000618066-0j -0.15724-0j -9.46086e-07-0j -7.44454e-05-0j -6.30724e-07-0j -8.58242e-07-0j 2.3793e-07-0j 0.00133259-0j 2.15016e-06-0j 3.02123e-05-0j 0.33902-0j 2.01416e-05-0j -3.90241e-07-0j -9.65595e-08-0j -2.47508e-06-0j 2.74071e-05-0j -6.4373e-08-0j -6.13158e-07-0j -8.7594e-08-0j -0.000540807-0j -0.000360538-0j -6.86633e-05-0j -0.000490594-0j -0.137585-0j -4.7694e-07-0j 2.1945e-07-0j 1.24619e-05-0j -0.0917235-0j 7.90392e-05-0j -0.12481-0j 4.53631e-06-0j -3.98288e-08-0j 0.00122909-0j 1.95806e-05-0j -2.52611e-07-0j -0.000223072-0j -6.25802e-08-0j 0.312689-0j 1.52306e-05-0j -0.00141482-0j -0.000350497-0j -4.86775e-08-0j -0.056751-0j -0.35994-0j -0.000144862-0j -0.000272632-0j 4.62985e-07-0j -0.0891689-0j 0.00259307-0j -0.0693594-0j 0.659695-0j 
0.0228981-0j 0.0231354-0j 0.00269011-0j 0.00332884-0j 0.00194182-0j -0.00487386-0j -0.00070348-0j 0.00191588-0j 0.00117323-0j 0.000276533-0j 0.00167639-0j 0.000169341-0j 0.000241966-0j 0.000691477-0j 9.9806e-05-0j 0.00119552-0j 0.00021134-0j 1.76116e-05-0j -0.00400811-0j 0.00110266-0j -0.000708541-0j 0.00111409-0j -5.90451e-05-0j 0.00096483-0j 0.000194925-0j 0.000196945-0j 1.62438e-05-0j 0.000795944-0j 0.000170559-0j 1.64121e-05-0j 0.000254308-0j 1.42133e-05-0j 0.000140704-0j 1.17254e-05-0j 4.49557e-05-0j 3.74631e-06-0j 0.000942175-0j 0.000157029-0j 9.61603e-05-0j 0.0010428-0j 1.96286e-05-0j 1.15663e-06-0j -0.00244676-0j 0.000173799-0j 0.000549602-0j -0.00247212-0j 0.00010643-0j 2.17249e-05-0j 0.000961803-0j -0.000407793-0j 1.28015e-06-0j 9.16003e-05-0j 0.000340049-0j -0.000249721-0j 0.000561052-0j -0.000412019-0j 5.60935e-05-0j 0.000595085-0j -0.000252309-0j -5.09742e-05-0j 1.145e-05-0j 0.000160301-0j -5.15024e-05-0j -3.00368e-06-0j 0.000347133-0j 9.81636e-05-0j 5.66748e-05-0j 6.747e-07-0j 9.35087e-05-0j -3.03481e-06-0j 9.05582e-05-0j 3.47061e-05-0j 2.00376e-05-0j 9.91809e-05-0j 5.72621e-05-0j 7.08435e-06-0j 6.07357e-05-0j 1.18073e-06-0j 5.78555e-05-0j 1.16886e-05-0j 1.23976e-05-0j 3.54291e-05-0j 4.17449e-07-0j 6.88756e-07-0j 1.5093e-05-0j 7.23194e-06-0j 9.24256e-06-0j 7.30536e-07-0j 1.88663e-06-0j 4.26146e-07-0j 1.11171e-07-0j 
-0.0267145-0j 0.026056-0j 0.0061721-0j -6.72874e-05-0j 0.00441316-0j -0.00191588-0j -0.000276533-0j 7.61598e-05-0j -0.00136877-0j 1.09927e-05-0j 0.00188802-0j -0.000197565-0j 0.000272512-0j 0.00236426-0j 0.000341251-0j -0.00139477-0j -0.000246563-0j -2.05469e-05-0j -2.72979e-05-0j 0.00252992-0j -4.82563e-06-0j -0.00246756-0j -4.02136e-07-0j -1.95026e-05-0j 0.00044723-0j -0.000436207-0j 3.72692e-05-0j 0.00180894-0j -3.4476e-06-0j -3.63506e-05-0j 0.00116107-0j -2.873e-07-0j 0.000319778-0j 2.66481e-05-0j 0.00020525-0j 1.71041e-05-0j -0.0010992-0j -0.000183201-0j -0.000112187-0j -2.10785e-05-0j -2.29001e-05-0j -1.3494e-06-0j -0.000961803-0j -3.51309e-06-0j 0.00316318-0j 0.000938097-0j -2.15132e-06-0j -4.39136e-07-0j 3.82335e-05-0j -0.000160301-0j -2.58764e-08-0j 0.000527197-0j -0.000396724-0j -9.81636e-05-0j -0.00250761-0j 0.000156349-0j 0.000322841-0j 0.000670209-0j 9.57441e-05-0j -2.00376e-05-0j 6.58997e-05-0j 6.37225e-06-0j 1.95437e-05-0j -1.18073e-06-0j 0.0011869-0j 3.90219e-06-0j -6.61206e-05-0j 3.88317e-06-0j -0.000417936-0j 1.15162e-06-0j 0.000517273-0j -4.04904e-05-0j 7.96532e-07-0j 0.000111701-0j -0.000255932-0j -8.26508e-06-0j 6.84029e-05-0j 4.69361e-08-0j 0.000197816-0j -5.2242e-05-0j 1.39627e-05-0j 0.000121137-0j -4.87024e-07-0j -3.07839e-06-0j 8.62122e-05-0j 2.47271e-05-0j 5.2794e-05-0j 8.22759e-07-0j 1.07765e-05-0j 1.45706e-06-0j 6.35013e-07-0j 
-0.00369517-0j -0.00373346-0j 0.0204689-0j 0.025329-0j 0.0147753-0j 0.000786515-0j -0.010819-0j -0.000309173-0j -0.000189329-0j 0.00425289-0j -0.000270527-0j 0.00260435-0j 0.00372127-0j -0.000111587-0j 0.00153495-0j -0.000192926-0j 0.00160808-0j 0.000407703-0j 0.000646807-0j -0.000177941-0j -0.00539126-0j -0.000179785-0j -0.00136687-0j -0.000155699-0j 0.00148318-0j 0.00149855-0j 0.000376037-0j -0.000128445-0j 0.00129778-0j 0.000379934-0j -4.10388e-05-0j 0.000329032-0j 0.00107061-0j 0.000271438-0j 0.000342066-0j 8.67257e-05-0j 0.0294093-0j 0.00119483-0j -1.55178e-05-0j 0.0325502-0j 0.000301875-0j 3.57629e-05-0j -0.0763739-0j 0.00132243-0j 0.0171554-0j -0.0771654-0j -1.71751e-05-0j 0.000334114-0j 0.030022-0j -0.00310288-0j 3.95823e-05-0j 0.000696984-0j 0.0106144-0j 4.02986e-05-0j 0.0175128-0j -0.00313504-0j -9.05205e-06-0j 0.0185752-0j 4.07162e-05-0j -0.000783947-0j 0.000176094-0j 0.00121972-0j -0.000792071-0j -9.28738e-05-0j 0.0108355-0j -1.58411e-05-0j 0.000431237-0j 2.08617e-05-0j 0.000711504-0j -9.38362e-05-0j 0.00282671-0j -5.60067e-06-0j 0.000308164-0j 0.000754664-0j -9.24064e-06-0j 0.000108952-0j -9.80117e-06-0j 3.6508e-05-0j 0.000440221-0j 0.000179762-0j 0.000190667-0j -5.71735e-06-0j 1.29075e-05-0j 2.12963e-05-0j 0.000114842-0j 0.000111222-0j -1.49151e-06-0j 2.25882e-05-0j 2.90151e-05-0j 1.31764e-05-0j 3.4374e-06-0j 
0.0481462-0j -0.0165287-0j -0.00192191-0j 0.0069993-0j -0.0013873-0j -0.00117323-0j -0.000169341-0j -0.00136877-0j -0.000744109-0j -0.000197565-0j 0.00352483-0j -0.000107403-0j 0.000508765-0j -0.000494015-0j -7.13049e-05-0j -0.000854119-0j -0.000150988-0j -1.25824e-05-0j -0.00096483-0j 0.00231849-0j -0.000170559-0j -0.000795944-0j -1.42133e-05-0j -0.000611933-0j 0.000409855-0j -0.000140704-0j 3.41546e-05-0j 0.00167357-0j -0.000108175-0j -1.17254e-05-0j -0.000181686-0j -9.01462e-06-0j 0.000295849-0j 2.46541e-05-0j -3.21179e-05-0j -2.67649e-06-0j -0.000673122-0j -0.000112187-0j -6.87002e-05-0j -0.00074501-0j -1.40234e-05-0j -8.26335e-07-0j 0.00173341-0j -0.000124168-0j -0.000392655-0j -0.000595085-0j -7.60372e-05-0j -1.5521e-05-0j 0.00202231-0j 0.000288902-0j -9.14586e-07-0j -6.54424e-05-0j -0.00303495-0j 0.000176916-0j -0.000400835-0j -9.91809e-05-0j -4.00751e-05-0j -0.000377427-0j -6.07357e-05-0j 3.61127e-05-0j -8.1803e-06-0j 0.000337052-0j -1.23976e-05-0j 2.12796e-06-0j 0.000729892-0j 0.000206402-0j -0.000505825-0j -4.82029e-07-0j -6.68058e-05-0j -7.30536e-07-0j -6.46979e-05-0j -0.000309753-0j 4.21315e-05-0j -6.29044e-05-0j -4.091e-05-0j -6.32281e-05-0j -3.85209e-05-0j 2.48262e-06-0j 0.000121649-0j -8.35073e-06-0j -7.86305e-06-0j 7.44942e-05-0j -3.72575e-06-0j -4.92071e-07-0j -1.0783e-05-0j 1.52061e-05-0j -6.6032e-06-0j -4.63335e-07-0j -1.34787e-06-0j 8.96026e-07-0j -7.94242e-08-0j 
-0.0227097-0j -0.0236032-0j 0.00274615-0j 0.00318705-0j 0.00177978-0j 0.00167639-0j 0.000241966-0j -0.00188802-0j -0.00352483-0j -0.000272512-0j 0.0016616-0j -0.000508765-0j 0.000239832-0j 0.00333627-0j 0.00048155-0j 0.00122042-0j 0.000215742-0j 1.79785e-05-0j -0.00133084-0j -0.00109359-0j -0.000235262-0j -0.00113662-0j -1.96052e-05-0j 0.00279827-0j -0.000193321-0j -0.000200927-0j -1.61101e-05-0j -0.000708755-0j 0.000494669-0j -1.67439e-05-0j 0.00272229-0j 4.12224e-05-0j -0.000125291-0j -1.0441e-05-0j 0.000481237-0j 4.01031e-05-0j 0.000961803-0j 0.000160301-0j 9.81636e-05-0j -0.00102763-0j 2.00376e-05-0j 1.18073e-06-0j -0.00081762-0j -0.000171272-0j 0.000561052-0j -0.000849789-0j -0.000104882-0j -2.1409e-05-0j 0.000920836-0j -0.00013627-0j -1.26154e-06-0j 9.35087e-05-0j -0.00170602-0j -8.3448e-05-0j 0.000514233-0j -0.000141631-0j 5.72621e-05-0j 0.00178679-0j -8.67312e-05-0j -1.70338e-05-0j 1.16886e-05-0j 0.000153473-0j -1.77039e-05-0j -1.00372e-06-0j -0.00162719-0j 9.39825e-05-0j -0.000284337-0j 6.88756e-07-0j 8.57055e-05-0j -1.04321e-06-0j 0.0016804-0j -0.00017412-0j 1.91841e-05-0j 0.000297798-0j 5.24837e-05-0j -3.55421e-05-0j 0.000182363-0j 1.13043e-06-0j -0.000271198-0j 1.07132e-05-0j 3.72248e-05-0j -0.000166074-0j -2.09434e-06-0j 6.3128e-07-0j 0.000280067-0j -3.38997e-05-0j 0.000171505-0j 2.19349e-06-0j 3.50084e-05-0j -1.99756e-06-0j 2.06289e-06-0j 
-0.00301709-0j -0.00304836-0j -0.000354453-0j -0.000438613-0j -0.000255857-0j -0.0613963-0j 9.26917e-05-0j 0.0241344-0j 0.0147793-0j -3.64364e-05-0j 0.0211176-0j -2.23127e-05-0j -3.18819e-05-0j 0.00871058-0j -1.31506e-05-0j 0.0227406-0j 0.00266226-0j -2.32054e-06-0j -0.0762406-0j 0.0209744-0j -0.00892555-0j 0.0211917-0j 7.77987e-06-0j 0.0183526-0j 0.00245549-0j 0.00248093-0j -2.1403e-06-0j 0.0151401-0j 0.00214855-0j -2.16248e-06-0j 0.00483734-0j -1.87276e-06-0j 0.00177246-0j -1.54495e-06-0j 0.00056631-0j -4.9362e-07-0j -0.000124142-0j 0.00298694-0j 0.00243535-0j -0.0001374-0j 0.000247263-0j -1.52399e-07-0j 0.000322389-0j 0.00330594-0j -7.24164e-05-0j 0.00032573-0j 0.00269544-0j 0.00027367-0j -0.000126729-0j -0.00775687-0j -1.68675e-07-0j 0.00174238-0j -4.48054e-05-0j -0.00632442-0j -7.39251e-05-0j -0.00783725-0j 0.00142062-0j -7.84094e-05-0j -0.00638996-0j -0.000642125-0j 0.000144237-0j 0.00304917-0j -0.00064878-0j 3.9577e-07-0j -4.57388e-05-0j 0.00248608-0j 0.00107804-0j -8.88995e-08-0j 0.00177868-0j 3.99871e-07-0j -1.19321e-05-0j 0.000878963-0j 0.000252415-0j 0.00188658-0j 0.00145022-0j 8.92421e-05-0j 0.00153819-0j -1.55574e-07-0j 0.0011005-0j 0.000147242-0j 0.000156174-0j 0.000897275-0j -5.50038e-08-0j -9.07516e-08-0j 0.000287093-0j 9.11013e-05-0j 0.000234076-0j -9.62566e-08-0j 2.3766e-05-0j -5.61497e-08-0j -1.4648e-08-0j 
-0.00964177-0j -0.046043-0j -0.00113273-0j 0.0041079-0j -0.000978911-0j -0.000691477-0j -9.9806e-05-0j 0.00236426-0j -0.000494015-0j 0.000341251-0j -0.00333627-0j -7.13049e-05-0j -0.00048155-0j 0.00405086-0j 0.000584691-0j -0.000503399-0j -8.89892e-05-0j -7.41577e-06-0j 0.00166654-0j -0.000464301-0j 0.000294605-0j -0.00221721-0j 2.45505e-05-0j 0.00119063-0j -8.20775e-05-0j -0.00039195-0j -6.83979e-06-0j -0.000401251-0j 0.000210476-0j -3.26625e-05-0j 0.00199373-0j 1.75397e-05-0j -7.09318e-05-0j -5.91098e-06-0j 0.000352445-0j 2.93704e-05-0j -0.000396724-0j -6.61206e-05-0j -4.04904e-05-0j 0.00128685-0j -8.26508e-06-0j -4.87024e-07-0j -0.000347133-0j 0.000214475-0j -0.000231422-0j -0.00165769-0j 0.000131338-0j 2.68093e-05-0j 0.0011869-0j -5.78555e-05-0j 1.57975e-06-0j -3.85704e-05-0j -0.000143185-0j -3.54291e-05-0j -0.000282837-0j -0.000276281-0j -2.36194e-05-0j -0.00118431-0j -0.000169187-0j -7.23194e-06-0j -4.82129e-06-0j 0.000197816-0j -3.45352e-05-0j -4.26146e-07-0j 0.0020336-0j 0.000121137-0j -2.38642e-05-0j -2.84097e-07-0j -4.71395e-05-0j -2.035e-06-0j -0.001199-0j -1.46138e-05-0j 2.47271e-05-0j -0.000197385-0j -2.8867e-05-0j -2.98302e-06-0j -0.000120873-0j 1.45706e-06-0j 0.000338934-0j -5.89244e-06-0j -2.46731e-05-0j 0.000207554-0j -1.75776e-07-0j -3.47216e-07-0j -0.000199833-0j 4.23667e-05-0j -0.000122372-0j -1.45388e-06-0j -2.49791e-05-0j 2.49648e-06-0j -1.47191e-06-0j 
0.00431103-0j -0.00420478-0j 0.0469633-0j -0.000511988-0j 0.0335796-0j 0.000309173-0j -0.00425289-0j -1.22902e-05-0j 0.000220884-0j 0.00016906-0j -0.000304678-0j -0.00303841-0j 0.00419105-0j -0.000381531-0j 0.00524821-0j 0.00022508-0j -0.00187609-0j -0.000475653-0j 4.40518e-06-0j -0.000408264-0j -3.67181e-05-0j 0.000398201-0j -9.30931e-06-0j 3.14721e-06-0j 0.00340296-0j -0.00331908-0j 0.000862769-0j -0.000291916-0j -2.62327e-05-0j -0.000841503-0j -0.000187367-0j -6.65089e-06-0j 0.00243318-0j 0.000616895-0j 0.00156174-0j 0.000395955-0j -0.0343109-0j -0.00139397-0j 1.81041e-05-0j -0.000657952-0j -0.000352187-0j -4.17234e-05-0j -0.030022-0j -2.6731e-05-0j 0.0987366-0j 0.029282-0j 3.47168e-07-0j -6.75361e-06-0j 0.00119343-0j -0.00121972-0j -8.00097e-07-0j 0.00401143-0j -0.0123835-0j 1.58411e-05-0j -0.0782734-0j 0.00118966-0j -5.20983e-05-0j 0.0209201-0j -1.54506e-05-0j -0.000308164-0j 0.00101349-0j 4.84863e-05-0j 0.000300568-0j -3.6508e-05-0j 0.0370482-0j -6.29714e-07-0j -0.000503109-0j 0.000120068-0j -0.00318006-0j 3.56082e-05-0j 0.0161463-0j 6.53412e-06-0j 1.22501e-05-0j 0.000849933-0j 4.13009e-05-0j -0.000127111-0j -1.10385e-05-0j 1.45126e-06-0j 0.00150518-0j -0.000803445-0j 0.000214736-0j -1.95485e-05-0j -1.50588e-05-0j -9.51837e-05-0j 0.000655986-0j 0.000380285-0j -8.51959e-06-0j 2.54397e-05-0j 0.000165736-0j 4.50522e-05-0j 1.96346e-05-0j 
0.00043548-0j 0.000439993-0j -0.00487573-0j -0.00603341-0j -0.00351949-0j -9.26917e-05-0j -0.0594751-0j 3.64364e-05-0j 2.23127e-05-0j 0.0233792-0j 3.18819e-05-0j 0.0143168-0j 0.0204568-0j 1.31506e-05-0j 0.008438-0j -0.00328232-0j -0.000383046-0j 0.00456297-0j 0.0110044-0j -0.00302739-0j 0.00128421-0j -0.00305876-0j -0.0152979-0j -0.00264897-0j -0.000353295-0j -0.000356957-0j 0.00420857-0j -0.00218529-0j -0.000309134-0j 0.00425218-0j -0.000698209-0j 0.0036825-0j -0.000255022-0j 0.00303791-0j -8.14808e-05-0j 0.000970626-0j 1.79184e-05-0j 0.0410874-0j 1.82879e-06-0j 1.9832e-05-0j 0.00165948-0j 0.000603553-0j -4.65328e-05-0j 0.0454754-0j 1.04524e-05-0j -4.7015e-05-0j 2.0241e-06-0j 0.00183671-0j 1.82917e-05-0j -0.106701-0j 0.000668011-0j 0.0239676-0j 6.4671e-06-0j -4.74924e-06-0j 1.06702e-05-0j -0.107807-0j 1.06679e-06-0j 1.13174e-05-0j -4.79845e-06-0j -0.00430956-0j 0.000968032-0j 0.0419434-0j -0.00435422-0j -0.00156738-0j 6.60183e-06-0j 1.86689e-06-0j 0.0148292-0j 0.000352073-0j 0.024467-0j -0.00158363-0j 1.72225e-06-0j 6.60045e-07-0j 0.00169406-0j 0.0259511-0j 1.08902e-06-0j 0.000598939-0j 1.15508e-06-0j 0.000616127-0j 0.0151382-0j 0.0009882-0j 0.00104814-0j 6.73796e-07-0j 0.000217834-0j 0.000359407-0j 0.00394916-0j 0.000611417-0j 1.75776e-07-0j 0.000381209-0j 0.000159503-0j 0.000222372-0j 5.80112e-05-0j 
-0.00776957-0j 0.00266732-0j -0.0146237-0j 0.0532575-0j -0.010556-0j 0.000189329-0j -0.00260435-0j 0.000220884-0j 0.00012008-0j -0.00303841-0j -0.000568817-0j -0.00165178-0j 0.00782445-0j 7.97213e-05-0j -0.00109662-0j 0.000137833-0j -0.00114886-0j -0.000291277-0j 0.000155699-0j -0.000374144-0j -0.00129778-0j 0.000128445-0j -0.000329032-0j 9.87503e-05-0j 0.00311857-0j -0.00107061-0j 0.000790666-0j -0.000270072-0j -0.000823103-0j -0.000271438-0j 2.93195e-05-0j -0.000208685-0j 0.0022511-0j 0.000570733-0j -0.000244384-0j -6.19599e-05-0j -0.021011-0j -0.000853627-0j 1.10865e-05-0j -0.023255-0j -0.00021567-0j -2.55503e-05-0j 0.0541072-0j -0.000944792-0j -0.0122564-0j -0.0185752-0j 1.22705e-05-0j -0.000238703-0j 0.0631251-0j 0.00219824-0j -2.8279e-05-0j -0.000497949-0j -0.0947338-0j -2.85496e-05-0j -0.0125118-0j -0.000754664-0j 6.4671e-06-0j -0.0117811-0j 9.80117e-06-0j 0.000555389-0j -0.000125807-0j 0.00256462-0j -0.000190667-0j 6.57966e-05-0j 0.0227831-0j -3.33079e-05-0j -0.0038488-0j -1.49043e-05-0j -0.000508323-0j -2.25882e-05-0j -0.0020195-0j 4.99862e-05-0j 0.000647954-0j -0.000478638-0j 6.60183e-06-0j -0.000972404-0j 6.21629e-06-0j 7.67627e-05-0j 0.00092562-0j -0.000128428-0j -0.000120928-0j -1.20215e-05-0j -0.0001152-0j -1.52148e-05-0j -8.20474e-05-0j 0.000233859-0j 1.06559e-06-0j -1.43263e-05-0j -2.07294e-05-0j 2.77051e-05-0j -2.45579e-06-0j 
0.000377137-0j 0.000381045-0j -0.0020891-0j -0.00258513-0j -0.00150799-0j 0.0154294-0j 0.00110421-0j -0.00606517-0j -0.00371414-0j -0.000434058-0j -0.00530702-0j -0.000265805-0j -0.000379801-0j -0.00218903-0j -0.00015666-0j 1.96904e-05-0j 0.0315462-0j -4.1611e-05-0j -6.60144e-05-0j 1.81611e-05-0j -0.105762-0j 1.83493e-05-0j 0.000139506-0j 1.58909e-05-0j 0.029096-0j 0.0293976-0j -3.83791e-05-0j 1.31094e-05-0j 0.025459-0j -3.87768e-05-0j 4.1885e-06-0j -3.35817e-05-0j 0.0210026-0j -2.77035e-05-0j 0.00671044-0j -8.85141e-06-0j 1.55178e-05-0j -0.000121947-0j 0.0289509-0j 1.71751e-05-0j 0.00592199-0j -3.65004e-06-0j -4.02986e-05-0j -0.00013497-0j 9.05205e-06-0j -4.07162e-05-0j 0.0320428-0j 0.00655444-0j 1.58411e-05-0j 0.000316687-0j -4.03985e-06-0j -7.11356e-05-0j 5.60067e-06-0j -0.0751835-0j 9.24064e-06-0j 0.000319969-0j 0.0168881-0j 9.80117e-06-0j -0.0759627-0j -0.015379-0j 0.00345449-0j -0.000124487-0j -0.0155384-0j 9.47889e-06-0j 5.71735e-06-0j 0.0295541-0j -4.40129e-05-0j -2.12919e-06-0j -7.26176e-05-0j 9.57712e-06-0j 1.49151e-06-0j 0.0104489-0j 0.00604536-0j -7.70226e-05-0j 0.0172399-0j 0.00213736-0j 0.0182857-0j -3.72608e-06-0j -4.49298e-05-0j 0.00352646-0j 0.00374038-0j 0.0106666-0j -1.31737e-06-0j -2.17355e-06-0j -1.17211e-05-0j 0.00218189-0j 0.00278265-0j -2.3054e-06-0j 0.000569199-0j -1.34481e-06-0j -3.50828e-07-0j 
0.00351994-0j -0.00343318-0j -0.000813246-0j 8.86589e-06-0j -0.000581485-0j -0.0241344-0j 3.64364e-05-0j 0.000959391-0j -0.0172425-0j -1.44842e-06-0j 0.0237835-0j 2.60314e-05-0j -3.59066e-05-0j 0.0297828-0j -4.49638e-05-0j -0.0265307-0j -0.00310597-0j 2.70729e-06-0j -0.000519249-0j 0.048123-0j -6.07889e-05-0j -0.0469369-0j 5.29861e-08-0j -0.00037097-0j 0.00563379-0j -0.00549493-0j -4.91065e-06-0j 0.0344088-0j -4.34297e-05-0j 4.78961e-06-0j 0.0220853-0j 3.78551e-08-0j 0.00402826-0j -3.5112e-06-0j 0.00258555-0j -2.25367e-06-0j 0.000144833-0j -0.00348476-0j -0.00284124-0j 2.77734e-06-0j -0.000288474-0j 1.77799e-07-0j 0.000126729-0j -6.68245e-05-0j -0.000416786-0j -0.000123605-0j -5.44842e-05-0j -5.53183e-06-0j -5.03771e-06-0j -0.00304917-0j 3.40951e-09-0j 0.0100281-0j 5.22729e-05-0j -0.00248608-0j 0.000330407-0j 0.00297401-0j 0.00817624-0j -8.83078e-05-0j 0.00242481-0j -0.000252415-0j 0.000830143-0j 0.00012121-0j 0.000246193-0j 1.55574e-07-0j -0.000156388-0j 9.88266e-05-0j -0.00125772-0j -5.11653e-07-0j -0.00794979-0j -1.5174e-07-0j -6.81567e-05-0j -0.00102546-0j 1.0034e-05-0j 0.00212474-0j -0.00648172-0j -0.000104116-0j 0.00173237-0j -6.18437e-09-0j 0.00376278-0j -0.000658096-0j 0.000175889-0j 0.00306791-0j 6.41711e-08-0j 4.05613e-07-0j 0.00163989-0j 0.000311489-0j 0.00133706-0j -1.08408e-07-0j 0.000135753-0j -1.91984e-07-0j -8.36703e-08-0j 
0.00366477-0j 0.00380896-0j 0.0208954-0j 0.0242501-0j 0.0135423-0j -0.000270527-0j 0.00372127-0j 0.000304678-0j 0.000568817-0j -0.00419105-0j -0.00026814-0j -0.00782445-0j 0.00368844-0j -0.000538389-0j 0.0074059-0j -0.000196945-0j 0.00164158-0j 0.000416197-0j 0.000214764-0j 0.000176477-0j -0.0017901-0j 0.000183421-0j -0.000453853-0j -0.000451569-0j -0.00147098-0j -0.00152885-0j -0.000372943-0j 0.000114375-0j 0.00376392-0j -0.000387616-0j -0.000439307-0j 0.000954283-0j -0.000953338-0j -0.000241704-0j 0.00366172-0j 0.000928372-0j 0.030022-0j 0.00121972-0j -1.58411e-05-0j -0.0320769-0j 0.000308164-0j 3.6508e-05-0j -0.0255214-0j -0.0013032-0j 0.0175128-0j -0.0265256-0j 1.69253e-05-0j -0.000329256-0j 0.0287433-0j -0.00103687-0j -3.90068e-05-0j 0.000711504-0j -0.0532522-0j 1.34664e-05-0j 0.0160514-0j -0.00107767-0j -9.24064e-06-0j 0.0557734-0j 1.39962e-05-0j -0.000261967-0j 0.000179762-0j 0.00116777-0j -0.000272274-0j -3.10351e-05-0j -0.0507915-0j -1.51664e-05-0j -0.00216351-0j 2.12963e-05-0j 0.00065213-0j -3.22562e-05-0j 0.0524526-0j 2.80985e-05-0j 0.000295038-0j 0.00226594-0j -8.46951e-06-0j -0.000546612-0j -2.94288e-05-0j 3.4953e-05-0j -0.00206354-0j 0.000164761-0j 0.000572491-0j 2.68001e-05-0j -6.47569e-05-0j 1.95192e-05-0j 0.00213102-0j -0.000521354-0j -2.76766e-05-0j 6.78227e-05-0j 0.000538405-0j -6.17646e-05-0j 6.37845e-05-0j 
-4.4446e-05-0j -4.49066e-05-0j 0.000749052-0j 0.000926905-0j 0.000540694-0j -0.000904453-0j 0.0186022-0j 0.000355534-0j 0.000217719-0j -0.00731239-0j 0.000311092-0j -0.00447791-0j -0.00639834-0j 0.000128319-0j -0.00263918-0j -2.32054e-06-0j -0.00562606-0j 0.0214863-0j 7.77987e-06-0j -2.1403e-06-0j 0.018862-0j -2.16248e-06-0j -0.0720353-0j -1.87276e-06-0j -0.00518909-0j -0.00524286-0j 0.0198175-0j -1.54495e-06-0j -0.00454045-0j 0.0200228-0j -4.9362e-07-0j 0.0173403-0j -0.00374568-0j 0.014305-0j -0.00119676-0j 0.00457052-0j -1.82879e-06-0j 4.37243e-05-0j 3.58761e-05-0j -2.0241e-06-0j 0.0496231-0j 0.00582917-0j 4.74924e-06-0j 4.83939e-05-0j -1.06679e-06-0j 4.79845e-06-0j 3.97075e-05-0j 0.0549227-0j -1.86689e-06-0j -0.000113549-0j 0.00645171-0j 2.55058e-05-0j -6.60045e-07-0j -9.31675e-05-0j -1.08902e-06-0j -0.000114725-0j 2.09277e-05-0j -1.15508e-06-0j -9.4133e-05-0j -0.128868-0j 0.0289468-0j 4.46352e-05-0j -0.130203-0j -0.0151379-0j -6.73796e-07-0j 3.66235e-05-0j 1.57809e-05-0j 0.00340035-0j 2.60372e-05-0j -0.0152948-0j -1.75776e-07-0j 1.29484e-05-0j 0.0506569-0j 2.76166e-05-0j 2.13637e-05-0j 0.0179099-0j 2.26596e-05-0j 0.00595061-0j 1.61097e-05-0j 0.0295499-0j 0.0313423-0j 1.32181e-05-0j 0.00210386-0j 0.00347119-0j 4.20261e-06-0j 0.018283-0j 3.44827e-06-0j 0.00368175-0j 0.00476958-0j 0.00214769-0j 0.000560277-0j 
-0.00634382-0j 0.00217785-0j 0.000253233-0j -0.000922239-0j 0.000182793-0j -0.0147793-0j 2.23127e-05-0j -0.0172425-0j -0.00937359-0j 2.60314e-05-0j 0.0444025-0j 1.41516e-05-0j -6.70357e-05-0j -0.00622314-0j 9.39524e-06-0j -0.0162467-0j -0.00190201-0j 1.65787e-06-0j -0.0183526-0j 0.0441013-0j -0.00214855-0j -0.0151401-0j 1.87276e-06-0j -0.0116399-0j 0.00516297-0j -0.00177246-0j -4.50026e-06-0j 0.031834-0j -0.00136269-0j 1.54495e-06-0j -0.00345596-0j 1.18778e-06-0j 0.00372683-0j -3.24846e-06-0j -0.000404592-0j 3.52659e-07-0j 8.86916e-05-0j -0.00213397-0j -0.0017399-0j 9.81636e-05-0j -0.000176654-0j 1.08879e-07-0j -0.000228397-0j -0.00236188-0j 5.17368e-05-0j 7.84094e-05-0j -0.00192571-0j -0.00019552-0j -0.000266463-0j 0.00549537-0j 1.20507e-07-0j -0.00124482-0j 0.000399889-0j 0.00448055-0j 5.28146e-05-0j -0.00188658-0j -0.00101494-0j 4.97303e-05-0j -0.00153819-0j 0.000454915-0j -0.000103048-0j 0.00641126-0j -0.000156174-0j -2.80384e-07-0j -9.61717e-05-0j 0.00522731-0j -0.00962158-0j 6.35129e-08-0j -0.00127075-0j 9.62566e-08-0j 8.5247e-06-0j -0.00784478-0j 0.000530734-0j -0.00119654-0j -0.00103608-0j -0.000796489-0j -0.000975578-0j -3.27114e-07-0j 0.00231395-0j -0.000105195-0j -9.90515e-05-0j 0.00188663-0j 4.90911e-07-0j 6.48361e-08-0j -0.000205109-0j 0.000191552-0j -0.000167232-0j 6.10497e-08-0j -1.69793e-05-0j -1.18062e-07-0j 1.04651e-08-0j 
-0.00050806-0j 0.000495538-0j -0.0111867-0j 0.000121956-0j -0.00799872-0j -3.64364e-05-0j -0.0233792-0j 1.44842e-06-0j -2.60314e-05-0j 0.000929368-0j 3.59066e-05-0j -0.0167029-0j 0.0230393-0j 4.49638e-05-0j 0.0288508-0j 0.00382938-0j 0.000446887-0j -0.00532347-0j 7.49472e-05-0j -0.00694596-0j 8.74631e-06-0j 0.00677475-0j -0.000104189-0j 5.35448e-05-0j -0.000810591-0j 0.000790612-0j 0.00965602-0j -0.00496648-0j 6.24867e-06-0j -0.00941802-0j -0.00318774-0j -7.44361e-05-0j -0.000579587-0j 0.00690423-0j -0.000372009-0j 0.00443149-0j -2.09048e-05-0j -0.0479353-0j -2.13359e-06-0j -4.00875e-07-0j -0.00193606-0j -0.000704145-0j -1.82917e-05-0j -0.000919216-0j 6.01579e-05-0j 1.78409e-05-0j -4.09141e-08-0j -3.71264e-05-0j 7.27131e-07-0j -0.0419434-0j -1.35028e-05-0j 0.137944-0j -7.54495e-06-0j -1.86689e-06-0j -4.76902e-05-0j 0.0409095-0j 6.13984e-06-0j 1.27461e-05-0j 1.82088e-06-0j -0.00169406-0j 0.00557142-0j 0.00166733-0j 0.0016523-0j -0.000616127-0j 2.25726e-05-0j 7.42125e-08-0j -0.0173007-0j 0.00202632-0j -0.109355-0j 0.000600941-0j 9.83758e-06-0j -7.70053e-07-0j 6.7342e-05-0j 0.0292272-0j -4.86736e-06-0j -0.000698763-0j 1.3009e-06-0j 2.44922e-05-0j 0.0517596-0j -0.00441674-0j 0.00118046-0j 2.30381e-06-0j -0.000254139-0j -0.00160637-0j 0.0225578-0j 0.00209053-0j 1.00404e-06-0j 0.000429333-0j 0.000911091-0j 0.000760322-0j 0.000331363-0j 
0.00155593-0j 0.00743016-0j -0.0086189-0j 0.0312569-0j -0.0074485-0j 0.000111587-0j -0.00153495-0j -0.000381531-0j 7.97213e-05-0j 0.00524821-0j 0.000538389-0j -0.00109662-0j -0.0074059-0j -0.000653705-0j 0.00899215-0j 8.12357e-05-0j -0.000677116-0j -0.000171672-0j -0.000268937-0j 7.49262e-05-0j 0.00224164-0j 0.0003578-0j 0.000568334-0j -0.000192138-0j -0.000624525-0j -0.00298234-0j -0.000158339-0j 6.47516e-05-0j 0.00160151-0j -0.000756126-0j -0.000321736-0j 0.000406038-0j -0.000539718-0j -0.000136837-0j 0.00268174-0j 0.000679914-0j -0.0123835-0j -0.000503109-0j 6.53412e-06-0j 0.040168-0j -0.000127111-0j -1.50588e-05-0j -0.0108355-0j 0.00163193-0j -0.00722368-0j -0.0517436-0j -2.11946e-05-0j 0.000412309-0j 0.0370482-0j -0.000440221-0j 4.8846e-05-0j -0.00029348-0j -0.00446942-0j 5.71735e-06-0j -0.00882857-0j -0.00210222-0j 3.81157e-06-0j -0.0369674-0j 2.73025e-05-0j -0.000111222-0j -7.41481e-05-0j 0.00150518-0j -0.000531127-0j -1.31764e-05-0j 0.0634775-0j -1.95485e-05-0j -0.000181582-0j -8.78429e-06-0j -0.000358683-0j -6.29223e-05-0j -0.0374259-0j 2.35829e-06-0j 0.000380285-0j -0.0015019-0j 4.65839e-06-0j -4.58768e-05-0j 1.95058e-05-0j 4.50522e-05-0j 0.00257893-0j -9.06217e-05-0j -0.000379456-0j -3.34938e-05-0j -5.435e-06-0j -1.07359e-05-0j -0.00152052-0j 0.000651571-0j 1.97477e-05-0j -4.49539e-05-0j -0.000384162-0j 7.71912e-05-0j -4.55114e-05-0j 
2.02867e-06-0j 2.0497e-06-0j -5.71412e-05-0j -7.07086e-05-0j -4.12467e-05-0j -4.31802e-07-0j -0.0028601-0j 1.69738e-07-0j 1.03943e-07-0j 0.00112428-0j 1.48521e-07-0j 0.000688481-0j 0.000983749-0j 6.12617e-08-0j 0.000405776-0j 1.05917e-07-0j -4.48911e-06-0j -0.0102356-0j -3.55101e-07-0j 9.7691e-08-0j 1.50503e-05-0j 9.87034e-08-0j 0.034316-0j 8.54796e-08-0j -4.14045e-06-0j -4.18336e-06-0j -0.0094406-0j 7.05171e-08-0j -3.62289e-06-0j -0.00953843-0j 2.25305e-08-0j -0.00826053-0j -2.98873e-06-0j -0.00681459-0j -9.54915e-07-0j -0.00217729-0j 8.34725e-08-0j -3.33549e-06-0j 8.51937e-09-0j 9.23871e-08-0j 7.9803e-05-0j 0.0633841-0j -2.16772e-07-0j -3.69171e-06-0j 4.86923e-08-0j -2.19018e-07-0j 9.42922e-09-0j 8.83258e-05-0j 8.52115e-08-0j 8.66204e-06-0j 0.0701533-0j -1.9457e-06-0j 3.01268e-08-0j -2.21242e-08-0j 4.97067e-08-0j 8.7518e-06-0j 4.96964e-09-0j 5.27219e-08-0j -2.23535e-08-0j -0.000207243-0j 4.65518e-05-0j -3.40498e-06-0j -0.00020939-0j -0.164604-0j 3.07545e-08-0j 8.69686e-09-0j -1.20384e-06-0j 0.036974-0j -1.98624e-06-0j -0.16631-0j 8.02306e-09-0j 3.0748e-09-0j 8.14656e-05-0j -2.10673e-06-0j 5.07317e-09-0j 2.88024e-05-0j 5.38091e-09-0j 0.0647046-0j -1.22892e-06-0j 4.75216e-05-0j 5.04043e-05-0j 3.13886e-09-0j 0.0228765-0j 0.0377443-0j -3.20595e-07-0j 2.94025e-05-0j 8.1885e-10-0j 0.0400339-0j 7.67036e-06-0j 0.0233531-0j 0.00609223-0j 
0.00299227-0j 0.00311-0j -0.000361837-0j -0.000419931-0j -0.000234506-0j 0.0211176-0j -3.18819e-05-0j -0.0237835-0j -0.0444025-0j 3.59066e-05-0j 0.0209313-0j 6.70357e-05-0j -3.16006e-05-0j 0.0420273-0j -6.34497e-05-0j 0.0232144-0j 0.00271772-0j -2.36888e-06-0j -0.0253147-0j -0.0208018-0j -0.00296362-0j -0.0216202-0j 2.58321e-06-0j 0.0532275-0j -0.00243528-0j -0.0025311-0j 2.12269e-06-0j -0.0134816-0j 0.00623138-0j 2.20621e-06-0j 0.0517822-0j -5.43153e-06-0j -0.00157831-0j 1.37572e-06-0j 0.00606218-0j -5.28405e-06-0j -0.000126729-0j 0.00304917-0j 0.00248608-0j 0.000135403-0j 0.000252415-0j -1.55574e-07-0j 0.000107731-0j -0.00325787-0j -7.39251e-05-0j 0.000111969-0j -0.00265624-0j -0.000269691-0j -0.000121331-0j -0.00259207-0j 1.66222e-07-0j 0.00177868-0j 0.000224788-0j -0.0021134-0j -6.77561e-05-0j -0.00269405-0j 0.00145022-0j -0.00023543-0j -0.00219655-0j -0.000214575-0j 0.000147242-0j 0.00291929-0j -0.000223018-0j 1.32252e-07-0j 0.000214401-0j 0.00238019-0j -0.00540853-0j -9.07516e-08-0j 0.00163025-0j 1.37456e-07-0j -0.000221413-0j -0.00440975-0j 0.000241663-0j 0.00566459-0j 0.0013292-0j -0.000447726-0j 0.00461852-0j -1.48948e-07-0j -0.00515861-0j 0.000134955-0j 0.000468923-0j -0.00420598-0j 2.75953e-07-0j -8.31785e-08-0j 0.00532732-0j -0.000427038-0j 0.00434353-0j -2.89018e-07-0j 0.000441004-0j 2.63202e-07-0j -2.7181e-07-0j 
-0.000439993-0j 0.000429148-0j -0.00479317-0j 5.22545e-05-0j -0.00342721-0j 0.00606517-0j 0.000434058-0j -0.000241102-0j 0.00433316-0j -1.72546e-05-0j -0.00597698-0j 0.000310106-0j -0.000427747-0j -0.00748463-0j -0.000535643-0j -2.29721e-05-0j -0.0368039-0j 4.85462e-05-0j -4.49602e-07-0j 4.16682e-05-0j -0.000720312-0j -4.06412e-05-0j 9.50128e-07-0j -3.21211e-07-0j 0.0667571-0j -0.0651117-0j -8.80559e-05-0j 2.97935e-05-0j -0.000514616-0j 8.58856e-05-0j 1.9123e-05-0j 6.78804e-07-0j 0.0477325-0j -6.29616e-05-0j 0.0306372-0j -4.0412e-05-0j -1.81041e-05-0j 0.000142271-0j -0.0337761-0j -3.47168e-07-0j -0.00690899-0j 4.25838e-06-0j -1.58411e-05-0j 2.72822e-06-0j 5.20983e-05-0j 1.54506e-05-0j -0.000647697-0j -0.000132488-0j 6.29714e-07-0j 0.000124487-0j 8.16595e-08-0j -0.000409414-0j -6.53412e-06-0j -0.0295541-0j -4.13009e-05-0j -0.000121419-0j 0.0971976-0j 1.10385e-05-0j 0.0288256-0j -0.00604536-0j 0.019882-0j -4.94861e-06-0j 0.00589636-0j 3.72608e-06-0j 1.95485e-05-0j 0.00117483-0j 5.13484e-05-0j -1.22544e-05-0j 0.000324563-0j -3.63424e-06-0j 8.51959e-06-0j -0.0121904-0j 0.000240315-0j -8.67459e-05-0j -0.0770534-0j -0.00249359-0j 0.020594-0j -1.48119e-07-0j -0.000153622-0j -0.0157615-0j 0.00421256-0j 0.0364708-0j 1.53693e-06-0j 9.71464e-06-0j -6.69513e-05-0j 0.00746019-0j 0.0158947-0j -2.59643e-06-0j 0.00325129-0j -4.59812e-06-0j -2.00395e-06-0j 
0.000915652-0j -0.000314346-0j 0.00348339-0j -0.012686-0j 0.00251445-0j -2.23127e-05-0j -0.0143168-0j -2.60314e-05-0j -1.41516e-05-0j -0.0167029-0j 6.70357e-05-0j -0.00908027-0j 0.043013-0j -9.39524e-06-0j -0.0060284-0j 0.00234501-0j 0.000273661-0j -0.00325994-0j 0.00264897-0j -0.00636547-0j 0.000309134-0j 0.00218529-0j -0.0036825-0j 0.00168008-0j -0.000742849-0j 0.000255022-0j 0.00884905-0j -0.00459484-0j 0.000196065-0j -0.00303791-0j 0.000498825-0j -0.00233559-0j -0.000536216-0j 0.00638758-0j 5.82127e-05-0j -0.000693448-0j -1.28015e-05-0j -0.0293542-0j -1.30655e-06-0j -1.41687e-05-0j -0.00118559-0j -0.000431199-0j 3.29663e-05-0j -0.0324892-0j -7.46756e-06-0j -1.13174e-05-0j -1.44609e-06-0j -0.00131221-0j 3.84607e-05-0j 0.0755925-0j -0.00047725-0j -0.0171233-0j -5.77191e-05-0j 3.36461e-06-0j -7.62314e-06-0j -0.0259511-0j -7.62155e-07-0j -7.17795e-06-0j -1.15508e-06-0j 0.00305312-0j -0.000691596-0j 0.0881912-0j -0.00104814-0j 0.00111042-0j 1.38812e-05-0j 3.92537e-06-0j -0.132351-0j -0.000251533-0j -0.01748-0j -0.000381209-0j -1.23043e-06-0j -5.89093e-06-0j 0.00356197-0j -0.0164592-0j -7.78033e-07-0j -0.00534555-0j -7.32597e-07-0j 0.00129549-0j 0.0318299-0j -0.000706004-0j -0.000664774-0j 1.41674e-06-0j -0.00194417-0j -0.000256773-0j -0.00282142-0j 0.00128558-0j -1.25581e-07-0j -0.000241778-0j -0.000113955-0j 0.000467565-0j -4.14452e-05-0j 
0.000792978-0j -0.000272232-0j 0.00149253-0j -0.00543557-0j 0.00107736-0j 0.00371414-0j 0.000265805-0j 0.00433316-0j 0.00235565-0j 0.000310106-0j -0.0111587-0j 0.000168584-0j -0.00079858-0j 0.00156392-0j 0.000111923-0j -1.40675e-05-0j -0.0225377-0j 2.97283e-05-0j -1.58909e-05-0j 3.81859e-05-0j -0.025459-0j -1.31094e-05-0j 3.35817e-05-0j -1.00787e-05-0j 0.0611781-0j -0.0210026-0j -8.0697e-05-0j 2.75641e-05-0j -0.0161471-0j 2.77035e-05-0j -2.99241e-06-0j 2.12989e-05-0j 0.0441607-0j -5.82502e-05-0j -0.00479417-0j 6.32375e-06-0j -1.10865e-05-0j 8.7123e-05-0j -0.0206836-0j -1.22705e-05-0j -0.00423087-0j 2.60771e-06-0j 2.85496e-05-0j 9.64274e-05-0j -6.4671e-06-0j -9.80117e-06-0j -0.0228925-0j -0.00468272-0j 3.33079e-05-0j -0.000224357-0j 2.88621e-06-0j 5.08217e-05-0j -4.99862e-05-0j 0.0532639-0j -6.60183e-06-0j 7.70226e-05-0j -0.0120654-0j -6.21629e-06-0j -0.0182857-0j 0.0108953-0j -0.00246801-0j -0.00026175-0j -0.00374038-0j -6.71534e-06-0j 1.20215e-05-0j 0.0621412-0j 0.000392817-0j 1.52117e-06-0j 5.18805e-05-0j 2.3054e-06-0j -1.06559e-06-0j -0.0932572-0j 0.0127111-0j 4.88508e-05-0j -0.0123168-0j -0.019076-0j -0.0115975-0j -7.83456e-06-0j -9.44707e-05-0j -0.00251943-0j -0.0023723-0j 0.022428-0j 1.17576e-05-0j 1.55286e-06-0j 8.37392e-06-0j 0.0045877-0j -0.00198802-0j 1.46217e-06-0j -0.000406655-0j -2.82764e-06-0j 2.50644e-07-0j 
-0.000431897-0j -0.00044889-0j -0.00497731-0j -0.00577643-0j -0.00322579-0j 3.18819e-05-0j 0.0204568-0j -3.59066e-05-0j -6.70357e-05-0j -0.0230393-0j 3.16006e-05-0j -0.043013-0j 0.0202763-0j 6.34497e-05-0j 0.0407121-0j -0.00335071-0j -0.000391026-0j 0.00465803-0j 0.00365387-0j 0.00300248-0j 0.000426405-0j 0.00312061-0j -0.00507948-0j -0.00768272-0j 0.000350389-0j 0.000364174-0j -0.00417394-0j 0.00194591-0j -0.000896571-0j -0.00433816-0j -0.00747412-0j 0.0106802-0j 0.000227087-0j -0.00270513-0j -0.000872227-0j 0.0103902-0j 1.82917e-05-0j 0.0419434-0j 1.86689e-06-0j -1.95437e-05-0j 0.00169406-0j 0.000616127-0j -1.55496e-05-0j -0.0448142-0j 1.06702e-05-0j -1.61614e-05-0j -1.99467e-06-0j -0.00181001-0j 1.75126e-05-0j -0.0356557-0j -0.000658298-0j 0.024467-0j -3.24453e-05-0j -1.58703e-06-0j 9.77975e-06-0j -0.0370585-0j 1.08902e-06-0j 3.39814e-05-0j -1.64947e-06-0j -0.0014401-0j 0.0009882-0j 0.0401568-0j -0.00149676-0j -0.000523764-0j -3.09461e-05-0j 1.78737e-06-0j -0.0743979-0j 0.000359407-0j 0.0224252-0j -0.000544371-0j 3.19582e-05-0j -3.31144e-06-0j 0.0016219-0j 0.0779202-0j 9.98142e-07-0j -0.00300487-0j 3.46821e-06-0j 0.000589884-0j -0.0709601-0j 0.000905736-0j 0.00314713-0j -3.15842e-06-0j -0.00109287-0j 0.000329415-0j 0.0732809-0j -0.00286602-0j 3.26172e-06-0j 0.00114461-0j 0.00295975-0j -0.00104237-0j 0.00107646-0j 
5.18537e-05-0j -5.05756e-05-0j 0.0017186-0j -1.8736e-05-0j 0.00122883-0j -0.000355534-0j 0.00731239-0j 1.41332e-05-0j -0.000254006-0j -0.000290682-0j 0.000350364-0j 0.00522422-0j -0.00720607-0j 0.000438741-0j -0.00902375-0j 2.70729e-06-0j 0.00656373-0j -0.0250673-0j 5.29861e-08-0j -4.91065e-06-0j 0.000128463-0j 4.78961e-06-0j -0.000490608-0j 3.78551e-08-0j -0.0119057-0j 0.0116122-0j 0.0454686-0j -3.5112e-06-0j 9.17784e-05-0j -0.0443479-0j -2.25367e-06-0j -0.000350507-0j -0.00851278-0j 0.0325109-0j -0.00546394-0j 0.0208671-0j 2.13359e-06-0j -5.10117e-05-0j -4.18554e-05-0j 4.09141e-08-0j -0.0578936-0j -0.0068007-0j 1.86689e-06-0j -9.7821e-07-0j -6.13984e-06-0j -1.82088e-06-0j -8.02627e-07-0j -0.00111018-0j -7.42125e-08-0j -4.46352e-05-0j -0.000130412-0j 0.000146796-0j 7.70053e-07-0j -3.66235e-05-0j 4.86736e-06-0j 4.3535e-05-0j 0.000120447-0j -1.3009e-06-0j 3.57208e-05-0j -0.0506569-0j 0.166601-0j 1.77433e-06-0j 0.0494083-0j -0.00595061-0j -2.30381e-06-0j 1.45585e-06-0j -1.84111e-05-0j 0.0195704-0j -0.000116373-0j 0.00580394-0j -1.00404e-06-0j -1.51064e-05-0j 0.00201371-0j 3.11029e-05-0j -9.54847e-05-0j -0.0208949-0j 2.55202e-05-0j 0.000236548-0j 5.50814e-05-0j -0.132073-0j 0.035299-0j 4.51946e-05-0j -0.0024545-0j -0.0155144-0j 2.40055e-05-0j 0.0625124-0j 1.96967e-05-0j 0.00414654-0j 0.0272441-0j 0.00734326-0j 0.00320033-0j 
0.00127041-0j 0.0060667-0j 0.00014925-0j -0.000541264-0j 0.000128983-0j -0.00871058-0j 1.31506e-05-0j 0.0297828-0j -0.00622314-0j -4.49638e-05-0j -0.0420273-0j 9.39524e-06-0j 6.34497e-05-0j 0.051029-0j -7.70398e-05-0j -0.00957544-0j -0.001121-0j 9.77113e-07-0j 0.0317002-0j -0.00883173-0j 0.00371117-0j -0.0421747-0j -3.23481e-06-0j 0.0226477-0j -0.00103394-0j -0.00493743-0j 9.01222e-07-0j -0.00763242-0j 0.00265139-0j 4.30367e-06-0j 0.0379238-0j -2.31106e-06-0j -0.000893533-0j 7.78841e-07-0j 0.00443977-0j -3.86989e-06-0j 5.22729e-05-0j -0.00125772-0j -0.00102546-0j -0.000169557-0j -0.000104116-0j 6.41711e-08-0j 4.57388e-05-0j 0.00407964-0j 3.04925e-05-0j 0.00021842-0j 0.00332626-0j 0.000337719-0j -0.000156388-0j -0.0011005-0j -2.08151e-07-0j -0.000733669-0j 1.88663e-05-0j -0.000897275-0j 3.72671e-05-0j -0.00525531-0j -0.000598183-0j 0.000156047-0j -0.00428482-0j -9.11013e-05-0j -6.07342e-05-0j 0.00376278-0j -0.000435042-0j 5.61497e-08-0j -0.000267951-0j 0.00306791-0j -0.000453934-0j 3.74331e-08-0j -0.000896668-0j 2.68135e-07-0j 0.000157982-0j -0.000370107-0j 0.000311489-0j -0.00375457-0j -0.000731082-0j -3.75774e-05-0j -0.00306122-0j -1.91984e-07-0j 0.00644705-0j -7.42276e-05-0j -0.000310809-0j 0.00525649-0j 2.31606e-08-0j 4.57497e-08-0j -0.00380114-0j 0.000533697-0j -0.00309919-0j 1.91565e-07-0j -0.000314664-0j -3.2894e-07-0j 1.93941e-07-0j 
-0.000374034-0j -0.00038875-0j -0.00213262-0j -0.00247502-0j -0.00138215-0j -0.00530702-0j -0.000379801-0j 0.00597698-0j 0.0111587-0j 0.000427747-0j -0.0052602-0j 0.00079858-0j -0.00037645-0j -0.0105618-0j -0.000755861-0j 2.01006e-05-0j 0.0322034-0j -4.24779e-05-0j -2.19193e-05-0j -1.80116e-05-0j -0.0351171-0j -1.87203e-05-0j 4.63212e-05-0j 4.6088e-05-0j -0.0288567-0j -0.029992-0j 3.80634e-05-0j -1.16733e-05-0j 0.0738381-0j 3.95609e-05-0j 4.48366e-05-0j -9.73962e-05-0j -0.018702-0j 2.46688e-05-0j 0.0718332-0j -9.47516e-05-0j 1.58411e-05-0j -0.000124487-0j 0.0295541-0j -1.69253e-05-0j 0.00604536-0j -3.72608e-06-0j -1.34664e-05-0j 0.000133008-0j 9.24064e-06-0j -1.39962e-05-0j -0.0315769-0j -0.00645914-0j 1.51664e-05-0j 0.000105825-0j 3.98111e-06-0j -7.26176e-05-0j -2.80985e-05-0j -0.0251237-0j 8.46951e-06-0j 0.000109989-0j 0.0172399-0j 2.94288e-05-0j -0.0261121-0j -0.00513911-0j 0.00352646-0j -0.000119185-0j -0.0053413-0j 3.16751e-06-0j -2.68001e-05-0j 0.0282953-0j 0.000220812-0j -2.17355e-06-0j -6.65577e-05-0j 3.29213e-06-0j 2.76766e-05-0j -0.0524222-0j 0.00578787-0j -0.000231266-0j 0.0158012-0j -0.0107231-0j 0.0549041-0j -3.56737e-06-0j 0.000210609-0j 0.00323218-0j 0.0112308-0j -0.0499999-0j 6.60922e-06-0j -1.99217e-06-0j -0.000217497-0j -0.0102276-0j 0.0516351-0j -6.92212e-06-0j 0.0105621-0j 6.30382e-06-0j -6.50998e-06-0j 
-9.34534e-05-0j 3.20828e-05-0j -0.000535149-0j 0.00194893-0j -0.000386291-0j -0.000217719-0j 0.00447791-0j -0.000254006-0j -0.000138086-0j 0.00522422-0j 0.000654111-0j 0.00284006-0j -0.0134533-0j -9.16755e-05-0j 0.00188552-0j 1.65787e-06-0j 0.00401945-0j -0.0153505-0j 1.87276e-06-0j -4.50026e-06-0j 0.00454045-0j 1.54495e-06-0j -0.0173403-0j 1.18778e-06-0j -0.0109107-0j 0.00374568-0j 0.0416687-0j -3.24846e-06-0j 0.00287973-0j -0.014305-0j 3.52659e-07-0j -0.0109979-0j -0.00787577-0j 0.0300781-0j 0.000855009-0j -0.00326533-0j 1.30655e-06-0j -3.12381e-05-0j -2.56311e-05-0j 1.44609e-06-0j -0.0354524-0j -0.00416456-0j -3.36461e-06-0j -3.45743e-05-0j 7.62155e-07-0j 1.15508e-06-0j -2.83684e-05-0j -0.0392387-0j -3.92537e-06-0j 8.04439e-05-0j -0.00460932-0j -1.82222e-05-0j 5.89093e-06-0j 6.60047e-05-0j 7.78033e-07-0j -2.76166e-05-0j -1.49515e-05-0j 7.32597e-07-0j -2.26596e-05-0j 0.0912965-0j -0.0206806-0j 9.38512e-05-0j -0.0313423-0j 0.0107245-0j -1.41674e-06-0j 7.70055e-05-0j -0.000140845-0j -0.00242933-0j -1.86019e-05-0j -0.00368175-0j 1.25581e-07-0j -0.000115564-0j 0.106513-0j -1.75155e-05-0j -1.5263e-05-0j -0.159847-0j -1.43716e-05-0j 0.0125119-0j 3.38727e-05-0j -0.0211114-0j -0.0198786-0j 2.77928e-05-0j -0.018777-0j -0.00247994-0j -3.00249e-06-0j 0.0384424-0j -2.46356e-06-0j -0.00233511-0j -0.00340755-0j 0.00451579-0j -0.000400282-0j 
-2.36679e-06-0j 2.30845e-06-0j -0.000131103-0j 1.42927e-06-0j -9.37411e-05-0j -1.69738e-07-0j -0.00112428-0j 6.74742e-09-0j -1.21267e-07-0j 4.46925e-05-0j 1.6727e-07-0j -0.000803228-0j 0.00110794-0j 2.09463e-07-0j 0.00138741-0j -1.2357e-07-0j 5.2373e-06-0j 0.0119415-0j -2.41847e-09-0j 2.24139e-07-0j 1.02502e-07-0j -2.18615e-07-0j 0.000233715-0j -1.72784e-09-0j -9.49973e-06-0j 9.26558e-06-0j -0.0216602-0j 1.60264e-07-0j 7.32313e-08-0j 0.0211264-0j 1.02865e-07-0j 0.000166974-0j -6.79248e-06-0j -0.0154875-0j -4.35976e-06-0j -0.00994065-0j -9.73846e-08-0j 3.89141e-06-0j -9.93927e-09-0j -1.86747e-09-0j -9.31036e-05-0j -0.0739481-0j -8.52115e-08-0j 7.46224e-08-0j 2.80244e-07-0j 8.31112e-08-0j -1.90597e-10-0j -1.78537e-06-0j 3.38732e-09-0j 3.40498e-06-0j -0.00141804-0j -1.11983e-05-0j -3.51479e-08-0j -8.69686e-09-0j -2.22163e-07-0j -3.32106e-06-0j 2.86023e-08-0j 5.93775e-08-0j 8.4825e-09-0j -8.14656e-05-0j 0.000267925-0j -1.35355e-07-0j 7.94577e-05-0j -0.0647046-0j 1.05154e-07-0j 3.45717e-10-0j 1.40448e-06-0j 0.212801-0j 8.87747e-06-0j 0.0631097-0j 4.58281e-08-0j -3.58727e-09-0j 3.23841e-06-0j -2.37268e-06-0j -2.26745e-08-0j -3.36029e-05-0j 6.06019e-09-0j 0.00257213-0j -4.20187e-06-0j -0.000212397-0j 5.67673e-05-0j 1.07322e-08-0j -0.0266893-0j -0.168698-0j -1.83125e-06-0j 0.000100531-0j 4.67731e-09-0j 0.0450878-0j 4.38135e-05-0j 0.0798477-0j 0.0347992-0j 
-0.000183369-0j -0.000875653-0j 0.00205304-0j -0.00744544-0j 0.00177424-0j -1.31506e-05-0j -0.008438-0j 4.49638e-05-0j -9.39524e-06-0j 0.0288508-0j -6.34497e-05-0j -0.0060284-0j -0.0407121-0j 7.70398e-05-0j 0.0494322-0j 0.0013821-0j 0.00016129-0j -0.00192134-0j -0.00457553-0j 0.00127475-0j -0.000533963-0j 0.0060874-0j 0.00636074-0j -0.00326892-0j 0.000148763-0j 0.000710398-0j -0.00177211-0j 0.00110165-0j -0.000381482-0j -0.00846249-0j -0.00547383-0j 0.00454433-0j 0.000128562-0j -0.00153147-0j -0.000638795-0j 0.00760953-0j -7.54495e-06-0j -0.0173007-0j -7.70053e-07-0j 2.44734e-05-0j -0.000698763-0j -0.000254139-0j -6.60183e-06-0j 0.0561182-0j -4.40122e-06-0j -3.15262e-05-0j 2.49781e-06-0j 0.00226657-0j 2.25726e-05-0j -0.0151382-0j 0.000824349-0j -0.0100921-0j -2.72312e-06-0j -6.73796e-07-0j -5.37904e-06-0j -0.0722903-0j -4.49198e-07-0j -2.25234e-05-0j -3.21763e-06-0j -0.000611417-0j -0.000407612-0j 0.0517596-0j -0.00291974-0j -0.000222372-0j 3.86753e-05-0j 2.30381e-06-0j -0.00624417-0j -0.000148248-0j -0.0123343-0j -0.00106191-0j -2.28027e-05-0j -2.77927e-07-0j 0.00209053-0j -0.0516467-0j -5.48996e-07-0j -0.000252197-0j -2.29878e-06-0j 0.000760322-0j 0.0886835-0j -0.000498171-0j -0.00208597-0j 3.94728e-06-0j -9.17238e-05-0j -0.000181184-0j -0.0522872-0j 0.00358185-0j -2.32729e-06-0j -0.000758664-0j -0.00211184-0j 0.00130272-0j -0.000768073-0j 
4.26554e-06-0j -1.46437e-06-0j 4.08237e-05-0j -0.000148674-0j 2.94681e-05-0j -1.03943e-07-0j -0.000688481-0j -1.21267e-07-0j -6.59247e-08-0j -0.000803228-0j 3.12284e-07-0j -0.000436662-0j 0.00206846-0j -4.37675e-08-0j -0.0002899-0j -7.56711e-08-0j 3.20718e-06-0j 0.00731266-0j -8.54796e-08-0j 2.05408e-07-0j 3.62289e-06-0j -7.05171e-08-0j 0.00826053-0j -5.42145e-08-0j -8.70582e-06-0j 2.98873e-06-0j -0.0198501-0j 1.48271e-07-0j 2.29778e-06-0j 0.00681459-0j -1.60966e-08-0j 0.00523915-0j -6.28419e-06-0j -0.0143285-0j 6.82224e-07-0j 0.00155553-0j -5.96356e-08-0j 2.38299e-06-0j -6.08653e-09-0j -6.60045e-08-0j -5.70141e-05-0j -0.0452838-0j 1.53573e-07-0j 2.63749e-06-0j -3.47874e-08-0j -5.27219e-08-0j -6.73656e-09-0j -6.3103e-05-0j 1.79168e-07-0j -6.13664e-06-0j -0.0501199-0j 1.39008e-06-0j -2.68883e-07-0j 1.56739e-08-0j -3.55122e-08-0j 2.10673e-06-0j -3.55048e-09-0j -3.34383e-08-0j -5.38091e-09-0j 0.000146822-0j -3.32582e-05-0j -7.15941e-06-0j -5.04043e-05-0j 0.116614-0j 6.46651e-08-0j 1.82863e-08-0j 1.07443e-05-0j -0.0264155-0j 1.41904e-06-0j -0.0400339-0j -5.73195e-09-0j -2.74427e-08-0j 0.000171292-0j 1.33617e-06-0j -3.62445e-09-0j -0.000257063-0j -3.41278e-09-0j 0.13605-0j -2.58397e-06-0j -3.39511e-05-0j -3.19684e-05-0j 6.59986e-09-0j -0.204174-0j -0.0269659-0j 2.29044e-07-0j 6.18225e-05-0j -5.85014e-10-0j -0.0253911-0j -5.47997e-06-0j 0.0491029-0j -0.0043525-0j 
-0.000158802-0j -0.000758337-0j 0.000879663-0j -0.00319014-0j 0.000760209-0j 0.00218903-0j 0.00015666-0j -0.00748463-0j 0.00156392-0j -0.000535643-0j 0.0105618-0j 0.000111923-0j 0.000755861-0j -0.012824-0j -0.000917757-0j -8.29108e-06-0j -0.0132832-0j 1.75212e-05-0j 2.74482e-05-0j -7.64712e-06-0j 0.0439751-0j -3.65178e-05-0j -5.80054e-05-0j 1.961e-05-0j -0.0122515-0j -0.0585056-0j 1.61604e-05-0j -6.60868e-06-0j 0.0314173-0j 7.71718e-05-0j 3.28371e-05-0j -4.1441e-05-0j -0.0105878-0j 1.39659e-05-0j 0.0526087-0j -6.93934e-05-0j -6.53412e-06-0j 5.13484e-05-0j -0.0121904-0j 2.11946e-05-0j -0.00249359-0j 1.53693e-06-0j -5.71735e-06-0j -0.000166558-0j -3.81157e-06-0j -2.73025e-05-0j 0.039542-0j 0.00808841-0j 1.95485e-05-0j 4.49298e-05-0j -4.98532e-06-0j 2.99532e-05-0j -2.35829e-06-0j -0.0106666-0j -4.65839e-06-0j 0.000214557-0j -0.00711109-0j -1.95058e-05-0j -0.0509371-0j -0.00218189-0j -0.00145459-0j -0.000153622-0j -0.0104193-0j 1.34481e-06-0j 3.34938e-05-0j 0.0364708-0j 1.85326e-05-0j 8.96543e-07-0j 3.66079e-05-0j 6.42198e-06-0j -1.97477e-05-0j -0.00439976-0j 0.00746019-0j 0.000153287-0j -0.00869097-0j -0.000899983-0j -0.0363912-0j -4.59812e-06-0j -0.000263211-0j -0.00177776-0j -0.00744392-0j 0.0624881-0j 5.54708e-07-0j 1.09573e-06-0j 0.000155188-0j 0.0127821-0j -0.0368426-0j 4.58809e-06-0j -0.00753624-0j -7.87829e-06-0j 4.64499e-06-0j 
4.40803e-05-0j 4.58146e-05-0j 0.000764657-0j 0.000887424-0j 0.000495574-0j 0.000311092-0j -0.00639834-0j -0.000350364-0j -0.000654111-0j 0.00720607-0j 0.000308348-0j 0.0134533-0j -0.00634189-0j 0.000619121-0j -0.0127337-0j -2.36888e-06-0j -0.00574327-0j 0.0219339-0j 2.58321e-06-0j 2.12269e-06-0j 0.0062629-0j 2.20621e-06-0j -0.0239184-0j -5.43153e-06-0j 0.0051464-0j 0.00534888-0j -0.0196544-0j 1.37572e-06-0j -0.0131685-0j -0.0204277-0j -5.28405e-06-0j 0.0502915-0j 0.00333538-0j -0.012738-0j -0.012811-0j 0.048926-0j -1.86689e-06-0j 4.46352e-05-0j 3.66235e-05-0j 1.99467e-06-0j 0.0506569-0j 0.00595061-0j 1.58703e-06-0j -4.76902e-05-0j -1.08902e-06-0j 1.64947e-06-0j -3.91302e-05-0j -0.0541241-0j -1.78737e-06-0j -3.7944e-05-0j -0.0063579-0j 2.60372e-05-0j 3.31144e-06-0j -3.11333e-05-0j -9.98142e-07-0j -3.94368e-05-0j 2.13637e-05-0j -3.46821e-06-0j -3.23582e-05-0j -0.043063-0j 0.0295499-0j 4.2734e-05-0j -0.0447572-0j -0.00505856-0j 3.15842e-06-0j 3.50635e-05-0j -7.91727e-05-0j 0.00347119-0j 2.38644e-05-0j -0.00525758-0j -3.26172e-06-0j -6.49617e-05-0j 0.0484992-0j 8.2921e-05-0j 1.95809e-05-0j -0.0898538-0j 6.80372e-05-0j 0.00569715-0j -7.55142e-05-0j 0.0270839-0j 0.0941077-0j -6.19599e-05-0j -0.010555-0j 0.00318152-0j 7.79839e-05-0j -0.0857018-0j 6.39863e-05-0j 0.0110547-0j 0.0885046-0j -0.0100673-0j 0.0103965-0j 
-2.01198e-06-0j -2.09114e-06-0j -5.83316e-05-0j -6.76969e-05-0j -3.78047e-05-0j 1.48521e-07-0j 0.000983749-0j -1.6727e-07-0j -3.12284e-07-0j -0.00110794-0j 1.47211e-07-0j -0.00206846-0j 0.00097507-0j 2.95579e-07-0j 0.00195781-0j 1.08124e-07-0j -4.58264e-06-0j -0.0104488-0j -1.17907e-07-0j -9.68872e-08-0j 4.99726e-06-0j -1.00699e-07-0j 0.0113942-0j 2.47914e-07-0j 4.10638e-06-0j 4.26795e-06-0j 0.00936293-0j -6.27926e-08-0j -1.05074e-05-0j 0.00973131-0j 2.41183e-07-0j -0.0239578-0j 2.66135e-06-0j 0.00606811-0j -1.02221e-05-0j -0.0233073-0j 8.52115e-08-0j -3.40498e-06-0j 8.69686e-09-0j -9.10438e-08-0j 8.14656e-05-0j 0.0647046-0j -7.24375e-08-0j 3.63804e-06-0j 4.97067e-08-0j -7.52875e-08-0j -9.29212e-09-0j -8.70415e-05-0j 8.1582e-08-0j 2.89454e-06-0j -0.0691333-0j -1.98624e-06-0j -1.51146e-07-0j -7.39312e-09-0j 4.55587e-08-0j 3.00843e-06-0j 5.07317e-09-0j 1.58302e-07-0j -7.684e-09-0j -6.92532e-05-0j 4.75216e-05-0j -3.25995e-06-0j -7.19779e-05-0j -0.0550048-0j -1.44162e-07-0j 8.32643e-09-0j 6.03966e-06-0j 0.0377443-0j -1.82049e-06-0j -0.0571689-0j 1.48876e-07-0j -1.54262e-08-0j 7.79957e-05-0j -6.3256e-06-0j 4.64982e-09-0j -0.000144501-0j 1.61566e-08-0j 0.0619485-0j 5.76058e-06-0j 4.3556e-05-0j 0.000151343-0j -1.47134e-08-0j -0.114771-0j 0.0345946-0j -5.94898e-06-0j -0.000137824-0j 1.51946e-08-0j 0.120205-0j 0.000142332-0j -0.109468-0j 0.113048-0j 
1.8715e-05-0j 8.93709e-05-0j -0.000315405-0j 0.00114383-0j -0.000272575-0j -0.000128319-0j 0.00263918-0j 0.000438741-0j -9.16755e-05-0j -0.00902375-0j -0.000619121-0j 0.00188552-0j 0.0127337-0j 0.000751728-0j -0.0154611-0j 9.77113e-07-0j 0.00236898-0j -0.00904727-0j -3.23481e-06-0j 9.01222e-07-0j -0.00784267-0j 4.30367e-06-0j 0.0299517-0j -2.31106e-06-0j 0.00218498-0j 0.0104341-0j -0.00834458-0j 7.78841e-07-0j -0.00560308-0j -0.0398484-0j -3.86989e-06-0j 0.0213985-0j 0.00188827-0j -0.00721143-0j -0.00938241-0j 0.035832-0j 7.70053e-07-0j -1.84111e-05-0j -1.51064e-05-0j -2.49781e-06-0j -0.0208949-0j -0.0024545-0j 6.73796e-07-0j 5.97198e-05-0j 4.49198e-07-0j 3.21763e-06-0j 4.90005e-05-0j 0.0677765-0j -2.30381e-06-0j -1.61097e-05-0j 0.00796163-0j -1.07398e-05-0j 2.77927e-07-0j -1.32181e-05-0j 5.48996e-07-0j -7.69297e-05-0j -8.81207e-06-0j 2.29878e-06-0j -6.31213e-05-0j -0.018283-0j -0.0121887-0j 5.50814e-05-0j -0.0873082-0j -0.00214769-0j -3.94728e-06-0j 4.51946e-05-0j -6.64491e-06-0j -0.00143179-0j -1.31259e-05-0j -0.010256-0j 2.32729e-06-0j -5.45219e-06-0j 0.0625124-0j -5.49612e-05-0j -1.07699e-05-0j -0.00754137-0j -4.50961e-05-0j 0.00734326-0j 9.4375e-05-0j -0.0148967-0j -0.062376-0j 7.74353e-05-0j -0.000885876-0j -0.00174989-0j -5.56429e-05-0j 0.107107-0j -4.56554e-05-0j -0.00732724-0j -0.0631496-0j 0.0125818-0j -0.00741812-0j 
-8.54218e-07-0j -4.07921e-06-0j 2.40606e-05-0j -8.72569e-05-0j 2.07933e-05-0j -6.12617e-08-0j -0.000405776-0j 2.09463e-07-0j -4.37675e-08-0j 0.00138741-0j -2.95579e-07-0j -0.0002899-0j -0.00195781-0j 3.58888e-07-0j 0.00237715-0j -4.45989e-08-0j 1.89024e-06-0j 0.00430992-0j 1.47648e-07-0j -4.1135e-08-0j -6.25778e-06-0j -1.96435e-07-0j -0.0142683-0j 1.05485e-07-0j 1.74343e-06-0j 8.32551e-06-0j 0.00397518-0j -3.5549e-08-0j -4.47078e-06-0j 0.0189829-0j 1.76635e-07-0j -0.0101938-0j 1.50668e-06-0j 0.00343537-0j -7.48636e-06-0j -0.0170696-0j -3.51479e-08-0j 1.40448e-06-0j -3.58727e-09-0j 1.14009e-07-0j -3.36029e-05-0j -0.0266893-0j -3.07545e-08-0j -4.5557e-06-0j -2.0503e-08-0j -1.46864e-07-0j 1.1636e-08-0j 0.000108997-0j 1.05154e-07-0j 1.22892e-06-0j 0.0865716-0j 8.19282e-07-0j -1.26856e-08-0j -3.13886e-09-0j -2.50581e-08-0j 5.86856e-06-0j -2.09258e-09-0j -1.04925e-07-0j -1.49892e-08-0j -2.94025e-05-0j -1.96017e-05-0j -4.20187e-06-0j -0.000140408-0j -0.0233531-0j 1.80168e-07-0j 1.07322e-08-0j 5.06905e-07-0j -0.0155687-0j 1.0013e-06-0j -0.11152-0j -1.06226e-07-0j -1.29472e-09-0j 0.000100531-0j 4.1927e-06-0j -2.55748e-09-0j -1.21279e-05-0j -1.07088e-08-0j 0.0798477-0j -7.19937e-06-0j -2.39566e-05-0j -0.000100312-0j 1.83883e-08-0j -0.00963267-0j -0.0190277-0j 4.2447e-06-0j 0.000172248-0j -1.08416e-08-0j -0.0796735-0j -0.000101556-0j 0.136809-0j -0.0806617-0j 
