-0.0054637-0j 9.98521e-06-0j -4.3788e-07-0j 1.13222e-05-0j -1.13765e-06-0j 0.000508266-0j 6.11014e-08-0j 1.49778e-05-0j -9.85231e-07-0j 0.000829996-0j -1.60887e-06-0j 1.22203e-07-0j 1.29616e-07-0j -4.92251e-09-0j -1.48953e-06-0j 1.49667e-07-0j -9.4564e-05-0j -1.3923e-08-0j 1.22203e-07-0j -9.28197e-09-0j -1.3923e-08-0j 7.47783e-10-0j 5.0789e-06-0j 1.05752e-09-0j 5.7923e-10-0j -5.38835e-11-0j -3.59223e-11-0j 2.18766e-12-0j -4.79677e-14-0j 1.00164-0j 8.72196e-06-0j 9.32416e-06-0j -6.6248e-07-0j 1.06822e-05-0j -7.02666e-07-0j 0.000591953-0j -8.11369e-07-0j 6.16279e-08-0j 5.33713e-08-0j -1.57005e-09-0j 0.000724991-0j -1.32496e-06-0j 5.81033e-08-0j -1.50236e-06-0j 1.50957e-07-0j -6.7443e-05-0j -8.10769e-09-0j -1.40533e-06-0j 9.24419e-08-0j -7.78765e-05-0j 1.50957e-07-0j -1.1466e-08-0j -1.21615e-08-0j 4.61867e-10-0j 1.14113e-07-0j -1.1466e-08-0j 7.24455e-06-0j 1.06664e-09-0j -8.10769e-09-0j 6.15823e-10-0j 9.23735e-10-0j -4.96125e-11-0j -3.01391e-07-0j -6.27554e-11-0j -3.13777e-11-0j 2.91894e-12-0j 1.80161e-12-0j -1.02632e-13-0j 2.01277e-15-0j 
-0.00314627-0j -0.00498189-0j -6.32026e-07-0j 1.63421e-05-0j 0.000377854-0j -1.27193e-06-0j 8.81923e-08-0j 2.16186e-05-0j 0.000655885-0j -2.07705e-06-0j 0.000802711-0j 1.76385e-07-0j -4.30501e-05-0j -7.10503e-09-0j -2.14995e-06-0j -4.971e-05-0j 2.36645e-07-0j -2.00961e-08-0j -6.09703e-05-0j -1.33974e-08-0j 4.62433e-06-0j 1.07933e-09-0j -1.27099e-08-0j 1.52641e-09-0j -1.92384e-07-0j -7.77741e-11-0j -5.18494e-11-0j 3.15762e-12-0j -6.92354e-14-0j 8.72196e-06-0j 1.00136-0j 1.34583e-05-0j 0.000220034-0j 1.54184e-05-0j 0.000467777-0j -1.48135e-06-0j 0.000404814-0j 8.89522e-08-0j -1.77266e-05-0j -2.26617e-09-0j 0.000417485-0j 0.000661058-0j 8.3865e-08-0j -2.16848e-06-0j -5.01383e-05-0j 1.68775e-07-0j -1.17024e-08-0j -2.02842e-06-0j -6.15401e-05-0j 1.94885e-07-0j -7.53165e-05-0j -1.65497e-08-0j 4.03929e-06-0j 6.66648e-10-0j 1.64708e-07-0j 3.80828e-06-0j -1.81293e-08-0j 1.53956e-09-0j 4.04514e-06-0j 8.88864e-10-0j -3.06806e-07-0j -7.16095e-11-0j 7.54226e-10-0j -9.05796e-11-0j 1.04217e-08-0j 4.21313e-12-0j 2.6004e-12-0j -1.48136e-13-0j 2.90519e-15-0j 
1.46168e-05-0j -0.00265523-0j 0.00035067-0j -0.00704837-0j 0.000302518-0j -1.35975e-06-0j -1.62478e-05-0j 2.31113e-05-0j -1.52024e-06-0j 0.000382659-0j -2.48255e-06-0j -6.518e-05-0j 2.00001e-07-0j -7.5956e-09-0j 0.000927274-0j -3.97989e-05-0j 2.52984e-07-0j 3.70234e-06-0j 1.88563e-07-0j 4.95077e-06-0j -2.14836e-08-0j 1.15385e-09-0j -1.35874e-08-0j -2.81213e-07-0j 8.93771e-10-0j -8.3144e-11-0j 9.55232e-09-0j 3.37564e-12-0j -7.40158e-14-0j 9.32416e-06-0j 1.34583e-05-0j 1.00032-0j 0.00035335-0j 1.64829e-05-0j -1.08424e-06-0j 0.000272912-0j -1.25197e-06-0j -3.28708e-05-0j 8.23538e-08-0j -2.42263e-09-0j -1.93954e-06-0j 0.000352328-0j -4.65312e-05-0j 0.000935264-0j -4.01419e-05-0j 1.80428e-07-0j 2.15596e-06-0j -2.16848e-06-0j 1.42641e-07-0j -3.5904e-05-0j 2.32932e-07-0j 6.11568e-06-0j -1.87656e-08-0j 7.12677e-10-0j -7.10384e-05-0j 3.04899e-06-0j -1.93811e-08-0j -2.83636e-07-0j -1.25104e-08-0j -3.28465e-07-0j 1.42535e-09-0j -7.65538e-11-0j 8.06302e-10-0j 1.66877e-08-0j -4.84168e-11-0j 4.50403e-12-0j -4.79077e-10-0j -1.58364e-13-0j 3.10578e-15-0j 
-0.000238976-0j -0.000378402-0j -0.00860397-0j 1.24127e-06-0j -0.00992066-0j -9.66098e-08-0j -2.31551e-06-0j 1.64205e-06-0j 4.9818e-05-0j 5.45335e-05-0j -1.76385e-07-0j 0.000795758-0j -3.26989e-06-0j -5.39666e-10-0j -1.633e-07-0j 0.00130515-0j 1.79745e-08-0j 5.27627e-07-0j 1.33974e-08-0j -6.04421e-05-0j 3.51243e-07-0j 8.19811e-11-0j -9.65383e-10-0j -4.00762e-08-0j -1.46126e-08-0j -5.90737e-12-0j 1.36132e-09-0j 2.39838e-13-0j -5.25881e-15-0j 6.6248e-07-0j -0.000220034-0j -0.00035335-0j 0.992682-0j 1.17111e-06-0j 3.55302e-05-0j 3.88933e-05-0j -8.89522e-08-0j 0.000401307-0j -1.34643e-06-0j -1.72128e-10-0j 3.17103e-05-0j 5.0211e-05-0j 0.00114168-0j -1.64708e-07-0j 0.0013164-0j 1.28194e-08-0j 3.07251e-07-0j -1.5407e-07-0j -4.67431e-06-0j -5.11675e-06-0j 1.65497e-08-0j -7.46641e-05-0j 3.06806e-07-0j 5.06356e-11-0j 1.25104e-08-0j -9.99874e-05-0j -1.37702e-09-0j -4.04215e-08-0j -8.88864e-10-0j 4.0101e-06-0j -2.33036e-08-0j -5.43913e-12-0j 5.72876e-11-0j 2.37819e-09-0j 7.91584e-10-0j 3.2001e-13-0j -6.82742e-11-0j -1.12517e-14-0j 2.20665e-16-0j 
1.67457e-05-0j 1.76515e-05-0j -7.7407e-07-0j -0.00229282-0j 0.000230382-0j 0.000358464-0j -3.73365e-05-0j -0.0122119-0j -1.74166e-06-0j -2.54385e-06-0j 0.000325809-0j -2.4747e-05-0j -5.27254e-05-0j 4.01349e-06-0j -2.63314e-06-0j 2.64577e-07-0j -3.32016e-05-0j 5.66362e-06-0j 2.16026e-07-0j -1.64084e-08-0j 2.8195e-06-0j -4.56939e-07-0j -1.55663e-08-0j -2.14157e-07-0j 1.02394e-09-0j 2.19189e-08-0j -6.35023e-11-0j -4.43018e-10-0j -8.47957e-14-0j 1.06822e-05-0j 1.54184e-05-0j 1.64829e-05-0j -1.17111e-06-0j 0.997725-0j 0.000142295-0j 0.000207835-0j 0.000330051-0j -2.50692e-05-0j -3.2613e-05-0j 1.60083e-06-0j -2.22203e-06-0j -2.34222e-06-0j 1.02713e-07-0j 0.00030424-0j -3.05699e-05-0j -4.75654e-05-0j 4.95427e-06-0j 0.00114581-0j 1.63416e-07-0j 2.38684e-07-0j -3.05699e-05-0j 2.32195e-06-0j 4.9471e-06-0j -3.76576e-07-0j 2.01725e-07-0j -2.02692e-08-0j 2.54357e-06-0j -4.3389e-07-0j -1.43325e-08-0j 1.08863e-09-0j -1.87063e-07-0j 3.03161e-08-0j 9.23735e-10-0j 1.27084e-08-0j -5.54685e-11-0j -1.18738e-09-0j 3.18483e-12-0j 2.07837e-11-0j 3.55811e-15-0j 
-0.000508046-0j 1.16111e-06-0j -5.09178e-08-0j -0.00015082-0j -0.00698953-0j 2.35795e-05-0j -2.45597e-06-0j 1.74166e-06-0j -0.0121326-0j -1.67333e-07-0j 2.14315e-05-0j -1.62784e-06-0j 0.00159963-0j 2.64004e-07-0j -1.73206e-07-0j -8.02697e-06-0j -2.18398e-06-0j 3.72549e-07-0j 1.42101e-08-0j -1.07933e-09-0j -8.55406e-05-0j -3.00571e-08-0j -1.02394e-09-0j -1.40871e-08-0j -3.10653e-08-0j 1.44181e-09-0j -4.17714e-12-0j -2.91415e-11-0j -5.57781e-15-0j 7.02666e-07-0j -0.000467777-0j 1.08424e-06-0j 3.55302e-05-0j -0.000142295-0j 0.991245-0j 1.36713e-05-0j 2.17105e-05-0j -1.64903e-06-0j 0.000989442-0j 1.05302e-07-0j 6.74138e-05-0j -1.5407e-07-0j 6.75641e-09-0j 2.00127e-05-0j 0.000927457-0j -3.12882e-06-0j 3.25889e-07-0j -1.63416e-07-0j 0.00113837-0j 1.57005e-08-0j -2.01087e-06-0j 1.52736e-07-0j -0.00015009-0j -2.47709e-08-0j 1.32693e-08-0j 6.14946e-07-0j 1.67314e-07-0j -2.8541e-08-0j -9.42783e-10-0j 7.16095e-11-0j 5.67529e-06-0j 1.99418e-09-0j 6.07627e-11-0j 8.35953e-10-0j 1.68285e-09-0j -7.81048e-11-0j 2.09496e-13-0j 1.36714e-12-0j 2.3405e-16-0j 
-0.000463177-0j -0.000292261-0j 3.85982e-05-0j -0.000220287-0j -0.00381449-0j -0.00991492-0j 0.00061819-0j 2.54385e-06-0j -1.67333e-07-0j -0.0121257-0j 3.13027e-05-0j 0.000821862-0j -5.0657e-06-0j 3.85603e-07-0j -2.52984e-07-0j -4.38067e-06-0j 0.000918338-0j -9.3774e-05-0j 2.07551e-08-0j 5.44931e-07-0j 2.70889e-07-0j -4.39012e-08-0j 4.30557e-07-0j 3.54585e-06-0j 9.83773e-11-0j 2.1059e-09-0j 1.05142e-09-0j -4.25638e-11-0j -8.14691e-15-0j -0.000591953-0j 1.48135e-06-0j -0.000272912-0j 3.88933e-05-0j -0.000207835-0j 1.36713e-05-0j 0.990679-0j 3.17103e-05-0j 0.000832562-0j -3.13335e-06-0j 1.53803e-07-0j 6.14601e-05-0j 3.87807e-05-0j -5.12168e-06-0j 2.92304e-05-0j 0.000506154-0j 0.00131563-0j -8.20291e-05-0j -2.38684e-07-0j 1.57005e-08-0j 0.00113772-0j -2.93706e-06-0j -7.71134e-05-0j 4.75302e-07-0j -3.61802e-08-0j 1.93811e-08-0j 3.35603e-07-0j -7.03538e-05-0j 7.18402e-06-0j -1.37702e-09-0j -3.61541e-08-0j -1.79725e-08-0j 2.91268e-09-0j -2.555e-08-0j -2.10417e-07-0j -5.32924e-12-0j -1.14079e-10-0j -5.2732e-11-0j 1.99683e-12-0j 3.41852e-16-0j 
1.27193e-06-0j -0.000463445-0j -5.87949e-08-0j -0.000349825-0j 3.51503e-05-0j -0.00310536-0j 0.000651627-0j 2.01109e-06-0j -1.32288e-07-0j -1.9322e-07-0j -0.0171831-0j -3.77575e-06-0j 0.000456759-0j -0.000105299-0j -2.00001e-07-0j 2.00961e-08-0j -5.0657e-06-0j -4.90638e-05-0j -5.67182e-06-0j -1.2463e-09-0j 4.30183e-07-0j 7.97486e-06-0j -1.18235e-09-0j -3.26747e-08-0j 7.77741e-11-0j -1.89883e-07-0j -4.82335e-12-0j -6.75931e-11-0j -6.4407e-15-0j 8.11369e-07-0j -0.000404814-0j 1.25197e-06-0j -8.89522e-08-0j -0.000330051-0j 2.17105e-05-0j 3.17103e-05-0j 0.988338-0j 0.000217174-0j 0.000569188-0j -5.60566e-05-0j -1.68775e-07-0j 6.14956e-05-0j 7.80163e-09-0j 4.64191e-05-0j -4.66417e-06-0j 0.000412058-0j -8.64659e-05-0j -1.88696e-07-0j 1.24123e-08-0j 1.81293e-08-0j 0.00161225-0j 3.54269e-07-0j -4.28566e-05-0j 9.87993e-06-0j 1.53221e-08-0j -1.53956e-09-0j 3.88083e-07-0j 3.75877e-06-0j 3.76304e-07-0j 8.26875e-11-0j -2.8541e-08-0j -5.29101e-07-0j 7.01627e-11-0j 1.93898e-09-0j -4.21313e-12-0j 1.02862e-08-0j 2.41905e-13-0j 3.17105e-12-0j 2.70258e-16-0j 
9.66098e-08-0j -3.52012e-05-0j -0.000800393-0j -2.65711e-05-0j -0.00092288-0j -0.000235869-0j -0.0171086-0j 1.52754e-07-0j -1.0048e-08-0j 5.07303e-06-0j 3.77575e-06-0j -0.0170343-0j 3.46933e-05-0j -7.99802e-06-0j -1.51912e-08-0j -5.27627e-07-0j -3.84767e-07-0j 0.00128818-0j 1.2463e-09-0j -5.62269e-06-0j 3.26747e-08-0j 6.05734e-07-0j -8.98058e-11-0j 8.57884e-07-0j 5.90737e-12-0j -1.44226e-08-0j 1.26638e-10-0j -5.13406e-12-0j -4.89206e-16-0j 6.16279e-08-0j 8.89522e-08-0j -3.28708e-05-0j -0.000401307-0j -2.50692e-05-0j 1.64903e-06-0j -0.000832562-0j -0.000217174-0j 0.979777-0j 4.32329e-05-0j -4.2578e-06-0j -1.28194e-08-0j 4.67093e-06-0j 0.000106206-0j 3.52578e-06-0j 0.000122459-0j 3.12981e-05-0j 0.00227018-0j -1.43325e-08-0j 9.42783e-10-0j -4.75991e-07-0j -3.54269e-07-0j 0.00159828-0j -3.25519e-06-0j 7.50435e-07-0j 1.1638e-09-0j 4.04215e-08-0j 2.9477e-08-0j -9.86876e-05-0j -8.26875e-11-0j 3.73044e-07-0j -2.16784e-09-0j -4.01881e-08-0j 5.32924e-12-0j -5.09084e-08-0j -3.2001e-13-0j 7.81294e-10-0j -6.35128e-12-0j 2.40858e-13-0j 2.05276e-17-0j 
-1.92526e-05-0j 8.81923e-08-0j -3.86749e-09-0j -3.45669e-05-0j -0.000799238-0j -0.000618187-0j -0.00486715-0j 1.32288e-07-0j 4.01349e-06-0j -1.27099e-08-0j 4.91194e-06-0j -3.73089e-07-0j -0.0209234-0j 0.00158923-0j -1.3156e-08-0j -3.04185e-07-0j -5.00551e-07-0j -9.76717e-06-0j 1.07933e-09-0j -8.19811e-11-0j -9.78138e-06-0j -5.95661e-05-0j -7.77741e-11-0j -3.22865e-09-0j -1.17723e-09-0j -3.78001e-08-0j -3.17277e-13-0j -6.679e-12-0j -4.23665e-16-0j 5.33713e-08-0j -1.77266e-05-0j 8.23538e-08-0j 1.34643e-06-0j -3.2613e-05-0j -0.000989442-0j 3.13335e-06-0j -0.000569188-0j 4.32329e-05-0j 0.978293-0j 0.00127275-0j 2.55467e-06-0j -1.17024e-08-0j 5.13186e-10-0j 4.58676e-06-0j 0.000106053-0j 8.20287e-05-0j 0.000645833-0j -1.24123e-08-0j -3.76576e-07-0j 1.19254e-09-0j -4.60876e-07-0j 3.5006e-08-0j 0.00196319-0j -0.000149113-0j 1.00788e-09-0j 2.33036e-08-0j 3.83472e-08-0j 7.48262e-07-0j -7.16095e-11-0j 5.43913e-12-0j 6.48957e-07-0j 3.95198e-06-0j 4.61526e-12-0j 1.91594e-10-0j 6.37723e-11-0j 2.04768e-09-0j 1.59124e-14-0j 3.13337e-13-0j 1.77774e-17-0j 
2.46125e-09-0j 2.59439e-09-0j -1.13772e-10-0j -1.69674e-06-0j 1.70488e-07-0j -6.08823e-05-0j -0.00145709-0j 3.89158e-09-0j -2.55986e-10-0j -3.73891e-10-0j 2.41107e-07-0j -1.83134e-08-0j 8.955e-06-0j -0.0268943-0j -3.87014e-10-0j 3.88871e-11-0j -2.45699e-08-0j -9.61922e-07-0j 3.17511e-11-0j -2.41167e-12-0j 2.0865e-09-0j -1.78324e-05-0j -2.28791e-12-0j -1.58481e-10-0j 1.50497e-13-0j -3.72275e-09-0j -9.33346e-15-0j -3.27844e-13-0j -1.24631e-17-0j 1.57005e-09-0j 2.26617e-09-0j 2.42263e-09-0j -1.72128e-10-0j -1.60083e-06-0j 1.05302e-07-0j 1.53803e-07-0j -5.60566e-05-0j 4.2578e-06-0j -0.00127275-0j 0.965351-0j -3.26589e-10-0j -3.44256e-10-0j 1.50966e-11-0j 2.25145e-07-0j -2.26225e-08-0j 8.07861e-06-0j 0.000193345-0j -3.65138e-10-0j 2.40186e-11-0j 3.50813e-11-0j -2.26225e-08-0j 1.7183e-09-0j -8.40227e-07-0j 0.00252343-0j 2.96491e-11-0j -2.97913e-12-0j 1.8823e-09-0j 7.36928e-08-0j -2.10657e-12-0j 1.60005e-13-0j -1.38431e-10-0j 1.18311e-06-0j 1.35769e-13-0j 9.40455e-12-0j -8.15266e-15-0j 2.01667e-10-0j 4.68101e-16-0j 1.53804e-14-0j 5.22965e-19-0j 
0.130536-0j 2.07705e-06-0j -9.10846e-08-0j 2.35515e-06-0j 5.44546e-05-0j 5.27713e-05-0j 1.27099e-08-0j -0.000176895-0j -0.00536681-0j -0.00489283-0j 1.90016e-05-0j -1.44328e-06-0j 0.00035226-0j 5.81372e-08-0j 3.5494e-05-0j 0.000820673-0j 0.00112473-0j 3.3177e-07-0j -4.38067e-06-0j 3.32735e-07-0j -0.000114849-0j -2.68061e-08-0j -0.000121343-0j -5.06195e-08-0j 7.98184e-06-0j 3.22679e-09-0j 2.58292e-09-0j -1.83592e-10-0j 5.17852e-12-0j -0.000724991-0j -0.000417485-0j 1.93954e-06-0j 3.17103e-05-0j 2.22203e-06-0j 6.74138e-05-0j 6.14601e-05-0j -1.68775e-07-0j 1.28194e-08-0j -2.55467e-06-0j -3.26589e-10-0j 0.983455-0j 1.56484e-05-0j -6.86229e-07-0j 1.77437e-05-0j 0.000410259-0j 0.000397577-0j 9.57558e-08-0j 3.34877e-05-0j 0.00101598-0j 0.000926251-0j -3.59715e-06-0j 2.73223e-07-0j -6.66855e-05-0j -1.10058e-08-0j -4.09066e-06-0j -9.4582e-05-0j -0.000129624-0j -3.82363e-08-0j 3.88083e-07-0j -2.9477e-08-0j 1.01745e-05-0j 2.37475e-09-0j 9.00869e-06-0j 3.75808e-09-0j -5.19166e-07-0j -2.09881e-10-0j -1.51194e-10-0j 9.84648e-12-0j -2.41486e-13-0j 
2.07705e-06-0j 0.130422-0j 4.983e-05-0j 2.48255e-06-0j 4.29878e-05-0j -1.9322e-07-0j -2.30881e-06-0j -0.000186464-0j 1.22655e-05-0j -0.00308733-0j -0.00692351-0j 0.000525879-0j -1.61363e-06-0j 6.1282e-08-0j 3.74139e-05-0j 0.000647859-0j -4.11815e-06-0j -6.02678e-05-0j 0.00159616-0j -0.000121237-0j 5.26101e-07-0j -2.82562e-08-0j 4.44291e-07-0j 9.19529e-06-0j -3.65632e-08-0j 3.40133e-09-0j -4.69202e-07-0j -1.93523e-10-0j 5.45864e-12-0j 1.32496e-06-0j -0.000661058-0j -0.000352328-0j 5.0211e-05-0j 2.34222e-06-0j -1.5407e-07-0j 3.87807e-05-0j 6.14956e-05-0j -4.67093e-06-0j 1.17024e-08-0j -3.44256e-10-0j 1.56484e-05-0j 0.982599-0j 0.000375418-0j 1.87035e-05-0j 0.000323869-0j -1.45571e-06-0j -1.73945e-05-0j 3.52991e-05-0j -2.32195e-06-0j 0.000584456-0j 0.00131068-0j -9.95529e-05-0j 3.05473e-07-0j -1.16012e-08-0j -4.31193e-06-0j -7.46653e-05-0j 4.74614e-07-0j 6.94582e-06-0j -0.000141404-0j 1.07404e-05-0j -4.66072e-08-0j 2.50321e-09-0j -3.29849e-08-0j -6.82675e-07-0j 2.37819e-09-0j -2.21234e-10-0j 2.74652e-08-0j 1.03791e-11-0j -2.54549e-13-0j 
9.10846e-08-0j -4.983e-05-0j 0.129288-0j 1.08867e-07-0j 5.67729e-06-0j -8.47324e-09-0j -3.0492e-07-0j -8.17699e-06-0j 5.37877e-07-0j -0.000407737-0j 8.78349e-07-0j -0.0119573-0j -7.07624e-08-0j 2.6874e-09-0j 1.64071e-06-0j 8.55612e-05-0j -1.80593e-07-0j -7.95942e-06-0j -2.02496e-07-0j 0.00275665-0j 2.30711e-08-0j -1.23911e-09-0j 1.94834e-08-0j 1.2144e-06-0j -1.6034e-09-0j 1.49158e-10-0j -6.19663e-08-0j -8.48655e-12-0j 2.39377e-13-0j 5.81033e-08-0j 8.3865e-08-0j -4.65312e-05-0j -0.00114168-0j 1.02713e-07-0j -6.75641e-09-0j 5.12168e-06-0j -7.80163e-09-0j 0.000106206-0j 5.13186e-10-0j -1.50966e-11-0j 6.86229e-07-0j -0.000375418-0j 0.974055-0j 8.20201e-07-0j 4.27726e-05-0j -6.38372e-08-0j -2.29726e-06-0j 1.54797e-06-0j -1.01824e-07-0j 7.71877e-05-0j -1.66278e-07-0j 0.0022636-0j 1.33959e-08-0j -5.08745e-10-0j -1.89091e-07-0j -9.86087e-06-0j 2.08132e-08-0j 9.17318e-07-0j 1.79391e-08-0j -0.000244211-0j -2.04386e-09-0j 1.09773e-10-0j -1.44648e-09-0j -9.01592e-08-0j 1.04291e-10-0j -9.70175e-12-0j 3.62726e-09-0j 4.55154e-13-0j -1.11627e-14-0j 
2.35515e-06-0j 2.48255e-06-0j -1.08867e-07-0j 0.130098-0j 3.24014e-05-0j 5.04152e-05-0j -5.25109e-06-0j -0.00021143-0j 1.39078e-05-0j 2.03136e-05-0j -0.0026017-0j 0.000197613-0j 0.000421031-0j -3.20491e-05-0j -0.0171155-0j -4.26269e-06-0j 0.000534922-0j -9.12485e-05-0j -5.2359e-06-0j 3.97695e-07-0j -6.83372e-05-0j 1.1075e-05-0j 5.03778e-07-0j 6.93082e-06-0j -4.14588e-08-0j -8.8748e-07-0j 3.08718e-09-0j 2.51374e-08-0j 6.18952e-12-0j 1.50236e-06-0j 2.16848e-06-0j -0.000935264-0j -1.64708e-07-0j -0.00030424-0j 2.00127e-05-0j 2.92304e-05-0j 4.64191e-05-0j -3.52578e-06-0j -4.58676e-06-0j 2.25145e-07-0j 1.77437e-05-0j 1.87035e-05-0j -8.20201e-07-0j 0.980153-0j 0.000244111-0j 0.000379826-0j -3.95616e-05-0j 4.00254e-05-0j -2.63285e-06-0j -3.84552e-06-0j 0.000492522-0j -3.74098e-05-0j -7.97044e-05-0j 6.06714e-06-0j 0.00197255-0j 4.91272e-07-0j -6.16494e-05-0j 1.05163e-05-0j 4.63847e-07-0j -3.52317e-08-0j 6.05399e-06-0j -9.81131e-07-0j -3.74014e-08-0j -5.14556e-07-0j 2.69662e-09-0j 5.77247e-08-0j -1.80711e-10-0j -1.34818e-09-0j -2.88632e-13-0j 
-5.44546e-05-0j -4.29878e-05-0j 5.67729e-06-0j -3.24014e-05-0j 0.129107-0j 5.0657e-06-0j 9.09278e-05-0j -2.12444e-05-0j -0.000644533-0j -0.00035175-0j -0.000261418-0j -0.0068636-0j -0.00973486-0j -3.22028e-06-0j 4.26269e-06-0j -0.0169851-0j 5.37487e-05-0j 0.00158006-0j -5.26101e-07-0j -1.38129e-05-0j 0.00158006-0j 1.11281e-06-0j 5.06195e-08-0j -0.000120014-0j 9.58588e-07-0j -8.91737e-08-0j -5.34576e-08-0j 2.5258e-09-0j 6.2192e-13-0j 1.50957e-07-0j -5.01383e-05-0j -4.01419e-05-0j -0.0013164-0j -3.05699e-05-0j -0.000927457-0j -0.000506154-0j 4.66417e-06-0j 0.000122459-0j 0.000106053-0j 2.26225e-08-0j -0.000410259-0j -0.000323869-0j 4.27726e-05-0j -0.000244111-0j 0.972687-0j 3.81648e-05-0j 0.000685048-0j 4.02174e-06-0j 0.000122015-0j 6.65889e-05-0j 4.94885e-05-0j 0.00129933-0j 0.00184288-0j 6.09624e-07-0j -4.91272e-07-0j 0.00195752-0j -6.19451e-06-0j -0.000182101-0j 4.66072e-08-0j 1.22368e-06-0j -0.000139977-0j -9.85836e-08-0j -3.75808e-09-0j 8.91005e-06-0j -6.23498e-08-0j 5.80015e-09-0j 3.1292e-09-0j -1.35465e-10-0j -2.90016e-14-0j 
-5.27713e-05-0j 1.9322e-07-0j -8.47324e-09-0j -5.04152e-05-0j 5.0657e-06-0j 0.128839-0j 9.39094e-05-0j -1.64559e-05-0j 1.08246e-06-0j -0.000455161-0j -0.000406755-0j 3.08952e-05-0j -0.00373745-0j 0.000861612-0j 3.30186e-06-0j -3.3177e-07-0j -0.0240763-0j 0.000810005-0j -4.07516e-07-0j 3.09531e-08-0j -1.0684e-05-0j -0.000198063-0j -1.1288e-05-0j 1.08358e-06-0j -3.22679e-09-0j 7.87808e-06-0j 2.40279e-10-0j 3.93003e-09-0j 4.81737e-13-0j -6.7443e-05-0j 1.68775e-07-0j 1.80428e-07-0j -1.28194e-08-0j -4.75654e-05-0j 3.12882e-06-0j -0.00131563-0j -0.000412058-0j 3.12981e-05-0j 8.20287e-05-0j -8.07861e-06-0j -0.000397577-0j 1.45571e-06-0j -6.38372e-08-0j -0.000379826-0j 3.81648e-05-0j 0.970671-0j 0.000707511-0j 3.11522e-06-0j -2.04917e-07-0j 8.61655e-05-0j 7.70018e-05-0j -5.84871e-06-0j 0.000707529-0j -0.00016311-0j -3.80538e-07-0j 3.82363e-08-0j 0.00277478-0j -9.33525e-05-0j 3.61018e-08-0j -2.74213e-09-0j 9.46491e-07-0j 1.75463e-05-0j 8.38043e-07-0j -8.04466e-08-0j 2.09881e-10-0j -5.12417e-07-0j -1.4065e-11-0j -2.10777e-10-0j -2.24645e-14-0j 
1.27099e-08-0j -2.30881e-06-0j 3.0492e-07-0j -5.25109e-06-0j -9.09278e-05-0j -9.39094e-05-0j 0.127419-0j -1.14101e-06-0j 7.50549e-08-0j -1.8892e-05-0j -4.23663e-05-0j -0.00111234-0j -0.000784264-0j -0.0137073-0j 2.28943e-07-0j 3.96438e-06-0j 8.71071e-06-0j -0.0292916-0j -2.82562e-08-0j -7.41873e-07-0j -1.11281e-06-0j 0.0015594-0j 2.7187e-09-0j -1.94499e-05-0j -2.23737e-10-0j 1.65313e-06-0j -2.87114e-09-0j 4.0934e-10-0j 3.34025e-14-0j 8.10769e-09-0j 1.17024e-08-0j -2.15596e-06-0j 3.07251e-07-0j -4.95427e-06-0j 3.25889e-07-0j -8.20291e-05-0j -8.64659e-05-0j -0.00227018-0j -0.000645833-0j 0.000193345-0j 9.57558e-08-0j -1.73945e-05-0j 2.29726e-06-0j -3.95616e-05-0j -0.000685048-0j -0.000707511-0j 0.959969-0j 2.16002e-07-0j -1.42085e-08-0j 3.5764e-06-0j 8.02027e-06-0j 0.000210574-0j 0.000148467-0j 0.00259491-0j -2.63855e-08-0j -4.56891e-07-0j -1.0039e-06-0j 0.00337584-0j 2.50321e-09-0j 6.57224e-08-0j 9.85836e-08-0j -0.000138147-0j -2.01841e-10-0j 1.44399e-06-0j 1.45526e-11-0j -1.07525e-07-0j 1.68065e-10-0j -2.19539e-11-0j -1.55763e-15-0j 
2.20304e-06-0j 2.32221e-06-0j -1.01836e-07-0j 2.63314e-06-0j -2.64577e-07-0j -2.0494e-07-0j 1.42101e-08-0j 0.184043-0j 2.62481e-05-0j 3.83379e-05-0j 4.2863e-05-0j -3.25568e-06-0j -3.45317e-06-0j 1.31144e-07-0j -0.00223312-0j 0.000224383-0j 0.0002458-0j -2.08735e-05-0j 0.000559421-0j -4.2491e-05-0j -6.37366e-05-0j 3.4232e-06-0j -8.10923e-05-0j 9.73887e-06-0j 8.91619e-06-0j -8.29438e-07-0j -8.30882e-07-0j 7.09229e-08-0j -2.66972e-09-0j 1.40533e-06-0j 2.02842e-06-0j 2.16848e-06-0j -1.5407e-07-0j -0.00114581-0j -1.63416e-07-0j -2.38684e-07-0j -1.88696e-07-0j 1.43325e-08-0j 1.24123e-08-0j -3.65138e-10-0j 3.34877e-05-0j 3.52991e-05-0j -1.54797e-06-0j 4.00254e-05-0j -4.02174e-06-0j -3.11522e-06-0j 2.16002e-07-0j 0.971747-0j 0.00013859-0j 0.000202424-0j 0.000226317-0j -1.719e-05-0j -1.82328e-05-0j 6.92439e-07-0j 0.000522386-0j -5.24891e-05-0j -5.74989e-05-0j 4.88285e-06-0j -7.46647e-05-0j 5.67119e-06-0j 8.50679e-06-0j -4.56888e-07-0j 8.0436e-06-0j -9.66005e-07-0j -7.25765e-07-0j 6.7515e-08-0j 5.84073e-08-0j -4.44002e-09-0j 1.40098e-10-0j 
-6.68379e-05-0j 1.52754e-07-0j -6.69869e-09-0j 1.73206e-07-0j 8.02697e-06-0j -1.34808e-08-0j 9.34728e-10-0j -2.62481e-05-0j 0.182848-0j 2.52184e-06-0j 2.8195e-06-0j -2.14157e-07-0j 0.000104765-0j 8.62654e-09-0j -0.000146893-0j -0.00680755-0j 1.61686e-05-0j -1.37305e-06-0j 3.67983e-05-0j -2.79503e-06-0j 0.0019337-0j 2.25176e-07-0j -5.3342e-06-0j 6.40617e-07-0j -0.000270507-0j -5.45599e-08-0j -5.46549e-08-0j 4.66526e-09-0j -1.75613e-10-0j 9.24419e-08-0j -6.15401e-05-0j 1.42641e-07-0j 4.67431e-06-0j 1.63416e-07-0j -0.00113837-0j -1.57005e-08-0j -1.24123e-08-0j 9.42783e-10-0j -3.76576e-07-0j -2.40186e-11-0j -0.00101598-0j 2.32195e-06-0j -1.01824e-07-0j 2.63285e-06-0j 0.000122015-0j -2.04917e-07-0j 1.42085e-08-0j -0.00013859-0j 0.965436-0j 1.33153e-05-0j 1.4887e-05-0j -1.13075e-06-0j 0.000553162-0j 4.55482e-08-0j 3.43622e-05-0j 0.00159246-0j -3.78224e-06-0j 3.21191e-07-0j -4.91139e-06-0j 3.73047e-07-0j -0.000258086-0j -3.00538e-08-0j 5.29103e-07-0j -6.35432e-08-0j 2.20189e-05-0j 4.4411e-09-0j 3.84199e-09-0j -2.92062e-10-0j 9.21554e-12-0j 
-6.0935e-05-0j -3.84494e-05-0j 5.07793e-06-0j 2.52984e-07-0j 4.38067e-06-0j 5.66854e-06-0j -2.35279e-07-0j -3.83379e-05-0j 2.52184e-06-0j 0.182743-0j 4.11815e-06-0j 0.000108123-0j -3.3177e-07-0j 1.25999e-08-0j -0.000214552-0j -0.00371517-0j -0.00679869-0j 0.000345608-0j 5.37474e-05-0j 0.00141115-0j -6.12361e-06-0j 3.28891e-07-0j 0.00224297-0j -0.000161249-0j 8.5664e-07-0j -7.96898e-08-0j 1.37571e-05-0j 6.81405e-09-0j -2.56499e-10-0j -7.78765e-05-0j 1.94885e-07-0j -3.5904e-05-0j 5.11675e-06-0j 2.38684e-07-0j -1.57005e-08-0j -0.00113772-0j -1.81293e-08-0j -4.75991e-07-0j 1.19254e-09-0j -3.50813e-11-0j -0.000926251-0j -0.000584456-0j 7.71877e-05-0j 3.84552e-06-0j 6.65889e-05-0j 8.61655e-05-0j -3.5764e-06-0j -0.000202424-0j 1.33153e-05-0j 0.964884-0j 2.17438e-05-0j 0.00057089-0j -1.75175e-06-0j 6.65273e-08-0j 5.01892e-05-0j 0.000869075-0j 0.00159039-0j -8.08466e-05-0j -7.17355e-06-0j -0.000188344-0j 8.17305e-07-0j -4.38963e-08-0j -0.000222482-0j 1.59944e-05-0j -6.97292e-08-0j 6.48664e-09-0j -9.67064e-07-0j -4.26583e-10-0j 1.34602e-11-0j 
2.36645e-07-0j -8.6225e-05-0j -1.09389e-08-0j -3.24014e-05-0j 3.25568e-06-0j 5.0657e-06-0j -5.27627e-07-0j -4.2863e-05-0j 2.8195e-06-0j 4.11815e-06-0j 0.182318-0j 4.0062e-05-0j 8.53552e-05-0j -6.49728e-06-0j -0.000239876-0j 2.41027e-05-0j -0.00302463-0j 0.000515949-0j -0.0207716-0j -4.56427e-06-0j 0.000784294-0j -0.000127105-0j -8.71071e-06-0j -0.000119839-0j 9.57752e-07-0j 2.0502e-05-0j -8.9251e-08-0j -8.72723e-07-0j -2.86774e-10-0j 1.50957e-07-0j -7.53165e-05-0j 2.32932e-07-0j -1.65497e-08-0j -3.05699e-05-0j 2.01087e-06-0j 2.93706e-06-0j -0.00161225-0j -3.54269e-07-0j -4.60876e-07-0j 2.26225e-08-0j 3.59715e-06-0j -0.00131068-0j -1.66278e-07-0j -0.000492522-0j 4.94885e-05-0j 7.70018e-05-0j -8.02027e-06-0j -0.000226317-0j 1.4887e-05-0j 2.17438e-05-0j 0.962642-0j 0.000211527-0j 0.000450675-0j -3.43056e-05-0j 5.61132e-05-0j -5.63823e-06-0j 0.000707538-0j -0.000120694-0j 0.00277234-0j 6.09184e-07-0j -0.000104678-0j 1.69645e-05-0j 8.64021e-07-0j 1.18869e-05-0j -7.79597e-08-0j -1.66883e-06-0j 6.27395e-09-0j 5.46355e-08-0j 1.50489e-11-0j 
1.79745e-08-0j -6.54926e-06-0j -0.000148915-0j -2.46106e-06-0j -8.54788e-05-0j 3.84767e-07-0j 1.3853e-05-0j -3.25568e-06-0j 2.14157e-07-0j -0.000108123-0j -4.0062e-05-0j 0.180739-0j 6.48319e-06-0j -4.93504e-07-0j -1.82199e-05-0j -0.000632822-0j -0.000229737-0j -0.0135464-0j 4.56427e-06-0j -0.0205917-0j 5.95714e-05-0j -9.65435e-06-0j -6.61626e-07-0j 0.00314641-0j 7.27465e-08-0j 1.55724e-06-0j 2.34331e-06-0j -6.62881e-08-0j -2.17821e-11-0j 1.1466e-08-0j 1.65497e-08-0j -6.11568e-06-0j -7.46641e-05-0j -2.32195e-06-0j 1.52736e-07-0j -7.71134e-05-0j 3.54269e-07-0j -0.00159828-0j -3.5006e-08-0j 1.7183e-09-0j 2.73223e-07-0j -9.95529e-05-0j -0.0022636-0j -3.74098e-05-0j -0.00129933-0j 5.84871e-06-0j 0.000210574-0j -1.719e-05-0j 1.13075e-06-0j -0.00057089-0j -0.000211527-0j 0.954303-0j 3.42313e-05-0j -2.6057e-06-0j 4.2621e-06-0j 0.000148033-0j 5.37414e-05-0j 0.00316885-0j -6.09184e-07-0j 0.00274833-0j -7.95087e-06-0j 1.28855e-06-0j 6.56271e-08-0j -0.000312094-0j -5.92146e-09-0j -1.26757e-07-0j -1.64724e-07-0j 4.14987e-09-0j 1.14305e-12-0j 
-4.38702e-06-0j 2.00961e-08-0j -8.8127e-10-0j -5.24349e-06-0j -0.000121237-0j -4.6546e-05-0j 9.76717e-06-0j -3.45317e-06-0j -0.000104765-0j 3.3177e-07-0j -8.53552e-05-0j 6.48319e-06-0j 0.180472-0j 0.000180804-0j -1.93251e-05-0j -0.000446825-0j -0.000489472-0j -0.00474079-0j 4.84114e-06-0j -3.67711e-07-0j -0.0292061-0j 0.00235291-0j -7.0176e-07-0j -1.93935e-05-0j -1.77552e-05-0j -0.000188382-0j -7.19032e-09-0j -1.41232e-07-0j -2.31034e-11-0j 1.21615e-08-0j -4.03929e-06-0j 1.87656e-08-0j 3.06806e-07-0j -4.9471e-06-0j -0.00015009-0j 4.75302e-07-0j -4.28566e-05-0j 3.25519e-06-0j -0.00196319-0j -8.40227e-07-0j -6.66855e-05-0j 3.05473e-07-0j -1.33959e-08-0j -7.97044e-05-0j -0.00184288-0j -0.000707529-0j 0.000148467-0j -1.82328e-05-0j -0.000553162-0j 1.75175e-06-0j -0.000450675-0j 3.42313e-05-0j 0.952894-0j 0.000954648-0j 4.52064e-06-0j 0.000104524-0j 0.0001145-0j 0.00110899-0j -6.46137e-07-0j 4.90776e-08-0j 0.00389807-0j -0.000314038-0j 6.96081e-08-0j 1.92365e-06-0j 1.44525e-06-0j 1.5334e-05-0j 5.05448e-10-0j 8.84162e-09-0j 1.21238e-12-0j 
7.24037e-10-0j 7.63203e-10-0j -3.34686e-11-0j -3.99137e-07-0j 4.01052e-08-0j -1.07305e-05-0j -0.00017071-0j -1.31144e-07-0j 8.62654e-09-0j 1.25999e-08-0j -6.49728e-06-0j 4.93504e-07-0j -0.000180804-0j 0.178099-0j -7.33924e-07-0j 7.37444e-08-0j -3.72589e-05-0j -0.00109292-0j 1.83855e-07-0j -1.39648e-08-0j 9.66133e-06-0j -0.0411241-0j -2.66513e-08-0j -1.47624e-06-0j 2.93034e-09-0j -4.34285e-05-0j -2.73072e-10-0j -1.07507e-08-0j -8.77414e-13-0j 4.61867e-10-0j 6.66648e-10-0j 7.12677e-10-0j -5.06356e-11-0j -3.76576e-07-0j 2.47709e-08-0j 3.61802e-08-0j -9.87993e-06-0j 7.50435e-07-0j -0.000149113-0j -0.00252343-0j 1.10058e-08-0j 1.16012e-08-0j -5.08745e-10-0j -6.06714e-06-0j 6.09624e-07-0j -0.00016311-0j -0.00259491-0j -6.92439e-07-0j 4.55482e-08-0j 6.65273e-08-0j -3.43056e-05-0j 2.6057e-06-0j -0.000954648-0j 0.940362-0j 1.71684e-07-0j -1.72507e-08-0j 8.71582e-06-0j 0.000255661-0j -2.45388e-08-0j 1.86386e-09-0j -1.28948e-06-0j 0.00548875-0j 2.64356e-09-0j 1.46429e-07-0j -2.38525e-10-0j 3.53502e-06-0j 1.91958e-11-0j 6.73028e-10-0j 4.60436e-14-0j 
1.78887e-07-0j 1.88563e-07-0j -8.26904e-09-0j -8.62606e-05-0j -2.14836e-08-0j -1.66411e-08-0j 1.15385e-09-0j -4.87435e-05-0j 3.20632e-06-0j 4.68313e-06-0j 5.2359e-06-0j -3.97695e-07-0j -4.21819e-07-0j 1.60197e-08-0j 0.22338-0j 5.56338e-05-0j 6.09438e-05-0j -5.1754e-06-0j -0.00253317-0j 0.000192408-0j 0.000288612-0j -1.55009e-05-0j 0.00074989-0j -9.00589e-05-0j -0.000124404-0j 1.15728e-05-0j 1.54979e-05-0j -1.656e-06-0j 8.74048e-08-0j 1.14113e-07-0j 1.64708e-07-0j -7.10384e-05-0j -1.25104e-08-0j 2.01725e-07-0j -1.32693e-08-0j -1.93811e-08-0j -1.53221e-08-0j 1.1638e-09-0j 1.00788e-09-0j -2.96491e-11-0j 4.09066e-06-0j 4.31193e-06-0j -1.89091e-07-0j -0.00197255-0j -4.91272e-07-0j -3.80538e-07-0j 2.63855e-08-0j -0.000522386-0j 3.43622e-05-0j 5.01892e-05-0j 5.61132e-05-0j -4.2621e-06-0j -4.52064e-06-0j 1.71684e-07-0j 0.954333-0j 0.000237681-0j 0.000260366-0j -2.21105e-05-0j 0.000690451-0j -5.24435e-05-0j -7.86653e-05-0j 4.225e-06-0j -0.000112229-0j 1.34783e-05-0j 1.35372e-05-0j -1.25932e-06-0j -1.36377e-06-0j 1.24519e-07-0j -5.24429e-09-0j 
-4.13612e-06-0j -3.26516e-06-0j 4.31221e-07-0j 2.14836e-08-0j -8.56035e-05-0j -1.67209e-09-0j -1.99801e-08-0j -4.89773e-06-0j -0.000148592-0j -8.1093e-05-0j 5.26101e-07-0j 1.38129e-05-0j 9.75308e-06-0j 1.60966e-09-0j -5.56338e-05-0j 0.221679-0j 6.12361e-06-0j 8.96171e-05-0j -0.000254531-0j -0.00668279-0j -0.00667313-0j -1.55753e-06-0j 7.53487e-05-0j 0.00155946-0j 0.00287641-0j 1.16283e-06-0j -0.000268362-0j -1.66395e-07-0j 8.7824e-09-0j 1.1466e-08-0j -3.80828e-06-0j -3.04899e-06-0j -9.99874e-05-0j 2.02692e-08-0j 6.14946e-07-0j 3.35603e-07-0j -1.53956e-09-0j -4.04215e-08-0j -2.33036e-08-0j -2.97913e-12-0j -9.4582e-05-0j -7.46653e-05-0j 9.86087e-06-0j 4.91272e-07-0j -0.00195752-0j -3.82363e-08-0j -4.56891e-07-0j -5.24891e-05-0j -0.00159246-0j -0.000869075-0j 5.63823e-06-0j 0.000148033-0j 0.000104524-0j 1.72507e-08-0j -0.000237681-0j 0.947063-0j 2.61615e-05-0j 0.000382865-0j 6.93763e-05-0j 0.00182149-0j 0.00181886-0j 4.24527e-07-0j -1.12768e-05-0j -0.00023339-0j -0.000313001-0j -1.26535e-07-0j 2.36151e-05-0j 1.25117e-08-0j -5.26944e-10-0j 
-5.66854e-06-0j 2.07551e-08-0j -9.10172e-10-0j -2.69596e-06-0j 2.70889e-07-0j -0.000121343-0j -4.39012e-08-0j -5.3652e-06-0j 3.52919e-07-0j -0.000148399-0j -6.60201e-05-0j 5.01458e-06-0j 1.0684e-05-0j -8.13269e-07-0j -6.09438e-05-0j 6.12361e-06-0j 0.221228-0j 0.000131084-0j -0.000278825-0j 2.11783e-05-0j -0.00363914-0j 0.000589771-0j -0.0237624-0j 0.00113556-0j -1.36932e-05-0j -0.00029312-0j 1.70585e-06-0j 2.08808e-05-0j 9.62063e-09-0j -7.24455e-06-0j 1.81293e-08-0j 1.93811e-08-0j -1.37702e-09-0j -2.54357e-06-0j 1.67314e-07-0j -7.03538e-05-0j 3.88083e-07-0j -2.9477e-08-0j -3.83472e-08-0j 1.8823e-09-0j -0.000129624-0j 4.74614e-07-0j -2.08132e-08-0j -6.16494e-05-0j 6.19451e-06-0j -0.00277478-0j -1.0039e-06-0j -5.74989e-05-0j 3.78224e-06-0j -0.00159039-0j -0.000707538-0j 5.37414e-05-0j 0.0001145-0j -8.71582e-06-0j -0.000260366-0j 2.61615e-05-0j 0.945136-0j 0.000560022-0j 7.59979e-05-0j -5.77246e-06-0j 0.0009919-0j -0.000160751-0j 0.00355631-0j -0.000169949-0j 1.49004e-06-0j 3.18963e-05-0j -1.5011e-07-0j -1.57008e-06-0j -5.77239e-10-0j 
1.67209e-09-0j -3.03745e-07-0j 4.01148e-08-0j -4.59885e-07-0j -7.96336e-06-0j -4.08235e-06-0j -0.000147627-0j -4.55617e-07-0j 2.99702e-08-0j -7.54376e-06-0j -1.12619e-05-0j -0.000295684-0j -0.00010348-0j 2.38556e-05-0j -5.1754e-06-0j -8.96171e-05-0j -0.000131084-0j 0.218797-0j -2.36781e-05-0j -0.000621674-0j -0.000620774-0j -0.0115081-0j 7.00939e-06-0j -0.0333823-0j -1.16283e-06-0j 0.00283902-0j -2.49646e-05-0j 3.5619e-06-0j 8.16992e-10-0j 1.06664e-09-0j 1.53956e-09-0j -2.83636e-07-0j 4.04215e-08-0j -4.3389e-07-0j 2.8541e-08-0j -7.18402e-06-0j -3.75877e-06-0j -9.86876e-05-0j 7.48262e-07-0j -7.36928e-08-0j 3.82363e-08-0j -6.94582e-06-0j 9.17318e-07-0j -1.05163e-05-0j -0.000182101-0j -9.33525e-05-0j -0.00337584-0j -4.88285e-06-0j 3.21191e-07-0j -8.08466e-05-0j -0.000120694-0j -0.00316885-0j -0.00110899-0j 0.000255661-0j -2.21105e-05-0j -0.000382865-0j -0.000560022-0j 0.934752-0j 6.4538e-06-0j 0.000169446-0j 0.000169201-0j 0.0031367-0j -1.04903e-06-0j 0.00499602-0j 1.26535e-07-0j -0.000308932-0j 2.19682e-06-0j -2.67829e-07-0j -4.90195e-11-0j 
1.27099e-08-0j -4.63102e-06-0j -5.87514e-10-0j 1.51912e-08-0j -1.52641e-09-0j -1.18235e-09-0j 8.19811e-11-0j -4.62433e-06-0j 3.04185e-07-0j 4.44291e-07-0j -0.000171704-0j -3.77295e-08-0j -4.00182e-08-0j 1.5198e-09-0j -7.9138e-05-0j 7.95176e-06-0j 8.71071e-06-0j -7.3972e-07-0j 0.255586-0j 5.61616e-05-0j 8.42424e-05-0j -4.52454e-06-0j -0.002944-0j 0.000353563-0j 0.00100363-0j -9.33636e-05-0j -0.000188929-0j 2.70037e-05-0j -2.14395e-06-0j 8.10769e-09-0j -4.04514e-06-0j 1.25104e-08-0j -8.88864e-10-0j 1.43325e-08-0j -9.42783e-10-0j -1.37702e-09-0j 3.76304e-07-0j 8.26875e-11-0j 7.16095e-11-0j -2.10657e-12-0j 3.88083e-07-0j -0.000141404-0j -1.79391e-08-0j 4.63847e-07-0j -4.66072e-08-0j -3.61018e-08-0j 2.50321e-09-0j -7.46647e-05-0j 4.91139e-06-0j 7.17355e-06-0j -0.00277234-0j -6.09184e-07-0j -6.46137e-07-0j 2.45388e-08-0j -0.000690451-0j 6.93763e-05-0j 7.59979e-05-0j -6.4538e-06-0j 0.936982-0j 0.000205889-0j 0.000308833-0j -1.6587e-05-0j 0.000905407-0j -0.000108736-0j -0.000165027-0j 1.53519e-05-0j 2.22384e-05-0j -2.54254e-06-0j 1.50186e-07-0j 
9.65383e-10-0j -3.51752e-07-0j -7.99801e-06-0j 1.15385e-09-0j 4.00762e-08-0j -8.98058e-11-0j -2.15244e-09-0j -3.51243e-07-0j 2.31045e-08-0j -1.1665e-05-0j 3.77295e-08-0j -0.000170216-0j -3.0396e-09-0j 1.15437e-10-0j -6.01096e-06-0j -0.000208775-0j 6.61626e-07-0j 1.94216e-05-0j -5.61616e-05-0j 0.253372-0j 6.39867e-06-0j -3.43663e-07-0j -0.000223613-0j -0.0092829-0j 7.6231e-05-0j -7.09147e-06-0j 0.00496039-0j 2.05108e-06-0j -1.62845e-07-0j 6.15823e-10-0j 8.88864e-10-0j -3.28465e-07-0j -4.0101e-06-0j 1.08863e-09-0j -7.16095e-11-0j 3.61541e-08-0j -8.26875e-11-0j 3.73044e-07-0j 5.43913e-12-0j -1.60005e-13-0j 2.9477e-08-0j -1.07404e-05-0j -0.000244211-0j 3.52317e-08-0j 1.22368e-06-0j -2.74213e-09-0j -6.57224e-08-0j -5.67119e-06-0j 3.73047e-07-0j -0.000188344-0j 6.09184e-07-0j -0.00274833-0j -4.90776e-08-0j 1.86386e-09-0j -5.24435e-05-0j -0.00182149-0j 5.77246e-06-0j 0.000169446-0j -0.000205889-0j 0.928865-0j 2.34576e-05-0j -1.25987e-06-0j 6.87706e-05-0j 0.00285489-0j -1.25347e-05-0j 1.16606e-06-0j -0.000583875-0j -1.9312e-07-0j 1.14074e-08-0j 
-3.33218e-07-0j 1.52641e-09-0j -6.69373e-11-0j -1.98271e-07-0j -4.58431e-06-0j 3.0998e-08-0j -3.22865e-09-0j -5.26864e-07-0j -1.59845e-05-0j 5.06195e-08-0j -6.48319e-06-0j 4.92434e-07-0j -0.000241425-0j -7.98633e-08-0j -9.01644e-06-0j -0.000208473-0j -0.000113689-0j 1.93935e-05-0j -8.42424e-05-0j 6.39867e-06-0j 0.253008-0j 0.00017819-0j -0.000335419-0j -0.00461459-0j -0.0263124-0j 0.00244774-0j -2.15253e-05-0j -0.000352443-0j -2.44267e-07-0j 9.23735e-10-0j -3.06806e-07-0j 1.42535e-09-0j 2.33036e-08-0j -1.87063e-07-0j -5.67529e-06-0j 1.79725e-08-0j 2.8541e-08-0j -2.16784e-09-0j 6.48957e-07-0j 1.38431e-10-0j -1.01745e-05-0j 4.66072e-08-0j -2.04386e-09-0j -6.05399e-06-0j -0.000139977-0j 9.46491e-07-0j -9.85836e-08-0j -8.50679e-06-0j -0.000258086-0j 8.17305e-07-0j -0.000104678-0j 7.95087e-06-0j -0.00389807-0j -1.28948e-06-0j -7.86653e-05-0j -0.00181886-0j -0.0009919-0j 0.000169201-0j -0.000308833-0j 2.34576e-05-0j 0.92753-0j 0.000653244-0j 0.000103156-0j 0.00141919-0j 0.00432657-0j -0.000402484-0j 2.53369e-06-0j 3.31844e-05-0j 1.71111e-08-0j 
7.77741e-11-0j 8.19811e-11-0j -3.59511e-12-0j -3.21324e-08-0j 3.22865e-09-0j -5.7465e-07-0j -4.52437e-06-0j -2.82971e-08-0j 1.86137e-09-0j 2.7187e-09-0j -1.05069e-06-0j 7.98055e-08-0j -1.94498e-05-0j -0.000339943-0j -4.84261e-07-0j 4.86583e-08-0j -1.84249e-05-0j -0.000359522-0j -4.52454e-06-0j 3.43663e-07-0j -0.00017819-0j 0.2497-0j -1.80149e-05-0j -0.000747857-0j 6.14139e-06-0j -0.045377-0j -1.1561e-06-0j -5.71182e-05-0j -1.31193e-08-0j 4.96125e-11-0j 7.16095e-11-0j 7.65538e-11-0j -5.43913e-12-0j -3.03161e-08-0j 1.99418e-09-0j 2.91268e-09-0j -5.29101e-07-0j 4.01881e-08-0j -3.95198e-06-0j 1.18311e-06-0j 2.37475e-09-0j 2.50321e-09-0j -1.09773e-10-0j -9.81131e-07-0j 9.85836e-08-0j -1.75463e-05-0j -0.000138147-0j -4.56888e-07-0j 3.00538e-08-0j 4.38963e-08-0j -1.69645e-05-0j 1.28855e-06-0j -0.000314038-0j -0.00548875-0j -4.225e-06-0j 4.24527e-07-0j -0.000160751-0j -0.0031367-0j -1.6587e-05-0j 1.25987e-06-0j -0.000653244-0j 0.915402-0j 5.54036e-06-0j 0.000229998-0j -1.00984e-06-0j 0.00746137-0j 1.36081e-07-0j 5.37798e-06-0j 9.19015e-10-0j 
-2.35826e-07-0j 8.63465e-10-0j -3.78654e-11-0j 9.79077e-10-0j -9.83773e-11-0j 2.19379e-08-0j 5.28371e-12-0j -3.72873e-07-0j 2.45273e-08-0j -1.03135e-05-0j 4.0053e-08-0j -3.04224e-09-0j -3.22679e-09-0j 1.22546e-10-0j -8.52551e-06-0j 8.5664e-07-0j -0.000270155-0j -7.96898e-08-0j -0.000120186-0j 9.12877e-06-0j 1.36932e-05-0j -7.3544e-07-0j 0.283096-0j 0.000118097-0j -0.00354097-0j 0.000329402-0j 0.00137849-0j -0.000298176-0j 3.96875e-05-0j -3.01391e-07-0j 7.54226e-10-0j 8.06302e-10-0j -5.72876e-11-0j 9.23735e-10-0j -6.07627e-11-0j 2.555e-08-0j -7.01627e-11-0j 5.32924e-12-0j 4.61526e-12-0j -1.35769e-13-0j -9.00869e-06-0j 3.29849e-08-0j -1.44648e-09-0j 3.74014e-08-0j -3.75808e-09-0j 8.38043e-07-0j 2.01841e-10-0j -8.0436e-06-0j 5.29103e-07-0j -0.000222482-0j 8.64021e-07-0j -6.56271e-08-0j -6.96081e-08-0j 2.64356e-09-0j -0.000112229-0j 1.12768e-05-0j -0.00355631-0j -1.04903e-06-0j -0.000905407-0j 6.87706e-05-0j 0.000103156-0j -5.54036e-06-0j 0.91964-0j 0.000383638-0j 0.0012041-0j -0.000112012-0j -0.000245557-0j 3.75759e-05-0j -3.34034e-06-0j 
9.83773e-11-0j -1.78708e-08-0j 2.36015e-09-0j -1.34698e-08-0j -2.33243e-07-0j 2.1059e-09-0j 3.78003e-08-0j -4.47806e-08-0j 2.94564e-09-0j -7.41444e-07-0j -5.51036e-07-0j -1.44676e-05-0j 8.91737e-08-0j -6.78794e-09-0j -1.02388e-06-0j -1.77295e-05-0j -1.29102e-05-0j -0.000379523-0j -1.44339e-05-0j -0.000378965-0j -0.000188386-0j 3.05305e-05-0j -0.000118097-0j 0.279996-0j -0.000425256-0j -0.00910318-0j -0.02853-0j 0.00410221-0j 4.76632e-06-0j 6.27554e-11-0j 9.05796e-11-0j -1.66877e-08-0j 2.37819e-09-0j -1.27084e-08-0j 8.35953e-10-0j -2.10417e-07-0j 1.93898e-09-0j 5.09084e-08-0j -1.91594e-10-0j 9.40455e-12-0j 3.75808e-09-0j -6.82675e-07-0j 9.01592e-08-0j -5.14556e-07-0j -8.91005e-06-0j 8.04466e-08-0j 1.44399e-06-0j -9.66005e-07-0j 6.35432e-08-0j -1.59944e-05-0j -1.18869e-05-0j -0.000312094-0j 1.92365e-06-0j -1.46429e-07-0j -1.34783e-05-0j -0.00023339-0j -0.000169949-0j -0.00499602-0j -0.000108736-0j -0.00285489-0j -0.00141919-0j 0.000229998-0j -0.000383638-0j 0.909571-0j 0.000144607-0j 0.00309551-0j 0.00508219-0j -0.000516958-0j -4.01161e-07-0j 
-1.13189e-08-0j 5.18494e-11-0j -2.27375e-12-0j 5.87917e-11-0j 1.35935e-09-0j -4.57583e-12-0j 3.17277e-13-0j -2.68839e-08-0j -8.15628e-07-0j 2.58292e-09-0j 2.8878e-09-0j -2.19344e-10-0j 5.35352e-08-0j 8.83549e-12-0j -7.69247e-07-0j -1.77861e-05-0j 8.46709e-08-0j -7.19032e-09-0j -1.4497e-05-0j 1.10112e-06-0j -0.000380071-0j -8.87097e-08-0j -0.000179234-0j 2.15253e-05-0j 0.307134-0j 0.000124164-0j -0.00448859-0j 0.00202091-0j -0.000545994-0j 3.13777e-11-0j -1.04217e-08-0j 4.84168e-11-0j 7.91584e-10-0j 5.54685e-11-0j 1.68285e-09-0j -5.32924e-12-0j -4.21313e-12-0j 3.2001e-13-0j -6.37723e-11-0j -8.15266e-15-0j -5.19166e-07-0j 2.37819e-09-0j -1.04291e-10-0j 2.69662e-09-0j 6.23498e-08-0j -2.09881e-10-0j 1.45526e-11-0j -7.25765e-07-0j -2.20189e-05-0j 6.97292e-08-0j 7.79597e-08-0j -5.92146e-09-0j 1.44525e-06-0j 2.38525e-10-0j -1.35372e-05-0j -0.000313001-0j 1.49004e-06-0j -1.26535e-07-0j -0.000165027-0j 1.25347e-05-0j -0.00432657-0j -1.00984e-06-0j -0.0012041-0j 0.000144607-0j 0.902204-0j 0.00036473-0j 0.00166429-0j -0.000386004-0j 5.7577e-05-0j 
4.57583e-12-0j 4.82335e-12-0j -2.11518e-13-0j -1.25851e-09-0j 1.26455e-10-0j -1.11717e-08-0j 2.34426e-09-0j -2.5009e-09-0j 1.64508e-10-0j 2.40279e-10-0j -6.18171e-08-0j 4.69535e-09-0j -5.68005e-07-0j 1.30945e-07-0j -7.156e-08-0j 7.19032e-09-0j -1.81249e-06-0j -1.75549e-05-0j -1.3486e-06-0j 1.02433e-07-0j -3.53565e-05-0j -0.00065545-0j -1.66734e-05-0j -0.000460778-0j -0.000124164-0j 0.303141-0j -0.000417556-0j -0.0432603-0j -5.07917e-05-0j 2.91894e-12-0j 4.21313e-12-0j 4.50403e-12-0j -3.2001e-13-0j -1.18738e-09-0j 7.81048e-11-0j 1.14079e-10-0j -1.02862e-08-0j 7.81294e-10-0j 2.04768e-09-0j -2.01667e-10-0j 2.09881e-10-0j 2.21234e-10-0j -9.70175e-12-0j -5.77247e-08-0j 5.80015e-09-0j -5.12417e-07-0j 1.07525e-07-0j -6.7515e-08-0j 4.4411e-09-0j 6.48664e-09-0j -1.66883e-06-0j 1.26757e-07-0j -1.5334e-05-0j 3.53502e-06-0j -1.25932e-06-0j 1.26535e-07-0j -3.18963e-05-0j -0.000308932-0j -1.53519e-05-0j 1.16606e-06-0j -0.000402484-0j -0.00746137-0j -0.000112012-0j -0.00309551-0j -0.00036473-0j 0.890475-0j 0.000154822-0j 0.00826292-0j 5.35617e-06-0j 
2.82426e-12-0j -5.13042e-10-0j 6.77563e-11-0j 3.37564e-12-0j 5.84525e-11-0j -2.6273e-13-0j -3.1394e-12-0j -1.8016e-09-0j 1.18508e-10-0j -2.98296e-08-0j 1.93523e-10-0j 5.081e-09-0j -1.55908e-11-0j 5.92102e-13-0j -6.19066e-08-0j -1.07197e-06-0j 6.81405e-09-0j 9.97215e-08-0j -1.46046e-06-0j -3.83447e-05-0j 1.66395e-07-0j -8.93683e-09-0j -2.41528e-05-0j -0.00049988-0j -0.000272196-0j 2.53213e-05-0j 0.328352-0j -0.00623179-0j 0.0053551-0j 1.80161e-12-0j 2.6004e-12-0j -4.79077e-10-0j 6.82742e-11-0j 3.18483e-12-0j -2.09496e-13-0j 5.2732e-11-0j -2.41905e-13-0j -6.35128e-12-0j 1.59124e-14-0j -4.68101e-16-0j 1.51194e-10-0j -2.74652e-08-0j 3.62726e-09-0j 1.80711e-10-0j 3.1292e-09-0j -1.4065e-11-0j -1.68065e-10-0j -5.84073e-08-0j 3.84199e-09-0j -9.67064e-07-0j 6.27395e-09-0j 1.64724e-07-0j -5.05448e-10-0j 1.91958e-11-0j -1.36377e-06-0j -2.36151e-05-0j 1.5011e-07-0j 2.19682e-06-0j -2.22384e-05-0j -0.000583875-0j 2.53369e-06-0j -1.36081e-07-0j -0.000245557-0j -0.00508219-0j -0.00166429-0j 0.000154822-0j 0.884429-0j 0.002494-0j -0.000756731-0j 
