0.948525-0j -0.00196054-0j -7.06061e-05-0j -0.258535-0j -0.0210112-0j 5.73725e-06-0j -0.00161457-0j -6.16735e-05-0j 0.0273597-0j -0.062931-0j -0.0634733-0j 9.19766e-05-0j 9.27691e-05-0j 0.027126-0j -0.0121308-0j -0.0122353-0j 4.68444e-06-0j 4.72481e-06-0j -0.000988719-0j -0.000997238-0j -3.90058e-05-0j -3.93419e-05-0j -0.00295176-0j 0.000797957-0j 0.000985715-0j 0.000574007-0j -1.77904e-07-0j -2.19765e-07-0j -1.27975e-07-0j -0.00238951-0j -0.00171888-0j -0.041954-0j -0.0518257-0j -0.0301794-0j 0.0138855-0j 0.0171528-0j 8.67164e-05-0j 0.000107121-0j 6.2379e-05-0j 2.20827e-06-0j 2.72787e-06-0j 1.58851e-06-0j 0.00998849-0j -0.00857778-0j -0.0105961-0j -0.00617039-0j 3.3124e-06-0j 4.0918e-06-0j 2.38276e-06-0j -0.000722058-0j -0.000891957-0j -0.000519409-0j -2.90732e-05-0j -3.59141e-05-0j -2.09137e-05-0j 0.00122615-0j 0.000128764-0j -0.000747444-0j -0.00181521-0j -3.49306e-06-0j 0.000797957-0j 0.000569103-0j 0.000929341-0j 0.000811768-0j 0.000334258-0j -2.17888e-07-0j -1.55397e-07-0j -2.53763e-07-0j -2.21659e-07-0j -9.12715e-08-0j -2.49125e-06-0j -4.0682e-06-0j -3.55352e-06-0j 4.33582e-05-0j 3.0923e-05-0j 5.04971e-05-0j 4.41086e-05-0j 1.81624e-05-0j 0.000180544-0j -1.46322e-06-0j -0.00178433-0j 7.56285e-05-0j 0.00292711-0j 0.00021027-0j -0.0314655-0j -0.0224412-0j -0.0366463-0j -0.0320101-0j -0.0131807-0j 0.000183669-0j 0.00208762-0j 0.00340906-0j 6.50373e-05-0j 4.63846e-05-0j 7.57457e-05-0j 6.61629e-05-0j 2.72436e-05-0j 2.34222e-06-0j 1.67047e-06-0j 2.72787e-06-0j 2.38276e-06-0j 9.81139e-07-0j -0.00127258-0j -0.00207812-0j 0.00297777-0j 0.00981855-0j 0.00700259-0j -0.00664432-0j -0.00473873-0j -0.00773831-0j -0.00675932-0j -0.00278326-0j 2.56577e-06-0j 1.82991e-06-0j 2.98823e-06-0j 2.61018e-06-0j 1.07478e-06-0j 0.0114352-0j 0.00998849-0j 0.00411292-0j -0.000570837-0j -0.000407121-0j -0.000664825-0j -0.000580717-0j -0.000239119-0j -2.33104e-05-0j -1.6625e-05-0j -2.71485e-05-0j -2.37139e-05-0j -9.76456e-06-0j 
0.00196054-0j 0.974188-0j -0.000929572-0j -0.000173684-0j -0.184421-0j -0.0173813-0j -0.00700337-0j -0.00081197-0j 9.11788e-06-0j 0.0149008-0j 0.0150292-0j -0.0918047-0j -0.0925958-0j 9.03998e-06-0j 0.000929468-0j 0.000937477-0j -0.00706505-0j -0.00712592-0j -0.00428867-0j -0.00432563-0j -0.000513535-0j -0.00051796-0j -5.8799e-07-0j 0.014069-0j 0.0173794-0j 0.0101204-0j 0.000809628-0j 0.00100013-0j 0.000582402-0j -4.75991e-07-0j -3.42402e-07-0j -8.67164e-05-0j -0.000107121-0j -6.2379e-05-0j -0.00106861-0j -0.00132006-0j -0.0430891-0j -0.0532279-0j -0.0309959-0j 2.90732e-05-0j 3.59141e-05-0j 2.09137e-05-0j -0.000768702-0j 0.000657233-0j 0.000811879-0j 0.000472778-0j -0.00499574-0j -0.00617123-0j -0.00359366-0j -0.003132-0j -0.00386896-0j -0.00225299-0j -0.000382766-0j -0.00047283-0j -0.000275341-0j -0.000583186-0j 1.70623e-08-0j 2.85349e-05-0j 6.92988e-05-0j 0.00523738-0j 0.00700391-0j 0.00499518-0j 0.0081571-0j 0.00712513-0j 0.00293389-0j 0.000660102-0j 0.000470785-0j 0.000768788-0j 0.000671527-0j 0.000276512-0j 0.0037353-0j 0.00609971-0j 0.00532803-0j 0.000188071-0j 0.000134132-0j 0.000219037-0j 0.000191326-0j 7.87815e-05-0j 2.39236e-08-0j 0.0021939-0j 6.81198e-05-0j 1.00214e-08-0j -0.00139221-0j 2.78626e-08-0j -6.50373e-05-0j -4.63846e-05-0j -7.57457e-05-0j -6.61629e-05-0j -2.72436e-05-0j 2.43376e-08-0j -0.000992923-0j -0.00162144-0j -0.0323168-0j -0.0230483-0j -0.0376378-0j -0.0328762-0j -0.0135373-0j 3.08368e-05-0j 2.19928e-05-0j 3.59141e-05-0j 3.13705e-05-0j 1.29173e-05-0j 4.8583e-05-0j 7.93357e-05-0j -0.00141631-0j 6.59614e-06-0j 4.70436e-06-0j 0.000509091-0j 0.000363083-0j 0.000592913-0j 0.000517902-0j 0.000213254-0j -0.00386969-0j -0.00275986-0j -0.00450683-0j -0.00393666-0j -0.00162098-0j 7.68219e-06-0j 6.7103e-06-0j 2.76307e-06-0j -0.00247607-0j -0.00176593-0j -0.00288375-0j -0.00251892-0j -0.00103721-0j -0.000306896-0j -0.000218878-0j -0.000357426-0j -0.000312207-0j -0.000128556-0j 
-7.06061e-05-0j 0.000929572-0j 0.994231-0j 4.68444e-06-0j -8.72196e-05-0j 0.000468791-0j -0.131927-0j -0.00503935-0j -1.96564e-07-0j 4.68444e-06-0j 4.72481e-06-0j -4.36098e-05-0j -4.39856e-05-0j -1.94885e-07-0j 0.00867806-0j 0.00875283-0j -0.0659634-0j -0.0665318-0j 0.000468791-0j 0.00047283-0j -0.00318717-0j -0.00321463-0j 1.05572e-08-0j 3.3124e-06-0j 4.0918e-06-0j 2.38276e-06-0j -1.45366e-05-0j -1.7957e-05-0j -1.04568e-05-0j 8.54625e-09-0j 6.14771e-09-0j -0.00053819-0j -0.000664825-0j -0.000387145-0j -2.51595e-07-0j -3.10795e-07-0j 0.0070856-0j 0.00875283-0j 0.005097-0j -0.0623713-0j -0.0770472-0j -0.0448665-0j -1.80984e-07-0j -3.56072e-05-0j -4.39856e-05-0j -2.56139e-05-0j 0.000270657-0j 0.000334342-0j 0.000194696-0j 0.000342357-0j 0.000422912-0j 0.000246273-0j -0.00237557-0j -0.00293454-0j -0.00170886-0j -9.12715e-08-0j -2.62475e-10-0j 5.36995e-09-0j 1.30413e-08-0j 1.6562e-06-0j -0.000570837-0j -0.000407121-0j -0.000664825-0j -0.000580717-0j -0.000239119-0j 0.00306816-0j 0.00218821-0j 0.00357333-0j 0.00312126-0j 0.00128523-0j 1.1812e-06-0j 1.92889e-06-0j 1.68487e-06-0j 0.00710616-0j 0.00506811-0j 0.00827619-0j 0.00722915-0j 0.00297672-0j -3.68025e-10-0j 6.9377e-07-0j 1.28194e-08-0j -1.54163e-10-0j -2.17888e-07-0j -4.2862e-10-0j 2.34222e-06-0j 1.67047e-06-0j 2.72787e-06-0j 2.38276e-06-0j 9.81139e-07-0j -3.74394e-10-0j -1.55397e-07-0j -2.53763e-07-0j -3.08368e-05-0j -2.19928e-05-0j -3.59141e-05-0j -3.13705e-05-0j -1.29173e-05-0j -0.0329817-0j -0.0235225-0j -0.0384121-0j -0.0335525-0j -0.0138158-0j 9.14278e-09-0j 1.49301e-08-0j -2.21659e-07-0j 3.06589e-05-0j 2.18659e-05-0j -2.75812e-05-0j -1.96709e-05-0j -3.21225e-05-0j -2.80586e-05-0j -1.15536e-05-0j 0.00020965-0j 0.000149522-0j 0.000244169-0j 0.000213278-0j 8.78208e-05-0j 3.57069e-05-0j 3.11895e-05-0j 1.28428e-05-0j 0.000270657-0j 0.000193032-0j 0.00031522-0j 0.000275341-0j 0.000113376-0j -0.0019047-0j -0.00135843-0j -0.0022183-0j -0.00193766-0j -0.000797863-0j 
-0.258535-0j 0.000173684-0j 4.68444e-06-0j -0.016125-0j 4.77105e-05-0j -6.47599e-09-0j 2.43348e-06-0j 6.96148e-08-0j -0.199099-0j 0.0171528-0j -0.0167119-0j -8.14819e-06-0j 7.93876e-06-0j 0.204351-0j 0.00161907-0j -0.00157746-0j -3.10795e-07-0j 3.02806e-07-0j 8.75905e-05-0j -8.53391e-05-0j 2.58788e-06-0j -2.52137e-06-0j -0.000571672-0j -0.000106502-0j -2.23828e-06-0j 0.000149313-0j 1.18033e-08-0j 2.48063e-10-0j -1.65479e-08-0j -0.0272012-0j 0.0381354-0j 0.0114352-0j 0.000240326-0j -0.0160318-0j 0.0509045-0j 0.00106983-0j -7.68219e-06-0j -1.61452e-07-0j 1.07702e-05-0j -1.4651e-07-0j -3.07912e-09-0j 2.05403e-07-0j -0.0713668-0j 0.00114486-0j 2.40608e-05-0j -0.00160506-0j -2.19765e-07-0j -4.61867e-09-0j 3.08105e-07-0j 6.3967e-05-0j 1.34436e-06-0j -8.96802e-05-0j 1.92889e-06-0j 4.05384e-08-0j -2.70426e-06-0j 0.000979869-0j 0.00196069-0j 0.0165092-0j 0.0132094-0j 3.0945e-07-0j -0.000106502-0j -7.5957e-05-0j -2.11027e-06-0j 0.000104658-0j 0.000130802-0j 1.4456e-08-0j 1.031e-08-0j 2.86438e-10-0j -1.42058e-08-0j -1.77544e-08-0j 2.207e-07-0j 6.13158e-09-0j -3.04094e-07-0j -3.8411e-06-0j -2.73947e-06-0j -7.61093e-08-0j 3.77462e-06-0j 4.71752e-06-0j 0.00274914-0j -3.80058e-07-0j -0.0134421-0j -0.00337641-0j -0.000797827-0j 5.44727e-05-0j 0.00857639-0j 0.00611668-0j 0.000169936-0j -0.00842795-0j -0.0105333-0j -0.00270156-0j -0.00056901-0j -1.58085e-05-0j -5.76164e-06-0j -4.1092e-06-0j -1.14164e-07-0j 5.66192e-06-0j 7.07629e-06-0j -1.55397e-07-0j -1.10829e-07-0j -3.07912e-09-0j 1.52708e-07-0j 1.90855e-07-0j -0.00958688-0j -0.000266347-0j 0.000784019-0j 0.0359949-0j 0.0256715-0j 0.000886804-0j 0.000632468-0j 1.75715e-05-0j -0.000871455-0j -0.00108915-0j -1.70229e-07-0j -1.21407e-07-0j -3.373e-09-0j 1.67283e-07-0j 2.09071e-07-0j 0.000713219-0j -0.0353719-0j -0.0442079-0j 5.05704e-05-0j 3.60668e-05-0j 1.00202e-06-0j -4.96951e-05-0j -6.21091e-05-0j 1.54656e-06-0j 1.103e-06-0j 3.06442e-08-0j -1.51979e-06-0j -1.89944e-06-0j 
0.0210112-0j -0.184421-0j 8.72196e-05-0j -4.77105e-05-0j -0.0165666-0j 2.7746e-05-0j 2.2556e-05-0j 1.29616e-06-0j -0.000189998-0j 0.159692-0j -0.155587-0j 0.0173794-0j -0.0169327-0j 0.00019501-0j 0.00490759-0j -0.00478145-0j 0.000662897-0j -0.000645858-0j 0.000811879-0j -0.000791012-0j 4.81838e-05-0j -4.69453e-05-0j -2.7006e-07-0j 0.0742841-0j 0.00156119-0j -0.104144-0j -7.59654e-05-0j -1.59652e-06-0j 0.000106502-0j -1.285e-05-0j 1.80153e-05-0j -0.000929341-0j -1.95314e-05-0j 0.00130291-0j -0.0172539-0j -0.000362615-0j 0.0081571-0j 0.000171433-0j -0.0114361-0j -2.72787e-06-0j -5.733e-08-0j 3.8244e-06-0j 0.0241896-0j 0.00347019-0j 7.2931e-05-0j -0.00486512-0j 0.000468739-0j 9.85121e-06-0j -0.00065716-0j 0.000592913-0j 1.24609e-05-0j -0.000831249-0j 3.59141e-05-0j 7.54785e-07-0j -5.03506e-05-0j 0.0183247-0j 5.53153e-07-0j -0.00180477-0j -0.00144404-0j -0.000991477-0j 0.0369806-0j 0.0263746-0j 0.000732752-0j -0.0363406-0j -0.0454186-0j -6.19358e-05-0j -4.41726e-05-0j -1.22722e-06-0j 6.08638e-05-0j 7.60678e-05-0j -0.000707121-0j -1.96456e-05-0j 0.000974316-0j -3.56033e-05-0j -2.53922e-05-0j -7.0546e-07-0j 3.4987e-05-0j 4.37269e-05-0j 7.75594e-07-0j 0.0012177-0j 0.00146948-0j -9.52562e-07-0j -0.0149203-0j 1.5368e-08-0j -0.000697006-0j -0.000497104-0j -1.38108e-05-0j 0.000684942-0j 0.000856043-0j -7.6217e-07-0j -0.0106412-0j -0.000295638-0j 0.00611783-0j 0.00436323-0j 0.000121221-0j -0.00601194-0j -0.00751374-0j -2.89334e-06-0j -2.06353e-06-0j -5.733e-08-0j 2.84326e-06-0j 3.55352e-06-0j 0.00104803-0j 2.91169e-05-0j 0.0146621-0j 0.000106502-0j 7.5957e-05-0j 0.002688-0j 0.00191708-0j 5.32613e-05-0j -0.00264148-0j -0.00330132-0j 0.000363083-0j 0.000258951-0j 7.1943e-06-0j -0.000356799-0j -0.000445929-0j 2.11027e-06-0j -0.000104658-0j -0.000130802-0j 0.000468739-0j 0.000334304-0j 9.28781e-06-0j -0.000460626-0j -0.000575691-0j 2.87953e-05-0j 2.05368e-05-0j 5.70564e-07-0j -2.82969e-05-0j -3.53656e-05-0j 
5.73725e-06-0j 0.0173813-0j 0.000468791-0j -6.47599e-09-0j -2.7746e-05-0j -0.0170088-0j -1.05831e-06-0j 6.96663e-06-0j -1.54287e-08-0j 8.75905e-05-0j -8.53391e-05-0j 0.0930017-0j -0.0906113-0j 1.58358e-08-0j 4.0918e-06-0j -3.98663e-06-0j 0.00715703-0j -0.00697307-0j -3.80926e-05-0j 3.71135e-05-0j 0.00025898-0j -0.000252323-0j -1.45947e-11-0j -0.00706399-0j -0.00014846-0j 0.00990354-0j 0.0938183-0j 0.00197172-0j -0.131531-0j -6.94444e-10-0j 9.73593e-10-0j -2.53763e-07-0j -5.33318e-09-0j 3.55769e-07-0j -4.70436e-06-0j -9.88688e-08-0j -0.000768788-0j -1.61572e-05-0j 0.00107782-0j -1.46619e-05-0j -3.0814e-07-0j 2.05556e-05-0j 6.5954e-06-0j 2.89334e-06-0j 6.08077e-08-0j -4.05639e-06-0j 0.00506078-0j 0.000106359-0j -0.00709509-0j -2.78189e-05-0j -5.84654e-07-0j 3.90014e-05-0j 0.000193032-0j 4.05685e-06-0j -0.000270626-0j -0.000570688-0j 2.1328e-11-0j -2.94391e-07-0j -2.3555e-07-0j -0.010689-0j 6.19358e-05-0j 4.41726e-05-0j 1.22722e-06-0j -6.08638e-05-0j -7.60678e-05-0j 0.0379678-0j 0.0270786-0j 0.000752312-0j -0.0373107-0j -0.046631-0j -0.00762341-0j -0.000211797-0j 0.010504-0j 1.67047e-06-0j 1.19138e-06-0j 3.30995e-08-0j -1.64156e-06-0j -2.05163e-06-0j 2.99046e-11-0j 0.013128-0j 2.39699e-07-0j -3.6728e-11-0j 0.000464665-0j 5.92544e-13-0j -1.90322e-07-0j -1.35738e-07-0j -3.77113e-09-0j 1.87028e-07-0j 2.33748e-07-0j -2.9387e-11-0j 0.000331399-0j 9.20708e-06-0j -0.000576591-0j -0.000411225-0j -1.14248e-05-0j 0.000566612-0j 0.000708153-0j -1.55512e-05-0j -1.10911e-05-0j -3.0814e-07-0j 1.52821e-05-0j 1.90996e-05-0j 1.70953e-07-0j 4.7495e-09-0j -0.000456622-0j 1.4456e-08-0j 1.031e-08-0j 2.24117e-06-0j 1.5984e-06-0j 4.44076e-08-0j -2.20238e-06-0j -2.75254e-06-0j 0.00392006-0j 0.00279579-0j 7.7674e-05-0j -0.00385222-0j -0.00481451-0j 2.86438e-10-0j -1.42058e-08-0j -1.77544e-08-0j -2.19928e-05-0j -1.56852e-05-0j -4.35775e-07-0j 2.16121e-05-0j 2.70109e-05-0j 0.00015477-0j 0.000110382-0j 3.06669e-06-0j -0.000152091-0j -0.000190084-0j 
-0.00161457-0j 0.00700337-0j -0.131927-0j 2.43348e-06-0j -2.2556e-05-0j -1.05831e-06-0j -0.01691-0j 1.13765e-05-0j 7.25336e-06-0j 0.000107121-0j -0.000104367-0j -0.000328555-0j 0.00032011-0j -7.44471e-06-0j 0.131912-0j -0.128522-0j 0.00875283-0j -0.00852786-0j 0.00353186-0j -0.00344108-0j 0.000422912-0j -0.000412042-0j 8.2383e-09-0j 5.03506e-05-0j 1.05819e-06-0j -7.05903e-05-0j 1.92889e-06-0j 4.05384e-08-0j -2.70426e-06-0j 3.91994e-07-0j -5.49565e-07-0j -0.012307-0j -0.000258648-0j 0.0172541-0j -7.68219e-06-0j -1.61452e-07-0j 0.0533828-0j 0.00112191-0j -0.0748413-0j 0.00827619-0j 0.000173936-0j -0.011603-0j 1.07702e-05-0j -0.000541253-0j -1.13752e-05-0j 0.000758823-0j -3.59141e-05-0j -7.54785e-07-0j 5.03506e-05-0j 0.00257931-0j 5.42078e-05-0j -0.00361612-0j 0.00031522-0j 6.6248e-06-0j -0.000441931-0j 6.11937e-06-0j -1.40513e-08-0j -6.01446e-07-0j -4.81233e-07-0j 1.24778e-05-0j -0.00867709-0j -0.0061885-0j -0.000171932-0j 0.00852691-0j 0.010657-0j -0.000407121-0j -0.000290358-0j -8.06688e-06-0j 0.000400074-0j 0.000500014-0j 8.89914e-06-0j 2.4724e-07-0j -1.22618e-05-0j 0.0535376-0j 0.038183-0j 0.00106082-0j -0.052611-0j -0.0657534-0j -1.97018e-08-0j -1.53248e-05-0j 4.89709e-07-0j 2.41972e-08-0j -4.9825e-06-0j -3.90381e-10-0j 5.35603e-05-0j 3.81992e-05-0j 1.06127e-06-0j -5.26333e-05-0j -6.57812e-05-0j 1.93608e-08-0j -3.55352e-06-0j -9.87256e-08-0j -0.000232323-0j -0.000165693-0j -4.60336e-06-0j 0.000228302-0j 0.000285333-0j 0.00437642-0j 0.00312126-0j 8.67164e-05-0j -0.00430067-0j -0.00537499-0j 3.4926e-07-0j 9.70331e-09-0j 4.89627e-06-0j 0.000936137-0j 0.000667653-0j -0.000419253-0j -0.000299011-0j -8.30727e-06-0j 0.000411996-0j 0.000514914-0j -2.78189e-05-0j -1.98404e-05-0j -5.51217e-07-0j 2.73374e-05-0j 3.41664e-05-0j 1.85491e-05-0j -0.000919935-0j -0.00114974-0j 0.00203912-0j 0.0014543-0j 4.04041e-05-0j -0.00200383-0j -0.00250439-0j 0.000252739-0j 0.000180253-0j 5.00788e-06-0j -0.000248364-0j -0.000310406-0j 
6.16735e-05-0j -0.00081197-0j 0.00503935-0j -6.96148e-08-0j 1.29616e-06-0j -6.96663e-06-0j -1.13765e-05-0j -0.0172328-0j -1.65854e-07-0j -4.0918e-06-0j 3.98663e-06-0j 3.80926e-05-0j -3.71135e-05-0j 1.70229e-07-0j 4.39856e-05-0j -4.2855e-05-0j -0.000334342-0j 0.000325748-0j 0.0942266-0j -0.0918047-0j 0.00278395-0j -0.00271239-0j -1.56889e-10-0j -2.89334e-06-0j -6.08077e-08-0j 4.05639e-06-0j 1.26975e-05-0j 2.66857e-07-0j -1.78016e-05-0j -7.46505e-09-0j 1.04658e-08-0j -2.72787e-06-0j -5.733e-08-0j 3.8244e-06-0j 2.19765e-07-0j 4.61867e-09-0j 3.59141e-05-0j 7.54785e-07-0j -5.03506e-05-0j -0.00015761-0j -3.3124e-06-0j 0.000220966-0j -3.08105e-07-0j -0.00715703-0j -0.000150415-0j 0.010034-0j 0.0544018-0j 0.00114333-0j -0.0762699-0j -0.000299044-0j -6.28484e-06-0j 0.000419253-0j 0.00207503-0j 4.36098e-05-0j -0.00290915-0j -2.33748e-07-0j 2.29269e-10-0j 1.37525e-08-0j 1.10038e-08-0j -1.44667e-06-0j -2.89334e-06-0j -2.06353e-06-0j -5.733e-08-0j 2.84326e-06-0j 3.55352e-06-0j 1.55512e-05-0j 1.10911e-05-0j 3.0814e-07-0j -1.52821e-05-0j -1.90996e-05-0j -1.03177e-06-0j -2.8665e-08-0j 1.42163e-06-0j 1.7957e-05-0j 1.28069e-05-0j 3.55809e-07-0j -1.76462e-05-0j -2.20543e-05-0j 3.21465e-10-0j 1.77676e-06-0j -1.11976e-08-0j -3.94814e-10-0j 1.90322e-07-0j 6.36966e-12-0j 0.000470785-0j 0.000335763-0j 9.32834e-06-0j -0.000462636-0j -0.000578204-0j -3.15901e-10-0j 1.35738e-07-0j 3.77113e-09-0j -0.00619817-0j -0.00442053-0j -0.000122813-0j 0.00609089-0j 0.00761241-0j 0.0384679-0j 0.0274353-0j 0.00076222-0j -0.0378021-0j -0.0472451-0j -7.9861e-09-0j -2.21874e-10-0j -1.87028e-07-0j 1.55397e-07-0j 1.10829e-07-0j 2.40919e-05-0j 1.71823e-05-0j 4.77368e-07-0j -2.36749e-05-0j -2.9589e-05-0j -0.000183126-0j -0.000130606-0j -3.62855e-06-0j 0.000179957-0j 0.000224911-0j 3.07912e-09-0j -1.52708e-07-0j -1.90855e-07-0j -0.000236415-0j -0.000168611-0j -4.68444e-06-0j 0.000232323-0j 0.000290358-0j 0.00166373-0j 0.00118657-0j 3.29659e-05-0j -0.00163493-0j -0.00204334-0j 
0.0273597-0j -9.11788e-06-0j -1.96564e-07-0j -0.199099-0j 0.000189998-0j -1.54287e-08-0j 7.25336e-06-0j 1.65854e-07-0j -0.473174-0j -0.00181521-0j 0.0018298-0j 4.27754e-07-0j -4.3119e-07-0j 0.469403-0j -0.000113559-0j 0.000114471-0j 1.30413e-08-0j -1.3146e-08-0j -4.59822e-06-0j 4.63516e-06-0j -1.0859e-07-0j 1.09462e-07-0j 0.154188-0j 7.46985e-06-0j -8.91352e-06-0j 4.83422e-06-0j -4.95277e-10-0j 5.90997e-10-0j -3.20526e-10-0j -0.129215-0j -0.0836234-0j -0.00121014-0j 0.00144402-0j -0.000783161-0j -0.01107-0j 0.0132094-0j 4.03291e-07-0j -4.81233e-07-0j 2.60995e-07-0j 6.14771e-09-0j -7.33584e-09-0j 3.97857e-09-0j -0.00716409-0j -8.02985e-05-0j 9.58174e-05-0j -5.19663e-05-0j 9.22156e-09-0j -1.10038e-08-0j 5.96786e-09-0j -3.35807e-06-0j 4.00706e-06-0j -2.17322e-06-0j -8.09383e-08-0j 9.65809e-08-0j -5.23804e-08-0j 0.000167333-0j 0.0140954-0j -0.061195-0j 0.0313933-0j -1.62451e-08-0j 7.46985e-06-0j 5.3275e-06-0j -8.40374e-06-0j -7.59474e-06-0j 1.48044e-05-0j -6.06588e-10-0j -4.32618e-10-0j 6.82425e-10-0j 6.1673e-10-0j -1.20219e-09-0j -1.1586e-08-0j 1.82761e-08-0j 1.65167e-08-0j 2.01645e-07-0j 1.43813e-07-0j -2.26855e-07-0j -2.05017e-07-0j 3.99639e-07-0j 0.0197636-0j -3.21961e-08-0j -0.030877-0j 0.0391694-0j 8.44311e-05-0j -0.0222345-0j -0.000907607-0j -0.000647305-0j 0.00102108-0j 0.000922781-0j -0.00179878-0j -0.020094-0j 6.02162e-05-0j -9.49868e-05-0j 3.02468e-07-0j 2.1572e-07-0j -3.40283e-07-0j -3.07525e-07-0j 5.99459e-07-0j 6.52063e-09-0j 4.65051e-09-0j -7.33584e-09-0j -6.62964e-09-0j 1.29232e-08-0j -0.0220215-0j 0.0347373-0j -8.58427e-05-0j -0.00782766-0j -0.00558268-0j -6.2199e-05-0j -4.43603e-05-0j 6.99752e-05-0j 6.32388e-05-0j -0.000123272-0j 7.14299e-09-0j 5.09438e-09-0j -8.03601e-09-0j -7.26241e-09-0j 1.41566e-08-0j 0.00880628-0j 0.00795853-0j -0.0155136-0j -2.65478e-06-0j -1.89339e-06-0j 2.98669e-06-0j 2.69917e-06-0j -5.26149e-06-0j -6.4895e-08-0j -4.62831e-08-0j 7.30083e-08-0j 6.598e-08-0j -1.28615e-07-0j 
-0.062931-0j -0.0149008-0j 4.68444e-06-0j 0.0171528-0j -0.159692-0j 8.75905e-05-0j 0.000107121-0j 4.0918e-06-0j -0.00181521-0j 0.462021-0j -0.482417-0j -0.00135643-0j 0.00141631-0j 0.00173847-0j -0.000777447-0j 0.000811768-0j -3.43918e-05-0j 3.591e-05-0j -6.33656e-05-0j 6.61629e-05-0j -2.49983e-06-0j 2.61018e-06-0j -0.000189174-0j 0.0121824-0j -0.0145368-0j 0.00876335-0j -4.08e-06-0j 4.86852e-06-0j -2.93493e-06-0j 0.000158535-0j 0.000114041-0j 0.00278349-0j -0.00332144-0j 0.00200229-0j 0.105534-0j -0.125931-0j 0.000659072-0j -0.000786448-0j 0.0004741-0j -1.4651e-07-0j 1.74825e-07-0j -1.05391e-07-0j 0.0759157-0j 0.000569103-0j -0.000679091-0j 0.000409381-0j 2.51753e-05-0j -3.00408e-05-0j 1.81097e-05-0j 4.79058e-05-0j -5.71643e-05-0j 3.44608e-05-0j 1.92889e-06-0j -2.30168e-06-0j 1.38754e-06-0j 0.0187196-0j 2.50476e-05-0j -0.00568081-0j 0.0133268-0j -8.01087e-05-0j 0.00606473-0j -0.0126817-0j 0.00706329-0j -0.00595976-0j 0.00254047-0j -3.32649e-06-0j 6.9559e-06-0j -3.87419e-06-0j 3.26891e-06-0j -1.39344e-06-0j 0.000167512-0j -9.32986e-05-0j 7.87222e-05-0j -2.87665e-06-0j 6.01526e-06-0j -3.35029e-06-0j 2.82686e-06-0j -1.20501e-06-0j -1.19784e-05-0j -3.35569e-05-0j -0.0135615-0j -5.01766e-06-0j 0.0446882-0j -1.39506e-05-0j 0.00208762-0j -0.00436534-0j 0.00243134-0j -0.00205148-0j 0.000874487-0j 1.17711e-05-0j -0.0934458-0j 0.0520461-0j 0.000494304-0j -0.00103362-0j 0.000575691-0j -0.000485749-0j 0.00020706-0j -1.55397e-07-0j 3.24946e-07-0j -1.80984e-07-0j 1.52708e-07-0j -6.50948e-08-0j 0.0283579-0j -0.0157944-0j -0.0439147-0j -0.000651423-0j 0.00136217-0j 0.000440825-0j -0.000921793-0j 0.000513407-0j -0.000433195-0j 0.000184658-0j 1.95007e-05-0j -4.07772e-05-0j 2.27115e-05-0j -1.91632e-05-0j 8.16871e-06-0j -0.00075868-0j 0.000640149-0j -0.000272876-0j 3.78728e-05-0j -7.91945e-05-0j 4.41086e-05-0j -3.72173e-05-0j 1.58647e-05-0j 1.54656e-06-0j -3.23395e-06-0j 1.8012e-06-0j -1.51979e-06-0j 6.47841e-07-0j 
0.0634733-0j 0.0150292-0j -4.72481e-06-0j 0.0167119-0j -0.155587-0j 8.53391e-05-0j 0.000104367-0j 3.98663e-06-0j -0.0018298-0j 0.482417-0j -0.486292-0j -0.00141631-0j 0.00142768-0j 0.00181521-0j -0.000811768-0j 0.000818289-0j -3.591e-05-0j 3.61985e-05-0j -6.61629e-05-0j 6.66944e-05-0j -2.61018e-06-0j 2.63115e-06-0j 0.000190804-0j -0.0122874-0j 0.0146621-0j -0.00795195-0j 4.11516e-06-0j -4.91047e-06-0j 2.66318e-06-0j -0.000159901-0j -0.000103482-0j -0.00280747-0j 0.00335006-0j -0.00181689-0j -0.106444-0j 0.127016-0j -0.000664751-0j 0.000793225-0j -0.000430203-0j 1.47772e-07-0j -1.76332e-07-0j 9.5633e-08-0j -0.0688866-0j -0.000574007-0j 0.000684942-0j -0.000371476-0j -2.53922e-05-0j 3.02997e-05-0j -1.64329e-05-0j -4.83186e-05-0j 5.76569e-05-0j -3.127e-05-0j -1.94551e-06-0j 2.32152e-06-0j -1.25907e-06-0j -0.0893303-0j 8.61659e-06-0j 0.027109-0j -0.013907-0j 8.07989e-05-0j -0.00611699-0j -0.00436263-0j 0.00688174-0j 0.00621926-0j -0.0121232-0j 3.35515e-06-0j 2.39289e-06-0j -3.77462e-06-0j -3.41124e-06-0j 6.64954e-06-0j 5.76258e-05-0j -9.09005e-05-0j -8.21498e-05-0j 2.90144e-06-0j 2.0693e-06-0j -3.26418e-06-0j -2.94994e-06-0j 5.75033e-06-0j 1.20816e-05-0j 0.000160135-0j 0.0136783-0j 2.39444e-05-0j -0.0450732-0j -1.35921e-05-0j -0.0021056-0j -0.00150172-0j 0.00236885-0j 0.00214081-0j -0.00417308-0j -1.22836e-05-0j -0.0321462-0j 0.0507084-0j -0.000498563-0j -0.000355575-0j 0.000560894-0j 0.000506899-0j -0.000988099-0j 1.56736e-07-0j 1.11784e-07-0j -1.76332e-07-0j -1.59357e-07-0j 3.10634e-07-0j 0.00975539-0j -0.0153884-0j 0.0458268-0j 0.000657036-0j 0.000468598-0j -0.000444624-0j -0.000317105-0j 0.000500211-0j 0.000452057-0j -0.000881196-0j -1.96687e-05-0j -1.40277e-05-0j 2.21278e-05-0j 1.99976e-05-0j -3.89813e-05-0j -0.00073918-0j -0.000668021-0j 0.00130217-0j -3.81992e-05-0j -2.72436e-05-0j 4.29749e-05-0j 3.88378e-05-0j -7.57066e-05-0j -1.55988e-06-0j -1.11251e-06-0j 1.7549e-06-0j 1.58596e-06-0j -3.09152e-06-0j 
-9.19766e-05-0j -0.0918047-0j 4.36098e-05-0j 8.14819e-06-0j 0.0173794-0j -0.0930017-0j 0.000328555-0j 3.80926e-05-0j -4.27754e-07-0j 0.00135643-0j -0.00141631-0j 0.474503-0j -0.49545-0j 4.09669e-07-0j 4.21212e-05-0j -4.39806e-05-0j -0.000643135-0j 0.000671527-0j -0.000194352-0j 0.000202932-0j -2.32721e-05-0j 2.42995e-05-0j -2.66463e-08-0j 0.0752785-0j -0.0898272-0j 0.0541512-0j 0.00872755-0j -0.0104143-0j 0.00627812-0j 2.23305e-08-0j 1.60634e-08-0j 4.0682e-06-0j -4.85444e-06-0j 2.92644e-06-0j 0.000100703-0j -0.000120166-0j 0.00406059-0j -0.00484537-0j 0.00292097-0j -1.36393e-06-0j 1.62754e-06-0j -9.81139e-07-0j 7.24403e-05-0j -3.08333e-05-0j 3.67923e-05-0j -2.21798e-05-0j 0.000470785-0j -0.000561771-0j 0.000338657-0j 0.000146934-0j -0.000175332-0j 0.000105696-0j 1.7957e-05-0j -2.14275e-05-0j 1.29173e-05-0j -0.00312044-0j 2.3469e-09-0j -2.68905e-06-0j 6.30831e-06-0j 0.0564574-0j -0.000660028-0j 0.00138016-0j -0.000768702-0j 0.000648605-0j -0.000276481-0j 0.00353199-0j -0.00738563-0j 0.00411354-0j -0.00347086-0j 0.00147953-0j -0.118056-0j 0.0657531-0j -0.0554803-0j -8.82312e-06-0j 1.84497e-05-0j -1.02758e-05-0j 8.67041e-06-0j -3.69594e-06-0j -1.12235e-09-0j 0.0236496-0j -6.41942e-06-0j -4.70142e-10-0j -0.00744927-0j -1.30714e-09-0j 3.05115e-06-0j -6.38014e-06-0j 3.55352e-06-0j -2.99834e-06-0j 1.2781e-06-0j 1.10292e-09-0j 0.0155769-0j -0.00867579-0j 0.00304545-0j -0.00636822-0j 0.00354688-0j -0.00299274-0j 0.00127572-0j -1.44667e-06-0j 3.02508e-06-0j -1.68487e-06-0j 1.42163e-06-0j -6.06e-07-0j 1.34234e-05-0j -7.47637e-06-0j 0.00732034-0j -3.0945e-07-0j 6.47079e-07-0j -2.38834e-05-0j 4.99417e-05-0j -2.78158e-05-0j 2.347e-05-0j -1.00046e-05-0j 0.000364668-0j -0.000762544-0j 0.000424711-0j -0.000358357-0j 0.000152757-0j -3.60401e-07-0j 3.04094e-07-0j -1.29626e-07-0j 0.000116162-0j -0.000242902-0j 0.000135288-0j -0.000114151-0j 4.86593e-05-0j 1.43977e-05-0j -3.01064e-05-0j 1.67682e-05-0j -1.41485e-05-0j 6.03107e-06-0j 
9.27691e-05-0j 0.0925958-0j -4.39856e-05-0j 7.93876e-06-0j 0.0169327-0j -0.0906113-0j 0.00032011-0j 3.71135e-05-0j -4.3119e-07-0j 0.00141631-0j -0.00142768-0j 0.49545-0j -0.49943-0j 4.27754e-07-0j 4.39806e-05-0j -4.43339e-05-0j -0.000671527-0j 0.000676921-0j -0.000202932-0j 0.000204562-0j -2.42995e-05-0j 2.44947e-05-0j 2.68759e-08-0j -0.0759271-0j 0.0906012-0j -0.0491373-0j -0.00880275-0j 0.010504-0j -0.00569683-0j -2.2523e-08-0j -1.4576e-08-0j -4.10325e-06-0j 4.89627e-06-0j -2.65548e-06-0j -0.000101571-0j 0.000121201-0j -0.00409558-0j 0.00488712-0j -0.00265051-0j 1.37569e-06-0j -1.64156e-06-0j 8.90295e-07-0j -6.5733e-05-0j 3.1099e-05-0j -3.71094e-05-0j 2.01262e-05-0j -0.000474841-0j 0.000566612-0j -0.0003073-0j -0.0001482-0j 0.000176842-0j -9.59099e-05-0j -1.81118e-05-0j 2.16121e-05-0j -1.17213e-05-0j 0.0148908-0j 8.07354e-10-0j 1.28322e-05-0j -6.58298e-06-0j -0.0569439-0j 0.000665716-0j 0.000474788-0j -0.000748944-0j -0.000676846-0j 0.00131938-0j -0.00356243-0j -0.00254072-0j 0.00400781-0j 0.00362199-0j -0.00706035-0j -0.0406124-0j 0.0640631-0j 0.0578959-0j 8.89914e-06-0j 6.34687e-06-0j -1.00117e-05-0j -9.04792e-06-0j 1.76371e-05-0j 1.13202e-09-0j -0.112857-0j 6.47473e-06-0j 2.24353e-09-0j 0.00751345-0j -1.27354e-09-0j -3.07744e-06-0j -2.19483e-06-0j 3.46218e-06-0j 3.12889e-06-0j -6.09915e-06-0j -1.15094e-09-0j 0.00535859-0j -0.0084528-0j -0.00307169-0j -0.00219073-0j 0.00345571-0j 0.00312304-0j -0.00608775-0j 1.45914e-06-0j 1.04066e-06-0j -1.64156e-06-0j -1.48353e-06-0j 2.89185e-06-0j 4.61778e-06-0j -7.28421e-06-0j -0.00763907-0j 3.12116e-07-0j 2.22601e-07-0j 2.40892e-05-0j 1.71804e-05-0j -2.71009e-05-0j -2.44919e-05-0j 4.77422e-05-0j -0.00036781-0j -0.000262322-0j 0.000413795-0j 0.00037396-0j -0.00072896-0j -3.51138e-07-0j -3.17335e-07-0j 6.18581e-07-0j -0.000117163-0j -8.35604e-05-0j 0.00013181-0j 0.000119121-0j -0.000232204-0j -1.45217e-05-0j -1.03569e-05-0j 1.63372e-05-0j 1.47645e-05-0j -2.87805e-05-0j 
-0.027126-0j 9.03998e-06-0j 1.94885e-07-0j -0.204351-0j 0.00019501-0j -1.58358e-08-0j 7.44471e-06-0j 1.70229e-07-0j -0.469403-0j -0.00173847-0j 0.00181521-0j 4.09669e-07-0j -4.27754e-07-0j 0.449558-0j -0.000108758-0j 0.000113559-0j 1.24899e-08-0j -1.30413e-08-0j -4.40381e-06-0j 4.59822e-06-0j -1.03999e-07-0j 1.0859e-07-0j -0.152871-0j -7.40604e-06-0j 8.83737e-06-0j -5.3275e-06-0j 4.91046e-10-0j -5.85948e-10-0j 3.53232e-10-0j 0.128111-0j 0.0921562-0j 0.0011998-0j -0.00143168-0j 0.000863073-0j 0.0109754-0j -0.0130966-0j -3.99845e-07-0j 4.77122e-07-0j -2.87627e-07-0j -6.09519e-09-0j 7.27317e-09-0j -4.38454e-09-0j 0.00789511-0j 7.96125e-05-0j -9.49988e-05-0j 5.72689e-05-0j -9.14278e-09-0j 1.09098e-08-0j -6.57681e-09-0j 3.32938e-06-0j -3.97283e-06-0j 2.39497e-06-0j 8.02468e-08-0j -9.57558e-08-0j 5.77252e-08-0j -3.50654e-05-0j 0.0409739-0j 0.0128237-0j -0.0300834-0j 1.61064e-08-0j -7.40604e-06-0j 1.54865e-05-0j -8.62544e-06-0j 7.27786e-06-0j -3.10234e-06-0j 6.01406e-10-0j -1.25758e-09-0j 7.00428e-10-0j -5.90997e-10-0j 2.51925e-10-0j -3.36794e-08-0j 1.87583e-08-0j -1.58276e-08-0j -1.99923e-07-0j 4.18051e-07-0j -2.3284e-07-0j 1.96462e-07-0j -8.37462e-08-0j -0.0195948-0j 6.74684e-09-0j 0.0306133-0j -0.00820811-0j -8.37098e-05-0j -0.0228211-0j 0.000899853-0j -0.00188165-0j 0.00104801-0j -0.000884279-0j 0.000376942-0j 0.0192556-0j 0.000175043-0j -9.74926e-05-0j -2.99884e-07-0j 6.27077e-07-0j -3.4926e-07-0j 2.94694e-07-0j -1.25619e-07-0j -6.46492e-09-0j 1.35186e-08-0j -7.52937e-09-0j 6.35303e-09-0j -2.70811e-09-0j -0.0640143-0j 0.0356537-0j 8.2261e-05-0j 0.00776078-0j -0.0162283-0j 6.16676e-05-0j -0.000128951-0j 7.18212e-05-0j -6.06003e-05-0j 2.58321e-05-0j -7.08197e-09-0j 1.48088e-08-0j -8.24801e-09-0j 6.95939e-09-0j -2.96658e-09-0j 0.0090386-0j -0.00762646-0j 0.00325094-0j 2.6321e-06-0j -5.5039e-06-0j 3.06548e-06-0j -2.58655e-06-0j 1.10257e-06-0j 6.43406e-08-0j -1.3454e-07-0j 7.49343e-08-0j -6.3227e-08-0j 2.69518e-08-0j 
0.0121308-0j 0.000929468-0j -0.00867806-0j -0.00161907-0j 0.00490759-0j -4.0918e-06-0j -0.131912-0j 4.39856e-05-0j 0.000113559-0j 0.000777447-0j -0.000811768-0j 4.21212e-05-0j -4.39806e-05-0j -0.000108758-0j 0.471675-0j -0.492497-0j -0.000556165-0j 0.000580717-0j -0.000452789-0j 0.000472778-0j -2.68723e-05-0j 2.80586e-05-0j 8.85275e-06-0j -0.000186379-0j 0.0002224-0j -0.000134071-0j 1.26881e-07-0j -1.51403e-07-0j 9.12715e-08-0j -7.41893e-06-0j -5.33677e-06-0j 0.0924664-0j -0.110337-0j 0.0665152-0j 8.69582e-05-0j -0.000103764-0j 0.00708481-0j -0.00845406-0j 0.00509643-0j 0.000544403-0j -0.000649617-0j 0.000391613-0j 6.2553e-05-0j 0.00200352-0j -0.00239073-0j 0.00144122-0j -2.3624e-06-0j 2.81897e-06-0j -1.69938e-06-0j 0.000342318-0j -0.000408477-0j 0.000246245-0j 2.0735e-05-0j -2.47423e-05-0j 1.49156e-05-0j 1.56813e-05-0j -9.36356e-07-0j -3.10234e-06-0j 7.27786e-06-0j 1.65602e-06-0j 0.0321194-0j -0.0671636-0j 0.0374078-0j -0.0315634-0j 0.0134546-0j -2.67801e-05-0j 5.5999e-05-0j -3.11895e-05-0j 2.63166e-05-0j -1.1218e-05-0j -3.46283e-06-0j 1.92868e-06-0j -1.62735e-06-0j 0.00710537-0j -0.0148578-0j 0.00827527-0j -0.00698239-0j 0.00297639-0j 4.47789e-07-0j 6.93693e-07-0j -7.40604e-06-0j 1.87576e-07-0j 3.74352e-05-0j 5.21518e-07-0j -0.000402416-0j 0.000841478-0j -0.000468674-0j 0.000395452-0j -0.000168569-0j -4.40039e-07-0j -7.82794e-05-0j 4.35989e-05-0j -3.08333e-05-0j 6.44745e-05-0j -3.591e-05-0j 3.02997e-05-0j -1.29159e-05-0j 0.000287878-0j -0.000601971-0j 0.000335277-0j -0.000282895-0j 0.00012059-0j 1.54865e-05-0j -8.62544e-06-0j -3.67873e-05-0j -0.0105966-0j 0.0221581-0j 0.00155192-0j -0.00324516-0j 0.00180744-0j -0.00152506-0j 0.000650087-0j -1.82991e-06-0j 3.82646e-06-0j -2.1312e-06-0j 1.79824e-06-0j -7.66536e-07-0j -0.0123413-0j 0.0104132-0j -0.00443882-0j 0.000270626-0j -0.000565897-0j 0.000315185-0j -0.000265942-0j 0.000113363-0j 1.6625e-05-0j -3.47639e-05-0j 1.93623e-05-0j -1.63372e-05-0j 6.96408e-06-0j 
-0.0122353-0j -0.000937477-0j 0.00875283-0j -0.00157746-0j 0.00478145-0j -3.98663e-06-0j -0.128522-0j 4.2855e-05-0j 0.000114471-0j 0.000811768-0j -0.000818289-0j 4.39806e-05-0j -4.43339e-05-0j -0.000113559-0j 0.492497-0j -0.496453-0j -0.000580717-0j 0.000585382-0j -0.000472778-0j 0.000476575-0j -2.80586e-05-0j 2.8284e-05-0j -8.92903e-06-0j 0.000187985-0j -0.000224316-0j 0.000121657-0j -1.27975e-07-0j 1.52708e-07-0j -8.28206e-08-0j 7.48286e-06-0j 4.84264e-06-0j -0.0932631-0j 0.111288-0j -0.0603565-0j -8.77075e-05-0j 0.000104658-0j -0.00714586-0j 0.00852691-0j -0.00462454-0j -0.000549094-0j 0.000655214-0j -0.000355354-0j -5.67612e-05-0j -0.00202078-0j 0.00241133-0j -0.00130778-0j 2.38276e-06-0j -2.84326e-06-0j 1.54204e-06-0j -0.000345268-0j 0.000411996-0j -0.000223445-0j -2.09137e-05-0j 2.49555e-05-0j -1.35346e-05-0j -7.48318e-05-0j -3.22115e-07-0j 1.48044e-05-0j -7.59474e-06-0j -1.67028e-06-0j -0.0323961-0j -0.0231049-0j 0.0364463-0j 0.0329377-0j -0.0642056-0j 2.70109e-05-0j 1.92642e-05-0j -3.03878e-05-0j -2.74625e-05-0j 5.35327e-05-0j -1.19125e-06-0j 1.87911e-06-0j 1.69821e-06-0j -0.00716659-0j -0.00511121-0j 0.00806257-0j 0.00728641-0j -0.0142034-0j -4.51648e-07-0j -3.31032e-06-0j 7.46985e-06-0j -8.95116e-07-0j -3.77578e-05-0j 5.08113e-07-0j 0.000405884-0j 0.000289476-0j -0.000456628-0j -0.00041267-0j 0.000804418-0j 4.59199e-07-0j -2.69288e-05-0j 4.24783e-05-0j 3.1099e-05-0j 2.21798e-05-0j -3.4987e-05-0j -3.16189e-05-0j 6.16349e-05-0j -0.000290358-0j -0.000207084-0j 0.000326659-0j 0.000295213-0j -0.000575459-0j 5.3275e-06-0j -8.40374e-06-0j 3.8389e-05-0j 0.0106879-0j 0.00762259-0j -0.00156529-0j -0.00111636-0j 0.00176098-0j 0.00159146-0j -0.00310223-0j 1.84568e-06-0j 1.31634e-06-0j -2.07643e-06-0j -1.87653e-06-0j 3.65793e-06-0j -0.0120241-0j -0.0108666-0j 0.0211822-0j -0.000272958-0j -0.000194674-0j 0.000307084-0j 0.000277522-0j -0.000540974-0j -1.67682e-05-0j -1.19591e-05-0j 1.88646e-05-0j 1.70486e-05-0j -3.32328e-05-0j 
4.68444e-06-0j 0.00706505-0j -0.0659634-0j -3.10795e-07-0j -0.000662897-0j 0.00715703-0j 0.00875283-0j 0.000334342-0j 1.30413e-08-0j -3.43918e-05-0j 3.591e-05-0j 0.000643135-0j -0.000671527-0j -1.24899e-08-0j 0.000556165-0j -0.000580717-0j 0.484284-0j -0.505663-0j 3.00442e-05-0j -3.13705e-05-0j -0.000204261-0j 0.000213278-0j 6.76595e-10-0j 5.05704e-05-0j -6.03439e-05-0j 3.63776e-05-0j -0.000333377-0j 0.000397807-0j -0.000239813-0j -5.67011e-10-0j -4.07877e-10-0j 3.57069e-05-0j -4.26078e-05-0j 2.56856e-05-0j -1.9122e-06-0j 2.28176e-06-0j 0.0538529-0j -0.0642608-0j 0.0387388-0j 0.0041381-0j -0.00493785-0j 0.00297672-0j -1.37553e-06-0j 2.3624e-06-0j -2.81897e-06-0j 1.69938e-06-0j 0.00205708-0j -0.00245464-0j 0.00147975-0j -2.2714e-05-0j 2.71039e-05-0j -1.63392e-05-0j 0.00015761-0j -0.000188071-0j 0.000113376-0j -1.39344e-06-0j -5.10576e-11-0j 4.08133e-08-0j -9.57451e-08-0j 3.79827e-05-0j -0.00433854-0j 0.00907217-0j -0.00505289-0j 0.00426345-0j -0.00181738-0j 0.0468415-0j -0.0979486-0j 0.054554-0j -0.0460308-0j 0.0196216-0j -7.94243e-05-0j 4.42366e-05-0j -3.73253e-05-0j -0.000471467-0j 0.000985867-0j -0.000549094-0j 0.000463307-0j -0.000197494-0j 2.4417e-11-0j 1.59107e-05-0j 9.74314e-08-0j 1.02281e-11-0j -3.32649e-06-0j 2.84373e-11-0j -1.55397e-07-0j 3.24946e-07-0j -1.80984e-07-0j 1.52708e-07-0j -6.50948e-08-0j -2.39944e-11-0j 6.9559e-06-0j -3.87419e-06-0j -0.000234369-0j 0.000490081-0j -0.000272958-0j 0.000230313-0j -9.81756e-05-0j 0.00218821-0j -0.00457568-0j 0.0025485-0j -0.00215034-0j 0.000916625-0j -2.03735e-07-0j 1.13473e-07-0j 3.26891e-06-0j -2.0341e-06-0j 4.25343e-06-0j 1.82991e-06-0j -3.82646e-06-0j 2.1312e-06-0j -1.79824e-06-0j 7.66536e-07-0j 0.00159341-0j -0.00333191-0j 0.00185576-0j -0.00156583-0j 0.000667466-0j -2.36901e-06-0j 1.99889e-06-0j -8.52069e-07-0j -1.7957e-05-0j 3.75493e-05-0j -2.09137e-05-0j 1.76462e-05-0j -7.52207e-06-0j 0.000126369-0j -0.000264246-0j 0.000147176-0j -0.000124182-0j 5.29352e-05-0j 
-4.72481e-06-0j -0.00712592-0j 0.0665318-0j -3.02806e-07-0j -0.000645858-0j 0.00697307-0j 0.00852786-0j 0.000325748-0j 1.3146e-08-0j -3.591e-05-0j 3.61985e-05-0j 0.000671527-0j -0.000676921-0j -1.30413e-08-0j 0.000580717-0j -0.000585382-0j 0.505663-0j -0.509725-0j 3.13705e-05-0j -3.16225e-05-0j -0.000213278-0j 0.000214992-0j -6.82425e-10-0j -5.10061e-05-0j 6.08638e-05-0j -3.30093e-05-0j 0.00033625-0j -0.000401235-0j 0.000217609-0j 5.71897e-10-0j 3.70111e-10-0j -3.60145e-05-0j 4.29749e-05-0j -2.33073e-05-0j 1.92868e-06-0j -2.30143e-06-0j -0.0543169-0j 0.0648145-0j -0.0351519-0j -0.00417375-0j 0.0049804-0j -0.0027011-0j 1.24817e-06-0j -2.38276e-06-0j 2.84326e-06-0j -1.54204e-06-0j -0.0020748-0j 0.00247579-0j -0.00134274-0j 2.29098e-05-0j -2.73374e-05-0j 1.48264e-05-0j -0.000158968-0j 0.000189691-0j -0.000102879-0j 6.64954e-06-0j -1.75643e-11-0j -1.94762e-07-0j 9.99139e-08-0j -3.831e-05-0j 0.00437593-0j 0.00312091-0j -0.00492301-0j -0.00444909-0j 0.00867261-0j -0.0472451-0j -0.0336952-0j 0.0531518-0j 0.048035-0j -0.0936347-0j -2.73227e-05-0j 4.30996e-05-0j 3.89505e-05-0j 0.000475529-0j 0.000339147-0j -0.00053498-0j -0.000483479-0j 0.000942447-0j -2.46274e-11-0j -7.59263e-05-0j -9.82709e-08-0j -4.88089e-11-0j 3.35515e-06-0j 2.77064e-11-0j 1.56736e-07-0j 1.11784e-07-0j -1.76332e-07-0j -1.59357e-07-0j 3.10634e-07-0j 2.50392e-11-0j 2.39289e-06-0j -3.77462e-06-0j 0.000236389-0j 0.000168592-0j -0.000265942-0j -0.000240341-0j 0.000468497-0j -0.00220706-0j -0.00157408-0j 0.00248299-0j 0.00224396-0j -0.00437416-0j -7.00868e-08-0j 1.10557e-07-0j -3.41124e-06-0j 2.05163e-06-0j 1.46322e-06-0j -1.84568e-06-0j -1.31634e-06-0j 2.07643e-06-0j 1.87653e-06-0j -3.65793e-06-0j -0.00160714-0j -0.00114621-0j 0.00180806-0j 0.001634-0j -0.00318517-0j -2.30812e-06-0j -2.08593e-06-0j 4.0661e-06-0j 1.81118e-05-0j 1.29173e-05-0j -2.03761e-05-0j -1.84146e-05-0j 3.58955e-05-0j -0.000127458-0j -9.09031e-05-0j 0.000143393-0j 0.000129589-0j -0.000252608-0j 
-0.000988719-0j 0.00428867-0j 0.000468791-0j 8.75905e-05-0j -0.000811879-0j -3.80926e-05-0j 0.00353186-0j -0.0942266-0j -4.59822e-06-0j -6.33656e-05-0j 6.61629e-05-0j 0.000194352-0j -0.000202932-0j 4.40381e-06-0j 0.000452789-0j -0.000472778-0j 3.00442e-05-0j -3.13705e-05-0j 0.480753-0j -0.501976-0j -0.000250168-0j 0.000261211-0j -2.86439e-07-0j 3.08333e-05-0j -3.67923e-05-0j 2.21798e-05-0j 1.1812e-06-0j -1.40949e-06-0j 8.49692e-07-0j 2.40046e-07-0j 1.72676e-07-0j 4.37318e-05-0j -5.21836e-05-0j 3.14583e-05-0j -4.70436e-06-0j 5.61355e-06-0j -0.000189691-0j 0.000226352-0j -0.000136454-0j -1.46619e-05-0j 1.74955e-05-0j -1.05469e-05-0j -3.38406e-06-0j 0.0762699-0j -0.0910103-0j 0.0548644-0j 0.00506078-0j -0.00603886-0j 0.00364045-0j 0.0015795-0j -0.00188476-0j 0.0011362-0j 0.000193032-0j -0.000230339-0j 0.000138857-0j -1.2781e-06-0j 2.52284e-08-0j 1.25619e-07-0j -2.94694e-07-0j 7.64104e-06-0j 3.08333e-05-0j -6.44745e-05-0j 3.591e-05-0j -3.02997e-05-0j 1.29159e-05-0j 1.44667e-06-0j -3.02508e-06-0j 1.68487e-06-0j -1.42163e-06-0j 6.06e-07-0j -1.59779e-05-0j 8.89914e-06-0j -7.50879e-06-0j -9.48456e-05-0j 0.000198328-0j -0.000110462-0j 9.32041e-05-0j -3.97302e-05-0j -1.20649e-08-0j 3.20078e-06-0j 2.99884e-07-0j -5.05388e-09-0j -3.05115e-06-0j -1.40513e-08-0j -0.00754738-0j 0.015782-0j -0.00879006-0j 0.00741675-0j -0.00316154-0j 1.1856e-08-0j 6.38014e-06-0j -3.55352e-06-0j 0.0327376-0j -0.0684563-0j 0.0381278-0j -0.0321709-0j 0.0137135-0j 0.00357851-0j -0.0074829-0j 0.00416772-0j -0.00351658-0j 0.00149901-0j -6.27077e-07-0j 3.4926e-07-0j 2.99834e-06-0j -3.32649e-06-0j 6.9559e-06-0j -0.000256739-0j 0.000536857-0j -0.000299011-0j 0.000252295-0j -0.000107546-0j -1.70355e-05-0j 3.56224e-05-0j -1.98404e-05-0j 1.67407e-05-0j -7.13606e-06-0j -3.87419e-06-0j 3.26891e-06-0j -1.39344e-06-0j 0.0012487-0j -0.00261111-0j 0.0014543-0j -0.00122709-0j 0.000523072-0j 0.00015477-0j -0.000323634-0j 0.000180253-0j -0.000152091-0j 6.48321e-05-0j 
0.000997238-0j -0.00432563-0j -0.00047283-0j 8.53391e-05-0j -0.000791012-0j -3.71135e-05-0j 0.00344108-0j -0.0918047-0j -4.63516e-06-0j -6.61629e-05-0j 6.66944e-05-0j 0.000202932-0j -0.000204562-0j 4.59822e-06-0j 0.000472778-0j -0.000476575-0j 3.13705e-05-0j -3.16225e-05-0j 0.501976-0j -0.506008-0j -0.000261211-0j 0.00026331-0j 2.88907e-07-0j -3.1099e-05-0j 3.71094e-05-0j -2.01262e-05-0j -1.19138e-06-0j 1.42163e-06-0j -7.71018e-07-0j -2.42114e-07-0j -1.56688e-07-0j -4.41086e-05-0j 5.26333e-05-0j -2.85455e-05-0j 4.7449e-06-0j -5.66192e-06-0j 0.000191326-0j -0.000228302-0j 0.000123819-0j 1.47882e-05-0j -1.76462e-05-0j 9.57038e-06-0j 3.07073e-06-0j -0.0769271-0j 0.0917945-0j -0.0497845-0j -0.00510439-0j 0.00609089-0j -0.00330338-0j -0.00159311-0j 0.001901-0j -0.001031-0j -0.000194696-0j 0.000232323-0j -0.000126-0j 6.09915e-06-0j 8.67879e-09-0j -5.99459e-07-0j 3.07525e-07-0j -7.70688e-06-0j -3.1099e-05-0j -2.21798e-05-0j 3.4987e-05-0j 3.16189e-05-0j -6.16349e-05-0j -1.45914e-06-0j -1.04066e-06-0j 1.64156e-06-0j 1.48353e-06-0j -2.89185e-06-0j -5.49655e-06-0j 8.67041e-06-0j 7.83573e-06-0j 9.56629e-05-0j 6.82268e-05-0j -0.000107623-0j -9.72623e-05-0j 0.000189593-0j 1.21688e-08-0j -1.52742e-05-0j -3.02468e-07-0j 2.41173e-08-0j 3.07744e-06-0j -1.36902e-08-0j 0.00761241-0j 0.00542917-0j -0.00856413-0j -0.00773968-0j 0.015087-0j -1.23723e-08-0j 2.19483e-06-0j -3.46218e-06-0j -0.0330196-0j -0.0235496-0j 0.0371478-0j 0.0335717-0j -0.0654413-0j -0.00360935-0j -0.00257419-0j 0.00406059-0j 0.00366969-0j -0.00715334-0j -2.1572e-07-0j 3.40283e-07-0j -3.12889e-06-0j 3.35515e-06-0j 2.39289e-06-0j 0.000258951-0j 0.000184684-0j -0.000291325-0j -0.00026328-0j 0.000513213-0j 1.71823e-05-0j 1.22544e-05-0j -1.93305e-05-0j -1.74696e-05-0j 3.40535e-05-0j -3.77462e-06-0j -3.41124e-06-0j 6.64954e-06-0j -0.00125946-0j -0.000898247-0j 0.00141692-0j 0.00128052-0j -0.00249611-0j -0.000156104-0j -0.000111333-0j 0.00017562-0j 0.000158714-0j -0.000309381-0j 
