-0.0295549-0.0948198j 0.0586739+0.0808747j -0.044072+0.0041742j 0.00901972+0.0790029j -0.0546587+0.102418j -0.0142561-0.0377605j -0.0146746+0.00252871j -0.0178097-0.0202746j 0.0354751-0.00486337j 0.0970762+0.0546732j 0.0460235+0.0136846j 0.0168045+0.00618317j -0.0216371+0.0333583j -0.0418705+0.00551317j -0.0641053+0.0399155j 0.0192162-0.016887j -0.00122286+0.0042529j -0.0144695+0.0180951j -0.00162552-0.0103853j 0.0184407+0.0211361j -0.0271344+0.0211483j -0.0377987-0.0135807j -0.00865423+0.0197672j -0.0329095-0.00807173j -0.000926234-0.021114j 0.0138586+0.00556521j -0.045218+0.00657468j -0.0242558+0.0571549j -0.022659-0.0106493j -0.00876339-0.0323478j 0.0213269+0.0184738j 0.0552606+0.0335552j -0.00443646+0.0202496j -0.00568612+0.0262512j 0.0187765+0.0190903j -0.000764538+0.0402569j 0.005353+0.0264666j -0.010669+0.0120194j -0.0285275-6.64566e-05j -0.0187343-0.00963999j 0.000769668-0.0420677j 0.0136138+0.0244769j 0.0093069+0.0450796j -0.00170819-0.0216077j 0.0120772+0.0693944j 0.00592009+0.00810953j -0.0318196-0.00364232j -0.0196211-0.0198689j 0.00751845-0.00811283j -0.0342833-0.00507881j -0.0137132+0.0202437j 0.00711625+0.00130725j -0.0149021+0.0143943j 0.00530957+0.0194345j 0.0253337+0.0246878j -0.0177016-9.38369e-06j 0.0155412-0.00420641j -0.00171264+0.0146306j -0.0366341+0.026412j -0.0054848-0.0192389j 0.0352255+0.0172692j -0.00705108+0.0650586j 0.0228897-0.00014953j 0.0199913+0.0386572j -0.0347867-0.0259677j -0.0456764-0.00697868j -0.0410303-0.033916j -0.00864928-0.000251067j -0.00768257-0.0154866j -0.0280931-0.0178378j -0.0140588-0.0100215j -0.00535608-0.0537357j -0.0113696+0.0349188j -0.0137155-0.0131186j 0.00936841-0.0169243j 0.0160641+0.00797247j -0.000421605+0.00496261j 0.0041143+0.024494j -0.00972913-0.0115583j -0.00312681+0.0154599j 0.0299271+0.0285605j -0.00648542+0.030428j 0.0202821-0.00459643j -0.0329154+0.000485818j -0.00657395-0.0144436j 0.00170313+0.041414j -0.000135226-0.0242649j -0.0188636-0.0207166j -0.0162359-0.00882362j 0.00572966-0.00519756j 0.00587427-0.0236149j -0.0205943+0.038631j -0.00831241-0.0218746j -0.0516648-0.0199848j -0.0167452-0.0391777j -0.000842538-0.0313599j -0.00388647+0.0326092j 0.0311117+0.000264816j -0.0213442-0.0409329j 0.0105441-0.0377412j 0.0509709+0.0215921j -0.0183593-0.0610574j 0.0011233-0.0112173j -0.00615428-0.0194784j 0.00826138+0.0107895j -0.0405394+0.0118172j 0.0416828+0.0471475j 0.0552659+0.0235612j 0.0192925+0.0236133j 0.0178285+0.00107891j -0.0318723-0.0525215j 0.0713798+0.115593j -0.028527-0.0553961j 0.058875+0.0778278j -0.015151+0.012119j 0.00273586+0.136636j -0.0243648-0.0193621j -0.0394812-0.014437j 0.0601592+0.014774j 0.011175+0.0457387j 0.0467076+0.0798541j 0.0352575+0.000561134j 0.00968584+0.00998801j -0.0158204-0.0105357j -0.0606264+0.0400757j -0.000886843-0.0111822j -0.037374-0.00611794j -0.0411918+0.012691j -0.0504826-0.0380409j 0.0363982+0.0584028j 0.0202351-0.0170471j -0.00407576-0.0111221j 0.0464752+0.0131602j 0.00148336+0.00918967j -0.0279011+0.00246883j -0.0232684-0.0255879j -0.00459823-0.00997356j 0.0217945+0.0520655j -0.0320372-0.0481306j -0.00143409-0.0306382j 0.0248534-0.0340207j -0.0208621-0.0206301j -0.0179056-0.0104203j 0.00264797+0.0334465j -0.0281914-0.0284263j -0.0166039-0.0156145j -0.0305537-0.0129967j -0.0215833-0.0277874j 0.0131824+0.0205929j -0.00931225+0.0621921j -0.00652814+0.0333559j -0.0149192-0.0150914j 0.017927-0.00727753j -0.0126608-0.0176917j 0.00421171+0.00394368j -0.0363221-0.05608j 0.00364916+0.00154636j -0.00539774-0.0172943j 0.0103411+0.0218205j 0.00666821-0.0361924j 0.0130039+0.00559931j 0.00862366+0.0160794j 0.0130782-0.0118238j 0.00152787-0.00585802j 0.0299939+0.00290529j 0.0100114-0.0338361j 0.00496647-0.0269191j -0.00364093-0.0170367j -0.00859907+0.020963j 5.80421e-05+0.0192007j -0.0171875-0.0642023j -0.00908217-0.00782813j -0.0294583-0.0223604j 0.00895097+0.00338486j -0.0292854+0.00676549j 0.0578235+0.0365663j 0.0135684+0.0267437j -0.024129-0.0261176j 0.00545618-0.00475023j -0.0177234-0.0245382j 0.0368502-0.000264941j 0.0168503+0.0273517j 0.0092519-0.035313j -0.0109907+0.0683577j -0.0274041-0.0204533j 0.054239-0.00620319j -0.0146397+0.0832504j 0.0330947-0.022186j -0.0595942-0.0103581j -0.0811079-0.0494612j 0.16351+0.052165j 0.0905185+0.161273j 0.0767897+0.102821j -0.0698453+0.0951094j -0.0865557-0.109306j 0.127653-0.114467j 
-0.11867-0.0647103j -0.0216541-0.0419791j -0.00696939-0.0793998j -0.0393402-0.0259316j 0.021911+0.0279559j -0.0870761+0.0187738j 0.00432322+0.0215923j 0.00531327-0.00212451j -0.0358053+0.0259526j 0.0127528+0.00457939j 0.027802-0.00819332j -0.0213891+0.0607551j 0.0131975+0.0412458j -0.0263804-0.0124005j -0.00656432+0.0129678j -0.0714148-0.0260284j -0.0107847-0.0145966j 0.0124063+0.00934478j -0.0369835-0.0550603j -0.0341613-0.0177387j 0.0434007+0.0593942j 0.0263609+0.0354778j -0.0116585-0.000915024j 0.000845661+0.0121979j -0.0314651+0.0105399j -0.0541897-0.0210976j -0.0105312+0.0215257j -0.00997127-0.00581655j 0.0239777+0.0156191j 0.00560903+0.030482j 0.0103712+0.0137837j -0.0191484-0.0256994j 0.0235552-0.0128385j 0.0194111+0.0118677j 0.00584606-0.022565j -0.00774937-0.0150535j -0.0143268+0.016828j -0.00574874+0.0031339j -0.0234873-0.0228849j 0.00702334+0.00772141j -0.0203821-0.0248545j 0.0229686-0.00430133j 0.060731+0.051042j -0.0498486-0.0447522j 0.079557+0.0267852j 0.0164643+0.00283431j 0.0521957+0.0647515j 0.0303584+0.0311993j -0.0206703-0.0141856j 0.0123072+0.00220318j 0.031282+0.0120209j 0.00240301+0.0165601j -0.00446635-0.00614141j -0.0164726+0.00394162j 0.0234542+0.0208158j 0.0221255-0.00299008j 0.00948053-0.0218566j 0.00628556+0.00428917j 0.034156+0.0230348j -0.0564932+0.0201119j -0.00883673+0.0126577j 0.0350237+0.0429619j -0.0337613-0.0377256j 0.0103209-0.026445j 0.00408787+0.00652346j 0.0252216+0.00894512j 0.0155748+0.0021876j 0.0118927+0.0105617j -0.00568837-0.013331j 0.0323069+0.034935j -0.000833641-0.00223528j -0.0663678-0.0427244j 0.00875141+0.0296352j -0.00182259+0.0152341j -0.0137755-0.00651657j -0.00291038-0.000129817j 0.0106739+0.0378087j 0.0305329+0.02954j -0.0118501-0.00654514j 0.0216461+0.0263041j -0.00609314-0.0149619j 0.0315925+0.0238699j -0.00611171-0.00431166j 0.0106255+0.0642386j 0.000885055+0.0338236j 0.0361866-0.00750931j 0.0122993+0.0193745j -0.0325341-0.0279363j 0.00397822+0.0399339j -0.00862043-0.00235674j 0.00171001-0.00552661j 0.0356067+0.062474j -0.0300527-0.032347j 0.0380798+0.0694626j -0.0356922-0.0110931j -0.0334567-0.0442439j 0.0563206+0.0508682j -0.0196576-0.0465897j -0.00859571-0.011025j -0.0122331+0.0183891j 0.0474069-0.0193353j -0.0272929+0.0300312j -0.00232376-0.00608106j -0.0283919-0.0402867j 0.0092319-0.0249422j 0.0721122+0.107432j 0.0363965+0.0515842j 0.0418254-0.00792347j -0.021999-0.0112548j -0.0444731-0.0603373j -0.0280221-0.0109503j 0.04475-0.0567042j -0.0100013+0.0729515j -0.000369528-0.0426863j 0.0116181+0.0427081j 0.085974+0.0156463j -0.000386764+0.0225237j -0.037966-0.0330079j 0.0051349-0.0357575j 0.0301739-0.00927323j -0.000140033-0.0188991j -0.0398727-0.0230192j -0.000818709+0.00560486j -0.0381844-0.0621977j 0.0119057+0.0579875j 0.00262536+0.0597836j 0.0495937+0.0582267j -0.00464182+0.063449j -0.00611552+0.0515801j 0.00338025-0.0496886j -0.025551-0.0068377j 0.0242674+0.0312113j -0.0121308+0.0139553j -0.00224094+0.0305698j -0.0272821+0.00161663j -0.000974267+0.00849508j -0.0271436-0.00734581j 0.0442793+0.0123955j -0.00963851+0.00772178j -0.00498351-0.00413973j -0.00492263-0.003348j -0.00951196-0.0365933j 0.00557212+0.030331j 0.0547685+0.0310527j -0.00515108+0.0253359j -0.0173164-0.0167033j -0.0138779-0.00503187j 0.0099795+0.0356644j 0.0119936+0.0398228j 0.00474586+0.00644691j 0.0107755-0.00717702j -0.00230104+0.0116812j -0.0173931-0.000651511j -0.00649846+0.00833027j -0.00778229-0.0364988j -0.0142266+0.0118019j -0.00885447-0.0108378j 0.0114544+0.0141663j -0.0119083-0.0328537j 0.00136764-0.00500697j -0.00967726-0.000720712j 0.0219554+0.0104772j 0.00183845+0.0131201j -0.0165551+0.000352756j -0.0442645-0.0530801j -0.0489217-0.0110037j -0.0215506-0.0211503j -0.0110502-0.0193847j 0.0233002+0.00883378j 0.0121659+0.0296285j -0.00465277-0.00458357j 0.00697948+0.0164271j -0.0224126-0.0299487j 0.0445737+0.0375303j -0.00107472-0.00910632j -0.00211988+0.0145801j 0.008002+0.0101156j -0.0143332+0.0132023j -0.0229603-0.0141903j 0.0548847-0.0170072j -0.0211754-0.0479355j 0.00132531-0.0684024j -0.0354502-0.0394557j -0.0091606+0.0119034j -0.0612688-0.0312472j 0.0070814+0.0287345j 0.0897755+0.0166316j 0.0320649+0.0357838j -0.0217359-0.00936022j 0.0434748+0.0886457j -0.0913028-0.152823j 0.179235+0.0603043j 0.082183-0.0204021j 0.157593+0.141837j 0.103391-0.0356971j 0.00897676+0.0764514j 
0.00807295-0.0131952j 0.100368-0.0106272j 0.0116229+0.00880206j 0.115297-0.00687656j -0.0295369-0.09524j 0.091756-0.0691257j -0.182281-0.154658j 0.123436-0.161931j 0.0435363-0.0215369j 0.0491244+0.0428505j -0.0506765+0.0570606j -0.0560782-0.0316407j -0.0359781-0.0267388j 0.0236146-0.0554532j 0.00782688-0.046038j 0.00528394+0.0675773j -0.025587+0.0277456j 0.0392969+0.00114151j 0.0365878-0.0132894j -0.00766721-0.00207338j -0.0150048-0.0285835j -0.0287516-0.0255907j 0.0238082-0.0568274j -0.00648146+0.0463934j 0.0540655+0.0302689j 0.00779037+0.0241894j -0.0114916-0.0303166j 0.0313642-0.0499723j 0.0273683+0.00431969j -0.0721593+0.0524285j -0.0139375-0.0178796j 0.00093412+0.060295j 0.0212415+0.0046437j 0.0500742-0.0219415j 0.00398009+0.0287234j 0.0221028+0.00553816j -0.00469431+0.0059053j 0.033436+0.00253226j 0.0253644-0.0034099j -0.0101044-0.028291j -0.026448+0.0113056j 0.0270142+0.0239433j 0.0414586+0.0392539j 0.0267925-0.0168533j 0.0502061+0.0570464j 0.0541868+0.0659078j -0.00727262+0.0218151j -0.0211866-0.0157492j -0.0179709-0.00980951j 0.00648285+0.00565547j -0.046063-0.0177966j 0.000472187-0.0305779j -0.00328073-0.00651692j -0.0158117-0.0465798j -0.00303152-0.0332057j 0.0098355+0.00743123j -0.0565921+0.0228008j 0.0146467+0.0126356j 0.0112694+8.57003e-05j -0.00539007-0.0222631j -0.0219214+0.00504419j 0.0226162-0.0314162j -0.0337165+0.00639702j -0.0018096+0.0341659j 0.0240349-0.00602085j 0.0155621-0.0254542j 0.0388974+0.00456808j 0.034069+0.0146086j -0.00173167-0.00511976j 0.0100742-0.0178772j 0.00634865-0.0050037j -0.0138506-0.000655307j -0.0086247-0.00459313j 0.015309-0.0296473j 0.00499027+0.000999635j 0.00836962+0.0422314j 0.0488114+0.0139868j -0.0269682-0.0101719j 0.00546785-0.000210725j -0.0429873+0.00332883j -0.00139897+0.0246817j 0.0156432+0.0150223j 0.00325759+0.0256291j -0.0159388-0.0195379j -0.0214753-0.0589676j 0.00597559+0.00302094j -0.035809-0.0154567j 0.0200709-0.0193818j 0.0271075-0.000807986j -0.0206212-0.032445j 0.00705508-0.0212072j -0.0143341-0.0226851j -0.0053874-0.00819243j -0.00107668+0.00278339j 0.059184+0.0119255j 0.0287805-0.00757861j -0.00971365+0.0312986j -0.00198169-0.00964595j -0.0265772-0.076194j -0.00876065-0.00380246j -0.0125383+0.0278385j -0.027154-0.0042241j -0.0317386-0.00551483j 0.0652147-0.029114j -0.0111646-0.03123j -0.0925817-0.0191654j -0.0790839-0.0069982j -0.0466337+0.0178628j 0.013626+0.0293622j 0.00827604-0.0156313j 0.00106762-0.00352426j 0.0179592+0.0251209j -0.0181841+0.0316119j 0.00477512+0.0197729j -0.0117416-0.0265141j 0.0302978+0.00658422j -0.0199476-0.0255407j 0.00636144+0.0049139j -0.00473119+0.0439584j 0.0336586+0.0132418j 0.0343122+0.0423951j -0.00797903+0.0177629j 0.0205153+0.0215307j 0.0355593-0.00631599j 0.018463-0.0626574j -0.0217913+0.00529396j -0.00336075-0.0396554j -0.0201427-0.0508366j -0.0022163-0.0165128j 0.0461462+0.00696069j -0.0209962-0.00148362j -0.00637256-0.00364428j -0.0174443+0.0649705j -0.0251388-0.0165088j 0.0218464-0.0242026j -0.0234642-0.0535314j -0.0132711-0.00503085j 0.0330741+0.00566983j -0.0125625-0.0171373j -0.00137244+0.0361276j -0.0290379+0.0274402j 0.00105688-0.011734j -0.0060392+0.00480112j 0.0132462-0.0010217j 0.0140959+0.0127256j -0.0202847-0.0407803j -0.0157876-0.027697j -0.00339872+0.0107099j 0.0104853+0.0485084j 0.0172851-0.0450629j 0.030034-0.0114035j -0.00981085-0.00208934j -0.0220803+0.0444072j 0.00123016-0.00525428j 0.0115324+0.0172489j -0.0124546+0.00429717j -0.00276765+0.0143098j -0.00811859+4.83018e-05j 0.00466614+0.0036807j 0.0156175+0.0402789j -0.0276563+0.00906235j 0.017357+0.0299305j 0.0124823+0.0241856j 0.00789591+0.0291381j -0.0422822-0.0139015j -0.0261174+0.00356534j -0.0127209+0.00715104j 0.0191577+0.0136538j 0.0304973+0.00023804j -0.0319392-0.0171635j -0.0308959-0.0133447j -0.00533675+0.0134797j 0.00873983-0.0348702j 0.0234907+0.00734835j 0.0489931-7.74189e-05j 0.0058515+0.0364853j 0.0241207+0.0184447j -0.0710587-0.0194758j -0.00853389+0.00770019j 0.0453422-0.0116281j 0.0485542+0.0604789j 0.0220687-0.0251084j 0.0214481+0.0229179j 0.0591348-0.0029831j -0.0210393-0.0289699j -0.0113419+0.102452j 0.117724+0.0453053j -0.0694318+0.0664224j 0.0758814-0.0613994j -0.0854627-0.0240391j 0.0113989+0.0250975j -0.0350631+0.022039j 0.0693259+0.0987787j 0.0988487-0.0321342j 0.0628817+0.0279341j -0.0882535+0.112322j 
0.0216038-0.0260337j 0.0268266+0.0400389j 0.00457711+0.0263424j -0.03105+0.0362066j 0.0829251+0.0261935j 0.125063+0.0366027j 0.217467-0.129794j 0.134461+0.211122j 0.0154287+0.0629923j -0.058849-0.0508153j -0.0417558-0.00513862j 0.055042-0.020602j 0.0325337+0.017853j 0.0010355-0.0628775j -0.0351501+0.00132662j 0.0037609+0.00109457j -0.00218524+0.00161753j 0.0029726-0.0232096j 0.0455424+0.0284503j -0.00879653-0.0112137j -0.00920366-0.00628724j 0.0475138+0.0371723j -0.0215363+0.0235964j -0.0270327-0.0116552j 0.0193897+0.00513844j -0.0324475-0.0271039j 0.0319895+0.0188982j 0.0203343+0.00619641j -0.017339+0.001282j -0.0172244-0.0297218j 0.00686161-0.00966365j -0.00955682+0.00471163j -0.00436603+0.00772603j 0.0185426-0.0243358j -0.0134811-0.0173594j 0.00985141+0.0179628j 0.00218939+0.0080059j 0.0216945+0.0329833j 0.0178708-0.0322994j 0.0022616-0.013572j 0.0110782+0.0214092j -0.00707848+0.0266319j -0.00705471+0.00278112j 0.0175393+0.00742077j -0.00311801+0.0464579j -0.0183557-0.0271948j 0.0593217+0.0121958j 0.00651095-0.0161758j -0.0131259-0.00703682j 0.0202489+0.0435093j 0.0245119+0.00285158j 0.0101632+0.0283398j -0.0125551-0.0251141j 0.0145294+0.0261749j -0.00162149+0.0103884j 0.03323+0.00511486j -0.0219287+0.00178355j -0.0078007-0.00253548j 0.00807034+0.0113439j 0.0162951-0.00899901j 0.0300309+0.00556181j 0.00978313-0.00843516j -0.00616817-0.0198008j -0.0116086+0.0307939j -0.00212767-0.0208484j -0.0185638-0.0161081j -0.00433557+0.0112567j 0.00559957+0.0247281j -0.00275167+0.00415761j -0.0016454-0.00673224j -0.0153028-0.0164246j -0.0148475-0.0208791j 0.00841988-0.0185587j 0.0112214+0.00447526j 0.010507+0.017231j 0.00538539-0.00454448j 0.00242314+0.0270286j 0.0117862+0.0144071j 0.00734534-0.010557j -0.00812098+0.00355005j -0.00963598-0.00558227j -0.00462133-0.000574497j -0.00682105+0.00362905j -0.00210994-0.0189562j 0.0206185+0.0096033j 0.00824094+0.0258271j -0.00623374-0.0152641j 0.0104964+0.00531136j -0.00439128-0.0122058j -0.0110382-0.0323144j 0.00394922+0.0117132j -0.00865726-0.000793128j 0.026402+0.0272888j 0.00905218+0.0347546j 0.0297765+0.00691935j 0.0296848+0.0161592j -0.00717809-0.0138529j 0.00841833-0.0440201j 0.0373341+0.0227749j 0.0197888+0.0175084j -0.0246559-0.00206249j 0.0162658+0.0199782j -0.00154777+0.00773729j 0.0467544+0.0459485j 0.033672+0.0396543j -0.000211403+0.0127848j -0.0124688-0.0336065j -0.0455313-0.00370823j -0.00751593-0.0143094j -0.0257846+0.0108136j 0.0286873+0.0530063j 0.00343966+0.0431015j -0.0264856-0.0445643j -0.0221117-0.0203068j 0.024155+0.00425574j 0.0186959+0.0482476j -0.0264382-0.0280816j -0.0401974-0.0370555j 0.0174809+0.0389999j 0.0439346+0.0499631j 0.0629651+0.0556807j 0.0220718+0.0101002j 0.00285151-0.00811327j -0.0284177-0.0271612j 0.00269899-0.00270916j -0.0122572-0.0324049j 0.0103102-0.00301515j -0.00280986-0.00866187j 0.0174419+0.00719003j 0.00743814+0.0336742j 0.0121959+0.005603j -0.0104179-0.0351047j 0.0082449-0.00810608j -0.000413954-0.0294436j 0.0134903+0.00962563j -0.00958442-0.021309j -0.0159828-0.0389283j 0.0371871+0.0420397j -0.00671403+0.000440585j -0.00161742-0.014711j -0.0169671-0.0106413j -0.0220188-0.0202637j 0.00352945+0.00570121j 0.00583336+0.00753814j 0.00184437-0.00753957j -0.0148744-0.0296713j -0.0153287-0.0224712j -0.00376784-0.0131924j 0.00843145+0.0158291j -0.00484976+0.0149484j -0.00523157-0.0124674j -0.00199555-0.00447663j 0.00984398+0.00727856j 0.00414061-0.00041902j 0.0181158+0.0154225j -0.0228079-0.0173409j -0.0056906+0.0060809j -0.0100837-0.00662776j -0.00320423+0.0144124j 0.00586576-0.00670657j 0.00370179+0.0137978j 0.0227963+0.00898021j 0.0012092+0.00140776j -0.0066159-0.0023763j -0.017453-0.0119548j -0.00496613+0.0144595j -0.0191191-0.0173934j -0.00672218-0.0162337j 0.03832+0.0279345j -0.00330493+0.0222455j -0.0164991-0.0101336j 0.0103628-0.00161634j -0.000649527-0.00987862j 0.0309524+0.0259897j 0.0202529+0.020173j 0.0155718-0.00938294j 0.0096181+0.0117664j -0.0186482-0.0163127j 0.0258068+0.0216912j 0.0368526+0.00108283j -0.0558343-0.0285356j 0.0114647-0.0271439j 0.0395964+0.0511495j 0.0016495-0.00887448j -0.0122424+0.00501058j -0.00822221+0.0167772j -0.00691697+0.0368888j -0.0419902-0.017228j -0.0049483+0.0128078j -0.0606783-0.0740716j -0.0343494-0.03711j -0.0202649+0.0586546j 0.0431285+0.0316135j 0.0138036+0.006465j -0.00228438-0.0261073j 0.024403-0.0205016j 
-0.0220378-0.0275595j -0.0467556+0.0166856j 0.0232387-0.0424712j -0.00642819+0.0946114j 0.0241072-0.0291254j 0.110893-0.0138988j 0.0197468-0.365084j 0.374708+0.0198058j 0.0378851+0.0447011j -0.0205887+0.0300514j -0.00859026-0.120363j -0.0178835-0.0189853j 0.0261865-0.0377903j -0.0405522-0.0101864j -0.00243827+0.0552902j 0.00524797+0.00229254j 0.036647+0.0352994j -0.00381643-0.00326443j 0.0200112-0.0303747j -0.0261665-0.00531571j 0.0219871-0.02802j 0.0141663-0.00240079j 0.0124263+0.0604338j -0.0393316-0.00575162j 0.0122052+0.0268556j -0.0414954-0.0110437j 0.0015415-0.00352141j -0.0218145+0.0283209j 0.0065834+0.00353296j 0.00566418-0.0351501j 0.00249303-0.010024j -0.00758693-0.0432765j -0.0229473+7.28665e-05j -0.0355241+0.00448449j -0.0310473+0.0070215j -0.00488567+0.0184229j 0.00330442+0.00829844j -0.00454308+0.00198195j 0.0146488+0.0154717j 0.00970098-0.00578668j 0.0240493+0.00620125j -0.00123812+0.00513831j -0.00248023-0.0109397j -0.00237409+0.0288268j -0.0187435-0.00296432j -0.0124698+0.00170514j -0.00451859-0.0171971j 0.0338045+0.0244047j 0.00895818+0.0219624j 0.00115328-0.0124443j 0.0237745+0.0130293j 0.014884+0.0482171j -0.019007-0.0282227j 0.00484905+0.0148991j 0.017478+0.0344618j 0.0224648-0.0215226j 0.000675624-0.0233246j -0.0301458-0.00849304j 0.00993519-0.000106798j -0.00484037+0.024862j -0.00151794-0.0244753j -0.00501521+0.0138093j -0.00864621-0.00275034j 0.00635167-0.00175759j 0.00198715-0.00319838j -0.00632136+0.0222933j -0.0117516+0.0158894j -0.00312247+0.00581679j 0.0127559-0.0121687j -0.00993983+0.0126229j -0.00224516-0.000506618j 0.0123714+0.0135634j 0.011734-0.00648931j -0.00141551+0.00722107j 0.00225049-0.00183871j -0.0165872-0.00513508j -0.00733925+0.0147563j 0.022225+0.00192973j -0.00121965+0.00374955j 0.0338703+0.00849097j -0.00161528+0.0059496j -0.00311893+0.00527846j 0.0102791-0.00884037j 0.0108127+0.00419316j -0.0018345+0.00310247j 0.0195047-0.00066069j 0.0127412-0.0153764j -0.0196779+0.0140976j -0.00934628-0.00219039j 0.00431263-0.00942624j 0.0139031-0.00855422j 0.00210319+0.00687382j 0.00652896+0.0155557j 0.040311+0.0306815j -0.0335518+0.0120036j 0.00295551+0.001673j 0.0101116-0.0224631j -0.0215013-0.0206868j -0.000886194+0.00197039j 0.0022126-0.00490137j 0.00754542-0.0264632j 0.0355875+0.0146106j 0.0234902-0.000994607j -0.0140299+0.0106369j 0.0120547-0.00249312j 0.0454297-0.00866287j -0.0065555-0.032604j 0.0403661-0.00205669j -0.0188585-0.00141416j 0.00452259+0.0225801j 0.0300208+0.0228199j -0.00104452-0.0330969j 0.00736023-0.00207247j -0.0125685+0.00330057j 0.00113534+0.00968318j -0.0258012-0.0133373j 0.0226811+0.0232023j -0.0179669+0.00770415j -0.00123217-0.0406681j -0.00969297-0.0213532j -0.0176104-0.0119669j -0.0111169-0.00303008j -0.0117838+0.00306456j -0.0106237+0.0203082j -0.00810219+0.0352662j 0.00564226-0.00540509j 0.0205019+0.000545961j 0.0142731+0.0336794j 0.0109349+0.027932j -0.0127805-0.0134348j 0.00619332-0.00711031j -0.00314618-0.0166477j -0.0120708-0.02026j 0.00263112+0.0117116j -0.0188824+0.0204295j 0.00970061+0.0211135j -0.00902567-0.0131588j -0.0024207-0.00911847j 0.0125997+0.0174404j -0.00144718-0.0181394j 0.0156381-0.0195987j 0.00148375+0.00367352j 0.0072485+0.00980606j -0.00325497+0.00272537j -0.00015158+0.0044183j -0.0115201+0.0103641j 0.000670723+0.018941j 0.00458178+0.00161217j -0.00806016-0.00236547j 0.000337931+0.0231696j -0.00432785+0.00654387j 0.00100475+0.00573687j -0.0200247-0.0181074j -0.00584503+0.00861717j -0.0144855-0.00387648j 0.0103761-0.0163181j 0.00452528+0.00371796j 0.00669947+0.00721983j 0.0116836+0.0176514j -0.00627097-0.00543849j 0.00906483-0.0130949j 0.00107875-0.00681511j -0.000587323+0.00109791j -0.00974065-2.67476e-05j 0.00140534-0.00353824j 0.0111183+0.00259416j -0.021603-0.00897778j -0.00431969+0.0104776j -0.0125568+0.00290408j 0.0129093+0.00681135j 0.0192574-0.0015622j 0.000253941-0.0144919j 0.00563411+0.0210857j 0.00777739-0.0156391j -0.00851897+0.0140079j -0.00877059-0.0145567j 0.00168688-0.00133031j 0.0106642+0.0107816j 0.0230983+0.0174086j -0.0067838-0.0046274j -0.000839771+0.00877172j -0.0154091-0.00203904j 0.0280403+0.0079925j -0.038846+0.00786492j 0.0159595+0.0436452j -0.016086-0.0324772j -0.0397194+0.00254289j 0.0392218-0.035449j -0.00215331+0.0476902j 0.0383187+0.0131288j -0.0317474-0.0138745j 0.0357647-0.0250625j -0.0135218-0.0277355j -0.0121765+0.0218815j 0.00746266-0.0390137j 0.0341149-0.0443361j 
0.0248961+0.00108237j 0.039958+0.000712649j 0.00621425+0.0162897j -0.029777+0.0368321j 0.0383109-0.0349774j 0.0288773+0.112945j 0.332922+0.035721j -0.049516+0.324714j -0.0590993+0.0346464j 0.0682537+0.0304621j 0.0810815+0.0091733j 0.00987295-0.021906j -0.0384048-0.026118j 0.0289282-0.0156667j 0.0240856-0.035834j -0.0128614-0.00975289j -0.0203828+0.00308897j 0.00705753-0.0626534j 0.0340125+0.0428986j 0.00750011-0.00849846j -0.0154665+0.020864j 0.0128183+0.0168343j -0.0106799-0.0330312j -0.0128176+0.0105228j 0.00477634-0.0193511j 0.0379004+0.00218967j 0.0332967-0.00128494j 0.00591624-0.0359102j -0.0196679+0.00613943j -0.00602114+0.00511359j 0.00257474+0.0147343j 0.0056377+0.0216948j 0.0229524-0.00427163j 0.0224698+0.0179803j 0.0220128-0.012518j -0.00120968+0.018828j 0.000842626-0.006468j -0.032618-0.037224j 0.022583-0.0290639j -0.00223366-0.00531314j -0.0379391+0.0112419j 0.0417385-0.000660588j 0.00448661+0.015009j -0.00991699+0.0147204j 0.0173827+0.0070077j 0.000520501+0.00300202j 0.00610552+0.029093j -0.013617-0.0132242j 0.00213433-0.00930003j 0.00683575+0.00725946j -0.0177029+0.00362763j -0.0141495-0.0250765j 0.00360654+0.000612977j 0.00893662-0.00817533j -0.0184307-0.00352544j -0.00188638-0.00155822j -0.00670782-0.00703687j 0.0202915+0.0122721j 0.00679955+0.00144196j -0.000745367-0.0117481j 0.00443721+0.01204j 0.016013-0.0233174j -0.00504757-0.00412585j -0.020251+0.0181305j 0.0206036-0.00805957j 0.00444575-0.0293032j 0.00276271-0.00488041j 0.00183449-0.0145429j 0.00735673+0.0114015j -0.00598873+0.00816602j -0.00144028-0.000303277j -0.00982744-0.000366341j 0.00482118-0.00183286j -0.00136625-0.00492428j 0.0137776+0.0192998j -0.013332+0.000802509j -0.00282906-0.0164688j 0.00278362-0.00756236j -0.0167867+0.000466745j -0.0102475+0.00490897j -0.0236682+0.00701573j -0.00802893+0.00218164j 0.015647-0.00421425j 0.00755829+0.000586215j -0.025943-0.00876139j -0.0178555+0.0152872j -0.0121198+0.0129206j 0.0033965-0.00474845j 0.000630245-0.0307285j -0.00322663-6.95202e-05j -0.0115082+0.0164774j 0.00560083+0.000881152j -0.010965-0.012541j -0.0148541-0.0259618j 0.0456744-0.00959789j 0.00022356+0.000740208j -0.00295929+0.0144423j 0.0191906+0.016868j 0.0158912+0.000658902j -0.0086784+0.00819655j -0.00299966+0.0249637j -0.0255092-0.000452702j -0.0115745+0.010552j 0.0225977-0.00660403j -0.00468748+0.00411303j -0.0349646+0.00299207j 0.00697637+0.000421526j -0.0133875-0.000384513j -0.0106522+0.00862795j -0.00729062-0.0211007j -0.0234835-0.00355345j 0.00925212+0.0198348j -0.013721-0.00327557j 0.0169806-0.000733264j 0.00752067-0.0094136j 0.0236381+0.0162509j -0.0092563-0.0126392j 0.0183058-0.00333669j 0.00280453+0.0177686j 0.0134471+0.0239009j 0.012608+0.0232811j 0.0249106+0.0148986j 0.000701897-0.00442161j 0.0158871-0.00670082j 0.000133393-0.0393715j -0.0146407+3.8435e-05j -0.00372395-0.0184487j -0.00942697-0.0358985j -0.00717007-0.0128804j 0.012805-0.00702044j 0.000644187+0.00974185j 0.0107888-0.00265762j -0.0110809+0.0152509j -0.00387365-0.0087146j 0.0255944-0.0153177j -0.0248327-0.0246226j 0.00571845+0.00311334j 0.00221685+0.0080709j -0.0217105-0.0114147j 0.00382971+0.0229509j -0.00912158+0.0195641j -0.0065901+0.00260129j -0.00679553+0.00520235j 0.000944709+0.0148402j 0.00830253+0.00367249j -0.00719434-0.0214135j -0.0070009-0.0182375j -0.00685447+0.00246292j 0.012955+0.0230462j 0.00100704-0.0270108j -0.00205263-0.00699776j 0.0112876+0.00520582j 0.0104095+0.0154281j 0.00778958-0.00785108j 0.0129167+0.0128633j -0.0104957-0.0188646j -0.00782162+0.00910673j -0.0125708-0.00567962j 0.00831079+0.00606384j 0.000576642+0.0181427j -0.00892497+0.00853352j 0.00919895+0.0240832j -0.0131736+0.00133564j -0.0160303+0.00172001j -0.00223769+0.00691936j -0.0287324+0.00497629j 0.00948084+0.00968843j -0.000878573-0.0123189j 0.0164606+0.0136214j -0.0119954-0.00820124j -0.00687757-0.00711991j -0.000428056+0.0134941j -0.00840368-0.0138648j 0.00096806+0.00559076j 0.00766684+0.00416666j -0.00598445+0.010315j 0.00277416+0.00835965j -0.0213492-0.00573783j -0.019276+0.00346499j 0.0255055+0.000480021j -0.00263781+0.00606843j 0.00652832+0.00945937j -0.0209762+0.0154779j 0.0373568-0.0159312j -0.0161067-0.0249183j 0.00258846+0.0313257j 0.0355122+0.00372955j -0.0281433+0.020601j 0.00950535-0.0330884j -0.0426188-0.0117517j 0.0162161+0.0121902j -0.0204749+0.0105049j 0.0214995+0.0512899j 0.034597-0.025909j 0.00859925+0.0248424j -0.0337344+0.0362626j 
-0.0578028-0.00063205j 0.00311854-0.0335555j 0.000439864-0.0169657j 0.0234549+0.0547309j -0.0855314-0.0811052j 0.00458982+0.0361252j 0.158135-0.129768j 0.131092+0.145255j -0.0393196+0.0231067j 0.165553-0.0264528j 0.139163+0.0772001j -0.0617487-0.0384526j -0.0239042+0.0623007j 0.0106116-0.0306209j -0.00866116-0.00514485j -0.00157276-0.0225849j -0.012137+0.0465179j -0.0146737-0.0271942j -0.000783353+0.004331j -0.00368064+0.0122306j 0.0387709+0.024604j -0.0290286-0.017544j -0.0172046-0.0452089j -0.0164577+0.0278543j 0.00983251-0.0103178j 0.0353921+0.0384112j -0.0221231-0.00287773j -0.0185395-0.0040634j 0.0132197-0.00144764j -0.00565463+0.0610014j 0.00798461+0.00526971j 0.0539594-0.00873487j -0.00475418+0.00955299j 0.0129515+0.0264363j 0.0222244+0.0341056j 0.00759011-0.0312285j 0.00132995-0.0245379j 0.00396457-0.0184713j -0.0216296+0.0013145j 0.0196112+0.00150724j -0.00741068+0.0184091j 0.0346019+0.0132751j -0.0130977-0.0029289j -0.00665533-0.000919299j 0.0569861+0.0114212j 0.0393689+0.0198193j -0.0362865-0.0202281j -0.00111863+0.0221138j -0.00611381-0.00350802j -0.0346115-0.0234957j -0.0324119-0.0256691j -0.0221933-0.0314939j -0.0116229+0.00608074j -0.0193604-0.0141637j 0.00465429+0.00441973j -0.0446588-0.00910437j 0.0149266+0.000138326j 0.0311562+0.00315553j -0.0434497+0.0104826j -0.0106962-0.00748945j -0.0126833+0.00228757j -0.0327557+0.0224313j 0.00678604+0.00426969j 0.0396825-0.00704973j -0.025153+0.0239394j -0.0131879-0.00191568j -0.00692762-0.0227896j -0.0360837-0.0119627j 0.00952724+0.00965561j -0.0210417+0.0175435j -0.00247098+0.0379059j 0.00127859+0.00866369j 0.01261+0.0186899j -0.0268613-0.00615123j -0.0226469-0.0133337j 0.011312+0.0093378j 0.0363868-0.00412862j -0.0120875-0.00375953j -0.0088572+0.0173979j -0.00570144+0.0233695j 0.00706637+0.0365828j 0.00637383+0.0251599j 0.0206484-0.0115402j -0.0243791+0.00855929j -0.0189277-0.0288082j 0.0114934+0.0198836j -0.00544261-0.00571213j -0.0217097-0.0131768j -0.0198773-0.0324633j -0.00249635-0.0228154j -0.00529375-1.55521e-05j 0.00909872+0.00458544j -0.0317302-0.0391647j -0.0240263-0.0256433j 0.00724721-0.0191704j 0.0108218-0.0135274j 0.0185715+0.0405335j -0.00828333+0.0404308j -0.0434966-0.0318446j 0.0209705-0.0123914j 0.0431351+0.0345638j -0.00316268-0.00486722j -0.0157769+0.00899066j -0.0240453-0.0787915j -0.0178948-0.0595677j 0.00055688+0.0107221j 0.0192265+0.0542824j 0.0204113+0.00492373j 0.041351+0.0451484j 0.0233536-0.0196557j -0.0446623-0.0499249j -0.0124604-0.0493575j 0.0260947+0.0617633j 0.0566612+0.0280473j -0.0191375-0.0446395j -0.026494-0.0315386j 0.0267526+0.0520292j 0.0471+0.0829059j -0.0179379-0.0568612j -0.0662036-0.0752487j -0.0647263-0.0917953j -0.0054624-0.0255434j 0.0130152+0.024959j 0.0277858+0.0380783j -0.0110293-0.026953j -0.00325075+0.0448878j -0.0310509-0.0134467j -0.0236745-0.0238418j -0.0292752-0.00657743j -0.0101858-0.0474971j -0.00265855+0.00322801j 0.0162445+0.0209468j 0.00949769+0.00664395j 0.0360144+0.0302895j -0.00435473-0.0295385j 0.0180121+0.0167729j 0.0262129+0.0293031j -0.0293944-0.0575969j -0.0210339-0.00791727j -0.0153218+0.022709j 0.0119655+0.0210967j 0.0126695+0.0219306j -0.00115587+0.00541401j -0.0163462-0.0158512j -0.0209826+0.00579156j 0.00994933+0.0266283j -0.00932488+0.011343j -0.00743338+0.0246228j -0.0100804-0.00505292j -0.00163886-0.0276734j 0.00193243+0.00783058j -0.0110706+0.00751344j -0.00134216-0.00821966j 0.00437709+0.00234321j -0.00355541-0.000441988j 0.00388813+0.0079783j 0.00877695+0.00775484j -0.00743672+0.00448897j 0.0140692-0.00403393j -0.00954834+0.0217563j 0.00354976-0.00392137j -0.0164737-0.0161807j 0.00813371-0.000962434j 0.010595+0.00105331j 0.0444679+0.0193763j 0.0298397+0.00814852j 0.0222826+0.0246198j 0.00910134+0.0182829j -0.0266221-0.01822j 0.0016538-0.0294917j -0.0096124+0.0156455j -0.0068876+0.00908115j -0.00186324+0.0153828j -0.0252537-0.0232232j -0.0067497-0.00994326j 0.0102621+0.00329956j -0.0213242-0.032077j 0.0127434+0.0399712j -0.0194935-0.0177732j -0.0475373-0.00310705j 0.0577197+0.0381304j -0.0535546+0.0195899j -0.0177875-0.0380679j 0.00278717-0.0239937j 0.0123686-0.015236j 0.0302518+0.00911094j 0.0513626+0.0250591j 0.0568184+0.0756879j -0.0200897-0.0203358j 0.0619712+0.123007j 0.103418+0.0597534j 0.0269659-0.0550859j -0.0444984+0.00691521j -0.00158129-0.022712j -0.0298344+0.0484567j -0.0155605+0.014191j 
0.0354145+0.0448013j 0.00837854-0.0342437j -0.0663321-0.0175899j 0.0776973-0.0237098j -0.0697593-0.0221882j 0.00232641-0.0896942j -0.0562554-0.143416j 0.151326-0.0743064j 0.0691658+0.0837011j 0.00136274-0.167415j 0.132707+0.0396074j -0.0264515+0.00160717j -0.0181344+0.0637476j -0.0335071+0.00827235j 0.0655602-0.042221j -0.048839-0.0571739j 0.0179352+0.0230015j -0.0430644+0.0298542j 0.00814646-0.0355713j -0.0150691-0.0367069j 0.0321988+0.00965032j -0.000883071+0.0714226j -0.0304372-0.0229803j 0.0587397+0.00882529j 0.000418258-0.0728699j 0.0386634-0.00305378j -0.0111322+0.0257853j 0.0179643+0.0313837j -0.0384232-0.0367079j 0.0144079+0.0180947j 0.0195071+0.0252388j 0.0369396+0.0406177j 0.0354078+0.00945108j -0.000594737-0.00592323j 0.0292219-0.00849076j 0.00297471-0.0291j 0.00221911-0.00502927j -0.0159623-0.0142736j -0.030555-0.00708952j -0.00360788+0.0537912j -0.0284798-0.0113191j -0.00653202-0.02977j -0.0221753-0.0120718j -0.0306983-0.0283314j -0.0578559-0.0269327j -0.00880217-0.0327664j 0.0244938+0.0730396j -0.0132469-0.00342488j 0.0132553-0.0120131j 0.00272205+0.00346087j -0.0156612+0.00849879j -0.0195052-0.033236j 0.0355205+0.0164608j -0.00326522-0.00362945j -0.027729-0.016966j -0.0408845+0.0102276j 0.0301637+0.0424521j 0.0129265-0.0176642j -0.0343978-0.0021372j 0.0151233-0.0143972j 0.0450522+0.0359416j -0.0477394-0.00411332j 0.013426-7.25123e-05j -0.0172224-0.013573j -0.0186032-0.00324886j -0.00589643-0.0319341j 0.00154049-0.0373329j 0.00594456-0.0156268j 0.00997725+0.00514638j -0.0186071-0.0234731j 0.00914008-0.00805076j 0.0346265+0.00945497j -0.0102343-0.0120263j 0.027983+0.00616418j 0.00457186-0.0247462j 0.00212143+0.0103357j -0.0130118-0.0114354j -0.000277067-0.0134432j -0.0126223-0.0022533j -0.00737932-0.0249604j 0.00100448-0.0374887j -0.0129228-0.0339192j -0.00949617-0.00581721j -0.00639051-0.00516317j 0.00292043+0.0504536j -0.0115653-0.0116838j -0.00407531+0.0462115j 0.0146107-0.0153873j 0.00272784+0.0230291j -0.00087649+0.0113854j 0.00475892+0.00984519j -0.0270193-0.037198j -0.0224072-0.00473833j -0.0813393-0.0239504j -0.00876904+0.0302278j -0.0442886-0.0188982j -0.0121035-0.014057j 0.0339905+0.0136806j 0.00598278+0.036185j -0.0179859+0.0205638j -0.00683078-0.00808205j -0.0581491-0.051917j -0.0175364-0.0317094j -0.0306844+0.00808401j -0.0378442+0.0348761j -0.0167996+0.00133909j 0.0850468+0.0718605j -0.0212175-0.0426198j 0.0191776-0.0205032j -0.0423493-0.080284j -0.0276619-0.0126275j -0.0040424+0.0355915j -0.0138079-0.0170893j -0.0229413-0.0306765j -0.0142424+0.0228874j 0.0291592+0.037247j -0.0492659-0.0612684j 0.0192525-0.053573j -0.0102462+0.0166335j 0.00351023+0.00662717j 0.0019422+0.00805297j 0.00917783+0.0279553j -0.0235662-0.00932575j -0.0148524-0.0541888j -0.00737017+0.0133451j 0.0182973+0.00242582j -0.0116113+0.000919891j -0.00202621-0.00176135j -0.0106665-0.0162704j -0.0206917-0.00122043j 0.0196954+0.0121238j 0.0102711+0.0367812j 0.0128426-0.0305831j 0.00986383+0.00197294j 0.0043021+0.00729941j -0.00228186+0.00995139j 0.031162+0.014792j -0.0259024+0.0142487j 0.0101631+0.00680144j 0.0170045-0.0139541j 0.0167469-0.0181154j 0.00957023-0.0135304j -0.00624685+0.00157373j -0.0150329+0.0148685j 0.00166423-0.0282539j 0.00336567+0.0240891j 0.0119791+0.0214662j 0.00684747-0.00281907j -2.56949e-05-0.00552631j -0.00479375+0.0160052j -0.00766214-0.00761428j 0.0174869+0.00484736j 0.031741-0.00628471j -0.0160416-0.010972j -0.00330446-0.0202395j 0.00094623-0.00535843j -0.00185279+0.00130123j -0.00578776+0.0173401j -0.0282503-0.0326022j 0.00325013-0.0332417j 0.0238872-0.000690095j -0.0392902-0.0126435j -0.0157261-0.0250796j 0.0197361-0.0154012j 0.0270668+0.00492465j 0.0230919-0.000334704j 0.0400012+0.00995433j -0.0105997-0.0153357j 0.0022086-0.00493145j -0.00997633+0.0263802j -0.00180673-0.00313001j 0.0209321+0.00401409j -0.00340839-0.0112307j -0.0221355+0.000890504j -0.0256721-0.0151842j 0.0106326-0.00600668j -0.0122248+0.000926479j 0.0294036-0.000767373j -0.0289554-0.0352093j -0.0514642+0.035743j -0.0355563-0.0746642j 0.0678453+0.034484j -0.0778479-0.0447468j 0.0169669+0.0139858j -0.0179906-0.0655107j 0.0356614+0.0184648j -0.0313516-0.0415763j -0.0350987-0.0172781j -0.0358425-0.0415305j 0.00804483-0.0308717j 0.0223303-1.04305e-05j -0.018177+0.00639307j -0.0352936-0.0530456j -0.0849588+0.0268019j -0.0440468+0.0265078j 0.013524-0.00103977j 
0.0563474+0.00880306j -0.0081624-0.0358908j 0.0447305-0.0979218j -0.00859891+0.0350493j 0.0418461-0.0423842j 0.0168412+0.0448603j 0.0834069+0.0455285j -0.0435932+0.0775845j -0.0338093+0.0533238j 0.0800206+0.0821794j -0.0788473+0.0263002j -0.00527866+0.00646407j -0.0906578-0.106648j 0.0154577+0.0716234j 0.033725+0.0863801j -0.0374456-0.0221905j -0.0417554+0.038206j -0.0315276-0.0109161j 0.044829-0.0298468j -0.0150606+0.0298881j -0.0445999+0.019682j -0.0683485-0.0236533j 0.110915+0.0347411j 0.0143654-0.00574819j -0.0280048-0.00965073j 0.0544373+0.0575917j -0.0173948-0.0575407j -0.0199864-0.0150185j -0.009245-0.0294678j 0.00753027-0.0293234j 0.0344305+0.0421429j -0.00207212-0.0280862j -0.0149952+0.00935637j 0.00751344+0.0413049j -0.005436+0.000575134j -0.0249235-0.0152401j -0.0125265+0.046605j -0.0243088+0.0253884j -0.0415407-0.013699j -0.0117154-0.025767j 0.0324306-0.0395348j -0.00371755+0.0158804j 0.0161196+0.0192984j 0.0216736-0.0146255j -0.0226821-0.0269626j -0.0141483+0.0158736j -0.0557688+0.0112641j 0.0346728+0.0116005j 0.0715412+0.0484384j -0.000466497-0.0495952j -0.0155577-0.0119185j 0.0157025+0.0215503j 5.23985e-05-0.00496208j 0.0103358-0.0298935j -0.0318757-0.0166258j -0.0280564-0.0204797j -0.0466789+0.0350601j 0.0152852-0.00461877j 0.0245443-0.0431893j -0.00953011+0.0185607j -0.0328187-0.0129233j 0.0122177-0.010605j -0.00498809+0.0352263j -0.0299273-0.00294092j 0.0335561+0.0102735j 0.0619835+0.00739422j 0.0345095-0.0167979j 0.0159327-0.0286791j -0.00570079+0.0147879j 0.00856893-0.033049j 0.0318756+0.0044445j 0.0293959+0.0567813j 0.0185238-0.00108946j 0.00127881-0.0120404j -0.00626609-0.0138229j -0.0175448-0.000423246j 0.0204913+0.0212147j -0.0124937-0.0237619j 0.0143647+0.0212506j -0.00695835-0.0571935j 0.0104032-0.0318965j 0.000805153-0.0137876j -0.0263872+0.0064753j -0.00546031+0.000470554j 0.00442042+0.0242713j -0.018924-0.0343055j -0.000626643+0.0246604j 0.015756-0.00189265j 0.0111916+0.01401j -0.0484941-0.031296j 0.00967095-0.0146691j -0.0210241-0.0406239j 0.00592952+0.00428881j -0.0708-0.0234003j -0.0886381+0.0622323j -0.0374031-0.0389599j 0.00634151-0.0218385j 0.0224165+0.00375257j 0.0103605-0.0323546j -0.0373418-0.0193169j 0.0317818-0.0500028j -0.0436441-0.0693288j 0.00514177-0.056708j -0.0252188+0.0263958j -0.0240493-0.0195632j -0.0251634-0.0677527j -0.0482007+0.0471017j 0.0587245-0.0424698j -0.0209141-0.0414895j -0.00633083-0.0502735j 0.0333477-0.0131086j 0.0412434-0.0187394j -0.0220988-0.0104617j -0.0326103+0.00702239j -0.0126791+0.084723j -0.0364798-0.0386351j 0.00753555-0.0713337j -0.0133143-0.0216584j -0.00399686-0.0231041j -0.0254917+0.00815326j -0.0758187+0.0334654j -0.027437+0.0687132j -0.0244418-0.000758973j -0.0144515-0.0124708j -0.0160608+0.0421297j 0.0130369+0.0392428j 0.0259929+0.00208615j 0.0254091+0.0685814j -0.0256181-0.00240655j -0.0107959+0.0147843j -0.0187669+0.000377103j -0.0353007+0.0244243j -0.0119453+0.0224344j -0.0166309+0.0429818j -0.036298+0.0331123j 0.0116222-0.00158353j -0.00543221+0.0333822j -0.0191408-2.86029e-05j 0.0153958-0.0106131j -0.00309605-0.0185398j 0.0206416-0.0231549j 0.00981991-0.0345577j -0.0167775+0.0124164j 0.0150611-0.0176111j 0.0109546+0.0103835j -0.00405303+0.0106567j 0.0123859+0.0266827j 0.00416558-0.00309481j -0.00712512+0.0278904j -0.00632809+0.0249436j 0.0141988+0.00345262j -0.00211104-0.00791318j -0.0210036-0.0164444j 0.00323983+0.0175739j -0.0198909-0.0242643j -0.002617-0.0114968j 0.00697503-0.00248223j -0.0020888-0.0108323j -0.00174459+0.00247592j -0.00551757-0.0161746j -0.00964217-0.00286727j -0.00989453-0.0030904j 0.0154826+0.0149813j -0.011088+0.00574328j -0.00416924+0.00640596j 0.0128343+0.00970623j 0.00017858-0.000133912j 0.0256421+0.0320139j -0.0102703-0.0100847j 0.000575525+0.0110606j 0.0538621+0.00266226j -0.0274609-0.00783263j -0.00332514+0.00464219j -0.0355587-0.0069227j 0.0166983+0.0106066j -0.0301003+0.0280329j -0.0223296+0.0141373j -0.0442341-0.0400025j -0.0380909-0.00355036j -0.0285113+0.01212j 0.0697464+1.93696e-05j 0.0927465+0.00691233j -0.0201714-0.0728067j -0.0361391+0.0832916j 0.00346097-0.0123604j -0.0584185+0.0344588j -0.00747991-0.0394589j 0.000361531-0.0572864j 0.0601085-0.0285738j -0.00900816-0.0783337j 0.0110096+0.0399455j 0.0887092-0.0708898j -0.0229894-0.05032j -0.0225462+0.0582191j 0.0853807-0.0629085j -0.00201868+0.0800712j 
-0.0196903-0.0638412j -0.0436254+0.0330238j -0.0724532-0.0198433j -0.0433053+0.133829j -0.100219-0.0113696j -0.175182+0.0761456j -0.0471729-0.00792872j -0.0269339-0.0279327j 0.0201001-0.124061j 0.163257+0.331908j 0.34841-0.376356j -0.104293+0.00883095j -0.0919592-0.237774j -0.0729837+0.123386j 0.10616+0.00319168j 0.0205907+0.0926449j 0.0384397+0.0535261j 0.0293131-0.0938165j -0.00417215+0.0230453j 0.012273-0.0493841j -0.0164535-0.0180483j -0.0256465-0.0451905j 0.0337609+0.0461556j -0.0108949+0.0116197j -0.0295071+0.0209123j 0.0376563-0.0584002j -0.0720464-0.0369259j -0.0370473+0.038085j -0.00345178+0.0344139j 0.0187992-0.07666j -0.0133913+0.0199391j 0.0434411-0.0559822j 0.0179352+0.000198145j 0.008069+0.00842683j 0.0403503-0.0286222j 0.00974414-0.0060527j 0.00995999-0.013047j -0.0310937-0.0176935j -0.00438851+0.0138848j -0.0123197-0.0148825j 0.020755+0.0332377j 0.00871963-0.017953j 0.00506306+0.00340816j -0.0243153+0.0310813j 0.0250379-0.00130114j 0.0024197+0.0139996j -0.0328711-0.0296939j -0.00825013+0.0240015j 0.0130799+0.0131065j -0.0351885+0.00415348j -0.00599498-0.00165588j -0.00858903+0.051761j -0.00179967-0.0117966j -0.0165437+0.00704368j -0.0130657+0.038321j -0.0115042-0.0239801j 0.0528882-0.0322102j 0.0157922-0.0507406j -0.00259968-0.00486038j -0.0029218-0.0142484j 0.0117161-0.00505138j -0.0283824+0.0036325j 0.0175228-0.00595549j 0.00547771+0.0265937j -0.0433568+0.0215591j -0.00669246+0.0211528j 0.00444561-0.00247481j -0.0178904-0.00223526j -0.0203883-0.0300149j -0.0131578+0.0129235j 0.000752821+0.000422581j -0.0288702+0.0103502j -0.00332967-0.00747911j -0.00449975-0.00111643j -0.0143788+0.0146837j -0.00697002-0.040056j 0.00558254-0.00364576j 0.00122273-0.0107381j -0.0313585+0.00687795j 0.00383539-0.000588688j 0.0296444+0.0124036j 0.0266363+0.0170279j -0.0100842-0.00962637j -0.00505337-0.00731465j -0.0143124+0.00467981j 0.0226307+0.00797063j 0.00346174+0.00702245j -0.0179596+0.0203619j -0.0158876-0.0240595j 0.00183377+0.00492508j -0.00326647+0.00466854j 0.00644703-0.0316131j -0.0231883-0.00324038j -0.00266102+0.000558558j -0.0218182-0.0194917j 0.0131302-0.00325264j 0.00935808-0.00353735j 0.00991388+0.00364943j -0.00224198+0.00545856j -0.0026121-0.00758892j 0.0179833+0.00951899j 0.00106365+0.0435738j -0.00430267-0.00251646j 0.00778505+0.010937j -0.02013-0.0135012j -0.00549103-0.00113146j 0.0370701-0.0523194j 0.0445553+0.0174011j 0.0133849+0.00332839j 0.016973-3.79433e-06j -0.0256034-0.0143376j 0.017245+0.00509207j -0.000739858+0.0106432j 0.0303132+0.0110687j -0.00295686-0.00118096j -0.0122852+0.0121984j -0.00755324-0.018049j -0.00551145+0.0307929j 0.0144376-0.0382328j -0.0262989+0.00615028j 0.00160411+0.00560709j 0.0256548-0.0218911j -0.00698493+0.0289513j 0.00349582+0.0288253j -0.0214356-0.00553106j 0.00609851-0.00963935j -0.0263852-0.0190826j 0.0172192-0.00551974j -0.0301798-0.0253748j -0.0086282+0.00818335j -0.00213417-0.00174109j 0.00338841-0.0193845j 0.0345695+0.0150523j 0.0260132-0.0169269j -0.00506784+0.0127507j 0.00648745-0.00494166j 0.00892657-0.000988774j -0.0097258-0.0149787j -0.0264691-0.00743262j -0.0184245+0.00643956j 0.00505218-0.020062j 0.00283133+0.0137334j -0.00373722+0.00548442j -0.00716161-0.0043431j -0.0280102+0.00381264j -0.0100421-0.00112969j -0.0157768-0.00201205j -0.00740218-0.0152875j 0.0115742-0.00266875j 0.010107-0.00328078j 0.00574521+0.0192277j -0.0126406+0.00724768j 0.00938756+0.00288686j -0.00813917+0.00217216j -0.00368055+0.010661j -0.0125186+0.00135432j 0.00607306+0.0121809j -0.0056906-0.016441j 0.02192+0.0121648j -0.00939386-0.00153525j 0.00714082-0.0131183j -0.00386556-0.0164498j 0.00479033+0.00039307j -0.000810748+0.0033036j 0.00843288-0.0108094j 0.0134339+0.00973696j -0.0056241-0.00740809j -0.0102667-0.00360018j 0.00150708+0.00547464j 0.000210381+0.000730061j -0.0166547-0.0123232j 0.00742171+0.00659141j -0.0218046+0.0283596j -0.0221668-0.0334493j -0.027657+0.0224753j 0.0208732-0.00749501j -0.00400775+0.00351598j 0.00615036+0.0107992j -0.00631422-0.00366301j -0.0108117+0.0132791j 0.0267722+0.025867j -0.00511138+0.0392509j -0.0109967+0.0197961j 0.0171741-0.0257939j -0.00735565+0.00969103j 0.00949122-0.0104321j 0.0136889+0.0270049j 0.0358085-0.0148569j -0.0380281+0.00666574j -0.00896033+0.0196519j 0.0801717+0.0167239j 0.0415853-0.0391626j -0.000892778+0.0460342j 0.0212495+0.00386747j -0.0449181-0.0227233j 0.0439527-0.061913j 
-0.0481046-0.0326574j -0.0141383+0.00131616j -0.0135685-0.0248257j 0.0198893-0.00456885j -0.000975733-0.0145006j 0.0209944-0.0956261j -0.0324352+0.0186842j -0.0208245+0.0249306j -0.0826031-0.0154429j 0.252288+0.144878j -0.100686+0.224895j -0.0412609-0.0923419j -0.209097-0.0898831j 0.0360589-0.0461489j 0.0726705+0.115523j 0.080067-0.00981651j 0.0268168-0.0134105j 0.0175568+0.0662768j -0.0101114-0.0218325j -0.047227-0.00833518j 0.0144023+0.0331841j 0.0184951+0.0430451j 0.0127189+0.00419531j 0.016116+0.0130079j 0.0363595+0.0176337j -0.0255617+0.078141j -0.0176277-0.0238225j 0.00838763-0.0152032j 0.0636269+0.0148612j 0.0261179-0.000386268j 0.00128545-0.0323077j -0.0347538+0.0149669j -0.0295488+0.0372161j 0.0177752-0.0170675j -0.0162519-0.0178345j 0.0224208+0.0299659j 0.0134482+0.015074j -0.00502588+0.0262748j 0.0269273+0.0104774j -0.0338432-0.00871029j 0.0216385+0.00317931j 0.00481555+0.0097625j 0.00833846-0.000605098j -0.00188079+0.0173829j 0.00542696+0.0425198j 0.00244255+0.0245284j -0.0201788-0.0381939j 0.00671803-0.0372478j 0.0050368-0.00199679j 0.00107793-0.0163731j 0.0443737+0.00178365j 0.0148194+0.0165082j -0.0394564-0.0316397j -0.00864931-0.00851506j 0.0117682+0.00702932j 0.014092-0.0110719j -0.00565273+0.00723989j -0.0218956+0.0208889j -0.0370716+0.0178833j 0.0115832+0.00874387j -0.0134233-0.0282233j -0.00603612+0.00790411j 0.00281868+0.0168484j 0.0387091+0.0127377j -0.0015515-0.00633111j -0.0133076+0.0156274j -0.00708608+0.0217559j -0.00264333+0.0216748j -0.0202556-0.00241606j -0.00242747+9.17502e-05j -0.0136337-0.00308814j 0.00836143-0.0133743j -0.00626371+0.00590441j -0.0187508-0.00700558j 0.00591465+0.00942176j -0.0145922+0.00958453j -0.00530008+0.0240699j 0.0126323+0.0147523j 0.00502663-0.00341941j 0.00374453+0.00486635j 0.0140468-0.00489664j 0.0144801+0.0191355j 0.00836369-0.00448813j 0.00459217-0.00280179j -0.0180843-0.0109904j -0.00768043-0.00252234j 0.0133439-0.0207729j -0.0120512+0.00138662j -0.00572355+0.00991384j -0.000157417-0.0138237j 0.00669608-0.00722181j 0.00323589+0.0141995j 0.0203833+0.00401133j 0.0338693+0.0207965j -0.0125737+0.00997875j 0.0060076+0.0131282j 0.00419164-0.00747759j -0.0177813-0.0411716j -0.0237661-0.0347579j 0.00358605-0.00329137j -0.0226816-0.0289587j 0.0535414+0.0279095j 0.00780402+0.00567238j 0.00537585+0.00943023j 0.00108237-0.0171929j 0.019256+0.00444033j -0.0485311-0.0231571j 0.0112322+0.0128753j 0.0158308+0.0227828j 0.0225539+0.033411j 0.0479692+0.0126096j -0.00537873-0.00995632j 0.0307213-0.00045116j -0.016351+0.0164589j -0.0078363-0.0109863j -0.0207952-0.0179555j 0.00692759+0.0238059j -0.00862836+0.0162163j 0.00779252-0.00784751j -0.00428067-0.0356709j 0.0111494-0.0281235j 0.00566929-0.00841711j 0.0103098+0.0125261j -0.0171331+0.029481j 0.00391923+0.0344126j -0.00290677-0.012139j -0.00219887+0.0133519j 0.0183725+0.023365j 0.017335+0.00765868j -0.00858691-0.00112109j 0.0120512-0.0104172j -0.0173296-0.00549605j -0.00615108-0.0200456j 0.00609382+0.00317541j -0.00467319+0.0117156j 0.0131757+0.0186474j -0.013159-0.0114178j -0.00357758-0.00572554j 0.00277641+0.002935j -0.00385614-0.00976104j -0.00972797-0.025232j -0.00143207-0.00601516j -0.00224403+0.00343001j -0.0134157-0.00546972j 0.0118665+0.0038755j 0.0102265+0.00259251j 0.00235711+0.00790034j 0.00118184-0.0126368j -0.00289462-0.00672529j 0.0159659+0.014962j 0.00934868+0.0125087j 0.00153269+0.000436892j 0.000278952-0.0123209j -0.0101202+0.00292996j 0.000663996-0.0138149j -0.00794448+0.0100648j 0.0112407+0.00845769j -0.006344+0.0128734j -0.000240113+0.0157569j -0.00967347-0.0060864j -0.00315551-0.0202115j 0.000387789-0.00950095j 0.000877214-0.00016598j 0.0146912+0.0047621j 0.0101656+0.00914637j 0.0117293+0.00949484j -0.0221977-0.022802j 0.00128941-6.03831e-05j 0.000173334-0.00591545j 0.00118147+0.000737029j -0.00664204-0.0221758j 0.00125874-0.00375158j 0.0167663+0.008054j 5.63152e-05-0.0140401j -0.0023682-0.00262045j 0.0204766-0.0034224j 0.0137121-0.00228164j 0.0156499-0.00167j 0.0288055-0.0106347j -0.024777-0.0019143j 0.013578+0.0252346j -0.0211526-0.0291696j 0.0495112+0.019998j -0.034515+0.012235j 0.0197676+0.0326889j 0.0101417-0.00472831j -0.0124008+0.0329929j 0.0132077+0.0112831j -0.00863943+0.0407823j 0.0416702+0.027154j -0.0133395-0.00603288j -0.0189712+0.00648548j -0.00461705-0.0358729j -0.0194813+0.028667j -0.0250762-0.0253181j 0.0141995-0.032364j 
0.0152495-0.0156322j -0.0164562+0.0136636j -0.000552121-0.0367555j 0.0248113+0.0622907j 0.00678533-0.0501297j -0.037888+0.0214162j -0.0183622-0.0695884j 0.0599592-0.0148128j -0.0376178-0.0776845j 0.0432916+0.225311j 0.0196122-0.142193j -0.0305954+0.0017688j -0.0338927-0.152502j -1.43486e-05+0.00128588j 0.0550881+0.00739307j 0.0219081-0.0167873j 0.0982435+0.00302038j -0.0107005+0.00234575j -0.0203484+0.0223426j 0.00391092-0.0128465j 0.000554319+0.00364138j 0.0198241+0.0549603j -0.00500018-0.0317791j -0.0304672+0.0218274j -0.0282661+0.0264961j -0.021972+0.0247913j -0.00438973-0.0609744j -0.00547902+0.0351103j -0.0182769-0.0281216j -0.0128751-0.064962j -0.0218304-0.0161969j 0.000641866-0.00778571j 0.00653272+0.00954635j 0.00895067-0.00454175j 0.0313794+0.00452128j -0.0113479-0.0014707j 0.0181722-0.0130785j -0.00669849-0.0318261j 0.0109806-0.00738584j -0.0281322-0.0429314j 0.0020223+0.0146574j 0.00424755-0.0134316j -0.0281715+0.00775444j -0.0268874+0.00482164j -0.0162904-0.0186108j 0.00436197-0.0019417j 0.00702136+0.0213681j -0.00356356+0.00357231j 0.0245513+0.0226233j 0.0281443+0.00760352j 0.00446331-0.00482966j -0.0158174+0.0173019j -0.00366036-0.00580614j -0.0356661+0.0164975j 0.0249656+0.0296071j 0.00445578-0.015955j 0.00782343-0.016115j 0.0163695-0.0299638j 0.0137012-0.0373263j -0.0077676-0.00134269j -0.00198189-0.0126724j 0.015247-0.0403534j -0.0089202+0.0247218j -0.0197549+0.00318639j 0.0144709-0.0162486j 0.0169679+0.00795203j -0.00722797+0.00716953j -0.0062963+0.00725047j 0.00195558+0.00782513j 0.0507933+0.00493941j 0.00937135+0.000741042j -0.00449671+0.0263798j -0.00306779-0.0150002j -0.00446922+0.00641059j -0.0011221+0.00243412j -0.0228076-0.0238171j -0.0158732-0.0576523j 0.0182768-0.0021007j 0.0255445+0.0170807j 0.0198012+0.0126889j -0.0199109+0.0151461j -3.41947e-05-0.00247604j -0.0119781-0.0109321j -0.00073944+0.0238684j 0.0151788+0.028483j 0.00440993-0.00719051j 0.00771375-0.0112812j -0.00289489+0.0294816j -0.0151822-0.0181363j 0.0141869+0.0154428j -0.00998664+0.00393329j -0.00338025+0.0123854j -0.00270378-0.00211849j 0.0127132-0.0439036j 0.0279379-0.0112934j 0.00236918+0.0111535j -0.00903256-0.0199623j 0.00687063+0.0605652j 0.000431148+0.0174888j -0.0146541-0.0208467j -0.0230711-0.0128491j -0.0150088+0.0109951j 0.014422+0.0153756j 0.00743509+0.0114618j 0.0260278+0.0232309j -0.00233841-0.0173683j 0.0142465-0.0388603j -0.0166308-0.00227873j -0.028667+0.00305953j -0.0045753+0.00320784j -0.019601-0.00440328j 0.00172177+0.0174174j -0.0277785-0.0152555j -0.000694733-0.00411017j 0.025233-0.00664662j 0.0120509+0.0141068j 0.0107357-0.00251986j 0.00901528-0.0233471j -0.00232978+0.00575656j 0.0144232+0.0257025j 0.0180279+0.0333163j 8.84069e-05-0.00334965j -0.0044544+0.00757095j 0.0171612+0.00195891j 0.006069-0.040677j 0.000277104+0.0024954j 0.00259032-0.0041129j -0.0132154-0.0238993j 0.00482316-0.00403372j 0.00885858+0.00230501j -0.00411821+0.00127535j 0.0166776-0.0178401j -0.00905088+0.019535j 0.00619352-0.02684j 0.00282194-0.00886894j -0.00114111-0.0284595j -0.00282699+0.00343331j 0.0204724+0.0135859j -0.0148048+0.0022322j 0.0115233+0.0295065j -0.00796978+0.00590364j 0.0117511+0.00111153j 0.00484689+0.000310496j 0.01704+0.00163699j 0.00822743-0.0116155j 0.0140786-0.00685788j 0.00338712-0.0128721j 0.0147078-0.00218022j 0.00123087+0.0046983j 0.000779017-0.015571j 0.00746294-0.00919711j 0.00281573-0.00305489j -0.00461509+0.0199836j 0.0021041-0.0125942j 0.0167427+0.0144421j 0.00763849-0.0182628j -0.00121864+0.00558772j 0.00371456-0.00312661j 0.0155148+0.00018022j 0.00700767+0.00237401j -0.00993227-0.00720733j 0.0110396+0.032505j 0.00522786-0.007616j -0.00984501+0.00173244j -0.00667531-0.000935976j -0.00648942-0.0092805j -0.0048163+0.00896968j 0.00961216+0.00512209j 0.000452814+0.00760162j -0.0245317-0.0190005j 0.0101269-0.0218208j -0.0117594-0.0047229j 0.0078689+0.00722085j -0.00821302-0.00601343j 0.0123956+0.00264831j -0.0336934-0.00211203j 0.00303018+0.0229772j -0.00652201+0.00415442j -0.000997483+0.00561129j 0.0437599-0.0204869j -0.027644-0.000958051j 0.000599788+0.0483182j -0.014628+0.0237205j 0.0305958-0.00781171j -0.00791862-0.000538505j -0.0296451-0.0143337j -0.00805179-0.00790691j -0.0224718-0.0256163j 0.0119062-0.021522j -0.0116235-0.0209875j -0.030102+0.0180768j -0.0158795-0.00153355j 0.0220186+0.0589975j 0.0450581-0.0388485j 0.00959666+0.000130347j -0.0388876-0.00262968j 
0.00640482+0.0122857j -0.0342012-0.00503669j -0.0496633-0.0253498j -0.00384684+0.000408584j -0.00895135-0.00333703j -0.126549-0.00366468j -0.00557979-0.0287922j 0.0331341+0.0242817j -0.0212866-0.00292663j 0.215474+0.0271807j 0.30161+0.0194195j -0.126856+0.00149056j -0.235114-0.0220584j -0.0456704-0.0364829j 0.227608+0.0239452j -0.0138573-0.00957516j 0.0776106+0.00542441j 0.0797406+0.0100025j 0.0108006-0.00664498j 0.0191348+0.0239662j -0.0522072-0.024232j 0.076921+0.0579693j 0.0533375+0.00665769j -0.00610402-0.0555324j 0.046866+0.038711j 0.0769297-0.0247526j -0.031375-0.00857225j -0.0264002+0.0193425j -0.0237285-0.0361533j 0.0233047+0.00364215j -0.018387+0.00350991j -0.0536601+0.00719232j 0.00909365+0.0138991j -0.0112673-0.0273378j 0.0130053+0.00556504j 0.0114316-0.0168668j 0.00906659+0.00436991j 0.00659141+0.0186487j -0.00576804-0.0355232j 0.00141828-0.0142712j -0.0186044-0.0345032j -0.0208922-0.0130292j -0.0370167-0.023992j -0.0202776+0.0108953j -0.00276889+0.0037465j 0.00304942+0.00358798j 0.049474+0.0359842j -0.0194101-0.0359274j 0.0221204+0.000980425j 0.00916476+0.0130273j 0.020796+0.0166748j 0.00890869-0.022784j 0.00185254-0.0215271j 0.00132391+0.0075815j 0.00809025+0.00220471j 0.026618+0.00624722j 0.0103863+0.00668242j 4.7789e-05-0.00851203j 0.00979916-0.00770854j 0.00259885+0.0252581j -0.0158486+0.00954838j -0.0195413-0.00846934j 0.00704225-0.0141266j -0.0237509-0.0214532j 0.0337028-0.00268464j 0.0379448+0.00211547j 0.0423696+0.0160937j -0.0121421-0.0133947j -0.0234148-0.0140048j 0.0234272+0.0013384j 0.00478264-0.0215037j 0.00114379+0.0104353j -0.0100321-0.0154173j 0.00249973+0.0171727j -0.000250652+0.00202529j -0.00598675-0.00567213j 0.00471177-0.0269208j 0.00311682-0.015169j -0.000640594+0.00278209j 0.0258075+0.00348139j -0.0076664-0.0133718j 0.0170307-0.00620432j -0.00205551-0.00566863j 0.0204981+0.0228607j -0.0146716+0.0151025j -0.00553041-0.0343505j 0.00702778-0.000433984j -0.0075226-0.00470435j 0.0122833+0.00694903j -0.00568203+0.0302578j -0.00975419+0.00217994j -0.00186211+0.0181758j 0.00491782+0.00620801j -0.0156709-0.00988801j 0.048347-0.00995573j -0.0147875-0.011499j -0.0101788-0.0438923j 0.0127736-0.0176582j -0.0136246-0.0025509j 0.00305473+0.00166551j -0.0520237-0.0592226j -0.00907439+0.0155868j -0.00565284+0.0116703j 0.0489829+0.0626749j 0.0227509+0.0396828j 0.0045762-0.0138348j -0.0195215-0.0235559j -0.0111608-0.00252546j 0.00655038+0.00480855j -0.0171698-0.014112j 0.0221886+0.0287226j 0.0161487+0.00758018j 0.0199675-0.014757j -0.0371159-0.0240589j 0.0260748+0.00896229j 0.0120095+0.00494992j 0.0042606+0.00511936j -0.0259464-0.0470827j -0.000964728+0.0427821j 0.0298385+0.0167376j 0.0350653+0.0344444j 0.0134377+0.0287666j -0.0112103-0.014637j 0.0180008+0.00293409j 0.022301-0.00913561j 0.00135686-0.00298382j 0.0176736+0.012957j 0.0187614+4.86378e-05j 0.0106668+0.0160979j 0.00442473+0.00219097j -0.0215731+0.00494827j 0.00486757-0.00770957j -0.0283666-0.01323j -0.0122892-0.00708297j 0.00723958-0.00871148j -0.00488445-0.000318238j -0.00894602-0.0174451j 0.0239932+0.0152191j 0.00927032+0.012748j -0.0114849-0.00697447j -0.0193635+0.00663796j -0.00401019-0.00324094j 0.00444773+0.00115518j 0.0056502+0.0085685j -0.000966424-0.00919388j -0.00237393-0.0178916j 0.018904-0.00841939j 0.0144571-0.000480294j -0.0134314-0.00360114j -0.00415801-0.0110173j 0.00235088-0.011848j -0.00120035-0.000151249j -0.0176411+0.00646329j 0.00335715-0.00772772j -0.0016469+0.0205457j -0.00128941+0.0126477j -0.00964455+0.0063546j 0.00595942-0.00286479j 0.000635139-0.00955429j 0.00355476+0.00339387j -0.030179-0.0118318j 0.00248559+0.00726321j -0.0202293-0.00764243j -0.0111376-0.0132684j -0.0230611-0.0202302j -0.0168316-0.00398943j 0.00484148-0.00835995j 0.020645-0.00948797j -0.00837161-0.00138554j -0.0072506+0.00349974j -0.0161651-0.00664492j 0.00167463-0.0132722j -0.00602485-0.0133237j -0.00810714+0.015407j 0.00057767-0.0173511j -0.0177101-0.020206j 0.0348645+0.0313464j 0.0060276+0.00528971j -0.00908077-0.0113617j 0.0373717-0.00490565j -0.0244802-0.022794j 0.00528759-0.00660166j 0.000663808+0.0302338j 0.0332753+0.011782j -0.00306443+0.0208009j -0.0154351-0.00130213j -0.0327509-0.0290451j -0.0261646-0.0254348j -0.00196632+0.00618204j -0.00658941-0.0324512j -0.0714672-0.0322762j -0.0316114+0.00919043j 0.0156697-0.00892629j 0.0356144-0.0252177j 0.0173423+0.0123143j -0.0430897+0.0177769j 
0.022774+0.00903769j -0.0219873+0.0252195j 0.0586864+0.0100456j -0.0570132-0.0357107j 0.027833+0.0180101j -0.0612844+0.0513991j -0.0285397+0.0188803j 0.0047713-0.023361j 0.00527932+0.0544785j -0.0234737-0.194417j 0.256227-0.00396457j -0.0862172+0.0666753j 0.0151022+0.197993j -0.0430858-0.00658319j 0.102427-0.0567109j 0.0183335-0.0098165j -0.0256486-0.0603076j 0.118989+0.0226046j -0.00241038-0.00581381j 0.0654489+0.0705072j -0.00285226+0.0213417j -0.0522545-0.0963541j 0.0263563-0.0012402j -0.0483562-0.0221327j 0.0873604-0.00170169j 0.0534091-0.00865687j 0.000530175-0.00485105j 0.0195065-0.00980851j 0.0319274-0.0180025j 0.0527676-0.0273699j 0.00373124-0.0054279j 0.00611473+0.00162055j -0.0239793+0.00758426j -0.0420858+0.0164091j -0.0203058-0.0103001j -0.011569-0.0241346j 0.00472772+0.0157456j 0.00707165+0.00794321j -0.00996277+0.0210383j 0.00689724+0.00367508j 0.0248603+0.0149034j 0.0103848+0.0275533j 0.000713995+0.0143664j 0.0395521+0.0299744j -0.0121959+0.0160574j 0.0125492+0.0215952j -0.0612047-0.0618788j 0.0255741-0.00646455j 0.0196187+0.00089069j -0.0395613-0.0627006j 0.00379161-0.0201048j -0.000778588+0.030123j -0.0290177+0.00696153j -0.0145248-0.0167883j 0.00768517-0.015196j 0.028394-0.0477857j -0.0156334-0.0224009j 0.01713+0.000370298j 0.0488799-0.0219254j -0.0107869+0.0673344j -0.0490797-0.0267618j 0.0598795+0.00796706j 0.00775502-0.0166816j 0.00509938+0.0163663j 0.0437863-0.00654302j 0.0316759+0.018559j 0.0268208-0.00497396j 0.00617693+0.000936743j 0.011371+0.0299317j -0.000115644-0.0211535j 0.022034+0.0283299j 0.00329339+0.0170698j 0.00877958+0.0156157j -0.0167814-0.00330195j -0.000955603+0.0140564j 0.00247127-0.00857786j 0.00717853+0.0221746j -0.0251897-0.00888465j 0.0135271+0.00177336j 0.00248141-0.0207483j 0.0104534+0.0222383j 0.022027-0.017892j 0.015514+0.0198105j 0.00478123-0.00898709j -0.00419051+0.00525828j -0.0217717-0.02521j -0.00918371-0.0193387j -0.016864+0.0122797j 0.00699541+0.00394735j 0.00165733-0.001257j 0.0248243-0.0131737j 0.0208866+0.0311701j -0.00758296+0.0121586j 0.00804181+0.00381104j -0.0190518+0.00928313j 0.0406672+0.0527833j -0.0217061-0.025884j -0.0177784-0.005658j 0.0120607+0.0185939j -0.0207965-0.0158085j 0.0296819+0.0395054j 0.0166721-0.0166265j 0.0253896-0.00590184j -0.00412364-0.0107048j 0.0153937-0.0167763j -0.00134954-0.0593617j -0.0681295-0.0244285j 0.0338931+0.00258359j -0.0159299-0.0277331j 0.060578+0.071081j 0.0537933+0.0191151j 0.028295+0.00626991j 0.0193869-0.00888817j 0.019251+0.015181j -0.000826674+0.00640621j -0.0427496-0.0517044j 0.0424303+0.0184056j -0.0166614+0.0131607j 0.0154052+0.00793187j -0.0102955+0.0108053j -0.0356636+0.0114806j -0.0238934+0.0174495j 0.0113548+0.00763912j 0.0239664+0.0200063j -0.00395824+0.0104506j -0.0167746+0.00665558j -0.00529259-0.00882288j -0.00406906+0.012339j 0.0047301+0.0017489j 0.0217949+0.0185005j -0.00125181+0.00942319j -0.0257065-0.011649j -0.0121682+0.0375465j -0.0239459+0.00112535j -0.0215518+0.0186169j 0.00963162-0.00412149j -0.0158857-0.00170607j 0.0109396-0.00904479j 1.98774e-05-0.0102504j -0.0119812+0.00244644j 0.0135078-0.00743108j -0.00105101-0.0113221j -0.00836723+0.000473565j 0.00870943-0.0168249j 0.00948209+0.0295173j -0.00954932-0.00371227j -0.00752753-0.0189001j 0.000928882-0.020747j 0.00256128+0.0183512j 0.00532413+0.00840052j 0.0102819+0.00871116j -0.0167189-0.0132192j -0.0309765-0.000428748j 0.0163225+0.0164689j -0.00967865-0.000651147j 0.00512217-0.00959884j -0.00843135-0.00462032j -0.000367392-0.014147j 0.0156329+0.0192536j -0.00407707+0.012367j -0.01995+0.00683139j 0.0237429+0.00426118j 0.0173958+0.022429j -0.00246999+0.00162249j -0.0100983+0.0131157j -0.0169953+0.0054724j -0.0089606+0.00132119j 0.0154847+0.00412498j -0.0239482-0.0169161j -0.00835172-0.0134354j 0.0257262-0.000856236j -0.0597951-0.0163998j 0.00777658+0.0145112j 0.00564582+0.0105876j 0.025934+0.0216128j -0.0255061+0.00912147j -0.0259847-0.0313204j -0.0499466-0.0264241j 0.0108865+0.0371786j 0.0224132-0.032703j 0.0612027+0.0469294j -0.0172114-0.0159159j 0.0538268+0.0129191j -0.0316225+0.0256175j 0.0145182+0.0190267j -0.0657804-0.0317852j 0.00354826-0.00605616j 0.00377015-0.0246332j 0.0586373+0.0267456j -0.0283361-0.053301j 0.0115363+0.028825j 0.0224309-0.0105277j 0.0197225+0.0221927j 0.0320824-0.0247328j 0.0437862-0.0496571j 0.00272297+0.0228135j 
0.0265567-0.0390926j -0.00702458-0.00859358j -0.0595747+0.00791024j -0.0681443-0.0157454j -0.0146497+0.0225686j 0.0201828-0.0255396j 0.0133638+0.0418456j -0.00768624-0.0100571j -0.00391106+0.0301144j 0.0468103-0.102705j -0.00586325+0.107598j 0.0465025+0.0273237j -0.0126525+0.102391j -0.158978-0.0265645j -0.0581382+0.00840249j 0.0242916-0.0154508j 0.120722+0.0173468j 0.0677258+0.0705773j 0.0334733-0.0278327j -0.0378447+0.10701j -0.0875807+0.0712026j 0.0782852-0.0348605j -0.00770244-0.0516852j -0.0537537-0.0352947j -0.0907466+0.0527769j -0.0722617-0.0530304j -0.0218064-0.0947358j -0.0272914+0.0717164j -0.131572-0.00496557j -0.0242348-0.0467233j -0.0210546+0.0338304j 0.0683633-0.0368559j 0.0355888+0.0529627j 0.0314717+0.0108065j 0.000452448-0.0486937j 0.0329294+0.016302j 0.00684026+0.00736528j 0.00187643+0.0159729j -0.0381085+0.0367332j -0.038966-0.0389483j -0.00257192+0.0238621j 0.0105045+0.0270867j 0.0272335+0.0277788j -0.0151507+0.0235466j 0.0333599+0.00860416j -0.0153458+0.0513569j -0.0190017-0.0400175j -0.0048354+0.0313082j 0.0800452+0.0121114j 0.0195961-0.0115474j -0.0105658+0.0123003j -0.0451107+0.0135264j -0.0178949-0.00697721j 0.0408303-0.0584378j -0.033123-0.00709238j -0.00164476+0.0261209j 0.0386702+0.0225184j -0.0047295-0.01869j -0.0116922-0.0287189j -0.00208734+0.00676292j 0.0490258+0.0481647j -0.0349919+0.0195853j 0.0181095-0.0517372j -0.0284815+0.0670285j -0.0385231+0.0437786j -0.0080638-0.00352256j -0.00602429+0.00444769j 0.0155143+0.0297746j -0.0304316+0.00269274j -0.0202704-0.0359039j -0.0335711+0.0173083j -0.0176896-0.0369747j 0.000490862+0.00107674j 0.0139185+0.00812573j 0.00357378+0.00598557j -0.0163213-0.0134757j -0.0269741+0.0141134j 0.00421564-0.0259311j -0.0033525-0.00885468j 0.0188494-0.0172576j 0.0149015-0.000936123j -0.00905862+0.0268257j 0.0103547+0.0265336j -0.018067-0.00523826j 0.0507342+0.0290979j 0.0274152-0.0296513j -0.0071966-0.0124143j -0.024152-0.0172589j -0.0006312+0.00778463j -0.0103571-0.0126474j -0.00331889+0.0201531j -0.0042134-0.010411j 0.00101846+0.00322864j -0.0304428+0.0696559j -0.0964316+0.0381709j 0.0337538+0.069225j -0.00330435-0.00849001j 0.0229689-0.0075834j 0.0253891+0.00540804j 0.015319+0.0585658j -0.0261176-0.0221973j 0.0230641+0.0482421j 0.0475964-0.0304565j 0.0114341+0.0477739j 0.0068218-0.00601044j -0.0355363-0.0498893j 0.0329484-0.0223418j 0.0706639+0.0473083j 0.035139+0.00474688j 0.0283509+0.0118144j 0.0549589+0.00498472j 0.0103914-0.0427149j -0.0490413-0.0421562j -0.0276573-0.00416839j -0.045093+0.0142695j -0.0273779-0.0608408j -0.0194197-0.0346699j -0.0344222+0.00987375j 0.0466554-0.0200052j -0.0104132+0.00405732j 0.0049674-0.00959428j 0.0390874+0.0186197j -0.0301641+0.0129142j -0.017482+0.0320979j -0.0402195+0.0265594j -0.0126727-0.0356796j -0.0157948-0.0269434j 0.0191177+0.0306017j -0.0181922+0.0141228j -0.00883264+0.0216339j 0.0249769+0.00493245j -0.02995+0.0100794j 0.022875+0.00975536j -0.010837+0.000198739j -0.0145073+0.0454015j 0.00350455-0.00538439j -0.0120076+0.00117266j 0.0174519+0.0205839j -0.0101887-0.0233474j -0.0236227-0.00947697j 0.0212776-0.045906j -0.0217846-0.00229369j -0.015414-0.00478725j -0.0251208-0.0205726j -0.0476099+0.0224796j -0.0213384+0.0147085j -0.0169058+0.00381338j -0.0297548-0.0100194j 0.0136064+0.00117696j 0.00436175+0.0308189j -0.0148185+0.0170365j -0.00268245-0.00363175j 0.0392648-0.00918127j -0.0299372+0.0160709j -0.000931384-0.0125099j -0.0398935-0.0153186j 0.0128567-0.00645617j 0.00514032-0.017976j 0.0151498+0.0381302j -0.0247894-0.0260077j 0.0255662-0.02186j -0.011074-0.0182822j 0.00992851+0.000800535j -0.0168551-0.00376876j 0.0268688+0.000847829j 0.017258-0.000767429j -0.0508442-0.0447448j -0.0557066-0.0155029j 0.0139912+0.0217552j 0.0146557-0.0239038j -0.0216049-0.0318001j -0.00871047+0.00286784j -0.0327071+0.0159494j -0.000148728+0.0209916j -0.0291708+0.0206238j 0.0314873+0.0203007j 0.0302727+0.00706843j -0.0159787-0.0156343j 0.0178347+0.0230009j -0.0529374+0.0448642j -0.0131004+0.0150824j 0.0319596-0.0353617j 0.0336376+0.00903575j -0.0171469-0.00966837j 0.0157868+0.00757007j -0.00202252-0.00828557j -0.0215565+0.0253333j 0.0382833+0.0361373j 0.0242993+0.0146223j -0.0198559-0.0046601j 0.0649928+0.0144795j 0.0571199-0.0634401j -0.0185925-0.0155957j -0.0314474+0.0527352j -0.0416299-0.0275869j 0.0485058-0.026031j 
-0.0133017-0.040307j -0.0661615+0.0363825j -0.0162-0.00150789j 0.00576431-0.00189389j -0.0455667+0.0653103j -0.0147977-0.0573014j 0.00460618-0.0219277j 0.0494828-0.0316919j 0.0193791+0.00778153j 0.0495319-0.0922952j -0.113286+0.218089j 0.00638776+0.000284725j -0.0059901+0.097082j 0.0691105-0.0957292j -0.0939147+0.128674j 0.0816983-0.0848195j 0.00208151+0.0425386j -0.122226-0.00646732j -0.00696802+0.0722075j -0.0398845+0.187115j -0.0193957-0.0865621j -0.0453815-0.125031j 0.0656506+0.0922957j -0.0129606-0.0664027j -0.125238+0.103867j 0.0204124+0.011835j -0.0331122-0.0281585j -0.0788561+0.102066j 0.0130694-0.0210391j -0.0217124+0.0386576j -0.0123041+0.0876804j 0.0199136-0.0732407j -0.0448694+0.0482716j -0.013513+0.0237548j 0.0396795+0.0235988j 0.0098042-0.0427039j -0.00380862-0.0228176j -0.0284922-0.0661165j -0.00612235+0.0236793j 0.0275679+0.00262667j 0.00431188+0.00901141j -0.00194306-0.0379744j -0.0619047-0.0652016j -0.0445609+0.017126j -0.0201362-0.0479616j -0.0270682-0.0258385j -0.056854-0.0533687j 0.0401213-0.00773632j -0.0272634+0.0282718j -0.0507221+0.0113524j 0.000587465+0.0144268j 0.0215943+0.0747629j -0.0190156+0.0321001j -0.00363132+0.0336303j 0.0175405+0.0523405j 0.00729394+0.00537841j 0.0386928-0.0385328j -0.0118657-0.0269044j 0.0189959-0.0168573j -0.00836805+0.0107888j -0.0271323-0.0306414j 0.0102646+0.0318228j -0.00423213-0.00276377j -0.0273474-0.0353994j -0.0285668+0.0698666j 0.0152869+0.0353015j -0.0155927-0.022669j -0.034747-0.0191152j -0.0104387-0.0137799j 0.0319287+0.0236009j 0.00416963+0.0393686j -0.0288048+0.0287564j 0.0182814+0.0189577j -0.014537+0.026589j -0.0163149+0.00227991j -0.0197105-0.0369095j 0.0180463-0.025246j -0.000249252-0.00391115j 0.0015087-0.00714512j 0.000128702+0.0296547j 0.022511+0.0184475j 0.0130954+0.00301449j -0.0120467-0.0630601j -0.0266644+0.00779496j -0.030792+0.0112672j 0.0376093+0.0132401j 0.0373431-0.00693213j -0.0238311+0.0185785j -0.0271693-0.00645939j 0.0178849+0.0306666j -0.00320206+0.028814j 0.0153401-0.000413344j -0.00973767+0.0228599j 0.0269476-0.0153236j -0.0108825-0.0279872j -0.00620825-0.0205224j 0.0180822-0.0225365j 0.0194296+0.0398647j 0.0125085+0.0415076j 0.00209607-0.0360011j 0.0483016+0.0144681j 0.0025202+0.0167493j 0.000453303+0.0295008j 0.000545518+0.0291438j 0.000167418+0.011707j 0.0223601+0.00388829j 0.029795-0.0296101j 0.0294892+0.0319388j -0.0360969-0.0138603j 0.0289759+0.024753j -0.0425995-0.0376235j 0.000123434+0.0539187j -0.0159981-0.00104539j 0.0370163+0.00264228j 0.0277666+0.0101526j 0.00374164+0.029303j 0.0173712+0.0131288j -0.00490788+0.00179463j 0.00399749-0.0193237j -0.0174127+0.0260418j 0.0069952+0.023885j 0.0139221-0.0251237j 0.0176986-0.000693788j -0.00484148+0.00499798j -0.0137614-0.0106941j 0.0209934-0.00524126j -0.0057808-0.0276638j 0.00686141-0.00311388j -0.0212423-0.00776622j -0.00801644+0.0211176j 0.00732105+0.00957654j 0.0108753-0.0318169j 0.034727+0.012217j 0.0288206-0.00257103j -0.00367926-0.00480568j 0.00165585-0.0102072j 0.00653285+0.00813133j -0.00297792-0.00130298j -0.0277478-0.0118427j -0.00449804+0.0264788j 0.00874756+0.0101982j -0.00917667+0.0126142j 0.000488703-0.00968024j 0.0118152+0.0216918j -0.000655624-0.00619225j -0.00566156+0.0193953j -0.0164944-0.0025711j -0.00374426+0.00153582j 0.0204507-0.0139452j 0.00807607-0.000408704j 0.00171746+0.00842374j -0.0197654+0.00129787j -0.00636161+0.0110666j 0.00791877-0.0013233j -0.00519957+0.012931j 0.00333804-0.012866j -0.00103344+0.00623661j 0.00553855-0.0105644j 0.00731731+0.0101268j 0.0039458-0.00273353j 0.0211155-0.013315j 0.00479938-0.00549876j 0.0341793-0.0244934j -0.00873398-0.015394j 0.0069708-0.00759843j 0.00345654-0.013059j 0.00953301+0.0174672j 0.00241807+0.00312803j 0.00181888-0.0105322j -0.000304017-0.0140501j 0.0156656+0.0126373j 0.00161788-0.00450144j 0.000184177+0.01665j -0.00892756-0.0398419j -0.0220688-0.000593119j -0.0160058-0.043267j -0.0189063+0.00262778j 0.0184348+0.0188677j -0.00649887-0.01763j 0.0395199-0.00146871j 3.01551e-05+0.0115617j 0.00391696+0.0654635j -0.0197894+0.00748j 0.0210369-0.0196781j -0.00921066+0.00409541j -0.0501087-0.071465j 0.0174213-0.0246173j 0.0125426-0.0501711j -0.011062-0.0226169j -0.0434959-0.0249012j 0.0353163-0.0103178j 0.0365688+0.0121832j 0.0342308+0.0701413j 0.0606134-0.021844j -0.021364-0.0407196j 0.044664-0.0775967j 
-0.0126035-0.0410565j -0.0324572+0.0168698j 0.0273057-0.0434276j 0.00419522+0.0341614j 0.0274924-0.011494j 0.0829904+0.00822454j 0.00640249+0.0301955j -0.0344451+0.0163986j -0.0129077-0.0321955j -0.00369381+0.0483299j -0.0702294+0.00575939j 0.0380997+0.00300741j 0.0757796+0.0567208j -0.0143176-0.0364603j -0.0379665-0.0142676j 0.0880688-0.0177745j 0.021148-0.0308466j 0.0735114+0.0754265j 0.00413825-0.00551746j 0.067086+0.0279137j -0.0191921+0.0526715j -0.00102704-0.0325668j 0.0323886+0.00846665j -0.0876924-0.0461037j 0.0444699-0.017214j 0.0250449+0.014312j -0.0603132-0.0783136j 0.0226462+0.0264334j -0.0148042-0.0489723j -0.0471779-0.0717551j -0.0158411-0.0473823j -0.0169144-0.00972692j -0.040364+0.0185008j -0.0210028+0.00316809j -0.0303162+0.0168799j -0.00354473+0.00570654j -0.0224526+0.000666855j -0.00197955-0.00136785j 0.0096853+0.00155409j -0.00913555-0.0179778j 0.00762864-0.0138692j 0.000999229+0.00199863j -0.00271834+0.00628567j 0.0340797+0.00415934j 0.00735145+0.0394522j 0.0157365+0.0176157j -0.0207122+0.0158906j 0.027504-0.023742j 0.00171334+0.0171607j 0.0573101-0.0251021j 0.0374185-0.0262372j 0.0153684-0.0057939j -0.024143-0.0438525j -0.020303+0.0318732j -0.00331623-0.0023164j 0.0197472-0.0670129j 0.0328548+0.0233709j -0.0373896-0.0169746j -0.0427491-0.0306957j 0.0339936+0.015336j 0.000995002-0.0245592j -0.051779+0.0120836j -0.000961492+0.0288828j 0.0288913+0.0060186j -0.0136285+0.0318541j -0.0262666+0.0378155j -0.0174+0.0133203j -0.0301236+0.0274777j 0.00785511+0.00533834j 0.00533521-0.0148879j -0.00960324+0.0263262j 0.0294883+0.022861j -0.00184854+0.00177254j -0.0452814+0.025859j 0.00985971+0.0178385j -0.0228917-0.00149059j -0.00826763-0.0099363j -0.00652563-0.00409121j 0.0197443-0.00476008j 0.015438+0.0428153j 0.0239135+0.0116101j -0.00290557+0.00145481j 0.00601433-0.00338341j 0.0116002+0.000781353j -0.00544037+0.0464579j -0.00666882-0.0323879j -0.0183081-0.0124826j -0.00279651+0.0226942j -0.0399992-0.0155335j 0.0402442-0.00293582j 0.0114443-0.00234348j 0.0185058-0.0170527j 0.0193206-0.00462894j 0.0306456-0.0444056j -0.000764808-0.0333244j 0.021998+0.0241025j -0.0155021-0.0201952j 0.0363038+0.0282342j -0.0337528-0.0274914j -0.00143922-0.00508593j -0.0343258-0.0171278j 0.0393887+0.010962j 0.034551-0.00814309j -0.0164628-0.0338178j -0.00965757-0.0210914j 0.01469-0.00249942j 0.0300101-0.00621872j -0.0198895-0.0318649j 0.0141219+0.0309549j 0.0153872-0.0299247j 0.0245737-0.00502572j -0.0335269+0.00187152j 0.0184048+0.0208929j -0.000476575-0.00233397j -0.0121417-0.0285236j -0.0109871+0.013795j 0.0143317+0.0296895j 0.00331047+0.0143255j -0.0101016-0.0192766j -0.0237461-0.0246421j -0.0154077-0.0395128j -0.00061596-0.0284331j 0.00671309+0.00457632j 0.00225215+0.0201169j 0.0140738+0.0218164j -0.00653908-0.0106197j -0.0107404-0.00846366j 0.022019+0.0148355j 0.0253705+0.00324297j -0.0273245+0.00375306j 0.0126667+0.00275025j -0.00456441-0.0151187j -0.0078156-0.0274145j 0.00434913-0.0044001j 0.0221553+0.01983j 0.00618884+0.0227663j 0.01196+0.0172912j -0.0271432-0.0170716j 0.0156458+0.0118717j 0.00624496-0.0105887j -0.00222857-0.0270414j 0.0118308+0.0297936j 0.00139662+0.00529886j -0.0234959-0.00143723j 0.0165746-0.0162775j 0.012169+0.0198825j 0.00995023+0.0196174j 0.0102145-0.0037287j -0.0158943-0.0209056j 0.00784461+0.0318131j 0.00254329+0.0148568j 0.0170877+0.0195649j 0.00671411-0.0116826j 0.0244956-0.00664641j 0.0146267-0.00064595j 0.0232116-0.0167156j -0.00584215-0.00389107j -0.0119118-0.0112368j 0.00423435+0.00161811j 0.00879468-0.0371703j 0.000436432-0.00692381j -0.0266836-0.0110689j -0.00704582-0.0337191j 0.0311177-0.010092j 0.0534023-0.00268104j 0.03745+0.0121882j 0.00552808-0.0102482j 0.0201472+0.00781619j -0.0236963-0.0214789j -0.0183217-0.00571773j -0.0140319-0.0116755j 0.002329-0.0273955j 0.0253046+0.0156091j -0.0415566-0.0243757j 0.0107294+0.00199717j 0.000523566-0.000954189j -0.000798335+0.00646263j 0.0276481+0.00193318j 0.0661082-0.00494723j -0.0296664-0.0238729j -0.015168-0.00897645j -0.0312739+0.0536562j 0.0208165+0.00480464j -0.00633419+0.021265j 0.00744796+0.00109743j 0.00333987-0.00401861j -0.026462+0.0159855j -0.00031463-0.027689j -0.0196202+0.0186769j 0.0546036+0.0345839j -0.00229838+0.011944j -0.0505281-0.00809969j -0.0360681-0.0174694j -0.0551035+0.018572j -0.0588846-0.0257445j 0.00968309-0.0665321j 
0.0159472+0.0466447j -0.00401802-0.00198946j -0.00222727+0.0139075j 0.0382671-0.0114251j -0.0288543-0.0122788j -0.0429372-0.022109j 0.0265125-2.01015e-05j -0.0209335+0.0572093j -0.0808866+0.0255692j 0.0402523+0.00955418j 0.0220031+0.0625776j -0.0885672-0.105008j -0.0916492-0.0903036j 0.0369179+0.119197j 0.0903232+0.0296687j 0.0975156+0.0683942j -0.000723172-0.0625359j -0.0171859+0.0840325j -0.0729414-0.0504442j -0.142765-0.138488j 0.145062+0.0910139j 0.0130052-0.139911j -0.104401-0.0387638j 0.0806636+0.0793581j 0.0537773-0.00522877j -0.0508766-0.0295966j 0.0744431+0.0770627j 0.0645368-0.0449175j 0.0588342+0.145014j 0.054461+0.0314608j -0.0704223-0.0618812j 0.0374277-0.000373788j 0.00118898-0.0338485j -0.029268-0.0384769j -0.023827-0.0346237j 0.011403+0.0194006j 0.00390812+0.013535j 0.0085967-0.00165995j -0.0111965+0.0233171j 0.0166052+0.0150127j -0.00152582+0.0129485j 0.00503013-0.0131385j -0.0208712-0.024229j 0.0107183+0.0195704j -0.00544453-0.0447967j 0.0232013+0.0238484j -0.0215584-0.0466545j 0.000743884+0.00231438j -0.026161-0.0518001j 0.0193342-0.0127122j 0.0118172-0.0239454j -0.0129894-0.000252126j 0.0138709-0.0142244j -0.0263182+0.0199156j -0.0108995-0.0171123j -0.00941575+0.0256542j 0.0126103+0.00319142j 0.00136173-0.00627297j -0.0157895-0.000788965j 0.0197394+0.0294362j 0.0204477+0.00836314j -0.00351677+0.00470895j -0.00636841-0.00524019j 0.0138513+0.0241814j -0.00680956-0.0217853j -0.0138779-0.00876974j 0.00588913-0.00397302j 0.0157471+0.0298841j 0.015748-0.00222501j 0.0145045+0.00582794j 0.0055602+0.0150291j -0.00534631-0.0305301j -0.011482+0.0119511j 0.0150069+0.0434989j -0.00387596-0.00930568j -0.0025791+0.00266636j -0.0059562-0.0171038j 0.00103918+0.024527j 0.00463972+0.00198457j 0.0335237+0.0264289j -0.0406116-0.00246099j 0.00697599-0.012019j -0.000471719+0.0142324j 0.0187405-0.0259148j 0.0327693+0.00922814j -0.0251345-0.0254727j -0.0281833+0.0300624j 0.0304427+0.0375651j 0.000788626-0.0142653j 0.00317184+0.0259166j 0.00538608+0.0112581j -0.0242091-0.0129311j -0.0266542+0.0103412j 0.0138187+0.0447054j -0.011201+0.000969733j 0.00836129+0.00802028j -0.0243181+0.00939594j -0.0270086-0.0252299j -0.0359138-0.00693629j -0.0158547-0.016741j -0.0077291+0.0499848j -0.00929971-0.0301781j -0.0210474-0.0319471j -0.0187733-0.049153j -0.0177659-0.0202995j -0.0266794+0.0112539j 0.0341423-0.0118808j -0.0461354-0.0180763j 0.00160807-0.0228645j -0.0456713-0.0123617j -0.00666571+0.0012261j -0.00238537+0.062776j 0.0266014+0.00639102j -0.0363605-0.0178303j 0.00417261+0.0105963j 0.0424145+0.0454573j -0.0255254-0.00731882j 0.0157061-0.0363722j -0.0160729+0.0378526j 0.0227558+0.0044853j 0.0127241+0.0216253j -0.00924671-0.0112337j -0.00714968-0.00703712j -0.0329714-0.0612852j 0.00351369+0.00599476j 0.0176677-0.0278193j 0.00190187+0.0158033j -0.0050753-0.00794543j 0.0184749-0.00119768j -0.00840604-0.000350159j -0.0144526-0.0212091j 0.0148617-0.00123703j -0.00299057-0.00792391j -0.00353228-0.00163384j 0.0200951+0.00211635j -0.0158894+0.0172738j 0.0160135-0.00547096j 0.00116224+0.0195174j 0.020029+0.027067j 0.0144959-0.0142397j -0.00842233-0.00377776j 0.0145803+0.009597j 0.0245266+0.0101625j 0.0141562+0.00835396j 0.0115377-0.0160578j -0.00777052-0.0155658j -0.00114105+0.0123825j 0.0252346+0.0167538j 0.0106242-0.0206542j -0.0204664+0.0128767j 0.00199881-0.00559344j 0.0220564+0.010298j 0.0242919-0.00706863j 0.00729999-0.0137875j 0.00611674-0.000585199j 0.0243501-0.00557777j 0.00978964+0.00925516j 0.0181748+0.0288573j -0.032231-0.0128858j -0.00101823-0.0136615j -0.00569705+0.00180971j -0.007918+0.00014638j -0.0132279-0.00885543j 0.00367152+0.000548358j -0.0208112-0.00262929j -0.0022867-0.00830534j -0.0104137-0.0101517j -0.0220453-0.00734148j -0.013151-0.0212095j -0.029062+0.00775722j -0.000492391+0.00329651j 0.0315004+0.00872779j 0.0206706-0.00272236j 0.00268338+0.00670459j -0.0139017-0.0214326j -0.0161042-0.00990777j -0.0144025-0.0264732j 0.0270602+0.00883152j -0.000651182-0.00497652j 0.0208785+0.00909036j -0.0329304-0.000944977j 0.0127407+0.0129109j -0.0381785+0.00835276j 0.0155107+0.00871804j -0.0353156-0.040957j 0.0164943+0.00437233j -0.0137357-0.0292286j -0.0352518-0.0491765j -0.0300172-0.00962554j -0.00935209-0.0431575j -0.0553998-0.0166304j -0.0386941+0.0528586j 0.0203899-0.0178112j -0.0336436-0.00524296j -0.00804488+0.0220208j 0.00732195-0.0168719j 
0.000950329-0.0181675j 0.00414197-0.0209499j 0.0140766-0.0461425j -0.02137+0.00862818j -0.0111269+0.0336204j -0.00181349-0.0476237j -0.0174459-0.0400007j 0.0165063+0.0180612j -0.0220796+0.0936984j -0.00947928-0.00929072j 0.0443713-0.0656141j -0.00862406+0.0672807j -0.00785517-0.012219j -0.0347904+0.132704j 0.0293104-0.000243109j -0.00871517-0.150273j -0.119762-0.0603044j -0.0444183-2.60039e-05j -0.0424985-0.0568014j -0.00235632+0.0542023j 0.173365+0.123258j -0.246118-0.2117j 0.0227715-0.0211661j 0.0364596+0.139773j -0.101457-0.159955j 0.0362119+0.0759279j -0.0541084-0.108495j 0.016562-0.125718j 0.0526271+0.0886737j 0.071845-0.0556312j -0.0354361+0.0811382j -0.032139-0.00155397j 0.0499208+0.0685813j 0.015538+0.0230631j -0.0198471+0.000332012j -0.0230608+0.000472641j 0.0129894+0.0114768j 0.00959143+0.00600958j 0.0201101+0.0194015j -0.0358062-0.0397776j -0.00848085+0.00142767j 0.00887526-0.0131176j 0.0197273+0.0111885j 0.0274442-0.0106403j 0.0107789-0.0114242j 0.00270907-0.0259307j -0.00889139+0.0176137j -0.015289+0.0092427j 0.0045949-0.0127929j 0.00640018-0.063586j 0.0357087+0.00848548j -0.00481449+0.0355619j 0.0163282+0.0252388j 0.0174303-0.0108527j -0.0409869-0.0610027j 0.00677683-0.0166983j -0.0255451+0.0188285j -0.00672705+0.0151086j -0.0163298-0.00585423j -0.00953203-0.00551642j -0.00734012-0.0265001j 0.00652246-0.0134961j 0.0189071+0.0178669j 0.0109939+0.0530957j -0.0174485-0.006727j 0.0237175+0.00505923j 0.00178447+0.0056338j 0.0606642+0.0463833j 0.0179239+0.0322855j 0.003305-0.0254683j 0.00817995-0.0339042j -0.00938978-0.00546928j 0.0237585+0.00550259j 0.0259642-0.0307592j -0.00208614+0.00743734j 0.00149486-0.00303758j 0.0209429+0.0294093j 0.0118462-0.0247633j -0.00909566-0.021888j -0.00265979-0.0380565j -0.000185396+0.0260183j 0.037022+0.0104843j -0.007296-0.00810776j -0.0264539-0.0357843j 0.00408879-0.0192118j -0.0164134-0.0165439j 0.0132327-0.0105435j 0.0159952-0.00956504j -0.00234081+0.0141178j -0.00647197-0.0181047j -0.0166461-0.0154658j 0.0188411-0.0126609j 0.0225568+0.00785145j 0.04547+0.0181371j -0.00380476+0.0113648j 0.0348723+0.0496402j 0.0219244+0.000657856j 0.012168-0.0322863j -0.0224676-0.062695j -0.00707485-0.00452247j 0.00251681+0.0398039j -0.0293282-0.0162201j -0.0302946-0.0419934j -0.0439648+0.00390423j -0.0489627-0.0246314j -0.0165529-0.0327902j -0.0591959-0.0109851j -0.0143367-0.0339737j 0.0104191-0.0149121j 0.0102114-0.00195825j 0.0322229-0.00498356j -0.0153287+0.00427854j 0.0440228+0.0250822j -0.0248062+0.00858894j 0.0267664+0.0169477j 0.0104407+0.0257889j -0.0389156-0.0289344j -0.0324823-0.0352286j 0.0049106-0.0135078j 0.0312351+0.00329385j 0.0180074+0.0206068j -0.00303989-0.00897271j -0.00689605+0.0239695j -0.0607607-0.0560376j 0.00306728+0.0376848j -0.0149916-0.00822469j 0.0192192+0.0204486j 0.00773989+0.0312305j -0.010207-0.012115j 0.00071142+0.021665j -0.023285-0.0219326j -0.0132541-0.00901803j 0.00563168-0.0108964j 0.00914081+0.0226283j 0.00471855+0.0384863j -0.00340198+0.00396978j -0.00407089+0.00594651j -0.00717588+0.00266211j 0.0159435+0.0050063j 0.00912267-0.019865j -0.0042823-0.013223j -0.00989627-0.00856186j 0.012461-0.00456822j 0.0203845+0.0211279j -0.00125089+0.00972068j -0.016553-0.00108917j 0.000565274+0.0115516j 0.00714759+0.00224002j 0.00270709+0.00976339j 0.0210448+0.0253902j 0.00926782+0.0144209j -0.0122904-0.014742j -0.0160598-0.0323358j -0.0070782+0.00337511j -0.0108382-0.00660539j -0.0113424+0.00350507j 0.00089994+0.00941792j 0.00693694+0.00471977j -0.0301085-0.00539163j -0.0119046-0.0175736j -0.00466306+0.00905098j 0.002682-0.021689j 0.00137456+0.00558542j 0.025279+0.0118057j -0.0202899-0.0103588j -0.00998495-0.00290551j -0.0113587-0.00916892j 0.0053867+0.00774911j 0.00519467-0.00506574j -0.00990036+0.0117286j 0.00675366-0.00984512j 0.0202057+0.0294336j 0.0163701-0.0052951j -0.00286083+0.00714991j 0.000783669+0.0138301j 0.0382503+0.0411442j 0.00671342+0.00166882j -0.000349861-0.00647501j 0.0302444-0.0196313j -0.011718-0.0123639j 0.0113908+0.0159126j -0.0109162-0.0317566j -0.0263171-0.00235027j -0.0152194+0.0259434j 0.000793223-0.0176053j 0.0134373+0.000956537j 0.00956892+0.0241624j -0.01639-0.0494073j -0.0193867+0.00364675j -0.00462989-0.00994902j -0.0488716-0.00397342j 0.00536061+0.0178796j -0.00852727-0.0466756j 0.00553972+0.064487j 0.0114177-0.0358484j 0.0193181+0.00515327j 
-0.0129952-0.00453843j 0.00143997+0.0295068j -0.0565338+0.0490625j 0.0390489+0.0101715j -0.0428261+0.00266638j 0.055083+0.00883267j 0.0100853+0.0172914j -0.0249807+0.0386539j 0.0859781-0.0413069j 0.0133412-0.0249283j 0.0901006-0.00435852j -0.0552268-0.0375186j 0.0412242-0.0112863j 0.165581-0.08127j -0.037406-0.0108092j 0.169281+0.0889981j -0.162829-0.027145j 0.199447-0.166951j -0.0222539+0.0403846j 0.119643-0.0254875j 0.0758101-0.0542707j -0.02132-0.000417515j -0.042942+0.143367j -0.078905-0.112241j 0.0900579+0.00259666j -0.0444206-0.0161201j -0.15612+0.0531585j -0.0486731+0.0969014j 0.13256-0.0238513j -0.143789+0.0970418j -0.127828-0.032798j 0.039776-0.0680168j -0.0465355+0.00132042j -0.0170303-0.00359342j -0.0357865+0.0306964j 0.028223-0.0574894j 0.0128556-0.0196621j 0.0179977+0.00483618j 0.0119358-0.0101698j -0.00624639+0.0432066j -0.00910244-0.0154828j -0.0284836-0.0192508j -0.0363686-0.0693035j 0.0310893+0.00702041j -0.00778763+0.00234309j 0.0327497-0.0298438j 0.0172759-0.0229692j -0.00956376+0.00054713j -0.0168737-0.00330311j -0.034626+0.0186484j -0.0312307+0.0131935j 0.0407465-0.00135843j -0.0138796+0.00601597j -0.00681191+0.0262175j -0.0162072+0.00789769j 0.0151777-0.0420364j -0.0180873-0.0369994j -0.0438934+0.0272784j -0.0489732+0.0338901j 0.067137-0.0325972j 0.00132107-0.0299175j -0.028873+0.0316133j 0.00677164-0.0101346j 0.0319256-0.0223149j 0.0173926-0.0022883j -0.0298752-0.0350038j -0.00158586+0.0197177j 0.0192474-0.014004j -0.0197095-0.0421785j -0.0286382-0.00510902j 0.020085+0.0265891j -0.00964156-0.0304372j -0.0211527+0.0143402j -0.0129021+0.0240181j -0.00785357+0.00719626j 0.0146368-0.00745569j 0.0497065-0.0027674j -0.00882048+0.0194182j -0.0215665+0.00757802j 0.00216082+0.00497996j 0.00221621-0.014491j -0.0224259+0.00462612j 0.015281+0.0321495j 0.000392601-0.00318799j -0.0547528-0.0182888j 0.00696631-0.0155423j -0.0211372+0.00485141j -0.00406073-0.00253736j 0.00275364+0.0162105j 0.017525+0.000778903j 0.026394+0.013813j -0.0103252+0.00412825j 0.00696362+0.0105998j 0.0300604+0.0439986j 0.0252686-0.0191045j 0.0298723-0.0208393j -0.0263311+0.0271188j -0.0103962-0.0559203j -0.0313938+0.0166768j 0.0214095+0.00660335j -0.0113298+0.00768617j 0.0269313+0.0165157j -0.00544093-0.00717117j 0.00852572-0.00716849j -0.00683224+0.00923403j -0.0288317-0.00182519j -0.0142642-0.0258293j -0.052234+0.0179967j 0.0369715+0.0198285j 0.0507689+0.0314695j 0.0228421+0.0339127j -0.0065976+0.0196327j 0.0486758+0.00424669j 0.00697631-0.010563j -0.0273507-0.0108752j -0.00518291-0.0206841j 0.000856579-0.0060618j -0.0046709+0.020184j 0.0148307+0.0208182j 0.00676726-0.00778051j 0.0418804-0.0239265j 0.0123788-0.014703j 0.0238336-0.0219954j 0.00565496+0.0187525j 0.012569+0.00111101j -0.0194139-0.015206j -0.0277739+0.00602352j 0.00118026-0.00561567j 0.030247+0.01622j 0.0115974-0.00487961j -0.0110714-0.00653222j -0.0302321-0.0250849j -0.0019398-0.0103927j -0.000435767+0.00222948j 0.0285264-0.0226729j 0.0020421-0.00429648j -0.0094126+0.00142394j -0.00958256-0.00141885j -0.0154012+0.0165562j -0.00285712-0.00704731j -0.0445455-0.00423652j 0.00971445+0.00264343j -0.00114375-0.00598403j -0.00496803+0.00559925j 0.00816466-0.00226993j -0.0140766+9.82938e-05j 0.0032862+0.0100614j 0.00755342-0.00884344j -0.0199372-0.00971056j 0.0177012+0.0051976j -0.000327879+0.00402521j -0.00983555+7.0032e-05j -0.0106741+0.00643321j -0.000372454+0.00327458j 0.00162511-0.00236332j -0.01229+0.00451916j 0.00339273+0.00334426j -0.0143668+0.0258908j -0.00487873-0.00624083j -0.000172753-0.00813093j 0.00366253+0.00362001j -0.0168241-0.0206145j -0.0213177-0.0231541j 0.0281587-0.000670151j -0.00459566+0.00128347j 0.0159275-0.00904344j 0.000605637-0.00535648j 0.00465625-0.00714151j -0.00107797-0.00395665j -0.010069+0.00753493j -0.0317046+0.029504j -0.000643914-0.0164942j 0.00199895+0.00317332j -0.00727271-0.00774618j 0.00649983-0.0151956j 0.0117363-0.023789j 0.00540089-0.00110587j 0.0141112-0.0158726j 0.0330654-0.0153396j 0.00307599+0.0118447j 0.0305497+0.013721j -0.0178156-0.0103088j 0.0721214+0.00877241j 0.0131162-0.0148911j -2.00407e-05+0.0385875j 0.0243711+0.0158065j -0.0110377-0.00328427j -0.0193348+0.0186286j 0.00328825+0.0368531j -0.0042025-0.0081222j 0.0313606-0.0386227j -0.0669266+0.0245749j 0.0275999-0.00679402j -0.0136561-0.0240969j -0.0445938+0.0201246j -0.00201391-0.031891j 
-0.0258139-0.0580427j -0.0339105+0.0173038j -0.0122769-0.0258774j -0.0147551+0.0268752j 0.05387+0.0387437j -0.0277696-0.0180946j 0.0403519+0.0204756j 0.0115997+0.00266897j -0.0479499+0.00491064j -0.0484667+0.0232954j -0.00458635-0.00318513j 0.0219256+0.0832806j 0.0206161+0.0670313j -0.0143938-0.0357855j 0.0584033-0.0472257j 0.0195616-0.240574j 0.154131-0.0873563j 0.0270312-0.00877355j -0.0266922+0.0220655j 0.0248114+0.184235j -0.00418718+0.0233219j -0.0368481+0.17884j -0.0458238-0.0378004j -0.00555786+0.0117889j -0.0375213-0.0648748j -0.116247+0.146078j -0.00832694-0.168815j -0.00461411+0.0214629j -0.0429923-0.0481881j 0.0098273-0.0558056j 0.0626337+0.0875022j -0.0421503+0.0362629j 0.0372834+0.0927538j 0.0295822+0.0210741j 0.000551428+0.0363609j -0.0138949-0.0268371j -0.0142683-0.0254519j -0.0215407-0.0180901j 0.0448882-0.0310218j -0.0355873-0.0444377j 0.0219745-0.0242798j -0.0150025-0.0400069j 0.0015988+0.0244438j -0.0272399+0.0060239j 0.00606831+0.0422662j 0.0101604-0.00294501j 0.0628973+0.0685231j 0.024678-0.0235034j -0.0104205+0.00781959j 0.0250998-0.00950126j 0.0325526+0.0161219j -0.0195854+0.0380727j 0.0133234+0.0201985j 0.0109567+0.0213643j 0.00989247+0.000364945j -0.00638289-0.0173749j 0.0329711-0.0104095j -0.0200693-0.0436377j -0.00496065-0.0318583j 0.0160768-0.0398406j 0.0144407-0.0559325j -0.00533751-0.0266193j -0.019113+0.0303882j 0.0109695-0.00729774j -0.00183407+0.0222418j 0.00815858-0.00349819j -0.0306716+0.0233728j -0.0215426+0.00883002j -0.00870304-0.0130301j 0.0322268-0.0114378j 0.0058442+0.017366j -0.0354188+0.015446j 0.0184852+0.00844665j -0.00527354-0.0167166j 0.019346+0.0274951j -0.0331769-0.011515j -0.00742743-0.0525946j 0.0287646-0.0142266j -0.00694445+0.0163957j 0.0329616+0.0223283j -0.00557117+0.0282989j 0.0271632-0.0153406j -0.0398706-0.0478367j 0.0211143+0.0196483j -0.00200661-0.046164j 0.0303747-0.000545866j -0.018209+0.020275j 0.00191623+0.00770513j 0.00599562-0.0381494j 0.00645689+0.0433349j -0.0095185-0.0227992j -0.00568432-0.018093j 0.0185858+0.0176817j 0.0645362-0.0413761j 0.0359887-0.012566j 0.0103246-0.0449862j 0.0402285+0.000946849j 0.00938873+0.0306861j 0.00877524+0.0192251j -0.0113305-0.0152535j -0.0250287-0.0153533j 0.00880227+0.00458208j -0.0197804+0.0208807j 0.0057681-0.0112055j -0.014758-0.0165656j 0.0182948+0.00512617j -0.021432-0.0717983j -0.00866183+0.0243892j -0.0311856+0.0118841j -0.00450028+0.0248308j -0.0347095-0.0232799j -0.00688686+0.0351986j 0.00211038+0.0120325j -0.0252906+0.0204211j 0.0171391+0.00408238j 0.0340175+0.0372046j -0.0168623+0.000216711j 0.00460341-0.00565846j -0.0182913+0.0113075j 0.0405528+0.00872138j 0.069589+0.0188616j 0.0204249-0.0149084j 0.00848989-0.00609347j -0.00704755+0.0148509j 0.0206155-0.00999721j 0.0107241-0.0334686j 0.0122418+0.0147332j 0.00360112-0.0441357j 0.0195647-0.0110899j 0.00477689+0.0274783j -0.0127493-0.00418717j 0.01098-0.0165375j 0.00193531+0.00326286j 0.0136701-0.0314993j 0.0146094-0.0249569j -0.00841161-0.0340132j 0.00940648-0.00524876j 0.0117914+0.0125971j -0.00344967-0.000740529j -0.00500158+0.00983914j -0.0343243+0.0191356j 0.00826801+0.0286231j 0.01738-0.00621917j 0.0193528+0.0242421j 0.0117976+0.00290677j 0.00568602-0.00272705j 0.00294708+0.00540515j -0.0115704-0.00967575j 0.00576638-0.00714116j 0.01003-0.00382871j 0.0132933+0.00906651j 0.00738562-0.00237559j 0.00626398+0.0161013j 0.00782544-0.0135045j 0.00788042+0.0306109j -0.0109494-0.0173222j -0.0130215+0.00590888j 0.00712445-0.00941222j 0.00758831-0.0155616j -0.0190858+0.0099609j -0.0148208-0.0117526j 0.0170667+0.0093219j -0.0202548-0.0179157j 0.0036668-0.00579081j -0.0181329-0.0199698j -0.00653388-0.0313636j -0.0166775+0.0238001j -0.00886267+0.000541986j 0.0259977+0.00804333j -0.00246813+0.00448586j -0.0180361-0.0160701j 0.0404852+0.00912345j 0.0209481+0.00137561j 0.0103643-0.0160766j 0.00287485+0.0037593j 0.00959495+0.003319j 0.0225268+0.0355961j 0.0210803+0.00875872j 0.0211277-0.0275406j 0.0296359-0.0162974j -0.0382465+0.0149405j -0.00561541+0.0227555j -0.0142453+0.012556j 0.0193785-0.0270468j 0.00526557+0.0226944j 0.000945506-0.0235524j -0.00394345+0.0175336j -0.0034166-0.0158939j -0.0344378-0.00772921j 0.0136237+0.034929j -0.0678475-0.0045553j -0.0383372+0.0347588j 0.00953979+0.0418337j 0.0625998-0.00448385j -0.0289122-0.00212169j -0.0240263-0.0520613j 
-0.0378538-0.0246231j -0.0365682+0.0119362j 0.0205946+0.00381158j 0.0408428+0.0383927j -0.0479569-0.0246024j -0.0691673+0.0511436j -0.00839343+0.0221161j 0.0542164-0.0289023j -0.0739295-0.0692203j -0.0541625+0.00909407j 0.0303007-0.00404868j -0.0596145-0.0207539j 0.0869617+0.0621164j 0.0990215-0.142901j 0.0367583-0.0591391j 0.150901-0.0082942j 0.0757801-0.072214j 0.114109+0.0381801j -0.0991463+0.00315595j 0.0198911-0.121042j 0.107106+0.0945459j 0.142179+0.247314j -0.181177-0.0456732j -0.0757512-0.0462806j 0.086821+0.0821089j -0.303124+0.130549j -0.0269364-0.0331714j 0.0586771+0.202532j 0.0141169-0.15232j -0.0485077+0.0148804j 0.0129078-0.0743987j 0.13015+0.0573873j 0.000133323-0.000301382j 0.00195946+0.0120483j -0.0136539+0.0124958j 0.0284117-0.013227j -0.00406908-0.0171526j -0.0204601+0.00224137j -0.000660042-0.0229916j -0.0112957+0.00882525j 0.0164882-0.013778j 0.0257145-0.00485422j -0.0661018+0.00357683j -0.0375994+0.0196276j -0.00109517+0.0235854j 0.0375032-0.0229666j 0.0237875+0.0356458j -0.0035717-0.0221183j 0.00448957+0.0451621j -0.0287203+0.0155367j -0.028663-0.0123816j 0.00776217+0.0370697j -0.0402245-0.0416873j -0.0306801+0.0214087j -0.0115812-0.0162798j 0.0244066-0.0411237j -0.0375395+0.00368159j -0.00240095+0.0152142j -0.0183266+0.0145096j -0.00262646+0.00409673j 0.0611732-0.0310592j 0.0318463+0.0333477j -0.0298627+0.0170431j 0.0110082+0.0085839j 0.0117022+0.011322j 0.0234956+0.016249j -0.00604609-0.00340469j -0.00914211+0.00264309j 0.0156683-0.00119702j -0.0322325-0.0385876j -0.00205434+0.0546659j -0.000171126+0.040401j -0.0210998-0.00446092j -0.0115516+0.000937345j -0.0176432-0.0201117j 0.0126402+0.0354863j 0.0155475+0.0166149j 0.0116401-0.00958432j 0.00925821+0.00319352j -0.0138545-0.00198465j 0.0246427-0.0257162j -0.014709-0.00419424j 0.00807092+0.00838264j -0.0189273-0.0142074j 0.00465091-0.0171213j 0.0259475+0.0249695j -0.0296595-0.0194382j -0.0155692+0.0255077j -0.00940309+0.0114707j 0.00583348-0.0305787j 0.00743103-0.00537781j 0.015273-0.0299394j -0.0202288+0.00222364j 0.0313716-0.0405978j 0.0121851-0.0136952j 0.0260528+0.005364j -0.0120147-0.0121986j 0.0360283+0.00208366j -0.0202419-0.0260741j 0.0074529-0.0455658j 0.00750121+0.00794439j -0.00857247-0.0671463j -0.00482453-0.0324352j 0.0113511-0.00635265j 0.0428316+0.00160346j 0.0151408+0.00449934j 0.0472755+0.0748856j -0.0210248-0.0551942j 0.0273524-0.00206808j -0.0424736-0.0847325j 0.0212837+0.0150976j -0.0155497+0.00247195j 0.0492408+0.0163944j -0.0323019-0.0288382j -0.00880532-0.012632j 0.027383+0.0356734j -0.00224068-0.0238346j -0.0158886-0.00404174j -0.031961-0.00815177j -0.00108744+0.000818648j -0.00942362+0.00907621j -0.017023+0.0114575j 0.00900217-0.0175072j -0.0325682-0.0173243j -0.0164797+0.0110917j 0.0028911+0.0368638j 0.00782481+0.024023j -0.0128409+0.0371206j 0.0202313+0.0165767j -0.0276981-0.020587j 0.00400927+0.000621657j 0.0108582-0.00824745j -0.0141748-0.00915321j 0.00767399+0.00228565j 0.0213306+0.0030162j 0.0157188-0.00793268j -0.0103843+0.0119328j 0.00268783-0.0136297j -0.00131273+0.0180323j 0.012191-0.00682678j -0.0201171-0.0246575j 0.00527939-0.00356998j 0.0085104-0.00167884j -0.000966267+0.00678169j -0.0232256-0.00947238j -0.00551549-0.00693245j 0.000738486+0.0217721j 0.00227686+0.00753963j -0.018893-0.00525301j -0.024129+0.0190173j 0.00246013-0.0055361j 0.00824963+0.0130782j -0.0248301-0.0125965j -0.00359668-0.00475137j -0.0134973-0.0260526j 0.00661553+0.00174535j 0.00754722-0.00255197j 0.00497467+0.000998207j 0.00782278-0.00771036j 0.0107986-0.0283839j 0.00737249-0.0139083j 0.000508551+0.000402701j 0.00168931-0.00691589j -0.0312619-0.0104252j 0.0126995+0.0055836j -0.00478626+0.015895j 0.00820997+0.0117874j 0.0071859+0.00703619j 0.0144372-0.00575409j -0.032883+0.00722619j -0.00315028-0.00182977j -0.0110831-0.00503438j -0.00579824+0.00719866j 0.000999951-0.0163314j 0.0127152+0.0164125j -0.0238763-0.0258887j -0.0294381-0.0159401j 0.0322217-0.0158302j 0.00165447-0.0237164j 0.00302902+0.000625218j -0.0159887-0.0223471j 0.00147244+0.0488896j 0.0274713-0.0310271j -0.0136499+0.032408j -0.0469147-0.0188068j 0.00979649+0.0579155j 0.0298374-0.0110445j -0.0127728-0.015537j -0.0086913+0.0104031j 0.0296786-0.0273652j -0.000208229-0.0244077j 0.0208531-0.0232628j 0.015416-0.0075901j 0.0198182+0.0198088j 0.0201792-0.0165215j 0.000728686-0.00180789j 
-0.0022369+0.00346694j 0.0207047+0.00307071j -0.026939+0.0111076j -0.00843197+0.010909j -0.0171651+0.0283024j 0.0493797+0.0215363j -0.020914-0.00639614j -0.0313286-0.00742601j 0.11944-0.000767453j 0.0351659-0.0342711j 0.0609782-0.00907565j 0.0149164-0.0184726j -0.0319931+0.0300758j -0.0192777-0.0277013j -0.0217579+0.0342777j -0.0500375+0.148566j -0.148371+0.0938943j -0.00104503+0.0186872j 0.0978644+0.0533972j 0.0509342-0.018857j -0.149855-0.127427j 0.00251741-0.0982388j 0.177133+0.134797j -0.0268861-0.130218j 0.0936167+0.0589877j 0.159815-0.106439j -0.0445368+0.0418317j -0.0320683+0.0213502j -0.0017076-0.0580231j -0.0459344+0.0221911j 0.0100897-0.0133483j -0.0858728-0.0339558j -0.0482015-0.0455594j -0.00940649+0.0135903j 0.0519402+0.023557j 0.0084891-0.0271409j -0.0105484-0.0222557j 0.000894404-0.0143184j 0.0144444-0.0169899j 0.0430293+0.000577976j -0.0160906-0.0077846j 0.0135411-0.00889303j -0.0149354-0.0212248j 0.0199215-0.0141254j -0.00332501-0.00423308j -0.0208712-0.00774687j 0.0120554+0.00731384j 0.0076385+0.00488914j -0.0273513+0.0089422j -0.0223775+0.0522247j -0.0257772-0.00837459j 0.0446092+0.0165457j 0.0134276-0.044231j 0.0166995+0.0256977j -0.0282991-0.0191618j -0.0109102-0.0141565j -0.0362789-0.0249711j -0.0079678+0.0219389j -0.0569246+0.0339202j 0.00841697+0.0325107j -0.0450883-0.00345586j -0.0150645+0.00665682j 0.00841992-0.0167708j -0.0192822-0.0439406j -0.00258756-0.0107371j 0.0112534+0.0108962j 0.0374362+0.0018397j 0.00609231-0.03206j -0.016287-0.0237959j -0.0308307+0.037407j -0.0148309-0.0242896j 0.032513-0.00665766j -0.00147312+0.0151889j -0.00198096+0.0358341j -0.0037648-0.0256399j 0.0138972+0.0169831j 0.0528035+0.0223776j -0.0153649+0.0274225j -0.016724-0.0350144j -0.00865212-0.00758218j 0.00363857-0.0366605j 0.00835645-0.0141458j -0.00437518-0.0114574j -0.0048622+0.0279154j -0.0306736-0.0462677j 0.000880006+0.0312899j -0.000834517+0.0353577j 0.00249853-0.00176557j 0.0502342+0.0250637j -0.0364594-0.0128311j 0.0116296-0.0209126j 0.00678313-0.0160885j 0.0382644+0.0223508j -0.00599452+0.0365272j 0.0170995-0.00137436j 0.00500687-0.0599995j 0.00880462-0.00563835j -0.0119185-0.059425j -0.0191859-0.00724246j 0.0256632-0.0119584j -0.00980302-0.00216518j 0.000689783+0.0185485j -0.0260659-0.00264003j 0.0315624-0.00830505j -0.0100639+0.00407128j 0.0273155+0.0138208j -0.0292557-0.0237j -0.0225723-0.00499725j 0.0163821-0.0185598j -0.00185629+0.00580375j 0.0102674+0.0286035j -0.00130268+0.0137144j 0.0257752+0.0162724j -0.0124689-0.0272717j 0.0210916+0.00829534j 0.00435046+0.00874401j -0.0138981+0.0129098j -0.0211635+0.00598432j -0.0063416-0.0100676j 0.00651577-0.0103478j 0.0270184+0.0110315j 0.00647025+0.00611148j 0.0134423-0.0132211j -0.0249135-0.0162397j 0.0191817+0.0167056j -0.000266571+0.00426287j -0.00264187+0.0208857j 0.0131618+0.0197717j -0.0026366+0.0220379j 0.00968513+0.00314528j 0.00846128-0.00199099j -0.0175672-0.0167326j -0.0128043-0.020598j 0.00280398-0.000303004j 0.00641192-0.000644195j -0.00855369+0.0153181j 0.00259141-0.00737992j -0.00428953+0.00426342j 0.0145979+0.0106519j -0.0090321-0.0112794j 0.00127805+0.00607656j 0.0113896-0.00224824j -0.00525489-0.00270472j 0.00194247+0.0181083j -0.0014415-0.0130225j 0.00685491-0.0065534j 0.0137718+0.0116663j 0.00316402+0.00849836j -0.0100396-0.0165155j 0.00587184+0.0185847j 0.00995069-0.0136318j 0.00704117+0.00261025j -0.0029269+0.000291897j 0.00941111-0.00432297j -0.0101645+0.000477843j 0.00944335+0.00457551j 0.00349122+0.00310097j -0.00948301+0.0238535j 0.000368274-0.00611887j -0.00555652+0.00701623j -0.00235724+0.0131079j -0.00473758+0.000543113j -0.00446902+0.000161161j -0.00819275-0.000544537j -0.0089178+0.00114656j 0.0161079+0.017804j 0.016255-0.00956488j 0.031337-0.00451475j 0.00703776+0.0016564j 0.0180051+0.0262802j 0.0079762+0.0303573j 0.0155816+0.0208588j -0.00163371-0.00534911j -0.00675988+9.88271e-05j 0.0105293-0.00114709j 0.026981-0.0236012j 0.0159497+0.0071841j 0.0052104-0.00103408j 0.0113679-0.0164792j -0.0105292+0.00290687j 0.0191581+0.00318018j -0.00708327-0.0227767j 0.0122319+0.0169735j -0.00643236+0.00858368j 0.0138715+0.0284261j 0.0263773+0.0237487j -0.000610678-0.00506766j -0.0132924-0.0123583j -0.0294043+0.0401237j -0.00950895+0.00913862j -0.00800615-0.0523004j -0.0229595+0.00630224j -0.012783-0.0370105j -0.0137829+0.0225531j 0.00478641-0.00234153j 0.0120276-0.00102946j 
-0.0300309-0.0304449j -0.0204222+0.0176734j -0.00446262+0.00275231j 0.0204036+0.0591496j -0.0459662-0.0130783j -0.0698666+0.0691476j 0.0090815+0.00869994j -0.0264985+0.0314855j -0.0238116-0.0593176j -0.0396053+0.0215342j -0.0114923-0.00507929j -0.0196114+0.00252453j 0.0693202+0.100867j 0.00768524-0.0996184j -0.0989643-0.0351438j 0.0471711+0.0266191j -0.220839+0.0471914j -0.231127+0.310413j -0.0171323-0.0291119j 0.0303713-0.0920495j 0.172102+0.131009j -0.0990045-0.380444j 0.0871314-0.109324j -0.0937585-0.00451574j -0.14854+0.121064j 0.0267718+0.00736236j -0.139798-0.0582889j 0.0656487+0.0917131j 0.0154358-0.162146j 0.0369894-0.102669j -0.165166-0.0715753j 0.0105435-0.025133j 0.0320037+0.0182976j 0.00635006-0.0687028j 0.0271271-0.0393242j -0.0459244-0.0202489j 0.0187241-0.0389739j 0.0140834-0.0303431j 0.00249916-0.0435586j 0.0054251-0.0327444j -0.016272-0.0206965j 0.00406259-0.0121264j -0.0218315+0.0162904j -0.0112009-0.00386112j 0.021708+0.0138564j 0.0336693+0.0276665j 0.0242023+0.00966266j -0.016477-0.00544891j 0.0111653+0.0423124j -0.0222925+0.041351j -0.0257171+0.0114539j 0.0132123-0.0042973j 0.0140453-0.0506787j -0.0174136+0.020911j -0.00382946+0.0446255j -0.0542207+0.0154163j 0.0259228-0.0285126j 0.00674853-0.0275736j 0.00712753-0.0304108j -0.0121424+0.0117969j -0.0181398+0.00239087j 0.00636004-0.0109095j -0.00491084-0.00252249j -0.0368573-0.0154453j -0.00291778+0.0203314j -0.0135526+0.0258343j 0.00621861+0.0324781j -0.0101198-0.0281677j -0.0125158+0.028944j 0.00852765+0.00921749j 0.0501788-0.00488016j -0.0306045+0.00836098j -0.0215044+0.000300102j 0.0251779+0.0247594j -0.0129993+0.00694827j -0.0250837-0.0365141j 0.0184087-0.0498024j -0.0040413-0.0085807j -0.0175144+0.0228278j 0.0133491+0.0363861j -0.0397827+0.00404574j 0.0207544+0.0264126j 0.000348231+0.0247343j 0.00445915-0.00246307j -0.039668+0.0117147j 0.0360958-0.00932247j -0.0343052-0.00815261j -0.0217182+0.0268581j 0.0169175-0.00843599j -0.00113344+0.00806438j 0.011159-0.0204088j -0.0205205-0.0277641j 0.00449218+0.0124788j 0.0216149-0.00758046j 0.000894328-0.0367359j -0.0135835-0.0447642j 0.0113385-0.0277684j -0.0120901+0.00304383j -0.0277307-0.0135504j -0.00952249-0.0147231j 0.0146131-0.0378235j -0.0121566-0.0301971j -0.0139679+0.0147577j 0.000708388-0.00601131j 0.0154351-0.0171666j -0.00175802-0.01181j 0.00613736-0.0141123j -0.0167174+0.00855911j -0.00752134+0.00920539j -0.00728874-0.00839629j -0.0382111+0.01746j 0.00858687+0.0123249j 0.0203414+0.0146885j 0.0172792+0.000966144j -0.0066133-0.0086811j 0.0317318+0.0189868j -0.0042094+0.00999232j 0.00618808-0.0138178j 0.0134793-0.0127464j 0.00943783-0.00228371j 0.0215311+0.0169679j -0.00124132+0.0016153j 0.00841773+0.00248897j 0.00303906+0.00816414j 0.0108465-0.0326471j 0.00890247-0.00306641j 0.0143323+0.00101864j -0.0116501-0.0402552j -0.00865318+0.0018894j 0.0149412+0.00677358j -0.0161194-0.011453j 0.0160312-0.00685152j 0.00986636-0.0048804j 0.0136328-0.0178478j 0.00171243-0.0342745j 0.00259538+0.0044779j 0.0160274-0.000759044j -0.0132841+0.000777112j 0.0074921+0.0143612j 0.0011444+0.0157668j -0.0136824+0.0103271j -0.00422139+0.00875463j 0.00193344-0.00895524j 0.0105732+0.0176514j 0.0007178-0.00674963j 0.0130852-0.0182482j 0.00980774-0.00730442j 4.3059e-05+0.00446149j -0.0029866-0.00132624j 0.0149916-0.0292117j -0.00422994-0.0109421j -0.00565335+0.00729703j -0.0123545+0.0114276j -0.00362357-0.0215704j 0.00207857+0.0202547j -0.00670181+0.00241932j -0.0066245+0.0123078j 0.00495873+0.00502543j -0.00679009-0.00486409j -0.00513189-0.00225909j -0.00330848-0.00580191j -0.00508374+0.00655332j -0.0172294-0.0185546j 0.00824652+0.0104009j -0.014402-0.0016098j -0.0056207-0.0116213j 0.00694332-0.00232921j 0.0111136+0.00905156j 0.000401408-0.00471189j -0.0069077-0.0195193j -0.00123026+0.00617198j 0.0182803-0.00510549j 0.00512779+0.00962773j -0.0180974-0.00922129j -0.00328679+0.0022124j -0.00943996-0.0247046j -0.00166913+0.0249882j 0.0142764+0.00895979j -0.0213262-0.0134464j 0.0203522-0.0089092j 0.00695662+0.00648221j 0.00935533+0.0336099j -0.0217496+0.00493568j 0.0318622-0.0114446j -0.00424233+0.0173819j 0.0183268+0.0127666j 0.0170436-0.00375538j 0.00958664-0.0101258j -0.0267349-0.00195621j 0.00129479+0.0217557j -0.0153383-0.00757585j 0.00296651-0.000147541j 0.0109167+0.036206j 0.0422659-0.0246543j 0.00134625+0.0175626j -0.0266849-0.0138566j 
0.0131228+0.00277866j 0.0266352+0.0257384j 0.0139008+0.0571196j 0.0232001-0.0396919j 0.0198593-0.0133867j -0.0360024+0.0276062j -0.0344292-0.0341687j 0.0132776-0.0096142j -0.0392499+0.0108175j -0.0613626+0.0541284j 0.0478779+0.00879202j -0.0621285-0.0312477j -0.0798877+0.00420389j 0.0632229-0.0797089j 0.151365-0.0786024j 0.0126202+0.0343529j -0.117774-0.0280881j -0.207336+0.155271j -0.0274241+0.0146055j 0.0021115-0.160152j 0.0889148+0.00449985j -0.0691114-0.0288351j -0.0403224+0.00430947j 0.072799+0.0159206j 0.184274+0.0550461j -0.0684097+0.112864j 0.0793793+0.0310474j 0.098616+0.0344297j 0.204197-0.0496298j 0.125368-0.0477034j -0.0137955-0.036624j -0.036575+0.0260499j 0.061015-0.0544279j -0.0164293+0.0157936j -0.00404357-0.0663684j -0.0118039+0.0319109j 0.0204272+0.0182356j -0.0141545-0.0128506j -0.0370327-0.0111777j 0.0265545+0.0154434j -0.00736718-0.010943j 0.0350241+0.0625176j 0.035825+0.0562067j 0.0163475-0.014691j -0.0320587+0.0139695j 0.0365692+0.00870633j -0.0204472+0.0035157j 0.014283-0.00817986j -0.100096-0.0156088j 0.0302257+0.0688065j 0.00425367-0.016826j -0.00603148-0.00163523j 0.049251-0.0231014j -0.0245028-0.00515706j -0.0083024-0.00423818j 0.0029071+0.0367631j 0.022428+0.0189024j 0.0185108+0.00375234j 0.0326716-0.00406549j -0.0171825+0.00536743j 0.0137571-0.0473028j 0.0294095-0.0434104j -0.00519407-0.019886j 0.0426138+0.0227915j -0.00413161-0.00242129j -0.0469956-0.000304129j -0.023745-0.0136096j 0.0517694+0.00143543j -0.00777742-0.00581466j -0.0101625+0.0112522j 0.0170184+0.0185571j -0.025993-0.00350173j 0.00964221+0.00320681j 0.0325166+0.00164603j 0.00923556+0.0214835j 0.00868601-0.00116396j -0.018498+0.0153433j -0.0180109-0.0294604j 0.00938855+0.0118436j 0.00211901-0.00561889j -0.0091351-0.0344449j -0.00690677+0.00351279j -0.00460604+0.0312166j 0.0142339+0.0332136j -0.0193588+0.00811401j -0.01914+0.00454605j 0.00715003+0.0207428j 0.0130089+0.0221661j 0.00902388+0.0188612j 0.0252979+0.00738854j 0.0245976+0.037545j 0.0274195+0.00275499j -0.00789909+0.0219512j -0.00472325+0.0469785j -0.0413333+0.0438852j -0.0154928+0.0609129j -0.0411255+0.00902363j -0.0144709-0.0171806j 0.0635138+0.0636641j -0.0107054+0.0173785j 0.0282513+0.0472663j 0.0409391+0.0398598j 0.0109487+0.00107193j -0.0232862+0.0168786j -0.0181329+0.00954329j -0.0228242+0.00655187j 0.0277976-0.022394j 0.0630603+0.0173938j -0.0211593-0.0445957j 0.0326244+0.0423335j -0.00467768+0.017535j 0.0140986+0.0285112j -0.032301-0.053636j -0.0126516+0.015649j -0.00125178-0.0160754j -0.0187995-0.0269129j -0.00639432+0.0040212j 0.00461195-0.0124446j 0.0132637+0.0195192j 0.00138689+0.00722532j -0.0296119-0.00454901j -0.0270226+0.00374941j -0.00864699-0.0155746j -0.0224294+0.00473876j -0.0260032+0.0115175j -0.00277592-0.0157333j -0.0138136-0.0164011j -0.0131635+0.0122031j -0.0182385+0.00463397j 0.0037783+0.0120127j -0.00476353+9.78845e-05j -0.0034132+0.0015449j 0.0129251+0.0114013j -0.00943209-0.017235j -0.00305883+0.0197135j -0.00493353-0.011642j -0.0192983-0.0113714j 0.0117057+0.0118352j -0.00377238-0.0107971j 0.0123088-0.012911j 0.0143986-0.024365j -0.0133303-0.0099627j 0.00276946-0.00504536j 0.00366452-0.0110278j 0.0224142+0.0104025j -0.0176865-0.00281265j -0.0274938-0.0225604j -0.00697111-0.0265058j 0.00829328+0.00515346j -0.00366229+0.0240895j 0.00404251+0.012602j -0.00964743-0.00962917j 0.0199078+0.00970386j -0.00535896-0.00276488j 0.00112228-0.00294766j -0.00169563-0.0118439j 0.00273129+0.00659046j 0.00240268-0.0168978j -0.011545+0.0213967j 0.0212281+0.0011384j 0.0171709-0.0033742j 0.0101638+0.0180987j 0.0100878+0.00630546j 0.00258278+0.011032j -0.0138363+0.00762505j -0.0059687-0.00126189j -0.0199105-0.00970158j -0.0600078-0.0209808j -0.0033063+0.0196684j 0.00352607+0.00217522j 0.013191-0.0104889j -0.000506038-0.00464071j -0.00654323-0.00250991j 0.0323908+0.00392575j -0.02199+0.0128332j 0.00515546+0.0131568j -0.0127094-0.0352994j -0.00337615-0.0320219j -0.016628+0.0514089j -0.0078972+0.0179889j 0.00179813+0.005159j -0.00249641-0.0352042j -0.0132705+0.0200507j -0.0371132-0.00335447j -0.0187947+0.00918713j 0.00554282-0.0128417j -0.00691122+0.0185496j 0.0252765+0.0517276j 0.0339857+0.015713j 0.0151414-0.0333829j 0.00319809+0.0032483j 0.0245299+0.0118182j 0.0162928-0.00357241j -0.0401465+0.00491532j 0.0101635-0.0097021j 0.025923-0.0156635j 
0.0150741+0.00263155j 0.0186957-0.0120281j 0.00184313-0.0153869j -0.00408826+0.0468355j -0.0352556-0.00240482j 0.045706+0.0246608j 0.00648644-0.00265449j -0.00523335-0.0248682j 0.0354433+0.0267806j -0.000358767-0.0186421j -0.0128057+0.00250281j -0.0155819-0.00625902j 0.0391169+0.0095507j -0.0424977+0.129796j -0.050035+0.0735712j 0.0788263+0.0958684j 0.052193-0.0577611j 0.194786-0.021433j 0.0488896-0.0021874j -0.106282+0.146157j -0.123344+0.023709j 0.00275293-0.266686j 0.0138643+0.0589284j -0.0515572-0.0502727j 0.171163+0.0737372j -0.073009-0.0938422j 0.0582636-0.0912019j 3.56342e-06-0.0122056j -0.0643833+0.13282j -0.103694-0.0214905j -0.0696842-0.0120379j -0.0181201-0.0276055j -0.0871356-0.0305467j -0.0651805-0.00383529j 0.00854865-0.0098245j 0.0415328-0.0306807j -0.0198288-0.00533861j 0.0062701-0.029465j -0.0233696-0.0504148j 0.0458941-0.00670667j -0.0323358-0.0418451j 0.0134755-0.0057383j -0.000859458+0.00725134j 0.00349976+0.020069j -0.00960033-0.0469456j -0.0190863-0.0274416j 0.0382218+0.0586133j 0.0121503+0.00117142j 0.00188079-0.00907196j -0.0164448+0.023321j -0.0425852-0.00988463j -0.00144647+0.0110244j -0.0198774-0.0144882j -0.00292103-0.0471074j -0.0318613-0.0178686j -0.0140589+0.0400388j -0.00813643-0.00267083j 0.0202165-0.0370339j -0.00431164-0.018631j 0.0183327+0.0711955j 0.0253734+0.0244512j -0.0176205+0.0296888j -0.0246487-0.0205723j -0.0228325+0.0156844j 0.015485+0.00580386j 0.00464333+0.0440786j 0.00363776+0.0255903j 0.0021742+0.0333698j -0.00333136+0.00948581j 0.0293903+0.0042069j -0.00503151+0.0134458j -0.0104739-0.00693381j -0.0361472-0.0211241j 0.0345323+0.0177494j -0.0218473-0.0174592j 0.0130757-0.0305974j 0.00148625-0.00153405j 0.0162511+0.00717391j -0.0318958-0.00649457j 0.00516018+0.00486236j 0.0037718+0.00132455j -0.0187517+0.00838999j 0.0252494+0.0155467j -0.0299275-0.0239479j -0.00613747+0.00704651j 0.0316402+0.0114611j 0.00124227-0.0109084j 0.0101429-0.01527j -0.00983929-0.01403j -0.00663345+0.00629503j -0.0257586-0.0209385j 0.00636131-0.0160224j 0.00130836-0.00334719j -0.00822596+0.0199061j 0.0162569-0.0151195j 0.0177723-0.0100611j -0.00943878-0.028727j -0.00641457+0.0059939j -0.0205152-0.0333824j 0.0198438+0.00173461j 0.00340532-0.0218941j -0.0195357-0.0088263j -0.0217308+0.00240197j 0.02949+0.00613551j 0.0082813+0.0169218j 0.0242645+0.00303495j 0.026701+0.0180276j -0.0226049-0.0385506j -0.013666+0.0031352j -0.0554452-0.0420571j 0.00717203+0.0190927j 0.00202464-0.0168482j -0.015458+0.0114125j -0.00979069-0.0181485j -0.01589+0.0130539j 0.0159203+0.000992176j 0.00244301-0.0147959j -0.00208054-0.0121145j -0.00172835-0.0117129j 0.00660365+0.00834813j 0.0134745+0.00743228j 0.00653993-0.00559542j -0.00319641+0.0120917j -0.0075378-0.0216827j -0.017899+0.00182155j 0.00994974+0.000928024j -0.00964088+0.0100627j -0.0096363-0.00791302j 0.0265169+0.0133347j 0.00917834-0.00150603j -0.00772022-0.00343265j 0.0125132+0.000359814j -0.00845393+0.00933792j 0.000662396+0.00899566j -0.00146703-0.00529034j -0.000329737+0.0151738j 0.00339109+0.00775161j -2.98181e-05-0.0021309j 0.00306795+0.0175054j -0.00568239+0.0134901j -0.00181909+0.0127222j -0.0128022-0.00987726j -0.00473145-0.000515549j 0.00655557+0.0105995j 0.00628184+0.0127692j -0.00500993-0.0196699j -0.0136052+0.0183248j -0.00522238+0.0135049j -0.0192519-0.00341314j -0.0254777+0.003713j -0.0147972+0.00708496j 0.0141949+0.00483817j 0.0102459-0.00805271j -0.00528936-0.00320357j 0.00901083+0.0124111j -0.00298088+0.0161484j 0.00258343+0.0114684j 0.0131628+0.000869984j 0.00321893-0.00981313j 0.00912272+0.00611548j 0.010539+0.013189j -0.0110382-0.000946456j 0.000898764+0.000230556j -0.0183737-0.00459986j 0.00122233-0.00174244j -8.62134e-05+0.00761603j -0.000589529-0.00938994j 0.0111144+0.0145681j 0.0122761-0.00288129j 0.00676801-0.00122052j 0.00529566+0.0138j 0.00476905+0.00886769j -0.0125073+0.00331502j 0.00103571+0.00181842j 0.00982254+0.0129358j -0.0101254+0.000391046j -0.000547028+0.0110363j 0.00293253+0.0141528j 0.00370252+0.00327088j 0.0046321+0.00230215j -0.0195417-0.0171728j -0.000602628+0.0141821j 0.0023036-0.00645624j 0.021569-0.00105839j -0.00534015-0.0129894j 0.0283473+0.0120965j 0.0179085-0.00713449j -0.00332037-0.0198328j -0.00992251-0.0135987j -0.0150826+0.0158476j -0.0073939-0.00369851j 0.00941924-0.0290339j -0.0058758+0.0047339j 0.00480828+0.0105377j 0.0240777+0.0072006j -0.000949679+0.0145592j 
-0.0246786+0.00689196j -0.0331371-0.000305854j -0.0222699-0.0245298j 0.0212341-0.0058872j 0.0191597-0.0322343j -0.0248433-0.0366597j -0.0179742-0.0259562j 0.0264476+0.00760574j -0.0272989-0.0328252j 0.0272557+0.0015635j -0.0117176+0.00393651j 0.0166009-0.0205801j 0.0384738+0.0204967j -0.0450795-0.0152247j -0.0863734-0.0725906j -0.0047348-0.000763788j -0.0289035+0.0286214j -0.000398919+0.115178j -0.0115053-0.0792895j 0.0206774-0.114156j 0.0906951+0.155725j 0.0484179-0.023661j -0.0122073-0.163985j -0.0634129+0.0470241j -0.141269-0.0753564j 0.0613697-0.026878j -0.137581+0.0203274j 0.0259521-0.0148522j -0.132133-0.038091j -0.0683386-0.0294038j -0.0773258-0.0744393j 0.0385591+0.0573095j 0.0347148+0.0150116j -0.0101965-0.00922106j 0.019565-0.027703j -0.0227226-0.0176146j -0.0117649+0.0155401j -0.0256058-0.00871919j -0.0200087+0.0302835j -0.0160367+0.00751751j 0.0155716-0.00264642j -0.0222467-0.0231189j -0.0433936-0.038707j -0.0644047-0.0189059j 0.0100507+0.0144869j 0.0498824+0.0477661j -0.00993174-0.0457249j -0.0461541-0.0790518j 0.0276362+0.00869152j -0.018643-0.009881j 0.00304627-0.0165196j 0.0493903-0.0268859j -0.00856987-0.0465333j 0.0164201+0.00471937j -0.00575809+0.0281374j -0.0361235-0.032999j -0.00835378+0.0132408j 0.000937083+0.0300452j 0.0157834+0.0158772j 0.00624779+0.0246829j -0.00648291+0.029238j -0.000407799-0.0199503j 0.0272885-0.00843618j -0.00187426+0.0256273j 0.00822438+0.0153527j 0.0365145-0.0175028j 0.00176492-0.00989733j -0.0125343+0.0128873j 0.0172793+0.00921545j -0.0092644+0.0151486j 0.0266644+0.000884968j 0.0291097-0.0224447j -0.00502972-0.0123151j -0.000473049+0.0236836j -0.00504033+0.00498028j -0.00357875+0.0074901j 0.00973265-0.0133758j -0.0189685-0.0126904j -0.00600706+0.0015635j 0.00443222+0.0373459j 0.000828951-0.0112231j 0.00621262-0.00472717j 0.00909547+0.0128617j 0.024856+0.0374762j -0.0121812-0.000560467j -0.0222637-0.0201006j 0.0279251-0.0081645j -0.0330794-0.00301218j -0.0165952+0.0283074j 0.0292165+0.0277916j -0.00372525+0.0115143j -0.00755462+0.0293023j 0.0226562+0.00035401j -0.0257167-0.0209269j -0.0248338+0.00897491j -0.0239487-0.0151866j -0.0340556-0.0288142j 0.0388588-0.0158215j -0.0162259+0.0224797j -0.0256632+0.00417344j -0.0265858-0.0038833j 0.0293735+0.0396252j 0.0149016+0.0108396j -0.0205087+0.00263103j -0.00624672-0.00191244j 0.000759114-0.0205742j -0.0241781-0.0303042j 0.0448271+0.0319646j -0.0138069-0.00788972j 0.0434997+0.0403965j 0.0106547-0.00926259j 0.000625373-0.0011008j 0.00126277+0.00730104j 0.020476+0.0212916j -0.0143562-0.0199375j -0.0078339-0.0443133j 0.00593703+0.027899j -0.00285695+0.0271752j -0.00779204+0.0146299j -0.0204083-0.0137481j -0.0107596+0.00177162j 0.00571511+0.0202619j -0.0113173+0.00188576j 0.0211782+0.0495244j 0.00950081-0.00237072j 0.000796157-0.0136774j -0.00126015-0.0035395j 0.0205398-0.0239473j -0.00710988+0.0190961j 0.0100386+0.00505033j -0.00184237-0.0157797j -0.0200555+0.0199707j -0.00879999+0.00630436j 0.00305192-0.00357565j -0.0158629-0.0108637j 0.0125327+0.00233118j 0.0174657+0.0189091j -0.00260035+0.00565895j -0.00666804-0.00372318j -0.0211546-0.00464155j -0.0148223-0.0248671j 0.016347+0.0101846j 0.00343817+0.00291046j -0.0125273-0.0273908j -0.010965-0.010027j 0.01345+0.00567049j 0.0213372+0.00157435j -0.000371428+0.00261986j -0.00713255-0.00160268j 0.0039252-0.0124102j 0.00803692-0.00198851j -0.00633439-0.00304326j -0.01198+0.0115351j -0.00493272-0.00992304j -0.00411972+0.00542767j -0.00906639-0.0154759j 0.0066532+0.0017974j -0.00217194+0.00423568j 0.0114062+0.0109315j -0.0283418+0.00278684j -0.0194892-0.0223564j -0.00318279+0.00611188j -0.0134802-0.00239592j 0.00227764+0.0082033j 0.0101851-0.00213243j 0.00285264-0.0142124j 0.010272+0.00881331j 0.00190103-0.0241052j -0.0296071-0.0059776j -0.0137636-0.0154339j -0.00718593-0.0117218j -0.0229257-0.0200898j 0.0129306+0.00269867j -0.0288697+0.00505327j -0.0153812-0.0158342j -0.0160816-0.00861634j 0.0170396-0.00946548j 0.00484408-0.0013163j -0.033476-0.0237408j -0.00454012+0.00649021j 0.023244+0.0340872j 0.0164268-0.0287962j 0.0157358+0.0208209j -0.0155767+0.0227717j 0.00915921+0.0194788j -0.0363167-0.00904721j -0.039957-0.0230672j 0.0170088+0.00903216j 0.0163378+0.0193585j 0.00509682-0.00414184j 0.0196085+0.0041368j -0.0132702-0.0168021j -0.0056081-0.0113796j -0.0153176-0.0220936j -0.0236751+0.00739195j -0.0264435-0.000272324j 
-0.0023471+0.0310062j -0.0283971+0.00643512j -0.035683-0.015621j -0.0127944+0.0106497j 0.0315569+0.0315376j -0.0194195-0.016521j 0.0237095-0.0108868j 0.0113459-0.00425608j 0.0204947+0.0243181j -0.059644-0.0326727j -0.0231867-0.0218082j 0.0145514+0.0187862j -0.0119874-0.0584248j 0.0156589+0.0547125j -0.0564999+0.0263943j -0.00837839-0.0574837j 0.0263583+0.0121143j 0.0148485-0.155928j -0.00594096-0.00172538j -0.0265602+0.0777322j 0.0343759-0.034832j -0.014437+0.00488682j -0.0604349+0.0170857j 0.0332676+0.0116526j -0.1384-0.00826148j -0.0418112+0.0249565j 0.0410797+0.0283994j -0.0466915-0.00781633j -0.0147553+0.0698387j -0.034218+0.027828j -0.054324+0.0846673j -0.00806433-0.007844j 0.0196356+0.000540581j 0.0113557-0.0401659j -0.00211726+0.0103997j -0.0110388-0.0460874j 0.00948434+0.0042463j -0.0207979-0.0266549j -0.0253195-0.00400353j -0.0203316-0.0566885j 0.0099125-0.0135244j -0.0658879-0.0499913j -0.0314773+0.00368629j -0.0854688-0.0177073j 0.0245145-0.0393887j 0.0681641+0.0847571j -0.0226677-0.0258708j -0.08068-0.0483711j 0.0342028-0.0415866j -0.0580937+0.00633813j -0.00899924+0.0510686j -0.0219637+0.00265537j 0.0222294+0.0414027j 0.0401042+0.0086338j 0.0182564-0.00622543j -0.0140045+0.00839529j -0.020634-0.0288871j -0.00407846-0.00328102j 0.00236488+0.0353106j 0.0244602+0.0334421j 0.0263636-0.0212328j -0.0206191+0.0266611j 0.0184905-0.0245055j -0.0413773-0.0110779j 0.0372261+0.046686j -0.0156476-0.0224033j 0.047326+0.0179584j 0.0125859-0.0108168j -0.00113238-0.00986317j -0.00733456+0.0372364j -0.0193428+0.0134969j 0.0106575-0.00857438j -0.00170926+0.0117676j 0.00378055+0.0185957j -0.00756146-0.0276299j -0.0102836-0.0175379j 0.0200676-0.0135831j -0.0261878-0.0158195j -0.0254696-0.0239068j -0.00472523+0.0359758j 0.0132528-0.0117966j -0.00971288-0.0184537j 0.010656+0.0193934j -0.0195512+0.0240565j -0.000321935+0.0309739j -0.0510134-0.0771036j 0.0257905+0.00467521j -0.00925217-0.0181474j 0.0118986+0.0145477j 0.00335728+0.048789j 0.0502916+0.0386303j 0.0197864+0.053167j 0.00777719-0.0209931j -0.00844244+0.0148221j -0.0300484-0.00185225j -0.0286799+0.000602902j -0.0334285-0.0206939j 0.0244684-0.0284953j -0.0611419-0.0108711j 0.0083372-0.0115046j -0.0264164+0.00577137j 0.0150921+0.0273944j -0.00228346-0.00453323j 0.00887492+0.02467j -0.00522268+0.0188944j -0.0280725-0.0188046j 0.0136-0.0164431j 0.0591505+0.0270872j 0.0238709-0.0183984j 0.0335712+0.0431602j -0.0195779-0.0338364j 0.000132154-0.023063j 0.00851585+0.0127743j 0.0226621+0.015045j -0.0171266+0.00702199j -0.0144551-0.0559036j 0.0108354+0.0168279j 0.00991403+0.017692j -0.00327278+0.0208575j -0.00224781-0.0130027j -0.00951456-0.00788201j 0.00961121+0.00815097j -0.00146094+0.00388573j 0.0227676+0.0521481j 0.011202-0.00961373j 0.00115174-0.0032558j -0.00404012+0.00944323j 0.00919243-0.0189083j -0.0167431-0.0111587j 0.00323889-0.012941j 7.8795e-05-0.0044613j 0.00697072+0.00603262j -0.0252431-0.00285144j 0.00557938+0.0178857j -0.00424682-0.0258914j 0.00787639+0.0115118j -0.000531111+0.00381287j 0.0164417-0.0096189j 0.00587563+0.00884852j -0.0182511+0.00196645j -0.00837632-0.00856588j -0.00169139+0.022001j -0.00273789+0.0130446j -0.023853-0.0160288j -0.00825099+0.00830136j 0.0186512+0.0172301j 0.0153873+0.00424084j -0.000497374+0.00114276j -0.00800084-0.0125906j -0.0146983-0.0264659j -0.00921125-0.00423662j -0.00188226-0.000236637j -0.00570464-0.00326773j 0.00769664-0.00913758j -0.0135891+0.0105851j 0.00121706+0.0162954j 0.000754819+0.00926983j 0.00891185+0.0108247j 0.00281976+0.0124179j -0.0133052+9.495e-05j -0.0194641-0.0258429j -0.0211892+0.00485167j -0.00685724-0.00668926j 0.00830821-0.0023297j -0.000544824-0.0194892j -0.0060773-0.0177321j 0.00244179+0.0210028j -0.00909293-0.0178216j -0.0322324-0.0381483j -0.0221642-0.0228359j -0.00361361+0.00922652j -0.0121934-0.0280044j 0.000930179+0.0197145j -0.00917997+0.00883746j -0.0230072-0.0187608j -0.00170481-0.0233834j 0.0324645-0.0121074j 0.0081791+0.0103359j -0.0491855-0.0302496j 0.00925491+0.0136852j 0.023883+0.0262649j 0.00559829-0.0201091j 0.00617358+0.00286674j 0.0105486+0.02521j -0.0174377+0.0215294j -0.0317102-0.0311668j -0.049807-0.0470354j 0.0116628-0.00641293j 0.0161942+0.00471938j -0.0146172-0.00653702j 0.015015-0.00905144j -0.014026-0.0241705j -0.0129442-0.0195004j -0.0140493-0.0299062j -0.0115384+0.0324452j -0.0145481-0.00939558j 
0.0274746-0.00850725j -0.00268579-0.0327448j -0.0571022-0.0160402j 0.050347-0.0234034j -0.0168053-0.01729j 0.00860907-0.00141968j -0.00634444-0.0118815j 0.00835159-0.00322443j 0.0238842-0.0522601j 0.0386917+0.0671585j -0.0393445+0.0180886j -0.00842735+0.0250185j 0.0433889-0.00431303j 0.0749957-0.11473j -0.0545847+0.00978059j 0.0317873-0.01127j -0.111677+0.00823699j 0.0600856-0.0747231j -0.00664312+0.00637988j 0.0875561+0.032328j 0.019444-0.00368174j -0.0575352-0.0291984j 0.0121415+0.0576954j -0.0786909-0.0846408j 0.0570722+0.00932021j -0.01655+0.00950799j -0.16371-0.0568115j -0.0637894+0.0714709j 0.0834942-0.0426106j -0.185713-0.00788425j -0.147842-0.0216459j -0.0248948-0.040638j -0.016707+0.0352612j -0.0303017+0.0565612j 0.0097778-0.048117j -0.0319214-0.0387198j 0.00961488+0.0443896j -0.0492578-0.00185462j -0.109648-0.005773j -0.0244059-0.0180667j -0.0465761-0.0395204j -0.0210515+0.0236021j 0.0502692+0.0589188j -0.0250511-0.0452294j -0.0327442-0.00768377j 0.0193292+0.00837274j 0.0177047+0.0492966j -8.86276e-05-0.00669466j 0.00665078-0.0216358j 0.0261432+0.0244992j -0.00776787+0.0845534j -0.0351533-0.00237958j 0.0274382+0.0549159j 0.0247971+0.00749478j -0.0260724+0.0126012j 0.019522-0.031916j 0.0399288+0.0481301j -0.0356846-0.0269248j 0.0236598-0.0251518j 0.0152191+0.0201883j 0.00973949+0.0296335j -0.0056555-0.0196436j 0.0032925-0.000336596j -0.0489462-0.0110522j 0.00611739-0.0065079j -0.0210495-0.00945093j 0.0266149-0.0327946j 0.0448197+0.0196218j -0.0214915-0.0303639j 0.0329683+0.0173563j -0.0119856+0.0449013j -0.0276986+0.00931955j -0.0116287+0.0173626j 0.035403+0.0250296j -0.0053529+0.00563488j -0.0200912-0.0300217j 0.00777394-0.0149819j 0.000836951-0.0297166j 0.00860257+0.016055j 0.0107334+0.019684j -0.000702866-0.0545536j -0.0249327-0.0142582j 0.018748+0.0109366j -0.00789271+0.00483633j 0.0595105+0.0533956j -0.0272159-0.0345696j 0.0384816+0.018131j -0.0138494+0.00427973j -0.0222793+0.00920924j 0.020841+0.0422314j -0.0184443+0.0108827j 0.0246093-0.00713433j -0.0397546-0.00337169j -0.0263822+0.00701588j -0.0454773+0.029128j 0.0163979+0.0826655j -0.0550227-0.02148j 0.0050132+0.0312341j -0.000820743+0.0625205j -0.0236938-0.0231112j 0.00642021-0.00683673j -0.0220475+0.0136062j 0.0302697-0.00286505j 0.00912029+0.0127853j 0.0105925-0.00152937j -0.0453393-0.0567842j 0.0314221-0.00150528j -0.00288205-0.0179763j -0.0118274-0.0379364j -0.00186754-0.00788455j 0.00106193-0.017812j -0.00461987+0.0221031j -0.0298777-0.0482235j -0.00907757-0.0303972j 0.0131162-0.0006734j 0.0436932-0.0147385j -0.000563027-0.0256155j -0.0423333-0.0533462j 0.0233134+0.0589916j 0.0370482+0.0398954j 0.0219174+0.0249175j 0.0100476+0.0161645j -0.00543323-0.016889j 0.000463565-0.0124253j -0.0319168-0.0111349j 0.0111806+0.00154122j -0.00680111+0.00225692j -0.0181445+0.0132589j -0.0159969+0.00841295j 0.0138095-0.00168225j -0.00436546+0.00739436j -0.00091183+0.00295135j -0.00550148+0.0298181j -0.0120547-0.000689545j -0.00775445+0.0182056j -0.0150937-0.0130066j -0.00217643-0.007664j 0.0379955+0.0265895j -0.00384931-0.000269386j 0.00512079+0.000812898j 0.000949739-0.00602272j -0.00686595-0.0160819j -0.00500023+0.0105041j 0.0110144+0.000753376j -0.0262907+0.014942j -0.0217043-0.00184726j -0.0114322-0.0185809j 0.0144556+0.00100208j -0.000528844+0.0157349j -0.0113756+0.0215867j -0.00636058+0.00219908j -0.0076753+0.00449805j 0.0137825+0.0167864j -0.011506-0.00239252j -0.00135902-0.00427808j -0.0139708-0.0175953j 0.0229351+0.00177817j -0.00209634-0.00241081j -0.0100667-0.00837712j 0.00827391-0.00120618j -0.00032916-0.0131899j -0.00260182+0.0170407j 0.00366544-0.0065891j -0.0102512+0.00847661j 0.000190286-0.0233499j -0.018706-0.0262437j -0.0374094-0.0284226j -0.0300172-0.0325805j -0.0157456+0.0273889j -0.00167365-0.00423696j -0.00341176-0.0225183j -0.0204518+0.0137635j -0.00884461+0.00648285j 0.00726896+0.0170686j -0.0247297-0.00692315j -0.00369146+0.0233455j 0.0319111-0.000602595j 0.0015097-0.00393761j -0.0284515+0.0186676j -0.0252971+0.0170598j -0.0255728-0.0433353j 0.0167704+0.00563942j -0.0134888-0.00141261j 0.025323+0.00759089j -0.0339331-0.00355177j -0.0130878-0.0165079j -0.00284236-0.0151366j 0.00232894+0.0445245j 0.0375999-0.0318739j -0.00869318-0.0220011j -0.0187121-0.00456794j 0.0332656-0.0264082j -0.00102762-0.00748824j 0.0123584+0.015889j 0.0259817-0.00719621j -0.0104511+0.0417663j 
-0.0129635+0.0141776j -0.00992311+0.0312367j -2.78786e-05+0.0395897j -0.0271835-0.00683255j -0.00888997-0.0380563j -0.0408196-0.0158086j -0.0188924+0.00565321j 0.030343-0.0323718j -0.00559941-0.0360306j 0.058494+0.00890355j -0.00132091+0.0293215j 0.00574781+0.0192058j -0.00298885-0.00859699j -0.00564678-0.0256224j -0.0945971+0.0627851j 0.0155908+0.00192566j 0.0524348+0.044695j -0.0342426-0.0591264j -0.0506996-0.0232572j -0.0440951+0.0298385j 0.0462474+0.0116838j 0.0239157-0.0492516j 0.0319775+0.00226539j -0.0465276+0.0224154j -0.179851+0.0553141j 0.0313287-0.045394j -0.104433-0.0632045j -0.0710471+0.00119372j -0.0591423-0.0106234j -0.0731668+0.0118558j -0.0235493+0.120229j 0.0497793-0.0275131j 0.0684489+0.0477439j 0.0139147+0.0696154j 0.0210994-0.0589585j -0.0105346-0.012748j 0.085644+0.0826134j 8.01832e-05+0.015771j 0.0409027-0.00798546j 0.036968-0.0110545j 0.0605653+0.0805246j 0.137373+0.145631j 0.00251233-0.0138648j -0.00102068+0.128022j 0.0401753-0.0366488j -0.0838387-0.144803j 0.00447562+0.0752203j -0.0853527-0.0205034j 0.0306527-0.0221899j -0.0236525-0.00176457j -0.011648-0.0240333j 0.0242934+0.0189623j 0.00289927+0.00201298j -0.0200514-0.0282834j 0.01154+0.00168773j -0.0337024-0.0407039j -0.000330965-0.0137495j 0.039538+0.020718j 0.0117092-0.0323549j -0.0345114-0.0275966j -0.00728327+0.0106045j -0.0403193-0.0158848j 0.0157118-0.020314j 0.0098818+0.0377442j 0.0114665+0.00224416j 0.0258801+0.0237864j 0.0258338-0.018042j 0.00209898+0.018322j 0.00629633+0.00117187j 0.00175102-0.0154942j 0.0174797+0.0222294j 0.0174874+0.013703j 0.0258924+0.0264584j -0.0161414-0.0182641j 0.0208836+0.0271598j 0.0236812+0.0192906j -0.0128649+0.00602479j -0.0133646+0.00197352j -0.000426252+0.0020424j -0.00737123-0.0440342j 0.0110112+0.0111318j 0.0249453+0.00142814j 0.0315923+0.01662j 0.0181778-0.0201405j 0.00123401+0.0161088j -0.0198052+0.0152868j -0.032628-0.00749089j 0.00771313+0.00867925j -0.000934795+0.0124581j 0.0214118-0.0151772j 0.0388559-0.0103016j 0.0203787+0.00429161j -0.0135756-0.0224124j 0.0237023-0.0199727j 0.0392813+0.010855j 0.0814117+0.0833837j 0.00672959+0.0136302j 0.00928994-0.0422333j 0.10394+0.118663j -0.0041222-0.00826587j 0.0451668+0.102902j 0.010202-0.0193379j -0.057681-0.0317274j -0.0244406-0.0559068j 0.044733+0.0258107j 0.0422722+0.0376759j 0.0304446+0.0277916j -0.100608-0.106711j -0.0408323-0.0478142j -0.00992306-0.0133693j 0.0373555+0.0745019j -0.0247093-0.0247139j -0.00027388+0.0128778j 0.0164474-0.0514847j 0.020759+0.0102276j -0.0208201-0.04361j 0.00352408-0.033293j 0.00374376+0.0328548j -0.00518455-0.0121561j 0.00792226+0.0233j 0.00810077-0.00828143j -0.00138838-0.0122443j -0.00808661-0.0421548j 0.0157802-0.00675172j -0.000713629-0.0142044j -0.00850826+0.00799379j -0.00589108-0.00318684j -0.00095465-0.00456249j -0.00744247+0.00416996j 0.016326-0.0058946j 0.0119566+0.015588j -0.00287438-0.0182061j 0.00392277+0.00712172j -0.00161362-0.0418081j 0.0173248+0.0305036j 0.0153573-0.002987j -0.00582918-0.00142285j -0.0368562-0.0470952j -0.00393231+0.0113935j 0.00396769+0.0273517j -0.0139633-0.00432801j 0.0123132+0.00497641j -0.00215836-0.0190291j 0.0093387+0.00892954j 0.00141693+0.0101484j 0.0160816+0.0136834j 0.00565549-0.00212106j -0.0395189-0.017653j -0.0079506-0.020743j 0.0286489+0.0210131j 0.004594-0.00499138j -0.0200726-0.00244134j 0.00429086-0.00256577j -0.0023561+0.00506912j 0.00319178-0.000768343j 0.00281151+0.00576818j 0.00174107+0.000888241j -0.0281106-0.0228893j 0.0281265+0.013006j -0.000557711+0.0247496j 0.00397584+0.0111707j 0.0340341+0.0135886j -0.0125303+0.00258888j -0.0301595-0.0222187j 0.00537996+0.00332791j -0.00816112+0.0267168j 0.0374211+0.0152149j -0.00184763+0.00304898j 0.0180446+0.0245222j -0.00488773+0.0250707j -0.0185132+0.0138604j -0.0186612+0.00382965j 0.0297757+0.0145281j 0.00712815+0.0185496j 0.00556955+0.0421817j -0.00220838-0.000287962j -0.0442097-0.0672881j -0.0378693-0.0301952j 0.0260004+0.0203074j 0.0117895-0.0181751j -0.0191317-0.012895j -0.0322701-0.0230135j -0.0011524+0.0120764j -0.0326437-0.0264705j -0.00758003-0.0285764j 0.00826645+0.0141883j -0.00737107-0.00130949j -0.0216224-0.00416902j 0.00946112+0.0204168j -0.00133075-0.0143254j 0.00856475-0.00524848j -0.0291392-0.032845j 0.00933589+0.00236091j 0.0152589-0.0435711j -0.0104215+0.0308189j -0.0402752+0.000321842j 
-0.0285603-0.0104808j 0.000383448+0.0107512j 0.011098+0.0243966j 0.0149158-0.00206676j 0.0430303-0.00563117j 0.0422494-0.0462757j 0.015665-0.0239028j 0.0048229+0.017576j -0.0287752-0.00843766j 0.00015532+0.0574829j -0.0247461-0.0149252j 0.00522369+0.00067411j 0.0440334+0.0237321j 0.00833397+0.0272913j -0.0306619-0.0331537j -0.0179191+0.0144421j 0.0774818-0.0280366j 0.0606814+0.00420341j 0.025476-0.00745379j -0.0286748+0.0336314j -0.0928805-0.0154412j 0.0299752-0.0275013j 0.00170167-0.00841557j -0.0441049-0.0152403j 0.0724285+0.021831j 0.0681251-0.000225948j 0.0951072-0.0212966j 0.0280394-0.0234391j -0.0279807+0.0474826j -0.0530035-0.135006j 0.0154912+0.0176546j -0.101627+0.0570643j -0.0319515-0.00154938j 0.041593+0.0111704j 0.0445527-0.0505801j -0.0894269-0.0277954j -0.00728955+0.0278595j -0.0864725-0.0588661j -0.0918189-0.0349196j 0.0658872+0.00938483j -0.0381938-0.0269146j -0.00812848+0.0322805j 0.0321524-0.0319559j -0.052143-0.0424643j 0.00900358-0.0756297j 0.102585+0.0228071j -0.133104-0.0637845j -0.00450414-0.0478122j -0.0356157-0.0224192j 0.00748277-0.0174915j 0.010051-0.0282467j 0.00865538-0.0394635j 0.0169451+0.0534674j -0.0034107-0.0443785j 0.0199759+0.0165225j 0.0285909-0.00947083j 0.0149939-0.00198129j -0.0046743+0.0275946j 0.0593717+0.0502067j 0.0203015+0.0467941j -0.0434182-0.0363869j 0.00848479-0.0196733j -0.0320502-0.011909j 0.0185563+0.0309703j 0.0545406+0.0106069j 0.0229393+0.0036189j 0.0215517+0.00523707j -0.0328671-0.0300983j -0.0115131+0.00261199j 0.0203486-0.00271783j 0.00999436+0.0309764j -0.00498013+0.0139526j 0.015371+0.0186491j -0.0139305-0.0299799j -0.00855009-0.0194296j -0.0235701-0.0180144j 0.0134651+0.0221334j -0.0466234-0.0502762j 0.017812+0.0306865j -0.00953785-0.0196071j 0.0199702+0.0304471j 0.029525-0.00362828j 0.0429491+0.040386j 0.0523112-0.0027333j -0.00156742+0.0189307j -0.0237009-0.0412091j -0.0154771-0.00808913j -0.0527487-0.0287068j -0.014523+0.0100283j 0.0197638+0.0271324j 0.0440456+0.0392953j 0.0801043+0.094662j -0.0231454-0.0507718j 0.0142854-0.0296088j 0.000620531+0.0102249j -0.0375563+0.0495478j 0.0180359+0.00834241j 0.00688595+0.0165714j -0.00570475+0.0533154j -0.0212883+0.000637554j 0.0230734+0.0511154j 0.0128919-0.0332331j 0.0424955-0.00660097j 0.0190581+0.00163607j 0.0121849+0.0661402j 0.0303072+0.0791277j 0.0263194+0.0434858j 0.0302323-0.0226491j -0.0118504-0.0322121j 0.0233342-0.0303519j -0.0167737-0.0218242j 0.00661083+0.0344509j -0.00826319-0.0434701j 0.0250079+0.0198064j 0.00710457-0.00816921j 0.0217324+0.0188935j 0.0266094+0.0166901j 0.0056006-0.0490835j 0.00167144+0.0414688j 0.0282171+0.000204893j 0.0123731-0.024519j -0.0119553-0.00201828j 0.0059713-0.0149908j 0.0478782+0.0116329j -0.0179495-0.0200916j 0.0295164+0.00366905j 0.00565118+0.00320337j -0.011552-0.018694j 0.00769731-0.0223753j -0.00960339-0.0104243j -0.0293275-0.00529424j 0.0168629+0.0249948j -0.0133158+0.00302808j -0.0022977+0.00367535j -0.0272964-0.0100602j -0.0213052-0.00396857j -0.0133901+0.00603755j 0.0254738-0.00170331j -0.0201608-0.014042j 0.0150816-0.000651119j -0.0241915+0.00349025j 0.0127641+0.00131627j 0.0189665-0.0139108j -0.00284717-0.00218271j 0.0167437+0.00395707j 0.00907473+0.00560614j -0.00107489-0.0040505j 0.00648175+0.004578j 0.0112703+0.0127632j 0.00338141+0.000895874j 0.0198617-0.0151373j -0.00476163-0.00271559j 0.00861835+0.0216099j 0.00481817+0.00165264j 0.00555258-0.00388561j 0.00433261+0.0267633j 0.0112637+0.0142107j -0.0221508-0.0104769j 0.0100836+0.00771475j 0.0196996+0.0174918j -0.0323365-0.001364j 0.0243397+0.0102995j 0.0172734-0.00316028j 0.010264+0.0140177j 0.00965394+0.00864827j -0.0352045-0.0111493j 0.00682157+0.0373546j -0.0275941-0.0291332j -0.0180474-0.0227834j -0.0510349-0.0156448j -0.0129479-0.0131791j -0.0184909-0.0158075j 0.0187404-0.0200628j 0.0115719-0.00952103j -0.00251533+0.000732812j 0.00302639-0.0206923j 0.0213344-0.0479125j 0.0123458-0.00984873j -0.0127732-0.0097853j -0.000731926-0.0390657j 0.0212492-0.0252878j -0.0222921-0.0102803j -0.0425248+0.0163783j 0.0184579+0.0268358j -0.0466213-0.0128436j 0.00116327-0.0110345j -0.00043522+0.0290552j 0.0289468+0.0249798j -0.00111551-0.0291105j 0.0284431+0.0052376j -0.0382452-0.00961465j 0.00320798+0.0599007j 0.0395516+0.0138442j 0.0306815-0.011015j 0.0188412-0.00688317j -0.00188603-0.00484136j 
0.00908553-0.0220468j -0.050179-0.030546j 0.0434111-0.0172941j -0.0270792-0.0294922j -0.0417039+0.0141645j -0.0328461+0.000918069j -0.0174588-0.00501342j 0.0443593+0.0266965j -0.0634318-0.0356661j 0.0658549+0.0253068j -0.0391924-0.0314157j -0.0143395+0.0224406j 0.0637796+0.06012j 0.0159619-0.0606278j -0.00556786+0.110593j -0.0320371+0.0701415j -0.0896199+0.00382726j 0.0899372-0.0373395j -0.0555425-0.0106853j 0.0394856-0.0883789j 0.0601948-0.0308131j 0.101342+0.0356521j -0.0415497+0.072475j -0.035421-0.0196258j -0.0735475+0.0349011j -0.0209199-0.0832883j -0.0903646+0.133347j -0.111194+0.0500546j -0.00550562-0.017058j -0.0320996+0.0903595j -0.0635878-0.0737655j 0.0621123+0.066214j -0.0651982+0.04227j 0.0085647+0.0644005j 0.02797-0.0170804j -0.0462903+0.081415j -0.00949758+0.0138702j 0.0335115+0.0755637j -0.0319689-0.0262032j -0.034217-0.0129099j -0.0595354-0.0638276j -0.000345508+0.0147267j 0.0663073+0.0536354j 0.0833711-0.115206j 0.0333787+0.0218033j 0.0137784+0.0179733j -0.042098-0.0263557j 0.0437045+0.0886394j -0.0175549-0.0143416j 0.0714857-0.048091j 0.0633169+0.0848508j -0.0440424-0.0426234j 0.0130308-0.0565793j 0.00762211-0.0386537j -0.0107347-0.0206198j 0.0212519-0.0455608j -0.00914718+0.0175791j 0.00180923-0.00275182j 0.0248483-0.018927j -0.0463456+0.0399742j -0.0158084+0.01744j 0.0273069-0.0177765j 0.0176654+0.0133839j 0.0381897-0.032431j -0.0292079-0.00480002j 0.0614856-0.017264j 0.0423926+0.0081965j 0.0234051-0.0116258j 0.0128963+0.0109428j 0.00629247-0.0154712j -0.00149494-0.00117725j -0.000241124+0.0275487j 0.0111581-0.0229942j -0.0179101+0.00627559j -0.0483043-0.011738j -0.00780157-0.00215619j 0.00948043-0.0104468j 0.0102624-0.0429207j 0.0322182-0.0115917j 0.0104687-0.0568417j -0.0246317-0.0221492j -0.0018-0.0331303j -0.00419834-0.0134343j 0.0293665-0.0405855j -0.00723817-0.0134643j 0.0487766-0.00454694j 0.00837025-0.0124249j -0.00127161+0.0369234j 0.00710531+0.0101914j -0.0176143-0.00675858j -0.0507488-0.0141656j 0.0454358-0.0372501j -0.0190752-0.0122758j 0.039749-0.0323548j -0.0455103+0.0390887j -0.01026+0.0132009j 0.0478422-0.0118909j -0.0456544+0.0409013j -0.00722951-0.0290546j -0.0336847+0.00186386j 0.0145516-0.0286302j -0.0392856-0.0251763j 0.0375793-0.0338031j -0.0117407+0.0439249j -0.0163385-0.0340877j 0.00537596-0.0601802j -0.0528678+0.021914j 0.0659+0.00175038j 0.00560786-0.0104375j 0.0112981-0.00512748j 0.035265-0.0203005j -0.00494656+0.0407486j 0.0163813-0.0626027j -0.0154267+0.0366798j 0.0190521+0.0142886j -0.0041243+0.0599324j 0.0341043-0.0125729j -0.0462223-0.0490095j 0.036197-0.000378862j 0.00824114+0.00203144j -0.00121606-0.00895441j -0.0028707-0.0053374j 0.00363648+0.0059439j -0.0192246-0.0257151j -0.0192783+0.066324j 0.0282732-0.0021723j 0.0361169-0.00314756j 0.00318948+0.0712242j 0.0273434+0.0128432j -0.0196932+0.0248518j -0.0325573+0.00646237j -0.00684125-0.00510578j 0.0156215+0.0143968j -0.00834218+0.0201452j -0.0497988+0.0507012j -0.0098584-0.00555644j -0.0302988-0.0231267j 0.0206757+0.0433441j 0.00317568-0.0265057j 0.000901027-0.0307313j 0.0476627+0.0195714j -0.0293028-0.0427103j 0.0149352+0.0146605j 0.029576-0.0067202j 0.0131488+0.0313321j -0.0472705-0.0232955j -0.016693-0.00699694j 0.0143162-0.0047139j 0.033724+0.0392153j -0.00797462+0.0208081j -0.00234096+0.0111087j -0.0254019-0.0106153j -0.0245899-0.000238653j -0.00323355+0.0202077j -0.0094756+0.00181483j 0.00750003+0.00861329j 0.0025401-0.00246962j 0.0144236-0.0183423j -0.0130343-0.0230999j 0.0112503-0.0163111j -0.0185412+0.0147351j 0.0473789-0.0165961j 0.0311547+0.0289501j 0.00524794+0.0174859j -0.0284775+0.0213104j -0.0248528+0.00813018j -0.0341782-0.0172843j 0.00807804-0.0132634j -0.00294638+0.00511057j 0.00688261-0.0167975j 0.00856924-0.0266918j -0.00458263-5.35784e-05j -0.0128603-0.0191559j 0.0335056-0.0391752j -0.000387718-0.0121862j 0.000918184+0.0040819j -0.00297729+0.0017575j -0.002998+0.002877j 0.031758+0.0253849j -0.0248457-0.0468184j 0.0168265-0.0376572j -0.0339089+0.016277j -0.0156962-0.0115273j 0.0113586+0.0444276j 0.00503513+0.00267791j 0.00878673-0.0535673j 0.0370346+0.0416172j 0.0212147-0.0465449j 0.0259297+0.00949125j 0.00571527-0.0495756j -0.0712679+0.0240599j 0.0662484+0.0313567j 0.00976697-0.029698j 0.0404765+0.00818773j 0.0596319-0.101284j 0.0736312+0.037252j 
-0.0083722+0.00039897j -0.0124709-0.00202616j -0.0124793+0.00242224j 0.0137417+0.0319015j -0.0232212-0.0254633j -0.0889135+0.0133776j 0.0141969-9.51375e-05j 0.0273471-0.0174117j -0.0365765-0.0507945j 0.0359974-0.00254989j -0.00450651+0.0295062j -0.0191197+0.0307247j 0.0236608+0.0692465j 0.00201414-0.00331571j -0.00122001+0.0424012j -0.012964-0.071797j 0.0785622+0.000638665j 0.000465412-0.00611194j -0.0323649+0.0101548j -0.0619021+0.131763j 0.00343082-0.0299695j 0.0273105-0.0717318j 0.0213776-0.0417025j -0.0332523-0.00967235j -0.107219+0.0625763j -0.0439973+0.0239637j 0.00883267-0.0473613j -0.0581472+0.0034893j -0.0889581+0.021061j -0.0676026+0.0104404j -0.0425949+0.0182775j -0.0093576-0.0293275j 0.00466929+0.071972j 0.0124631+0.023j 0.0411191+0.0256482j -0.0487146-0.0256196j 0.0185723-0.0491123j 0.0370317-0.0131787j 0.0422667-0.053671j 0.011955-0.0850848j -0.0469592-0.0478659j -0.00271866-0.0164372j 0.00922655-0.00475293j 0.0235581+0.0307352j 0.0713664-0.0522425j 0.0344768+0.031287j 0.114518+0.101854j -0.00868827+0.0467031j -0.0425611-0.0431058j 0.0769041+0.0710481j 0.0401756-0.055098j -0.000495317-0.0613756j 0.0202322-0.0335068j -0.0550349+0.03791j 0.0118143-0.00612159j 0.00601095-0.0144534j -0.0198433+0.0315379j 0.0270974-0.0165832j 0.0315962+0.00476123j -0.0486858+0.00566423j 0.0630094-0.00647626j 0.0218542-0.00562274j -0.00944249+0.0346641j 0.0480646-0.02773j 0.0297415-0.0223249j -0.0005401+0.00155047j -0.00118298-0.0143695j -0.0115313-0.0124367j 0.0157944+0.011155j -0.0023518-0.00475535j -0.000270007-0.0193284j 0.00236204+0.0161996j -0.00482089-0.0184668j 0.00351653-0.00268827j -0.00901719+0.00622387j -0.0160616-0.00954142j 0.00796806-0.0432584j -0.00109074-0.000556298j -0.0272787+0.0189522j 0.0275255-0.00608286j -0.0107386-0.0111682j 0.0115263-0.0243892j -0.0246565-0.0196931j 0.024739-0.0172278j 0.0167492+0.0126243j 0.0101538-0.00514188j -0.0116045+0.0171407j 0.0191133+0.0129163j 0.0138502-0.0460584j -0.00921802+0.0269875j -0.0260494-0.0254914j -0.0072916-0.0207354j -0.0188375-0.0192935j -0.00233809-0.0123057j 0.00510193-0.0208626j -0.0185115-0.0176533j 0.0155711-0.0200623j -0.0333235-0.0215825j -0.00286884-0.0255567j -0.00259519-0.0227054j 0.00252697+0.00186706j -0.0132268-0.0222634j -0.0307062+0.0267187j 0.0375563-0.0254217j 0.00652947-0.00744485j -0.00303073+0.00506095j -0.0210725-0.0123745j -0.0159573-0.0168782j -0.0280206+0.00909625j -0.0530901-0.00956549j -0.0348071-0.01095j -0.00774061+0.0478852j 0.0182807+0.00649987j -0.000570291+0.00522611j 0.0444426+0.00870428j 0.0378067+0.0741054j -0.0083723+0.00353806j 0.00103617-0.0193012j -0.0260703+0.0356929j 0.0286892+0.0246607j 0.0311797+0.0395392j -0.000450733-0.00309123j 0.0194287-0.00507927j 0.0210848-0.00561849j 0.00538253-0.0211829j 0.012969-0.00191445j 0.0115237-0.016478j -0.00463133-0.0336932j 0.0134686-0.00382481j -0.000145982+0.0153631j -0.018145+0.00716932j 0.0322463-0.0199325j 0.0161012+0.0254543j -0.0065033-0.0269039j -0.0116009-0.0227788j -0.033437-0.0369141j 0.012202+0.0031766j 0.018251+0.0235567j -0.011942-0.0072593j 0.0168206+0.00473944j -0.0233624+0.0122954j 0.0108503+0.00932535j 0.00141224+0.00421642j 0.0167781+0.00582163j 0.010366-0.00505816j 0.0128282-0.0347812j -0.00654603-0.0285008j 0.00423915+0.0277996j 0.0154778+0.027573j -0.0225113-0.0212373j 0.00440355-0.0160116j -0.00645006+0.000129081j -0.0172025+0.0228329j -0.0116062-0.013953j 0.00658729+0.0210375j -0.00917859+0.00194544j 0.0101411+0.00411923j -0.0136727+0.023451j 0.0123631-0.0296757j -0.0151336+0.0397359j -0.0225929+0.0234883j 0.0331305+0.016266j -0.0185019+0.0015044j -0.0309605+0.0160396j -0.0667224+0.0174227j -0.0341308-0.0165598j -0.0128148-0.00530898j -0.00365008+0.00852913j 0.00590544+0.0126262j 0.022676+0.00465794j -0.0132272+0.00341727j 0.00804655+0.00833201j -0.0225898-0.0144164j 0.0164952+0.0185087j 0.0251137-0.0154304j -0.0250878-0.00713777j -0.00218511-0.00808196j -0.00731616+0.0043351j -0.0327733-0.000797532j 0.0151946-0.0232188j -0.0123016-0.00947418j -0.000478723+0.0264676j 0.0095056-0.0164739j 0.0162386+0.00370106j -0.0142566+0.0184233j 0.0247945+0.0126384j 0.0146406+0.00677004j 0.00578908-0.00593031j -0.0395649+0.000994963j 0.0238395+0.011716j -0.0206118+0.0201358j 0.000736096+0.0237033j 0.0226231+0.0490098j 0.0445081-0.0412894j 0.026417+6.3564e-06j -0.00495101+0.0275404j 
-0.0241271+0.0118407j -0.00394011-0.0118084j -0.00201388-0.0204248j 0.0238763-0.0351082j -0.0178385+0.0182788j -0.00461786-0.0321143j 0.00729354-0.0145367j 0.000874298+0.0118625j 0.0431425+0.024541j 0.0647308+0.00614788j -0.00444983+0.0541814j 0.0201966-0.0373263j -0.00898048-0.0227479j 0.0172431+0.0323569j -0.00524648-0.0343182j -0.0575191+0.0352082j -0.0823558-0.00990746j 0.048971-0.00237027j 0.0238889-0.0334254j -0.00401557-0.0426791j -0.052924+0.062583j -0.077745+0.062889j 0.0228656-0.0222993j 0.00983268+0.0518839j 0.21853-0.208232j 0.0806597+0.0289133j -0.0879683-0.0209871j 0.0331051-0.108187j -0.0234198+0.0326083j -0.150701-0.010639j 0.0091186-0.0957574j -0.0486126+0.0923548j -0.00229863+0.00305564j -0.0967963+0.0103203j 0.00247502+0.0148721j 0.0206617+0.0524659j -0.0466462+0.0272696j -0.0321562-0.00920528j -0.0331161+0.0165461j 0.0161659-0.0215557j -0.0217249+0.031714j 0.0250881+0.0233891j -0.0774152-0.0313517j -0.00752674-0.0213318j -0.133314+0.0190016j -0.0690462-0.0995849j 0.0780159+0.0749655j 0.0471495-0.094189j 0.023924+0.0426291j 0.0303528+0.0515803j -0.0350279-0.0150775j 0.0708256+0.0412935j 0.0417377+0.0256235j 0.00958083+0.0219756j 0.000242535+0.040834j 0.00427865+0.0277936j -0.00566098-0.0296478j 0.0224498+0.01813j 0.0284917+0.00940963j -0.0191019+0.00795526j 0.00589613+0.0175556j 0.0236204+0.0301879j 0.0396638+0.0294735j -0.018269-0.0541584j -0.0385749-0.0228764j 0.0248941+0.0163012j -0.0251279+0.0195722j -0.04833+0.0094848j 0.0270642+0.0213996j 0.014447+0.0242602j 0.019442+0.000459409j 0.0303441+0.0053158j -0.0262245-0.00679167j -0.00819445+0.00381469j -0.0132949-0.00368209j -0.0127013-0.00810376j -0.00753128-0.00732053j 0.0142615+0.0625948j 0.0224421+0.00101059j 0.00154475+0.0331717j 0.0124847+0.0329979j -0.00353512+0.0107223j 0.0004355-0.0289767j -0.0104432-0.00136377j 0.00221253+0.0167171j 0.0302608+0.00327999j 0.00918785+0.0176463j 0.0139643+0.037947j -0.00428385-0.0131983j 0.0138668+0.0112247j 0.00114459+0.00544535j -0.0090552-0.00107118j 0.00977086+0.00763678j -0.00915646+0.0208822j 0.00382606-0.029392j 0.0092497+0.0249598j -0.00584935+0.0192649j -0.00764523+0.0129245j 0.0192954+0.0180908j 0.0160529-0.0074426j 0.0636787+0.00430238j -0.0200223+0.00109616j 0.00281758+0.0134401j -0.0185161-0.0349481j 0.0182894+0.0127278j 0.0734193+0.0212003j 0.058227-0.0117537j 0.0149881+0.000924063j -0.0308088+0.00120417j -0.0269537+0.0137864j -0.029873+0.00711084j 0.0125886-0.0194819j -0.0205835+0.00642153j 0.0174486-0.0226385j 0.0127069+0.00100358j 0.0141839+0.0185654j 0.0223306+0.035465j 0.00370083+0.0108806j -0.0333695-0.00717079j -0.0246124+0.0185505j -0.0330799+0.0231392j -0.0199965-0.00633004j 0.00239837-0.0193171j -0.000111401+0.0083954j -0.00267031-0.00210591j 0.0172113+0.0056187j -0.00252697+0.0075895j 0.0120529-0.00303144j -0.00809034+0.00173691j -0.0146693-0.00491434j 0.0180557-0.00495401j 0.00761121-0.0118592j 0.015189-0.00101111j 0.0116514-0.016493j -0.00151259+0.00544309j 0.0217344-0.0023958j 0.0158212-0.000912268j -0.0208637-0.00896977j -0.0039904+0.00838125j 0.00520617+0.0147971j 0.0245853-0.000987223j -0.0112643+0.00180801j -0.0208678+0.00190808j 0.00970459-0.0054953j -0.00225656-0.0083551j 0.00548938+0.000532357j -0.00159249-0.00773398j -0.0118711+0.0124067j 0.0014727-0.00481708j -0.0159024-0.0104859j -0.0198543-0.00182678j -0.0034831+0.00469343j 0.000191021+0.00245391j 0.00014041-0.0182156j 0.00415068-0.00518058j 0.0196593-0.00753437j 0.00853075+0.00201542j 0.003589+0.0107013j 0.00947093-0.00242632j 0.00447489+0.0039838j 0.0275537-0.00283503j -0.00369365+0.00468287j 0.00115344+0.00626386j -0.0263654-0.0127949j 0.00528132-0.0117962j 0.00783358+0.00885114j 0.0108432+0.0190028j 0.0125045+0.00893952j -0.00544641+0.0156835j 0.0262864+0.0222865j 0.0278034+0.00972017j -0.015942+0.0110256j -0.0126362+0.00921471j -0.00297296+0.00489694j -0.0098609-0.00917545j -0.0194447-0.0178091j -0.0336145-0.00465279j 0.00918912+0.0357762j -0.0331825+0.00845766j 0.0147411+0.00901374j -0.0331077-0.00520039j 0.0126188+0.00151266j -0.0132553+0.00682028j -0.0203008-0.0161308j 0.0152998+0.00157971j -0.0304646-0.0523636j -0.0113075-0.0375846j 0.0239913-0.00639985j -0.0104402-0.000116298j -0.0042195+0.0155563j 0.0124706-0.0275764j 0.0248806-0.0010261j -0.00615849+2.57991e-05j -0.00604801+0.0104062j 0.0069998-0.0152246j 0.0154249-0.0139516j 
0.000357077-0.0490387j -0.0622786+0.00135814j -0.0113945+0.00173051j -0.0255524-0.015704j -0.0119095+0.0367883j 0.0125204-0.0227125j -0.014927-0.00553025j -0.0179461+6.95092e-06j -0.0298077+0.0195075j 0.0163353+0.0322376j 0.00247314-0.0211652j 0.0343703+0.0134443j 0.0230341+0.055863j -0.0519506+0.0403315j 0.0500757-0.0104699j -0.0307525-0.0030601j 0.0499789+0.0100681j -0.0258049+0.0015715j -0.0031497-0.0411272j -0.0113711+0.00155955j -0.000740939+0.00517927j 0.015215-0.0246401j -0.000447832-0.0356117j 0.037619+0.0729577j -0.0456245-0.0908037j 0.178705-0.0206678j 0.00109198+0.0535084j 0.0128344-0.115735j -0.017426+0.104205j 0.0374422-0.068049j -0.0117506-0.0261196j -0.057633+0.0850528j 0.0227361+0.0377966j 0.029064-0.00939085j -0.0577748-0.0447265j -0.0299721+0.0600404j 0.0486603-0.0450149j 0.0334091+0.0686787j 0.0773499-0.0620459j -0.018724+0.0699828j -0.0234332-0.0177029j -0.0764666+0.0462035j -0.0328719-0.102802j 0.0919715-0.0316104j 0.00170872+0.0747088j 0.0258323-0.129133j 0.0780172-0.025213j 0.0860438-0.0354773j -0.154371-0.0286753j 0.0251571+0.0246423j 0.0983552+0.0729389j 0.0260643-0.00438035j -0.072433-0.0373141j 0.00126019+0.0586532j 0.0355873+0.0428473j 0.11087-0.0677256j 0.0271277+0.0398527j -0.104577+0.00984601j 0.0196741+0.00066098j 0.0180042+0.0233536j -0.0341557+0.0187994j -0.0422193+0.0985802j 0.00538904+0.0320022j 0.0254298-0.0389251j -0.0304418+0.0578838j -0.0357378+0.0464158j -0.0228943+0.000217059j -0.038019+0.0193572j -0.0208422-0.00132037j -0.034543+0.050464j -0.0327819+0.0337968j -0.0435256-0.00618582j 0.0203648+0.00134354j -0.0451894-0.0203385j -0.0293946+0.000496186j -0.0367921-0.00961008j -0.00457521+0.0119477j -0.0567585-0.00328655j -0.0229135+0.0131735j -0.00577784+0.0393899j 0.00481275-0.0055762j 0.0244538+0.0150984j -0.0189491+0.0175906j -0.00893155-0.00884684j -0.013807-0.0230459j 0.0567481-0.0242267j 0.008722-0.0178146j -0.0290457-0.020587j -0.0177929-0.00450613j 0.0525343+0.0363197j -0.0280814+0.0271134j 0.0360868-0.0341918j -0.0195293-0.0436447j 0.065356-0.0331661j 0.01473-0.0358696j 0.0342662-0.00161766j 0.0372815-0.0492645j -0.0408886-0.00267657j -0.00121667+0.0412547j 0.0336449+0.0229161j -0.028176-0.0101256j 0.061176+0.00715884j 0.0182671+0.0249232j 0.0561962-0.0513154j -0.000492027-0.0071264j 0.0473066-0.0113887j -0.0109912+0.0445587j -0.0554577-0.0462176j -0.00889172+0.0429638j 0.0167062-0.0241481j -0.021866-0.0182134j -0.0771436+0.0623342j 0.0526692-0.0281335j -0.0113216-0.0101337j 0.0239078-0.0386198j 0.0186922+0.0559879j -0.00312726+0.0372014j -0.0166378+0.0107455j 0.0171584+0.00861314j 0.0122946-0.00337093j 0.0557182-0.046195j 0.0148873-0.0583347j 0.0132543-0.00851124j -0.0207098+0.00289424j 0.00925617+0.0341563j -0.0142338-0.00554481j -0.0100965-0.0136487j 0.000312869+0.00407123j 0.0258329+0.0149633j -0.00877079+0.0208511j 0.0075474+0.0222244j 0.000306757-0.0305303j 0.0287298+0.00454974j 0.0034886-0.035575j 0.0234986+0.0073436j -0.0163496+0.000409718j -0.0166419-0.026849j 0.0295199+0.0104818j -0.0197088-0.00276698j -0.0052514-0.0136493j -0.0128526+0.00471766j 0.0067631+0.00520957j 0.0164535-0.00956515j -0.003584+0.012481j 0.0126777+0.0147087j -0.0171168-0.00875245j -0.00941451+0.0117096j 0.0373816+0.00966564j 0.024429+0.00345956j -0.01284+0.00449109j -0.000479771-0.00745143j 0.0007462+0.00669673j 0.0139265-0.00237602j 0.00937437+0.00308261j 0.0155353-0.00505294j 0.00120563+0.00825542j 0.00142352-0.00196783j -0.0131044+0.0051401j -0.0060799-0.0143128j 0.0156064-0.0126072j 0.00393689+0.0103261j 0.00188111-0.0291485j -0.00526232-0.0281537j 0.0119264-0.0018353j -0.0230071+0.0382883j -0.020126+0.0152557j -0.0177036-0.00444526j -0.0303396-0.00396675j 0.0214212-0.00162266j 0.0140112-0.0158425j -0.0412462-0.00389177j 0.0236946-0.0154899j -0.0190043+0.00963427j -0.00499914-0.0257037j -0.00568283-0.015518j 0.00121465-0.0217789j -0.00246088-0.0196387j 0.0314994+0.0111651j 0.0258353-0.0147737j 0.00710601-0.00180032j -0.0462645-0.020683j -0.0329635+0.0528599j 0.0722374-0.00221092j 0.0091544+0.0144836j -0.0177336+0.017447j -0.0141916-0.0144926j 0.0170497-0.00300548j 0.00359081-0.00453763j -0.0112642+0.0283441j 0.0127585+0.0039619j -0.0404404-0.0100204j -0.0297623+0.0429818j 0.0250374+0.0150738j 0.0398735-0.0184141j -0.0284283-0.051746j 0.0473989-0.0468569j 
0.0463286-0.0198662j -0.00666493-0.0141818j -0.0151855-0.0515479j -0.0212313+0.00835182j 0.0443218+0.0125384j 0.0170005+0.0270162j -0.0230476-0.0353252j 0.0263703-0.00864405j 0.0218981+0.00321628j 0.00555651-0.0323328j 0.0283675-0.0504369j 0.00793062+0.0176446j -0.00661097-0.01958j -0.0162084+0.00771645j 0.00378443+0.0302804j -0.00928484-0.0137173j -0.00564041+0.0289974j -0.0395334-0.0286388j -0.00141969-0.0260404j 0.0198732+0.0282905j -0.0303403-0.0272629j -0.0173524-0.00539814j -0.0358795+0.0266117j 0.0034994-0.0303342j -0.00624556+0.0552043j -0.00513973+0.0173063j 0.115193+0.029778j 0.0104606+0.00429969j 0.0552671+0.0346988j -0.0218932+0.030036j -0.0513848-0.0474927j 0.0800497-0.0533875j -0.0182283+0.00835465j 0.0231532+0.00465651j -0.110761+0.0202891j -0.0771926+0.0251049j 0.0440165+0.0395834j 0.0582195-0.0605123j 0.00981003-0.101517j -0.0296252-0.0400233j -0.036386-0.0256537j -0.0183175+0.141062j -0.0569016+0.0808462j -0.0652213-0.0606837j 0.0233016+0.0699009j 0.168211+0.0537778j 0.0367325+0.0220929j 0.0203813+0.0250509j 0.0224929+0.00294898j 0.00713502+0.00312829j 0.0385352+0.00754556j -0.0361606-0.0733804j -0.0218927-0.034934j 0.0356798+0.0601299j 0.0176427-0.00641667j -0.0482244-0.0408327j 0.0246273+0.0526368j -0.0240466-0.0105251j -0.00478339-0.0336551j 0.0531928+0.0319776j 0.0717515-0.0694704j -0.00502144+0.0185021j 0.0515567+0.0234631j -0.0145347-0.0161347j 0.0136517+0.0283338j -0.0226749-0.0357651j 0.0211856-0.000118705j 0.0283201+0.00991822j 0.0059466-0.010487j 0.0315902+0.0203845j 0.00218979-0.0206763j 0.0517368+0.00371942j -0.0121729-0.0161335j -0.0283903+0.045568j 0.0048722+0.0133366j -0.0511328+0.00786723j -0.0117672-0.0421912j -0.00310913-0.00245124j 0.0186546+0.00179481j 0.0727558+0.0219062j -0.0458707-0.00947578j -0.00497247-0.0101483j -0.0368632-0.0041197j 0.025117+0.0318224j -0.020386+0.0101109j -0.0631067-0.0632209j -0.036525+0.00430689j 0.00818062+0.0181909j 0.00983052-0.0363468j 0.0260172+0.0205039j 0.00319305+0.0210525j -0.0228843+0.00107835j 0.0111012-0.00068441j -0.0254606-0.043931j 0.0349998-0.0268617j -0.0278682-0.0246084j -0.046175-0.0478788j 0.0287602+0.0345441j 0.0111741+0.0385556j 0.0195659+0.0110229j -0.0340588-0.0224864j -0.00898718-0.000803968j 0.00112722-0.00295168j -0.0324791-0.0586443j -0.0151173-0.0366928j 0.0013476-0.0222009j -0.0566271+0.0575296j -0.0195425-0.0129123j -0.0174682+8.88208e-06j -0.0101226+0.0177867j -0.0364353-0.0101406j 0.0303145+0.00301569j 0.0150759-0.0147362j -0.0139635-0.0098873j 0.00369394+0.0192176j 0.00237151+0.0201123j 0.00137501+0.00902154j -0.022765-0.00457832j 0.014462+0.00446086j -0.00456678+0.0155568j 0.0136681+0.00643841j 0.0111944-0.00847227j -0.0134519-0.0231311j -0.00886194-0.00776311j 0.0357112+0.0155326j -0.0254272-0.00483694j -0.00473321+0.00268685j -0.00185737+0.0115349j 0.00617344-0.0142468j 0.0208867+0.0215158j 0.0129654+0.00893891j -0.00825753-0.0180356j 0.0136629-0.00816674j 8.33745e-05-0.0254118j 0.000525265+0.0114055j 0.00546091-0.00478885j -9.18229e-05-0.0249403j 0.0283399+0.026004j 0.0175924-0.00328125j -0.000982471-0.00261993j 0.0216056+0.00611629j 0.00404203-0.0180407j 0.0125575+0.000737265j -0.00247165+0.0190493j 0.00494721-0.00601663j -0.0115599-0.00679377j 0.0176696-0.00740905j -0.00544949-0.0168215j 0.0164115+0.00688796j -0.0030323+0.0139586j -0.00965703-0.0132165j 0.00418749+0.00674596j 0.0280601+0.00182372j 0.0249844-0.0232527j 0.0177165+0.0223795j 0.0154419-0.0310073j 0.00141094-0.00751432j 0.00823343-0.00818396j -0.00152803-0.0146808j -0.0133765+0.00320712j -0.0168116+0.00659575j 0.0055676+0.00483722j -0.033618+0.00959054j 0.0110059+0.00148051j -0.00397431+0.015636j -0.0234504-0.00102239j 0.00893509-0.0182747j -0.00257568-0.0197145j -0.0176984-0.00800916j -0.00757053-0.019061j 0.00223501-0.027994j 0.00530536-0.0148923j -0.00697469-0.0122342j -0.0408259+0.0443475j 0.00607355-0.0178872j 0.0164731+0.0479952j -0.0118316+0.02918j -0.015537-0.0153409j 0.00990265-0.00374652j -0.019214-0.0198419j -0.0169729-0.00576582j 0.0133299+0.0101024j 0.00489438-0.0351323j 0.0170538-0.00435896j 0.0377754+0.00420083j -0.00207683+0.0222371j -0.00380796+0.00930352j -0.0104354-0.0229537j -0.031111+0.0229995j 0.0210812+0.0394561j -0.0148233-0.000758937j -0.00970818+0.0137226j -0.0408366+0.00520223j -0.0262398+0.0401812j -0.00738341-0.0270994j 0.0138819+0.00894492j 
0.0167625-0.00532944j 0.0141623+0.0117098j 0.00796208-0.00933559j -0.0112266-0.0102619j 0.0252378+0.000757313j 0.0203312+0.0182267j 0.0012068+0.0165323j -0.0202445+0.0158049j -0.0135952-0.0236289j 0.0145606+0.0205493j 0.0589745-0.0519776j -0.00706583+0.0408697j -0.049417-0.0484056j -0.0096974-0.042917j 0.0390975+0.0142333j 0.0403003-0.0404218j 0.0473474-0.0242256j -0.016999+0.0134689j -0.0547273-0.0431075j 0.0324731+0.0454088j -0.00292381+0.0170338j 0.023574-0.0399467j -0.00556255+0.00484714j -0.0205652-0.0305302j -0.0817598+0.030238j 0.0161717-0.0216222j -0.0524269-0.0316672j -0.1062+0.000322044j -0.00739765-0.0289179j 0.0536743+0.0127591j -0.0900006+0.0658634j -0.0165652-0.0453519j 0.140836-0.0206109j -0.033929+0.026271j -0.0251158-0.02265j 0.0128319+0.0330123j 0.0755077-0.00788089j 0.190471+0.0664883j -0.0517952-0.00501609j -0.0154246-0.0472636j -0.0345392-0.131953j 0.0414599+0.106147j -0.0484033-0.0427136j 0.0626644-0.0662354j 0.00504871-0.0946291j -0.0927949-0.150991j 0.0986713+0.109042j -0.10605+0.0309585j 0.0201966+0.0424792j 0.0796633+0.013314j -0.0320146-0.0263885j 0.0399384-0.0361726j -0.0154129+0.0269261j 0.0334014+0.00192034j 0.0400078+0.00355352j 0.0369838-0.00561958j 0.0214553+0.0172528j -0.0222226+0.0345362j -0.0253816-0.0460079j 0.0206374-0.0343996j 0.075461-0.0324966j -0.0159903-0.0204171j -0.000581326-0.00679721j -0.0908184-0.000145586j 0.0361163-0.0127314j 0.00606099+0.00591126j -0.0303675-0.0208713j -0.0109569+0.0291137j -0.00741779+0.0053083j 0.0315965+0.0269187j 0.0089949-0.00609037j 0.0358484+0.0107344j -0.00327531-0.0132462j -0.0307389-0.00311156j 0.030795+0.0328368j -0.00180603+0.0273104j -0.0379285+0.0155352j -0.0133478+0.0332321j 0.0493947+0.0263555j -0.0144455-0.0236858j 0.00508809-0.0073182j -0.00616844-0.00610268j 0.00172287+0.0247131j -0.0166837-0.0250893j 0.0030754-0.000194352j -0.0266446+0.0184687j 0.035066-0.0124309j 0.0110455+0.00729187j -0.0415578+0.0117647j 0.0168408-0.0277461j 0.00625997-0.00716899j -0.0183365-0.0121172j 0.0188604+0.015373j -0.0107068-0.00437544j 0.00601845+0.0301529j -0.000744848-0.00570564j -0.0221576+0.0258892j -0.0183549+0.0192176j 0.000571186-0.003115j -0.0150037+0.0269324j -0.0329729-0.0228441j 0.0335923-0.0112814j 0.0350037+0.00938071j -0.0182389+0.00621842j 0.0423127+0.0148581j 0.00432775+0.0143587j 0.0159579+0.0549709j -0.0449484-0.0252727j -0.0116859+0.0340479j -0.00631425-0.018918j 0.050102+0.0114653j -0.00207045-0.00262433j -0.00552134-0.0357069j -0.0308963-0.0135412j 0.00391894-0.0265016j 0.0181565-0.0195669j 0.0153587+0.00783959j -0.0173019-0.0166403j 0.0254136+0.0145465j 0.0224227-0.0234084j 0.0185042-0.0312429j -0.00206317-0.000198681j -0.0289674-0.00957659j 0.0189371-0.0179061j 0.0100413+0.0209502j -0.00340572-0.00422368j 0.00725406+0.0386635j -0.00988303+0.00978383j 0.0335622+0.00859746j 0.014646+0.00967844j -0.00706673+0.00968994j -0.00334945+0.00127018j -0.0306643-0.0114262j -0.0296249+0.0143647j 0.0288332+0.00878247j -0.018178+0.0260754j -0.00262216-0.0147988j -0.00619244-0.00141488j 0.0112183+0.0154713j 0.0188712-0.0122872j -0.00338582+0.0187157j -0.000340204-0.0222452j 0.00700854-0.00300075j 0.00115542+0.00302255j 0.0118191+0.00438717j 0.0104482-0.00493475j 0.01223+0.00279298j 0.0113908-6.67313e-05j -0.0140266-0.016598j -0.0130209+0.0117116j -0.019565+0.00705388j 0.00669121+0.00989801j 0.00462109+0.0191007j -0.0117295+0.0152959j 0.0178006-0.0203709j 0.0198534-0.00407847j -0.000719865-0.00744063j -0.019402+0.000394462j -0.0282765-0.0102984j 0.0177994+0.00314983j 0.0227504+0.0111931j -0.0226087+0.00402226j -0.0058569+0.00452445j 0.0042443-0.00395158j 0.0288381+0.0244288j 0.0190451-0.00618644j -0.00377923+0.00710273j 0.0132341+0.0135207j 0.00373396+0.0180639j -0.00769827+0.0258682j 0.00319668+0.005804j -0.0263141-0.00110367j -0.00386949-0.00344289j 0.00872854+0.0207991j -0.00399444-0.00141813j -0.0198476+0.0429341j 0.0419791+0.0330041j 0.00322272-0.0205989j 0.0406865+0.0169454j -0.022212-0.0225136j -0.0542873-0.0324066j -0.0097477-0.00399482j 0.0202628-0.0213399j 0.00242092-0.00199079j 0.0192446+0.025325j 0.0119771-0.00237525j -0.0289845+0.0160022j -0.00352024+0.014126j 0.0250044-0.00583722j 0.0175852+0.0124692j -0.0417814-0.0124415j -0.0384267+0.0341268j -0.0137393-0.0348561j -0.0600356+0.0136466j -0.00934973+0.000584745j -0.00977889+0.0115686j 
-0.016166+0.0235207j 0.0180304-0.00763691j -0.000355961-0.0118241j 0.0209785+0.0146714j -0.0490121+0.0130843j -0.00477701-0.0100678j -0.00965265-0.0228684j 0.0172666+0.0194033j -0.0278594-0.0139825j 0.0235824+0.0600281j 0.0156068-0.0624122j -0.00321331+0.0148576j -0.049621-0.0985068j -0.0341219-0.000609784j -0.0215209-0.0248119j 0.024827-0.0666736j 0.043803+0.00109855j 0.0147047+0.0592405j -0.0188125-0.0499081j 0.0766027-0.0251505j -0.0395708+0.0501145j 0.011074+0.0220382j -0.0145921-0.0408157j -0.0704231-0.0320381j -0.0774682+0.0229292j -0.0208824+0.0139681j 0.0340197-0.142939j -0.0294945+0.0265577j -0.0764364-0.0638005j 0.0681845-0.0675265j -0.00976799-0.00204908j -0.0515995-0.0723539j -0.0205545-0.00509276j 0.0372862-0.00143772j -0.113572+0.0513912j 0.0211126-0.0422582j -0.0478163-0.0394533j 0.168351+0.0392492j -0.0359819-0.02529j -0.0766036+0.0181153j -0.102896-0.116936j -0.148807+0.00685529j -0.149552-0.146994j 0.0357336-0.10375j -0.00220029-0.218464j 0.00746191-0.113882j 0.0476613-0.0456245j -0.0127153+0.0762492j 0.0521517+0.134825j -0.00338883+0.0107033j -0.0333567+0.022701j -0.01834-0.000532508j 0.00250142+0.13038j 0.060968+0.00141482j 0.0113293-0.0420381j 0.0904397+0.0842133j -0.031597-0.0310852j -0.0356279+0.0546436j -0.0456112+0.0384731j -0.0326719-0.0495903j 0.0125748+0.0306484j 0.00254695+0.0132445j 0.0253868-0.0162397j -0.0473803+0.0336532j -0.0201414-0.00835129j 0.0249559-0.00763662j -0.0291284-0.0256214j 0.00619335-0.00337537j -0.00839165+0.000474088j -0.0282951+0.0132137j -0.0260031-0.00310568j -0.0243407+0.00384605j -0.0451159+0.00286415j 0.0379923-0.00113199j -0.00264393-0.0350406j 0.0359592+0.00431307j 0.0127598+0.0361007j -0.00398141+0.00392434j -0.00101991-0.00229683j -0.0357987-0.0485522j -0.031546+0.0104229j 0.00190613+0.0213849j 0.0161673+0.0732944j -0.0532869-0.0189834j -0.0361662-0.0748102j 0.0249039+0.0183606j -0.00572367-0.027886j 0.0137169-0.0651785j 0.031373+0.0433744j -0.00830079-0.00721204j -0.00891248-0.00179207j -0.0364429+0.0349365j 0.0133182+0.0207046j -0.0148988+0.0180249j 0.0397061+0.0167341j 0.0340732+0.0106656j 0.0118551+0.0227668j -0.0127269-0.0163436j -0.0292802+0.0095336j 0.0287003+0.00504317j -0.0121183+0.00472703j -0.0277048-0.0434459j -0.0126285-0.0128483j -0.00364968+0.00851451j 0.0220196+0.00332662j -0.00176169+0.0213904j -0.0273751+0.0483903j -0.039878+0.036788j 0.0799846+0.0103269j 0.00864531-0.00623206j 0.0201968+0.0217476j -0.00858772-0.0336543j 0.0254618-0.0225994j -0.021649-0.0222719j -0.0344632+0.0140441j 0.0128492-0.0300804j -0.0190727-0.0293696j -0.00545383-0.0131216j 0.0227994-0.00494151j -0.00990358-0.0100111j 0.00515958-0.0175865j 0.0117683+0.0191288j 0.00587624-0.0136752j -0.0014619-0.0179172j 0.014324+0.00303233j -0.0219253+0.0256368j 0.0131606+0.0423582j -0.0188749+0.0231405j 0.0348218+0.00608798j 0.00522251-0.0332094j 0.0124557-0.016313j -0.0196184+0.030672j -0.0181747-0.00940528j -0.000387788+0.0398824j 0.0041657-0.00448692j 0.0249769+0.0258441j -0.00492798-0.000192862j 0.00771224-0.0137345j 0.0252107+0.0126879j -0.012105-0.00141067j 0.0357268+0.00598849j -0.00531906-0.0366015j -0.0156909-0.00236609j -0.00503035+0.00597874j -0.0201636+0.000241791j -0.0172702+0.00424699j 0.0164501+0.00406431j 0.00267976+0.0049174j -0.0145365-0.01724j -0.00733559+0.00167228j -0.00996104+0.00844817j 0.00632801+0.0074923j -0.0150484-0.0283295j 0.00695699+0.00793238j -0.00554336-0.0376218j 0.0112233+0.0283795j 0.00181418-0.00361905j 0.0135689+0.0166077j -0.017006-0.00188686j 0.000329474-0.00175233j -0.00168687-0.010759j -0.0226028-0.00687898j -0.00519301+0.00212139j 0.00416748-0.00520518j -0.00169135+0.00669319j -0.025159-0.0053626j 0.00280866+0.0153851j 0.0396725+0.0193109j 0.00262995+0.00561781j 0.0188252+0.00275863j 0.0147522+0.0273993j -0.0313235+0.00167374j -0.00568179+0.0126344j 0.0239472+0.0136783j -0.0219111-0.0113516j 0.0103025-0.00425829j -0.000791612-0.014588j 0.00643654+0.0300477j -0.01656-0.0199607j 0.0293779+0.0201844j -0.0147314-0.0167435j -0.0147467-0.0184376j 0.0313635-0.039706j 0.00361519-0.00468509j 0.0455029-0.0094703j 0.00571979-0.0177388j -0.00880502-0.0351506j -0.0314373-0.0121824j 0.0173116+0.00960304j -0.0579036-0.0363409j 0.00665672-0.0141012j 3.49615e-05+0.0135033j 0.0193782-0.0426742j -0.0241074-0.00563006j 0.0259586+0.015443j 0.00231271+0.0346219j 
0.0234342-0.0194795j -0.00633965-0.00374309j -0.0135433-0.01952j 0.00705677-0.00667249j -0.0180039-0.038265j 0.0116441-0.0279084j 0.0143559+0.00826239j -0.0062521+0.0100269j -0.00451749-0.0216134j 0.0233047+0.0246284j -0.00953198-0.0245348j 0.0283945-0.0208787j 0.0691658+0.00270048j 0.00821097+0.0280644j -0.0101179-0.0237265j 0.00263439-0.0174738j 0.016768-0.0442459j 0.00206221+0.0215771j -0.0384833-0.0100995j -0.0807804-0.00622497j -0.0139339+0.0449331j 0.00895009+0.0715368j -0.0382564-0.0606762j 0.00249506+0.0498829j 0.0373546-0.0483637j -0.0379784+0.0305315j 0.0479363+0.0223331j 0.00310193-0.0291396j -0.0416942+0.0197494j 0.00223805+0.0239002j 0.0736558-0.0196024j 0.0928597+0.0678966j 0.053034+0.0429953j -0.00658632-0.0102707j 0.0442805+0.0361044j -0.05339+0.0537239j 0.0766183-0.116789j 0.0438432-0.00786141j -0.0223457+0.00349316j 0.0482305-0.0294806j 0.0593364+0.0305453j 0.109421+0.0744498j -0.0580755-0.0368974j -0.00811074+0.00248265j -0.0337674+0.0764875j 0.0173004-0.0638247j 0.0169651-0.0451608j 0.0564977+0.0262405j -0.0556402+0.0157088j -0.111447+0.039463j -0.0492156-0.0126215j -0.040873+0.0537143j -0.128996-0.0539117j 0.00888885+0.0143351j 0.00588562+0.0387842j -0.128384-0.073452j 0.0333915+0.00531524j 0.021644+0.0174113j 0.0125127-0.0411843j 0.00492878+0.0246541j 0.0303737-0.0671029j -0.000434476+0.023089j -0.0218151+0.0457062j -0.0294261-0.00393603j 0.0572771-0.0114295j 0.0248854-0.0250085j 0.0278507-0.0015355j -0.00930877+0.00475665j 0.0127609+0.0201478j 0.0404609+0.030007j 0.0234904-0.0161844j 0.0242641+0.0094913j 0.0118486-0.0250263j -0.0389801+0.0205161j 0.0221184+0.033668j -0.00461718+0.028871j -0.000570865-0.0127285j -0.0314908+0.051149j 0.00427228+0.00401391j -0.0278764+0.0120121j 0.00730448-0.00108493j 0.00162818-0.0225467j -0.0232891-0.00900257j 0.000274869+0.0048121j -0.0501625+0.00506302j -0.0463003-0.0033004j -0.0298217+0.00425628j -0.00572422+0.0517232j -0.0208844-0.0221769j -0.000994662+0.0203492j 0.0296166+0.0133475j -0.0129909-0.00239018j -0.0182819+0.0132017j -0.0431993+0.0139826j 0.0157468-0.018393j -0.0228962-0.046179j -0.0223878-0.0393048j 0.00253374-0.0208522j 0.0119335+0.0583356j -0.0185487+0.00480736j 0.0416371-0.00601637j 0.000639026+0.0269811j -0.00754707+0.0263166j -0.0140313-0.00602836j -0.0144331-0.0216951j -0.00769037-0.0569287j -0.0169169-0.0298731j -0.00863305+0.0381466j -0.0486126-0.0103151j 0.0269575+0.0509853j -0.00375638+0.000323663j 0.0549879+0.0490465j -0.0220606-0.0180178j 0.0623746+0.00428061j -0.0124458+0.00897218j -0.0154122+0.00405651j 0.0427001+0.0147481j -0.00908248-0.00460566j 0.0357296+0.00831856j -0.0173611+0.0129216j -0.00533678+0.0434901j -0.00448318+0.00491306j 0.00417593+0.00897667j 0.0146959-0.0175433j 0.00265222-0.0161185j -0.00686211+0.00325988j -0.0146146-0.00225068j 0.00130394-0.0114743j -0.022859-0.0102007j 0.0377297+0.0296948j 0.00860839+0.00565974j -0.0151494-0.0201116j 0.0253859+0.0182085j -0.00539351-0.0224799j -0.0149684+0.00698858j -0.00389877-0.0196661j -0.00925162-0.00495646j 0.0050967+0.0135403j -0.0253253-0.0078818j -0.0124887+0.0123013j 0.0129688+0.0208818j -0.0146568-0.00368982j -0.00125953-0.00900733j 0.00843424+0.0269456j 0.000529892+0.00105358j -0.00760584-0.0129895j -0.0186633-0.0147714j -0.000111508-0.00721717j 0.0132807+0.0250575j 0.00344-0.0152774j 0.00675306-0.0130072j -0.0172826-0.00961696j -0.0136034+0.0299707j -0.00519176+0.00888186j 0.00223597+0.00780476j -0.0132225-0.0121862j -0.00208584+5.96945e-05j -0.00543553-0.00105227j 0.00278813-0.0167129j 0.000682707+0.0315422j -0.00441996+0.02318j 0.0220575+0.00280648j 0.0118938-0.00275245j -0.0023977+0.0120689j 0.0186083-0.00930847j 0.00401701+0.00639524j 0.0186644-0.00243969j 0.0100069-0.0126573j -0.00223709+0.010547j 0.0208401-0.00441491j 0.0116465+0.00816916j -0.0234582+0.00615705j -0.0170967-0.0189263j -0.00553072+0.0129979j 0.00283149-0.0245008j -0.0231813+0.00721038j -0.0385248-0.00293532j -0.0253918-0.00239118j -0.0160067+0.0118668j 0.00100345-0.00716289j 0.0485541+0.00943527j 0.0140694-0.00510235j 0.00913987+0.0158244j 0.0111354+0.00714149j 0.0155663+0.0160203j -0.0382769-0.0176734j 0.00958637-0.000186024j -0.0172013-0.0103258j 0.0261985+0.0304294j -0.0329038-0.024334j 0.0592586+0.0041515j 0.0363914+0.017865j 0.0423885+0.0581489j 0.0342312-0.0263972j 0.0183478-0.0492751j 0.0351895+0.0338321j 
0.0104132-0.00394943j -0.00442839-0.00935289j -0.00772998+0.000717356j -0.0141635-0.0137591j 0.0386241+0.035085j 0.0668132-0.0112717j -0.0136034+0.00171914j -0.0146983+0.0289848j 0.023031+0.0256197j -0.0135022-0.0626516j -0.000275963-0.00103413j 0.00702682-0.0558508j -0.0209676-0.0381444j -0.0284993+0.058446j -0.0239576+0.0222612j 0.00237181+0.0903113j -0.040628+0.0412851j 0.0408396+0.0640063j 0.0601008-0.0234747j 0.0317054-0.0903516j 0.0224128+0.0364377j 0.0583548-0.0498952j 0.0321574+0.0431254j 0.0137135-0.0263215j -0.0490217-0.00823003j 0.0691121-0.0813442j -0.0384161+0.093895j 0.0556895+0.0397897j 0.0654472-0.0251656j 0.031718+0.0430897j -0.0691945+0.00517705j -0.0500057+0.0262102j 0.011633-0.0880061j 0.0512576+0.0026036j -0.0384022-0.0556371j 0.0756621-0.0553185j -0.0289216+0.0701836j -0.0391339-0.0352005j 0.151369-0.0760763j -0.0677338+0.189895j 0.0273773-0.00940558j -0.0095675-0.0483017j 0.0295243-0.000636728j -0.0510775-0.0160351j -0.0108822+0.0868544j -0.00670914-0.0961735j 0.0718416+0.15081j -0.0149212-0.0314026j 0.0299099+0.0102353j 0.0163202-0.0736475j 0.0212423+0.0178436j 0.0554638-0.0322562j -0.0393293+0.0760659j -0.0340852-0.0412112j 0.0449741-0.0105978j 0.063786+0.0244418j -0.0474535+0.0102127j -0.0358044-0.016953j -0.0175903-0.00662263j 0.0489091-0.0011749j 0.0322466-0.0219648j 0.00736958+0.012558j 0.00380448-0.0127872j -0.0537078+0.0726251j -0.0134455+0.0291017j -0.0618698+0.0194632j -0.0114669-0.0265487j 0.0173969-0.00761802j -0.0156102-0.000674777j 0.00972863-0.0734095j -0.0149364+0.02089j -0.00148723+0.00564705j -0.0116856+0.0270942j 0.0124186-0.0203464j 0.0276228-0.0168471j -0.0100322-0.00766206j -0.0404097-0.0108362j 0.0470637-0.0473435j 0.0295098-0.0077219j 0.0221716-0.000448992j 0.00466127+0.0262672j -0.00247+0.0381926j -0.0362267-0.0307153j -0.00894529+0.00150006j 0.0524608+0.0223041j -0.00200411+0.0212295j 0.00381241-0.00271457j 0.0221687-0.0136534j 0.00455875+0.00754176j -0.0215457-0.022327j 0.00522006-0.00467136j -0.021974+0.025812j 0.0369351-0.00122464j 0.0286382-0.0644509j 0.0214536-0.0178298j 0.027016+0.00071838j 0.0152867+0.0241844j 0.0556639+0.0351285j 0.011316+0.0286764j -0.00481786-0.0247678j -0.0300239-0.000815813j 0.00758624-0.0341905j -0.00502834-0.0173179j 0.0141125+0.0109216j 0.0112413+0.0364367j 0.0209506-0.0118363j -0.026518-0.00646311j -0.0278736-0.0366808j -0.0154991-0.0112918j -0.0290667-0.0354504j 0.0132873-0.00980144j -0.006041+0.00468549j 0.0108178+0.0411857j -0.0365989+0.00722316j 0.013284+0.0499758j 0.0138013+0.0157657j -0.0275756-0.0375385j -0.037392+0.00686171j -0.0115027-0.0154158j 0.0353537+0.0326671j 0.0437051+0.0381964j 0.00452325+0.0176296j 0.00699283+0.00444886j -0.0231107-0.00271439j 0.0164547+0.0032216j -0.0132529+0.0183413j 0.00279857-0.0135734j 0.00910224-0.00454906j 0.0170926-0.00303523j -0.00845423+0.0191616j 0.00812782-0.00641408j -0.00795908+0.0113587j 0.00910697-0.00208031j 0.00899261-0.00138885j 0.0335545-0.0150038j -0.00287744-0.0247377j -0.00102718+0.00536098j 0.0239971+0.00325051j 0.000657729+0.00279537j 0.0116025-0.00358554j -0.0315955-0.0562318j -0.00132039+0.018972j 0.00401236+0.00668378j 0.00998584+0.00623798j -0.0047528+0.00661758j -0.00664967+0.00583487j 0.012848+0.0108586j -0.00104419+0.00232774j -0.00399678-0.0115074j 0.0164571+0.0112224j 0.0112953+0.0199616j 0.0101855+0.00695223j -0.0103482-0.00823803j -0.000577422+0.000829638j -0.00609902-0.00600074j -0.013419-0.0170814j -0.00391671-0.00300554j -1.79239e-05-0.0224671j 0.0112329+0.0100374j -0.0159784-0.0170644j -0.0171518-0.0258888j -0.00137032+0.0127182j 1.57029e-05-0.00667019j -0.00697794-0.00978824j -0.0207685-0.0327165j -0.00984123-0.0151185j 0.00123071+0.0183692j 0.00859317+0.0010189j 0.0129853+0.00189452j 0.00268286+0.00448646j -0.0137994-0.0259181j -0.0133811+0.00659738j 0.00608731+1.81677e-05j 0.00273062+0.0130374j 0.0126593+0.0232745j 0.00212864+0.00292995j 0.0135092+0.00238235j 0.000217319-0.0195672j 0.0312314-0.0173174j 0.0305538+0.00668415j -0.0276104+0.000982287j 0.00601537+0.00297117j 0.0324748+0.00133736j -0.0175719-0.00659396j -0.000655114-0.0233903j -0.0280668-0.00764949j -0.00315681-0.0207583j -0.0374783-0.0225166j 0.00525723-0.0148118j -0.0413194-0.00949044j -0.0308999-0.0189159j -0.027491-0.00530937j 0.00663858+0.026828j 0.0600948+0.0349227j -0.00753081-0.0133564j -0.0129983-0.021327j 
-0.00361379-0.0129129j 0.00422229+0.0020365j 0.013244-0.0367298j 0.0171826-0.029526j -0.0211424+0.0175584j -0.000515647+0.00564261j -0.0141602+0.00214712j -0.0104131+0.00269982j 0.000295443-0.0101911j 0.00217943+0.0509287j 0.00590931-0.0214157j 0.0607289+0.0264205j 0.0252843+0.0370842j 0.0236786-0.0409209j 0.0500257+0.0285147j 0.0277544-0.0210587j -0.0781479-0.00314117j -0.050841+0.0393723j -0.0244285+0.0245154j -0.00648972-0.000722273j 0.0326743+0.00512937j -0.0121554-0.0292944j -0.0105871+0.00500285j 0.0155269+0.0324566j -0.019566+0.0491283j -0.0485005+0.0151822j 0.105082-0.0153679j -0.00879378+0.0185658j -0.0962139+0.027961j 0.0429156-0.0695025j 0.0210577-0.0102672j 0.0192065+0.0554168j -0.0458194+0.0204579j 0.0010337+0.0526083j 0.0508124-0.0547217j 0.0826977-0.00543763j 0.000539242-0.0302931j -0.0790514-0.0179501j 0.0471233-0.105613j 0.00168189+0.0663325j -0.0544458+0.0253703j -0.0436369-0.149626j -0.0122694-0.0248449j -0.119063-0.0732877j -0.0777028-0.014911j -0.0357367-0.0549998j 0.115853+0.230768j 0.00436661-0.0391871j -0.0576954-0.0122887j -0.098847+0.0208919j 0.0964117+0.0479339j -0.0259164-0.0706854j -0.0451028+0.0307599j -0.00354418+0.000541713j 0.00486597-0.0224692j -0.111098-0.0611925j -0.0690141+0.0259984j 0.0734112+0.00850178j -0.0257065+0.036644j -0.0498887+0.0731894j 0.0756516-0.0416235j -0.0411372+0.0203825j -0.0204977+0.0753857j -0.0234529-0.00991847j 0.0150894-0.00296277j 0.0309891-0.0264318j 0.0526157-0.0202358j -0.0376844+0.0171418j 0.0369673+0.00202052j -0.0373377-0.0136211j 0.00661155+0.00312338j 0.0554957+0.00328721j -0.0419462-0.0311492j -0.00733366+0.00947319j 0.00880522+0.0207981j 0.0356338+0.00128657j 0.0194978+0.0198996j -0.0496898+0.00940125j 0.00819344-0.0522742j -0.0751772-0.021616j 0.0522277+0.0165459j -0.0274354-0.00395249j 0.0257002-0.0210075j -0.0303556-0.0320966j -0.0351039+0.0147666j -0.0207678-0.00101095j -0.00247957-0.0129734j 0.0114315-0.000133413j 0.0199833+0.0401621j -0.00458896-0.000426536j 0.010344-0.0152406j 0.011697-0.0238172j 0.0219841+0.000921371j -0.0486242-0.0677638j 0.0536162-0.0113131j 0.0124349+0.0362983j 0.00233353-0.016897j 0.0495772-0.012088j -0.0529019-0.028634j 0.0233652+0.00784403j 0.00841443-0.00821031j -0.00282452+0.0256778j -0.0225747-0.010768j 0.041626+0.00692608j 0.00773266-0.00448927j -0.00559741+0.00499821j -0.027602+5.02267e-07j -0.0566936-0.017119j 0.0311297+0.0117841j 0.0319696-0.0271827j 0.0293963-0.0223271j 0.0107171+0.0121643j 0.0389018-0.00387608j 0.0184696-0.0110793j 0.00453345-0.0328271j -0.0140107+0.028915j 0.000204173-0.00260341j -0.0318302-0.0224963j -0.000381218-0.0114433j -0.0122552+0.00398045j -0.0102752-0.00529269j -0.00303339-0.0128834j 0.0309556+0.00823266j -0.00536863-0.00817606j 0.029886+0.0139638j 0.0117263+0.00775699j 0.00251863+0.0013559j 0.0315858+0.0257041j 0.00476231+0.0180646j -0.0030873+0.00571638j 0.00915552+0.0179374j -0.0227348-0.0188581j -0.00628514+0.0217632j 0.00900488+0.0245116j 0.0153831+0.0143553j 0.00782146+4.28104e-06j 0.00491133+0.00583346j -0.00643437+0.00266018j -0.00687293-0.0030118j -0.0152741-0.00314747j 0.00504959-0.0269199j 0.0102506-0.00789507j 0.000617148+0.0015693j -0.0114866+0.0191827j 0.0225708+0.00600692j 0.00500085-0.0214642j 0.0320461+0.00544083j 0.00593503+0.00824256j 0.00997929+0.0202439j -0.00395387+0.00910355j -0.00270206-0.00273964j -0.0105712+0.00793135j -0.0314807+0.0112774j 0.0146036-0.00860993j -0.0165713-0.00938897j 0.019761+0.000326391j 0.00675537+0.000942149j -0.0235552-0.0135348j -0.00984577-0.0267886j 0.00119346-0.0027532j 0.010172+0.00580785j 0.0157921-0.0104696j 0.0145154-0.0225003j 0.0194803+0.0157502j 0.0129366-0.0221668j 0.0147552+0.0105775j 0.0329898+0.0105451j 0.0399028-0.0233357j -0.0259218+0.0137974j -0.000234135+0.0273982j -0.00894932-0.0176406j -0.017563+0.0109152j -0.0252833-0.0229272j -0.02433+0.00188535j 0.013858-0.0159231j 0.0196897+0.018172j -0.00107295-0.00190071j 0.0112103+0.0121347j -0.00176449-0.0192121j -0.0256631-0.020581j 0.000463309-0.0093453j -0.0254925+0.00143898j 0.00737733+0.0182488j 0.000863445+0.0120939j 0.0195525+0.00362493j -0.0190363-0.00937269j 0.0195274+0.021531j -0.0154291+0.0143042j 0.00378941-0.00655803j 0.00888692+0.0174147j 0.0240822-0.0229237j -0.0313045-0.000326355j -0.0377965-0.000319394j -0.00539839+0.0115884j -0.0243623-0.0329468j 0.0181083+0.00624397j 
0.0206808+0.0231245j 0.0106045-0.00206233j -0.0216915-0.0382952j -0.00660087+0.0209993j 0.0039048-0.0396109j 0.00994073+0.015339j -0.00273539-0.000100963j 0.00671224-0.000794486j 0.00843446+0.00657386j 0.0188975+0.0398229j -0.024242+0.00111135j 0.0246399+0.0393022j 0.0167452+0.0447197j -0.00970536-0.0118179j 0.0395019-0.0210089j 0.0247626-0.0503452j -0.0238232-0.041168j -0.00147419+0.0368409j -0.016053-0.0632225j 0.0313191-0.0247219j 0.025115+0.00721463j 0.00233727-0.0242895j -0.00225107-0.0224423j -0.0314445-0.0493095j -0.0138322+0.0325398j -0.0785825+0.0639101j -0.0447283-0.0258038j -0.0487928+0.00507025j -0.0228041-0.0785476j 0.016212-0.0462992j -0.104135-0.0559462j 0.0565058-0.0421844j 0.0109279+0.110211j -0.0214003+0.0437942j -0.0739822-0.00348805j -0.0240931+0.0422175j 0.111328-0.0561767j -0.170936+0.11501j -0.00870627-0.0440238j -0.0152654+0.0954389j -0.0133489+0.0403242j -0.150748-0.159595j 0.109148-0.0995155j 0.14436+0.117828j -0.0850427-0.0926807j 0.0159693+0.161483j -0.00341849-0.0817483j -0.0860986+0.144797j 0.0777246-0.0160062j -0.0744056-0.0121257j 0.00294033-0.0044802j -0.0390605+0.0105824j 0.00826808+0.0189492j -0.0117145-0.05875j 0.0262136+0.0170577j -0.0395992+0.0308186j -0.0120081-0.00810885j -0.0119301+0.0280073j 0.0419102+0.00856679j 0.0322462+0.0177301j 0.0227418+0.0541899j -0.0225157-0.0133425j -0.00624845+0.0130404j -0.0202371-0.0506776j 0.0376845-0.0625036j -0.0285145+0.00327515j 0.0265234-0.0123773j -0.0115176-0.0311464j -0.00463484-0.00485543j -0.0266353+0.0133397j -0.0147108-0.0285844j 0.021682-0.0612141j -0.0195875+4.048e-05j 0.0138834-0.0190658j -0.0106962+0.0207893j -0.00854216+0.0230357j -0.0464768+0.0151763j -0.0165458-0.00839756j 0.0152624+0.00703405j -0.00319507-0.0434712j -0.00349715+0.014177j -0.0404858+0.0454948j -0.062483-0.0311594j -0.00714134+0.0159746j 0.0693158-0.00901601j 0.0134415+0.0126934j 0.0628849+0.0147634j 0.0375855-0.0287402j -0.00845163-0.00947872j -0.0201875+0.00580314j -0.0465927-0.00313262j -0.00219803+0.0515906j 0.0110253+0.000307213j -0.0448797+0.0124122j -0.0168813+0.041273j 0.0318012-0.0272196j 0.00815656+0.0502794j -0.0114698-0.0320128j -0.00865827+0.00565535j -0.00289491+0.0637187j 0.000911291-0.0202785j 0.0057584+0.0715847j -0.0031771+0.0262619j 0.0118496+0.00377096j 0.036041-0.00193853j 0.0132835+0.0221955j -0.0141316-0.00503734j 0.00833555+0.00208743j -0.0181142+0.0290612j -0.0179149+0.030962j 0.0135093-0.0249645j -0.0328203-0.0477316j -0.0164533-0.0139956j 0.0129783+0.0183637j 0.0135769-0.00566491j -0.0142241-0.00616978j 0.0152406+0.0298083j -0.00812106+0.00398203j -0.0107497-0.00711961j -0.00553493-0.0299977j -0.0266561-0.0312025j 0.00425139-0.0018716j -0.00737306+0.00300188j 0.0295217+0.0345936j -0.000898918+0.0163295j -0.0066584-0.00152761j -0.0273937-0.00154963j 0.0213695-0.00119674j -0.00111363+0.00480488j -0.00801805+0.0085566j 0.010503+0.00927284j 0.00437317+0.0189606j 0.00332872+0.0114663j -0.000359907+0.0125531j -0.00340034+0.00328558j -7.96525e-05+0.00292254j 0.0151908+0.00995706j -0.00402772-0.00794088j 0.00669073-0.0148656j -0.0168436-0.00635643j -0.00455676+0.0363427j 0.029513-0.0135305j 0.0018359+0.00519716j -0.0160856-0.0276825j -0.0103034+0.00775792j -0.00111613+0.00967827j 0.00425928-0.0205662j 0.000917262+0.0145633j -0.0114697+0.00901284j -0.00868365-0.0208952j -0.00853433-0.0112736j 0.00262257+0.00278641j -0.00312259+0.0150053j -0.0058631+0.00645079j -0.0104214+0.0182722j -0.00511543+0.0139173j 0.009736-0.00582773j 0.00313299-0.00802479j 0.00746581-0.0150748j -0.011514+0.0116378j -0.000674608+0.00769836j -0.00537054-0.00825041j 0.0207874+0.0286138j -0.00921437+0.0206775j -0.00700033+0.00217863j -0.00135939+0.00897635j -0.0041362-0.00810725j -0.0103489-0.00205151j -0.00714954-0.00370355j 0.0309049+0.00949832j 0.00919211-0.00780897j -0.00964988+0.00939001j 0.00903725-0.00879608j -0.00432103+0.00295516j 0.00046815-0.00408437j -0.00871344+0.0149659j -0.00166066-0.00204918j -0.00593765+0.0272546j -0.0119469+0.00702896j -0.0231839+0.00216026j -0.00986392-0.0200999j 0.012072-0.0153434j 0.0146565+0.0127173j -0.00265898+0.0147774j 0.0141822+0.0139035j -0.0356144-0.0323627j -0.0296642+0.00934825j 0.00356076+0.00484699j -0.00134522-0.0125266j -0.0185632+0.00471931j 0.0235923+0.0326312j -0.00921496-0.027522j -0.0236241+0.000699515j -0.0254148-0.00679138j -0.0100923-0.0212046j 0.0204224+0.0240596j 
0.000240408-0.00513979j 0.00628234-0.00329349j 0.0169335-0.00711126j -0.0121843-0.00534984j -0.00782755+0.0103719j -0.0112435-0.00337852j -0.00285721+0.0250193j -0.00355384+0.0110547j 0.0357861-0.00744812j 0.0352206-0.0341706j -0.011018+0.0199459j -0.00291614-0.0220721j -0.00920518+0.00543722j -0.0189047+0.0300396j -0.0101067-0.0124571j -0.0130428+0.0210943j -0.0469755+0.0181791j 0.0426191-0.0509296j 0.0171532+0.019719j 0.0179112-0.011003j -0.00166805-0.0139083j -0.0248243+0.0152845j 0.0218109-0.00635361j -0.00299886+0.0192684j 0.00698287+0.0161697j -0.0431043-0.00492233j 0.0589901+0.0388665j 0.0434898+0.0130605j -0.0267249+0.0044163j 0.0281944+0.0275214j 0.104901-0.0238904j 0.0920689-0.00815892j -0.0969907-0.0361735j 0.0747515-0.0344072j -0.0670777+0.0267812j 0.0908427-0.0113588j -0.122493+0.0913244j 0.150514+0.168841j 0.0825719-0.0205543j -0.0472631-0.120322j 0.0762484+0.0923041j -0.145947+0.0955079j -0.0399832+0.0860318j 0.138053-0.0485833j 0.132605+0.100945j 0.0514926+0.141997j 0.0651252-0.0921969j 0.0129083+0.00647466j 0.0827607-0.0177245j -0.0160734+0.0113862j -0.050128-0.055224j 0.0233558+0.0505071j -0.0120773-0.00274292j -0.102693+0.0756902j -0.0201606-0.00966029j -0.0372752+0.0176017j 0.0164605+0.021326j 0.0472752-0.0559187j -0.0597346-0.0736001j -0.00462086+0.00767449j 0.0131737-0.0175866j 0.0115904+0.000983168j 0.054345-0.0145434j -0.0576293+0.00878563j -0.0658817+0.00703903j 0.0345069+0.0253688j 0.0133782-0.0206026j -0.00956737+0.00992378j 0.0228455+0.011031j 0.0601273+0.0255337j 0.0331649+0.0202268j -0.0309294+0.0355197j 0.00137601-0.00910125j 0.00613164+0.0327892j 0.0101293-0.00380094j -0.00400028-0.0481908j 0.0250287-0.0378571j 0.0255301+0.0310166j 0.0171306-0.0160221j 0.0604559+0.0168605j 0.00106181-0.0213063j -0.00241755-0.00660443j -0.07025-0.0132902j 0.00772247+0.0191218j 0.00814054+0.00906492j 0.0152157-0.027597j 0.0326107+0.0223074j 0.0365121+0.0301985j 0.00965352-0.0144431j -0.024798+0.011404j -0.0195-0.00249103j -0.0504701-0.0147499j 0.0212928+0.00742864j -0.0135427-0.00647382j -0.013486+0.00932518j 0.0147885-0.00609575j -0.0108608-0.0323j -0.0120605+0.0039609j -0.00740178+0.0239714j 3.01971e-05-0.0401215j 0.0300428+0.0514713j -0.0308856-0.0115151j -0.0094922-0.00255525j -0.0497492-0.0344796j -0.00223975-0.0254806j 0.0104639-0.011209j -0.057534-0.0295408j 0.0076879+0.0159225j -0.0309865-0.0405857j -0.0298523+0.0421828j -0.00804256-0.0387042j 0.04309+0.0126047j 0.00347271+0.022842j 0.0177323+0.00338082j 0.0382681-0.00440513j 0.00721475+0.00875922j -0.00950314+0.0225928j 0.00266673+0.00510683j -0.0341721-0.00496074j -0.0169936-0.00642892j -0.000808976+0.0358546j 0.00184472+0.0157596j 0.0127315+0.0068923j -0.0137283-0.0140659j 0.0137134-0.0109467j 0.00655811+0.0176878j 0.0114836-0.00617671j 0.00831508-0.0191429j -0.00258468-0.00684094j 0.0265335+0.0298236j 0.0132136-0.0255423j -0.00597136-0.01855j 0.0279915-0.0208386j 0.0117875-0.0032006j -0.0165466-0.000126141j 0.0214304+0.00785049j 0.0115355+0.00416662j -0.0372095-0.0107503j 0.0140808-0.0045759j 0.00271322+0.00570545j 0.015625+0.0235215j 0.0108252-0.0074482j 0.0122635+0.0085757j -0.00184289-0.0100856j 0.0050104+0.00427549j -0.00774981+0.00323402j -0.00470534-0.027136j -0.00623198-0.0128035j 0.00604384+0.00236209j 0.00213775-0.00601885j -0.0134329+0.0173022j 0.00274218+0.00297977j 0.00263886+0.0150885j -0.0029968-0.00880215j 0.00785751+0.0147689j -0.0125469-0.013715j -0.00346263-0.00698123j 0.0155144+0.00345566j -0.00990471+0.0236831j -0.0171634+0.00209869j 0.0061916-0.0197747j -0.00710195+0.00660317j 0.00680752+0.00805876j 3.77112e-05+0.0142419j -0.00783644+0.00504155j 0.0182798-0.0151541j -0.011363-0.00189781j 0.0369761+0.00187963j -0.0201152+0.0148169j 0.00365891-6.12099e-05j 0.00633798-0.0126098j 0.0124977-0.00233297j -0.00086179+0.00388434j -0.0058552+0.0154581j 0.0312873-0.00824235j 0.00396511+0.00233523j -0.0314891-0.00406091j -0.00179534-0.0109059j 0.00509216+0.0253092j 0.00507488-0.00850478j 0.0299972+0.0282711j 0.0110584-0.00304196j -0.0165034-0.0115462j -0.0104541+0.00734979j 0.0127238-0.0131814j -0.00323387+0.00931397j 0.0108518-0.00820378j -0.0111724-0.000859337j -0.0207993+0.00297489j 0.00854642+0.0200602j 0.00738213+0.011809j 0.0192688+0.00816424j -0.00981394+0.0247432j 0.0155006+0.00851649j 0.00600848+0.00216755j -0.0102068-0.00180773j 
-7.41605e-05+0.0133501j -0.00630427-0.00415897j -0.0229086-0.0232066j 0.00668883+0.0232005j -0.0202727-0.0397567j -0.00269808+0.0186383j 0.0110827+0.0231399j 0.026253-0.0191703j 0.0056621+0.0130206j 0.0112157+0.0420787j -0.0128366+0.0225209j 0.0175528+0.0153661j 0.04972+0.0582348j -0.0136274-0.0332768j 0.0107853+0.0346744j 0.00135858+0.00897106j -0.0511033-0.0235697j -0.000634924+0.0598193j 0.0656012+0.0555182j 0.0149599-0.0427955j 0.0397329-0.00067828j -0.0320828+0.0692322j 0.0154115+0.0282007j 0.0265937+0.00911494j -0.0108245-0.0155351j -0.070232+0.0220154j -0.0193052-0.076214j 0.0582412+0.0320747j -0.0400336-0.0671744j 0.019511-0.0701925j 0.0771948+0.00155976j 0.0265269-0.0867867j -0.16032+0.0848321j -0.00956237+0.043459j 0.1023-0.180191j -0.0508666-0.174979j 0.00106661+0.0133428j 0.15297+0.0521643j 0.0940345-0.0172493j -0.10433-0.0153794j 0.12357+0.0835283j 0.00880414+0.287672j -0.00188323-0.0439704j 0.10749+0.148543j 0.0259207-0.0635365j -0.14585-0.204547j 0.0965836-0.0430162j 0.105584+0.0319624j -0.022594-0.103975j -0.0163015-0.0375634j -0.0697461-0.0710939j -0.0393481-0.0508167j -0.0331582+0.0427631j -0.0228476-0.0863723j -0.0264978-0.00378202j -0.0666141+0.0163737j -0.0394022-0.0311663j -0.0213312-0.0833857j -0.0850306+0.074549j -0.04516+0.0314537j -0.0371116+0.0751511j -0.0496402-0.0305307j -0.0417972-0.014294j 0.0500523-0.0194923j -0.0373191-0.0163714j 0.00473767-0.043242j 0.0294806-0.0183526j 0.0107607-0.0398762j -0.000749147-0.00438762j -0.026584+0.0166116j 0.0033986-0.0342624j 0.00363668-0.0197609j 0.0231679+0.035215j 0.00204967+0.010268j -0.0509824-0.0332451j -0.0139186+0.0250965j 0.0328353-0.00174224j 0.0366808-0.0196169j -0.0495344+0.0101789j -0.000876066-0.0357932j 0.00656783+0.00419738j -0.00393328+0.0122049j 0.00715501+0.00589413j 0.00128993+0.0311761j 0.00911065-0.00532991j 0.0345065-0.0246826j -0.0179986+0.0185886j 0.0293748-0.0219827j 0.0111471+0.00222102j -0.0185234-0.0211058j -0.0318628-0.00352916j -0.0111311+0.0567713j -0.0349714-0.0273946j -0.0144602+0.0218141j -0.00913942+0.0101877j 0.0139288+0.0449446j 0.00313012+0.014011j 0.00172229-0.0253594j 0.0079482-0.000781296j 0.0040884+0.00464862j -0.00573552+0.00103311j -0.0251487+0.0456362j -0.0384436-0.0178225j -0.00539546-0.0241515j -0.033166-0.0239089j 0.0134313+0.00892239j -0.0232436-0.00254043j -0.0158445-0.00302883j 0.0218368-0.00918112j -0.00239478-0.00645485j 0.0172788+0.00663616j -0.00260749-0.00265789j 0.0303819+0.00382036j 0.0222237+0.0109344j -0.00349041-0.0199998j -0.0340532+0.000257303j -0.0289685-0.0240224j 0.0177337-0.00160709j -0.0252957-0.0131186j -0.0232607+0.00261813j -0.00275595-0.020408j 0.00665874-0.0090349j 0.0130504-0.0109764j -0.026043-0.00810324j 0.00810557+0.0203628j -0.0254299-0.00680347j -0.0114121-0.0246618j -0.00230274+0.00845101j 0.00539581+0.0121434j -0.00603873-0.00242505j -0.0126951+0.00290269j -0.000883392+0.018252j 0.00570217+0.00641354j -0.00026324-0.00672449j -0.0120865+0.0310315j 0.00613585+0.0112033j 6.32296e-05-0.000646054j -0.0218276+0.00253852j -0.0018331-0.0113692j 6.95158e-05-0.0105873j 0.00245748+0.0141006j -0.0121256+0.00440511j 0.00358458+0.00831087j 0.00271514+0.0037915j 0.00823906+0.0131506j -0.0121141-0.00336499j -0.00219258+0.00541879j -0.00161139+0.0186019j 0.00252783-0.00282131j 0.0233673-0.000614748j 0.0087926-0.0133633j -0.0107959+0.00242589j 8.96553e-05+0.0098961j 0.00618064+0.0163296j 0.000977219-0.00465758j -0.003155+0.0136801j -0.00677105+0.00891795j 0.0107884-0.00595938j -0.0182562-0.0221574j -0.0242042+0.000308897j -0.00760333+0.00639034j -0.0187398-0.0221233j -0.0208867-0.00682957j -0.00361467-0.0133741j -0.0129615+0.00271839j 0.0157463+0.00619956j -0.00493054-0.00434276j 0.0131536-0.0205184j 0.0188438+0.00285473j 0.0200715+0.0171575j 0.00231737+0.000714667j 0.00637048+0.00387305j -0.000238666+0.0100382j -0.00649486-0.0128411j 0.00739181-0.0147659j -0.00354458-0.0127356j -0.00568469-0.000931444j 0.0075187+0.00187588j 0.00241231+0.0115051j -0.00600628-0.00493612j 0.0294766-0.011347j 0.00500239-0.000618481j -0.00609344+0.0128442j -0.00224111+0.00205491j 0.0122477-0.0144851j 0.0160623-0.00693848j 0.00725771+0.00245499j -0.0196814-0.018083j -0.0233051+0.0143947j -0.00842042-0.0124726j 0.00955801+0.00654145j -0.0116518-0.0173094j -0.0076106-0.011771j -0.00559632-0.00621372j -0.011736-0.0135236j 0.0193035+0.00619246j 
-0.000154821+0.0114849j -0.00353481-0.0235241j 0.0144138-0.0115144j -0.00405547+0.0134272j -0.0130206-0.0264938j 0.012367-0.012419j 0.00660716+0.0168846j -0.0154167+0.00137246j -0.0186437-0.04637j 0.0274129-0.000117115j -0.00787213-0.0299175j 0.00728291+0.00840778j 0.0294178+0.023277j -0.0560791-0.0287861j -0.0250895-0.0305289j -0.0706333-0.0224204j 0.0469136+0.035306j -0.00382331+0.00880798j -0.0218894-0.0182838j 0.0451997+0.0119005j -0.0727942-0.0402983j 0.0165007+0.0633602j 0.0695809+0.0211329j -0.0590932-0.0903083j 0.00115473-0.0120733j 0.0629137+0.0272317j -0.0205036-0.0220013j -0.0487527+0.0212622j 0.0335285-0.0441466j -0.0397806+0.00702596j 0.0207377+0.0310792j -0.0527225-0.089541j 0.0361823-0.00650785j -0.00997961+0.14456j -0.00262914+0.0888373j -0.0322951+0.0407763j -0.00973285-0.00512705j -0.0882235-0.110178j 0.0746337+0.0458704j 0.0345538-0.0708052j -0.0725992+0.0718624j 0.101128+0.0375706j 0.0740486+0.00322278j 0.0567814+0.0986304j 0.0484397+0.00107269j 0.110962+0.158459j -0.0690869-0.0529639j 0.0305816+0.0962018j 0.0093213-0.0134323j 0.100296-0.0138977j 0.0241372-0.0185054j -0.051685-0.0241132j 0.0127649-0.0453284j 0.0411792-0.0255023j -0.0446812-0.0205842j -0.0408137-0.00354163j 0.069187+0.00979134j 0.00701746+0.0319166j -0.0210468-0.0457167j 0.0052781+0.039089j -0.00707007-0.0303679j -0.0782545-0.029579j 0.0066958-0.0217485j 0.00553665+0.0580569j 0.00422366-0.0136127j -0.00567172-0.016715j 0.0271984-0.00019609j 0.0163857+0.0244186j -0.0152153-0.0182099j 0.0384505-0.00461386j 0.00457977-0.00773001j 0.0162513-0.0168285j 0.0260956+0.0182097j -0.00841695+0.0247744j 0.0134781+0.0174975j -0.00592358+0.0179013j 0.020811-0.0267454j -0.0268813+0.0139858j 0.0073352+0.000199523j 0.0633447+0.0175608j -0.0281313+0.00278848j -0.0236913-0.00539361j 0.0123235-0.0147721j 0.0158548+0.0170971j 0.0301088+0.0130657j -0.0458237-0.0412687j -0.0382022+0.0115677j -0.00024027+0.00163197j -0.0379783-0.0334531j 0.0186257-0.0183323j 0.00109974+0.00896332j -0.0249148-0.00283256j 0.00261558+0.0148304j 0.0037595+0.0209016j 0.0158299-0.0282414j 0.0172101+0.0324582j 0.00200226+0.0142906j 0.0128896-0.0368799j -0.0511389-0.076878j 0.0118889-0.0223108j -0.018832+0.0679276j -0.0269672-0.00526918j -0.0278833-0.0392725j -0.0527529-0.094462j -0.0465517-0.0643548j -0.0224867+0.0261493j 0.0202717-0.00984712j -0.0548612-0.0681647j 0.00722687-0.0119682j -0.0582518-0.0292722j -0.0296777-0.034897j -0.0124313+0.0245991j 0.0129969+0.0524874j -0.0169151-0.0305526j 0.011612-0.0236262j 0.0451259+0.0518168j -0.0123598+0.0106389j 0.00654224-0.0444687j -0.0182668+0.0184255j -0.0030021-0.0152184j -0.0252202+0.00212666j -0.0208164-0.0249852j -0.0186279+0.00782475j -0.0163592-0.0596348j 0.0309178-0.000860843j 0.00153686-0.00236027j 0.0128043+0.0213356j 0.00316036-0.0171564j -0.0057547+0.0139356j -0.0120821-0.0250098j -0.0125823-0.0188417j 0.0249809-0.00489971j -0.0093977-0.0223451j 0.000911013+0.0152277j 0.016776+0.003322j 0.00225053+0.0250156j 0.0222034-0.00261282j -0.0158995-0.00992354j 0.0222505+0.0277868j 0.00598114+0.00221535j 0.00674238-0.0115736j 0.0147692+0.0239222j 0.0238875+0.0113072j 0.0185346+0.00625359j 0.00818922-0.0163722j 0.00758267-0.000430738j 0.0205715+0.0025671j 0.0255054+0.00792522j 0.00878708-0.0270647j -0.000343298+0.0097212j -0.0175616-0.00456381j 0.0182165+0.00961126j 0.0128955-0.00757387j 0.0104591-0.014482j 0.00349189+0.0126721j 0.0115517-0.0046477j -0.011397-0.00133303j 0.00153591+0.0209799j -0.0348585-0.00407144j 0.00410835-0.0014447j -0.00927942-0.00611021j -0.00690856-0.023268j -0.0112075+0.00135477j 0.00615504-0.00467793j 0.000145929+0.0188232j 0.000400784-0.00939901j -0.0243404-0.00628358j 0.000139081+0.00687887j -0.0179908-0.0169803j -0.0291123-0.00608725j -0.00628053-0.00116441j 0.00610619+0.00342086j 0.0436563+0.0302702j -0.0184553+0.00193441j -0.00832171-0.0169948j -0.017278-0.0036115j -0.00579333-0.0371147j 0.0158919+0.00321113j 0.0179496+0.0113842j -0.00118815-0.00580007j -0.00485698+0.0162403j 0.0158041+0.0402353j -0.0402157+0.00229523j 0.0349072+0.0200307j -0.0410704-0.0235879j 0.0161148+0.040505j 0.00623769-0.0154537j -0.0335861-0.0430842j -0.0514132-0.0129096j -0.00624569-0.0174965j -0.0729262-0.00459257j -0.0262299+0.0534934j 0.0101107-0.0105748j -0.0103071+0.0206436j 0.00118589+0.00369888j 0.00426982-0.0017505j 
0.0192825+0.0194453j 0.0148147-0.0135907j 0.0157425-0.00738465j -0.00365683-0.0119841j -0.00770933-0.000794042j -0.01563+0.0184955j -0.032909-0.000711171j 0.00756729+0.00137047j -0.0177194-0.0146644j 0.00310466+0.0119778j 0.0257236+0.0152069j -0.0138786+0.00189013j 0.0225819-0.008747j 0.00400563-0.027786j 0.00707873+0.00442541j 0.0362787+0.00475506j 0.00812582-0.0240955j 0.0351552+0.0327055j -0.0221428+0.0660002j 0.0429361+0.011015j 0.000168024+0.00884536j -0.0334809-0.0151852j -0.0495169-0.0330973j -0.024183+0.0320386j -0.0142626-0.0245545j 0.0163876-0.0231172j 0.0434646+0.0081927j 0.0104793+0.00271182j 0.0212149+0.00599565j 0.0184688+0.0548625j -0.0718418-0.0985945j 0.0555411-0.0135704j -0.0810281+0.0215812j 0.0254984+0.0166418j 0.000623837+0.0852372j -0.000206069+0.0973254j 0.0114788-0.083854j 0.0728028-0.310024j 0.321793+0.0662994j -0.163264-0.047255j -0.224283+0.172719j 0.155932+0.0328193j -0.136281+0.00616304j -0.0599963+0.0927891j -0.0589355+0.0101141j 0.00882484-0.0588674j 0.0595804-0.00253667j 0.053749+0.0270772j 0.057099+0.0481331j 0.0307473+0.0145738j 0.0202999+0.00961114j 0.0548935+0.0124882j -0.0734449-0.0559083j -0.0419445-0.00563123j 0.0430059+0.0512704j 0.0839949-0.0453534j -0.0382899-0.0373212j -0.0222833+0.059092j -0.0377864+0.0306586j 0.0265866+0.0316334j -0.0259712+0.000902346j 0.000585058+0.0093276j 0.0127705-0.0322843j -0.0116509-0.025597j -0.0198163-0.0354721j -0.0236696-0.0798769j 0.0350115+0.047728j 0.0179202-0.0415427j 0.0197928+0.00440737j 0.0595374+0.0114141j -0.0335339-0.0634142j 0.022642-0.0355471j -0.0139969-0.00654709j 0.00624175+0.0290726j -0.0234617-0.00509221j -0.0122962+0.0108826j 0.00372091+0.0192684j 0.0306819+0.0206405j 0.0355828-0.0109386j 0.0418052-0.0502655j -0.0348642+0.0251079j -0.0157107+0.00177818j -0.0295777-0.0261527j 0.00380707+0.0228175j -0.039441-0.000654731j 0.0093658+0.00536247j 0.00446439+0.0297181j 0.0380158+0.00324642j 0.000870159+0.00107323j -0.0073279-0.0081697j -0.017269+0.0154617j -0.0302746+0.0453272j 0.00420094+0.00681947j 0.0154269+0.0218196j 0.00963289+0.011579j -0.0284224-0.0251538j 0.00170073+0.00967785j 0.00384199+0.0363818j 0.0287627+0.0284062j 0.0168198+0.0321013j 0.0105436-0.0515431j -0.0332342+0.0211118j 0.0155411+0.0186068j -0.0084708+0.0228484j 0.00792867+0.00258422j 0.0211034+0.0274467j -0.0273711-0.0129811j 0.0224233+0.023444j 0.0024741+0.0128923j 0.00492173+0.0211252j -0.0143181+0.0278836j -0.0100293-0.0378434j -0.041481-0.0155758j 0.00257379-0.0154667j -0.00226106-0.00342838j -0.00281404-0.00205539j 0.038324+0.0157017j 0.00753399-0.0131088j 0.0176694-0.0220114j -0.0191376-0.000969964j 0.00594922-0.00990392j 0.00846933+0.00707564j 0.0051265+0.0131438j -0.000115215-0.000460827j -0.00211264-0.00816324j -0.0331655-0.00142399j 0.0169493-0.0254706j -0.0198404+0.0100989j 0.0124986-0.018961j -0.00896077+0.00397026j 0.00239907+0.0074333j 0.000952279+0.000475613j 0.0147268+0.00795485j 0.0114556-0.0146638j 0.0173249-0.011835j 0.0204133+0.0132808j -0.0188758-0.00282148j 0.00324234-0.0166787j 0.00288611-0.0152509j 0.00899273-0.0164633j 0.0322385-0.00208824j 0.00297951+0.0185662j -0.00325782-0.00397224j -0.0159335-0.012593j 0.0133357+0.0125952j -0.0085214-0.0153486j -0.00780019-0.0178985j 0.0137201+0.00392751j 0.000569435+0.0128728j -0.0112104-0.0216339j 0.00419165-0.0141021j 0.0019762-0.00273865j 0.0102479+0.00985009j -0.000893981+0.000547685j 0.0111073-0.00526854j -0.0127273-0.006655j -0.00730657-0.00499771j 0.041245+0.00694172j 0.00586722+0.0220783j 0.0117979+0.0115158j 0.00407458+0.0035477j 0.00937257+0.024023j 0.00210902+0.0217711j -0.00895085+0.0171068j 0.0118575+0.000142968j -0.0231356+0.0292885j 0.00773995+0.00258293j 0.0232334-0.0101987j 0.0152038+0.0158711j 0.00010962-0.010318j 0.0123875-0.0135203j 0.0157515+0.0181631j 0.000321597-0.00963796j 0.0178613+0.000886936j 0.0166803+0.00303703j 0.00385982-0.00855477j -0.0100143+0.0274135j 0.0149062+0.0186943j 0.00554987+0.00878303j 0.00508636+0.00553515j -0.00906503-0.0078762j 0.00225217+0.0101237j 0.0169702+0.0156447j 0.0190526-0.0394348j 0.0382331+0.00801231j -0.00968105-0.0170606j 0.00135266+0.000743688j 0.00125301+0.0061893j 0.00951918+0.000317691j 0.00433964+0.00507956j 0.00645661+0.00732849j 0.00233378-0.0177074j -0.000234328-0.00545614j -0.0225543-0.00872612j 0.0175428+0.00154895j -0.00116411+0.0210677j 
0.00266532+0.00185149j -0.00157253-0.00293288j -0.00604714-0.029057j -0.0358564+0.0243376j 0.0230756+0.0305498j -0.0100697-0.0153343j -0.00277193+0.00658345j 0.0143324-0.0244816j 0.0285355+0.0315396j 0.0217279-0.0161883j -0.0253797-0.0104002j -0.00178915+0.0101455j -0.0450846-0.0442685j -0.0177203+0.0620167j -0.0427143+0.0163656j -0.00607377-0.0341288j 0.0249406-0.0295916j -0.0290928+0.00377368j -0.0477271-0.0809335j -0.0170301+0.00101193j -0.0163673-0.00111469j 0.00778701-0.00345034j 0.0115773-0.0132106j -0.0431128-0.0688795j 0.0978887+0.030798j -0.0343432+0.0309587j -0.0212137+0.0919126j 0.0551521+0.0121433j 0.0343898-0.0432663j -0.0447965+0.0430005j 0.0367138-0.082933j 0.157171-0.0333614j 0.0438867-0.0796384j -0.15482+0.119457j -0.0691506+0.0194885j -0.0327379+0.0196449j 0.100041+0.114987j -0.0954563-0.0208187j 0.0964675-0.233232j 0.213689+0.0414934j 0.0601793+0.01974j 0.0798747+0.167683j -0.0623099-0.1923j 0.0649961+0.141481j -0.0436088+0.0925928j 0.0823846-0.132928j 0.128614+0.109439j 0.0899991+0.0802959j 0.0910552+0.0767131j -0.0235708-0.0309667j 0.0150026+0.0542128j -0.00690084-0.000980788j 0.0361321+0.0177585j 0.114541+0.00434722j -0.00154045+0.013528j -0.00677276+0.0565713j 0.00756182+0.0370997j -0.0248551+0.0334898j 0.0450885-0.0835536j 0.0525651-0.0507923j -0.0199713+0.0238358j -0.000564187+0.0174418j 0.0376283-0.0257266j 0.021842+0.027362j -0.0240649+0.0498432j 0.0388426-0.0168693j 0.0521433-0.0253912j 0.0119325-0.0262217j -0.0152236+0.0099996j 0.00158768+0.012753j -0.00398314+0.00923806j -0.0295894-0.0139357j 0.0538786-0.00988147j 0.011471+0.00605216j -0.014403-0.0400708j 0.00697636-0.0298099j 0.0187315-0.017153j -0.0252178-0.0417675j -0.0587695+0.0265508j 0.0451493-0.0379077j -0.0473829+0.0148205j 0.0265516+0.032194j -0.0267016-0.0195971j 0.0264103+0.0126819j 0.00762075-0.0501635j -0.0106995+0.00434612j -0.0404132+0.0127192j -0.0561701-0.0102624j 0.00186443-0.00706545j 0.00391862+0.00550425j -0.0112791-0.00327477j -0.00670853-0.00322923j 0.00826694+0.0130511j -0.0421921-0.0275622j -0.0247945+0.00470684j -0.0295776-0.0373346j 0.0242773-0.00629473j -0.00270902-0.0133627j 0.00547955+0.022926j 0.0103126+0.019311j 0.0173772-0.025634j -0.0234667-0.0255678j -0.017149+0.0120001j -0.03229+0.00578777j -0.00140643-0.0128706j -0.00690479-0.0186937j -0.0670957-0.00779665j 0.0796033+0.0149385j -0.0207769-0.00285019j 0.00123633+0.0469294j -0.0379303-0.0150681j -0.00243875-0.0526175j 0.00502086-0.0105066j 0.00676983+0.0193946j 0.0189868+0.0488971j -0.0125755-0.00189687j -0.00441765-0.00568183j 0.000427585-0.0174533j 0.0363318-0.0187187j -0.016055-0.00639194j 0.0146023+0.00199619j 0.0227568+0.0147722j -0.00749441+0.0263505j -0.00535754+0.0142849j 0.000224764-0.000461818j -0.0257191+0.0141418j 0.00295815-0.0152423j 0.00229126-0.00893886j -0.0247212-0.0145484j -0.00331665+0.0311327j 0.00536564-0.0175648j -0.00909203+0.0239875j 0.0184155-0.0104274j 0.00751926-0.00814587j -0.0229039-0.00124193j 0.0186205+0.0424316j 0.0170579-0.00573049j -0.0169594-0.0102692j 0.0180107-0.0199125j -0.0118762+0.0121767j -0.00666456+0.00718623j -0.0039381-0.00487194j 0.00181581-0.00061543j 0.0102953+0.0171649j -0.0128752+0.00803864j 0.000793742+0.00624721j 0.0261169-0.00405567j -0.00577932-0.0117918j 0.0151296+0.00132107j 0.0171877+0.00753277j -0.0145927-0.0161728j -0.0113072-0.0188335j 0.00585956-0.0202063j -0.00880182+0.0083282j 0.0146759+0.00283188j -0.0273094-0.00377831j -0.00234358-0.000898625j -0.0053141-0.0336072j 0.00307495-0.00287851j -0.018087+0.00622342j -0.0233007+0.00957623j -0.0090062-0.00172563j -0.0127344+0.0129555j -0.0159561-0.00138194j -0.00705397+0.00733827j 0.01038-0.0100316j -0.0022431+0.00257924j -0.0109937+0.00929488j -0.0091225+0.00366757j 0.0181692-0.000900525j 0.0172665+0.00505464j 0.0160506-0.00168771j -0.010111-0.0141094j 0.00379274+0.0291062j -9.63051e-05-0.0108684j 0.0249032+0.000567642j -0.00536492+0.0211373j -0.00667938+0.0165288j -0.0318647-0.00839956j 0.0106653+0.00689401j 0.0235993+0.0174901j 0.00965635-0.0262508j -0.0162609-0.0273803j -0.00120739+0.00620313j 0.0449075+0.0182514j -0.0145867-0.0131168j -0.0246938-0.00302314j 0.0198664-0.0464129j -0.0263283+0.00655253j -0.0141425+0.0245362j 0.0094018+0.0226391j 0.0294638-0.0150548j -0.0279332-0.0135515j -0.000270364+0.0167282j 0.000841955+0.00541394j -0.00583231-6.68639e-05j 
-0.0237679-0.0091805j -0.00951357+0.0308346j -0.0295425-0.000757315j 0.0267595+0.00376872j 0.0176905+0.0157847j 0.0400076-0.00492364j -0.00317707-0.00210859j -0.0127671+0.0175953j 0.0357334+0.0121088j -0.00179143+0.00295505j -0.00510388-0.0158823j 0.00142648+0.00802458j -0.0288424+0.0175114j -0.0101136-0.0238507j -0.0184654+0.0654179j 0.0441674-0.00355285j 0.0123412-0.0712073j 0.067249+0.0249894j 0.00672185-0.0455677j 0.0168815-0.0497859j 0.00147863-0.0225289j 0.0658361+0.0394775j -0.0213179+0.0416122j -0.0169746-0.033311j 0.0291039+0.0652007j 0.000456309-0.0901395j 0.0408392-0.00636477j 0.0351684-0.0681013j -0.0617789-0.0717182j 0.0736557-0.00101046j 0.105329-0.0647891j 0.000876398+0.0447633j -0.132069+0.0361971j -0.043649-0.106373j -0.10543+0.0269316j -0.122362+0.0964682j 0.0243456+0.0549014j -0.0345885+0.000830293j -0.0521715+0.0851089j -0.0672068+0.0739293j -0.0808546-0.112255j -0.0148243-0.0488651j 0.0393046+0.142265j -0.0556913+0.00914206j 0.0337449-0.0924304j -0.0820469-0.0469208j -0.118384-0.0133948j -0.0133334+0.0487387j 0.0603165+0.00212069j -0.127498-0.0686345j -0.0605607+0.123916j -0.0486911+0.00384258j 0.0307141+0.0857244j 0.0934939+0.0682788j -0.018778+0.0166846j -0.0210673-0.0956017j 0.03763-0.0307537j -0.080158-0.000240333j -0.0350189-0.0428216j -0.0370821-0.0431441j -0.044738+0.0547237j -0.0440648-0.0157098j -0.048833-0.0158257j 0.0123604-0.0124064j 0.0383955+0.0613172j 0.00962882+0.0431649j -0.0469382+0.0264245j 0.00973893+0.00354541j -0.0229954+0.00140589j 0.0014896+0.0415522j 0.0334288+0.0101383j -0.019941+0.036182j 0.00872994-0.00695346j 0.0162484+0.0205617j 0.00874943+0.0194993j -0.0136622+0.029914j -0.00267977-0.0622805j 0.00650257+0.0116457j 0.00422407-0.0379154j 0.0369515+0.0386088j -0.0194728-0.0158204j 0.00494511-0.0129389j 0.00230955-0.0352328j 0.0286869+0.0071191j -0.0105537-0.0260616j 0.0290433+0.0404727j -0.0205421+0.0367002j 0.0231467+0.0402971j 0.0417645-0.0107818j -0.0149399+0.0441174j 0.00486784-0.050951j -0.00890425-0.00653374j -0.00150383+0.0135271j 0.0374627-0.0460439j -0.0192384-0.0352361j 0.0715201+0.0458045j 0.0202505+0.0281775j -0.0224112-0.0249223j -0.00731327+0.0330379j -0.0515594-0.032377j 0.0233364+0.0833359j -0.0457053-0.00157224j -0.0592549-0.0426328j -0.0674169-0.0652584j -0.0574055-0.0900648j -0.0249783-0.0878852j -0.0571057-0.0472138j -0.0115482+0.0155793j -0.0422237-0.0581987j 0.0514696+0.0625988j 0.00432396-0.0500688j 0.0141399+0.0188966j 0.0561895+0.00110005j 0.0310233+0.0252274j 0.030844+0.0235823j -0.0168872+0.0063728j -0.0333414+0.0131274j 0.0135406-0.00697435j -0.0090034-0.0110057j 0.0108966+0.00536498j 0.0613414+0.0147357j 0.0232582-0.0296082j -0.00986076-0.00866512j -0.0200231-0.0256497j 0.0172865-0.00440013j 0.00390806-0.00919263j -0.00642593-0.0129349j 0.0116514-0.0139779j -0.0124724-0.0396052j 0.0233298+0.0260454j -0.0136861-0.00419789j -0.0131754-0.0244286j -6.87105e-05-0.00619678j 0.00234949+0.000513712j -0.0211527-0.00706825j -0.00890128-0.0101007j 0.0194838+0.00860479j -0.0165107+0.00584071j 0.0221602-0.0031278j -0.0131731-0.00119773j -0.0187655+0.028062j -0.00282963+0.0107344j 0.0127241+0.0107497j 0.035742+0.0357319j -0.00832056+0.000771285j -0.0013851+0.00798413j 0.0182904-0.00156662j -0.0233061-0.011763j 0.00192461-0.0053695j 0.0379825-0.0112142j 0.0116328+0.0140459j 0.0101654-0.00560951j 0.00289955+0.00493302j 0.00122932-0.0142429j -0.0302437+0.0011517j -0.0139136-0.0199467j 0.00234166+0.00509696j -0.00827468-0.00206393j -0.0144241-0.0360057j -0.0397411-0.00122578j -0.00694823-0.00184921j -0.00219921-0.0125643j -0.0303462-0.00315349j 0.0247188-0.00910134j -0.00630047-0.0125398j 0.000478487-0.0260013j -0.00367579+0.0161081j 0.00528423-0.00522402j -0.00501729+0.0268469j 0.0224059+0.0309276j -0.0129313+0.00846582j 0.00605092+0.0337155j 0.00288261+0.0176444j -0.00107688+0.00666256j -0.0235414-0.0263729j 0.0181455+0.0165814j -0.0146932-0.0257224j -0.00761555-0.000560202j 0.0164959-0.00387054j 0.00872391-0.0270565j 0.0477906+0.0470599j -0.00947772-0.000901295j -0.0426951-0.00729679j -0.0148394+0.00572306j 0.0302964+0.0119332j 0.00522169-0.0478765j -0.0301055-0.00621909j -0.00545973-0.00592763j -0.00136666+0.0165236j -0.00875419+0.0282184j 0.00588925+0.00485271j -0.0165811+0.0254735j -0.0127754+0.0118743j 0.0240986-0.0194013j -0.0428713+0.00756614j -0.0188226-0.0297255j 
-0.0136498+0.00613257j -0.0130878-0.0167792j 0.0291369-0.0182754j 0.00403907-0.00712549j 0.0232648+0.00437568j -0.00612743-0.0131864j -0.0181118+0.00075967j 5.64198e-05+0.0185207j -0.0272968-0.0292884j -0.00643653+0.0278019j -0.00590753-0.0210332j -0.0114552-0.00390186j 0.0379429+0.0334064j -0.00662011+0.0025501j -0.0112258+0.000868072j -0.0134995+0.00315263j -0.00498134+0.00867266j 0.070954+0.0535014j -0.0214448+0.0545987j 0.0310294-0.00506097j 0.0293653-0.0142204j 0.0233977-0.0485703j 0.0459658+0.015572j -0.0578584-0.0291156j 0.0529785+0.0417385j 0.0402841-0.0850366j -0.0585457-0.0558637j 0.0305706-0.000904745j 0.0315036+0.0356511j -0.120495+0.0831441j -0.00227301-0.0348572j -0.124052-0.0605327j -0.147181-0.00247606j 0.147941-0.0822127j 0.0225068+0.195159j 0.0288459-0.151584j 0.0228857-0.0296235j 0.00534752+0.0697511j -0.0710312-0.0539498j 0.0558797+0.0213026j 0.0345213-0.0245025j 0.0013732-0.0911409j 0.0289908+0.11838j -0.0607084-0.054944j 0.0658952+0.0281763j 0.0572094-0.0697289j 0.0568148+0.147432j 0.0476599+0.0431933j -0.0898827-0.0275269j 0.144369+0.0719326j 0.11319-0.0848871j -0.0453958-0.110088j 0.0737395-0.0411332j -0.0558297+0.0315694j 0.00250994-0.0131475j 0.0662102-0.0581951j 0.0576618+0.0900271j 0.0391974-0.0316325j -0.0584046-0.0318635j -0.0222598-0.0772669j 0.000534915-0.00135378j -0.0327227-0.0404702j -0.0253919-0.0213339j 0.120664+0.0518928j -0.0311619+0.00961295j -0.0195129-0.116826j -0.0166438-0.027106j 0.00650077+0.0374032j 0.00294364-0.00238311j 0.0112282-0.0398349j 0.00858868-0.0406353j 0.0183354-0.00748284j 0.0285618-0.035742j -0.0136292-0.0307931j 0.00613164+0.0285889j -0.0288688-0.0235509j -0.0285321-0.0181101j 0.0104124-0.00878799j -0.0100204-0.0247238j 0.0440305-0.0823352j -0.049951+0.026886j 0.0135792+0.0136343j -0.0347136-0.00233958j 0.0555726+0.0383697j 0.0266882-0.00186799j -0.0420828+0.027612j -0.00324228+0.0348253j 0.00267698+0.0308218j -0.0175247-0.0276139j 0.0127688-0.00782148j 0.0148593+0.00195208j -0.0257847+0.00195828j 0.00152774-0.000284636j -0.0433029-0.0330079j -0.0280198+0.037647j -0.064603-0.0216802j 0.00965767+0.0412583j 0.0444643+0.0533069j 0.0130302+0.0156899j -0.0420901+0.0164083j -0.0425855-0.0432884j -0.0018542+0.0338572j 0.0341333+0.00864715j -0.0513483+0.0149812j -0.0706893+0.00146784j -0.0141+0.000752748j -0.0134604+0.0138904j 0.0631255+0.0438765j 0.00370211-0.0153005j 0.0208605+0.0112527j -0.0386829-0.01147j -0.00735479-0.00785548j -0.0345672-0.0423187j -0.0217603+0.0312557j -0.0310694-0.00122034j -0.0218843+0.000640729j 0.009172+0.00549324j 0.01805+0.00724133j 0.00556827-0.00212511j -0.017302-0.0222966j -0.04645-0.0291028j -0.020409-0.00287009j -0.00121463+0.00424257j 0.0120767+0.00622688j 0.00594676+0.00565441j 0.0134101-0.0171056j -0.0107502-0.0143701j 0.0137851-0.00887554j 0.00170559-0.0215191j -0.00683583+0.00996932j -0.0149839+0.00648022j 0.000439208+0.0381883j -0.0110788-0.0247581j 0.00317707+0.000588861j 0.00890119-0.00835999j 0.00183884-0.00482677j 0.00719162+0.00130502j 0.0038479+0.00216916j 0.00107802-0.000829092j -0.00168874-0.0221175j -0.00545161-0.00805993j 0.00721641+0.00929886j 0.0129142-0.00719531j 0.000516262+0.0118132j 0.016137-0.00594928j 0.00348303+0.0171964j 0.00124655-0.0119213j 0.0104533-0.0169553j 0.0129547-0.0089095j 0.00721688-0.00196811j 0.0120247-0.00176227j -0.00224961-0.00885831j -0.00715415-0.012076j -0.0143173-0.00715127j 0.00103068-0.0110055j -0.00312385-0.00223011j -0.00425333-0.000241207j 0.000560948-0.0173769j -0.0212286+0.0010303j 0.00537183-0.00749283j -0.0251503+0.00135775j 0.0181783+0.0155782j 0.0032304-0.0120095j 0.0219326+0.0131904j 0.00242898-0.000883461j -0.0138965-0.00939732j -0.00141467+0.0237293j -0.00723486-0.00719923j -0.00852875+0.00336203j -0.003321+0.00554392j 0.00516488-0.0113359j 0.000264877-0.0114604j 0.0132671-0.0259491j 0.021903+0.0119324j 0.00197312-0.010482j -0.0045851-0.0107765j -0.000319749+0.012827j 0.00901076+0.0125175j -0.0147433+0.00130518j 0.00978678+0.00738932j 0.00219809-0.00376034j 0.0219268+0.00207412j -0.0369954-0.0040383j -0.00163932-0.0147101j 0.00911672-0.0121521j -0.026672-0.0235109j -0.0351844-0.0119054j 0.0235145+0.00621472j 0.0150984-0.0259677j 0.0383796-0.0109903j -0.0259079+0.0245117j 0.0109301+0.0167845j -0.00965664-0.00240729j -0.0160816+0.0007068j -0.0250952-0.00233091j -0.00645662-0.0205127j 
0.0326565+0.00714507j 0.00999973-0.0180498j 0.0153968-0.00804768j 0.0071527-0.0273133j -0.0187278-0.0119522j -0.0180532-0.000507973j 0.0336175-0.00320157j 0.0188283-0.0177553j -0.0321901+0.01021j -0.048723+0.0125055j 0.00515788+0.0140898j -0.0154047-0.0126815j 0.0341055-0.0114825j -0.00679932-0.00723334j 0.0545848-0.079083j 0.0563505+0.0391371j 0.0319152+0.0133838j 0.00608844+0.0287418j -0.0386738+0.0276413j -0.0625259-0.0639162j -0.0552581+0.0464751j 0.038372+0.0620547j -0.0145924+0.0101899j -0.0105296-0.0241671j 0.0264649-0.00637656j -0.0241668-0.0101038j -0.0342289-0.0463511j -0.0704892+0.144747j -0.0666717+0.0133099j -0.0621309-0.0361649j -0.00724088+0.106579j 0.0420181+0.0164476j 0.0996081-0.0510602j 0.0967914+0.201292j 0.143499-0.0713593j 0.135666-0.0866628j -0.0514955-0.00501849j -0.057203+0.0458245j -0.13142-0.0171349j 0.0273717+0.0462468j 0.0326055+0.0652068j -0.00235455-0.00872645j -0.0297084-0.122398j 0.0146106-0.176932j -0.0835126-0.0777984j 0.0146145-0.016381j -0.150328-0.0758169j 0.0105471+0.000846315j -0.0210647+0.034718j 0.0378059-0.101251j 0.0310309-0.0663382j 0.0194235+0.0168154j 0.0047947+0.0544905j -0.00799257-0.10941j -0.00265356+0.00518624j -0.026249+0.0634737j -0.0268933-0.0601456j 0.0646542+0.00236018j -0.00136533-0.0104108j 0.0466778+0.0546803j -0.0576137-0.0625244j 0.0404295-0.0477801j 0.00733026-0.0320134j -0.0504062-0.0202423j 0.0319105-0.0414555j 0.0519596-0.0254842j 0.0118327+0.0250991j -0.020025+0.010165j -0.00918126-0.00217303j 0.042453+0.0422259j 0.0229902-0.0151609j 0.00994451-0.00868408j 0.0244412+0.0205403j -0.0033106-0.0237479j 0.00930643+0.0262429j 0.0400762-0.00752967j 0.0151168-0.0130363j -0.000694981+0.0500585j -0.0113822+0.00301081j -0.0100411-0.0164402j -0.0420608-0.00665197j 0.0154672+0.015879j -0.0267493-0.0247974j 0.018943-0.00247636j -0.00728815-0.0384603j 0.0102513-0.023617j -0.00634523+0.0197342j 0.0262397-0.0272025j 0.0182226+0.0348336j -0.00198263+0.0030085j 0.0296096+0.00430776j -0.0180889-0.020085j -0.00979591+0.024574j 0.0486118+0.0293858j -0.0331328+0.040669j 0.00374463+0.00738809j 0.0326628+0.000772596j -0.0888534-0.000396656j 0.0162349+0.0123651j -0.0227233-0.0277396j 0.0422902+0.0382965j 0.00359609+0.0350341j -0.0566322-0.0174302j -0.0454067-0.0553803j -0.0889652-0.0351573j -0.011347-0.00446641j -0.0411888-0.0997926j -0.0229903+0.0222057j -0.0635956-0.0559492j 0.0229972+0.0596766j -0.0137367-0.021217j 0.0158585+0.0573564j -0.0288998+0.0324663j -0.0321362+0.012029j 0.00913474+0.0221128j 0.0391098-0.00827507j 0.00582206-0.0317552j -0.0184972-0.0269601j 0.0105009-0.0043832j 0.0427303+0.0117758j 0.0281172+0.0243183j -0.0121483-0.00949338j -0.0088538-0.0119051j -0.0241219-0.0428421j -0.0171225+0.0087251j 0.00647254-0.00862925j 0.0110289-0.00574723j -0.0021729-0.0150086j -0.00539636-0.00924648j 0.00549249+0.0188161j -0.0091432+0.0070357j -0.00825248-0.00855192j 0.0157954+0.0153883j -0.00863909+0.00331874j -0.00926573+0.00491417j -0.0211476-0.0132231j 0.0075259-0.0027129j 0.0124805+0.0230437j 0.00277101-0.00148564j 0.00662957+0.0090308j 0.0163523+0.00221476j -0.0100708-0.0108787j 0.00754257-0.00747813j 0.0227099+0.0186269j 0.00664309+0.00539228j -0.0119661-0.00296399j -0.0107491-0.00924343j 0.00358589+0.000232595j 0.0299418+0.014419j 0.0119438+0.00172929j 0.00513126+0.00333803j -0.000103752-0.00474629j 0.017903+0.00998381j -0.00161867+0.000301271j 0.00461592+0.00600242j 0.00613664-0.00298201j 0.00747533-0.00135073j 0.00325378+0.00900912j -0.0398437-0.0230088j 0.0096988+0.016137j 0.024896+0.00179476j -0.00325483-0.0233957j 0.0159449-0.00987983j 0.00976105+0.0159726j -0.00530999-0.000612995j 0.0059427-0.0181705j -0.0046398+0.00975282j -0.0213628+0.00999499j 0.0303778+0.0149737j -0.00541329+0.00493296j 0.0180354+0.0153j 0.0580515+0.0332287j 0.00812786+0.00980476j 0.00309956-0.000933226j -0.0248002-0.0178567j 0.000285241+0.0129541j -0.0286719-0.0097718j 0.00908944+0.00370432j 0.00600647+0.00410267j 0.00903811+0.0245018j 0.0196465+0.0422134j 0.0113989-0.0311409j -0.0504769+0.0375653j 0.011475-0.0174508j 0.00362046+0.0151262j -0.00211867-0.0193515j 0.00417272-0.0210064j 0.00731149+0.00879174j 0.0103158-0.0106099j -0.00907208+0.0153926j -0.0290147-0.00221162j -0.0202653+0.014617j 0.00157958-0.00821108j -0.00876118-0.00993038j 0.00780423+0.0133227j -0.005389+0.00172595j 
-0.0247567+0.00148718j 0.0103851+0.0365827j -0.0184109-0.0168955j 0.00851956+0.0433941j -0.000299427+0.0100811j -0.0243933+0.0297878j 0.0178448-0.0159682j -0.00644242-0.0232347j 0.0252666+0.00122007j -0.00477082+0.0515847j 0.0259125+0.0174947j 0.0405152+0.0125837j -0.0181233+0.0800359j -0.0202706+0.0561553j -0.0725079+0.047422j 0.000434794-0.0289436j 0.00745132-0.0289803j -0.0792512+0.0336769j 0.0216108-0.00479071j -0.0055047+0.0158308j 0.0041144-0.0131308j -0.000961562+0.0178435j -0.0698824-0.021555j 0.0599238-0.0172313j 0.0917798-0.0515417j -0.012025+0.0647821j -0.0496812+0.124864j -0.0274907+0.0232194j -0.0761626+0.0129124j -0.0480669+0.0643904j -0.0194253+0.00574652j -0.0214668+0.0747737j -0.0562069-0.0680182j -0.230222+0.145574j 0.133476+0.0273155j -0.00749008-0.216234j 0.0978604+0.0193417j 0.00307387-0.113666j -0.0103733+0.00567478j -0.0384915+0.0503357j 0.0881928-0.264358j -0.0731072-0.0873548j -0.0696051-0.0604889j -0.0919384-0.0564536j 0.0095791+0.0321159j 0.0525049+0.00785437j -0.0296479-0.125787j -0.0867467-0.0357838j -0.026082-0.00784951j -0.0694308-0.0848833j -0.0526567+0.0731278j 0.0743125+0.0114314j -0.0923084-0.119247j 0.133688-0.0710931j -0.061853+0.0360163j -0.0928041+0.006203j 0.0480965+0.0273207j 0.0514486-0.0668516j 0.0136051-0.0367685j -0.0556937+0.0203259j -0.0123335-0.0156093j 0.0183316-0.0284309j -0.0805881-0.011344j -0.00605507+0.0464492j -0.000367095+0.0179523j -0.000756654+0.00695229j 0.000786461+0.0689511j -0.0223533+0.058692j 0.00168586+0.020764j 0.00323251-0.0442602j 0.00961901-0.0421516j -0.00720692+0.0235889j -0.0179245-0.0381964j 0.00373891-0.0691802j -0.0082828+0.00938107j -0.0391535-0.0575698j -0.0391605+0.0140644j 0.0305196-0.0161544j -0.0125365+0.085697j 0.0226223-0.0309172j 0.0138349+0.0220477j -0.00308232+0.00806051j -0.0222994-0.0272253j 0.00351267+0.00968684j -0.0381643-0.0296438j -0.0119133+0.0250929j -0.00758377+0.0133158j 0.0149725+0.00766817j 0.000153837+0.0211076j -0.000188378-0.041135j -0.00648289-0.0288309j -0.0184783+0.00155569j 0.0222292+0.0069543j -0.0167433+0.0188965j 0.0223357+0.00546873j -0.0683801-0.0343403j -0.0501348+0.00251571j -0.0162606-0.0327325j 0.03863+0.0145372j -0.0308039+0.0233455j 0.0334419-0.0247631j -0.0124631+0.0118696j -0.0179934+0.0439815j 0.0181863+0.0203551j 0.0445159+0.0217067j 0.0944539-0.00760555j 0.0158939-0.0422226j -0.0262263-0.0716503j -0.0444+0.0345283j -0.0129751-0.00435775j 0.027576+0.032164j -0.000874739-0.0365058j -0.0113434+0.00689805j -0.00149554-0.0238255j 0.0162433+0.0123175j -0.0056834+0.0113167j 0.0377099-0.0163568j 0.0259819-0.00531155j 0.0140311-0.00057228j 0.00490205+0.0134925j 0.0393037+0.00222903j 0.031826+0.00204719j -0.00193225+0.00589828j 0.00471133+0.0102728j -0.0155106+0.00784715j 0.0110503-0.0293973j 0.00584409-0.0149346j -0.00428443-0.0111986j -0.0149556+0.017297j -0.00345318+0.00890201j 0.0103867-0.00268402j -0.0109169-0.00422276j -0.0128703-0.00960814j -0.00454817-0.0134388j -0.00317038+0.00802145j 0.00356586-0.0160064j 0.000336148-0.0072j -0.0137706+0.0199401j 0.0176619-0.00665534j 0.0123755+0.00568398j 0.0147025-0.000647665j 0.0128802+0.0121072j -0.0126361-0.0144768j -0.00237758-0.00138731j -0.0174643-0.00115592j 0.0110714-0.0100195j 0.00544176+0.0123072j -0.0176703+0.0102171j -0.0182467+0.0185094j -0.000541251-0.00396028j -0.00558217+0.0203423j 0.0103268+0.00337101j 0.0141576-0.00857564j -0.0201604-0.00690374j 0.0199117-0.00328867j -0.0113902-0.00295644j 0.00883874+0.00427953j -0.00221767-0.0138217j 0.0349976-0.00329902j -0.00155833-0.00427762j 0.0147252+0.00823474j 0.00441398-0.00139303j -0.00184243+0.00449917j -0.0109815+0.0234235j 0.0173777+0.00727263j -0.000552995-0.0102617j 0.0223295-0.0148455j 0.000719414+0.00298847j -0.00599048+0.0110194j 0.0270859+0.0151943j 0.0245782-0.0140534j -0.00230761-0.0078934j 0.00123447-0.0155032j -0.00187225-0.0103404j -0.00343997+0.0105404j -0.00985698+0.00997368j -0.0083318+0.0082151j 0.0213079+0.0124455j -0.00731126+0.0202426j 0.00341408-0.0143418j -0.0135467-0.0116272j -0.00525979-0.0109625j -0.00753901+0.011439j -0.00814774+0.0104244j 0.0155027+0.0123111j 0.0338024+0.00136975j -0.0296173+0.0348235j -0.0049576-0.0274788j -0.0205348+0.0240752j 0.00640657-0.00609107j 0.00306901-0.00935421j -0.003839-0.0239838j 0.0241381+0.00890775j -0.012494-0.00613016j -0.0127682-0.00319878j -0.0185963-0.0186144j 
0.0268386+0.00647848j -0.000306107-0.017783j -0.00793794-0.0470788j -0.0365276-0.00654933j 0.0502488+0.0247855j 0.0132827+0.00531308j -0.0185251+0.00364371j -0.0239083-0.00927831j 0.00995373+0.0114462j 0.0231425-0.00310726j 0.00688756+0.0303465j 0.0414104-0.00572789j 0.0356391+0.00883148j 0.00292628+0.0101947j 0.0194325+0.00869341j 0.00522276-0.00648043j 0.0684689+0.00977878j -0.0437108+0.0278883j 0.0280458+0.0479741j -0.0076589-0.0228535j -0.00490056-0.00781778j -0.0124572+0.0193683j -0.0302612-0.0109391j 0.0372905+0.0431625j -0.00799395-0.00206753j 0.0251006+0.00137342j 0.00905283+0.000848529j 0.0513209+0.00625757j 0.102769-0.0210525j -0.0328622+0.000660604j -0.106025-0.0706737j 0.0622152-0.0485167j -0.00648922+0.0830019j 0.0890323-0.0797336j 0.0221747-0.0519273j -0.102772-0.0580332j 0.144274-0.0361835j 0.0114126-0.00526793j -0.116664+0.00524321j -0.0324857-0.00943373j 0.0964967+0.0809998j 0.00397607+0.0955305j -0.0613036+0.0188797j -0.0821373-0.0279779j -0.098435+0.00761581j 0.0616093-0.0491318j -0.0730461-0.0889732j -0.0793269+0.0346769j 0.0952863+0.0249167j -0.0436531-0.0538662j 0.0290421-0.0483113j -0.0436035+0.0590677j -0.00858689+0.0453566j 0.0374848+0.0391793j 0.0334481-0.0336744j 0.0308941-0.014668j -0.0406378+0.00218312j -0.0456459-0.0527728j 0.0349432+0.0452405j 0.0957793+0.0639902j -0.0110959+0.0415903j 0.059869+0.0379361j 0.0837197-0.0264494j -0.10536-0.0209812j 0.026696-0.0193979j -0.0321152+0.0138564j 0.0847957-0.0375888j 0.0508259-0.0087346j -0.00676825-0.00610959j 0.0190609-0.00272332j -0.00639909-0.0137115j 0.0265053-0.00264311j -0.0168191+0.00786747j 0.0192394+0.0388668j -0.0817035+0.0158477j -0.0677803+0.00528072j -0.0529854-0.00713991j -0.0157693+0.022502j 0.00936475-0.0326264j -0.0279953-0.0386205j 0.00465869+0.0337679j -0.0194616+0.0272626j 0.0153098+0.000663673j -0.00992296+0.0155183j 0.0278545-0.0188492j -0.0379708-0.0140532j 0.0280129-0.0155693j -0.0201646-0.0201968j 0.00971464+0.00132022j -0.0369534-0.00569568j -0.028323-0.00552872j 0.0126168+0.0354816j 0.0363515-0.0315351j -0.0171112+0.00426059j 0.0635195-0.0296281j 0.044155+0.0318846j 0.0100839-0.00448749j 0.0139316-0.0112685j -0.0459767-0.0101326j 0.015974-0.0121615j -0.00513566+0.0304684j -0.0120173+0.0114974j -0.0145055+0.000999368j 0.0360334-0.0279243j 0.0315151+0.00837246j 0.0311581-0.00626841j -0.0308182+0.0213338j -0.0101431-0.0284674j -0.0193952-0.00247111j -0.009208-0.0202714j 0.000866869-0.0132557j -0.0113453-0.00784561j 0.0281049+0.0303289j -0.0121774-0.0245645j 0.0398144-0.012306j 0.0369531+0.00883067j -0.0151351+0.020974j -0.013856-0.00346524j -0.0136322-0.0255379j 0.010384+0.00686327j 0.0125256+0.00972942j -0.00434452-0.00724872j 0.000923531-0.0251144j 0.00574624-0.00163834j 0.0170187+0.00594255j 0.0215928+0.0209453j -0.00325255-0.00636771j 0.0152769+0.0174364j 0.0167479+0.00101376j -0.021285-0.0196471j 0.0103264-0.0106721j -0.00275707-0.0132607j 0.00302792-0.00286108j 0.0085508-0.0153073j 0.00382094+0.00781536j 0.0148868+0.00427132j 0.00289589-0.00559934j -0.0049871-0.00962114j 0.0141174-0.00273112j -0.0115795+0.0262974j -0.00326446-0.014896j -0.00480038-0.0209167j 0.00163291+0.00498508j -0.00878065-0.0157214j -0.0112605+0.024581j 0.00392214-0.00473599j -0.00534183-0.0201467j 0.016438+0.0047422j -0.0147807+0.00249866j -0.0129107+0.0187927j -0.0266314+0.00388979j 0.000486835+0.00684455j -0.0129355+0.013714j 0.00249379+0.00414134j -0.00847299+0.00398715j 0.0054707+0.0038443j -0.00552372-0.000544187j -0.0080552-0.000622804j 0.0228029+0.0125106j -0.0024181-0.000683706j -0.00582506+0.00152459j -0.00347354-0.00981139j 0.0055837+0.00528202j -0.0103653+0.00739281j 0.0114434-0.00270144j -0.00491993+0.00184626j -0.00070751-0.0108014j 0.00242662-0.022927j -0.00761467+0.014637j -0.00762334+0.00716365j -0.00415906-0.0134697j -0.00836415+0.0121776j -0.00091753+0.00715907j -0.0238798+0.00200757j -0.00536985-0.0103229j -0.00892721+0.000115732j 0.0103575-0.0083727j 0.00873122-0.00166669j 0.00535321-0.00310671j -0.00707153-0.00844203j -0.0128936+0.0010173j -0.0114579+0.00260714j 0.016087+0.00239107j -0.00188206+0.00349662j -0.000768861-0.0166493j -0.0189007+0.0114593j -0.00305946-0.00943952j -0.0246439+0.00338764j -0.00659839+0.0189993j -0.0131425+0.0190973j -0.00621003-0.0109609j -0.0240365-0.0145125j -0.0233514+0.00584186j 0.00905214+0.00948292j 0.00340972-0.0160313j 0.00207927+0.014874j 
0.00636156+0.00313124j 0.010463+0.0101603j -0.00213795-0.00147993j -0.0191006+0.000366337j 0.000485254+0.0425818j 0.0206885+0.00702044j -0.0128127+0.00277269j -0.0222899+0.00913165j 0.018665+0.0192136j -0.0158931-0.0160204j 0.0318005+0.00784337j 0.0140443+0.000382654j -0.0387642-0.00874747j -0.0146811-0.00211619j -0.00926078+0.0319568j 0.0523391-0.0293833j 0.00305283+0.0070759j -0.0495168+0.0225468j -0.0502498+0.037095j 0.025469-0.0506757j 0.0291641+0.0052601j -0.0179506+0.0293387j -0.049359+0.00153067j 0.00647336+0.0339016j 0.0089626-0.00275665j 0.0375987-0.0186473j 0.0312015+0.00122581j 0.0251901+0.0156747j 0.0108643+0.0214537j 0.00809055-0.00781101j 0.0133937-0.0900065j 0.061686-0.02435j -0.098382+0.0500285j 0.0729724-0.0803726j -0.0766388+0.189508j 0.0615101+0.0317079j 0.13583-0.0326961j -0.0709854+0.0716008j -0.0956515+0.0233612j -0.0103515+0.07095j 0.00416642+0.102481j -0.0670783-0.0941521j -0.116763-0.0626462j -0.0270548+0.000838724j -0.129835-0.0448781j 0.0574679-0.0734706j -0.109899-0.199492j -0.0304407+0.0465066j 0.0727904+0.0650738j -0.147165-0.0442717j -0.00151828+0.0134962j -0.0427917+0.0729319j -0.0268291-0.0224756j 0.0317234-0.00263211j 0.0148646+0.0618552j 0.0125101-0.00572611j 0.0390354-0.0758883j 0.0146357+0.0352147j 0.00510529+0.00557415j 0.0372349-0.00703445j -0.103828+0.0249059j 0.0172594+0.039682j -0.0495995-0.0187065j -0.0293727-0.0268326j 0.053339+0.00214239j 0.053523-0.0217623j 0.0394208+0.0370366j -0.0258012+0.0112777j -0.0092992+0.0114339j 0.0484539-0.0183098j 0.0307253-0.0185801j -0.0404787+0.000947876j 0.00842722+0.00688902j 0.00337995-0.034681j -0.0140285-0.0624112j -0.00907513-0.0154717j 0.00760094-0.00656765j 0.0113242+0.0057707j -0.00671461-0.00687863j 0.00599982-0.0469588j -0.00949341+0.0291692j 0.0426504+0.0149769j -0.0200858+0.033002j -0.0453761-0.0158706j -0.0210845+0.0144578j 0.0273003+0.02519j -0.0397813-0.0233386j -0.0336581-0.0314193j 0.0211132-0.0126091j -0.0300252-0.0255811j 0.00335635-0.0121125j 0.022812+0.0317108j 0.000804944-0.0222801j 0.0038228-0.0102417j 0.0433177-0.0247577j -0.0101821-0.059433j 0.0516976-0.00869928j 0.0049672+0.00161009j 0.0150441-0.00119686j -0.00952172+0.00567168j -0.0203092-0.0490616j -0.0292663-0.0118775j -0.0119666-0.00143431j 0.0521169+0.0423136j 0.0343674+0.0275845j 0.0672211+0.0330395j -0.0273177+0.0369737j -0.0254398-0.0143528j -0.00269661-0.00266279j 0.0132806-0.0416087j 0.000202814+0.0347653j -0.0303384+0.00164645j -0.0294271-0.00517669j 0.0119075-0.0182241j 0.010358+0.0336175j -0.00246753+0.0203343j -0.00855891-0.0197284j -0.0180834-0.00479187j 0.041475-0.00297211j 0.0230695+0.0201955j 0.0571642-0.00826686j 0.0366414-0.0151787j -0.00036167+0.00536595j 0.0143734-0.00747274j 0.000499898-0.00945286j 0.0116287+0.0125075j 0.00379461-0.00571711j -0.00357005-0.00179488j -0.0075018-0.00562694j 0.0221262-0.00078003j -0.0154572+0.0084209j 0.000824985-0.00277042j -0.00789542-0.00412029j 0.0026648-0.00994794j -0.0242944-0.00188145j -0.000251197-0.0152131j 0.0034685-0.0112609j -0.00543638-0.000776068j -0.00109532-0.00368911j -0.00942185-0.0087115j -0.0153556+0.00917192j -0.00282291+0.0048401j -0.00327096-0.00140323j 0.0162335+0.00652337j -0.000669904-0.00132947j 0.00795011-0.000702879j 0.0100334-0.00253614j -0.0179317+0.00945577j -0.00120324-0.00930341j 0.0130547-0.0197991j -0.0122442-0.00712441j -0.00309578+0.0108055j 0.0149982+0.00822413j 0.00915443+0.00542204j 0.0110856-0.005767j -0.00703841+0.00221472j -0.0202798+0.000551464j -0.0122817-0.0037726j 0.0225169+0.0025661j -0.0204731+0.00579927j -0.0160249+0.0124831j -0.00328331-0.0184746j -0.0102701+0.00811956j 0.0175525+0.00205292j 0.00658274+0.0126203j 0.0186645+0.00471411j -5.07227e-06-0.00187593j 0.00351044-0.00859668j 0.00265106+0.00364477j -0.00979821-0.00826472j -0.0025043-0.00355081j 0.01751+0.00187627j 0.0134642-0.0121816j -0.00979787-0.0126762j 0.0100572+0.0094971j 0.0289438-0.0181935j 0.0295559+0.0305587j -0.00958271+0.0062895j 0.00655451-0.0116997j -0.0105318-0.00932611j -0.0134713-0.0137631j 0.00701803+0.00740669j 0.000499573-0.0194997j 0.0388107-0.0115911j 0.0285345+0.0134291j 0.0123004+0.0109664j -0.00383193+0.0141483j -0.00502269-0.0449047j -0.0370371+0.00299432j -0.0379279+0.0170595j -0.0405394-0.0168055j -0.0127072+0.0303139j 0.00963962-0.0113984j 0.0200796+0.00540461j 0.0117651+0.00500506j -0.0106136+0.0135226j 
-0.0325305+0.0104928j 0.00821291+0.0164344j 0.0154205+0.0033729j 0.00437176-0.0200169j 0.00982109+0.0286559j 0.056203-0.0109579j 0.0195116-0.0176728j -0.0126809-0.00388757j -0.0145783+0.00164239j -0.015547+0.0554312j 0.00234868+0.0168289j 0.0233809+0.0261317j -0.0249944+0.0406576j -0.050374-0.0546842j -0.0175699+0.0628648j -0.0160311-0.0299486j 0.0476106-0.00124588j 0.00717141-0.0626149j -0.0969378+0.0572657j -0.0324705-0.00677426j 0.0118807-0.0173874j -0.00352456-0.0125623j -0.00724205-0.0188774j 0.00485994+0.0617575j 0.0477841+0.0177754j 0.0471173+0.000776046j 0.000328787+0.0444921j -0.0446556+0.00144465j 0.0556033+0.0593503j 0.102306-0.141532j 0.0299017-0.0192739j -0.0639278+0.0269839j -0.0103383-0.184026j 0.0306414+0.0936082j 0.144421+0.0387143j 0.148875-0.0258091j 0.204551+0.0283681j -0.0183289+0.05075j -0.00665404+0.00709921j 0.0244691-0.145503j -0.0189027+0.113164j 0.0105193+0.00794388j -0.0220704+0.0356806j 0.0448794-0.0367884j -0.0309925+0.0249838j 0.0350486-0.0498849j 0.0619731+0.0355645j -0.0517692-0.0190254j -0.00741573-0.105483j -0.0209947+0.036552j 0.0250392+0.14753j -0.00831249-0.0695549j -0.0856492-0.0225359j 0.089577+0.0155318j 0.0301312-0.00024133j 0.0414705-0.110423j 0.0231601+0.0201504j 0.0175866-0.0221864j -0.103463-0.0374823j -0.043878+0.0232608j -0.01158+0.0319268j -0.0216341+0.0261061j -0.00894668+0.0112713j -0.0147862-0.0149131j 0.0591338+0.00449218j -0.0464207+0.0145111j -0.0160086+0.0543171j 0.0552933+0.056141j -0.0469807+0.0169006j 0.0196639+0.0412854j 0.018163+0.0401347j -0.000699089-0.00820979j 0.0527433-0.0111679j 0.0141523-0.00446075j 0.00969707-0.0629493j -0.0170744-0.0444327j -0.0361714+0.00766331j -0.0369425+0.0739684j 0.0172904-0.0440332j 0.0486814+0.0979035j -0.00857874+0.0147006j -0.0398312-0.0121748j 0.0314172+0.0109699j -0.0404891+0.0163437j 0.038724+0.0197896j -0.027212-0.00204941j 0.00170593-0.0176566j -0.0195457+0.0272674j -0.0200649+0.0301523j 0.0189432-0.00664185j 0.00568582-0.0193801j -0.0276764-0.000186977j 0.0392645-0.041052j -0.00434409-0.0197386j -0.00367573-0.0400792j 0.0490942+0.041332j -0.0127357-0.030624j 0.00194228+0.00270478j -0.0598151-0.00151452j -0.0053362-0.0327369j 0.00173251+0.0250968j -0.00345946-0.00281667j 0.010618-0.0219057j 0.0090934-0.000726455j -0.00113636-0.0649195j 0.00622716-0.0340323j 0.0531248+0.00919801j -0.0192749-0.0405577j 0.019999-0.00295677j 0.021906+0.0115793j 0.00843277-0.0350864j -0.0262735-0.0118557j 0.0108137+0.0184074j 0.00274635-0.00866657j 0.0103482-0.0335323j 0.000515516-0.0378336j 0.0012923+0.0115787j -0.00721801+0.0135891j 0.00433825+0.00212581j -0.0112823-0.014399j -3.55287e-05-0.00720161j -0.00612722+0.00241228j -0.00609107+0.0137392j -0.0189761+0.0132075j -0.00876261-0.0153558j -0.0176982+0.00443264j 0.0111899+0.00394103j -0.0238203-0.0173098j -0.00391957+0.010945j -0.00303524-0.0329912j -0.0010257-0.0202363j 0.00926133+0.000252612j -0.0157265+0.00239877j 0.0216319+0.00689391j 0.00979719-0.0196021j 0.0184422+0.00981336j -6.79843e-05+0.00591035j -0.000355559-0.00877497j 0.0168748+0.0083965j 0.00210742+0.00953263j -0.0302934-0.00252112j 0.000806096+0.00947725j 0.00424805+0.00704685j -0.0064311-0.0193752j -0.0438131-0.0116866j 0.0181815+0.00186087j 0.00188647-0.00378057j -0.00206194+0.00325201j -0.0496632-0.0178824j -0.00503002+0.00625571j 0.00762044+0.00546088j 0.0131603-0.000252721j -0.0145678+0.00394506j -0.0151698-0.0188019j -0.0111636+0.00724922j -0.017068-0.0118244j 0.00500476+0.00477385j 0.00164208+0.0220197j 0.0165322+0.00842413j -0.00409183-0.0190834j -0.00994362-0.0175609j -0.00694222+0.0143115j -0.00303299-0.00961997j -0.0222482-0.0213962j 0.0255971-0.017989j -0.0169301+0.00480932j 0.00704924-0.0038945j 0.00141959-0.015253j -0.0241235+0.00396579j -0.00370736-0.00917201j -0.00900542-0.00275236j -0.0375246+0.011318j 0.00566065+0.0122935j 0.00218599-0.0139845j -0.0268035+0.00471198j -0.00621901-0.00455464j 0.01095-0.0277356j 0.0139685-0.00998895j 0.00330919-0.0285522j -0.00986972-0.00822076j -0.00646325+0.0202214j -0.0220306+0.0188589j 0.0221543-0.00475855j -0.0193536+0.0227308j -0.00686025+0.00481682j -0.00617258-0.00789433j -0.00758619-0.0118755j -0.00613117+0.0116044j 0.013615+0.019663j -0.000537663+0.00861627j 0.0355743-0.00343389j 0.00257976-0.0356291j -0.0204053-0.00516463j -0.0122969+0.00132962j -0.0107474+0.00630756j -0.0146711-0.00353029j 
0.0150891+0.00397815j 0.000481653-0.0190704j -0.0322756-0.0403151j -0.00294377+0.0546491j -0.0412246-0.00200167j -0.051637+0.0349005j 0.019794+0.0136352j 0.00176994+0.0192424j 0.00369717+0.0338464j 0.011821+0.000408028j -0.00826012-0.0156074j 0.012491-0.00440254j 0.00651643-0.0158429j -0.028014+0.0674095j -0.0213554+0.00471994j -0.0345255+0.0174535j -0.0565931+0.0129237j -0.0734081+0.0648838j 0.0419904-0.039822j -0.0330743+0.00368668j -0.0286767-0.00306563j -0.00725218+0.0195649j 0.00228337+0.0144683j 0.0248519-0.0564707j -0.0375821-0.0422503j -0.0508551+0.0746084j 0.0997449-0.00545105j 0.0389159+0.0232718j -0.0639711-0.0319064j -0.08662+0.153399j 0.0804921+0.0870314j 0.00379372+0.0882765j -0.0285453+0.11074j 0.00159498-0.0108707j -0.0361417+0.205237j -0.0826774+0.0115271j -0.0817079-0.0790086j 0.0109074-0.0610017j 0.0941977-0.104727j -0.0506386+0.0669588j -0.0266823-0.0761515j 0.0564114+0.0232382j -0.0906114+0.0345003j 0.045856+0.0221604j 0.0448893+0.0390119j 0.0666979-0.0586079j -0.00217874+0.0434007j 0.0182668+0.0334166j -0.0746247+0.0752076j -0.0522664-0.000750078j -0.0258484-0.0525812j 0.00664777+0.0484546j -0.00891365-0.078217j -0.0895538-0.0408902j -0.0769578-0.0189356j -0.0577496+0.00981006j -0.0554533-0.00761471j 0.0160935-0.00686051j 0.0117007-0.0668608j -0.0284614+0.110699j 0.024839-0.0529514j -0.0450705+0.043935j 0.0160951-0.0373305j -0.018233+0.0313914j -0.056604+0.0330649j 0.0129196+0.0625572j 0.0512178-0.0137981j -0.0236809+0.0419568j 0.0177891-0.017148j 0.00708558-0.0262433j -0.0144688+0.0274316j -0.00996908+0.0107862j 0.0233226+0.024872j 0.00518803+0.0277029j -0.0128505+0.0356703j -0.00310607+0.00565094j 0.0595318-0.0418648j -0.0138102-0.0433925j -4.7255e-06+0.0421064j 0.060193-0.054454j 0.0350326+0.00650983j -0.0370043+0.0337312j 0.0201931+0.0555294j -0.0127609+0.037989j 0.0190478+0.015052j -0.0709067-0.045592j 0.00757862-0.0339998j -0.0275311-0.0103521j 0.00313826-0.00820323j -0.000250897+0.0279501j -0.0186372+0.0331644j 0.0127482+0.0090468j -0.0189723+0.0110473j 0.0182442+0.0914643j -0.0359273-0.0155489j -0.0104828+0.0529375j -0.0396951-0.013996j -0.0199388-0.068956j -0.0879042-0.0686212j 0.0327035-0.0185512j -0.0103362+0.0129558j 0.0348401+0.0261125j -0.0149309+0.00250997j 0.0429072-0.000107953j 0.00792691-0.00710708j -0.0208887-0.0686024j 0.0107631-0.0199473j 0.0132009-0.0234951j 0.0267542+0.00378405j -0.0382371+0.00570959j -0.000592365-0.0094115j 0.0367912+0.0163584j 0.0213047+0.0288293j 0.000365672-0.0147968j -0.00212516+0.010979j 0.00375336+0.00661376j -0.0415753+0.00628286j -0.0243643-0.00357275j 0.00761917+0.0158623j -0.00596644+0.00893743j -0.0121232+0.0249558j -0.00912274+0.00201515j 0.00482734+0.0316621j -0.0313585+0.00354498j -0.00828979-0.00515994j -0.00145054+0.0280294j -0.00433575+0.0195615j -0.0175852-0.0104563j 0.00694939+0.0217711j -0.00384805-0.013473j -0.00707193-0.0157074j 0.00889291-0.0135235j 0.00768521-0.00566663j 0.00645243+0.0159263j 0.0112807+0.0116659j -0.000992559-0.000210365j -0.00267065+0.014694j 0.0157025+0.00272884j -0.0178835-0.00151355j -0.00211928-0.000691009j 0.00466311-0.00118773j -0.000158547+0.00765824j 0.0123041+0.00715514j 0.00879261+0.0157825j -0.00773551-0.0197233j -0.0140058-0.00810727j -0.00656682+0.0106081j 0.0298586+0.0146504j -0.0108305-0.000276503j -0.0230881+0.00372006j -0.015543+0.00939039j 0.00902903-0.00460976j 0.00702144-0.00773293j -0.0145221-0.00568997j -0.00505672+0.00201935j -0.0061833+0.0156318j 0.0043966+0.0208232j 0.0098036+0.00818551j -0.0124246-0.00715577j 0.00044004+0.00106096j -0.010245+0.000289448j -0.0376259+0.0136987j 0.0108049+0.0129891j -0.0203446-0.000763555j -0.00716806-0.0105152j 0.00150104-0.0013829j -0.00498698-0.0237701j -0.0117374-0.0307539j -0.00841239-0.0151506j -0.0160824-0.0168944j -0.00673247-0.00840037j -0.0103062-0.00800567j -0.0199037+0.0209213j -0.00618135+0.0264471j -0.0318915-0.0298553j -0.00269314-0.00581692j 0.0179093-0.00115811j 0.0324378+0.00362728j -0.0279054+0.00551206j -0.00578564+0.015806j 0.0253426+0.0332763j -0.0158866-0.0227433j 0.000561202+0.0329254j -0.0030634+0.0318166j -0.0356697+0.0124348j -0.00421017+0.00618632j 0.0162263-0.0196886j 0.00644585-0.00573446j -0.00131589+0.0275016j -0.0104589+0.00494512j 0.0278653-0.0130217j -0.0110304-0.0411154j -0.0259146-0.0220484j -0.0250754+0.0216186j 0.00743307+0.00242763j 0.0161427+0.0036163j 
0.0198768-0.00574352j -0.0229521-0.037937j 0.0402453-0.0530695j -0.00760208-0.0244432j 0.0517726-0.0539749j -0.0418732-0.0252442j 0.0084048-0.00492008j 0.0228147+0.0157915j -0.0262009+0.0130753j 0.0118384+0.000107629j -0.0377204+0.0157914j -0.0279863-0.001379j 0.0449192-0.0502923j 0.0723236+0.0100349j 0.0466004-0.10156j 0.0494432-0.0612051j 0.0480127+0.00561005j -0.0142239-0.00542094j 0.0108998+0.0045716j -0.00153363+0.0406237j -0.0213562-0.029759j -0.0303785+0.00315094j 0.0539167-0.0405525j -0.00895842-0.0358413j 0.00771947+0.0146309j 0.0907199-0.0577668j -0.00293175+0.0959279j 0.0603679-0.0118096j 0.0272592+0.06986j -0.0209841+0.0498346j 0.0468518-0.0847265j 0.142268-0.22995j 0.020302-0.0123018j -0.0925607+0.0113289j 0.0956854-0.0661705j -0.0451791-0.0895238j -0.0657102-0.110767j -0.0177812-0.149042j -0.0349993+0.0661275j 0.115593+0.0505474j 0.0197912-0.0479446j 0.0115321-0.129952j -0.0149012-0.190831j -0.106223-0.04293j 0.0305004+0.0126224j 0.00134625+0.0442783j -0.0176441-0.0179214j 0.162055+0.124007j -0.00946026+0.0945819j 0.0182116-0.101614j 0.134998-0.0626024j 0.0560054-0.0267395j -0.057248+0.0190192j -0.00102296+0.0926792j -0.0647667-0.0129275j 0.0176132-0.0628502j 0.0287783+0.0974647j -0.0569616+0.065161j 0.032023+0.0278083j -0.00266638-0.0597523j -0.129605+0.0595935j 0.0741305-0.0195136j 0.0268896-0.0317009j 0.0567637+0.0669185j 0.00829568-0.040078j 0.0624707-0.0797838j -0.0355391-0.0512523j -0.00455925+0.0806186j 0.00793697-0.0257659j 0.00586272-0.059794j 0.0437932-0.0423243j -0.0227363-0.0938434j 0.00932972-0.0760009j -0.0393644+0.0396706j 0.00510954+0.0562582j -0.0556477+0.00900122j -0.0311054+0.00287353j 0.000651915+0.0385799j 0.0188687+0.0239958j 0.0200495-0.0404414j 0.0263571+0.0546715j 0.0411841+0.0230271j 0.0113366-0.0280553j 0.00727154-0.0434266j 0.0442915-0.0183588j 0.0278519-0.001803j -0.0275408-0.0365685j -0.0369091+0.0112107j -0.0226871+0.0208332j 0.0150619-0.0190362j -0.0210174+0.0236241j -0.0134135-0.0147473j -0.0318227+0.00858948j 0.0305761-0.0246448j -0.0197564+0.00943385j 0.0210933+0.0388833j -0.00809319-0.0211571j 0.0236192+0.0074794j 0.0463797+0.0108211j 0.0160238+0.0582278j 0.0249631+0.0549709j 0.0324377-0.00592573j 0.0340426-0.0125887j 0.0173155-0.0488306j 0.00560229-0.00336157j -0.0327253-0.0148074j -0.0162128+0.0208534j -0.0494672-0.0316273j -0.0346602+0.0224092j -0.0267189+0.00426067j 0.0100866-0.016329j -0.0189272+0.0274189j 0.00837584+0.0155424j -0.0273449+0.00586047j 0.0485641-0.0256707j 0.00419894+0.0311516j -0.00970883+0.000349854j 0.0004375+0.0138147j -0.0160502-0.00790797j -0.00300805+0.0120793j -0.0105982+0.0231043j -0.0123523+0.00101633j 0.00723288+0.0186315j -0.0271105-0.025688j -0.00414887+0.0143649j -0.00752158+0.016033j -0.00517018-0.0208537j -0.00774828-0.00574325j -0.0132232+0.00615715j 0.00735969+0.00744772j 0.0203681+0.0022941j 0.00135237+0.00328594j 0.00658561+0.000667211j -0.00742745+0.0103708j 0.00664628+0.0190649j -0.00478443-0.00794354j -0.00295269+0.00554871j 0.0097359-0.00774409j -0.00491034+0.00738568j -0.00351765+0.00416712j -0.0145526+0.0177249j 0.0103416-0.00827495j -0.0103876-0.0219339j 0.0351634+0.00411851j -0.00376635-0.000731599j -5.64761e-05-0.00656299j 0.00348009-0.00300509j -0.0232611-0.00474711j 0.0099248+0.00720645j 0.0213291+0.00548734j 0.0155645-0.000196162j 7.66435e-05+0.00983088j -0.0101985+0.0193926j -0.00479608+0.0057202j 0.0152408-0.0149078j -0.00544206+0.00332275j 0.00841654-0.00592897j -0.00383116+0.0151247j 0.0200195-0.00630786j -0.00977793-6.90784e-05j 0.00784937+0.013505j 0.013114-0.0150601j 0.00451573+0.00409348j -0.0180789+0.00870759j -0.0105439-0.00961164j -0.0137369+0.010123j -0.0168535+0.00801566j -0.00760775-0.00897575j 0.00996623+0.0208316j -0.0136466+0.0102207j -0.00260634-0.00176066j -0.0134239+0.00657104j -0.00510041-0.00331436j -0.00397836+0.0242203j 0.0138296-0.0127015j -0.0214953+0.00661427j -0.0254505-0.0193194j 0.0106276-0.00648171j -0.00467427-0.0220351j 0.00518502+0.0119873j -0.00137143+0.0136261j 0.0100559-0.009486j 0.0122275+0.0047353j -0.0388384+0.00967237j 0.00282935-0.0149316j -0.0342442+0.0379077j 0.000848103-0.0208354j -0.0315875-0.000248544j -0.00334138-0.000773332j 0.0181+0.000556445j -0.00192128+0.02708j 0.00744173-0.0150652j -0.01541+0.00361732j 0.023087+0.0118368j -0.00097409-0.0328178j 0.000269267+0.0266033j 
-0.0311657-0.0192854j -0.0121294-0.0025118j 0.0272011+0.0117859j 0.00334378-0.0112993j -0.0128415-0.000684794j -0.00467227-0.0119402j 0.0133778+0.0126991j 0.0142401-0.0143963j -0.0167828-0.00737223j 0.00445134-0.0163538j 0.000612973+0.00231236j -0.0174052+0.00477615j 0.0256034+0.0236094j 0.0148064-0.0385836j 0.0405559-0.00902092j -0.00614565-0.00612227j -0.0172939-0.0163149j 0.00070892-0.0189191j -0.0158558-0.0252163j -0.0200602-0.0137143j 0.0163949+0.0483101j 0.00505507+0.0267452j -0.015293+0.049739j 0.0309688+0.00481912j 0.0629157-0.0194398j -0.0353355-0.0184268j -0.00677044-0.0103862j -0.0129706+0.0359668j 0.0294481+0.0533094j 0.0205598-0.0589635j 0.0177203+0.0794914j 0.00244312+0.0048341j 0.0356944-0.0725762j -0.0567297+0.13525j 0.00296664-0.186292j 0.000292049+0.0123043j -0.0491055+0.123939j -0.0357645-0.0550784j -0.0470122-0.111847j 0.0591761+0.0873456j -0.0156487-0.000493696j 0.0955949+0.255344j 0.0463627+0.0520761j -0.0558792-0.0848785j 0.0181357-0.0273053j 0.0101806-0.0914554j -0.0680588+0.0789889j 8.62357e-06-0.0591827j -0.0663904-0.0635862j -0.0216469-0.0587208j 0.0135241+0.0413576j -0.0945073-0.10612j -0.0313102+0.0678817j 0.0157202-0.0959179j -0.10515+0.00718213j -0.084703+0.0582638j 0.0998676+0.0373919j -0.0175814-0.0492369j -0.0190649-0.0136311j -0.0169593-0.0408047j -0.020272+0.0447693j 0.01914-0.0930262j 0.0099369+0.0375294j 0.00818035-0.0129757j 0.0397471+0.0206313j 0.0196272+0.00418129j -0.0121349+0.063966j -0.0152994+0.0189631j 0.0299242+0.00498994j 0.0182405+0.0227976j 0.0259943-0.00480486j -0.00116254+0.0113072j -0.0297568+0.0237898j -0.0177207+0.0224855j 0.0154716+0.0271523j 0.000923687+0.0116623j -0.000148804-0.0458157j 0.00272555+0.0294147j 0.0210967-0.0131153j 0.0139939+0.0699548j 0.0320997-0.0213473j 0.00643747-0.0095373j -0.00927961+0.0229606j -0.0053862-0.0387838j -0.020578+0.0287028j 0.0242254-0.00434977j 0.0320181-0.0686974j -0.0260453-0.0714555j 0.0135525-0.0060938j -0.0287151-0.0357905j -0.0257211-0.0539444j -0.0359106-0.0725314j 0.0406829+0.0131296j -0.00101672+0.00163966j -0.0166809+0.0129716j -0.0319381-0.068503j 0.0244642+0.0349285j -0.0155258+0.0161292j -0.075244-0.116595j 0.0129613-0.0110084j -0.0459024-0.0947139j 0.0615358+0.0319176j 0.00513522+0.0240285j 0.0447826+0.0847501j -0.0030224-0.00810873j -0.00964278-0.00452432j -0.0238745-0.0618898j 0.0212212+0.0571948j 0.0250479+0.0684929j -0.0179732+0.0145845j 0.0165643-0.0504507j -0.011078-0.0431184j -0.00809614+0.0305296j -0.00260264+0.0536657j -0.0118057-0.0318764j 0.0150254-0.0189054j 0.0122627-0.0182536j 0.0168136+0.0201261j -0.0260244+0.00667043j -0.00895868-0.021331j -0.0161127-0.0365765j -0.0123861-0.00234927j -0.00595662+0.004797j 0.0146116+0.0438161j 0.0281292+0.00356639j 0.0158243-0.00209779j 0.0100017-0.0129874j 0.00876065-0.0340881j 0.00598882+0.00104497j -0.00780749-0.0170195j -0.0139382-0.0150061j 0.0114864+0.0103216j -0.0260724-0.00738445j -0.00274246+0.000867459j -0.00594071-0.0314171j 0.00657086+0.0191883j 0.0169087+0.0137889j -0.0170164-0.00427526j 0.0138211-0.00178382j -0.00391242+0.00113118j -0.0198191-0.00384992j 0.00649182+0.00549211j -0.00248943+0.0104559j -0.0134888-0.0188845j -0.00270689-0.019699j 0.0186026+0.0203693j 0.00894872+0.0103181j -0.00214055+0.0149646j -0.0131447-0.0142054j -0.00895425-0.0266569j 0.00377381-0.01029j 0.000119876+0.00521076j -0.00478987-0.0166942j 0.000219331+0.00109452j 0.000197411+0.00701101j 0.000118748-0.00551123j 0.0020881-0.00190303j -0.00287876+0.00125143j 0.00778069+0.00498653j -0.00927226-0.00199825j 0.00192179-0.0101697j -0.0135513-0.001551j 0.0146358-0.00741227j -0.0044267-0.00461242j 0.0153567+0.00421238j 0.014033-0.0128026j -0.0154112-0.000337466j 0.0123218+0.0252243j -0.00177883-0.025783j 0.0156296-0.0240029j 0.0285819-0.00431256j 0.00216696-0.00348378j 0.0189014-0.00450279j -0.0270187-0.0347253j -0.00706452+0.0193459j -0.00829981-0.0141636j 0.0263794+0.0468592j 0.00697789-0.00622374j -0.000528761-0.0236439j 0.0102437+0.00351874j 0.0071304+0.0251069j 0.00909373-0.0018994j -0.0045975+0.00764903j 0.0223668+0.00632825j 0.00890394+0.0213373j -0.000399487-0.0124866j 0.00357287+0.00589918j 0.0268843+0.00727512j -0.00132561-0.0295406j 0.00424601+0.00849178j -0.0116549+0.0284861j 0.00170887+0.0128871j -0.000634635+0.0126242j 0.015684-0.0164677j -0.0202081+0.00375958j -0.0135264-0.0198509j 
0.00800745+0.0224116j 0.0288828+0.0102872j -0.0115613+0.0152215j 0.0389183-0.0191379j -0.0191934+0.00320922j 0.015233-0.00620534j 0.0215461-0.00576514j -0.0208552+0.000195389j 0.0194905-0.0131504j -0.00827471-0.0102642j 0.0148918+0.0156395j -0.00272144+0.010256j -0.0124522-0.0100085j 0.0105036+0.00739836j -0.0784998+0.0225899j -0.0197419-0.016155j 0.057211-0.0228696j 0.00681662-0.0588079j -0.0102332+0.00692669j 0.0182383-0.00806019j 0.00286247-0.021684j -0.0202698-0.00151492j 0.0261524-0.0373965j -0.0380008+0.0162551j -0.0442535-0.000628436j 0.0771749+0.00698655j -0.0387522+0.0219244j 0.00856212-0.00703056j -0.0227715-0.0687016j -0.0216724-0.0954878j 0.0175348+0.025646j 0.000826228+0.00113025j 0.0048224-0.0551606j 0.0400532+0.0147323j 0.076626-0.0175188j -0.0373983-0.124205j 0.0539573+0.0928215j -0.0648581-0.111414j 0.0840533-0.0889913j 0.0447726-0.0533109j -0.0308693+0.0639853j -0.00128041+0.0189519j -0.0782258-0.145166j -0.036764+0.099592j 0.0872453-0.0874527j 0.0885415-0.0241807j -0.0123614-0.00401442j -0.0225573-0.0168674j 0.0566637-0.042519j -0.0183065+0.0024983j 0.0116959-0.0491211j 0.124913-0.00283051j 0.0483419+0.0591833j -0.0615907+0.0747495j -0.0156292-0.0410244j 0.109284-0.000421722j -0.127282-0.0480681j 0.0793979+0.0596985j 0.0361555+0.125746j 0.0465896+0.000729477j -0.00250109-0.0656575j -0.0387564-0.0110377j -0.0663909-0.0261106j 0.0586432+0.0318584j -0.0610987-0.0525605j -0.0420722+0.0815282j 0.0153465+0.0497829j 0.0137034-0.0155331j -0.00192346+0.0150104j 0.00228515-0.0548649j -0.0367475+0.00185054j -0.013604+0.0246141j 0.0193339+0.00346886j -0.0514636-0.0259304j 0.0287169-0.0925796j -0.0489743-0.0163553j -0.0258217+0.0363161j 0.0175579+0.00950277j 0.0530247+0.0257693j -0.00984935-0.0161955j -9.13387e-05+0.00283209j -0.00422129-0.0245915j -0.0217727-0.011604j -0.0202631-0.0103539j -0.0211703-0.0150562j -0.0459677-0.0127985j -0.0476674-0.0135308j -0.0261335+0.054522j 0.01519+0.00878571j 0.001322+0.00690167j -0.035498+0.0122687j -0.0122923-0.00353846j 0.0295205+0.0612422j 0.00428448+0.0636091j 0.00159342+0.0385932j -0.0117363+0.0522285j -0.0663519-0.0241092j -0.0364213-0.026157j -0.0199561-0.0477925j -0.0324097-0.0108054j 0.00213803+0.0411961j -0.0317016-0.00525833j 0.00870869-0.0408419j 0.011884+0.0098702j 0.0159649-0.0250575j -0.0351543-0.0155226j -0.017525-0.001422j -0.0232728+0.00988009j -0.0101707-0.00499212j -0.00802956+0.0252487j 0.0439368-0.00337517j 0.0158898+0.0635933j 0.0317885-0.0221707j -0.0159435+0.0287147j 0.0216888-0.0076045j 0.00709206+0.0462417j -0.00223534-0.0172477j -0.00658245-0.0439664j 0.00832954+0.0255111j 0.0054456+0.0224657j 0.0222399+0.0177344j -0.0112171-0.00360091j -0.00313819-0.0144569j -0.010923-0.0501757j -0.0065289+0.0480014j 0.0211572+0.00185722j -0.00375751+0.0128949j -0.0255001+0.0394284j 0.00788962+0.00997427j -0.00576758+0.00629341j -0.00832453-0.00935087j -0.0237415-0.0358118j 0.0142961+0.00991214j -0.0239075-0.00397474j -0.00420017+0.00387895j -0.0365074-0.00694688j -0.0128171-0.0242673j 0.0195504+0.0311052j -0.00783307+0.00246615j 0.0119861-0.0284809j 0.0306058-0.00340161j -0.0129567-0.0308459j -0.0067496+0.00353057j 0.00576377+0.0183179j 0.0187229+0.0172j -0.0255329-0.039057j -0.018962-0.000249431j 0.0232832+0.018182j 0.0223271+0.0276023j -0.0213522+0.01382j 0.00249413-0.00561458j 0.000116958-0.00459223j 0.0170622+0.00053416j 0.00840245+0.0144226j 0.011394-0.0073353j 0.00948479-0.00115556j 0.00640804-0.00115879j 0.0159959+0.00556199j -0.00205286-0.0300517j 0.0314949-0.0108362j 0.024921+0.00164888j 0.0172988-0.00237876j 0.0129966-0.00355195j 0.00642011+0.0188708j -0.0118814+0.00110938j -0.0129696-8.50086e-05j -0.0233265-0.0434173j 0.00853761-0.0131088j 0.015379-0.00488399j 0.000482101+0.0313233j 0.000339061+0.0050897j 0.00427949+0.0131048j -0.00173783-0.00250687j 0.0156102+0.000403285j 0.0160295-0.0251776j -0.0049779+0.03074j 0.00146719-0.00727002j -0.00937695+0.0161188j -0.00267313+0.0358083j -2.13619e-05-0.0011436j 0.013679-0.00797066j -0.0226544+0.0118572j 0.0178055+0.00816127j -0.00505842+0.00883842j -0.00574331-0.000560067j 0.0210464-0.00844403j 0.00787489+0.0178514j -0.0101318+0.0113786j 0.00278006+0.00720821j -0.00329002-0.0356357j 0.0157974-0.00993262j 0.00279773+0.0193727j 0.0285676-0.013247j -0.0139021+0.0133652j 0.0185397-0.0172263j 0.0252745+0.0179965j 
0.00666213+0.00857909j -0.00111955+0.00457839j -0.01896+0.0244136j -0.0186733+0.00877105j -0.00613444-0.00929164j -0.0242449+0.0272378j 0.00274689-0.00295775j 0.0127572+0.00505624j -0.0156515+0.00714806j 0.00644029+0.0259573j 0.013372+0.0146129j 0.0161543-0.00683059j -0.0204693+0.0061109j 0.0136397+0.00966086j 0.00703209-0.00746656j 0.00893566+0.0275044j -0.0280616+0.0368684j -0.0135411+0.00513125j 0.0170389-0.0216014j -0.00594337+0.000708246j -0.0391419-0.00518471j 0.0154651+0.00142581j -0.047957+0.00618496j 0.00909225-0.0238057j -0.00493497+0.0231365j -0.044139+0.0592906j 0.0529153-0.0468916j -0.0416452+0.0194025j -0.054326+0.0352621j -0.0496774+0.00774723j -0.0938996+0.0307164j -0.0752421+0.0608478j 0.0108713+0.0226815j 0.0224384+0.0981318j -0.0471817-0.0541982j 0.0166932-0.0598353j -0.00851633-0.0148136j 0.0244575-0.0477644j 0.0990775-0.0559534j -0.0951634+0.0587882j -0.056172-0.0643474j -0.109144-0.0361695j -0.0535421-0.00939444j -0.0703966-0.0720908j -0.0210303-0.037956j 0.0593323-0.0243633j 0.118179+0.0823053j -0.0264853-0.0555662j -0.0729157-0.00210895j -0.000696031+0.103274j 0.0625635+0.0373625j 0.0122775-0.0056157j -0.00439805+0.0113311j 0.0332387+0.0243943j 0.0457866+0.0256789j 0.00906435-0.00471187j -0.0359274+0.0323314j -0.00516924+0.00581786j 0.0258906+0.0175311j -0.0441208+0.027817j 0.044164-0.0217344j -0.015909+0.0309308j 0.0612539+0.0300498j 0.00187312-0.0021602j -0.020742+0.0183171j -0.0432202-0.0143585j -0.0498917-0.0115346j -0.0295564+0.017897j 0.00475679-0.0133101j -0.0399505+0.0177163j -0.028081-0.000475262j 0.017244+0.00703186j -0.0488188-0.00261013j -0.00444462-0.0298223j 0.0160563+0.0375755j 0.0183176+0.0120587j -0.013926+0.0387687j 0.00644755-0.0112748j -0.0167146-0.0089815j -0.0116891-0.0254282j -0.0211599-0.0135869j -0.0019611+0.0197669j -0.0637858-0.0209453j 0.0269401+0.00155273j -0.0653777-0.0104846j -0.00595489+0.00792758j -0.0043679+0.0433663j 0.0536797-0.00846514j 0.0331289+0.0207919j 0.00503325+0.0187577j 0.033209+0.0189216j -0.0111774+0.0193968j 0.00711951-0.00194816j -0.0166588-0.0212064j -0.000828958+0.0235421j 0.0464724+0.030007j 0.00924315+0.0173785j -0.00515051-0.0156595j 0.0828715+0.138816j 0.00564014+0.0035547j 0.0671311+0.0698599j 0.0058972+0.0189896j -0.065227-0.0175942j -0.0699969-0.0754508j -0.0769431-0.0240005j 0.00803852+0.00862796j -0.0143236-0.021721j 0.0167438-0.0190435j -0.0368123-0.0659481j 0.06895+0.0575697j -0.0221907-0.00766006j -0.0257611-0.0588706j -0.030293+0.00925238j 0.0206857-0.0190741j -0.0297703+0.0339351j -0.0430002-0.0594524j 0.00644981-0.00514665j 0.0049348+0.0311537j 0.00215062-0.0318724j -0.0163709-0.0124991j -0.010465-0.0178619j 9.81363e-05+0.0160917j -0.00405785-0.0167202j 0.015019+0.0349785j 0.0111561+0.0115825j -0.0183448+0.0139169j -0.0121548-0.0231218j -0.00989697+0.000531314j 0.00901712-0.001285j 0.0112098+0.00893004j 0.0165608+8.00453e-05j -0.0127267-0.000892458j -0.00302554-0.00228031j 0.0159901+0.00866213j 0.00903606+0.000772185j 0.0179381-0.00140223j -0.000378652+0.0302909j -0.0163124-0.0291748j 0.00377593-0.00790123j 0.00458009-0.00573621j 0.0210827-0.011045j 0.000843778+0.0106636j -0.00208938-0.0132353j -0.00623815-0.00796264j -0.00454711+0.0146438j 0.0113947+0.0174814j -0.00770908+0.00521708j -0.0374453-0.0232514j -0.00879813+0.00766427j -0.0228881+0.0137606j 4.27675e-05+0.0214016j -0.00155132-0.00674368j 0.00986174-0.00338556j -0.0106598-0.00406668j 0.0256536-6.91789e-05j 0.00192376+0.0073455j -0.00467862+0.000398007j 0.0104185-0.00988356j -0.00507143+0.0168775j -0.000251356-0.0102656j 0.0122642-0.0121166j 0.0112742+0.00660633j -0.0297188+0.00838423j 0.000291976+0.0101615j -0.0228545+0.00578828j -0.00275585+0.0227496j 0.0199146+0.0529082j -0.0163073+0.00575442j 0.00624089+0.0165597j -0.000829748+0.001999j -0.00634478+0.0145594j 0.0105244-0.00606579j -0.0107648+0.000652193j 0.011838+0.00389332j 0.00378603+0.0190583j 0.0102843+0.00627289j -0.055605-0.0476725j -0.00153405-0.0330857j 0.00559311-0.00460226j 0.00798382-0.0125625j -0.00573062-0.00772037j 0.00626054-0.00862152j -0.00430235-0.0325279j -0.021866-0.00668563j 0.0116057-0.0417747j 0.00801757+0.0108291j 0.00245221-0.00438804j -0.0227487+0.00108076j 0.00156151+0.0159658j 0.01003-0.00182197j 0.0154537-0.00167251j 0.0082355-0.0307589j -0.00290385-0.0112526j -0.0161402+0.0144383j 0.0121535+0.00262344j 0.00360073+0.00323697j 
0.00743988-0.0108724j -0.00975212-0.0167059j 0.0225425-0.0249405j -0.00321966-0.00597357j 0.0147585-0.00576999j -0.000719338+0.0466405j -0.00284411+0.00832605j 0.00161194-0.0133087j 0.00618562+0.0205091j -0.0550669+0.011901j -0.0149999-0.0180128j 0.0132275+0.00912416j -0.0179576-0.0039943j -0.0197942-0.00530504j 0.0319582-0.0206562j -0.000531587-0.0278358j -0.040113+0.0111894j -0.0556351+0.0259223j 0.042525-0.015873j 0.0730347-0.0107212j 9.90743e-05-0.00897224j -0.0406168+0.0269454j 0.00654636+0.0442306j 0.0625615-0.00921433j 0.0427518-0.0258575j 0.0141999-0.00923738j 0.0202176+0.0439019j 0.0244426-0.0285921j 0.0332545+0.0604985j 0.0255131+0.0853244j 0.0102301-0.00569884j -0.0276609-0.0567417j -0.0411473-0.00836912j -0.12294+0.0466628j -0.0915812+0.0444933j 0.141088-0.0228426j -0.0143006+0.0363635j 0.0376169+0.066074j 0.018778+0.00631172j -0.0764201+0.134944j 0.0329902-0.053337j -0.0484194-0.0546982j 0.000935637-0.0452303j 0.00464256+0.0152048j -0.0914708+0.0300203j -0.113859-0.164058j 0.132579+0.0494084j 0.0203045+0.0178947j -0.0100173+0.0428618j -0.0422492-0.0654874j -0.00637515+0.0331429j 0.00816665+0.0096343j -0.0302626+0.0480533j 0.050038-0.0400993j 0.0356858+0.0722989j 0.00783169+0.0420221j 0.000125962-0.0287943j -0.0397029-0.0163314j 0.0353873-0.0750248j -0.0418406+0.0653032j -0.0440619+0.0733117j 0.0523439-0.00915292j 0.00325223-0.0550963j -0.110938+0.044261j 0.0285335+0.0280355j 0.00581638-0.0346658j -0.0232245-0.016586j -0.0518806+0.0648524j -0.0117271-0.0298801j 0.0423197+0.00539093j 0.0255988+0.0271991j -0.0457149-0.0189354j 0.00242262+0.0223734j 0.0394316+0.0178475j -0.0276517+0.0213635j -0.0155704-0.0258254j -9.36402e-05-0.065138j 0.0161819-0.0235681j -0.0269706+0.0212579j 0.0238718+0.0250972j 0.00404724+0.0144665j -0.0259709+0.0117092j 0.0478447+0.00715532j -0.0719686-0.0252379j 0.0239545+0.0208279j 0.0150708-0.0250324j -0.0260457-0.0466952j -0.052176+0.0227773j -0.0306525-0.0248719j 0.0191437-0.00959128j -0.0117426-0.00172717j 0.0158931+0.0159649j -0.0526191-0.0311921j 0.0191382-0.0192467j -0.0271264-0.03673j 0.0096666+0.0891202j -0.0380647-0.018359j 0.0144988+0.0321809j -0.0540988-0.0358682j -0.0179477-0.0271686j 0.0177103+0.0247238j -0.0334675-0.0170647j 0.0338469+0.00684543j 0.0364002-0.0295537j 0.00830244-0.0291529j 0.00320436-0.0660197j 0.0189068+0.0341236j 0.0363422-0.00463523j -0.0041247+0.00527576j 0.0335358-0.00567626j 0.00449433-0.0474436j 0.0109826+0.0236662j 0.00408494+0.0102332j 0.0327908+0.0178988j 0.000534836-0.0106044j -0.00960825-0.0139727j 0.0246968+0.0277973j 0.00181082+0.0132607j 0.0108548+0.0248722j -0.00215814-0.00284317j 0.0147623-0.00812281j 0.0143066-0.0134419j 0.00662713+0.0213463j -0.00305864+0.0212497j -0.0196015-0.00638571j 0.00681605+0.0255723j 0.00663044-0.0148573j -0.0106228-0.00385542j -0.0148034+0.0145527j 0.00843038-0.00431901j -0.000818591-0.000385745j -0.00303376+0.00349497j -0.0123529+0.0170432j 0.00164262+0.0130291j -0.0184458+0.0100092j 0.00758009-0.0143288j -0.000530262-0.00152565j 0.00839124+0.0151158j -0.00685872-0.0103546j -0.0106842+0.00127794j 0.00805045-0.000916224j -0.0130183-0.000993609j -0.00114207+0.00908904j -0.0103251+0.00927229j -0.0242194+0.0186134j 0.00100127+0.00235277j 0.00686128+0.0163301j 0.0196447+0.0229909j -0.00987012+0.00696763j -0.0107439-0.00068187j -0.00810054+0.00703116j -0.0033555+0.00173122j -0.00477619-0.00378104j -0.00487503+0.0135j -0.0109968-0.00296624j -0.0103564-0.000120121j -0.000264904-0.00130657j 0.0177092-0.0101904j -0.00932033-0.0222239j 0.0132148+0.000415904j 0.0162543-0.0178978j -0.00725343-0.0123357j -0.00362491-0.0150273j -0.00525127-0.00044645j 0.013723-0.00766964j -0.00253535-0.0257462j -0.0175086-0.0185743j -0.00895104-0.0153016j -0.00107927-0.00657327j -0.00643383-0.0305292j -0.00801517-0.0271193j -0.0184814-0.00877244j -0.000437695+0.0273263j -0.00594813+0.0120921j 0.00555343-0.00630931j -0.0391793+0.00900272j 0.0136467-0.00407362j -0.00710903-0.00053352j 0.00439782+0.0224648j 0.000610752-0.0260133j -0.00200014-0.0222493j -0.0217068+0.0402387j -0.00230762-0.0106108j 0.0270925+0.0136312j -0.0134598-0.0163934j -0.0192818-0.0233872j -0.00286717-0.00444786j 0.00851231+0.00644479j 0.00707967-0.0333506j 0.000708409+0.0324244j 0.00810866+0.041918j 0.0411175-0.0172009j 0.00782616+0.0455795j 0.0328962-0.0232805j 0.0142804-0.0102886j -0.0117666+0.0159198j 
0.0322401+0.0228084j 0.00749616-0.015719j -0.0381571-0.0158155j -0.0602023+0.0130685j 0.00468622+0.0525168j 0.020161-0.0551918j -0.0136878+0.00499243j -0.00792599+0.0135563j 0.00712472+0.0487505j 0.039914-0.0226819j -0.000512762-0.00694369j 0.0101063+0.0179008j 0.0163002-0.0337416j -0.0192586+0.0610683j -0.0244046+0.0550585j -0.0815774+0.00479043j -0.00967992+0.0177495j 0.0294191-0.0188605j -0.0373864+0.00381693j -0.0216135+0.0252917j 0.0198007-0.013873j 0.00839622-0.00387294j -0.0271195-0.0162669j -0.0291025-0.0345313j 0.00191765-0.0315297j -0.0350937+0.0779976j -0.0154699+0.0835793j 0.00273495+0.0553057j 0.135967-0.122293j 0.0150314-0.0227717j -0.0825512-0.0866021j -0.0129804+0.0805756j 0.0262143-0.0396059j 0.0118695-0.0645217j 0.102064-0.0219476j -0.124932-0.00602807j 0.0254591-0.100663j 0.0199469-0.0115902j -0.0150226-0.127188j 0.0315624-0.0540916j 0.0105461-0.0911704j -0.0220349-0.0120095j 0.0139672+0.0589277j 0.0859002-0.136966j -0.077338+0.0570348j 0.0546222+0.0284581j -0.0218571+0.0886755j 0.130449+0.13572j 0.127947+0.0862917j 0.0844387-0.0452916j -0.0108556+0.17812j -0.1481+0.0237634j 0.0117255+0.0848997j 0.0312905-0.101842j -0.0514694-0.0423349j -0.0626497+0.0283449j 0.106685-0.0214082j 0.0433315-0.0621858j 0.014238-0.0214203j -0.0257305-0.028165j 0.0388232-0.00848065j -0.0216184+0.0439512j 0.0395828+0.0411903j 0.101525+0.0224667j 0.00469665+0.0215094j -0.0941065+0.0846052j 0.0152023+0.00769148j 0.0714626-0.0163816j -0.00167572+0.0617162j -0.00387179-0.0623389j -0.0123586-0.00646423j -0.000799657+0.0127615j -0.0175767-0.130038j -0.0162093+0.00545887j 0.0308941-0.0256582j -0.0330315-0.0190519j -0.0325617-0.0466022j 0.0186422+0.0402474j -0.00111613+0.0048922j 0.00780299-0.0249424j 0.0334244+0.0834596j 0.0227888+0.0593551j 0.0271561+0.0350247j 0.0271113+0.00843429j 0.0439389+0.0173718j -0.0483414+0.0298939j -0.0341653-0.0030202j 0.0201959-0.036433j -0.0217214-0.00986931j 0.000730676-0.00194755j 0.0233142-0.0136948j 0.0118043+0.0276929j 0.0125661+0.00486813j -0.00124987-0.00618979j 0.0334494-0.0619545j 0.0352805+0.0294015j 0.0172028+0.0166949j 0.0039289-0.0297447j 0.00764133+0.0278071j 0.0811811+0.0532007j -0.026477+0.0467479j 0.0472881+0.0128761j 0.0016812+0.0256127j -0.019227+0.00551662j 0.00285026+0.00594721j -0.000237541-0.0311475j 0.0189718-0.0172381j -0.0231479-0.040552j 0.0400285+0.015767j -0.0303292+0.0235642j -0.00278433+0.0249622j -0.0116374-0.0732037j -0.0376376+0.0567869j -0.0074219-0.00795052j -0.00328957+0.0310896j 0.000847291-0.0249844j -0.0191907-0.0146846j 0.0158108+0.0297169j 0.00653061-0.0480872j -0.0283511-0.0017189j -0.0307405-0.00212353j 0.0124004+0.00148306j -0.00127042+0.0192448j 0.000955063+0.0313257j 0.0359312-0.0299061j -0.0334903+0.023426j -0.0260939+0.00964931j 0.0124611-0.020756j -0.0152713+0.00272103j 0.00917867-0.00665479j 0.0189225-0.00648354j 0.0226488-0.00276691j -0.00216671-0.0175968j -0.00730739+0.00867261j 0.0168777-0.0192467j -0.00252958+0.0248384j 0.00830106+0.00535179j -0.00721879-0.0331288j 0.0106248+0.00378751j -0.0207382+0.0195839j -0.00308279+0.00282304j 0.0106093+0.0188298j -0.00577343+0.00367181j -0.00632341-8.06757e-05j -0.0111375+0.00955334j 0.00661527+0.0215543j 0.0035852+0.0142693j -0.0121483-0.017397j 0.00214216-0.0181228j 0.00451299-0.0053354j -0.0220425+0.0100617j 0.0118788-0.00553767j 0.0277396-0.0197892j -0.00421854+0.0053223j 0.000161801+0.00748762j -0.00512651+0.0103252j -0.000187236-0.00396299j -0.00604547-0.0215854j -0.000331093+0.0162382j -0.0147365-0.00217847j 0.00444549+0.0011369j -0.00829519+0.00333232j -0.0108806+0.0003449j 0.0199389-0.0162841j 0.00974558-0.0144718j 0.00543581-0.0142293j -0.0122815-0.00209713j -0.0211611+0.0130882j 0.00184247+0.0007604j 0.00125978-0.020403j -0.0327807-0.0165246j -0.00610866-0.0102191j 0.003335+0.0227376j 0.0113145+0.0220212j -0.0036084+0.0100362j 0.0234694+0.00768268j -0.0331777-0.00130296j -0.0211766+0.0109223j 0.0273045+0.0145503j 0.0249405+0.0122577j -0.0301092+0.0172547j 0.000861327+0.00403963j -0.0114232-0.00723633j 0.0141223-0.0402311j 0.0182695-0.0184587j -0.0187315-0.0154959j -0.0035777-0.015428j -0.0164914-0.0215664j -0.0145095-0.00978889j -0.0183383+0.0487565j 0.0139294+0.0257266j -0.0221622-0.0155261j -0.03275+0.0165011j 0.00711519+0.0165354j -0.0186166+0.0414395j -0.00877191-0.0096848j 
-0.0118021-0.00508958j -0.00693475-0.00115091j 0.0048339-0.01957j 0.0292778-0.00904034j -0.0378543-0.0153043j -0.0369879+0.0111645j -0.00660815+0.00125963j 0.010053+0.00520653j -0.0017512+0.00996526j 0.0173253+0.0403951j -0.0115112-0.00287057j -0.0164656+0.027438j 0.00127613+0.00298331j -0.0207013+0.0195128j -0.030242-0.00263227j 0.00817977-0.015086j -0.0952467-0.00371792j 0.00438032-0.00447328j 0.00650584-0.0268599j 0.0318382-0.0115923j 0.0102782+0.04893j -0.0685626-0.0158264j 0.014497+0.0330859j -0.00418782+0.00697815j 0.0288599-0.0162457j -0.029092-0.0138962j 0.0280603-0.0499694j 0.0135625+0.018784j -0.0533447+0.0146099j 0.0323129+0.0184749j 0.13629+0.0618165j 0.0666539+0.0118302j -0.122499-0.00330253j 0.0287035+0.0367983j -0.0766207+0.0957044j 0.072498+0.0629889j -0.123888+0.0784736j -0.0183105+0.0780546j 0.000791794+0.0141854j -0.048507+0.081937j -0.0523191+0.026697j -0.0159138+0.0368753j 0.0338306+0.103835j 0.0680129-0.0249557j 0.0681227+0.00470777j -0.0111667+0.0326288j -0.125397-0.0631957j 0.0270924+0.0252948j -0.0103929-0.00482849j -0.0979056-0.0819515j -0.090971+0.00643872j -0.019156-0.043685j -0.00924131+0.00574475j -0.0968877-0.0855011j -0.0452413-0.0311554j -0.103796-0.00521189j 0.0923451+0.0187329j 0.0212851+0.00656533j -0.0889576-0.0854432j -0.046022-0.00160251j -0.0633309-0.00319931j -0.0134423-0.0359485j 0.000873512-0.0589799j 0.0450162+0.00791488j -0.0112767+0.0173638j 0.0410574+0.0285349j 0.0384029+0.0271558j -0.0135769+0.015369j 0.0143723-0.0113195j 0.0456196+0.00521588j 0.0465349+0.019187j -0.00911726+0.00927472j 0.0472378+0.0496786j 0.0424654+0.0108134j 0.0237987+0.0150843j 0.0210613-0.0257389j 0.0257485-0.0472826j -0.0353825-0.0147759j 0.0112622+0.0271097j 0.108417-0.030508j -0.0267996-0.00328674j -0.0193224+0.0248231j 0.028977+0.044772j 0.0066565+0.0447857j -0.0372356+0.0394934j 0.0238786-0.0484484j 0.0230424+0.00309532j 0.013522-0.047416j 0.0148169+0.0281261j 0.0150597+0.0215411j -0.038171+0.0142824j -0.000355778-0.00792254j -0.00838494-0.0285153j 0.0385423-0.0532551j 0.0907612+0.00215435j 0.00914962-0.00360584j -0.00934268-0.0139788j 0.00339895+0.00897558j 0.0700808+0.145818j 0.037671+0.0187822j -0.060714-0.0448405j 0.0268179+0.0102901j -0.0034569+0.0513859j 0.0684144+0.0278133j 0.0699877+0.0936515j 0.0700548+0.039763j -0.00523268+0.0409924j -0.102442-0.0781538j -0.00989828+0.0542213j -0.0700489-0.0528117j -0.00740287+0.065636j 0.00124869-0.00808417j 0.0317059-0.0439359j -0.0215543-0.0509715j 0.0288339-0.0133026j 0.0107166+0.0128909j -0.0162987-0.0261976j 0.00942423-0.00765619j -0.0104755+0.0112575j 0.00676513+0.0242333j 0.0328689-0.000757089j 0.00127691-0.00564847j -0.00355441-0.0182716j -0.014494-0.00673046j 0.025851-0.0158692j -0.0273481+0.00298053j -0.0151562-0.0057996j 0.00130835-0.00529544j 0.00489413-0.00503003j 0.0206519+0.00846592j 0.013515+0.0144933j 0.000415995-0.010861j 0.0110505-0.0030543j -0.0157711-0.0340231j -0.00655454+0.0154082j -0.00488866-0.00589623j -0.0069621-0.0182642j 0.00200784+0.0120651j -0.00972739-0.0111043j -0.00837432+0.00175044j 0.0051634+0.00481017j -0.00301217-0.0125136j -0.00283759-0.0128477j 0.0151865+0.00462053j -0.0281317+0.00457121j -0.00616068+0.00109384j -0.0251441-0.000664659j -0.0159022-0.0161868j -0.0156708+0.010052j -0.00546296+0.011902j -0.0103295+0.00629825j -0.00759109-0.00417521j -0.00539861-0.00391043j -0.0185548-0.00490518j 0.00628727-0.00466309j -0.000132815+0.000764589j 0.0208824+0.00664633j 0.00640611-0.0142348j 0.0129822+0.0113559j -0.0125835+0.0075133j -0.0124348-0.0127464j 0.0106078+0.00395674j 0.00864997+0.00684101j -0.0124951-0.0127931j -0.0163299+0.0116563j -0.0254875-0.00648224j 0.0213983-0.0151551j 0.0204888-0.00726294j 0.00270522+0.00840505j 0.0161456-0.00297343j -0.0020142-0.0327344j 0.00264684-0.0341498j -0.0106049+0.0179837j 0.000727077+0.0288515j -0.000886278+0.0062581j -0.00710457+0.0164905j -0.0497023-0.0217295j -0.00134938-0.00771091j 0.00105664-0.00665331j 0.0206622+0.00278339j -0.0588198-0.0529697j -0.0285826-0.00377822j 0.0300761-0.00146542j -0.026805-0.0211502j 0.00271171-0.0158584j 0.0142526-0.000944541j 0.0150893-0.0199779j -0.0238003+0.00170073j -0.0321608+0.0150606j 0.000466535-0.00743991j -0.00289891-0.010067j -0.025214-0.0143032j 0.00833597+0.013289j 0.0134032-0.017759j -0.0166896-0.00192521j -0.0155581-0.0166966j 
-0.00455728-0.00644903j -0.00717746+0.00751251j 0.0209697-0.00275286j -0.0106098+0.00469435j -0.000110993-0.024705j -0.0320164+0.0123408j 0.00469093+0.0198939j -0.00626798-0.00203105j 0.00465946-0.00452255j 0.0274634-0.0273753j -0.00258773-0.00624789j 0.00415046+0.00338772j 0.0279199+0.0213155j 0.0246913-0.0240494j -0.00350005+0.00966517j -0.0233529+0.00712497j 0.0151228+0.0460835j -0.0116334-0.0468095j -0.00282195-0.0151119j 0.0132361-0.00400902j -0.00792556-0.0161961j -0.00613078-0.0113864j 0.00899651-0.0164615j -0.00718467+0.0187681j 0.0151213+0.0378604j 0.0607937-0.0055791j 4.17389e-05-0.023566j 0.00395556-0.0548759j 0.0356068+0.0396909j 0.0143504-0.0708218j -0.0296654-0.052587j 0.0218825-0.0674418j -0.0474057+0.0190511j -0.00109748+0.050877j -0.101852-0.10162j -0.0666998-0.0147775j 0.0202438+0.068098j -0.0599129-0.0121692j -0.0268647+0.0594185j -0.00992008+0.00556041j 0.0189134+0.05502j -0.0858712+0.0828761j 0.0445717+0.0333288j -0.0401961+0.0363739j -0.0232867+0.0270488j 0.0985557+0.129197j -0.0849228-0.147859j 0.0401925-0.0483968j -0.00187465-0.0554507j 0.0701812-0.0134647j 0.0925189+0.0557485j -0.0159776-0.0254597j -0.0336217+0.0169049j 0.0652926+0.0388864j 0.0288145+0.00650121j 0.0419666-0.0080731j 0.058572+0.0495294j -0.0409154-0.0228716j 0.0523066+0.0329255j -0.0412341-0.0050013j 0.0197765+0.00406846j -0.00924549+0.0147096j 0.0311459+0.0692781j 0.0416168-0.0108015j -0.0393035+0.0238029j -0.0234193-0.0414832j -0.0353144+0.00368229j 0.00675128+0.0422221j 0.00128128-0.0118659j -0.0156813+0.00822588j -0.00571683-0.0282573j -0.0265451+0.0133379j -0.0466795+0.0115442j 0.00863956-0.018594j -0.0113557-0.00780801j -0.00877428+0.0507709j -0.0192988+0.0311112j 0.0639641+0.0350035j -0.00423846+0.0156632j 0.00297954+0.0319855j 0.00931916-0.00941446j -0.0345371+0.0101381j -0.0274579-0.046735j -0.0219727-0.0176927j 0.00968728-0.0334321j 0.0151321+0.0430407j 0.015998-0.00383197j 0.00486012+0.00256346j -0.0394666+0.00942096j 0.0191974-0.0381862j -0.0240937-0.0395752j -0.0611962-0.0447336j 0.0184464+0.0218882j -0.024367-0.0666607j 0.0644169-0.0191489j -0.0203167-0.0706682j 0.000228134-0.00818633j 0.0368623+0.0314941j 0.0546431+0.0221825j 0.0294138-0.00957519j 0.0196157-0.0247985j -0.0076665-0.0329304j -0.014792-0.0190086j -0.029916-0.00795418j -0.00352383-0.00197615j 0.0265826+0.0537043j 0.0473522+0.0643681j -0.100713-0.0445821j 0.0041938+0.00972104j -0.0471068-0.0711063j -0.00855864+0.0159425j -0.012009-0.0300016j 0.0247439-0.0181512j -0.0254012-0.0528109j -0.0280286-0.0322431j 0.0351638+0.0264342j -0.0265201-0.0216734j -0.0198061-0.0101827j 0.00555016+0.0116743j -0.0104877+0.0238926j -0.0206389+0.0233915j -0.0145922+0.00774539j -0.0189533-0.0102268j -0.0485349-0.0351513j 0.00393354-0.0176385j -0.00131452+0.0172936j -0.00635455+0.0166488j -0.00755687+0.0156512j -0.000892972+0.0153845j -0.0210487-0.0241544j 0.0191874-0.0051297j -0.00798721-0.010257j -0.0151795-0.00294481j 0.013158+0.0177419j 0.0270039+0.00592321j 0.0123722+0.0190114j 0.00563198-0.0197277j -0.00284752-0.0145051j 0.000356159+0.0209259j -0.00613996+0.00775473j -0.0114738+0.0023175j -0.000617701-0.0120618j -0.00958264-0.00728724j 0.00532416+0.00281913j -0.0389931-0.0116574j 0.00288638-0.0107108j -0.0144582+0.00346108j -0.00450519-0.0148715j -0.0174069-0.00907051j 0.0199075-0.00134076j 0.0108905-0.00170938j 0.0102445+0.0118338j -0.00870046-0.00416449j -0.00534925-0.00539357j -0.0189252-0.00500656j -0.00560953-0.0169476j -0.0022478-0.0139598j -0.00808368+0.0127005j -4.2026e-05+0.00718448j 0.00708013+0.00598785j 0.0195876+0.0063144j 0.00222319-0.0165666j 0.00315414+0.0101811j 0.00835163-0.0165105j 0.0186326-0.0143336j -0.0188608-0.00529849j 0.0299659-0.0193179j 0.0202641+0.0304709j 0.00686455+0.0192376j 0.0301047+0.0191502j 0.00592056+0.0272976j -0.00372704+0.0184484j -0.00320007+0.0127512j -0.0210585+0.00589833j 0.00416548-0.0102757j -0.00935406+0.0100058j -0.0315541+0.0163231j -0.0049855+0.017642j 0.00169166-0.0143098j 0.0053568+0.0176357j -0.0436387-0.0301138j 0.0021004+0.0317038j 0.0306264-0.0195076j -0.0117312-0.0123199j 0.00317691-0.00159091j -0.0152019+0.0220234j 0.00660078-0.020608j -0.0203031+0.00513721j -0.015875+0.00814014j 0.00278128+0.00808874j 0.0255598-0.0140183j 0.00456241-0.0292037j -0.0197994+0.00973765j 0.00418638-0.00113755j -0.00151666+0.0149589j -0.0121842+0.0156009j 
0.0160488+0.00603781j 0.00927759-0.00796946j 0.00121319+0.00252504j -0.0189838+0.00354616j -0.0299729-0.00822627j -0.0456512+0.0406023j -0.00593931+0.00553699j -0.00551468-0.0134984j -0.00116343+0.0255974j 0.00723035-0.0195465j 0.0188835+0.0196772j 0.0202622+0.00878376j -0.0171984+0.00558502j 0.00496695+0.00479569j 0.00524657+0.0202638j -0.0142049-0.0058168j -0.00655601+0.0333095j -0.0536749+0.012991j 0.00840969-0.0206498j -0.00907178-0.0323323j -0.00463384+0.0153638j -0.00478843+0.0295777j -0.0171258+0.0205269j 0.0335142+0.0103824j 0.00578591-0.0202609j -0.00487032+0.0182449j 0.0172083-0.0810625j -0.00388721-0.0164727j -0.0299822+0.0210774j -0.0945562+0.0792568j -0.0178664+0.0563859j -0.0724275+0.0503238j -0.0244566+0.0759323j 0.110878-0.0326726j -0.093296+0.155116j -0.0114404-0.0410452j 0.0311021-0.0227164j -0.0627197+0.0208993j -0.0797286-0.0525821j -0.0457803+0.107262j -0.0416952-0.0597761j -0.0613705-0.0937025j -0.0564445+0.0937574j -0.0895214-0.0911611j 0.0113549-0.0423952j 0.0895721-0.0245603j -0.0509449+0.032508j -0.0950732-0.0147995j -0.0789399+0.00824931j -0.0494896+0.0512428j 0.0640985-0.0371393j 0.0298484-0.0176614j 0.0520026-0.0389992j -0.0578273+0.0606731j -0.0134241-0.0408035j 0.00769628-0.00787641j 0.0135633-0.0115087j 0.0520085+0.00882553j 0.0325158+0.00394093j -0.0636541+0.0194112j -0.0338353+0.0137488j -0.016245+0.0196417j 0.0352772-0.00644156j 0.0226677+0.029126j -0.0271089-0.0106109j -0.0043063+0.0532171j -0.0120056+0.0265155j 0.00727987+0.0749302j 0.0110858+0.0192651j -0.0366156-0.00367684j 0.00109188+0.00337738j 0.00287978-0.0142161j -0.0460764-0.0322662j -0.00247279-0.0467073j 0.0378412+0.0813004j -0.0312631-0.0126192j -0.0342888-0.0276136j -5.26745e-05+0.0447633j 0.0122944-0.0177918j -0.00829838-0.00215444j -0.00143571-0.00450586j -0.0277419+0.0219024j -0.0123569+0.000609753j -0.00801763-0.0210393j -0.0203891+0.0060354j -0.0282994+0.0361855j 0.0174375-0.0206254j 0.00789549+0.0119566j 0.0298321+0.00182841j -0.00742391-0.0315974j -0.00731162-0.0235123j -0.0275151-0.0475468j 0.00671032+0.0258584j 0.00653861+0.036898j -0.00360036-0.00450642j 0.0109931+0.0251347j -0.0252526+0.0286876j -0.0379553-0.0256691j 0.0238361-0.0495567j -0.00657276-0.00356922j 0.010285+0.0086263j 0.0118728+0.0328368j 0.00353209+0.00133617j -0.0120905-0.030311j -0.0268614-0.0300838j 0.00234856-0.0341301j -0.000705953-0.0275192j -0.024356-0.0310219j -0.0263111+0.0216452j -2.25404e-05+0.0376897j 0.00880182+0.0263797j -0.0278643-0.043974j 0.00892397+0.0292652j -0.0347516-0.02595j -0.00774793+0.00329068j -0.00463113-0.00817146j -0.0178902+0.0158002j -0.0132219+0.0296218j -0.0149981-0.0156099j -0.0107267-0.0060117j -0.0179957+0.00337524j -0.00423121-0.00944213j -0.0148321-0.0011333j -0.00633077+0.00550845j -0.00296068+0.0110862j 0.00228549+0.0206012j 2.828e-05+0.0136171j -0.0111113+0.0171697j 0.0105669+0.000626189j -0.00822914-0.0210333j 0.0155844+0.00345053j 0.0121634-0.0386416j -0.0153783-0.0132113j -0.0189251-0.00352649j 0.0115964+0.00528105j 0.0145412+0.0119461j -0.00107036+0.00040015j 0.0163943-0.00594662j 0.00863157+0.0216268j 0.00505781+0.00456982j -0.00283068-0.00404333j 0.00970597+0.00511882j -0.00884338+0.00240222j -0.0121938+0.0172314j -0.00171729+0.00849565j 0.00845163-0.00747158j -0.014902+0.0174525j -0.00599527-0.00969175j -0.010156+0.0145065j -0.0121982+0.0206608j -0.00527252+0.00543586j 0.00782858-0.00201318j 0.0096629-0.0144131j 0.00793791+0.0173123j -0.0134591+0.0052249j 0.00676901-0.00788682j -0.00783396-0.0180895j -0.000954371+0.00124293j 0.00205524+0.00120658j 0.0175266-0.0121593j 0.0248404+0.039801j -0.0114173-0.0123422j 0.00507327+0.00753678j -0.0201944+0.00208348j -0.0053032-0.000194387j -0.0150386+0.00612964j -0.00346493-0.0302734j -0.0148205+0.0260777j 0.015952+0.00179611j 0.0265679+0.027851j 0.033841+0.0336849j 0.00624078+0.0278446j 0.00633707+0.00952668j -0.00240418-0.00747222j 0.00148366-0.00112659j -0.0190128+0.00946408j -0.00373138+0.0357926j 0.00393911-0.0234994j 0.00332215+0.0278629j 0.00952227-0.00633509j 0.00209666+0.0221744j -0.00830457+0.0310205j 0.0174127+0.00395181j -0.00592696-0.0046145j 0.0093539+0.00551796j 0.00209114+0.0243113j 0.0181089-0.00566925j -0.0142285-0.0172013j -0.00888664+0.0406567j -0.00892231+0.00214941j 0.0332467+0.0153114j 0.0103657-0.0394463j -0.0127763+0.0107436j -0.00530392+0.0103334j 0.00964576-0.0161241j 0.012429+0.00751318j 
-0.00161978-0.0157259j -0.00866253-0.0216933j -0.0208344+0.026367j -0.045056+0.000197299j -0.00802607+0.0481667j 0.0578607-0.00847203j 0.00150269-0.0138046j -0.027761+0.00687409j 0.0200954+0.0280658j 0.00465217+0.0105846j 0.00472468-0.00200477j 0.0246921+0.0364953j -0.0433999-0.0193391j -0.0286011-0.00745867j -0.0683293+0.00974661j -0.0853485+0.0312504j -0.0173292+0.0202369j -0.0258605-0.0134236j 0.0372357-0.00289337j 0.0212623+0.0443651j -0.0604378+0.0225896j -0.0491009+0.0207418j 0.00562539-0.0147823j -0.018673+0.024124j 0.0770076+0.0059957j -0.0713767+0.0599376j 0.0310355+0.0155635j 0.0373888+0.00976034j 0.080407-0.0406858j -0.0222505-0.0288685j -0.0458504-0.0361263j 0.00912124+0.0664983j 0.126006-0.0296838j 0.0186574-0.0744948j -0.00205309-0.0605736j 0.0142014+0.0574689j 0.0151627+0.0606556j 0.0122429-0.0462948j -0.0384687-0.0660485j 0.0386533-0.12545j 0.000494931-0.00482567j 0.00932433+0.0056842j -0.00226261+0.0548487j -0.152185-0.0841157j 0.033096+0.10083j 0.047615+0.0783521j 0.0708474+0.0454296j -0.0686056+0.0179854j 0.169097+0.045809j -0.068423+0.0450843j -0.041912+0.015101j -0.0539935+0.0236753j 0.0294415+0.0260942j 0.0711929+0.0418756j -0.00961924-0.048014j -0.0936831+0.0645419j -0.000692062-0.0595683j 0.0649278+0.0535288j 0.00267841+0.0690124j 0.0440384-0.0194316j -0.00765384-0.0213724j -0.00443982-0.0261979j 0.0852935-0.0614644j -0.0333775-0.0131866j -0.00464488-0.054104j 0.040109-0.00200503j 0.046176+0.0167942j 0.00669405+0.0030347j 0.0219219-0.0138862j -0.0248648-0.0106341j 0.00842999-0.0268031j 0.0425333-0.0213104j -0.0395928-0.0266692j 0.0199783+0.00294606j -0.0259476+0.00319442j -0.000940219-0.046018j -0.0106728-0.0209456j -0.0137018-0.0264817j -0.0153166-0.00298176j -0.0637287-0.0254034j -0.00230613-0.0315556j 0.022555-0.0141295j -0.0010313+0.000146699j -0.0439655+0.0123662j -0.0269297-0.00343519j -0.017626-0.0179142j -0.0506126+0.00223946j -0.0362589-0.00558865j 0.0720085+0.00598398j -0.0187585+0.0756985j -0.00758341-0.0421616j 0.0664432-0.0494549j -0.0371036-0.027845j 0.0246622+0.0109884j 0.00259127-0.00610309j 0.0290366+0.0187246j 0.0111671-0.0658311j -0.0406007-0.0135635j -0.00964211-0.0184454j -0.00647619+0.0241584j -0.0027043-0.0396671j -0.0264779-0.0121874j -0.0359096+0.00207368j 0.0460394-0.02401j 0.026333-0.0146153j 0.0593624+0.0319622j -0.0808716-0.0248537j -0.00223373-0.00377083j -0.0168768+0.00269466j 0.000596504+0.0108108j 0.040724+0.0353551j -0.0509948-0.0176799j 0.0578758+0.0125119j 0.00542163+0.00619273j 0.0232442-0.000334149j -0.0491173+0.0306441j 0.0342423+0.0300221j 0.00759608+0.0209856j -0.00455999-0.0533456j 0.0242763-0.0237581j 0.00619337-0.0712025j 0.00245682-0.0523565j 0.0101831-0.00371737j 0.0351989+0.01257j -0.0103145+0.0435624j 0.0259995+0.00375538j 0.0214804+0.00119543j 0.00980236+0.0417079j 0.0230888+0.0154721j -0.00336979+0.00817939j 0.00241502+0.0111053j -0.0202481-0.0345517j 0.0223353-0.0010621j 0.00883311-0.0236076j -0.0242067+0.0340894j 0.00068248-0.00177246j -0.0245767-0.0149052j -0.0062602+0.011325j -0.0072872-0.018571j 0.00142046-0.00755865j 0.0122235+0.0296767j -0.0139435-0.00167989j -0.00284958+0.00677862j 0.00640778+0.010682j 0.0172702+0.0333972j -0.0181459-0.0211298j -0.011885+0.00656745j -0.0121962+0.0126599j 0.0222475+0.0328671j 0.00368255+0.00694607j -0.00147335+0.0111472j -0.02436-0.00136875j -0.0173318-0.00214834j 0.00058468+0.0103892j -0.0109529+0.00666288j 0.0146717+0.0269104j 0.00815838+0.00808496j -0.0086304-0.0114664j 0.0204697-0.0173992j 0.00605947+0.00558789j -0.0215097+0.0190183j 0.0386026-0.0105925j 0.0104699-0.00399626j -0.00535426+0.0191987j -0.0503032+0.0297889j -0.0211935+0.00780087j 0.00181566-0.0258464j 0.00391323-0.000331541j 0.0150137-0.0113972j 0.00559119+0.00668665j -0.000222701-0.0171274j 0.013206-0.0176414j -0.0131082+0.00756207j 0.041901-0.024504j 0.0147646-0.00414071j 0.021921-0.0319725j -0.0169809-0.0269197j -0.0294922+0.00744678j 0.00819161+0.00724404j -0.0106422-0.0216676j 0.0125535-0.0138697j -0.0479937+0.000803675j 0.0131596-0.00836228j -0.00741687-0.00638109j 0.0423469+0.00803166j 0.0320584-0.0426973j 0.0148981-0.00507087j 0.00532563-0.0347022j -0.00200289+0.0281435j -0.0123559-0.00149928j -0.0121264-0.00811188j -0.00290979+0.00361325j 0.0103202-0.0192571j 0.00753844-0.0382941j -0.00494965-0.0406095j 0.0432837-0.021858j 
-0.0250804-0.0174409j 0.00775776-0.0112922j -0.0174697+0.00636035j 0.03107+0.0364978j -0.0311666+0.00599311j 0.0511706-0.0068832j 0.0042531-0.00374585j -0.0288056+0.0022234j 0.0119704-0.0133195j 0.0311333+0.0403137j 0.0173285-0.00311879j 0.0127411+0.0112903j 0.056181+0.0154594j 0.0228361-0.0622671j -0.0155287-0.0196813j 0.0112082+0.00924854j 0.0359435-0.0361587j -0.00664962-0.0195131j 0.019413+0.00996153j -0.0344713+0.0668791j -0.0533541-0.0172757j -0.0106528-0.0318423j 0.0168987-0.0293168j -0.00212805-0.00295766j 0.0148221+0.0556767j 0.0541381+0.00924743j 0.0482918-0.0183441j 0.0141315-0.0111317j 0.048756-0.0399186j 0.0746127-0.0623623j 0.0217908+0.0468662j -0.0223016+0.0939693j 0.0563374-0.00457075j 0.0641798-0.0770723j 0.0600431-0.0302411j -0.0629376+0.0214995j 0.0706387-0.0895762j 0.00194336-0.0270205j 0.0509753-0.0514211j 0.0220008-0.000693267j 0.0161315+0.0131978j 0.0131987+0.0128927j 0.0220008-0.00185j 0.0207995-0.0267442j 0.0589205+0.17249j 0.0469446+0.0475445j 0.0159917-0.020262j -0.0652386-0.0555329j -0.0487033-0.0438699j -0.211096+0.0262154j -0.0303998+0.0824446j 0.0479831+0.0639267j -0.160276-0.0767693j -0.0596855+0.077558j 0.0026801-0.0392981j -0.0138294-0.107955j -0.030315+0.0662541j -0.135671-0.0219362j -0.113551-0.0470659j 0.172913-0.0144908j -0.0475451+0.00497387j -0.0821028+0.0265938j -0.0451552+0.0231695j -0.113165-0.06769j 0.00897287-0.0151517j 0.0174816+0.0397864j 0.0573306+0.00306467j -0.00708026+0.0222128j -0.02861-0.038985j 0.0270482+0.0325389j -0.0572054+0.0101357j 0.0234599-0.0219157j 0.00510999+0.0262848j -0.00733414+0.00552005j 0.0160538+0.0150479j 0.00329958+0.0203415j -0.0204159+0.104807j 0.0211761-0.0033709j 0.0542903+0.0337234j -0.0549721+0.0449665j -0.0302422-0.0242872j 0.024992+0.0057824j -0.0311023+0.00367439j 0.0127369-0.00913873j -0.0125546-0.0174501j -0.0259404+0.0144798j -0.0110273-0.0254311j 0.00124281-0.0264363j -0.00596952+0.0364335j -0.0163352-0.0215781j 0.00150848-0.0296779j -0.00939753+0.0158947j 0.00667217-0.00366874j 0.00700533+0.0443508j -0.0154317+0.03233j 0.0184165-0.0141119j -0.021243-0.0133355j -0.0236215+0.03862j -0.0127888+0.00493375j -0.0232717-0.0231409j 0.0352577-0.0384248j -0.0327167-0.0463468j -0.00596446-0.0262522j -0.0521717-0.00235289j 0.0101224-0.0642345j 0.010892-0.00687926j 0.04114+0.0229884j -0.0578283-0.0434634j 0.00286269-0.0331482j -0.00984899-0.0495621j 0.0309743+0.038469j 0.00230505-0.0565635j -0.0281458+0.0443703j -0.0191766-0.0436336j -0.031079+0.0363768j 0.00402762-0.031941j 0.0142623-0.0363379j -0.0237453-0.0283566j 0.0285883-0.0330352j -0.0156329-0.0255811j -0.0186463-0.0440488j -0.00295594+0.0023075j -0.0329035-0.0155677j -0.0134555-0.064951j -0.0302459+0.0265372j -0.00358057+0.00573448j 0.0397549+0.0443246j -0.0367258+0.0272514j -0.00403524-0.00929845j -0.0179716-0.0227563j -0.0166442-0.00185469j 0.000710917+0.036974j -0.0273848-0.0281515j 0.0102446+0.0287278j -0.00592281-0.01673j 0.0305912+0.0325291j 0.0105986+0.00614665j -0.0286181-0.0265726j 0.0389999+0.0358546j 0.00995851-0.032937j 0.0233054-0.0254182j 0.00767571-0.00577823j 0.00549425+0.0039346j -0.00334969+0.0221671j -0.0140958-0.0207699j -0.0011423+0.00707198j 0.0151525+0.026464j 0.0163849-0.0131237j -0.0142434-0.0213693j 0.00991817+0.0172699j -0.0172781-0.000951804j 0.0227388+0.00565459j 0.0197903-0.0324917j -0.00721552-0.00753687j 0.0103305-0.0439688j 0.0165768+0.000929838j 0.00062889+0.00299664j 0.0386424+0.000851218j -0.0213844-0.0115754j 0.0132398-0.0208416j 0.0139758-0.0198218j -0.00191674-0.009125j 0.00207357-0.0136306j 0.0142619-0.0062611j 0.00998212-0.0135398j 0.03061-0.00651735j -0.0024431-0.0200431j 0.00617025+0.0229607j -0.0186202-0.00292113j 0.00184241-0.00213549j 0.0204903+0.025754j 0.00299566-0.0142459j 0.0257037+0.0123981j 0.00632279-0.011671j -0.0287485-0.00234932j -0.00474236-0.0175157j -0.00902119-0.0134315j 0.0372998+0.0383393j -0.0154038+0.00877205j -0.00828196+0.00903568j -0.0148763-0.0206005j 0.0114904+0.0037024j -0.017727-0.0376749j 0.022083-0.0148495j 0.00167717+0.0100248j 0.00751618-0.00600985j -0.00920523+0.00126832j -0.000903601+0.00583868j 0.0314814-0.0278421j 0.00190616-0.00842319j -0.018762-0.0225524j 0.00697879-0.015942j 0.00312166-0.0543724j -0.0286241+0.0017216j 0.018426+0.0270105j -0.0386889+0.0165186j 
0.0164302+0.00472821j -0.00426862-0.020979j -0.0339244-0.0111905j -0.0124199+0.0218918j -0.0105473+0.0335721j 0.0504522-0.00461691j 0.0153195-0.00891523j -0.012091+0.00429554j 0.0101585+0.0418796j -0.0134985-0.0263323j 0.00318539+0.00550281j -0.00794666-0.00694838j -0.0114049-0.0165689j -0.0129393+0.0494107j -0.0172193+0.0270534j -0.0135697+0.0326782j 0.012626-0.00407063j 0.0498757+0.0147152j 0.0295044-0.0198587j -0.0274636+0.0123386j -0.0169526+0.0323431j 0.0132562-0.0254085j -0.00741087-0.0185016j 0.011912-0.0129019j 0.0417412-0.00878016j -0.0699248+0.0360822j -0.0443126+0.0183241j 0.00198258+0.0103616j 0.0381775-0.0552922j 0.0170786+0.0174638j -0.041329+0.0116205j -0.00983713+0.0583516j 0.100812-0.0464271j 0.0543089+0.00870861j 0.0657409-0.0431267j -0.00798582-0.0142941j 0.0401556-0.0234636j -0.00247074-0.0119367j 0.000703764+0.0343219j 0.019492-0.0480229j 0.0664404-0.0143068j 0.0692988-0.0155966j 0.0371725+0.0426327j -0.0493005-0.00793298j -0.00500421+0.0354757j -0.0224743+0.00207439j -0.0138235+0.00329442j -0.00637955+0.0583408j 0.0859381+0.00152753j 0.0243491-0.0400642j -0.0587295-0.0187124j -0.0469363+0.0564931j 0.0134877+0.0675314j 0.0922507-0.000325997j 0.0341019-0.00694665j -0.0389286-0.000893686j -0.0103436-0.0379619j 0.00663425+0.0152426j -0.0223905+0.00901423j 0.0349134+0.069327j -0.0244463-0.0552117j -0.0490883+0.04289j 0.0100966-0.0762358j -0.0605109+0.0352382j 0.020782-0.025744j -0.0668259+0.0339562j -0.0137645-0.000956453j -0.0160479-0.0199466j -0.0520754+0.015741j 0.0295816+0.0272925j 0.0222483-0.0364383j 0.000777528+0.0252668j 0.0835278+0.0127272j 0.0168933-0.00896506j -0.00185381-0.00135441j 0.0111553+0.0380207j -0.00858705+0.00541655j -0.015465+0.0321199j -0.00978538-0.00357193j 0.0148962-0.0318569j 0.0285711-0.0606585j -0.0788977+0.0331991j 0.0324448-0.0847934j -0.00987302+0.0604411j -0.0329827-0.0655979j 0.00535955+0.011749j 0.103444+0.0699322j -0.0149855+0.0170397j 0.0130474-0.0013012j -0.00856966+0.0345413j -0.0557857-0.0396532j 0.0134398-0.0294538j 0.00942375-0.0137308j 0.00279247-0.0424481j 0.050601+0.00324106j -0.0274193-0.0801942j -0.00845828+0.00892802j -0.0237492-0.00556201j -0.0197609+0.0367458j 0.0211743-0.0270074j -0.0359404-0.0301844j 0.041313+0.00152047j -0.00635485+0.0364289j -0.00365715-0.0221335j -0.0249363+0.0183913j -0.0387319-0.0156233j -0.0667097+0.017057j -0.0440045+0.00150854j -0.0447951+0.011993j 0.0294034-0.0108187j -0.010668-0.055938j -0.0034803+0.0391493j 0.0964167+0.000855221j -0.0257727-0.0148928j 0.0576708-0.0464085j 0.0249186-0.0128661j -0.00623869+0.0711378j -0.00682313+0.0142067j -0.0179164+0.0220341j 0.00500755-0.041697j 0.0464796-0.0240803j 0.000292581-0.0132297j 0.00666277+0.0113793j -0.0183898+0.0111903j 0.013388+0.0336979j -0.00697536+0.020981j 0.00652191+0.0105585j -0.00651197+0.0221952j 0.00125233+0.015259j 0.0216626-0.0115102j -0.0236914-0.0118555j 0.00447902-0.0145955j -0.00805955-0.0115492j -0.00750122+0.00345985j -0.000721688+0.00847843j -0.0319566+0.00892497j 0.00233696-0.00277332j 0.0133746-0.00336309j 0.00655877-0.010978j 0.0059706-0.00421693j -0.0238084+0.0183149j 0.00352723-0.0136164j 0.0252126+0.00952648j 0.0140764+0.00847296j -0.0116061+0.0239044j -0.00112145-0.00251239j -0.00436548+0.00980619j 0.0323695+0.0192256j -0.00460874+0.0140498j -0.0327517+0.0189793j -0.00060062+0.0123296j 0.0135248-0.00947061j 0.0146053-0.015233j -0.00761645-0.00329911j -0.0161966+0.00869081j -0.021501+0.00698791j 0.0176623-0.00333372j -0.0231575+0.00552765j -0.0217473-0.0276141j 0.022281+0.0137289j 0.00905501-0.013028j -0.027226-0.0150171j 0.00432869+0.0151467j 0.0217925+0.020212j -0.0156505+0.0181724j -0.0404395+0.00390719j -0.000958413+0.0226065j -0.0039942+0.0212912j 0.0226808-0.00294954j 0.00763088+0.0266856j -0.017916+0.0180772j 0.00299665+0.0146857j -0.0366232+0.00202089j -0.00940166+0.0142856j -0.0180135-0.00830178j -0.0150955+0.0120261j 0.0604795+0.00972926j 0.0180465+0.00212695j -0.0221475-0.0326744j -0.0066532-0.0113081j -0.0132921-0.0246839j -0.0264996+0.0495592j 0.0407823-0.0150785j 0.0111201+0.0595282j -0.0430713+0.00642724j 0.000227753-0.000627564j -0.0197018-0.0364463j -0.024064-0.0222384j -0.020702+0.0115934j -0.00958597+0.0333329j -0.0271294-0.00458013j -0.0199979+0.00545263j -0.00420182-0.0102332j 0.00378974+0.017972j 0.00917469-0.0221777j 0.0272729+0.00852216j 
0.00987911+0.00457668j 0.00187853+0.00779696j -0.0202701+0.0261506j -0.0222224-0.00979789j -0.00305245+0.00287251j 0.0335478-0.0411139j -0.0182675+0.00423439j 0.00703495-0.0213991j 0.0502141+0.000855909j 0.0180227-0.0193503j 0.00265883+0.0144167j 0.0102945-0.013679j -0.0293-0.0278482j 0.00669005-0.0272606j 0.0134541+0.0170566j -0.0052534-0.0105187j -0.00162868+0.0074318j 0.0119276-0.0221756j -0.00875702+0.00364061j 0.00990432-0.0114339j 0.0247105-0.0087215j -0.0109949+0.0153297j 0.0139168+0.0105354j -0.020573+0.00933782j -0.0191049-0.00701154j 0.00142326+0.0102488j 0.00175948-0.0110205j 0.0366156-0.00754124j 0.0407076-0.0390355j 0.00177075-0.0487647j 0.00470958-0.0244861j 0.00679246+0.0121383j -0.00637118-0.00667702j 0.0322363-0.030186j -0.0131626-0.0609372j 0.0129623+0.0170599j -0.0398103+0.00952433j 0.0130402+0.00418938j 0.0658386-0.0550504j -0.0504905-0.028144j -0.067103+0.0251451j -0.0482375+0.00974465j 0.0127839+0.00820101j 0.0530465-0.0433953j 0.0218913+0.00265643j -0.00963795+0.0327385j 0.00789382+0.0165237j 0.0181541+0.0550781j 0.0761682+0.028801j -0.0225173-0.077628j -0.0842381+0.0476911j -0.00845819+0.0341578j -0.0522225+0.0612572j -0.0378891-0.0277369j 0.0681597+0.0435919j -0.0399592-0.0304591j 0.0376377-0.0209109j -0.00453372-0.0037199j -0.0824815-0.0115918j -0.0317289+0.012383j -0.0583466+0.0133659j -0.0156541-0.00111977j -0.00159982+0.0375001j -0.0303515+0.107035j 0.00900529-0.0355555j 0.0304956+0.00533718j 0.0543717+0.000837607j 0.0237834-0.0479281j 0.0388967+0.0872027j 0.0169028+0.0525807j 0.0171247+0.0515082j -0.0739457-0.0446407j -0.121334-0.122722j 0.00132422-0.0569592j 0.0722851+0.0594291j -0.0850738-0.116608j 0.00557765+0.0163431j -0.0156211-0.0279202j -0.0414474-0.0416854j -0.0019878+0.0149329j 0.00327776-0.0941623j 0.00395333-0.03101j 0.00729107-0.0289811j 0.0225984-0.0239164j 0.0026775+0.0322943j 0.00770297-0.0377467j 0.047714+0.0140276j -0.022528-0.0389355j -0.0128127-0.13204j 0.0151364-0.150758j 0.0253725+0.00377985j 0.0482045+0.0438609j -0.0686888-0.0189147j 0.0133921-0.0338921j -0.0396616+0.0411217j -0.0254756-0.0118231j 0.0216174+0.0180453j -0.00217274+0.0165488j 0.0150094+0.0396837j 0.0212784+0.00258151j 0.0213828+0.0631241j -0.0199103-0.0718956j 0.0315582+0.0466596j -0.0137265+0.000492211j 0.023449+0.028733j 0.0172013+0.0128577j 0.0368308+0.0369634j -0.0156456-0.0302991j -0.0459687-0.0640218j -0.0138247-0.034665j -0.0157104+0.015816j 0.00495394+0.00899036j 1.46755e-05+0.000530361j -0.0177236-0.0480781j 0.0448037-0.0255117j 0.01075-0.0063833j -0.00151991+0.0015883j 0.00354272+0.00424425j -0.00303429+0.0293023j 0.0327277+0.0332329j 0.0356498-0.00332026j 0.0207003-0.00664142j -0.00232162-0.0182064j 0.00301184-0.0072729j -0.00399808-0.00887554j 0.0281793+0.00106184j 0.00730903-0.00891536j -0.0241224-0.0284351j 0.0100878-0.00258612j 0.025755+0.00391281j 0.0114267+0.0168958j 0.0164193+0.0243185j -0.00404361+0.0100257j -0.051363-0.0247254j 0.0126978+0.0182213j -0.023099+0.00627393j 0.00907886+0.0278398j 0.00285222+0.0247138j 0.00754026+0.0164558j 0.0189587+0.0113904j -0.00684014+0.0104626j 0.0189963+0.011406j -0.00791669+0.00401025j 0.029111+0.00816501j 0.0112406+0.00341742j 0.0120041+0.0136389j -0.00874286-0.0181555j -0.0186533-0.00557709j 0.00577277-0.00346282j 0.00560463-0.0195737j 0.0221443-0.00628534j 0.00421086+0.00423007j -0.00242482-0.00268664j -0.00411327+0.030793j 0.00261127+0.0190411j -0.031821-0.0117204j -0.0297272-0.0441478j -0.0254457+0.00147458j -0.0112047+1.41868e-05j -0.010682-0.0141582j 0.00388821+0.0330167j -0.0162906-0.0174175j 0.00107638-0.00794622j -0.0226397-0.00933431j 0.00930829+0.00376393j 0.00154777-0.00209672j -0.0143945+0.0231706j -0.0335161-0.0136447j 0.000315362-0.0143106j -0.0118953+0.0176204j -5.34531e-05+0.0319561j 0.00416184+0.0145263j -0.00891164-0.00293535j 0.0257217+0.018087j 0.0360517+0.0328862j 0.00197824-0.0302939j 0.0442978-0.00170783j 0.00596779-0.02268j 0.000796528+0.025631j -0.00391448-0.0148447j 0.00522929-0.00785984j 0.00440003-0.00354647j -0.00948984+0.013019j -0.00778032+0.00799462j -0.0298816+0.00735882j -0.00900153-0.00774154j -0.0218174-0.00400693j -0.00722194-0.00186158j 0.00254989-0.0126309j 0.00918752+0.000457966j -0.00608749-0.00183561j -0.00419554+0.0109069j 0.0123188+0.00201946j 0.00996735-0.00743274j -0.00870057+0.004234j -0.00620033-0.0119445j 
-0.0285408-0.00928487j -0.0155139+0.00671356j 0.00398555+0.00728969j -0.00534073+0.0207746j -0.0133739+0.0141068j 0.00526311-0.00905341j -0.00917946+0.0132674j -0.00709593+0.00477749j -0.0109663-0.0405275j 0.0180078+0.00548411j -0.000816211-0.0122934j 0.0187192-0.0218838j 0.00838467+0.00492616j -0.0162045-0.0198587j -0.023928+0.0229869j -0.01493+0.00929644j 0.0117617+0.0375679j 0.00237382+8.17207e-06j 0.0293+0.00373761j 0.0349145-0.00430397j 0.00422806+0.00715441j 0.011222+0.0352932j 0.00998921+0.0164893j 0.0177171-0.0233993j -0.0207635+0.00949761j 0.008872-0.0133497j -0.0523261+0.0115805j -0.0164116+0.0353338j 0.052978-0.00969136j 0.035887+0.0201726j -0.0347921+0.0168987j -0.0827034-0.00405192j -0.0096071-0.0221526j -0.00247774-0.000999936j -0.00502316-0.00864262j 0.062519-0.0100918j -0.0182697-0.0058662j -0.0233961+0.0319092j -0.0313593+0.0702552j -0.0428024+0.0770322j 0.034787-0.00249801j 0.016431-0.0391705j 0.0615491+0.0619639j -0.0602346+0.00496507j -0.0803561+0.0327833j -0.0491648-0.0214067j -0.00826501-0.0424709j -0.0352137-0.0237191j -0.0108178-0.0141959j -0.00240915-0.0159686j -0.00402053+0.0240084j -0.0439605-0.0132937j -0.033255+0.0483812j 0.0160348-0.0645572j -0.0290661+0.0745841j -0.0181563+0.0559334j 0.11891-0.00761292j -0.015999-0.0104315j 0.00102597+0.0345013j 0.0397783+0.025976j 0.055199-0.0217092j 0.0149451-0.0176852j -0.0181767-0.0181288j -0.0201506-0.00734269j 0.00814355-0.0423925j -0.0713539-0.0285916j -0.040365+0.0146159j -0.0229292-0.0420441j -0.0230745-0.016927j 0.0256734-0.000673389j -0.0233605-0.0471969j 0.00899632+0.0152962j 0.00851539+0.0469434j 0.0257861-0.0294498j -0.0167068-0.0129167j 0.0267823+0.00588164j -0.0573569+0.0135629j 0.015277+0.0313685j -0.0198389+0.0443281j 0.00223148-0.0208362j -0.0416654+0.0106036j 0.0425986-0.00658663j -0.0419434+0.0585668j 0.00599034-0.0607923j 0.052066-0.00959484j 0.00942961+0.0118713j -0.0501073-0.0557076j -0.00193366-0.0337321j -0.0150826-0.00450842j -0.0349927+0.0350514j 0.00668909-0.029682j -0.0563301-0.0255279j 0.00193033-0.0154533j -0.0107304-0.0362211j 0.00846769-0.00851183j 0.011264+0.0256661j 0.0399455-0.0770704j -0.0612151-0.00486137j 0.00790432-0.0121655j -0.0219164-0.0429654j -0.0100276-0.0164663j -0.000460494-0.0788294j -0.0549047+0.0106106j -0.012165-0.0787463j -0.00536725-0.0319873j 0.0691298-0.00754948j -0.0807969+0.091365j -0.103123-0.0755871j -0.0169236+0.0250242j -0.0739328-0.0473478j -0.0199536-0.0129387j -0.0269005-0.00350643j -0.00745512+0.0201793j -0.0223929-0.00181596j -0.00857614-0.00815641j 0.0645364+0.0373807j -0.0102456-0.00471758j -0.000690253-0.0118788j 0.0031965+0.00198307j 0.0364902-0.0316024j 0.0491286-0.0285852j 0.00936223-0.0118385j 0.00209935+0.00590263j 0.00335784-0.0253635j 0.0102332-0.0162204j -0.00879103+0.00764387j 0.0188444+0.0210954j -0.0157668-0.0304386j 0.004761-0.00191512j 0.0195435-0.012559j -0.0212984-0.00564415j 0.0153772+0.0262635j -0.0126846-0.0240113j 0.00716464+0.0111701j -0.0160268-0.0121694j 0.0133313+0.0166363j 0.0257484-0.0121451j -0.0077375-0.00640934j 0.026091+0.000588563j 0.023849+0.0161841j 0.00615156+0.0521124j 0.0140755-0.0248206j 0.0155578-0.00114013j 0.020368+0.0169142j -0.00213361-0.0138146j 0.00891016-0.00370762j 0.0234993+0.00320142j 0.0153718+0.0172885j 0.00686204+0.00812569j 0.00395495-0.0158947j -0.0168195-0.0202593j 0.0223344+0.0113601j 0.0190784+0.00757166j -0.0132597+0.00312942j 0.0288994+0.00092484j 0.0111999+0.0312519j 0.00835684-0.00206652j -0.0178404+0.0167121j 0.00492464-0.0221679j -0.0415961+0.0306723j -0.0356688-0.00517748j 0.00993478-0.00656223j -0.00824819-0.00186358j 0.00966917+0.00232294j -0.038904+0.00722421j 0.00472124+0.00506008j 0.00709423-0.0123355j 0.01777+0.0146263j 0.0156084-0.0148109j 0.019653-0.0144021j -0.00589815-0.0122273j 0.0188567-0.0195335j 0.0168484+0.0142233j 0.00841305-0.000586328j 0.00652058-0.012257j -0.025226-0.0178118j -0.0184092-0.00456243j -0.00640468+0.00392772j -0.0170839-0.0157276j -0.00255091-0.0101441j -0.0173618-0.00774523j 0.0196534-0.0182259j 0.0126704-0.0464957j -0.0274756-0.000273618j 0.0293148-0.0187968j 0.00551856+0.00891823j -0.0221479+0.00708284j 0.0102521-0.024784j -0.039875+0.00193735j 0.0140414+0.0233633j -0.0209568+0.017525j 0.0177001+0.0138842j 0.00202131-0.00391105j -0.00540771+0.00170815j 0.000348242-0.00666369j 0.00756959+0.00715065j 
-0.0280527-0.00819398j -0.0185601+0.0075836j 0.00924737+0.00892733j -0.0011823+0.0280925j -0.0506531+0.009354j 0.0294459-0.00742206j 0.00342041+0.00212635j -0.00135624+0.00230273j 0.00197435-0.0435749j 0.0105468-0.00993549j 0.00571867-0.021801j 0.0132726-0.0394889j 0.00178413+0.0100916j -0.0115092-0.0043442j -0.0134867+0.0110571j -0.00568623+0.0113862j -0.0286726+0.00323833j 0.0196764+0.0106482j 0.0176365-0.0268598j -0.0125084+0.00560673j 0.0018446+0.0220232j -0.013549-0.00759208j 0.0276749+0.0198911j 0.0209112+0.00410372j -0.000496097-0.0198129j -0.0274786+0.00762266j -0.0329444-0.037622j -0.0145236-0.0286244j 0.000853764+0.0420926j 0.005987+0.0390527j 0.0146661+0.0570855j -0.0993202+0.00453679j 0.0209246+0.00552167j -0.00231808+0.00899718j -0.0088047+0.0268543j 0.0372094-0.0445289j -0.0100767-0.0407772j -0.0287318-0.00382716j -0.0142093-0.00463427j 0.0445225+0.0218868j 0.0595144-0.00839477j 0.0597304-0.02073j 0.0178721-0.0428959j -0.0883836+0.0351614j 0.00292694+0.0336822j 0.0391701-0.0394788j 0.0635681-0.0334052j -0.00311035+0.00107232j -0.111518-0.017628j -0.0953954+0.0445411j -0.0369927-0.0170163j -0.028678+0.0659606j -0.0365442-0.0255057j 0.0393666-0.00852537j 0.0174888-0.0209316j -0.103871+0.0377066j 0.068675+0.0231809j -0.0172537+0.0274199j -0.0527804+0.0673613j 0.0398607+0.0718128j 0.0226339-0.0397836j -0.0304543-0.0255948j -0.0141559-0.0163708j -0.0386617+0.0955758j -0.0244728-0.0640832j -0.0501569-0.0214564j -0.0108831+0.0226642j -0.0054791-0.00893272j -0.0205201-0.00549659j -0.0450626+0.00360233j -0.0133599-0.00805425j -0.0186797-0.0202544j -0.0193263+0.0417225j -0.0121262-0.0168217j 0.035228+0.0106642j -0.0360901+0.00442899j -0.0308018+0.0922999j 0.0122345-0.017809j -0.0102413-0.0528618j 0.0274726+0.0202975j -0.0470136-0.0531521j -0.0378756-0.0575697j 0.00812467-0.0141822j -0.00826723-0.0901025j -0.0485283-0.0333733j -0.0343359-0.0508405j -0.0243022-0.0521912j -0.0439799+0.028514j -0.0751323-0.168666j -0.103758-0.155726j -0.025094+0.00310076j 0.0337826+0.0348697j 0.019432+0.0555118j 0.00466635+0.0260115j 0.0333157+0.0623913j -0.0427897-0.0468899j 0.0156324-0.0362913j 0.00160626+0.00287788j 0.0131106+0.017847j -0.0205607-0.0449653j -0.020205-0.0217104j -0.0455223-0.0331929j 0.0426943+0.0129664j -0.0226923+0.0244956j -0.00826885-0.0431017j -0.00280906-0.0327391j -0.0291226+0.0791086j 0.0246148+0.0139667j -0.00382741+0.0140435j 0.00294013-0.0569662j 0.016329+0.0136661j 0.0432195-0.0266282j 0.00362307-0.0469948j -0.00900793+0.00812117j -0.0437866-0.0191785j 0.00482362+0.0212305j 0.0292639-0.015487j -0.0348746-0.000627246j 0.0395119+0.0126661j -0.00862889-0.032604j 0.00665283-0.0532942j 0.00800812-0.0153127j -0.00850441+0.00286469j -0.00794698-0.0174516j -0.0101222+0.0501252j 0.016124-0.0111673j 0.0289967+0.0275767j -0.00264686+0.0525014j -0.0144329+0.00517962j -0.00478443-0.0133792j -0.00988611-0.0216737j -0.00453192+0.00807716j -0.0037354+0.0103272j 0.000608259+0.0401487j -0.0459873+0.00301253j 0.0116722+0.0223041j -0.00226959-0.0113244j 0.0261028+0.0306747j 0.0246574+0.00798616j -0.000261696-0.01933j 0.010965+0.014253j -0.00927102-0.0149807j -0.00265346+0.0132113j 0.00301697-0.00878949j -0.0120794+0.00487319j 0.00202691-0.0233435j 0.00526957+0.0119851j 0.010088+0.0210235j -0.0125112+0.00975684j -0.0230367-0.0237795j -0.0104052-0.0110194j 0.000527936-0.000951947j -0.0202667+0.0112697j -0.00108706+0.0136884j 0.00696155+0.00136424j -0.0055098-0.0034165j -0.0231156-0.0088644j 0.0201273+0.0187007j 0.0029862-0.0064j 0.0102011-0.00467923j 0.00854113+0.0191076j 0.00965808-0.0329506j -0.0244779+0.0117192j 0.0227684+0.0253959j 0.00861197+0.01513j -0.0209518-0.00125192j 0.0395868+0.017474j -0.00282636-0.0208936j 0.0106391-0.0004333j -0.00308671-0.00088191j 0.00741372+0.034689j -0.0122517-0.0087969j 0.00699561-0.000121156j -0.0101489+0.000223101j 0.00708749+0.0143267j -0.00136667-0.00978258j 0.00460108-0.0186289j -0.000506748+0.00325577j -0.00509684-0.00466098j -0.00894048-0.0220135j 0.00676051-0.0108134j -0.0188773-0.00163188j -0.00305525-0.0225433j 0.015632+0.0242346j 0.0208401+0.00728284j 0.0350817-0.00191134j -0.0187796+0.0135081j 0.00207242-0.0173176j 0.000631279+0.0280574j 0.00883665-0.000884541j -0.0220757-0.011188j 0.000686557+0.0150978j 0.0130908-0.0285407j -0.0148317-0.0197284j -0.00158565-0.0163481j 0.0166067+0.0158458j 
5.66744e-05-0.00559006j 0.0423781+0.00362705j 0.0123023-0.00266664j 0.0250919+0.032335j 0.0351925+0.0213919j -0.0045599+0.0061601j 0.00480572+0.0169037j -0.00317087-0.00332163j 0.0276698-0.0143031j -0.0445927-0.0132352j -0.0191105-0.00936378j -0.0255642-0.0197872j -0.0091009-0.0268229j 0.0019965-0.00248101j 0.0478812-0.0374483j 0.0146854-0.00478551j -0.0264499-0.0304758j 0.0131954-0.00487052j 0.00553366+0.0377074j -0.0206361-0.0102252j -0.000984742-0.0598342j -0.000878783-0.0130742j -0.00649067-0.020147j 0.0208342-0.00532124j -0.0607608+0.00281793j -0.00474985-0.00285532j -0.0104224+0.0264641j -0.01556+0.00132397j -0.0207686-0.0367068j -0.00125863+0.0173956j -0.0094526-0.0214278j 0.0772753+0.00671593j 0.0263255+0.0281857j 0.000332621-0.0121072j 0.052728-0.0113812j -0.0545464+0.0265167j 0.0157293+0.0107413j 0.02313+0.0304832j -0.0472624-0.0256842j -0.0167944-0.0670621j -0.024209+0.0339056j 0.00315375+0.024874j -0.0129975+0.0202328j 0.0737047-0.0382817j -0.0359368-0.0495833j -0.0248226+0.0265984j -0.0314367+0.0876351j -0.0302478-0.0178084j 0.0757639+0.0178826j 0.0460276-0.0703431j 0.0291839-0.0129775j 0.0898133-0.0197253j 0.0723926+0.0484659j -0.0572924-0.00125419j 0.0495528-0.0168746j 0.0597359+0.00149754j -0.0396957+0.0375828j -0.0129928-0.0483284j 0.0871167+0.0214538j 0.0624547-0.0088825j -0.0135217+0.0723104j 0.0768141-0.0277945j -0.0192009+0.0373814j -0.0245795-0.0908906j 0.0474511+0.0415208j 0.0223549+0.0158056j -0.00315118+0.0156315j -0.0566804-0.0112748j 0.0065284-0.0185475j -0.00656164+0.0137241j 0.0208077+0.0110806j 0.0454557+0.0274839j 0.00849871+0.0694992j -0.0426377+0.0115318j -0.0833617-0.063465j -0.020028+0.067471j 0.0249+0.0384325j 0.0416897-0.0042842j -0.0216938+0.0272101j 0.0786881+0.0256669j -0.00725318+0.0371563j -0.0116748+0.0146644j -0.0187519-0.0160812j 0.00707055-0.0678527j -0.0184227+0.00139842j -0.00391611+0.0183686j -0.0486872-0.00837593j 0.0289423-0.0286294j -0.145105-0.165338j -0.150358-0.200795j 0.00367371-0.0114512j -0.0087267+0.0378052j 0.0795267+0.0957093j 0.0377723+0.0044958j 0.0510566+0.0130073j -0.0108192+0.0132642j 0.0292688+0.0225156j -0.021373-0.00448787j 0.0229898+0.0260417j 0.0349163-0.0425974j 0.0209447+0.0224894j -0.0103218+0.02955j 0.0199951+0.0139334j 0.0184648+0.011478j -0.00413855-0.00869126j -0.0302884+0.0233155j -0.000354309-0.0570005j 0.00623671-0.0239484j -0.00126433+0.0191057j -0.0469985-0.0278509j -0.0216856+0.0234568j -0.0146349-0.027698j -0.0287737+0.0323332j 0.0134005+0.0481914j -0.0140016-0.0196404j 0.0238127+0.0185079j -7.41213e-05-0.0361361j 0.024381+0.00928482j -0.0157374+0.0234703j -0.0100869+0.00354368j -0.0151673+0.0503609j -0.0076348+0.0280848j 0.0250808+0.0381367j 0.0198093+0.00790454j 0.00280862-0.0509707j -0.000485722-0.00318556j 0.0234057+0.0068903j 0.00336159-0.0185136j -0.012345-0.0380047j 0.0022737-0.0109907j -0.029457-0.0450875j 0.0284111+0.0134404j 0.00720909+0.0156971j 0.0377459+0.065125j -0.0275397-0.0532928j 0.0110216-0.00021196j 0.00720736+0.0112291j 0.0328822+0.000878803j 0.0106784-0.0055617j 0.00304971+0.00697662j -0.000922391-0.0101179j -0.0126794-0.0030835j -0.000239877+0.0247327j 0.0111692-0.00634693j -0.0116095-0.0383525j -0.00152375-0.00847122j 0.00341463+0.0129591j 0.024893+0.0162977j -0.0160857-0.0123963j -0.0230219-0.0164557j -0.0153292-0.028656j 0.0173396-0.00696204j -0.00777256+0.0158853j 0.00340283-0.0143543j 0.00311376-0.00265309j -0.0127135-0.00323836j -0.00691957+0.0220548j 0.0225945+0.002232j 0.0106479+0.0273609j -0.018764-0.0157342j 0.0114093-0.0267503j -0.00807724+0.0182916j -0.00140896+0.0108298j 0.0104158+0.0144961j -0.0159531-0.0357258j -0.00798025-0.0121954j 0.010795+0.0360073j -0.00271309+0.00317956j 0.0191747-0.0140433j 0.0151716+0.000544796j 0.018115+0.00731319j -0.0176335-0.0316822j 0.013578+0.00496239j -0.0120452+0.00490889j 0.00426696+0.020357j 0.0236407+0.0158938j -0.0025587+0.0152682j 0.0144363+0.0221761j -0.000534454-0.0040294j 0.0217716-0.013968j -0.00423476+0.0285246j 0.0237859-0.00797544j -0.0152087+0.0140446j -0.00805923-0.0120494j -0.00316425+0.00487931j -0.00173038+0.00395465j -0.0154744+0.00440927j 0.00632566+0.0165499j -0.0167292-0.0223521j 0.0117242+0.00851828j 0.00976215-0.0030715j -0.00625626+0.0145973j -0.00779938+0.0225792j 0.00071652+0.0261287j -0.00131127+0.0157259j -0.0152914-0.0251335j 
-0.0142895+0.0172051j 0.00572321+0.00395153j -0.0158821+0.007799j 0.00142937-0.0177846j 0.032681-0.0239646j 0.00142164-0.0281016j 0.000782862+0.00420992j -0.00840325+0.0175132j 0.0293738+0.0172106j -0.0013413-0.00471988j -0.00767501-0.0111216j 0.0124844+0.00809843j 3.07901e-05-0.0287048j 0.0696838+0.0223659j -0.0107105-0.00950781j -0.00862886-0.00780929j -0.0354359+0.0167277j 0.000468601-0.030536j 0.0114026-0.0169131j 0.00628796-0.0109936j 0.00750474-0.00955754j -0.043596-0.0160478j -0.00398093+0.0208944j 0.00461861+0.00500712j -0.0239483-0.0191223j -0.00685841+0.0231318j -0.0190047-0.00301851j 0.00822527+0.0139971j -0.00111645+0.00324225j 0.00548901-0.0189013j -0.0277507+0.0250866j 0.0328739-0.034395j 0.0171523+0.0177071j 0.0440246-0.00220278j 0.00316875-0.0333351j 0.00860816-0.010172j 0.0127989-0.0331539j 0.00778594+0.00767528j 0.0431373+0.000561846j 0.0394623+0.0130043j 0.0149125+0.00194428j 0.00209662+0.0031923j 0.0308149-0.058521j 0.0402758+0.0382145j -0.0115339-0.00992061j -0.00110988+0.00285621j -0.00371057-0.000387301j -0.0425326-0.00137061j -0.0332112-0.0200836j 0.0207063-0.0221295j -0.0613693-0.0664521j 0.0307831-0.0416344j -0.0310808-0.0119974j -0.0338249-0.00837116j 0.0124275-0.0639314j 0.0137034+0.00490159j -0.026821-0.0345528j -0.0155128+0.0175233j -0.0354862-0.0106122j 0.0319333-0.00544771j -0.000919556-0.0325905j 0.0454085+0.0318804j -0.0216448-0.00888462j 0.0223262-0.00231722j 0.0249229-0.00795573j 0.0217993+0.0134362j 0.0809857+0.0417923j -0.0292508+0.00141081j 0.0134859+0.00594749j 0.00548315-0.0452918j 0.0218494-0.0114408j -0.0272139-0.00399898j 0.00278634-0.0390911j 0.0424317+0.011818j 0.00805354+0.0464094j -0.012717+0.0200317j -0.0401081-0.0401924j 0.0350183+0.0198913j 0.10537+0.0317569j -0.0333243-0.00959685j 0.0156072+0.0652715j 0.0403371+0.036971j 0.0584933+0.0288354j 0.0534976-0.00506644j -0.025441-0.00843829j 0.0666397+0.000556365j 0.0218146+0.0417928j 0.0130979+0.0406942j 0.1355+0.124314j 0.0664042+0.178475j -0.00944913-0.0330282j -0.0429352+0.039561j -0.0175152-0.0539439j -0.00299489-0.0228909j 0.0150524-0.00635542j -0.0993018-0.0465191j 0.0254242+0.0549186j 0.0220703+0.0816694j 0.047074-0.0520243j -0.0442911+0.0142265j -0.0178719-0.0522782j -0.02398-0.0666084j 0.0211929-0.0382151j -0.00618302+0.0344678j 0.0304441+0.046724j 0.0149859+0.0179485j 0.0607102+0.0455554j 0.0396106+0.0307941j 0.0209473-0.00170721j -0.0210111-0.0224891j -0.0188001-0.0217661j 0.0282224+0.00558678j -0.0839149-0.0379625j -0.0325466-0.0615405j -0.0251205+0.0330361j -0.00272706-0.0172089j 0.0221475-0.0205408j -0.0116237-0.0273479j 0.0445376+0.0211854j 0.0134985+0.0156961j -0.0105595+0.0176126j -0.000155623+0.0386719j -0.0247052-0.0227985j 0.0236247-0.00328491j -0.00862558-0.0171404j -0.00707807+0.0271377j 0.0251927+0.00363801j -0.0239867-0.000587311j -0.00355053+0.0115507j 0.00239831-0.0313909j 0.0148629+0.0182894j 0.00488698+0.0082365j -0.00417682+0.00977238j -0.0261815-0.021276j -0.0212691+0.0136668j 0.00522584-0.00919725j -0.0334872+0.000394632j -0.0204512-0.0213807j -0.00295164+0.00993403j 0.00703399+0.00384547j 0.0178176+0.00568326j -0.0152008-0.000444139j -0.0294762-0.0318454j -0.00668124-0.013624j 0.00347313+0.0141768j 0.0179372-0.0103169j -0.00861975-0.0132279j -0.0363483-0.027463j -0.00376722-0.00115515j -0.00714194-0.0100046j 0.0115281-0.0152361j -0.00544137+0.00454143j 0.00392111+0.0117375j -0.0150463-0.0192901j -0.0192746+0.00212355j -0.00519012+0.00469368j 0.00972155+0.00476951j 0.0104823+0.00491301j 0.0272312+0.0264038j 0.0314241+0.00584107j -0.0252209-0.00437455j 0.0316008+0.00252944j -0.0138103+0.0102046j -0.0163581-0.0513258j 0.00243975-0.0136453j -0.0133395+0.00217587j -0.00445406+0.00348091j 0.00931782+0.0236996j 0.0115272-0.00775834j -0.00877748-0.00870286j -0.00301144-0.000176209j 0.0064738-0.00786282j -0.025578-0.0173222j 0.00376703+0.00704204j -0.0058892-0.0302134j -0.010081-0.00698534j 0.0100556+0.00428635j -0.0140141-0.028571j 0.0122018-0.010241j 0.0116576-0.037221j 0.00571146-0.00552028j 0.018571-0.0040048j -0.0244228+0.00240129j 0.00176579+0.00840271j -0.00614635+0.0017432j 0.0247755-0.0108902j -0.03087+0.00737363j 0.00999558-0.00200721j -0.000171259+0.0152612j 0.0159398-0.0035697j -0.000969092-0.0209794j -0.00445933+0.0236392j 0.0154131+0.00191521j -0.00505854+0.00230709j 0.00152187+0.000951498j 0.00603647-0.00719982j 
-0.0174677+0.00146064j -0.000991271-0.0164006j 0.00331981+0.0055805j 0.0178865-0.00344799j -0.0208352-0.0181519j 0.070862-0.0140348j -0.000864813+0.0145049j -0.020866-4.24456e-06j 0.0136892+0.00938583j 0.00703023-0.0186517j -0.0120456+0.0235921j 0.00378275-0.00844606j 0.0277909+0.0320613j 0.0254268-0.00287483j -0.00635806-0.0244308j -0.0199099+0.0304661j 0.0286272+0.000356021j 0.0391802-0.016047j -0.013219-0.00270732j 0.00797814-0.0365654j -0.0188602+0.00306793j 0.0227829+0.0108443j 0.0257872+0.0222431j -0.0140307+0.0346869j 0.0531375+0.00598577j 0.0281623+0.0322328j 0.0423998+0.0270876j 0.0266951-0.0372625j 0.111072-0.0173532j 0.0536857-0.0106588j -0.0271218-0.0454812j -0.0493623+0.00193424j 0.0387586-0.0207207j 0.0613877-0.0220011j -0.0920618+0.015103j 0.0156882+0.0317262j 0.0545295+0.00650805j 0.0907728+0.0224166j -0.0172638+0.018816j -0.087883+0.037202j -0.0344614-0.0607633j -0.0345995+0.0265571j 0.0338016-0.0534287j 0.0699096-0.0417515j 0.0146473-0.0454795j 0.0557159-0.0625687j 0.00997138-0.0389748j -0.103874+0.0789766j 0.0403995+0.0180219j 0.0747872-0.00523174j -0.0769471-0.100964j 0.119125-0.0439707j -0.117121+0.0753152j -0.00256465-0.0574168j 0.0591985-0.00282025j 0.0908806+0.0316187j 0.00336948+0.0178849j -0.0412872+0.0645063j -0.0186873+0.0273861j 0.0473186-0.0485955j 0.0772698-0.0186485j 0.000549601-0.0548714j -0.00357886-0.0317039j -0.0791755+0.0318435j 0.0658603+0.0189594j -0.0391485-0.0131462j -0.0397599-0.0209284j 0.0277634-0.0164785j -0.030138-0.000820704j 0.00872926-0.0261577j 0.000277684+0.0336128j 0.0254681+0.00152371j 0.000434702+0.0131969j 0.0299127+0.00285515j -0.00560658-0.00719057j 0.0111993+0.0166273j -0.029547-0.0298721j -0.0308049-0.0759864j 0.000828278-0.0193188j -0.0174275+0.0692441j 0.0526241+0.0856499j -0.00858183+0.00131821j -0.0880225-0.0844931j -0.0516755-0.0375974j 0.0472689+0.0987404j 0.0123403+0.015712j -0.0197324+0.00801719j 0.0866261+0.0395568j -0.0281247-0.0341699j -0.0133833-0.031255j 0.0527393+0.00879215j 0.0872732-0.032303j -0.0303333-0.0520243j -0.0080231-0.0861375j -0.0234958-0.0933318j -0.009459-0.00467554j 0.0379258+0.0641185j 0.108223-0.0111119j 0.00117128-0.0635401j -0.0379502+0.0125912j 0.0916521+0.0250358j -0.0443146+0.0755264j -0.0174755-0.0253153j 0.0360371+0.012303j 0.00865187+0.00185779j 0.0313945+0.0667799j 0.0851561-0.0907256j 0.122514-0.0436611j -0.0809628-0.0265252j -0.0179372-0.0691263j -0.0538324-0.0641843j -0.0236537+0.00547243j -0.0362956+0.105719j 0.0689387+0.0386333j 0.0579369+0.0465241j -0.0294804+0.0965309j 0.0296292-0.0055712j -0.0320031+0.0276682j -0.0320846-0.0552559j -0.0248243+0.0177397j -0.0444617+0.0181483j 0.00708858-0.0427798j 0.010172+0.0294665j 0.0271219+0.0100252j 0.000937191-0.0145238j 0.0518261+0.0131737j 0.00151198-0.0562522j 0.0468502-0.0203698j -0.013138-0.00278033j -0.0121963+0.0167939j -0.0228696+0.0035925j 0.0353596-0.00628481j 0.0234509+0.0546077j 0.0442724-0.0300383j -0.0168969+0.00242991j 0.00240036-0.0682101j 0.0116988+0.0396645j -0.00655841+0.000542885j -0.0362029-0.037372j 0.00036118+0.0327077j -0.00453098-0.00766205j -0.00797339+0.0601963j -0.00207219+0.0195084j -0.0188416+0.0223236j 0.0175637+0.0221061j 0.0178927-0.00704007j -0.00637934-0.0123329j -0.0187904+0.0361826j -0.00150047+0.0245438j 0.0067142-0.0211441j 0.0196132-0.0128103j -0.0143928+0.0194733j -0.021964+0.0507158j -0.00199013-0.00673752j -0.0294572+0.0280813j -0.00720106+0.00578791j 0.00949683+0.016251j -0.0131622-0.013501j 0.0455933-0.0209478j -0.0202373-0.0167014j -0.0108286+0.0178579j 0.0280305-0.0145449j 0.0362389+0.017926j -0.00838573-0.00205144j -0.021037-0.0394101j -0.000414657+0.0031063j 0.0109586+0.00834955j -0.0154479-0.0159778j 0.0025619-0.00905711j -0.00816688+0.0195337j 0.0111328-0.00865834j -0.0170219+0.0404198j -0.0203533-0.00168333j -0.00541522-0.0166813j 0.0208523-0.0270971j -0.00644959-0.0373713j -0.00943105-0.00835979j -0.0100405+0.0332177j 0.00590617-0.0299422j -0.0326851-0.00781337j 0.00697304-0.00751622j 0.00286896+0.0326725j -0.0331688+0.0213368j 0.0194416-0.00215254j -0.0267098+0.000267387j -0.0440717-0.0320878j 0.014182+0.0114305j 0.0403438-0.00959874j -0.00951483-0.0526748j 0.0106585+0.0255651j 0.0412263-0.0128387j 0.0105077-0.0503634j -0.0111468+0.0403446j 0.0411985-0.00155337j -0.0197856-0.0304669j 0.0245669-0.0150782j 
-0.00729923-0.00146943j -0.0211488-0.00504716j -0.024053+0.0209275j 0.0148541-0.0102794j -0.0126301+0.00721942j 0.00371373-0.00426552j 0.00124605+0.0091694j -0.014272+0.00342161j -0.00524121-0.0207112j -0.0273166+0.0073159j -0.0155794+0.0262289j -0.0168609-0.0108897j -0.0199328+0.0184768j 0.0234472-0.0317611j 0.00142901-0.0367383j -0.0325476-0.0103636j -0.0228034-0.0075635j 0.00564312-0.0175845j -0.0290597-0.00513201j 0.0095786-0.000368331j 0.0269782+0.00524225j -0.0184326+0.00729455j 0.00111296-0.0202232j 0.00283388+0.0412799j -0.00390833-0.012752j -0.0189651+0.00354683j -0.00657358+0.00960241j -0.0260883-0.026361j -0.0178722+0.00524911j 0.0591728+0.00700502j 0.021423+0.00599759j 0.00600026+0.0202747j 0.00145102-0.00915727j 0.0769688-0.0157813j -0.0597917-0.00688225j -0.0021274+0.0294941j -0.00519372-0.0068984j 0.0460153-0.0119906j 0.0147827+0.0264473j 0.037938-0.0112842j -0.0241991+0.0562976j 0.00832379+0.00517952j -0.0025222-0.0190191j -0.0538364-0.0344588j 0.0497692-0.0286079j 0.0439955-0.0199676j 0.0292276-0.0245819j 0.0455743+0.0355689j -0.0460132-0.0374852j -0.0329713+0.0754969j -0.0327352+0.0185535j 0.00930538+0.0012241j -0.0609789+0.074489j -0.0516505+0.0832064j -0.0372462-0.0314379j -0.0670583-0.0380212j 0.12451+0.0416939j 0.0261758+0.0623787j -0.00902045+0.0461873j 0.00948962-0.023862j -0.03104+0.00274426j -0.0491311+0.0406561j -0.0451235-0.0341872j 0.0788479+0.0343903j 0.0253732-0.0256108j -0.0407261-0.00339204j 0.0526233+0.000991509j -0.0373393+0.0168481j -0.00964427-0.032485j -0.0568868-0.0276298j -0.00310159-0.0114173j -0.0228345+0.0278174j 0.00871552+0.0820165j -0.00881555+0.0418226j 0.0175239-0.0554492j 0.0221719+0.0505848j 0.0129072-0.00404856j -0.0283816+0.0429494j 0.0185136+0.0415612j 0.0410352+0.0175012j 0.0404664-0.018192j -0.0138896-0.00327108j -0.00767132-0.0453574j -0.0522459-0.0275119j -0.0434936+0.0957917j 0.0182309-0.0218812j -0.017238+0.0928841j -0.0210121+0.0213973j -0.018716-0.0117019j -0.0979477-0.0352405j -0.0126419-0.0644224j -0.00854886-0.049549j 0.0307286+0.051449j -0.0713461+0.0253163j 0.00436358+0.0359344j -0.121823-0.0124127j 0.0120446+0.014825j -0.0196205-0.0643877j 0.0850354+0.0593393j 0.0102578+0.0159884j 0.0102422-0.0686742j 0.0762599+0.113633j 0.0575282+0.0372174j 0.0296147+0.0686724j 0.00749403+0.0243846j -0.00643426-0.0100764j -0.0578859-0.174898j 0.0533526+0.0404039j -0.00414527+0.0528566j 0.0527814+0.0041047j 0.0512268+0.0326595j -0.0232433-0.0201521j -0.0210784-0.00794239j -0.00561149-0.00851808j -0.0228988-0.0257363j -0.070644-0.0209344j 0.0158562+0.00539784j 0.0500514+0.0318968j 0.0413205-0.00800398j -0.021375-0.00934619j 0.0141915-0.0108142j 0.0423314-0.00549817j 0.00604411+0.00545211j 0.0571414+0.0347152j 0.015281+0.00906742j -0.0208795-0.0463242j -0.017535-0.031373j 0.031635+0.0320534j -0.010221-0.000967416j 0.0233035-0.0114862j -0.0176009-0.00215896j -0.0273537-0.0312017j 0.00476036-0.00601369j -0.0155819-0.0155214j -0.0324505+0.00189618j -0.0227575-0.0276062j -0.00649811-0.0115396j 0.00165389+0.0198219j -0.0129585-0.0142893j -0.0158197-0.0202924j -0.0241157-0.0209926j 0.00906198+0.01676j 0.00808421-0.00015426j -0.0249598-0.0295213j 0.0103438+0.0168819j 0.00208512-0.00193113j 0.0222876+0.0133277j -0.00652754+0.0294239j 0.0199665+0.00991108j 0.00598813+0.00751054j 0.00545237-0.0137414j -0.00929691-0.00268762j 0.0241281+0.0217925j 0.00782964-0.000349604j 0.00491183+0.00167777j -0.0256964+0.00873j 0.00712434+0.0226417j -0.025285+0.00523819j 0.00616682-0.000760015j 0.00346625-0.0139343j 0.013053-0.0319526j -0.000428584-0.0201967j -0.000554397-0.0020912j 0.0313204+0.0162426j -0.011644-0.0306761j 0.014418+0.00695004j -0.0279327-0.0194812j -0.00156303+0.0108166j 0.01472+0.0141377j -0.00422226+0.0199649j -0.00194519+0.000968754j -0.021474-0.000730837j -0.00631092+0.0369436j 0.00133542-0.00491467j 0.00506316+0.00968302j 0.0186598-0.0126937j 0.0236598-0.0090322j -0.0062308-0.00739556j 0.0204409+0.0267775j -0.026219-0.00859171j 0.0408305+0.00925687j -0.00605359+0.00595806j 0.0034161+0.055723j -0.00248007+0.0118281j -0.00167891+0.0159107j -0.0230383-0.0276963j 8.08475e-05-0.00236621j 0.00174802+0.0192691j 0.0366867+9.83861e-05j -0.00261215-0.0164129j 0.00677303-0.0153316j -0.00690703-0.0336722j 0.00604778-0.020273j 0.0104752-0.0106491j -0.0145909-0.00975268j 0.00461486+0.00055932j 
0.00841753+0.00123441j 0.00978394-0.0099983j 0.0164448+0.00413308j 0.00599858-0.00200187j -0.0273074-0.000699579j -0.00621812+0.0359021j 0.0205911-0.0232157j 0.0164681-0.0264068j 0.0198499+0.00725566j -0.00621381-0.00689716j -0.0319903-0.00897779j 0.0405667+0.0170618j 0.0354654-0.017367j 0.0339394-0.0454589j 0.0300078+0.020095j 0.00956453+0.0204765j 0.0289944-0.028118j 0.00134776-0.027451j -0.00742701-0.00157423j -0.00080224-0.0136027j 0.0106123+0.00210169j 0.00553357+0.0110157j 0.0137878+0.00824846j 0.0317058+0.0114024j -0.0103568-0.0202146j -0.00319729-0.0109064j -0.0616611+0.00610736j -0.0423887+0.0160751j -0.0296647-0.0115122j 0.0545584-0.0384719j -0.0218538+0.043143j 0.0491364-0.0334534j 0.0144074-0.00912897j 0.00300383+0.00402559j 0.0191255-0.015475j -0.0208225+0.00597904j 0.0542874-0.0157168j -0.00138829-0.0299082j -0.056125+0.0387864j 0.0732694-0.00860239j 0.00310125-0.0311063j 0.071874+0.0278342j -0.0076925+0.00422095j -0.00270146+0.0144631j -0.0209763-0.0341358j -0.0238949-0.00268744j -0.11386-0.0140964j -0.08462-0.01132j -0.0696619-0.0363437j 0.0367066-0.0384252j -0.0277726-0.100067j 0.033475-0.0162397j 0.0106638-0.0300217j 0.0312349+0.065865j 0.0176349+0.0402933j 0.0568529-0.0389564j -0.084506+0.00480561j -0.00337828-0.0113552j -0.0387068-0.0297917j 0.112618-0.00179184j -0.0101931+0.00963184j 0.0787706+0.0349466j -0.0366075+0.0238673j 0.0435731-0.00786754j 0.00648858-0.0294049j -0.0308419+0.0132726j 0.00578633+0.0608836j -0.0464205-0.00451668j 0.0140779+0.0436805j -0.0372359+0.0373615j 0.0207875+0.0177936j 0.0213186-0.0390577j -0.0333828-0.0484492j 0.0442597-0.0534896j 0.013483+0.0841394j -0.0184444-0.0632062j -0.0503445+0.0665633j -0.0646167-0.0192606j -0.00745772-0.051545j -0.0263797+0.0442035j -0.0151744-0.00456377j -0.00545374+0.0240429j -0.0172857-0.0271138j 0.0629203-0.0203313j -0.0151873+0.00493103j -0.00409575+0.0422523j 0.0197099+0.0574195j 0.0548049-0.0327325j 0.0993595-0.0157126j 0.0378929-0.00676153j -0.0226478-0.0130532j -0.0535773-0.013687j 0.0280611-0.0171461j -0.0573975+0.0192763j 0.026478-0.070424j -0.0864229-0.0736546j 0.0564856+0.0576753j 0.00843611-0.0081295j -0.0873742-0.128061j -0.0261455+0.0072119j -0.112581-0.0861073j 0.0281409+0.0440316j -0.0576315+0.0302964j 0.0274716+0.014929j -0.0316769-0.0200018j -0.00746711+0.0647158j -0.0930767-0.070202j 0.0359025+0.0658793j 0.0083559+0.0123099j 0.00497269+0.0527765j -0.071053-0.0394409j -0.0160158-0.0228938j 0.0374008+0.0648524j -0.0183045+0.00186663j -0.00423539-0.0134001j -0.00500472+0.00458657j 0.0281762+0.0538912j -0.0128718+0.0106636j -0.018143+0.00458648j -0.0495037-0.00740266j -0.00410384+0.0150615j 0.0157407+0.00947833j 0.00257259+0.0160646j 0.0207677+0.0228681j 0.0354815+0.023165j 0.0011958+0.00908835j 0.00330076+0.0148307j 0.0355784-0.00180233j 0.0269148+0.0183907j -0.0346843-0.00958035j 0.0130284+0.0130666j -0.0132427-0.00448573j 0.00158561+0.00224324j -0.00693778-0.0172642j 0.000446429-0.0306341j 0.0197108+0.0326491j 0.0306667+0.0148635j -0.0342152+0.00952403j 0.0172731+0.00848086j -0.0236395-0.0267024j 0.00663256-0.00684079j 0.00268961+0.0211649j -0.0162241-0.00607412j -0.0357642-0.00393907j 0.0097428-0.0101232j -0.0031191+0.00956202j -0.00402346+0.015846j 0.00395969+0.0113575j 0.0149233+0.0109978j -0.00937794-0.00931431j -0.00320029-0.00467647j 0.000787548-0.0124508j -0.0123415-0.0353717j -0.00407567+0.00823405j 0.00456226+0.0188411j 0.0280011-0.0230062j -0.00789139-0.0421313j -0.000898959+0.0128088j -0.0124724-0.0057671j -0.011039-0.0325615j -0.00914062-0.0453771j -0.00105976-0.0173039j -0.00375209-0.0146286j 0.0156507+0.00141363j -0.00753872+0.00624971j -0.00613338-0.0117357j 0.0144375-0.018086j 0.00145954-0.0285291j -0.00289902-0.0224468j 0.0271974-0.00557144j 0.0165572-0.0163711j 0.0207984+0.0136315j -0.00427766+0.00525814j -0.00719498+0.0108156j -0.023871-0.0197778j -0.00569107+0.0161773j -0.0331892+0.0162806j 0.0120209+0.00718554j 0.0102307+0.00616814j 0.00593221+0.0156058j -0.00396496+0.00520609j 0.0136275+0.00811507j 0.0206114+0.00628098j -0.00696704-0.0163602j 0.0284639-0.0122058j -0.0239032-0.00228906j 0.0169491-0.0264078j -0.0198534+0.0131503j -0.0010861+0.0119073j -0.00938439+0.0251665j 0.00910493-0.0177689j -0.0141126-0.0219007j -0.0316939-0.00260703j -0.00191292+0.0380472j 0.0109113-0.00496252j -0.000779255+0.00363971j 
-0.0206138+0.00671179j -0.0120348-0.0064599j 0.0291676+0.0216982j -0.00553872-0.00662398j 0.0194309-0.0182748j -0.0197683+0.00434093j 7.31215e-05-0.00861142j 0.00774719+0.0065626j -0.033487-0.0441499j 0.0115977+0.00362317j -0.0270808+0.00742099j 0.0174818-0.0231588j 0.0561505+0.00575033j -0.0187544+0.00244715j -0.0119871-0.0197638j -0.00280955-0.0140288j 0.0607719+0.0102128j -0.00789263+0.033877j -0.0334048+0.00408542j 0.0138445-0.000638914j 0.0132822+0.021927j 0.0380472+0.0536033j 0.0229745-0.0243632j -0.0295757+0.00994992j -0.0164305-0.0280857j 0.0660854-0.0454915j 0.0427176+0.00807226j 0.000264728-0.00366748j 0.00657179+0.0428623j -0.00601502+0.0146222j 0.0182696-0.0324279j -0.0291447-0.0656599j -0.0219096+0.0251058j -0.0425388+0.0106555j -0.0521109+0.0203261j 0.00471763+0.016629j -0.0188527-0.0106761j 0.0194386-0.0128158j -0.0122221+0.0400042j -0.0192979+0.0619535j 0.022656+0.0482599j -0.0216043-0.00476814j -0.0053539-0.0340471j 0.00665076-0.00546358j -0.00905708+0.0246034j 0.00977919-0.00979098j 0.0290602-0.0565099j 0.027019+0.0379631j -0.0241049+0.000692081j -0.0178806+0.0151765j 0.0800448-0.0266548j -0.0705529-0.0295393j -0.0153879-0.0143184j 0.00873535+0.0537864j -0.0503549+0.0597884j -0.0367159+0.0267167j -0.0354332+0.0101103j 0.00540962-0.00706787j 0.0163616-0.0246958j -0.0565024-0.0175248j -0.0356329+0.0394411j -0.012411-0.0400933j 0.0546072+0.0232204j -0.0113611+0.0105571j 0.0461415-0.0812324j -0.0490382+0.00705339j -0.0244197-0.0512632j 0.0247983+0.0377294j 0.0104565-0.0239872j 0.0478672-0.0683595j -0.0286053+0.00347066j -0.0169202-0.0309887j -0.0226593+0.0172251j 0.0152928-0.00459643j 0.040901-0.00949202j 0.0403044-0.0289072j 0.0116827-0.0183605j 0.0251312-0.00489123j -0.0413119+0.0453605j -0.0452385+0.0257829j 0.00688041-0.0185007j 0.00154617-0.0200164j 0.0421065+0.00947002j -0.022235-0.00965073j 0.0283881+0.102521j -0.0637087+0.0334328j -0.0570262-0.0132183j -0.0508919-0.014164j 0.0283139+0.0653118j 0.0421854-0.00289443j 0.0019592-0.0298226j 0.00583402+0.00940882j -0.0447695-0.00854887j -0.0133239+0.0876011j -0.0388902-0.0611242j 0.0569757+0.0709073j -0.0458807+0.00914143j -0.0755007-0.0645263j -0.0964566-0.0768825j -0.0296827-0.0276138j 0.0509583-0.024131j 0.000865114+0.00831802j -0.0330462-0.00840063j 0.00967604-0.0153048j -0.0273364-0.0630163j -0.0812573-0.062526j -0.0460383-0.147799j -0.0184853+0.025301j 0.0339697-0.0351137j 0.0597999+0.10033j 0.029037+0.0130932j 0.00818792-0.0470628j 0.0553691+0.0933321j 0.0412471-0.0227464j -0.0109896+0.0363666j -0.0370142-0.0657901j 0.0174728-0.0103859j 0.0105863+0.0157311j 0.011059-0.0231189j -0.0104609+0.0112684j -0.00479721+0.0232534j -0.0104982+0.0255406j 0.0148256+0.0125306j 0.0389525-0.00665099j -0.0160473-0.0281006j -0.00567611-0.000338732j -0.000802674-0.0180718j -0.0436228-0.0117666j 0.014494+0.00673041j 0.0310108-0.0284044j -0.00809187-0.00193613j -0.0259679-0.010567j -0.0250015+0.0217916j -0.0116132+0.000704162j 0.000310223-0.00514899j 0.00892441+0.000533811j -0.00116145+0.023374j -0.00575882-0.0161084j 0.000214923+0.020477j -0.0103825-0.00328286j -0.000753491-0.0165769j 0.000420715+0.0136105j -0.0113001+0.0117861j -0.00402814-0.00942176j -0.00693824-0.0193966j 0.0129164-0.0147127j 0.0151657-0.0101608j -0.00792165+0.013792j -0.021504+0.0152523j 0.0201445+0.0075563j 0.0170242+0.00677405j -0.016542-0.00183106j -0.0437492-0.0169532j 0.00827855+0.0134778j -0.0151425-0.0220365j -8.46294e-05-0.012451j -0.00144252-0.0053928j -0.00314311-0.0147441j 0.0158801-0.0142835j -0.00735952-0.0213924j -0.0204827+1.62007e-05j 0.0183111+0.00865261j -0.0181571-0.00618058j -0.00295648+0.0150216j -0.00641552-0.0407832j -0.0110455-0.0276268j -0.019508-0.0166575j 0.0261891+0.00755336j -0.0428875-0.0154602j -0.0171982+0.00415229j 0.0182545-0.0126547j -0.0365008+0.000112166j 0.0266711-0.00249891j -0.00921945+0.00386836j 0.00706399+0.0120579j 0.000234387-0.0153533j -0.0113984+0.00178411j 0.0092778+0.0167916j 0.0347717+0.022908j -0.0105038-0.0150951j 0.0179446+0.0102249j -0.0071237-0.0153184j 0.0249596+0.0160556j -0.00163566-0.0402427j 0.0137464+0.0174942j 0.000123001-0.0156747j -0.00323888+0.0102244j 0.016436+0.0255987j 0.0134726-0.0049308j 0.0198332-0.000930281j 0.000508702-0.0256065j -0.0200359-0.00878263j -0.000758996-0.00386023j -0.00920605+0.0140008j 0.000715213+0.00637894j -0.00796692-1.56795e-05j 
0.0100018+0.0116486j 0.00985073+0.018723j -0.016588-0.0395279j -0.0134668+0.0166892j -0.0106851-0.0227585j 0.0479703-0.00292818j 0.0180192+0.0205262j -0.0292371+0.000938529j 0.0288218+0.00511543j -0.0528283-0.0343775j -0.0118672-0.00257668j -0.00618527-0.00541511j -0.0566301+0.00162143j -0.0206381-0.022209j -0.046206+0.0454002j -0.0240916+0.00894434j 0.0406534+0.0233377j 0.00986115-0.0195384j 0.0403006-0.00168972j -0.0144283+0.0108934j -0.0290318+0.00395663j 0.000725872+0.0203393j -0.0174923-0.00165101j -0.00996977+0.0251403j -0.0152117+0.021846j -0.0139445+0.0106201j -0.00157477-0.0153762j 0.0652186-0.0298659j 0.061755-0.0330406j 0.0405318-0.0461314j 0.00663844-0.0118842j -0.0277659+0.0329672j 0.0620388-0.0447679j 0.0378804-0.0355051j -0.0118344-0.0146316j 0.0294381-0.0184013j 0.0206839-0.0122394j -0.0115781+0.019572j -0.0126763-0.0218298j -0.0385184+0.0267094j 0.00621034+0.00481001j 0.00022791-0.00350797j 0.0448438+0.0165036j 0.0153731+0.0215767j -0.0161478+0.0099531j 0.00187791-0.0165882j -0.00919299-0.00460819j -0.00115069-0.00896921j -0.0308932-0.0188984j 0.0130149+0.00336077j 0.0343113+0.0650764j -0.0612375+0.00769891j 0.0185172-0.00639224j 0.0731453-0.037974j 0.0314948-0.00293059j 0.0922797+0.0139368j -0.0372927-0.0778709j -0.0355924-0.0260109j 0.023824+0.0152105j -0.021874-0.0317515j 0.0253411-0.0203446j 0.0432207+0.0209305j -0.0334598+0.0435338j 0.047807-0.0133162j 0.0500543+0.0388916j -0.0560908+0.0265218j 0.0213355+0.0309876j 0.017178+0.0367722j -0.0234825+0.0242558j -0.0237907-0.0160939j -0.0465598-0.00591117j -0.0520945+0.0359533j -0.00665462-0.0318475j -0.00120145+0.0147549j -0.0588572+0.0171366j -0.0112729+0.0370002j -0.0142703+0.0170199j -0.0126961+0.0430585j -0.100417+0.0364125j -0.0425497-0.00471345j -0.0820003-0.036292j 0.0114729-0.0502938j 0.0438003+0.0299373j -0.0541343-0.0319092j -0.121744+0.097405j 0.0426913-0.0589012j -0.0180018-0.00573962j -0.0538711+0.0450753j 0.0346682+0.016942j 0.0366016-0.0281229j 0.0375407-0.03795j -0.0944865-0.164913j -0.0233917+0.0429971j 0.043536-0.0440681j -0.028616+0.0167182j 0.0012427-0.0131821j -0.00956297-0.0767315j -0.0791423-0.00534821j -0.0423732-0.109683j 0.0438915+0.00667056j 0.00118919-0.0472241j -0.0110255-0.0369002j -0.0412261-0.0345143j 0.00626365+0.0117476j -0.0588757-0.0395129j -0.10127-0.17469j 0.0422731-0.0481134j 0.051614+0.0184402j 0.0938283+0.0310095j 0.00808737-0.0183531j -0.0596702+0.00623695j 0.0417748+0.0847393j -0.00425351-0.0430415j -7.54545e-05+0.00679655j -0.0589215+0.0248861j 0.0300354+0.0303039j -0.0646065-0.0801155j 0.00731881-0.0392954j 0.0623462+0.00732205j 0.0127563+0.0518216j 0.0495148+0.0351235j 0.0207845+0.0133431j 0.0394947-0.0077298j -0.00882531-0.0169113j -0.0192586-0.00175619j -0.0250441-0.0190974j -0.0292728-0.0338442j -0.0404259-0.00837448j 0.000697221-0.00491178j 0.0239285+0.0415985j -0.00142081+0.0119883j -0.0162128-0.0244136j 0.0314846+0.0322583j -0.0140717-0.0306766j -0.00280699+0.0294705j -0.0201936-0.0466484j -0.0269432+0.00696095j 0.0423584+0.0410343j -0.0271931+0.00690721j -0.0100385+0.00775915j 0.0210665+0.0159054j -0.0460739-0.0181561j -0.029588-0.0115076j 0.0246992-0.00499996j -0.0115158+0.00201257j -0.0389319-0.0336638j -0.0286281-0.0147464j -0.0279194+0.0158594j 0.0263904+0.0179499j 0.00897917-0.013367j 0.00529018-0.0172395j -0.00900895+0.0112485j 0.00307948+0.0249073j 0.00208159+0.00382773j -0.00487519-0.00636847j -0.0180861-0.0177779j -0.00716744-4.2165e-05j 0.0134218+0.0293806j 0.022942-0.0244694j 0.00813712-0.0133277j -0.00466817+0.0145968j -0.0153141-0.0168011j -0.0131568-0.00393427j 0.00909469-0.00819992j -0.0381882-0.0217986j -0.0240333+0.00412907j -0.018785-0.00836458j -0.0172102+0.00899339j 0.0423767-0.020476j -0.0278973-0.0204634j -0.020184+0.0134934j 0.0142652-0.0157235j -0.0294034-0.0114294j 0.0183657-0.014136j -0.00019347-0.0153746j 0.017978-0.00822294j 0.0143134+0.0283621j -0.0405252-0.016943j -0.0145864-0.0245668j 0.0124336-0.00686981j 0.0159142+0.00430002j 0.00326265+0.0385483j 0.000383595-0.0289189j 0.0230301+0.0133503j 0.00190158-0.00221902j 0.0539428+0.00261158j 0.0268976+0.0028325j -0.0132091-0.0472101j -0.00512401+0.0191823j -0.0285508-0.0540578j 0.0440928+0.015113j 0.0235725-0.0270022j 0.0442294+0.00349026j 0.000623986-0.0473915j -0.00451546+0.00368618j 0.00447889+0.00464363j 
-0.00673217-0.0126054j 0.00819578-0.0305106j 0.0483963-0.0027619j -0.00726477-0.0228356j 0.0181842+0.0123002j 0.0124759-0.0378856j -0.0110561-0.00405808j 0.00590326+0.015297j -0.0210715+0.0182667j 0.0151508+0.00703859j -0.018841+0.0100744j 0.000269189+0.0220745j 0.0429525+0.000481124j -0.000370513+0.00159671j 0.0287082+0.0104838j -0.0131748-0.0446318j 0.062536-0.0152227j 0.0447319+0.0346767j -0.00728687-0.00255613j 0.0526575+0.0234372j 0.0203686-0.00510377j 0.0137718+0.00745764j 0.00959995+0.0059964j -0.0230655+0.0217686j -0.0520167-0.00100111j 0.0401252-0.0459026j -0.00271425-0.0240939j -0.013387-0.0222801j 0.0354214-0.00430664j 0.0531443+0.0174068j -0.0378352-0.0176936j 0.0112209-0.0367866j -0.0532238+0.0590049j 0.0213831-0.0096667j -0.0843012-0.0346502j -0.00375459-0.00475872j -0.00872091+0.0481141j 0.035418+0.0242066j 0.03988-0.0667493j -0.052522+0.0793989j 0.0401421+0.00496862j -0.0378646-0.0434157j 0.0943939+0.00955645j 0.0415647-0.00692629j -0.0463709+0.050051j -0.0095856-0.00792906j -0.0078474+0.0774841j 0.0247985+0.0562066j 0.0893484+0.0204887j 0.112493-0.141114j 0.100798+0.027937j -0.0242824+0.00825514j 0.0172187+0.0551458j 0.0105324-0.0390363j 0.108292-0.0624572j 0.027748+0.0116107j -0.0178215+0.0158878j 0.000920933-0.0541657j 0.0758328-0.0643535j 0.0597876-0.00185411j -0.00706477+0.0612018j -0.0107194-0.0445739j 0.0184033-0.0345357j -0.00140038+0.04144j 0.00922333+0.0147456j -0.0423886+0.0286845j 0.0640723+0.013445j -0.0602254+0.0645056j 0.0018441-0.00753393j 0.0545768-0.0548571j -0.0132647-0.0202602j 0.00445611+0.0112024j -0.0225609-0.0218882j 0.0426489-0.0027647j 0.00662921+0.0386507j 0.00469948-0.0415424j -0.0250781-0.0788926j 0.0440506+0.0689805j -0.116926+0.0402907j -0.087179-0.0106164j -0.0604102+0.012806j -0.0512963+0.0226789j 0.120605+0.00700371j 0.0231326-0.0582626j -0.212729-0.0695786j -0.0242502+0.0303443j -0.0747899-0.0114534j -0.0313652-0.0384332j -0.01474+0.00791667j 0.0510229-0.0200283j 0.00784878-0.0893469j -0.0379606-0.0232636j -0.0196092+0.0418339j -0.00420883+0.0335896j 0.108695-0.0325974j -0.0863314-0.0117525j -0.0345799+0.0132041j -0.0835574-0.0195337j 0.00159862-0.0265165j -0.0181638-0.0149125j 0.0256173+0.0250515j -0.108203-0.0111796j 0.0130015+0.0373082j -0.0495347-0.0426189j -0.0200359-0.0241037j -0.0207752+0.00830686j 0.0567841-0.0412715j 0.000704621+0.0700561j 0.0226425+0.0247378j 0.0559932+0.0159369j -0.035504+0.057847j 0.015919-0.00989364j 0.00220069+0.0152326j 0.079582-0.0320318j -0.0352663-0.030503j -0.0209147-0.0116867j 0.0476086-0.00867756j 0.0533227-0.0127276j 0.0275317+0.00760952j -0.0629861-0.0164906j -0.0331772-0.0318761j 0.00952973-0.0256537j 0.00977986-0.0129772j 0.0833307-0.000338506j 0.0552907-0.034356j 0.0125657-0.0188309j 0.0162503+0.0192246j -0.00930682-0.0176357j 0.030166+0.00795759j 0.00945973-0.0297453j -0.0115306-0.0116908j 0.00962636-0.0370223j -0.0184235-0.00560769j 0.0137894-0.0204993j -0.0331714-0.0195509j 0.0251857+0.00525634j -0.0165434-0.0114838j -0.023863-0.00603391j -0.000375768+0.00400945j -0.00578486+0.0229557j 0.0516193+0.0302703j -0.0285622+0.0187104j 0.00455502-0.00737585j -0.00508959-0.00454102j 0.0263449-0.00277977j 0.00392106-0.00426077j -0.00431251+0.00200743j -0.00760997+0.00430526j 0.00656563-0.0169636j -0.0195741+0.00153244j 0.00737374+0.00748274j -0.0222185+0.00324178j -0.0238921-0.00265266j 0.0156681-0.00480451j 0.0141464+0.00751572j 0.0355048+0.015437j -0.00271566+0.00567246j -0.00614591+0.0507445j -0.0227546+0.0184447j 0.0519403+0.0228528j 0.00705431+0.00944572j 0.0023461-0.00280702j -0.0216538-0.000533387j 0.0292332+0.00270064j 0.0561616+0.00364612j -0.0191975-0.00156121j 0.0197818-0.0325541j 0.0361534-0.000607684j -0.0189375+0.0237002j -0.0213221+0.00579199j 0.00837366+0.0376233j -0.0173262+0.00942303j 0.00473635-0.00726153j -0.00900224+3.03073e-05j 0.00250587-0.0297062j 0.00357672+0.00725227j -0.0025289-0.00427611j -0.00228452+0.038337j 0.00814071+0.0185182j 0.0213021-0.00585098j 0.0293071+0.0104242j -0.051813+0.00986308j -0.0114288+0.0214738j 0.0307326-0.0258244j 0.0267444+0.00567644j 0.00106057+0.00285611j 0.00233648-0.0121862j -0.004126+0.0196457j 0.0222851+0.0227838j 0.0431708+0.0204175j 0.0173834-0.0286778j 0.00133103+0.0415868j 0.0290184+0.0016276j -0.0279571-0.0248804j 0.0169735+0.0187124j -0.00820285+0.00870338j 
-0.0047282+0.0102041j 0.00575408+0.0160996j -0.0104667+0.017408j 0.00331886-0.00435463j -0.000234089-0.00626519j -0.00261667-0.0178289j -0.000610789+0.0110795j 0.00424923+0.000724916j 0.0184046-0.0230755j -0.00825833-0.0203888j 0.00777814-0.0105659j -0.00475552-0.0128412j -0.00433725-0.0138526j 0.0243119-0.0466601j -0.0108954-0.0118248j 0.0423406-0.015875j -0.0135217-0.015411j 0.0433933-0.0629874j 0.0135316+0.0126921j 0.0196386-0.0232147j 0.00369196+0.0237931j 0.021473+0.00208937j -0.0316928+0.00620743j -0.0132931-0.059676j 0.0134675+0.0284416j -0.0381728+0.00198881j -0.0450042-0.00365049j -0.000658826+0.0293559j -0.00220141-0.0437217j -0.0184848+0.0124916j -0.0296653-0.0100383j -0.0185712+0.00905121j -0.0239283-0.0293333j 0.0239433-0.0250907j -0.000382268-0.0184177j 0.00943706+0.00120669j -0.0118238-0.0143587j -0.0037712+0.0268339j 0.0387742-0.00430591j 0.00633575+0.0215302j -0.0404242+0.014277j -0.0168254+0.0244031j -0.0370095+0.0186496j -0.00966994+0.013768j -0.00240033-0.0236712j -0.0206536-0.0113783j 0.0407504-0.0147004j -0.0260056-0.0447987j -0.0120659-0.0191483j -0.0464444+0.0572712j -0.0315332+0.0134629j 0.00955654+0.0198837j -0.0719129+0.026671j -0.0721147+0.0414721j 0.0097788+0.0450476j 0.0605172-0.00219059j 0.0797574+0.0451264j -0.0512609+0.0342875j -0.00897153+0.0341202j 0.0634303+0.0228067j 0.0285053-0.00589036j -0.00847522+0.0659177j -0.0496702-0.0363962j -0.00438302+0.00110058j -0.0114693-0.0210342j 0.0259152+0.0527692j -0.0261489+0.0201203j 0.00986371-0.00231836j -0.00241798+0.0430872j 0.017859+0.0763403j -0.0386369-0.135477j -0.0134601+0.0595584j -0.0218219-0.0678497j 0.00442113-0.0305761j 0.0107508-0.0153535j 0.030853+0.0561678j -0.00106273+0.0212336j -0.0103297+0.047119j -0.0654456-0.00499245j -0.0358024-0.0196873j -0.0665643+0.0170136j 0.0572033+0.0809855j -0.0996476-0.0457817j 0.0469182-0.0562559j -0.0316443+0.0860501j 0.00483164+0.0730886j 0.111488-0.0954148j 0.0107139-0.0041094j -0.000137825+0.0565445j 0.0216264+0.0766766j -0.000287613+0.0185513j -0.03927-0.0104357j -0.0115024+0.02478j -0.0536362-0.0675926j -0.0625722-0.0786767j -0.0777428+0.163553j 0.021438-0.120725j -0.0187581-0.0221862j 0.0320576-0.175224j -0.044609-0.0572318j 0.0264093+0.0801297j -0.0490996+0.0558179j -0.0841262+0.0264848j -0.172056-0.0172103j -0.171703-0.0694174j 0.00529662-0.089009j -0.139282+5.74435e-05j 0.109322-0.0786577j -0.149023-0.0251838j 0.0153712+0.0290798j -0.064866-0.106561j -0.0224621+0.00523708j -0.0959152+0.0672343j 0.0278674+0.0238217j 0.0454011-0.0288147j -0.00367205+0.0211577j -0.0510155+0.0397822j -0.0218978-0.0073057j -0.0151067-0.0258743j 0.0122894-0.0109629j -0.0133352+0.0512111j 0.0286887-0.00265842j -0.0287255+0.0303112j -0.0350598-0.0726886j -0.00680143-0.0105712j -0.0392825+0.0215815j -0.00448803-0.00587855j -0.0272536-0.0159177j -0.0503533-0.0051271j 0.0663871+0.0357638j 0.00909316-0.000893008j 0.046534-0.00466776j 0.013299-0.0341091j -0.00549588+0.0117832j -0.0435958-0.00628824j -0.00388318+0.0395096j 0.0489088+0.00866313j -0.00948958-0.00829007j 0.0200218-0.0136357j -0.00267126+0.016456j 0.0182139+0.0285586j 0.00194208-0.00910745j 0.00627-0.0136888j 0.026298+0.00498652j 0.00812099-0.0262344j 0.0032843+0.0190288j -0.00157304-0.0131812j -0.00461359+0.0130934j 0.0213154-0.0229133j 0.00670044-0.00634144j -0.0019209-0.0028379j -0.00194274-0.0036287j 0.0112063-0.0313477j -0.0156796+0.00247934j 0.00915352+0.0132078j -0.0205738+0.00273121j -6.21637e-05-0.00899246j 0.00056765+0.00569525j -0.0290701+0.00382221j -0.0169694+0.0264966j -0.0010777-0.0083064j -0.00263743+0.00405914j 0.00980574+0.0263694j 0.0264459-0.00939416j -0.00926165+0.00866433j -0.0131038+0.0177281j 0.0133778-0.00816103j -0.00177955+0.0355455j -0.00303011-0.0125755j 0.003001-0.022985j 0.0297894-0.00182568j 0.0395698+0.0162059j 0.00751871+0.0174762j 0.00635285+0.00931378j -0.0170244-0.00351677j 0.000399366+0.0219696j 0.0203006-0.0187822j -0.00444904-0.0120529j -0.0234385+0.0113436j 0.0114984-0.0232608j 0.00860059+0.0357744j 0.013518-0.02245j -0.0745755-0.00093234j -0.0154409+0.0233048j 0.00947848-0.0244365j -0.00772848-0.00227545j -0.0288727+0.0162131j 0.00195895-0.024437j -0.0207001-0.00567132j -0.00759238+0.00380733j -0.0152754+0.0429544j 0.0318809+0.0113035j -0.00646551-0.00866131j -0.0119274+0.00906591j 0.00901027+0.00895647j -0.00535408+0.00980476j 
-0.0174281+0.00158402j 0.0244877+0.00580114j 0.0299745+0.0112961j -0.0255515+0.00816529j -0.00977198-0.0198046j -0.00828396-0.0262176j -0.00336697+0.0318742j -0.00695502+0.0101614j 0.0406263+0.0186656j 0.0142015-0.0137261j 0.00290346-0.0245494j 0.0230869-0.00211868j 0.0253479+0.0204604j 0.00975551+0.0426392j 0.015343-0.0242663j -0.0240998-0.00759788j -0.002702+0.0178282j -0.00231224-0.012287j 0.0287891-0.00944159j -0.0258595-0.0104575j -0.0167494-0.0437012j -0.0163861+0.00111031j 0.00688278-0.00973367j 0.0247805-0.00833026j 0.0241857+0.0120526j -0.0288492+0.0232836j 0.000794806+0.0120943j 0.0122091-0.0117701j 0.00488379+0.00610684j -0.0149186+0.0203052j 0.0173853+0.000272512j -0.0169793+0.00599559j -0.0364031+0.028429j 0.0445243-0.00563412j 0.00337174+0.0302844j -0.0221891-0.00583823j 0.0192941-0.0112069j -0.00698897-0.027733j 0.0506587-0.0320996j -0.0349316-0.0135673j -0.0289979-0.00460722j 0.00182578+0.0156335j -0.0358451+0.0530285j -0.0131928+0.0235566j -0.0153582-0.0444845j 0.0280065-0.0141257j 0.0171652+0.0217516j -0.0714869+0.0236581j 0.0329155+0.0344789j 0.00433662+0.025986j 0.0336266-0.0413632j 0.0616804+0.0354676j 0.0169748+0.0155564j 0.00362353+0.00309815j -0.0673816+0.0836314j 0.0502566+0.00569414j 0.0248657-0.00581688j 0.022448-0.00340205j 0.0643396+0.00248294j -0.0426928+0.0551277j 0.0480899+0.0137058j 0.0510081-0.0536418j 0.0716551-0.0117147j -0.0681238+0.0266316j -0.043164+0.011698j -0.0115082-0.0177091j -0.0397932+0.00911059j -0.0150181-0.0155634j 0.00814198-0.00526721j 0.0231798-0.0573641j 0.0626731+0.0573115j -0.0532144-0.00688112j -0.0242113-0.0580287j 0.0270054-0.0324292j -0.0465122+0.0424482j -0.0616279-0.015659j -0.0386222+0.0490465j -0.0383567+0.0678409j 0.0512972+0.0258801j -0.026677-0.0726854j 0.10685+0.0470505j -0.00632231-0.0198983j -0.0564099+0.0568239j 0.0191393-0.082268j 0.0922362-0.0254632j 0.0267251+0.0888569j 0.0453363-0.0542089j -0.0252525+0.0512398j 0.00766534+0.025644j -0.0646787-0.0264727j 0.0117807-0.00672069j -0.0963243-0.131774j 0.0367758+0.0405594j -0.043705+0.0251848j -0.115808+0.0381534j 0.0386292-0.0827554j 0.00960171+0.0473531j -0.0225695-0.0682268j -0.101269-0.0676573j -0.00561075-0.0193575j 0.044235-0.0287592j 0.0614962-0.0778459j 0.0524923-0.0244134j 0.0904627+0.0430892j 0.0562219-0.0240467j 0.000182452-0.0268023j 0.00255839+0.0320163j 0.0325226+0.0179849j 0.0390634+0.0257615j -0.0907048+0.0168005j 0.0130587-0.0624504j 0.0122435-0.00336013j 0.0429275-0.00774145j 0.0173276+0.0585777j -0.0173348-0.0306348j 0.0541666+0.0483624j -0.00141532-0.00504451j -0.0199812+0.00838657j -0.0306544+0.0248556j -0.00194309-0.0161073j 0.00230493+0.00374392j -0.0177873+0.0152443j 0.0286783+0.029689j -0.0322934+0.0542215j -0.0370732+0.00503107j 0.0447986+0.0194715j -0.00650471+0.0342915j -0.000585972-0.0175487j 0.0295721+0.0197148j -0.0470616-0.0275492j 0.04499-0.0060669j 0.0135548+0.0190664j 0.00358001+0.022549j 0.0332472+0.0245548j -0.0113388-0.0116363j 0.0246161+0.0133721j -0.0076679-0.0151869j -0.00757607-0.0249005j -0.0177157-0.0034654j -0.00569343-0.00658198j -0.0147807+0.00806165j -0.00518196-0.00454376j -0.0222287-0.0325445j -0.0416043-0.0213873j -0.0287581+0.00635549j 0.00818058+0.00754123j -0.025656-0.0136015j 0.00230204-0.0359689j -0.0118691+0.00489186j -0.010647-0.00830944j 0.00315851-0.00282517j -0.00441947-0.00356333j -0.00163526-0.0113586j -0.0293161+0.0141144j -0.0126933-0.0134693j -0.0186938+0.00733681j 0.0241432-0.00130255j -0.00474401-0.00240638j -0.00979509+0.0254182j -0.0115781+0.0188992j 0.0245442+0.00275061j 0.00786963-0.00422597j 0.0318884+0.00890626j -0.0498885+0.021345j 0.00196118+0.00649635j 0.0239932-0.00110447j -0.0264607+0.0302066j 0.0132828+0.0508202j -0.0362266+0.000959112j -0.00180913+0.00862786j -0.00536797-0.0125473j 0.0111215+0.0168874j 0.00676383-0.0242316j -0.00206561+0.0016655j 0.037297+0.00330015j -0.00861139-0.011063j 0.0132061-0.0202656j 0.0119448-0.00426084j -0.0190042-0.00535473j -0.0132559-0.000640564j 0.0010164+0.0204585j 0.0112062-0.0135613j -0.00253712-0.0150906j -0.0131722+0.0546344j -0.0417352+0.0111934j -0.00493009+0.019291j -0.00473527+0.0152638j 0.0177196+0.0181793j -0.0177609-0.024726j 0.00865716+0.00109643j 0.00919268+0.034535j 0.0231992+0.0103708j -0.0134203+0.00661892j 0.0120294+0.010513j -0.00130996-0.000467885j 0.00470524+0.00350942j 
0.0257887+0.00802012j -0.0150463-0.00388358j -0.010476-0.0313188j -0.000832386-0.0207584j 0.0292989+0.0221612j -0.00934017-0.000431235j -0.00949-0.00551469j 0.0203222-0.00947892j -0.0167727+0.0129164j -0.0138705-0.0189553j -0.0158172+0.0275284j -0.00718981-0.00683897j -0.002823-0.0201885j -0.00355455+0.00218187j -0.0130081+0.0350912j 0.0332385-0.0420209j 0.00651898-0.012808j 0.012039-0.00189663j 0.0101963-0.0762149j 0.0178951-0.0195034j 0.0271975+0.0197018j -0.00645021+0.0173942j -0.0244062-0.0214116j 0.00550427-0.0535024j -0.0316132+0.0333501j 0.00830002-0.0212668j 0.0116094+0.0109775j -0.00865528+0.0124214j -0.00720071+0.00190903j 0.0110451-0.0454763j 0.022147+0.0384092j -0.032688-0.00969375j -0.0367569-0.0299291j 0.0491355-0.0146779j 0.0191007-0.0254752j -0.000856996-0.0330842j -0.0449111+0.0260009j 0.0275384+0.0237434j 0.0275818+0.0024822j -0.063742+0.00397017j -0.0303955+0.0405713j -0.0738763+0.0415605j 0.00276556+0.0358997j -0.0054541+0.0174761j -0.00126792-0.0222156j -0.0824778-0.0543647j 0.0232003+0.00687337j 0.0595965-0.0302874j 0.0363958-0.026052j -0.0321675-0.0496536j -0.0482583+0.0282399j 0.0929409+0.00965089j -0.0595957+0.0472848j -0.0695016+0.00013295j 0.0453649+0.0233051j 0.00727222-0.0119812j 0.0171676+0.0277023j -0.0336312+0.0404605j -0.057654+0.100247j 0.00868281+0.0268168j -0.014506-0.016514j -0.0218556-0.0368208j -0.0407409-0.00183867j -0.0338939-0.098582j -0.0170943-0.119987j -0.0383483-0.0020685j 0.0437046+0.0261238j 0.00186361-0.050411j -0.0258696-0.0157546j -0.0203388+0.00948183j -0.0192009+0.0659337j -0.000671523-0.0766909j 0.0566849+0.0224536j 0.0288211-0.0269992j 0.0100649+0.0103691j 0.0191456+0.0145264j 0.0162074-0.0130229j -0.141475+0.0522811j -0.0541508+0.0125763j 0.0590084-0.00465845j -0.0346615+0.102659j -0.0463304-0.00610873j 0.0864543+0.010852j 0.112333+0.0194652j 0.0669987-0.0396859j -0.107741+0.0222022j 0.0597197-0.00650258j -0.057097+0.0401153j -0.0279087-0.000915711j 0.0382229+0.117885j 0.0265585-0.00667918j 0.0624052-0.154732j -0.138962+0.0181524j -0.037095-0.0171202j -0.0909619-0.0555258j -0.0343801-0.107562j -0.0369297+0.000411339j 0.00696765-0.0492383j -0.132053-0.00372103j -0.0161222-0.025696j 0.0234037-0.103987j 0.0671516+0.0428668j 0.105759+0.00537614j 0.0628483+0.0259198j 0.076926-0.0127675j -0.102188-0.0331636j 0.04562-0.00638974j 0.0934765-0.0210087j -0.0553127+0.0166889j 0.000912519+0.0456593j -0.067531-0.0286712j 0.0885799-0.0185425j -0.0218941-0.0448498j -0.0143111+0.0606114j -0.0224549-0.0122663j -0.0674448+0.00192848j 0.0398924+0.0298243j -0.0276736-0.0132976j 0.0676194+0.0465139j -0.00501096-0.0341764j -0.0652149-0.0114697j 0.00357023-0.000328487j -0.016652+0.0114773j 0.0438756+0.0533816j -0.0225479-0.00980262j 0.0250963+0.0184551j -0.0112508+0.0680442j -0.00940573-0.0110327j -0.00489726+0.0270549j 0.0164848-0.0043892j -0.0190802+0.00821331j 0.0339163-0.00581308j -0.0114457+0.00578604j -0.00796204+0.0213044j 0.0109309-0.0466574j -0.0126402+0.0455095j 0.0284095-0.0272707j 0.0595386-0.00370681j -0.00650634-0.0130751j -0.0155164+0.00184396j -0.0260441+0.00422545j -0.0116038+0.00770323j 0.0192242-0.00565302j -0.0284345+0.0110191j -0.00771039-0.00799773j 0.0103476+0.00179032j 0.0214593-0.00335667j 0.0477713-0.0273763j -0.00413689+0.0146934j -0.0167367-0.00551477j -0.0192644-0.00275486j 0.000480819-0.0077018j 0.00495601-0.0102854j -0.00770248-0.00970723j 0.0030862+0.0236183j -0.000185952-0.00977567j 0.0179386-0.0118503j 0.00412694+0.00733046j -0.0190733-0.0188615j -0.0171152+0.0319128j -0.0236405+0.0473401j -0.0104014+0.0204162j -0.0157296+0.0151332j 0.00832336-0.00958042j -0.00474122+0.0238785j -0.0186528+0.00530757j -0.00795597-0.024578j -0.0532132+0.0187184j -0.0455436-0.00236466j -0.026568-0.00692668j -0.0128944+0.00589102j -0.00326214+0.00470345j -0.0011018+0.00867904j -0.00858006+0.0179949j -0.0230132-0.0137462j -0.0246568+0.0252j 0.0220869+0.020721j -0.0129178-0.0142705j -0.0292797+0.00338707j -0.0104849+0.0120573j 0.0094096+0.00127844j 0.00538517+0.00523318j 0.00811115-0.00886002j 0.0385816+0.0167443j -0.0178455+0.0594674j -0.0341205+0.0097665j -0.0397732-0.0106846j 0.0328505-0.0307014j -0.0124266+0.00746465j -0.00687777+0.022412j -0.013802+0.0257389j 0.0209017+0.0216763j -0.020048-0.00939506j -0.021596+0.0177379j 0.0214739-0.0105308j 0.0131155+0.0247892j 
-0.00241276-0.00991889j -0.00459509-0.00763256j -0.010008-0.0299817j -0.0151793+0.0152773j 0.00683916+0.00679988j 0.0346009+0.00809006j 0.000687928+0.0186089j -0.0160237-0.0155727j 0.0290533+0.0643842j -0.00291508+0.0213091j -0.00935112-0.00042072j 0.00743648+0.0172061j -0.0135448-0.0149621j -0.000422347+0.0394191j 0.0356659+0.0135538j -0.0138153+0.0363692j -0.00576772-0.010242j 0.0432674-0.0180861j 0.0387871+0.00529599j -0.00812499-0.0565206j -0.00985456+0.00840174j 0.0107199+0.0213484j 0.0296631+0.0443292j -0.00146119+0.0130152j -0.012255-0.00708848j -0.0456712+0.0251417j 0.0324052-0.00815946j 0.016272+0.00603628j 0.0259371-0.0282896j 0.0152338-0.0306679j 0.00709611+0.0271551j 0.0372283-0.0135691j 0.0406652+0.00167474j 0.039982+0.0254456j 0.0266871-0.0353112j 0.0108933-0.0159054j 0.0567944+0.0244243j -0.0442419-0.0236663j -0.00814885-0.0408794j -0.0424247-0.00319165j -0.0533219-0.0138514j 0.0443327-0.045193j 0.0350561+0.0122751j 0.00696539-0.0190446j 0.0149239-0.0832514j 0.0168706+0.00561473j -0.0168736+0.089869j -0.104249+0.0700444j 0.058529+0.00783166j 0.0584084-0.0143623j -0.0222467-0.105034j 0.0918228-0.0365232j -0.0217278+0.0232294j -0.065281-0.0186529j 0.0891723-0.0299956j 0.0561009-0.0568172j -0.0438258+0.0349281j 0.0164423+0.0337692j 0.00661022+0.0298035j 0.00251653-0.0621389j 0.0713166-0.00185206j -0.00414051-0.0185135j 0.0321966-0.02205j 0.0370249+0.00376339j 0.0286345+0.0276435j 0.005762+0.0126538j -0.139012+0.0426367j 0.0259243+0.000684472j 0.0187033+0.0321891j -0.0170381+0.04125j 0.0289777-0.0929089j 0.0842275+0.0181912j -0.000467852-0.0162972j -0.0372095+0.0111719j -0.0293979+0.0318591j -0.0579169-0.0266728j -0.0175402-0.0469063j -0.00774426+0.091059j -0.0309771+0.00831456j -0.0216443+0.0155643j 0.0330297-0.122678j -0.0892741+0.00706131j -0.0348791-0.00468773j -0.0624521+0.0732924j 0.0130817-0.0419081j 0.0347956-0.0433758j 0.0975604-0.0834016j -0.0506331-0.0544678j -0.0321903-0.0344782j -0.015566-0.0723633j 0.0117772-0.00135878j -0.0134228+0.0280834j 0.0465161-0.00738599j -0.0602994+0.10496j -0.0853677+0.0342843j -0.0303086+0.0165512j -0.0917424-0.0529719j -0.0481197-0.0726502j 0.0473503-0.00466923j 0.0455543+0.00856478j 0.0234466+0.0983384j 0.0591667+0.0222307j 0.0782677+0.119184j -0.0377373-0.0135323j 0.0145745+0.0605314j 0.0550385-0.0543164j 0.00701845+0.107257j 0.0168586+0.0656219j -0.0411754+0.0379614j 0.0190555+0.0454412j 0.0468541+0.00133358j -0.0113549+0.067331j 0.0903011-0.0511996j 0.0143953+0.00569872j 0.0297038-0.0898478j -0.0469562-0.0559507j 0.0189576+0.0580258j 0.00769696+0.0891919j -0.03266-0.00623435j -0.0449714-0.0343854j -0.0275805-0.0282393j -0.00580675-0.0163862j 0.0211299-0.0268459j -0.0143725+0.00917325j -0.0259105+0.0282555j 0.0289937+0.0137072j -0.0460314-0.0320033j 0.00399366+0.0281584j -0.00827592-0.00861057j -0.000429072-0.0105717j 0.0367369-0.0124677j -0.00397152-0.0261561j 0.0167491-0.0170227j 0.0101686+0.00108332j 0.00151804+0.0292869j 0.0144045-0.00615715j -0.00511116-0.0115794j -0.016494+0.00820239j -0.0178526+0.0114426j -0.00772012-0.000733938j 0.0123136+0.0185915j -0.0168985-0.024276j -0.0186987+0.0104108j 0.00328939-0.000364658j -0.0262144+0.0110574j 0.00114877-0.00132863j -0.0315757-0.00132308j -0.0144559+0.00943716j -0.0060436-0.0116551j -0.00183841+0.0166879j -0.00337056+0.00500914j -0.0072509+0.00291873j -0.00187696+0.015721j -0.00231995+0.0127577j 0.00170471+0.000234649j -0.00780207+0.0130476j 0.000982165+0.0091283j -0.00475999+0.0306531j 0.0106027+0.00461328j 0.00652209+0.0264818j 0.0020292+0.017804j -0.0182689-0.0155342j 0.0106018-0.0199669j -0.0161133+0.0057574j 0.0140597+0.0225104j 0.0223761-0.0151859j 0.00863006-0.00916927j -0.00136731-0.0230965j 0.00577363-0.00136299j 0.0324876-0.00321531j -0.0107606+0.00106723j 0.00497918-0.0234578j -0.00094373+0.0183481j -0.0180414-0.00224908j 0.0180979-0.0149195j -0.0088109-0.0115632j -0.0372396-0.010967j -0.0113851-0.003392j 0.00352264+0.00368334j -0.00652033+0.00360809j 0.0322773+0.0142173j -0.00917862-0.0144773j 0.00996749-0.00386548j -0.0498839+0.0357508j -0.00981987-0.0177058j -0.0177524-0.0107883j -0.013468-0.0371526j -0.0230876+0.013636j 0.00426295+0.0669952j 0.0196077+0.0375663j 0.0365784-0.00289368j 0.015154-0.00460493j -0.0155593+0.00393546j 0.00957974+0.00238412j -0.00167839-0.0432463j 0.0314635-0.00200378j 
-0.00682429-0.00302084j 0.00773374+0.0024351j 0.0293843-0.0100493j 0.0094506-0.0104899j 0.0210981+0.00576691j 0.00018679-0.00771709j -0.00181181-0.00288357j -0.00647085+0.00248012j -0.0235369-0.00176123j -0.00460167+0.0067642j -0.00870878-0.0231108j 0.0111739-0.00544885j 0.00890376-0.00603161j 0.017812+0.00556336j 0.000909417+0.0123256j 0.0155766-0.0382996j 0.00542799-0.0120381j 0.01295+0.0311468j -1.18195e-05+0.00871052j 0.0305699+0.0161807j 0.0339718+0.0193124j 0.0186016+0.0166021j -0.00573959-0.0114409j -0.0220797-0.00146936j -0.00639147+0.0042608j -0.0228576+0.01743j 0.0114335-0.0249642j 0.00408221-0.0109977j -0.00710933+0.0131202j 0.0244887+0.0312717j 0.0424247-0.00940224j 0.0114124+0.00444753j -0.0326235+0.00172531j -0.00402606+0.0375096j -0.0100341+0.029968j -0.0147858+0.0013278j -0.0218756+0.00209936j 0.00623409-0.0099047j -0.0288982+0.0614075j 0.0374602-0.0463207j 0.0522156-0.0269331j 0.0318193-0.0101196j 0.00968478-0.00322909j -0.0345626+0.0059653j -0.0252129+0.0429132j 0.0259494+0.0395521j -0.0508036-0.0219238j 0.0542302-0.0174903j -0.0061485+0.00942322j 0.10611-0.0618938j 0.0554577+0.0151072j -0.0270868+0.016851j 0.0051201-0.0116342j 0.090151+0.0453252j 0.119305-0.119807j 0.0468499-0.0474098j -0.0760882-0.00549825j -0.0357485+0.0239678j -0.0070535-0.0170432j -0.0116346+0.0327095j 0.0308898-0.040242j -0.0413939+0.0306955j 0.0326958+0.0274932j 0.025582+0.0380308j -0.0122988+0.0203738j 0.0964121-0.114805j 0.0222985-0.109926j 0.116203-0.0582047j -0.0369046+0.0258484j -0.10588+0.049958j -0.0183006+0.0201567j 0.0213118-0.0045276j 0.0310122+0.0103439j 0.101159-0.0544188j -0.0343222-0.0254805j 0.136441-0.0283883j 0.0929322+0.120235j -0.109925-0.0744126j -0.245063-0.0123152j -0.0680322-0.0841633j -0.0198953-0.0827785j -0.0780384-0.0165369j 0.0910473-0.0473534j 0.0373313+0.0337325j -0.164623+0.0251809j -0.0377628+0.0121155j 0.0516485+0.0285505j -0.0297451-0.0722368j 0.000586785+0.0655628j 0.0173031-0.0864491j 0.0504411+0.0194009j 0.0440109-0.067671j -0.0133198+0.00649092j -0.0735081-0.0731412j 0.0400133-0.0414119j -0.060352-0.0237615j -0.0344716-0.0341857j 0.0252436-0.136795j -0.0128423+0.0485253j 0.0708331-0.029756j -0.0218319-0.0483071j 0.01917+0.00979212j -0.013417-0.00348275j 0.0305559+0.0861494j -0.00882876+0.102019j -0.0268084+0.0167834j -0.0275049+0.0159668j -0.0135953-0.0965979j 0.0279293+0.030565j 0.0377829-0.0814979j -0.0226152+0.0831935j 0.00592026+0.0103036j 0.122911+0.00229846j 0.0117164-0.0680244j 0.00949014-0.0339287j -0.0061678+0.0112062j -0.0591433+0.00884678j -0.0347907-0.0242404j 0.0093936+0.0304891j -0.00398976+0.0136803j 0.00264297+0.0453381j -0.00604398+0.0288769j 0.0175536+0.00743767j -0.0350793-0.01808j -0.00241996+0.05185j -0.0132601+0.0301947j -0.00868535+0.0255654j 0.00952255+0.0400525j 0.0227515+0.0431914j 0.00403785+0.00989763j -0.00306405+0.000210252j -0.0317864+0.0159105j -0.0195626-0.0080224j 0.00125745+0.00367136j -0.00813413+0.0114896j 0.00617592+0.0137233j 0.0153571-0.00779666j 0.00388243-0.00503449j -0.000999834+0.0120469j -0.0365939-0.0150099j -0.0182703-0.0240648j -0.0225237-0.0281924j 0.00735925-0.00397219j -0.0225862-0.00593322j -0.0136994-0.0121403j -0.00713419+0.00635321j 0.00468688-0.00945935j 0.0266423+4.71094e-05j 0.00987132-0.00652279j 0.0212721+0.0125899j -0.00657427-0.00549866j -0.0207342+0.0035912j -0.0348708-0.00101628j 0.00694572-0.00863052j -0.0344969-0.00699411j -0.00571202-0.00428767j -0.00233775+0.0115331j -0.0237929-0.022559j -0.0441507+0.0277472j -0.00771302-0.0156458j -0.023707+0.00128281j -0.00564579-0.00658462j -0.0216313+0.0112133j 0.00203308-0.0168079j 0.00363882-0.0246082j 0.0224752+0.0137074j 0.0152025-0.0394883j 0.0200767+0.00452587j -0.028824+0.0200617j -0.0128482+0.0317581j 0.00809229-0.00452013j -0.0156269+0.00665754j -0.0191326+0.00313836j -0.0141927+0.0159171j -0.0107499+0.0214792j 0.0240051-0.0039544j 0.000878728+0.00369515j 0.00221119-0.0099882j -0.0167575+0.00375055j -0.00714039-0.00869431j 0.049265-0.0213489j -0.0250237-0.0083543j 0.00767798+0.0342462j 0.00297178+0.00112219j 0.00324446-0.000606639j 0.014493+0.0143776j 0.0188046+0.00683331j -0.00820426-0.0142339j 0.00367482-0.00161177j -0.0177578-0.0156261j 0.0126776-0.0277322j -0.0168701-0.00952515j -0.0219792-0.00574813j -0.00295597+0.0211946j -0.00587303+0.000181201j 0.00535725-0.00642121j 
-0.00976439-0.0193369j -0.000605279+0.00382772j 0.0150959+0.000927183j 0.0226125+0.01337j 0.013054+0.00173641j 0.00517924+0.00272111j 0.00794182-0.00703073j 0.00853731+0.0141238j -0.0233917-0.013181j -0.00580284+0.0441965j 0.0126333-0.0207168j -0.00833476+0.00188708j 0.0118364+0.00546555j 0.005047-0.0234302j 0.0011121-0.0182003j 0.0336362-0.031978j 0.0411459-0.00992133j 0.00573467-0.00919665j -0.0561732+0.0303253j 0.0234963+0.0132127j 0.0321081+0.00134645j -0.0301325+0.0262422j 0.00461365+7.60654e-05j -0.0238485+0.0286238j -0.0134515+0.0100936j 0.0363373+0.00724969j -0.00425769-0.00736698j 0.0118372+0.0404701j 0.0278559+0.0169906j 0.0248552-0.0419303j 0.00551959-0.0223244j 0.0164312-0.0153769j -0.025079+0.000603578j -0.0121448-0.0285544j -0.0436322+0.0204748j 0.0121932+0.0196204j -0.00902679+0.0121776j 0.0175304-0.0286547j 0.00751514+0.0274921j -0.0393324+0.00946679j -0.0112486-0.0174001j 0.0228694-0.0253368j 0.0163574+0.00520749j -0.0148183-0.00165993j -0.0368795+0.041748j -0.000756377-0.0106304j -0.0188401+0.0107881j 0.040594-0.0616522j -0.0307915+0.0263685j 0.0650198-0.0119145j 0.0660074+0.0182194j 0.0632405-9.52291e-05j -0.0379229-0.0957522j -0.00251204-0.0796461j -0.0239753+0.0469931j 0.0542393-0.0472765j -0.0168617+0.107036j -0.0237179-0.00436609j -0.0303901+0.00650017j 0.0399915-0.0141007j 0.0454148+0.0392975j 0.0320749+0.0356372j -0.0547577+0.00437868j 0.0569583+0.0262228j 0.0251069+0.0162338j -0.0493033-0.0377583j 0.0867319-0.0239925j -0.0248853-0.0357331j 0.0013493-0.00814127j -0.0864137-0.0130732j -0.0580523+0.0133259j 0.039241+0.0144037j -0.00972981+0.0372604j -0.00390484+0.0083391j -0.0124594-0.0156177j 0.0532028-0.0601179j 0.0537571+0.00790904j -0.0572947-0.00157497j -0.0481082-0.00103853j -0.0455583-0.0290952j 0.0333905-0.0760394j 0.11261-0.0654768j -0.0830998+0.161329j -0.017805-0.0426522j 0.147534-0.0664729j -0.0361966-0.0675075j -0.0978092+0.0718517j 0.0554534-0.115786j 0.019214+0.0137306j -0.0494842+0.0366939j 0.134543-0.0557057j -0.0578892-0.0107489j -0.0509466-0.0383727j -0.10988+0.0797817j -0.235596+0.0854504j -0.0526958-0.0197234j 0.0957437-0.115119j -0.0729497-0.12426j 0.0741065+0.0179718j -0.0466532+0.00351815j 0.069383+0.0224485j 0.00500622-0.108083j -0.0696235-0.031157j -0.0317828-0.133151j -0.00491526-0.0604457j 0.0705891+0.0205388j -0.064034+0.0231192j 0.0476809+0.00845559j 0.0267455-0.110801j -0.0139864-0.00839243j 0.0233565+0.0394427j -0.0311257+0.00606537j -0.0315192-0.0566724j -0.0130929+0.0330899j -0.0259541+0.0991873j -0.0317339-0.0458853j -0.0191276-0.0469679j -0.00667375+0.00921583j 0.0268199+0.00227068j -0.0159013-0.0167446j -0.0278613-0.0367241j 0.0257373+0.0468251j -0.0125133-0.0243489j 0.0185947+0.0323248j -0.0138923+0.0294723j 0.00163513-0.0184999j -0.00782781-0.0139041j 0.0288391-0.011796j -0.0226859-0.0228166j -0.00693008+0.0570245j -0.0075303-0.000585361j -0.0394255+0.0732235j 0.0272035-0.00444389j -0.017853+0.0052909j -0.0567932+0.00517508j -0.000259711-0.0124676j 0.0160021+0.00656115j -0.0414322+0.0172199j 0.00916196+0.010311j -0.0175186-0.0185548j -0.00459581+0.00157684j 0.0227866-0.031863j -0.0108413+0.00877732j -0.0268027+0.0226422j 0.0164567-0.00574279j -0.00633202-0.000852341j 0.0346536-0.000909018j -0.0131942-0.00864319j 0.01644+0.00618529j 0.0175172+0.00888225j 0.00184532-8.59967e-06j -0.00556107+0.00132434j -0.0117571+0.00593779j 0.00276621+0.000202594j -0.0171433-0.00793066j 0.0121412+0.000370248j 0.00595654+0.000710482j -0.0283045+0.00549361j 0.0311179-0.00491877j -0.0518165-0.00707647j -0.00115985-0.00740894j 0.00202249-0.0154419j 0.0244432-0.0289823j 0.0287331+0.00312885j -0.018816+0.0191751j 0.0451806-0.0350718j 0.001294-0.0162606j -0.0252991-0.00224671j -0.0164195-0.00191666j 0.0310302+0.0170886j -0.00224761+0.0135859j -0.00925886-0.00791686j 0.018324+0.00570585j 0.00181278-0.0179266j -0.00155372+0.0155374j 0.00695258-0.0318871j 0.0066662+0.00562474j -0.0214568-0.00160136j -0.0224357-0.0105194j -0.020975+0.0458731j 0.0214382-0.0101591j 0.0412717-0.0619719j -0.00320566-0.0536237j -0.0372598-0.0138018j 0.0292963+0.00391368j 0.0128754+0.00556716j -0.0107542-0.00902802j 0.0397162+0.0169376j 0.0222094-0.0179184j -0.00684658-0.0219815j 0.00771231-0.00311455j 0.0226356+0.01163j -0.00306227-0.0126084j -0.0120132+0.00327296j -0.0109463+0.0066198j -0.00133632-0.0166012j 
-0.0216192+0.0132358j 0.0137859+0.016437j -0.018445+0.0125947j -0.0146061+0.0091792j 0.0169941+0.0178094j 0.0126599-0.00174019j -0.0151517-0.00517047j -0.00924057-0.00905034j 0.0159622+0.0392827j -0.0099553+0.00551376j 0.0237118+0.0325359j 0.00358928+0.00989064j -0.04139-0.00376038j -0.00473311+0.00305225j -0.00394875-0.0232965j 0.00845721+0.0544115j -0.0458233-0.0120616j -0.0236705-0.000324686j 0.0522064-0.00574781j -0.031254-0.0179801j -0.0469976-0.0338197j -0.0467601+0.0333434j -0.0204895+0.0338243j 0.0292482-0.0204422j -0.0187489-0.0222964j -0.0424956+0.0320651j 0.0456924+0.00979541j 0.0435267+0.0333282j -0.0284603-0.00680168j -0.0518556+0.0074421j 0.0370585+0.0340309j 0.0389659-0.0102139j 0.0175339+0.0335116j 0.0293823-0.0268647j 0.0710796+0.0272732j 0.0299077+0.0341204j -0.0181819-0.0129097j -0.0215327+0.00666434j -0.0462573+0.0135523j -0.0167563-0.0637974j -0.059834+0.0214096j -0.0128288+0.00106652j 0.0423515-0.0247506j 0.0185595-0.0155016j 0.0115144-0.0417721j -0.0255862+0.0841975j 0.0149341+0.0275164j -0.0898674-0.0201189j 0.0329587-0.0168808j -0.0230693+0.00856092j -0.0460956-0.0751686j 0.0885353-0.193957j 0.113004-0.0136921j 0.0318074-0.00919945j -0.00916303-0.0414045j -0.0249392+0.0755688j -0.0444639-0.0334098j -0.0414267+0.0038711j -0.107994+0.0430715j 0.0215502-0.0177821j 0.0929724+0.0101686j 0.0395059-0.0213619j 0.0869442-0.023223j -0.00401361-0.059453j -0.0227638-0.0274497j 0.0291275-0.0360289j -0.0122754+0.0399193j -0.00171827-0.0521859j 0.0127417-0.0206761j -0.108446-0.0233235j 0.0418186-0.0360794j 0.113722-0.0710225j 0.0359496+0.0176522j -0.00226401-0.000465959j -0.0684771+0.0177525j -0.0575232-0.0147198j -0.0315401+0.054811j -0.0652679-0.0180968j -0.0712294+0.0719357j 0.0807649-0.060176j -0.101785+0.0933136j 0.0144318+0.0535125j 0.0859556+0.0339459j 0.105162-0.0626921j -0.125444+0.094738j 0.017022-0.0843442j -0.106643-0.0141396j -0.0224432-0.00597041j 0.0269199+0.0216433j 0.06726-0.0305814j 0.0200787+0.0778742j -0.0153646+0.0075144j -0.0131345-0.0183217j 0.135251+0.0256423j -0.0252404-0.0636502j 0.0736898+0.18478j 0.00793794-0.0130025j -0.0760305-0.0331636j -0.0135267-0.0133715j -0.00670186+0.0635528j 0.0235039+0.0219151j -0.0363547+0.0212403j -0.0602885-0.0611186j -0.0521734-0.0948249j 0.00373129-0.0499446j 0.0587243+0.0530684j 0.00664841+0.00263251j -0.0131007-0.0704382j 0.0148098+0.0773244j 0.0102165+0.00982023j -0.0354223+0.0677881j 0.0164585-0.0370615j 0.0557337+0.0323847j -0.0148319+0.021847j -0.0245008-0.000136503j -0.0187184+0.0616637j -0.0317846-0.0276935j 0.0428175-0.00527885j -0.0149718-0.0478901j -0.0212647-0.0280287j 0.00902301-0.0558823j 0.0102092-0.0428207j -0.00364969-0.00746578j -0.00751535-0.0349406j -0.0260414+0.00636081j -0.00066046-0.0213057j 0.00548029+0.00223941j -0.0116502-0.0228713j 0.00949004-0.00788208j -0.0552546+0.0118971j -0.00117008+0.0102931j -0.00356719+0.00395787j 0.0163381-0.0368699j 0.027656-0.00817675j -0.0196858+0.0280976j 0.0259127+0.0132589j 0.0340318-0.0129502j -0.0295909-0.00879397j 0.0273438-0.013388j -0.00689509-0.00808919j -0.0180372-0.00168369j 0.0159393+0.0292857j 0.0235714-0.00762517j -0.0211494+0.014299j -0.0389803-0.000365748j -7.29737e-06+0.016012j 0.0130664+0.0151523j 0.012264-0.0137821j 0.00324341+0.00284436j -0.000617878+0.0177632j -0.0293221+0.00385182j 0.0136876+0.00476829j 0.0113854-0.00878151j -0.00383867+0.00295741j 0.0173373-0.0111796j 0.0075785+0.0105793j -0.00948394-0.0142148j 0.00708802-0.00731772j 0.0173938-0.0102733j -0.0176912-0.00360044j -0.00504654+0.0105418j -0.0157767-0.0181135j -0.0293721+0.0152171j 0.0159451+0.00714595j 0.00806887+0.0108255j -0.0106302+0.0252327j 0.0115356+0.0086648j -0.00107705+0.0183407j 0.00744975-0.0091837j 0.00127096-0.0157765j -0.00703504-0.000225796j 0.00816269-0.0292291j -0.00710654+0.0254111j -0.0196551-0.00113405j -0.0238883+0.0109028j 0.00144679-0.0107003j -0.0166699-0.00646045j 0.0150713+0.00485661j -0.0193895-0.0039475j 0.0160236-0.0110058j 0.00762113+0.00080131j -0.000866772-0.0147951j 0.0154433+0.00177485j -0.00428738-0.0250112j 0.0275332+0.010495j 0.0238358-0.0160171j -0.0192048+0.0322839j 0.0160829-0.0331671j -0.026096+0.0270268j 0.000932011+0.0116775j -0.00243498-0.00591876j 0.00617353-0.00190368j 0.00829305-0.0203053j 0.0032103-0.00748573j -0.0150499-0.0194605j -0.0028041-0.0295363j 
-0.0238783+0.0020256j -0.00444048-0.00487934j -0.0204971+0.00750644j 0.0200192+0.00595262j 0.0477103-0.0084832j -0.00756169-0.0191929j -0.0215449-0.0221513j 0.00425828+0.0222002j -0.0103767+0.0192512j 0.00408676+0.0266547j 0.0128663-0.00846324j -0.0330003+0.012764j 0.0102973+0.0184026j 0.0276494+0.0397169j -0.0220054-0.037158j -0.0649124-0.0140482j 0.00601018+0.037222j -0.0251182+0.00964703j 0.00640236+0.0128195j -0.0193949+0.0143996j -0.0289929-0.0325271j -0.0102691-0.00177116j -0.00912535-0.00765398j -0.00577829+0.00816466j 0.0488387+0.0012909j 0.00354578+0.0140552j 0.0033467-3.68718e-05j -0.0100621-0.016868j 0.014206+0.012494j -0.00603988+0.0318272j -0.0258574-0.0315978j 0.0132804+0.0249756j -0.0146461+0.0152467j 0.0563176-0.00612666j -0.0222239+0.00413882j -0.0284203+0.014467j 0.0268623-0.011794j -0.0260985-0.0195147j 0.0378224-0.00497869j 0.000646538-0.00972094j -0.00148214+0.00447416j -0.00128194-0.0141589j 0.0379793-0.00248934j 0.00273486-0.00255697j 0.014734+0.00229786j 0.027602+0.020898j 0.0219059+0.0296363j -0.00104307+0.0364359j 0.0660616-0.0141681j 0.0384695+0.0126124j -0.00534266+0.00252812j -0.0469548+0.0301462j -0.0819398+0.071257j -0.026001-0.0365778j -0.048717-0.0152173j 0.0263746-0.0468866j -0.0793584+0.0545666j -0.0496572+0.0033452j -0.0404024-0.0312362j 0.00826325-0.0421817j 0.0589389-0.0078172j -0.038978-0.00403711j 0.0153504-0.0319891j -0.0312034-0.00950258j -0.0327885+0.0330011j 0.0424832+0.00504127j -0.0925673-0.0214313j -0.022645+0.0543574j -0.0192487-0.0469294j 0.0438126-0.0573548j 0.0614199+0.00165049j -0.0192642+0.0265071j 0.0766884+0.0732447j -0.00784915+0.117681j -0.0126211-0.127294j 0.0526306+0.0821257j 0.0450664-0.0432263j 0.0096786+0.0521672j 0.0203836+0.108146j 0.00329785-0.0919851j 0.0443805+0.0506987j -0.0435116+0.0422773j 0.00809911+0.0183809j -0.0299748+0.0405829j -0.0395085-0.0381781j 0.150598+0.0430618j 0.0685883-0.0271869j 0.00155339+0.00759775j 0.139184+0.204572j 0.0795959+0.151619j -0.0326278-0.0223375j -0.100304-0.0857787j 0.0158031-0.030034j -0.0396908+0.00358115j -0.0252251+0.0112679j 0.0102181-0.00511833j -0.0319108+0.047786j -0.00244079-0.0125525j 0.000508873-0.0272071j 0.0305598-0.0101946j 0.0418479-0.0210887j 0.0353807-0.00907153j -0.0548176-0.0160516j -0.00240039+0.00588664j 0.0445473+0.0459515j 0.0459983-0.00912053j 0.0174311+0.0133132j -0.00136295+0.0201641j 0.0101188+0.031407j 0.0531826-0.0146803j 0.0162206-0.0457397j 0.0207028+0.0476732j 0.00476808-0.0251471j 0.0119983-0.0174405j 0.0448075-0.00730994j -0.0134829-0.0305637j 0.0100654+0.0104438j -0.0132705+0.00726836j -0.0161267+0.00688949j 0.0107765-0.00842676j -0.0159429-0.00876062j -0.0303888-0.00269326j -0.00781128-0.0193834j 0.000973242+0.0133654j -0.0377844-0.00613148j 0.00596005-0.0014353j 0.0100506-0.00145517j -0.0196914+0.00120643j -0.0145971+0.00230634j -0.00405125-0.0259027j -0.0440553-0.0302312j 0.0070247+0.00261378j 0.00327725-0.000279525j 0.0107666-0.00953004j -0.00368206+0.0122803j -0.0164439-0.0256929j 0.00262958+0.00353882j -0.00246897-0.0349061j 0.0067512+0.00527164j 0.00953625+0.00762387j -0.0196284-0.00634124j -0.00645149-0.000750985j 0.0140538-0.0051303j 0.00282554-0.0277301j -0.0264931+0.0071287j -0.00729897+0.000512766j 7.4207e-05-0.00101867j 0.0132591-0.0102004j -0.00981827+0.0119487j -0.000256725+0.00181888j -0.0136585+0.00878098j 0.0109543-0.00418165j 0.00759409+0.00970245j -0.010864-0.000630778j -0.00805574-0.0194274j -0.0110864+0.0229302j -0.0143888-0.0159583j -0.014246-0.0126146j 0.00913555+0.0326385j 0.00588278+0.00263774j 0.0286831-0.0138663j 0.00598116+0.00693372j 0.00967007-0.0080747j -0.013056+0.00524252j 0.00544248+0.000165178j 0.0150167-0.0161421j -0.00114058+0.0108091j 0.0182143-0.0117689j 0.0150925+0.0119774j 0.012644+0.00957428j 0.000707507+0.0128174j -0.0145316+0.000863183j 0.0165083+0.00471893j -0.0192891-0.00307753j 0.00227705+0.0204477j 0.00740365-0.0170567j -0.00619353-0.0183497j 0.0100651+0.00632469j -0.012067+0.00191408j -0.00571847-0.000810335j 0.0144137+0.00625636j -0.00769869+0.000803066j -0.017423+0.0101915j -0.0188722+0.0292297j -0.0308077-0.00654151j 0.0058344+0.00459204j -0.00819694-0.00078988j 0.0143063+0.0317974j 0.00494115-0.011107j 0.0156745-0.0101638j 0.0045968+0.0041836j 0.0128196-0.00544506j 0.0104596+0.00287295j 0.00736672-0.0108156j -0.0071373+0.0059252j -0.00648168-0.00786232j 
-0.0139946+0.0430582j 0.0342611-0.00705133j -0.0386151+0.0441214j -0.00795794+0.0180739j -0.0203534-0.0106706j 0.0165596+0.0071915j 0.0207859-0.0103403j -0.0132271+0.00173615j 0.0543873-0.00389575j -0.0104201-0.0141466j -0.00648965+0.0321003j 0.00625563-0.016896j 0.0149507-0.016955j 0.0104167+0.037552j -0.007211-0.0333798j 0.0128064+0.00912696j 0.000216231+0.02537j -0.0208354+0.00749924j 0.0338848+0.0526297j -0.0541083+0.0457551j -0.0377721-0.0174076j -0.00605853+0.0134314j -0.0239961-0.0529712j 0.0353974+0.0128765j 0.0227279-0.0852033j 0.00504954-0.00134944j 0.0060045+0.00609687j 0.0653953-0.00769248j -0.00373183+0.0236471j -0.0732707+0.0136633j 0.00638407-0.0485774j 0.0240017-0.0312063j 0.0168757+0.00741163j 0.0188402+0.0118138j 0.0486766+0.0179458j -0.00238918+0.0321363j 0.0657436-0.0678174j -0.0355013-0.0444871j 0.0355407+0.0280308j -0.0357279+0.0448872j -0.0545052+0.0636663j -0.0345091+0.0145604j -0.0287274-0.00501174j 0.0387934+0.0217193j 0.0267339-0.0666297j 0.00550576+0.0234211j 0.0582458-0.0117209j -0.0611863+0.0527013j 0.0447802-0.0079873j -0.0803605+0.019082j -0.0133752-0.00727573j -0.0639952+0.0156167j 0.0379019-0.0327216j 0.027601-0.0199767j 0.0429209-0.0713199j 0.0529236-0.00778949j 0.0414717+0.0236931j -0.111166-0.0263832j -0.0713776+0.00478155j -0.0179273-0.0463746j 0.00194708+0.0677337j -0.0166065-0.0104818j 0.0384191+0.0303157j -0.120528-0.0121747j 0.016279+0.03797j 0.114942+0.0378955j 0.0101407-0.132278j 0.0820942+0.0319213j -0.0243413-0.0142242j -0.0197331-0.0510892j 0.0593423+0.132053j -0.039971-0.0538458j 0.00271979-0.0283577j 0.0301019-0.0426703j -0.0211102-0.03657j -0.10906-0.026488j 0.0120016+0.0115347j -0.032433+0.0114336j -0.0595496+0.0373901j -0.0137722-0.0523081j -0.0625951-0.0265243j -0.0140191-0.025359j -0.0192972+0.0600087j 0.0486055-0.0104548j -0.0875582-0.00231337j 0.0157029+0.127862j 0.138631+0.0446685j -0.0599254-0.0652132j 0.0356868+0.00763626j -0.0444468-0.0671501j 0.0224305-0.0250411j -0.0179029-0.0763601j -0.00427619+0.0359929j 0.0792969+0.0564008j -0.10922+0.0718217j -0.0363049-0.119451j 0.0285505+0.10101j -0.092182+0.0227843j -0.0280531-0.0159999j -0.0189082+0.00736683j -0.0126564-0.0356663j -0.0447013-0.0367601j 0.022732-0.0229657j -0.0141976-0.0239536j -0.0205568-0.0418174j 0.00160886+0.029573j -0.0217205-0.0718305j 0.0979101+0.0453885j -0.0155252+0.00642733j 0.00800688-0.0315649j -0.0185761+0.047987j 0.00472986-0.0139741j 0.00604869-0.0361459j -0.0339559-0.0148985j -0.0082658-0.0318455j 0.0451262-0.011343j -0.0626226-0.0384156j 0.00345962+0.00711434j -0.0114634+0.0198114j 0.0307812+0.00510309j 0.0241007-0.0183318j 0.00669363+0.0290578j -0.00520938+0.00833627j 0.00807223+0.0187924j -0.0507918-0.00211988j -0.00350051-0.00515921j 0.0165921+0.0106897j -0.0504572+0.0055569j 0.00186898-0.00729731j -0.0273676-0.0158579j -0.0207525+0.000561766j 0.0132762+0.0234594j 0.00352215+0.00170686j -0.013293+0.0014687j -0.00460189-0.0308251j -0.00852338-0.012551j 0.0317847+0.0247865j -0.00685568-0.0240336j 0.0155518+0.0218445j 0.0146566-0.00161489j -0.0236233-0.0340671j 0.0179695+0.0028243j -0.00108736-0.00700333j 0.0209354-0.0105549j -0.0180728+0.00432431j 0.00825263+0.0176105j -0.0164456+0.0244045j -0.0139602+0.00320159j -0.0168025+0.00821259j 0.0278987+0.026977j 0.022734+0.0159664j 0.000948131+0.00615134j -0.0204997-0.0134909j -0.0214194-0.00717206j -0.008844-0.00995447j -0.015061-0.009422j 0.0168459+0.0116207j 0.0192892-0.0191535j 0.0067602+0.0237606j -0.0246233-0.0299333j 0.00112058-0.0263295j -0.000763704+0.0322911j -0.0228338-0.0175962j -0.027264+0.0242157j -0.0254585+0.00462076j -0.027528-0.0144212j -0.0188076-0.00700767j -0.044732+0.035537j 0.00858368-0.00114988j 0.00902554-0.015521j 0.00827395-0.00328207j 0.0280517-0.0111817j -0.00332928+0.00950205j -0.00224249-0.0301294j -0.0260781+0.0370997j -0.00652125-0.02804j 0.0172541+0.00914701j 0.0354788-0.019194j -0.0269298-0.00398609j 0.0301108+0.0210871j -0.00151846+0.00604238j 0.0321396+0.0196897j -0.00363663-0.00823216j -0.0186761-0.0131545j -0.0294115+0.00498863j 0.0410555+0.0269384j -0.0147554-0.00812163j 0.0306289+0.0269074j -0.0151049-0.0102431j -0.00711746-0.0285463j -0.00961372+0.00619121j 0.0263999-0.0300703j 0.0258525-0.00472565j 0.0133081+0.00254437j 0.000567283+0.0310868j -0.0369582-0.026821j 
-0.0249905+0.0133465j 0.0151427+0.0132726j 0.00467905-0.010256j -0.00677669+0.0130437j 0.0194115-0.00610478j 0.00769291-0.0155267j -0.0169182+0.00709889j -0.00126244+0.00506124j 0.00256543+0.0263592j -0.0260687+0.00111915j 0.0118721+0.00628802j -0.0198375-0.00333014j -0.0231438-0.00692678j -0.0112059+0.00787414j -0.037415-0.0104118j 0.00380757-0.000679158j -0.0319397+0.0109007j -0.0152248+0.038046j 0.00389411+0.00181136j 0.00636713-0.0553443j -0.0305715+0.0347705j -0.0221278-0.0494656j -0.00762292+0.00700761j 0.00130688-0.00593263j -0.0181284-0.00674383j -0.0301678+0.0145995j 0.0192933-0.0184456j 0.0754212+0.00267488j 0.011714-0.0318665j -0.0107647+0.0387848j 0.0105906-0.0166061j 0.0187845+0.0069943j 0.00151042-0.0116071j 0.0161243+0.0260726j 0.00316778+0.00727843j 0.0249213+0.00546643j -0.02122+0.00256153j 0.0220904+0.00694045j -0.0363554-0.0040839j -0.0265231+0.0279014j -0.0372123+0.0100439j -0.00716237+0.00604309j 0.0432103+0.0185194j 0.0231442-0.00852197j 0.0101543-0.0429202j 0.0101035+0.0421183j -0.0184548+0.00245825j -0.0597683+0.00722387j 0.00677425-0.0322993j 0.0190158-0.00768416j -0.0226831-0.0892175j 0.0492095-0.043261j 0.0417027+0.0206446j 0.0113903+0.0126896j -0.0605703-0.0169329j 0.0513767+0.00212419j 0.031961-4.82794e-05j -0.0312419+0.0218348j -0.063529-0.00131941j -0.00945916-0.0239277j 0.0756938-0.0150874j 0.201987-0.0363011j -0.00960418-0.0124194j 0.0762434-0.00440167j 0.0218151-0.00262562j -0.122971+0.0304231j 0.187599-0.0561377j -0.128933+0.0702093j 0.0669908+0.0262284j -0.0400458+0.0625793j -0.157083-0.0778454j 0.125475+0.0164285j 0.0396967-0.0116906j -0.0356482+0.00646451j -0.012095+0.00330688j -0.0174347+0.0863979j -0.00539836+0.0430034j 0.0251981+0.0762651j 0.0290956-0.0152082j 0.0539126-0.0788298j 0.0629388-0.00922242j 0.115121-0.0322562j 0.0776128-0.102739j -0.120374-0.0314125j 0.00528198-0.0158614j -0.052164+0.0697303j 0.0622764+0.183944j -0.0264268+0.00356746j -0.0588846-0.0247305j 0.0747976+0.0238365j -0.0905778-0.0815951j 0.00565661-0.0256252j 0.0074506+0.0683047j 0.0283507-0.0885407j 0.0128138+0.0586399j -0.00756385-0.0837319j -0.0189613-0.0280471j -0.00988907+0.0343429j 0.00914157+0.0603407j 0.025574+0.0240759j -0.0492673-0.0715824j 0.064936+0.0717771j 0.0352721+0.0420264j 0.0671668+0.0139421j 0.0887077+0.015297j 0.0635829-0.00517796j 0.0059239-0.0303479j 0.024204+0.00533344j 0.104265+0.0163537j -0.0685987+0.0322221j -0.0284371-0.0153383j -0.0547696-0.0159354j -0.0244572-0.00377197j -0.0472702-0.00129018j 0.000302326+0.00703673j -0.0270294+0.0210362j 0.013711+0.0148416j 0.00543033-0.00365745j 0.0316767-0.0205179j -0.038511-0.0117708j 0.0426501+0.0135922j 0.0795363+0.000186756j 0.00920178+2.94003e-05j 0.0193331-0.0288197j 0.00168277+0.0178842j -0.0303305-0.0127175j -0.050469-0.0222523j 0.00896881+0.00579697j -0.0251677-0.00172445j 0.0157756+0.033809j 0.0113781+0.00113035j -0.00048389-0.0194309j -0.0193813-0.0109419j -0.00374265-0.0079828j -0.0398336+0.0182114j 0.0152337+0.00187331j -0.0159201+0.0189724j 0.023998-0.0180138j -0.0303546-0.00348341j -0.00378196+0.0111887j 0.00642591+0.0135016j -0.00713521-0.0100484j 0.00121313+0.00870751j -0.0291362+0.0070876j -0.0342104-0.0134837j 0.00578489+0.0074938j 0.000660701-0.0245717j 0.0029143+0.00329867j -0.010343-0.00710933j -0.0333649-0.00131519j -0.00804364+0.0210078j -0.00292641-0.00684884j 0.00149529-0.0178367j -0.0134928+0.00780501j 0.0207281-0.0151968j -0.0053391-0.00692843j -0.00301338-0.00745725j 0.0191402-0.0075216j 0.0276202-0.0200363j -0.00528009+0.0272916j -0.0117726+0.0229546j -0.00699002-0.00257615j 0.00079326+0.017426j -0.0265097-0.0137459j 0.00890987+0.00703219j 0.0166555+0.00850798j -0.000970475+0.0149941j 0.0175623+0.0226795j 0.00659443+0.00510037j -0.00469199+0.00971564j -0.00316828+0.0195557j -0.0141634+0.00129877j 0.000947834-0.00394835j 0.000221032-0.00349084j 0.00333731+0.00847755j 0.00445953-0.00531255j 0.0186044+0.000604769j -0.00441878+0.00998248j -0.00989748-0.0119782j 0.00731097-0.0103695j -0.00412666+0.00307799j -0.0228493-0.00985344j 0.0144323-0.00653768j -0.0166145-0.000631176j 0.0122014+0.00228376j 0.0149061-0.020515j -0.00626022+0.0112777j 0.00547401-0.0319856j -0.0198321+0.0149815j -0.00270177+0.00139354j 0.0215377+0.0117401j 0.0152914-0.00530713j 0.00848799-0.0124455j -0.00540489-0.00900433j -0.00660371-0.0110598j 0.00149797-0.00953416j 
-0.00656838+0.0113354j -0.00336594+0.0240261j -0.0149058-0.0194088j 0.0191854+0.0250217j 0.0211551-0.0113385j -0.00387596-0.00381455j -0.0178034+0.00717571j -0.01112-0.00418496j 0.0287067-0.0225515j -0.00548207-0.015296j -0.00465214-0.00148017j 0.0101071-0.0309393j -0.00813386+0.000766419j 0.00729374+0.0163621j 0.00161312-0.0104763j 0.0327099-0.028033j 0.00300936+0.0449457j -0.00784911-0.00626504j -0.0214255-0.00783337j -0.0276006-0.0337534j -0.0172374+0.00267538j -0.0122297+0.00537056j 0.0249162+0.0017894j -0.00751071-0.0012393j 0.00539945-0.0198521j 0.0245704+0.0402517j -0.00755164+0.0304522j 0.0234421+0.0195345j 0.00725796+0.0194816j 0.0195051-0.0535808j 0.0167799-0.0204399j 0.00885757-0.027684j 0.0355892-0.0144661j 0.0300825+0.0128645j 0.00757664+0.0125914j -0.0108387+0.033222j -0.0126648-0.043607j -0.0306699+0.00474196j -0.00109917+0.0234953j -0.00232562-0.0150116j 0.0162863-0.00553854j -0.00194823+0.015383j -0.0113282-0.0333386j 0.0163986-0.00803716j -0.0397432-0.0340458j 0.0215527-0.0212909j -0.0038594-0.0129266j 0.00205739-0.0309201j -0.0366513+0.0104056j 0.0296145+0.0014198j 0.0644804-0.0318146j 0.0279599-0.01111j -0.0227062-0.0493059j 0.0014714-0.0471346j -0.0372754-0.0856413j -0.0157971-0.000267042j -0.103128+0.0271006j -0.0414739+0.0505382j -0.0497363+0.0841949j -0.0489772+0.0956134j 0.0669851+0.00231775j 0.0323836+0.0193482j 0.102347+0.00834363j 0.0362305+0.0128886j 0.0966529-0.0927442j -0.0916611+0.100248j -0.136245+0.0259413j 0.01783+0.0593642j -0.0345809-0.0204393j -0.11912-0.0857569j 0.110776+0.000546783j 0.0111727-0.0167852j 0.0459768+0.00962995j 0.0016343+0.090801j 0.0342592-0.0133985j 0.022327+0.0810961j -0.0908156-0.08032j 0.093591+0.0160823j 0.0211101-0.124349j 0.189006+0.0670514j 0.0586545+0.00532984j -0.104444-0.0400067j 0.130838+0.0488386j 0.0292274-0.0435006j -0.0692683-0.0401984j -0.0149201-0.0395888j 0.060478-0.0167175j 0.0121076+0.0327292j -0.00689256-0.0600478j 0.0100325+0.0477585j -0.0887785-0.0587075j 0.0356405+0.0585036j 0.0341003-0.0364424j 0.120246-0.0324337j 0.0814489-0.0381014j -0.0492836-0.00804345j 0.0621561-0.0720423j 0.0226839-0.0545634j 0.0507679+0.00877459j 0.0279368-0.0462275j 0.0341318+0.0297382j -0.00345327-0.0427574j -0.0774237-0.0336301j -0.0545181-0.0055949j 0.00363484-0.00205605j 0.0107794-0.0177553j 0.0251919-0.019014j 0.0211618-0.0319176j 0.000287517-0.0157424j 0.018364-0.017113j 0.0437091-0.00349203j 0.0512908+0.00281512j 0.0434088-0.099406j 0.00993861+0.040556j 0.0467758+0.00695257j -0.0426208+0.0172932j -0.0357377+0.021907j -0.0233278+0.0461132j 0.0375775+0.0167893j -0.0226387+0.0240525j 0.0485292+0.00763037j 0.0406606+0.00209628j -0.00208123-0.0202514j 0.00385639+0.0488594j -0.0182722-0.00408877j -0.000333479-0.00318061j -0.0211901+0.022691j 0.00314054+0.0037435j 0.000431765+0.0196727j -0.0414925+0.0268858j 0.0212135-0.0063745j -0.0344296-0.0354514j 0.0284922+0.0182476j 0.0351378+0.00107939j 0.00115873-0.0338718j -0.0237765-0.000342016j -0.0115622-0.00337204j -0.0105509-0.00295332j 0.0314023+0.0176222j -0.0215262-0.00300855j -0.0518361+0.00399224j -0.00680593-0.0122364j -0.000484245+0.0104034j -0.02405-0.00362057j -0.0436965+0.00106112j -0.00814826-0.0157796j 0.0205789+0.0235495j -0.0403864+0.00447403j -0.0367244+0.0111534j 0.0188985+0.0205232j 0.00559355+0.000905817j 0.00889253-0.0173235j 0.0207838-0.00821557j -0.0296658-0.00704111j -0.0202003+0.00768318j -0.0383904-0.0238596j 0.0169376+0.00483111j 0.0121119-0.00535844j 0.0296672+0.0136634j -0.039876-0.0177389j 0.00448612+3.40705e-05j -0.00725502+0.000792095j -0.0499487+0.00877943j -0.0327552-0.00968791j -0.000634346+0.000591791j -0.0235664-0.0244511j 0.0128806-0.0357672j 0.00519314-0.00840193j -0.0063885+0.0154513j 0.027026-0.00537074j -0.0111637+0.0070232j -0.0258305-0.00240501j -0.00539955+0.0122691j -0.0282389+0.0303361j 0.00413373+0.0034416j -0.00291405-0.014242j -0.00816468+0.00310181j -0.00603514-0.0166472j 0.00379551-0.0194597j -0.0018259-0.0155537j 0.0166409-0.0143705j -0.00677487+0.00317807j 0.0289479-0.0397523j -0.0232248+0.0372726j 0.002356+0.0208043j 0.0374329+0.0151472j -0.0449334+0.00249098j 0.0138791-0.00776296j -0.0195805+0.0248302j -0.00816976-0.0124225j 0.0243128+0.0177508j 0.0173349-0.0108042j -0.0102435+0.0147513j 0.00590107+0.00689409j -0.0305645+0.005332j -0.00603774-0.0250291j 
0.00927373+0.00267862j -0.0141833-0.00739428j -0.0188986-0.0072307j 0.00145654-0.00757129j -0.00778977+0.0194558j -0.0264778+0.00517191j -0.00277804-0.00348534j 0.0153554+0.0064435j -0.000481844-0.0156102j -0.00810115+0.0275865j 0.00768204+0.0114194j 0.00234635+0.000513599j 0.0137935+0.0110977j 0.0138153-0.00809769j -0.00667167+0.00346634j 0.0306194-0.0367657j -0.0279182-0.000542215j -0.0245398-0.0271882j 0.0302141-0.00579043j 0.00948814-0.0214075j 0.0116175+0.008981j 0.0102469-0.0239922j -0.0251085+0.00343182j 0.0298531-0.0629787j -0.00451986+0.0189248j -0.00958847+0.0149449j -0.00407635+0.0203101j 0.0171179+0.00173921j -0.0227272+0.00532799j -0.0298826+0.0246407j 0.0112036-0.00851131j -0.0446952+0.0546065j -0.0275897-0.00626916j 0.0213935+0.0370195j 0.030409+0.0246631j 0.00675697+0.0330968j -0.0343121-0.0239651j 0.0284043-0.0150673j -0.0174641+0.0325349j 0.0211646+0.00995494j -0.055568+0.040905j -0.0603297-0.0112362j 0.0280131-0.0438372j -0.020653+0.00521795j -0.0036506+0.00228964j -0.00440733-0.0471248j 0.0309073-0.00459022j 0.00732486-0.00259243j 0.0200119-0.0288183j -0.0292289-0.0168552j -0.00623901-0.0331393j 0.00181043+0.00562046j -0.0625951+0.0637608j 0.0788681+0.0266527j 0.00168815-0.0492473j 0.0231528+0.103873j -0.0202983+0.0588976j -0.0235237-0.00673831j 0.0419613+0.063585j 0.083125-0.00601726j 0.0407623+0.0403694j -0.0783416-0.0772433j 0.0233148-0.0434238j 0.0187776-0.0500816j 0.0663545+0.144597j -0.0319056+0.000389601j -0.00671675-0.042324j -0.062589+0.0181392j -0.0618198+0.0580895j 0.102541-0.119817j 0.00106578-0.0229419j 0.0461914+0.0312863j 0.207864-0.153998j 0.101389-0.0819486j -0.141877+0.0868017j 0.14251-0.0382647j 0.046259+0.0461188j 0.0305116+0.0377426j 0.112858-0.0703689j -0.0337483+0.0888577j 0.0855071-0.0549944j 0.0593869-0.039259j -0.003635+0.0674638j 0.0681632+0.0176089j -0.0317241-0.0190056j 0.000804028-0.0257919j -0.0487756+0.0191173j 0.0038093-0.0163467j -0.158808-0.00242331j -0.076921-0.0996561j -0.083879-0.023526j -0.00658575+0.0395979j 0.0552636-0.0387756j 0.0212853+0.0695884j -0.00954768+0.0400055j 0.042883-0.0279143j -0.111365-0.00699806j -0.0012247-0.0128357j 0.0862446+0.0117288j 0.0637397-0.139055j -0.00769854+0.0311731j -0.00651212+0.0148926j -0.0281472+0.00814161j 0.0097322+0.0152043j 0.00520434-0.0448536j -0.0388117+0.00012869j -0.0398538+0.0166156j 0.0264863+0.0457565j 0.0301599-0.0314226j -0.028347-0.0254786j -0.0316105+0.0430671j 0.0238134-0.049465j 0.015506+0.00369632j 0.020296+0.0490666j -0.000572455-0.0905968j 0.00832483+0.069966j -0.019555-0.0102311j 0.0284452-0.0494772j 0.00744116-0.00743133j -0.0185485-0.0256347j -0.00596171-0.0164221j -0.00472924+0.0102364j -0.00377487+0.0522371j -0.00627858-0.00484867j -0.00368189-0.0106467j -0.0126263+0.0212551j 0.0152745+0.0042594j 0.0244839-0.0238163j -0.0380192-0.00232196j -0.00846806+0.000643257j -0.0935117+0.0260905j 0.00343537+0.00534961j -0.00887199-0.00454615j 0.0680675-0.0409424j -0.0357842+0.0291126j -0.00971155-0.00482686j -0.0100512+0.00564242j 0.0274522-0.0204747j -0.00459718+0.00741135j -0.00652557-0.00402392j -0.0108243+0.00122303j -0.0115057+0.011978j 0.0465053+0.0185332j -0.00178123-0.0106903j -0.0185863-0.00169413j -0.0233968+0.000153702j 0.0190685-0.00364216j 0.0277573-0.0246974j -0.00197157+0.00444886j -0.00182638-0.000839792j -0.00548074+0.000529157j -0.001848-0.00639749j 0.015208+0.00156364j -0.00195018-0.0054776j -0.00825717+0.00961293j 0.0111537-0.01377j 0.0201325-0.011346j 0.00706185-0.00782044j -0.00395204-0.00311946j 4.58183e-05+0.00176929j -0.0144165+0.00969503j -0.00505001+0.00261884j -0.00191727+0.00746053j 0.029624+0.00539502j -0.0207069+0.00939814j -0.0181453+0.00239827j 0.00385933+0.00418067j -0.00112267-0.0219145j 0.0090875-0.0156802j -0.00139953-0.00467815j -0.0015309+0.0216511j -0.0256764+0.011873j 0.0258525-0.000868599j -0.0220743+0.0120352j -0.00377414+0.0349046j 0.0209004-0.0144686j 0.00791935+0.00545942j 0.0310987+0.00566804j -0.0279927+0.0264584j 0.00322152+0.00156991j 0.00701801+0.00789755j 0.00544568+0.00920707j -0.0115955+0.00517854j 0.0234826-0.00549139j 8.17475e-05+0.011296j -0.0114087+0.00921054j -0.0077761+0.0094261j 0.00648604-0.0111111j -0.0167535+0.00417126j -0.000129434+0.0104583j -0.0103149+0.0152398j 0.00759481+0.00249407j -0.0102353+0.00663397j 0.00791375+0.00586688j 0.00386565-0.00453188j 0.00435262+0.00382881j 
0.00605217-0.00230449j -0.0120265+0.0134629j 2.48496e-05-0.0178903j 0.0154991+0.00478973j 0.00976652+0.00308825j -0.000935079+0.00418334j 0.0111001-0.00995624j 0.011459+0.00261312j 0.0136008-0.0282628j 0.0086521-0.0128141j -0.00626854+0.0102728j -0.00451622-0.000460478j 0.0156481+0.0178274j 0.0197904-0.00504705j -0.00258769+0.0259727j 0.0133417-0.0332609j 0.0326297-0.00864081j 0.0220516-0.0233918j -0.0275917-0.01784j 0.00319428+0.0452431j 0.0253912+0.00250798j -0.00736622-0.00324396j 0.0157784-0.0107832j -0.0249251+0.00200055j -0.00418731-0.00218438j 0.0299759-0.00191897j -0.000683883+0.0252336j -0.0132519-0.00175319j 0.028551+0.00423102j 0.0294022-0.0246624j 0.0155801-0.0172577j -0.00597856+0.00982177j -0.010705-0.0139526j 0.0384925-0.0576507j -0.0409562+0.0212954j -0.0315503+0.0383507j 0.000756979-0.0142569j -0.00537672+0.0253955j -0.0303701+0.0214824j 0.00406441-0.00543565j 0.0118748+0.000536048j -0.019942-0.0110123j 0.022521+0.0215219j 0.000555409-0.0106662j -0.0283773+0.0283653j -0.00627399-0.00180273j -0.0133391+0.00323226j 0.0406692+0.00636643j 0.0254031-0.0209819j 0.0341419-0.0393655j 0.0372773+0.00669856j 0.0013118-0.0383886j -0.0564355+0.0826469j -0.0496362+0.0788778j 0.0532781+0.0306966j 0.0174597-0.0226902j -0.011806-0.0587555j 9.01495e-05+0.00262181j 0.0321716-0.0136155j 0.014479+0.0276898j 0.0472656-0.0267596j -0.0598477+0.032199j 0.00407468+0.0547892j 0.0371012+0.00263794j 0.0311035-0.043817j -0.0258613-0.00299741j -0.0977012-0.0431815j 0.0167985-0.0407977j -0.0345436+0.0184531j -0.0156856-0.0405475j 0.0600609+0.0207976j -0.0104624+0.0107893j 0.0519836-0.00824652j 0.0134988-0.020689j -0.0125178-0.0192214j 0.0560521-0.0212274j -0.0334335+0.0630575j 0.0553816+0.0224923j 0.0454269+0.114229j 0.0182938+0.0097687j 0.0605398-0.0418905j -0.0403521-0.00228771j -0.00428562+0.0178207j 0.0131374-0.0162392j 0.0679464+0.208949j 0.00249699-0.0276591j -0.00825166+0.00425427j 0.00706107+0.014394j -0.0305426-0.0087989j -0.0489517-0.0615158j 0.00565728-0.0464938j -0.106089+0.0267327j 0.0161719-0.00693339j -0.0337416+0.00793244j -0.0913842-0.00215463j -0.0305694+0.0966591j -0.0428574+0.00385557j -0.104557-0.0131442j 0.0589135+0.0278255j 0.0292604-0.0370851j 0.0358584-0.0965697j 0.0566849-0.0440968j 0.0169046-0.00840138j -0.044782+0.0101271j 0.0446737+0.00851708j 0.0127928-0.0409565j -0.0504946-0.0459433j -0.0686051-0.0288428j 0.0012125+0.0295557j -0.0245946+0.0282939j 0.069867+0.0111768j 0.0600223-0.00309416j 0.0393171+0.00678416j 0.0129955+0.0101317j -0.00351637+0.00976089j -0.00674601+0.00178838j 0.0119965+0.00304038j -0.00358585-0.0181342j 0.0349942-0.00565513j -0.00389236+0.02664j -0.0113253+0.0288796j -0.00782954+0.00279964j -0.00646608+0.00896285j 0.0148982+0.00179326j -0.0157174+0.0133282j 0.0254572+0.000638485j -0.0109403+0.0111011j 0.00596498+0.0107296j 0.00173586+0.00405049j 0.0216455-0.00568463j 0.0117496+0.0124958j -0.01792-0.0249844j 0.0345816+0.0207097j 0.00461494+0.00309437j -0.0316086+0.0105098j -0.0163764+0.00648325j 0.00406884-0.00321692j -0.000346648+0.0113897j -0.0311537-0.00391785j 0.0316067-0.00487312j -0.0137715-0.00798281j 0.0297971+0.0145656j 0.00584681+0.0100522j 0.0192262-0.0019177j -0.00900259-0.0119563j 0.0310876-0.00628901j -0.0022363+0.00400699j 0.00381475+0.00932819j 0.00159648+0.0236243j -0.00100782+0.00475092j -0.00627854+0.000523941j 0.000638284-0.00424922j 0.0254118-0.00318729j -0.0214378+0.0121214j 0.015837+0.000530806j -0.00539207-0.0110331j 0.0230936-0.0123798j 0.013005+0.00722407j 0.0194644-0.00256475j -0.0103175-0.0146257j 0.0342117-0.0232511j -0.00477292-0.00152255j -0.00471031-0.00211794j -0.0160358-0.000376614j 0.00502907-0.00571613j 0.0217588-0.0148218j 0.00265631-0.0199789j -0.0249918-0.0102573j 0.0013412-0.00404597j 0.00681734+0.00123558j 0.012907-0.0198368j -0.0168432+0.00570516j -0.00327746+0.00974352j -0.00539015+0.0258025j -0.0111515-0.0026301j -0.0182229+0.0183318j -0.0200266+0.0168876j -0.00845491-0.000653093j -0.0309514+0.000155643j -0.00923865-0.010512j 0.0204112-0.0026757j 0.0126376-0.00383401j 0.0179118+0.0104188j -0.00960636+0.00864842j 0.00386024+0.0189703j 0.0125734+0.0112987j -0.0141711+0.0228744j 0.00464818-0.020454j -0.00888911+0.00883605j 0.0163341-0.0279692j 0.0170941-0.00191992j 0.00650397-0.0232927j 0.0173192-0.00360245j -0.0176213+0.00378306j -0.00312273-0.00453221j -0.00109346-0.00146358j 
-0.0075956+0.00516125j -0.0108973-0.0016544j -0.00962495-0.0515264j 0.00962912+0.00645702j -0.00754461+0.0146322j -0.0102737+0.0139647j -0.0066213-0.00278334j 0.000474306-0.0178206j -0.0294183-0.0157709j -0.00182867+0.00877481j -0.00410975+0.0169743j -0.0282595+0.0227776j 0.0152271-0.0103629j 0.00729476+0.000572317j -0.0575139+0.0388552j -0.0143113-0.0463347j -0.013302-0.0276411j -0.000643806-0.00891267j -0.0070127-0.0115338j -0.0162851+0.0260972j -0.0173545+0.0235889j -0.0231893+0.0105953j 0.00301973+4.26275e-05j -0.0150547-0.00666463j 0.0308456-0.0327825j 0.0204197-0.0298806j -0.00220867+0.00463168j -0.0228469-0.017864j 0.0350441+0.00488151j 0.00368619+0.0230976j -0.0196787-0.000260462j -0.0343557+0.0449839j 0.0651793-0.0725149j -0.0255704-0.0235225j 0.0346294+0.0120495j -0.0150716-0.0142521j 0.0302953-0.018998j -0.0222221-0.0252421j -0.0408083-0.048081j -0.0408059+0.0610985j 0.0113705-0.0389247j -0.0120032-0.0230569j 0.0255999+0.021487j -0.0328467-0.0204913j 0.0303746-0.0348548j -0.0241842+0.00173362j -0.0320901+0.0215613j -0.0404604+0.0188307j 0.0457129-0.0591862j -0.0139408-0.0107068j -8.5271e-05-0.0524479j -0.106329+0.0114292j -0.0543038-0.0134647j -0.0726366-0.054881j 0.0667286-0.0477199j 0.0612236+0.0420202j -0.0338782-0.0503738j -0.0298527-0.015929j -0.014379+0.0357652j 0.0114263-0.0606765j 0.0234751+0.0500128j 0.0487952-0.110686j -0.012354+0.0624337j 0.0312484-0.0708544j -0.0967651-0.0495347j 0.0365534-0.0248645j -0.131033-0.0279862j 0.0230291-0.0310214j -0.00564251+0.0309637j -0.0193433+0.0461765j -0.109669+0.116577j 0.0912777-0.101688j 0.108038+0.0408462j -0.0478218+0.0709108j -0.0214808-0.0584818j 0.106694-0.0340676j -0.0469477+0.0220085j 0.024616-0.0538104j -0.0453692-0.000669248j 0.0159897+0.0694234j -0.173192+0.0297083j 0.0510643-0.0715381j -0.165487+0.0485325j 0.0447679+0.0797829j -0.0203413-0.00654978j 0.00734607+0.0125682j -0.105776-0.0906362j 0.0899072+0.00723663j 0.048272-0.0659349j -0.0333351+0.00475173j 0.0285656+0.0399331j -0.0286983-0.091636j -0.0254846+0.0568065j 0.0279289-0.00547805j 0.0209154+0.0257223j 0.107007-0.0421278j -0.021772-0.0385658j -0.0201219+0.0571305j 0.10599+0.173436j 0.046871+0.0186111j -0.042699-0.0442254j -0.0050832+0.05853j -0.0914337-0.029583j -0.00588154-0.0521578j 0.0190987-0.027964j 0.00797804-0.00726794j -0.0524992-0.0496852j -0.0731926+0.0316287j -0.0063287+0.00644904j -0.0127701+0.0676393j -0.0295505+0.0614307j -0.00294901-0.0318751j -0.072077-0.0125039j 0.057589+0.00823385j 0.0349096+0.0494227j -0.0707966-0.00465772j 0.00517246-0.0364716j -0.0103883+0.00480597j -0.00791663-0.0165086j -0.00253626+0.0193933j -0.0345344-0.0136017j -0.0236572-0.0207825j -0.00141149-0.0177345j 0.009152+0.0236156j -0.0427274-0.00899115j -0.0340504-0.03069j -0.0249469+0.00813596j -0.021793-0.00815534j -0.017722-0.00179298j 0.0379964-0.00668467j 0.0257231+0.00389159j -0.0196948+0.00265816j 0.0299562+0.0451024j 0.0427231+0.0136377j 0.00308686-0.0164262j 0.0201354-0.00487954j -0.00544531-0.00537256j -0.00734945+0.0073902j -0.00412649-0.00556488j 0.00780631-0.00913879j 0.0280849-0.00612151j -0.0196235-0.00511484j 0.00245766+0.0159288j 0.036503-0.0196559j -0.0112048-0.00557246j -0.0233777-0.0197616j -0.00768682-0.0225943j -0.00416024-0.0134581j 0.0140765+0.034082j 0.0123066-0.033999j -0.00620301-0.0155983j -0.0037701-0.00473132j 0.00369574+0.0458526j 0.0239369+0.00103948j -0.00262836+0.0143126j 0.0153859-0.0114503j -0.00614684+0.00187897j 0.00159195-0.00734078j -0.00341704-0.010441j 0.00484249+0.0191546j 0.010446+0.0138016j 0.0108935+0.0158779j 0.00507086-0.00594628j -0.0104868+0.000347927j -0.0311121-0.00126757j 0.000145718-0.00530487j -0.0095368-0.00361883j 0.00482676-0.0317876j 0.0167078-0.0140034j 0.000259489-0.0230616j 0.0044153-0.0194165j -0.00216308-0.0222035j 0.0209602-0.00888183j 0.00208447-0.0191807j 0.00288392-0.00301196j -0.0116768-0.00219285j -0.0335973+0.00758483j -0.0147387-0.0035131j 0.00231947+0.00763542j 0.00616827+0.00831814j -0.00585183+0.000330805j 0.0133079+0.0193349j -0.00844204-0.00355107j 0.00729317-0.0344096j 0.0284894+0.0268007j -0.00468318-0.0179864j 0.0312955-0.00524053j -1.31772e-05-0.0152534j -0.0152071+0.0107586j -0.00614804+0.00522926j 0.0138157+0.00542476j 0.00436271-0.0166035j 0.00142748+0.00734795j 0.00099305-0.0155585j 0.0110717-0.0198899j 0.0114347+0.0159323j 
0.0135124-0.00779664j -0.00346201-0.0020605j 0.0219006+0.00350301j -0.0157108-0.0134563j 0.00970312+0.0034599j 0.00769625-0.0160627j -0.0129954+0.0127509j 0.0124147+0.0230475j 0.015258+0.0194226j -0.0168805-0.00428865j -0.0145275-0.00224496j -0.00645997+0.0186859j 0.00093954-0.0154866j -0.0175934-0.0257825j 0.0193611+0.00792717j 0.00858272-0.00455178j -0.000453979+0.00086305j 0.00169845-0.017795j 0.00387086+0.0168509j -0.00148893-0.000197934j 0.0277036+0.00333199j 0.0136306+0.0099839j 0.0271942+0.00546131j -0.010342-0.00828816j 0.00517269+0.0235558j 0.0106002-0.0283279j -0.0490516+0.000982158j -0.00501785+0.00332648j 0.0295182-0.000516395j 0.00993649-0.0201347j 0.0168529-0.0122282j 0.00653101-0.019721j 0.00916572+0.0156407j 0.00463362-0.0638599j -0.00998591+0.00257371j -0.00457232+0.0289931j -0.00767934+0.0286095j 0.0254635+0.0343659j 0.00393195-0.00553379j -0.0334785-0.0164224j -0.00826383+0.0299516j -0.0161933+0.00366182j -0.0297749+0.0471174j 0.0266603+0.0268144j 0.0303256-0.0162891j -0.0354439-0.00420066j -0.0264273-0.0195243j -0.0294246+0.00516324j 0.0872932+0.0341027j -0.0245937+0.0329491j 0.11641+0.0227774j -0.0216665+0.0939799j -0.0767648-0.040602j -0.0960995-0.0190667j -0.268838-0.00273241j 0.0596044-0.0410271j 0.0238805+0.0692032j 0.0319251+0.0241084j 0.101722+0.0289664j 0.0345737-0.0733975j 0.0224718+0.0249974j -0.0496764-0.0291247j -0.0379566-0.00556631j 0.0173669-0.0735857j 0.0386628-0.0258576j 0.0212093-0.0171445j -0.0350238-0.0220507j 0.0251099+0.0286675j -0.0102073-0.0228641j 0.0543111-0.0332623j -0.0181143-0.00481521j 0.0116183-0.00211423j -0.0417633-0.0198216j -0.0123151-0.00821279j 0.0541695-0.0113232j 0.0243256-0.0192455j -0.196547-0.00403426j 0.0829952-0.0461181j -0.100095-0.134466j 0.120931-0.0522613j 0.0436792-0.0823855j -0.00744256-0.0609045j -0.0328492+0.0892591j 0.00286442+0.0272483j -0.179883-0.103928j -0.00218455+0.0283216j -0.0612173-0.0680599j 0.0321773-0.0647324j -0.0724123+0.000819763j 0.0535399+0.0200414j -0.0782722+0.0243202j 0.0527112-0.1209j 0.0408867+0.00746933j 0.0545806+0.0530935j 0.0182377+0.0794048j -0.020515-0.0537521j -0.0485644-0.0547272j 0.0198003-0.122966j -0.0298926-0.0182163j -0.00278641+0.0600202j 0.0632923-0.0326787j -0.00323345+0.0232197j -0.00619659+0.00607748j 0.0536209+0.0410685j 0.00812116+0.026358j 0.0168334+0.0126353j 0.0451515+0.0195491j -0.0424355-0.0663376j -0.0142814-0.0215803j -0.0919605-0.0220064j 0.120094+0.0164612j -0.0435235-0.00435267j -0.0888354+0.0346505j -0.014965+0.000291018j -0.024006+0.00924863j 0.0151683-0.00376439j -0.0113329-0.0307743j 0.0399687-0.000931185j 0.000320689-0.00611297j -0.00437375-0.0106314j -0.0156172-0.0107519j -0.0119327+0.0177908j -0.0146051+0.0199739j -0.00147619+0.0128851j -0.00405757+0.0303144j 0.00211718-0.000550755j 0.0231827+0.00636933j 0.00418925-0.00780563j 0.00999371+0.0385682j 0.000665981+0.0111957j 0.000328016+0.0165068j 7.29636e-05+0.0366595j -0.00771269-0.0184357j 0.0021068-0.0053861j 0.0146963+0.0147654j 0.00112298+0.0186475j -0.0166127+0.0222769j -0.0164299+0.00484052j 0.033442-0.014551j 0.0286482-0.0236096j 0.00736801-0.00969801j -0.00631396-0.0153889j 0.0276304-0.0115915j 0.0220447-0.00116464j 0.0221085-0.00584078j -0.0188291+0.0183904j 0.0166132-0.0170278j -0.0114381+0.0170256j -0.0403529+0.0153683j -0.01588+0.00406226j 0.00140455-0.0156904j 0.00950537-0.00190477j 0.00901858-0.00831687j -0.013812+0.00979022j 0.0357845+0.00483283j 0.0127419+0.00266617j 0.0148875-0.0100375j 0.0119545-0.0139064j 0.0160288-0.0216663j 0.00589474-0.00220776j 0.0426448+0.000120301j -0.00533573-0.0148173j 0.0142334-0.0209829j -0.0119747+0.00679j 0.0245769+0.0109938j 0.0114855+0.00969645j 0.00133812+0.0020813j -0.00589434-0.00478054j 0.0261473+0.00598758j -0.00684487-0.00798263j 0.0131484+0.00313977j 0.000481376-0.0114541j 0.00746478-0.0185344j 0.00393396-0.00760925j 0.00644143+0.00213326j -0.0160106-0.00466642j -0.011369-0.01045j 0.00177563+0.00218002j 0.0114185-0.0118471j 0.00953872+0.0263269j -0.0335624-0.0185893j -0.00857066-0.0379293j 0.000237448+0.0134171j -0.00284935+0.00924848j 0.0093656+0.00801257j 0.0109372+0.00938071j -0.0180821+0.0141254j -0.00440364-0.00796758j 0.0142255-0.0217979j 0.00958436-0.00453608j -0.0219504-0.00637701j -0.00316554-0.00711249j 0.00500259-0.0176285j -0.0240216+0.00801524j 0.0102591-0.0103424j 0.00289946+0.00227856j 
-0.000265249+0.0047532j -0.0191264-0.0254618j -0.0430263+0.0163404j 0.0350346-0.00711035j -0.0144125+0.0119557j -0.0291956+0.0465001j -0.00138372-0.0152785j 0.0129488-0.00646358j -0.0316255-0.0680514j 0.0125325+0.027363j -0.0249023+0.0188955j 0.0131264-0.048086j 0.0177315+0.0280677j 0.00843047-0.0229779j 0.0231777-0.0196826j -0.033659-0.0246767j 0.0313071-0.00305241j 0.0445571-0.0569274j -0.00630804+0.000700176j 0.0188109-0.0485984j -0.0202569-0.0204113j 0.0111689+0.00505996j -0.0212409-0.000419901j 0.0370723+0.0356154j 0.000829451+0.0143503j 0.00710231-0.000167022j -0.0166586-0.0378255j -0.0464343-0.0421472j -0.019317-0.0113447j 0.0401169-0.0158805j -0.0682813-0.0176439j -0.028878-0.00576141j -0.0122349+0.00744361j 0.0366094+0.0167578j -0.0244809-0.0223864j -0.0168163-0.0146812j 0.061556-0.0142923j -0.0291791-0.0305726j 0.0174421+0.0627179j 0.0528723-0.0176974j -0.0338673+0.0524306j -0.0189243-0.0671829j 0.0417349-0.0195935j -0.0128758-0.0287095j -0.0302919+0.0253215j -0.01113-0.0196456j 0.0317664+0.00466125j 0.00715372+0.031596j -0.060004+0.0206345j -0.0230754+0.0478085j -0.0884524+0.045781j 0.0323734-0.0113088j -0.032104+0.0388822j -0.0320459+0.0454138j -0.150407-0.0138418j 0.011264+0.0515623j 0.0183262+0.126504j -0.039227-0.105085j -0.0417993-0.0322235j -0.0447758-0.0349279j -0.037232+0.1173j 0.145755+0.0730831j -0.0514958+0.00116682j -0.13783+0.0924712j -0.0236125+0.0781132j -0.0327604+0.0510213j 0.0954866+0.0396574j 0.0383918-0.0863511j -0.0153949+0.0840723j -0.00541628+0.0534782j -0.0181407-0.00062511j -0.0349316+0.111667j 0.10942+0.14712j 0.0785327+0.0568794j -0.00894955-0.0597096j -0.0224151+0.0291433j -0.0210672+0.130849j -0.10037+0.0378119j -0.0437278-0.00514642j 0.0161411+0.0176371j 0.0101921-0.0152562j -0.0101227+0.0624433j 0.0939779+0.0450204j -0.0220991-0.0401044j -0.0694977-0.0824173j 0.025102-0.0444612j -0.0295586+0.0135043j -0.0275589-0.0662297j 0.0045683+0.0702182j 0.0356765-0.0171641j -0.0438476-0.00113592j -0.0414773-0.0229112j 0.0211327-0.0239327j -0.0274689+0.074535j 0.0464845+0.0210553j 0.0255266+0.100358j -0.0555059-0.0720896j 0.0346233-0.0340519j 0.0233169+0.0113095j -0.0510563-0.0600017j 0.0541327+0.0811134j 0.0669747+0.0228257j 0.0314959+0.00983215j -0.0226026+0.00413444j 0.0491825+0.0541646j -0.0182982-0.00272466j -0.0330824+0.0269284j 0.023699+0.00880563j 0.0318453-0.0169601j -0.0264547-0.00484369j -0.00520034-0.00652797j 0.0211352+0.00562909j -0.0375201+0.021125j -0.0496814-0.0431439j 0.0273572-0.0186898j 0.0204667-0.0381813j 0.0421876-0.00946686j -0.0296812+0.0196021j -0.0489339+0.0137752j 0.0164099+0.0275443j 0.000521208+0.0320341j -0.0234997+0.0108089j -0.00799587-0.0254372j 0.0272723-0.0307763j -0.00548978-0.0241395j -0.000941081-0.0193785j 0.0101241-0.0469411j 0.0144449-0.0062148j 0.0118892-0.0249187j -0.00520136+0.00289516j -0.0163421-0.0447029j -0.00308427+0.00371715j -0.0196583+0.00497432j -0.00561468+0.0310945j -0.0114604+0.0189715j -0.0274908-0.0299328j -0.0256094+0.0107932j 0.0247616+0.00451296j -0.0165777-0.0119726j -0.0135903+0.00761607j 0.0128664-0.024686j -0.0298385-0.0064667j -0.0430373+0.0390556j -0.0108457+0.00223059j 0.0222659-0.0153519j -0.0145496+0.00325209j -0.0178352+0.0106651j 0.00947007-0.000873622j 0.00724073+0.014232j -0.0176469+0.02469j 0.01092+0.00618308j -0.0151032-0.0153146j 0.00651047+0.0186361j -0.0177315-0.00394926j 0.00323225-0.00524803j 0.00730165-0.00315692j 0.0168076+0.0152249j 0.017427-0.0117914j 0.0102837+0.0219954j 0.0222335-0.0129278j -0.0330112-0.0339943j 0.0110026+0.025243j 0.00625859-0.0108658j -0.0199024+0.0147379j -0.00837939+0.000145904j -0.0200064-0.00991053j -0.0216872+0.00676757j -0.0242137+0.00564982j 0.0229752-0.00406768j 0.00444725+0.00766657j 0.005528+0.0165231j -0.00155665+0.0197868j -0.00774657-0.00497418j -0.00467255-0.0166733j -0.000201413+0.0111927j -0.00406295-0.0049305j 0.0230121-0.0047872j 0.01676-0.010235j -0.00686425+0.0148392j 0.0178155+0.0154569j -0.000349454+0.0112767j 0.0230018+0.00145796j -0.00584558+0.0071534j 0.00122539-0.0162356j -0.0290987-0.0477423j -0.00533373+0.0240216j 0.0118268-0.0302291j -0.0120322+0.0245348j 0.019786-0.00197041j 0.0107018-0.0135304j -0.0109233-0.00511586j 0.00379141-0.0263599j 0.00751877+0.0134856j 0.0187421+0.0143861j 0.0193045+0.012029j -0.00708487+0.0117874j 
0.0309784-0.0562635j -0.0753308+0.0172582j 0.0281086-0.0424884j 0.00250839-0.0211549j -0.0387542-0.0237632j -0.0370206+0.0207383j 0.00854026-0.00312533j 0.0129465-0.0011809j -0.0246736+0.00300106j 0.0673518+0.0175148j -0.0315828-0.0013584j 0.062014+0.0338442j 0.12055+0.0568877j -0.035388-0.0137044j 0.0830884+0.061149j 0.0414761+0.00868478j -0.00762701+0.00103605j 0.0330331-0.033461j -0.0411386+0.0268537j -0.0228558+0.0265657j 0.0319805+0.0138205j 0.0335021-0.0143921j 0.0882263+0.0521874j 0.0563174+0.0613304j -0.0115165+0.00856092j 0.0110403-0.0362005j -0.0164473+0.018875j -0.0724323+0.00761538j -0.000623401-0.00592902j 0.0455362-0.0228736j 0.013459+0.00164934j -0.0476793+0.0364558j -0.0497837-0.0292412j -0.025577-0.00950031j 0.0233009-0.0247989j -0.0168872+0.0490816j -0.057733+0.0652054j -0.0529361+0.026174j -0.000848708+0.0453215j 0.0637811+0.016356j 0.0232313-0.0314558j -0.00111755-0.0225109j -0.0457981-0.0321441j 0.0173119+0.00768707j -0.0120256+0.0232269j 0.00392227-0.0059771j -0.034852-0.0304063j 0.0414294-0.0238152j -0.0258605-0.0166517j -0.0206154+0.0893871j -0.125969+0.00767312j -0.0134559+0.00109722j 0.0431361+0.0362154j -0.0245428-0.0147046j -0.00361081-0.0340333j 0.0532653+0.00852425j 0.0105962-0.0400507j -0.0542869+0.0546827j -0.0511594+0.0422388j -0.0459794+0.0343708j 0.0642234-0.0532789j 0.101101-0.040535j 0.0947878-0.0403818j -0.0184968+0.00259229j 0.00342091+0.0636804j -0.067084+0.067487j -0.0269029+0.0107598j 0.0280365+0.00473017j 0.0807002-0.0444492j -0.0331383-0.0288631j -0.0264042+0.0386483j 0.0858667+0.00251971j 0.000784059-0.00237476j 0.135758+0.074996j 0.167421-0.0014645j -0.0850761-0.00710014j 0.0238804+0.0114165j -0.00852855+0.0581409j -0.0611563+0.00667819j -0.0210988-0.0235959j -0.0649212+0.0729116j -0.00345029-0.0218618j -0.0164782+0.0381008j 0.0594029-0.0569169j -0.0521352-0.0110213j -0.136492+0.0226244j -0.0954222-0.034332j 0.0199784+0.0108313j 0.0772535+0.0750431j 0.0289195+0.0251813j -0.0355059-0.0242915j -0.112155-0.00275396j -0.0225898+0.0291157j -0.0133829-0.0230802j 0.0506653-0.0238696j 0.0276179-0.0329085j -0.0290648-0.0311553j 0.0202681-0.0477097j -0.0317744+0.0470873j -0.04954-0.0297077j -0.0442184+0.00970253j -0.0746955-0.0509057j 0.00408824+0.00109734j -0.0366578-0.0361116j 0.0320985-0.0659457j 0.0612264+0.0369728j -0.0569762-0.0233648j 0.0522347+0.045571j 0.0121495+0.0161655j 0.00186169+0.0127592j -0.00930267+0.0417782j 0.021958-0.0346156j 0.0206347-0.0062707j -0.0195048+0.0159626j 0.0295927+0.0069434j 0.0592684+0.0382333j 0.0297684-0.0300511j -0.00494976+0.0425976j -0.0910858-0.0461977j -0.00298794-0.00563028j -0.0129688+0.00340248j -0.0275793-0.0130059j -0.00690208+0.00221315j -0.0233447-0.00304761j 0.0405542+0.0213992j 0.030135+0.00121098j -0.0277384-0.016734j 0.0447679+0.027311j 0.0453374+0.0192893j -0.0340371-0.0196118j 0.0182337-0.012143j 0.00175887-0.0104329j 0.0378529+0.0150574j -4.13463e-05-0.0208662j 0.0476337+0.0164936j -0.00093363-0.0697518j 0.0206081-0.0182333j -0.0252829-0.0143288j 0.0266281+0.00104719j 0.00361922+0.00404981j 0.0126002+0.00984387j -0.0158974+9.9442e-05j 0.0275843-0.0115361j -0.0178361+0.00702568j 0.00912611+0.0454984j -0.00769119-0.0235953j -0.0210195-0.0271606j 8.22444e-05-0.00140344j 0.0284276+0.0169585j -0.0103348+0.0277661j -0.0178255+0.0144654j 0.0153326+0.00966183j -0.00710315+0.0483706j 0.018424-0.0133927j 0.00420189-0.00572245j 0.0162829-0.00672581j -0.0213311+0.0132918j 0.00681183-0.0193587j 0.014414-0.0274904j -0.0110829+0.0072732j 0.00865141+0.0365276j 0.00561341-0.0050593j -0.00843024-0.00344506j -0.00932922+0.0231205j 0.00689825-0.00661384j 0.00927768+0.00129444j 0.0138675-0.00855788j 0.0333195-0.0370711j -0.00427998+0.0282837j 0.0237615+0.0110116j 0.00579671-0.0249763j -0.00594007-0.00330787j -0.00945708-0.00234918j -0.0556816+0.00674329j -0.00201181-0.00526656j -0.0502462+0.0348181j -0.0392991+0.014081j 0.0107332+0.00765939j -0.00967793+0.00313413j -0.0184662-0.00986749j -0.00624443-0.000635784j 0.0332968+0.00344843j -0.00501116-0.013671j 0.0107536-0.0110046j 0.0228041+0.0174124j -0.0292596+0.016619j 0.00960071+0.0364369j -0.0212936-0.00438221j 0.00202979+0.020826j 0.0302228+0.0103325j -0.0100573-0.00566635j -0.0304391-0.00781905j -0.0268439+0.0404677j 0.00913166+0.0054316j -0.00619608-0.043247j 0.0316347+0.01849j 
-0.0180192+0.0337587j 0.0178379+0.00740469j -0.00705964-0.00216657j 0.00265198+0.0131834j 0.0205879-0.0617559j -0.0136358-0.00119584j 0.00380726-0.00458203j -0.000356078+0.011148j 0.0353104-0.00963041j 0.00784779-0.0242396j -0.00237972+0.00692146j 0.0279855-0.0254949j -0.0129169+0.00947178j 0.0199152+0.0475374j -0.00487399+0.0149785j -0.0408453-0.011629j 0.0329873-0.0357453j 0.00370416+0.0120056j 0.0427143-0.0159849j 0.00480789-0.0120154j -0.00547905+0.00361011j -0.0310338+0.0222952j 0.00710788+0.00372461j -0.0107466-0.00945908j 0.0164923-0.0142566j -0.00346551+0.00225608j -0.0471319-0.00173978j 0.0102007-0.0244676j -0.00693199-0.0214062j 0.0368452+0.0102637j -0.000668739-0.0055288j 0.0522089-0.0154802j -0.011398+0.0279774j -0.0179143+0.082068j 0.00972677-0.0137951j 0.0136694-0.0105658j -0.00644528-0.00660236j -0.00382856-0.0224238j 0.012331+0.0704987j 0.0417933+0.0243159j -0.000795837+0.081161j 0.0308432-0.0127642j -0.0088083-0.0411239j 0.0186731-0.0150028j -0.0115648-0.00010496j 0.0202349-0.0157639j -0.0188796-0.0247922j -0.0389768+0.0413559j -0.0487012+0.0324107j 0.0222181+0.0430546j -0.0145966-0.00463468j -0.0724727+0.012529j -0.0330201+0.0250996j 0.00746965+0.0510308j 0.0304607-0.0604231j 0.0637694+0.043048j -0.0252837+0.142479j -0.0488743-0.0330145j -0.0522896+0.00299172j -0.0531152-0.137085j 0.0426766-0.0268196j 0.0916873+0.0249315j 0.0376039+0.0471464j 0.0636212-0.113483j 0.0522378-0.0392928j -0.0371793-0.00749006j -0.00726107+0.0661135j 0.00206718-0.0196007j 0.0939214+0.0369922j 0.0118279-0.109981j -0.181496-0.101063j 0.0403399+0.0590974j -0.0954251+0.0104636j -0.0145538-0.00805306j -0.023474+0.0370214j 0.0208561-0.0367308j -0.011767-0.0812763j 0.00918496+0.00151195j -0.0118407-0.0583733j 0.0208119+0.044423j -0.159099-0.0454452j 0.0780524-0.0240781j -0.0500795+0.00894654j 0.0894805+0.0473742j 0.0112937+0.000999319j 0.0299311-0.0300518j -0.0464659-0.0390901j -0.0483362+0.0101423j 0.116692+0.0579818j -0.0381975-0.0273817j -0.00471571+0.0171287j 0.0636516-0.000238733j -0.0132208-0.0269339j 0.0286976+0.0346602j 0.0314886-0.0142075j 0.0605585-0.0351816j -0.0181312+0.000631305j 0.00999542-0.023757j -0.0419965+0.00601113j -0.0180083-0.0967867j -0.0118537+0.071252j 0.0358871-0.00688608j -0.0185027+0.10212j 0.0367371+0.0432951j 0.0301945+0.0232657j -0.00280352-0.101379j -0.0140295-0.0239155j 0.0237229+0.0292537j 0.0168832-0.0340451j 0.017604+0.0122254j -0.00399424+0.0278251j 0.00979194+0.00262553j 0.0136445-0.00882133j -0.00273441-0.0142249j 0.00779123+0.00778502j -0.0386508+0.0364591j -0.00625047-0.0318761j -0.0209209-0.0111464j -0.0172382-0.0172921j 0.0184551+0.0228876j 0.0715154+0.044763j 0.0515621+0.0180602j 0.0150954-0.00344734j -0.0541448-0.00983514j -0.000877195-0.0200721j -0.024391+0.0370211j -0.0529228-0.0109236j -0.0100373+0.0168494j -0.0410447+0.00197521j 0.0473715+0.00923152j 0.0204959+0.00635828j -0.00159744-0.0270576j -0.0110134-0.0182269j -0.0161412-0.0109267j 0.0137666+0.0211818j 0.0200007+0.00316386j 0.0146526-0.00568214j 0.00108887+0.0219729j 0.00360447-0.00402144j -0.00240268+0.00534936j 0.0183459-0.0111237j -0.0248162-0.0222885j 0.0149837-0.00947502j 0.00135405-0.0130177j -0.0455593-0.0228743j 0.0017929+0.00444328j -0.0114294+0.0251423j -0.0143854-0.00856644j -0.0132904-6.79671e-05j -0.0143296-0.00209049j -0.0160927+0.010746j 0.00160096-0.0142506j -0.0129111-0.0280755j -0.00168871-0.014501j 0.0195439-0.009j -0.00875953-0.0227196j -0.0130604+0.00847205j 0.0121993-0.00518185j 0.0360015+0.0138619j -0.0161926-0.00781387j -0.0129063-0.0110123j 0.0101566+0.0165859j -0.0115918-0.00699884j -0.0343003-0.0125284j -0.0145529-0.0162708j 0.0120093-0.0118047j -0.00300914-0.0137896j 0.0155368-0.00808433j 0.00413738+0.0281078j 0.0044171+0.012231j 0.000246281+0.00524951j 0.00668716+0.00704685j -0.0106345-0.00343778j 0.00517693+6.67962e-05j 0.0052969+0.0267224j 0.0195175-0.00924098j 0.0229984+0.00875837j 0.00857726+0.000273075j -0.00196637+0.00498299j 0.0137493-0.0174771j 0.0149668+0.0249406j -0.0261956+0.0084332j -0.00172039-0.00113146j -0.0273978+0.00916966j -0.0121212-0.0355897j 0.0242263+0.00119719j 0.00462171-0.0135164j -0.0146631-0.0162598j -0.0211235+0.0208138j -0.0183036-0.0250189j 0.0286582+0.0150795j 0.0116974-0.0208042j -0.00211301+0.00393583j 0.00812836+0.0107668j -0.00719721+0.0193891j -0.0116765-0.0075202j 
0.0197319-0.0205913j -0.0160631-0.00452313j -0.0337698+0.0302334j 0.0200292+0.0167476j 0.011632+0.0712565j 0.0221268-0.0226738j -0.01036+0.0114333j -0.0196713+0.00980182j 0.0324988+0.0124753j -0.00381708-0.0369035j 0.0186376+0.00578264j 0.0188708-0.0337992j -0.023326-0.0191918j -0.00513118+0.0538656j 0.0429804-0.00594268j 0.0550564+0.0139161j -0.069599+0.0346975j -0.00311047-0.0164535j 0.0235383+0.0367222j 0.0199089-0.0114663j 0.0539912-0.0223265j 0.00012999+0.000334934j -0.013963+0.0228095j 0.0376938+0.0243113j -0.0365704+0.0268404j -0.00375712-0.002465j 0.0423684-0.0805379j -0.00300267+0.0132256j -0.0606214+0.0161027j -0.0241512-0.00759509j 0.0300548-0.0185101j 0.00413646+0.00731315j -0.0155094+0.0242152j -0.0375236+0.056746j 0.0096287-0.0324612j 0.00749118+0.015569j -0.022923-0.00221935j 0.00293227+0.039495j 0.019509-0.0225588j 0.0292764-0.0164086j 0.0296302-0.00810824j -0.0233817+0.0125335j -0.0447725-0.0129811j -0.00875182-0.0103957j -0.0232728+0.00888755j 0.00324314-0.000352045j -0.00857062-0.0176655j 0.0103029-0.0219847j 0.0472641+0.0057002j 0.0657795-0.0097746j 0.0120884-0.00422285j -0.0604771+0.0518757j -0.0259298-0.0275748j 0.00709679+0.00686692j -0.0167373+0.0533619j -0.0177688-0.066177j 0.0339689-0.0311034j -0.0347524+0.0407898j -0.0606639+0.00250729j 0.0265624-0.0159963j 0.0481547-0.0847604j -0.0695973-0.0688868j -0.0467882+0.044592j -0.0349936-0.0301928j 0.108945-0.0347084j 0.00928024-0.0525141j -0.0292508+0.0742347j -0.0963642-0.0265503j 0.0148015-0.106388j 0.0989903-0.064397j -0.11321-0.103139j 0.148574+0.00104863j 0.0616963+0.031142j -0.0493634+0.0114894j 0.000571068-0.089621j 0.0158781+0.147173j 0.0209701+0.000346936j 0.0870862-0.0269309j -0.0168069+0.127921j -0.0084168-0.0218395j -0.0358469+0.0270546j 0.0902884+0.0109069j -0.0477405-0.0484138j 0.0756149-0.0108408j 0.00783317-0.0469159j -0.00399935+0.0996839j -0.106035-0.0309685j -0.0620076+0.0117837j 0.0481674+0.050763j -0.0126825-0.0207145j 0.054484-0.0829137j 0.102976-0.0458265j 0.0327207-0.0327335j 0.0152604-0.0106817j -0.0434288-0.0242251j -0.0571924-0.0348165j -0.043523+0.0805178j -0.0121518-0.0169941j -0.075616-0.113285j 0.00293711+0.0156423j 0.0059169+0.0178501j -0.0413822-0.0233092j 0.0289302-0.0417305j -0.0141581+0.0029674j -0.0165996+0.0176592j 0.021885+0.0527872j -0.0203581+0.0390578j 0.0405859-0.023468j 0.0157546-0.0244181j 0.0246755-0.0167242j -0.00544766-0.0183197j 0.00707787+0.0414228j 0.0280684+0.0187128j -0.0101426+0.00949131j -0.0214815+0.0406564j 0.0159821-0.00807616j -0.0256696+0.0193802j 0.0200544-0.00370874j -0.0301692+0.00855304j -0.00832866-0.0290968j 0.0343965-0.0413871j 0.0372565-0.0331252j -0.0130866-0.0153316j -0.0623894+0.00547469j 0.0221487+0.018208j 0.0119023-0.0197605j -0.0231387+0.0101316j 0.0237149+0.00877749j -0.029386-0.0133005j 0.00745754+0.0242166j -0.0355488-0.0499584j 0.026093-0.0124239j -0.0461938-0.0639128j 0.0336685+0.00281674j -0.00325634-0.0105062j -0.00196717+0.00742506j 0.0305472-0.0195846j -0.0300057+0.00697972j 0.020727-0.000370121j 0.0081154-0.0213077j 0.0134173+0.00681705j 0.00433732+0.0128278j 0.00160676+0.00598744j 0.0252229-0.0129805j 0.013632+0.000888626j 0.032956+0.00948133j 0.0198649+0.0391911j 0.00159513+0.0113102j -0.0301697-0.0203605j 0.0412139+0.00863416j 0.00131169+0.0116443j 0.00684814-0.00156442j 0.012199-0.00847349j -0.00870731-0.0091093j -0.00165016-0.00699821j 0.0263189+0.00427725j 0.0124976+0.00928538j -0.00538899+0.000509956j 0.00416517-0.0220438j -0.0197053-0.01983j -0.0183824+0.0290152j 0.00759696-0.00463184j -0.0221441-0.016447j 0.0568247+0.000639683j 0.000610945-0.011569j -0.00160277-0.00882506j 0.0396678-0.00748836j -0.0134507+0.012977j -0.0229278-0.00730609j 0.00693585+0.0112915j -0.00403443+0.0059027j 0.0109493+0.0126291j -0.0083659-0.00445167j -0.0161886-0.000779628j -0.0141999-0.0246508j 0.0130142-0.00827924j 0.0175219+0.00353949j 0.0220747-0.00678476j -0.0029-0.019098j -0.00501123-0.0132212j 0.00255987-0.0082956j -0.0114379-0.0164038j -0.00527313-0.0181587j -0.00951247+0.00587593j 0.0128849-0.00742773j -0.00409046+0.00725548j -0.042944+0.00942513j -0.0115292+0.00471117j 0.00148072+0.00621617j 0.00207272+0.0141894j -0.0232182-0.0153563j -0.0125238+0.0277351j -0.0174081-0.00580181j -0.000158847+0.0150603j -0.0209905+0.0082092j -0.0045253-0.0250248j 
0.0012452-0.0212149j -0.0195876+0.0126504j 0.00314908+0.0159683j 0.0338797+0.0260707j -0.012665-0.0279377j -0.0559929-0.00200551j 0.0134007-0.00830333j 0.0101073-0.0113342j -0.0125267-0.0533875j 0.0349033+0.0398148j -0.0101509+0.0317387j -0.00922663-0.0122976j 0.079035+0.061535j 0.00397357-0.00225923j 0.0223771-0.0466887j 0.0334208-0.00899035j 0.0510025+0.0441663j -0.0660144-0.00509239j -0.0541011+0.0195798j -0.0197834+0.0168534j 0.0162254+0.00995865j 0.0347821-0.0287709j 0.0380222-0.0312145j -0.00571129-0.000433185j 0.0255853+0.0171966j 0.0804811-0.00356159j -0.0172456+0.0595498j 0.00016453+0.0490047j 0.0262689+0.0566608j -0.014477-0.0345111j -0.00686825+0.012741j -0.010095+0.0180787j -0.0353998-0.0179611j -0.0356632+0.0116494j 0.0164764-0.00142798j 0.00324259+0.00179388j -0.0464101+0.021019j -0.0649109-0.0228771j 0.0362251-0.0385485j -0.0127389+0.0448383j 0.00188456-0.020314j -0.0121559-0.00215145j -0.039441+0.0382105j 0.0204786+0.000276426j 0.00413065+0.0515159j 0.014189-0.0644726j -0.00887817-0.0434743j 0.0275966-0.0323978j -0.0420408+0.0119256j 0.0254262-0.000330196j -0.0111079+0.0411027j -0.0763568+0.0490943j 0.00442555+0.0308331j -0.0888047+0.0755191j 0.0453237-0.0778143j 0.0744681-0.0156653j 0.00561014-0.0894533j -0.0804315+0.00102577j -0.0567971-0.0854983j 0.0347978-0.108585j 0.0500097+0.0102166j 0.0551639-0.0515514j -0.00781839+0.0657887j -0.0049995-0.0866743j 0.00321654-0.0219516j 0.0539482-0.0867543j -0.130199-0.0430228j 0.0739892-0.0104334j 0.00836389+0.0173305j -0.133605+0.127978j 0.0170416-0.0902524j 0.0198922+0.0356018j 0.0197233+0.0144277j 0.070159-0.0589286j 0.0467414-0.0131673j 0.0168809+0.00948554j 0.0320155+0.018794j 0.0934444-0.019338j -0.0401668-0.00857097j 0.0462366-0.0851012j 0.0274177-0.0898517j -0.0499311+0.00976128j 0.0334889-0.069384j -0.040014+0.0026208j 0.0203658+0.064826j -0.0604818+0.0694241j 0.0953266+0.0122293j -0.019771-0.0479728j 0.0180766-0.109365j -0.0426797+0.0349244j -0.0694805-0.0656821j 0.0218891+0.0521073j -0.0269388-0.0342723j 0.00441292+0.0308622j -0.0619966+0.0268539j 0.00805632-0.0404587j -0.0248692-0.00304203j -0.0580574+0.0640917j -0.00782511+0.027505j -0.00356477-0.040774j -0.071275-0.0228862j -0.031628+0.0107259j 0.0340358+0.0205568j 0.00957577+0.133791j 0.109749+0.0800453j 0.0620484-0.0274392j 0.0243697+0.0292723j 0.0406853+0.0399194j 0.0470089+0.092188j -0.00816401+0.0287932j -0.0088529+0.0307307j 0.0186123-0.040951j -0.0382357+0.0170767j 0.0367002+0.0302257j 0.00292319+0.0227593j 0.0134126-0.0215145j 0.016354-0.00592377j 0.00176096+0.00397973j -0.0359355-0.0358472j -0.00752038-0.00312644j -0.0126194-0.037818j -0.0175498-0.00889696j -0.0069266+0.00436944j 0.0310612-0.00555671j -0.0689408-0.0398426j 0.0256716-7.11415e-05j -0.0135754-0.0408119j -0.0332253-0.032257j 0.0146459-0.0259502j -0.0546999-0.00172778j -0.0120175-0.0107016j -0.00875136+0.0168047j 0.0326008-0.0221118j 0.0120647+0.0120183j 0.0107582+0.0165638j -0.0312845-0.00284909j 0.024761+0.0013673j -0.0448185+0.0165684j 0.0267574-0.035144j 0.0151513-0.00117059j -0.00860497+0.0194157j 0.0246087-0.00148262j 0.00436115-0.00318766j -0.0228221-0.00211877j -0.0271978-0.00171079j 0.00146337+0.00205209j 0.00684361-0.00982033j -0.00404778+0.0126479j -0.0106551-0.00445816j 0.0255608-0.00861409j -0.0192157-0.00763149j 0.00573651-0.0122265j 0.00212266+0.00540642j -0.00726519-0.00449872j -0.0144992+0.0131834j -0.00460716+0.00828587j 0.00842855+0.00332739j -0.00193253-0.00100947j 0.0407026-0.0041081j -0.0234234+0.0173509j 0.00104924-0.00253591j -0.00564702+0.00467555j 0.00348682+0.0139579j -0.0197063+0.0061156j 0.00561695+0.0111876j -0.00235877+0.00263158j -0.00847244+0.00227272j 0.00930038-0.000823539j -0.0147422+0.00834966j 0.0128171-0.00962082j -0.00695012+0.00114203j -0.0248608+0.0041935j 0.0196765+0.0113282j -0.0108503+0.00593196j -0.011487+0.0142234j -0.0323063+0.00471414j -0.00171216+0.0167502j 0.0239339+0.0222946j -0.0211514-0.0052485j -0.0171958-0.00706215j -0.00815141-0.0137255j -0.000346346-0.0269041j 0.000658359+0.00304691j -0.0111692+0.0068709j -0.0171603-0.00323797j 0.0123987-0.00144196j -0.0129784+0.0311235j 0.024811+0.0184733j -0.0106012+0.00296457j 0.0230342-0.0072686j 0.02175+0.02866j 0.00685699-0.00498097j 0.00945706+0.010698j -0.00967227-0.0131576j -0.0108535+0.00346956j -0.000895922-0.00397169j 
-0.0106299-0.000575824j -1.07986e-06+0.00172616j 0.0194563-0.00582869j 0.00593141-0.0106829j -0.00279251+0.0325326j -0.0113251+0.00793625j 0.00314827-0.00559647j -0.00403677+0.0158942j -0.0303977-0.0304585j 0.00104696+0.00753996j 0.00274048+0.0180632j -0.0277726+0.00998773j -0.00349894+0.0161591j -0.00172052-0.0534313j -0.00870077-0.0219813j 0.04704-0.0223708j 0.00370942+0.00745925j -0.0152428+2.92095e-05j -0.0408336+0.0133783j 0.0339598-0.0155366j 0.00117782+0.0103885j 0.021973+0.00827707j -0.0132737-0.00512112j -0.0207537-0.0130604j 0.0145374-0.015604j 0.0324332-0.00853121j -0.00185479+0.0338093j 0.00753947+0.00783047j 0.010458+0.0367146j 0.00278024-0.016102j -0.00412026-0.00249976j 0.00327529-0.0300848j 0.0225652-0.00574293j -0.060555-0.0167104j 0.0148594+0.00515897j 0.00726595-0.0159365j -0.0244746+0.01176j 0.0126896-0.0281206j 0.0050528-0.0375032j -0.0386378-0.0264874j 0.00423058-0.0212251j -0.00426108-0.00233852j 0.000494054-0.00344732j 0.00182242+0.000997479j 0.0326775+0.000698669j -0.0306234+0.0156704j 0.000114064+0.00784779j -0.00176558-0.00126296j -0.00716647-0.00832302j 0.0108587-0.0650017j 0.0783021-0.00825805j -0.0437154+0.0755899j 0.071877-0.042646j 0.0456299-0.0462982j 0.00590889-0.0179197j -0.018385+0.00921761j -0.0934438+0.0783718j -0.00628046-0.0228524j -0.0532373+0.0197716j 0.0529732-0.0431805j -0.0460286+0.0660353j -0.0195725-0.12751j 0.0318499-0.0115502j 0.0522844-0.00798956j -0.0740238-0.00857237j 0.00600602+0.0832097j -0.0144123+0.0456346j 0.0214786+0.159369j -0.0131883-0.0160882j 0.0508984-0.0138441j 0.129174-0.0603382j -0.0942927+0.0430504j 0.0470214+0.00877758j 0.0225192+0.0606495j -0.00116996-0.0418718j 0.0024117+0.082752j 0.0774477+0.0426771j -0.0670679+0.0306414j -0.000875476-0.039317j -0.0839197-0.0342591j 0.0407898+0.00249136j -0.0430882+0.00730239j 0.0438729+4.10366e-05j -0.0601869-0.0314146j 0.00518287+0.00799524j -0.0284271+0.000484181j 0.134227-0.0283314j 0.0274302-0.0168588j 0.0298845+0.0227557j 0.0660752+0.100953j -0.00797651-0.00355657j 0.0353666-0.0812662j -0.0175016-0.00868394j 0.0279876+0.0479131j 0.025289-0.0234294j 0.0538304-0.0169227j 0.0239276-0.0482919j 0.0162447-0.0136126j -0.106301-0.0975821j -0.00964909+0.0194607j -0.0884605-0.0072905j -0.0298946+0.0738647j -0.112941+0.0572908j 0.0485119+0.0371808j -0.0393307+0.00420684j -0.0669155+0.00239046j -0.0206436-0.0233165j -0.0150258+0.0395343j 0.0439316-0.0558673j 0.0413864-0.0122197j 0.00356128+0.0304288j -0.0278505-0.0439216j 0.0264209-0.0249527j 0.0230036+0.0212224j 0.0309582-0.00618464j -0.0237418-0.0349702j -0.00643846-0.0467137j -0.00346149-0.0166275j 0.0198866+0.00933001j 0.0239349+0.00275856j -0.0212558-0.0369974j 0.0128163-0.0221943j -0.00811253-0.0102299j 0.0262984-0.00151239j 0.0288818-0.0263051j -0.00862737-0.0364038j 0.0295539-0.00339968j 0.0125504-0.00171344j 0.0218716-0.0119826j -0.0146104+0.00938707j 0.00865253-0.00748876j 0.0331973+0.00315754j 0.0179239-0.0177731j 0.0400261-0.0044859j 0.0214766+0.0156468j -0.00107848+0.0056466j -0.000525219-0.00974048j -0.00252689+0.0116206j -0.00225227+0.012525j -0.0129577-0.0187811j -0.0367467+0.000284605j 0.0170846-0.0115034j 0.00459418+0.000471145j 0.00362817+0.000749221j 0.0323573-0.00880538j 0.0156727-0.028688j 0.00307436-0.00185321j -0.00688764+0.00706648j -0.00739483-0.00869829j 0.00140436+0.00623799j 0.0014303-0.0129073j -0.00307166+0.000502714j -0.00524607+0.00298963j 0.00313485+0.000463917j -0.0129427+0.0114868j 0.0173104+0.00911741j 0.00721067+0.00638985j -0.00523336-0.00621597j -0.00443586+0.000549245j -0.00312079-0.00340871j -0.00573918-0.0151117j -0.0253423-0.0108346j 0.00657047+0.0108091j -0.00577957+0.000919851j 0.00128632-0.00143164j -0.0118263+0.00963315j 0.00235724-0.00247495j 0.000286593-0.00049692j -0.0275688-0.0211551j -0.0247321-0.0104327j -0.00264565-0.00818932j 0.000553109+0.00661443j 0.00554491-0.0017524j 0.017959-0.0108713j -0.0063143-0.0116549j -0.00691468-0.00641507j -0.00113835+0.021586j 0.0100133-0.00626027j 0.00847474+0.00522097j -0.00047812-0.00442363j -0.00787799+0.000651737j -0.0326362-0.00382602j 0.00796821+0.00917572j 0.025136-0.0168111j 0.00582782+0.0157258j -0.00172861-0.0224778j 0.0315333+0.00979336j 0.0114115+0.0111056j -0.00904777+0.00585466j -0.0241591-0.00207241j -0.000624022-0.0121363j -0.0313493+0.0154355j -0.0138024-0.00651664j 0.0047388-0.0143059j -0.00745708-0.00717006j 0.00726227-0.00529734j 
0.0157882-0.021522j 0.0110888-0.0281219j 0.00273532+0.038381j 0.0258424-0.00917928j -0.022209-0.0367757j -0.0178861+0.00667565j -0.0194854-0.00512179j -0.00199226+0.00755247j -0.0617121+0.0334266j 0.0260064+0.0450828j 0.00233897-0.00401223j -0.0412599+0.0385338j 0.0244247-0.0133771j 0.00112679-0.0205384j 0.000388494-0.0327802j -0.0334509-0.00228239j 0.00361179-0.0210501j -0.0281445-0.0075706j 0.00728335+0.0113745j 0.0183239+0.0753104j 0.0325043+0.00407449j -0.0498202-0.00513282j -0.0170322-0.0463784j 0.00784609+0.00696653j -0.0416826+0.0190801j -0.000305529+0.00955555j 0.0288113-0.00832528j -0.000340052+0.0277054j 0.00432941-0.0149849j -0.0266512+0.0206456j 0.0017353+0.0264897j 0.00645601+0.00380653j -0.0715585-0.0258278j 0.0607829+0.0123919j -0.00871719-0.0247665j 0.0343193-0.0230355j -0.00959785+0.0592772j -0.00534504-0.0271458j -0.0169621+0.0349115j 0.0351361+0.0411481j -0.00128527-0.0111223j -0.00823925+0.0140078j 0.0474176+0.0370848j -0.0206495-0.0257962j 0.000770878+0.0359728j 0.00172579-0.00605727j 0.00467139-0.0246075j 0.111426-0.0584947j -0.000525465+0.00377981j 0.00097119+0.0618841j -0.084603+0.0837704j 0.00661626-0.0391239j -0.0473335-0.0375955j 0.122154-0.0394569j -0.0421601+0.0116528j 0.041968-0.0211506j -0.0907592+0.0181216j 0.000220003+0.00829441j 0.0669883-0.0644637j 0.0664936+0.00415821j 0.00299074+0.00644425j 0.0494841+0.154644j -0.121795-0.107954j -0.126785-0.0713776j 0.105858-0.0642806j -0.0459521+0.0893535j -0.143664-0.0413645j -0.075542+0.0742015j -0.0892843-0.0469396j -0.196052-0.095421j -0.0713285+0.03162j 0.128419-0.0314717j -0.0166992-0.0142656j -0.141276-0.0664124j -0.0224471+0.00292781j 0.0449243-0.0643522j 0.0954065-0.118772j 0.00250511-0.0449694j -0.0277727-0.0286289j 0.126109-0.0238312j -0.0527644+0.0200692j -0.0507147+0.0183481j 0.0776084+0.0144479j -0.031568-0.0212818j 0.057444-0.0410808j 0.0340473+0.0743265j -0.00671639-0.00970372j -0.0448226+0.00823522j -0.0550268-0.0697309j -0.0138347-0.117492j -0.14404+0.0512076j -0.0024282-0.000627127j -0.021003+0.104518j -0.0317942+0.0283984j 0.0739922-0.0411566j 0.0413776+0.0227629j -0.00137951-0.00937232j -0.0168789+0.00276054j 0.0473885-0.0395283j 0.0532638+0.0237537j 0.0237168+0.00739009j -0.0327455+0.0381513j -0.0219584+0.0276473j 0.015352-0.0369585j 0.0103546-0.0442016j -0.0255167-0.00959056j -0.122616-0.0150366j 0.000115834-0.0166927j 0.0532421+0.0532735j 0.00293161-0.026416j 0.00525345-0.0242105j -0.00201623+0.000194228j 0.0243095-0.0182163j 0.0157819-0.0169888j -0.0189848+0.00251265j 0.00428711-0.0477711j -0.000588538-0.023654j -0.0344713-0.0226411j -0.058556-0.036062j -0.0606011-0.0425827j -0.0727898-0.00449527j 0.013054+0.0214197j 0.0819054+0.032335j 0.0277242-0.0282964j 0.00666214-0.0406476j 0.0541588+0.0203158j -0.0099149+0.0114722j 0.0311788-0.000113688j -0.0220598+0.0056055j 0.0033375-0.0427454j -0.0272548+0.00479158j 0.00805946+0.0120647j 0.00477506+0.003723j -0.00900236+0.0229876j -0.0022039-0.00575769j -0.0235355-0.00740904j 0.00575074+0.00647269j 0.0126219-0.0282225j -0.0365027+0.0233626j -0.0116737+0.0174023j -0.0143885+0.00446299j -0.00775595+0.00212165j 0.0247328-0.0299395j -0.0138759-0.00865073j 0.00379495+0.0241151j -0.00948956-0.00167246j 0.000252969-0.0155094j 0.0393279-0.00436877j 0.0262839-0.000303866j 0.00752168-0.00682714j 0.000557508+0.00895752j -0.00616346+0.00137987j -0.00656456-0.00680571j 0.00836913+0.00497167j -0.00156596+0.00422254j -0.0155768+0.0115886j -0.00072477-0.00756418j -0.00456127+0.00144313j -0.0124314-0.00700704j -0.00775464+0.00305373j -0.00398586+0.012926j -0.00680342+0.00311506j 0.0136691+0.0182457j 0.0293116+0.00668878j -0.021094+0.00797362j -0.000463399+0.0114016j -0.0200669+0.0117775j 0.0178762+0.0162429j 0.0124127+0.00481133j 0.00417035-0.000622341j -0.0154663+0.00861504j -0.00813926-0.000604361j -0.000672331+0.0384921j -0.0176654-0.00569026j -0.00907887+0.0141968j 0.0152703+0.0187268j -0.0026965-0.00362323j -0.00919695+0.0146031j -0.0270198+0.0127353j -0.00510729+0.0163316j 0.0214197+0.0264617j 0.00858656-0.00197767j -0.0149005+0.0186867j 0.0114207-0.017035j -0.0151886+0.00723629j -0.0216068+0.00180908j 0.0375225-0.00659962j 0.0121933+0.022412j 0.00185074-0.0250918j -0.00854502+0.00636187j 0.00857066+0.0123255j -0.0170213+0.0124328j -0.00507483-0.00623267j 0.0104082-0.00891595j 0.0139606+0.00275907j 0.00503721+0.0216173j 
-0.0271092+0.00398416j -0.0103895+0.00498768j -0.0198209+0.0135399j 0.0517722-0.0132538j -0.0479516-0.0501682j -0.0407704+0.0490433j 0.0426916+0.00242627j 0.00991272-0.0431126j -0.0197463+0.00908546j -0.0263085+0.00736908j -0.0158322+0.0540506j -0.0172379-0.0436296j 0.0771621+0.0250309j -0.00844008+0.0101543j 0.0271767-0.0262809j 0.0521655-0.00748167j -0.0083329+0.0460625j 0.0289449-0.0153824j 0.109241+0.0237521j -0.0221606-0.0512978j -0.00692347+0.0382122j 0.0187195+0.0465381j 0.0276929+0.025427j 0.123832+0.0907385j -0.0355495-0.0473973j -0.0341694-0.0474032j -0.0820713-0.106723j 0.0192161+0.0186107j 0.0117513+0.0443009j 0.042789-0.0188124j 0.0546557+0.0526919j -0.0635041-0.0675269j -0.0381947-0.0681985j -0.00794105-0.00568118j 0.0737387-0.0163744j -0.00471903-0.0336006j -0.0119494-0.00767225j 0.0361548+0.0233701j -0.0553378-0.0341827j -0.00452783+0.0301687j -0.0612901-0.0605291j 0.0390349+0.0152803j 0.0164512+0.00109428j 0.02887+0.0217045j -0.00137718+0.0115957j 0.0402125+0.0250879j 0.0286983-0.00208469j 0.0166089+0.0284094j 0.0193202+0.0284498j -0.0825395+0.0151754j 0.0546598+0.0790348j 0.0380098-0.0144462j -0.0284037-0.0643829j 0.0476849+0.0136828j 0.0753509+0.0246745j 0.0462564-0.108185j 0.01826-0.0497069j -0.00100445+0.027099j 0.130369-0.0238503j 0.0354354-0.0268054j 0.0243033+0.0346052j 0.0123617+0.0268819j 0.193931-0.00270648j 0.148596+0.0393001j 0.0114672-0.0655039j -0.000406241+0.0285689j 0.0908356+0.0505296j 0.0211454-0.0743707j -0.180448-0.0984808j 0.094645+0.0633855j -0.0245962-0.0261459j 0.0337035-0.0106653j -0.00855281-0.100774j 0.144973+0.0311464j 0.032991+0.0271397j 0.0321072-0.0192821j 0.00899451+0.0354984j -0.0890417-0.02024j 0.0964878+0.00211589j 0.013847+0.0478558j -0.0693201-0.0267235j 0.0138243-0.00117499j -0.0648971-0.0648611j -0.00695584-0.0579824j -0.00575104-0.00996002j -0.00323572+0.0249136j -0.00111283-0.0259595j -0.0328391-0.0342361j -0.0488925-0.0513637j 0.00562754+0.114367j -0.04011+0.000864826j -0.0109333-0.000820788j 0.0567511+0.0340533j -0.025486-0.0239331j 0.0229518-0.0339095j 0.049407+0.0231248j 0.02757+0.037115j -0.0162026-0.0315054j -0.00361162+0.0206082j 0.108513+0.1163j 0.0287193+0.0329252j -0.0938699-0.0368041j 0.0389405+0.00994965j 0.0776304+0.0677993j -0.026578-0.00439673j 0.0111432-0.0101921j -0.00999035+0.0149359j 0.0639452-0.0133469j -0.0287842+0.0224422j -0.0200916+0.0584461j 0.00583672+0.0211746j -0.0017348+0.042577j 0.0303865-0.0185357j -0.0200564-0.0738801j -0.0223884+0.0567462j 0.0126591-0.0962297j -0.0474162-0.0262581j 0.0984698+0.0741259j 0.00526371+0.00439366j 0.0392839+0.0188941j 0.00875774+0.0144674j -0.0220737+0.017118j 0.0133558-0.0179648j -0.00579154+0.00364343j 0.0206046-0.00849716j -0.0114452+0.017527j -0.0298377-0.0178111j 0.0220493+0.000533236j 0.0330301-0.00144516j -0.0264123+0.00384532j 0.0410421-0.0169731j -0.0103885-0.0108425j 0.0346078+0.0162226j 0.022801-0.0290841j -0.0176205+0.00617583j 0.0473075-0.00705538j -0.0211531+0.00161213j 0.0365273-0.00151459j -0.00273314-0.00207753j -0.0190343+0.00909365j 0.0266404-0.0102373j -0.0282532-0.00649219j -0.0145913+0.00371623j -0.0106308-0.00195507j -0.0137212+0.0132226j -0.0213466-0.00397055j -0.0226557-0.0102711j 0.0149037-0.0164701j -0.0117007+0.0155594j -0.0142264+0.000894543j -0.00707991+0.0168858j -0.0125155-0.0142182j -0.020717-0.0197069j 0.0085513+0.014481j 0.00118201+0.00811472j -0.0067682-0.00798379j -0.00970395-0.00686539j 0.0292376-0.0143532j 0.0131167+0.0114583j -0.025043-0.0063774j -0.000339867+0.00885869j -0.0200537+0.0138501j -0.0185717-0.00229322j -0.0391804-0.0074476j -0.014887+0.0103722j -0.0144743+0.00330962j -0.0113485-0.0159553j 0.0032082+0.0172365j 0.0135515+0.0128978j 0.0136503-0.00222373j 0.0185779-0.00277201j 0.0139566+0.00600194j -0.0150094-0.00333036j -0.000939641-0.00618028j 0.00365769-0.00811606j -0.0320141+0.00120503j 0.0036529+0.00477558j 0.0121772-0.034915j 0.000344976+0.0120992j 0.0211988+0.00503184j 0.00808292+0.00148987j 0.0155152-0.00498873j 0.00168254-0.00734078j -0.0194275-0.018916j -0.0142334-0.0267834j 0.028484+0.019831j 0.0255172-0.0158743j -0.00808918+0.0182643j -0.00294166+0.0294003j 0.0078914-0.0194265j 0.0234843+0.0135623j 0.00942753-0.0340685j 0.0068862+0.021738j 0.0199589-0.00310518j 0.00155061+0.00220058j -0.000710349+0.000895983j 
-0.00299445-0.00976012j 0.000410018-0.00397875j 0.00693693-0.00711199j -0.0154569+0.00629435j 0.0193297-0.0366971j -0.0266443-0.0352311j 0.0133176+0.0100045j 0.00903513+0.000427467j 0.00845799+0.0323378j -0.040635+0.0245558j -0.0311141+0.0239192j -0.0377208-0.0015034j 0.0138072+0.0253939j 0.0296088+0.0262842j 0.0241483-0.0642289j -0.017858+0.00348637j -0.0092864+0.0140568j -0.0325436-0.00445756j -0.0503627-0.104301j -0.0683504-0.0398272j -0.00905789-0.0149027j -0.0253919-0.00500755j 0.0256409-0.00312855j 0.018112-0.02129j 0.103885+0.0339427j 0.0044629+0.0181258j -0.0969258+0.0266247j -0.046069-0.00833946j -0.0424323+0.0380669j -0.00469853-0.0330636j 0.0115781+0.0554614j 0.0205519-0.0230835j 0.0445879+0.0423572j -0.00171804+0.0151171j -0.00560274-0.015533j -0.0130794-0.046056j -0.00240425+0.0115128j -0.0152256+0.0209663j 0.0380517-0.017463j -0.0361026-0.0230438j 0.0255205-0.00555944j -0.0192906-0.0297852j -0.0338689+0.0371479j -0.0507178-0.0128017j 0.0890497+0.0106693j -0.0120439-0.0556637j -0.0426116-0.00284846j 0.0238775+0.0288754j 0.0514627+0.0427095j 0.0438758-0.0181088j 0.077702+0.0427561j -0.110928+0.054921j -0.00166163+0.0184521j 0.00380991+0.118481j 0.0954709-0.0579599j 0.0747498-0.0211268j -0.00149168-0.0361651j -0.0655135-0.00937513j -0.039201-0.110171j -0.0757941-0.0223093j -0.0856381+0.0543345j -0.0691643+0.060128j 0.000574257-0.0455409j -0.11189+0.00705117j -0.0432187-0.00885118j -0.0492196-0.112797j 0.016044+0.181859j -0.107194-0.0155622j -0.0284866+0.0520421j -0.0839639+0.0644445j -0.0534203-0.125069j -0.0202984+0.047636j 0.0400649-0.00735698j -0.0320143-0.0218258j 0.0253863+0.127198j 0.0280438+0.0233778j 0.0425721+0.0253191j 0.00278915+0.0663185j 0.00720518-0.0881891j 0.0793969-0.0898969j 0.0140601-0.0272831j -0.0420689+0.103387j -0.0859802-0.0635366j 0.0391555-0.0759931j -0.102475+0.00670737j -0.014176-0.089755j -0.0422643+0.0390303j 0.081582+0.0927994j 0.0749284-0.110491j -0.111741-0.00137101j 0.0343266-0.0186853j -0.0435611-0.040067j -0.010619-0.0186923j 0.0467199+0.0573031j -0.0310273-0.000778464j 0.0738469-0.00680933j 0.020955+0.0125392j -0.0283964-0.0903889j 0.0231639+0.0300674j 0.0115867-0.0133724j 0.023394+0.0452847j -0.00528172+0.00970565j -0.0377096-0.0774665j 0.0434455+0.0316515j 0.0109926+0.00596127j -0.067996-0.016139j 0.0538574-0.0211106j -0.0279863-0.0130662j -0.0216674+0.0562279j 0.0438896-0.0330641j -0.0143523-0.0693099j 0.0031334-0.0483644j 0.00712806-0.0207703j 0.00918718-0.0188856j 0.0292886-0.0178491j -0.0121882-0.0271475j 0.000208147+0.0235973j -0.0143961+0.00557181j -0.0586796+0.0256551j -0.0156203-0.0398237j -0.0115383+0.0158895j -0.0334926+0.0435793j -0.00626405+0.00875913j -0.0504802+0.0158862j -0.0177039+0.0234604j 0.0183582-0.00823874j 0.0212226-0.00368341j -0.00522239+0.0109831j -0.017931+0.00494356j 0.00125662-0.000706082j -0.0300911-0.0127265j 0.00194172-0.0158506j -0.030974-0.0103309j 0.0218807-0.00671169j 0.0330129-0.0156914j 0.00526043+0.00347854j -0.0252021+0.0044159j -0.00327294-0.00696698j 0.0143293+0.00698513j -0.00237515-0.00410136j -0.0108713+0.0107372j 0.00496892+0.00342809j 0.00814848+0.00316737j 0.0145615-0.00479192j 0.00127077+0.0239975j 0.00929533-0.000562847j 0.0104772+0.00715435j -0.0252124+0.00417432j -0.0101148-0.000930104j -0.00786921-0.0109407j -0.00667039+0.00711339j -0.00149436-0.00211339j -0.00252539-0.0209764j -0.00263167+0.0140921j -0.00686885-0.00415414j -0.00583233+0.0259092j 0.00597456+0.00435595j -0.00325954-0.000725958j -0.00579895+0.00103061j 0.00430422+0.00164202j 0.0298831+0.00146018j -0.0127523-0.0145489j 0.00578702+0.0130982j -0.00775606+0.0016846j -0.00974599-0.00178423j 0.00327859+0.00799843j -0.00140851+0.00178816j 0.00740736+0.00378606j 0.0171883-0.00127017j 0.00154491+0.00166683j 0.0120925+0.0140785j 0.0142964-0.0112749j 0.0221396+0.022751j 0.00374252+0.0212656j -0.0158208-0.000390555j 0.00178517+0.0130705j -0.0245348-0.0171135j 0.00979103-0.00182207j -0.00955156+0.000757354j -0.000606335+0.00391539j -0.00276194-0.00259455j -0.011993-0.0103655j -0.0151293+0.00490537j 0.00745994+0.0317483j -0.0318856+0.0217115j 0.000906247+0.00885215j 0.00408932+0.0119009j 0.00646082+0.0141423j 0.00395468-0.0110385j 0.000201129-0.00185461j -0.00391102+0.0161026j 0.00554531-0.0005136j -0.00833232-0.00310777j 0.0097417-0.00450977j -0.00232409-0.00187859j 0.000145643-0.00273462j 
0.00306339-0.0109107j -0.00635779-0.0194585j -0.0111451+0.00104979j -0.0072933-0.0288701j -0.0783055-0.000437724j 0.019011+0.0699601j -0.0197522-0.00903334j -0.00631269+0.00307296j -0.00365944-0.0256243j 0.0270649+0.00324j 0.0230717-0.000777756j -0.0128574-0.0095977j 0.0336001+0.0244313j 0.0136058-0.0319551j -0.00207127+0.0168779j -0.00085264+0.0920707j -0.130084+0.033392j -0.00182316+0.0508467j -0.0108201-0.02407j -0.00654281-0.0203994j -0.00445418+0.0155214j 0.0252628+0.00648994j 0.0414769-0.0111691j -0.00195924+0.00826834j 0.003794-0.00592002j -0.028438-0.00105564j 0.0474384+0.00952623j -0.0253672+0.00637274j -0.0232363+0.0410678j -0.0284293-0.0211054j 0.0433353+0.0318028j -0.0443345-0.0274557j 0.0580879+0.00795839j 0.0219138-0.0131644j -0.000144718+0.0394631j 0.00680428-0.0244665j 0.0576347+0.0149946j 0.00874868+0.00972471j -0.00446911+0.0629819j -0.0271237-0.0269306j 0.024032+0.0201581j -0.0303694+0.00186052j 0.0200954-0.0117231j -0.0462611+0.0528435j 0.0606627-0.0131069j -0.0517251+0.0239789j 0.0108731+0.0113045j 0.0186218+0.0108561j 0.087353-0.0288092j -0.0566688-0.0264612j -0.0260545-0.0055809j -0.0598258+0.0169008j -0.116355+0.134j 0.0807526-0.0717943j 0.0195173+0.0191642j 0.0718961-0.0345676j -0.029787+0.0833707j 0.0171634+0.0127484j 0.109915+0.0557828j -0.0428195-0.146638j 0.0464715-0.119663j -0.00526886+0.0961698j -0.058588+0.0513543j -0.0341958-0.113597j 0.0735352+0.0860141j 0.0587178-0.0124123j -0.00708758-0.0173583j -0.0969144+0.0784603j -0.0111073-0.014837j 0.0405305-0.0546646j 0.0720587-0.0819127j 0.0490178+0.141731j 0.0547629+0.0505318j -0.0705032-0.0847321j 0.150346-0.0270966j -0.0433041+0.0401265j -0.0421091+0.0712475j 0.0261989+0.0605991j 0.00472742-0.00139342j 0.00662524-0.0174652j 0.015193-0.00200838j -0.0081901+0.0626667j -0.0170787-0.0360722j 0.0154648-0.0046205j 0.00931722-0.0140825j -0.0868475-0.073905j 0.0402975+0.0458311j 0.0560064-0.0597682j 0.0238051+0.011525j 0.0187213+0.10642j 0.0312655+0.0376677j -0.0468726+0.0291193j -0.0754723-0.00392934j 0.0406004+0.00766013j 0.0227042-0.0179397j -0.0164583-0.0562537j -0.0340267+0.0797609j 0.0208418+0.00748277j 0.0150393-0.0175291j 0.0668697-0.0449238j 0.0320749-0.0673551j -0.0380775-0.0247501j -0.00787052+0.0689051j 0.0480206-0.040513j -0.0147691+0.0155249j -0.020548+0.0397358j -0.028605+0.0235869j -4.85036e-05+0.0081891j -0.0324784+0.0164729j -0.0465665-0.0220432j 0.0182078+0.00628572j 0.0245444+0.00907699j 0.0340785-0.0368049j 0.0264247-0.00704217j -0.0476546+0.0192683j 0.0274538+0.023252j 0.00471575-0.0319409j -0.0103256-0.000602591j 0.00676167-0.0206716j -0.00272206+0.0255496j -0.0474394+0.0411173j -0.0408411+0.0275211j 0.0311677+0.00957903j -0.000814554-0.00880032j -0.01458+0.00447419j 0.0385169+0.0141806j -0.00287256-0.0285417j -0.00575164+0.00672338j -0.00543029+0.00778198j -0.00699443+0.0187562j 0.0452401+0.00786032j -0.0147236+0.0156977j 0.0392525+0.0129141j -0.0302861-0.00832882j 0.0109869+0.0160145j -0.0186883-0.0292043j -0.0292853+0.00961927j 0.0410644-0.00203531j -0.0394389-0.0093175j 0.00739501+0.0270692j 0.00252646-0.00713411j -0.00113318-0.00912786j -0.00347856-0.000582133j 0.0563782+0.0129653j 0.0193618+0.0114175j -0.0383123+0.00417937j -0.0150299-0.00102087j 0.0149666+0.000325409j 0.0379086+0.0118397j 0.00169033+0.0154425j 0.00445374+0.00276984j -0.00745616-0.00369572j -0.00799917-0.00450099j 0.00723287+0.00369565j -0.00699234-0.00683077j 0.00444344+0.000543266j -0.003801-0.00638973j 0.00969421+0.00101896j -0.035684+0.0209131j 0.0155815-0.0174007j -0.00975333-0.0271569j -0.00261466+0.0236932j 0.00868018-0.00182188j -0.00646132-0.00263423j -0.000159051+0.00377485j -0.00528089+0.00581749j -0.0173069+0.00120879j -0.0143655+0.00794122j -0.000726673-0.0241364j -0.0084811-0.0048611j -0.00223005-0.00227777j -0.0138071-0.01226j -0.020421-0.00430524j -0.0124183-0.00301483j 0.00887959+0.00106572j -0.0140514+0.00495635j -0.00210345+0.031374j -0.0189534-0.0075826j 0.0028112+0.0069172j 0.0121201+0.0212803j 0.0137696-0.00368828j 0.0390596+0.00789276j 0.0133111-0.00341856j 0.00462431-0.0158912j -0.0135786-0.017329j -0.0202453+0.020336j 0.0359844-0.0267385j -0.00607451+0.00316873j 0.0189647-0.00818448j 0.0108955-0.00562017j -0.0103068-0.0236243j 0.00763708-0.0133012j 0.00937131+0.0170488j 0.0205469+0.0186782j 0.0218513-0.0104143j 0.0106736+0.0177684j 
0.0284559+0.0134366j 0.0582313-0.0237862j 0.016813+0.002815j -0.00489318+0.0467247j -0.0745249+0.0284147j 0.0179909+0.0710654j 0.00863813-0.0156223j -0.0153684-0.00395485j 0.0123807-0.00704157j 0.0172337+0.0436502j 0.00443703+0.0111615j 0.033676-0.00468375j 0.00799277+0.0266051j 0.0141489+0.0509337j 0.00493925-0.0424074j -0.00534639-0.00310521j 0.028971+0.0336704j -0.0142383+0.00386622j 0.0229366+0.0127692j 0.017995+0.00802427j -0.0212344-0.0073936j -0.023357-0.0482161j 0.0381716-0.0474904j -0.0507095+0.00507432j -0.0100662+0.0303837j 0.0028263+0.00761172j 0.0156603-0.0689067j 0.0366845+0.0442466j 0.00843554+0.0201911j -0.0165477+0.0614872j 0.00986312+0.0484186j 0.0573795+0.0531121j 0.0259034-0.0573839j 0.0345556-0.0132941j -0.0233459+0.0714937j 0.056013-0.00822541j 0.0343822-0.0366821j -0.0120749+0.00131033j 0.0360253-0.0337168j 0.00356659-0.0329329j 0.0289399-0.0152855j -0.00113608+0.0311577j -0.00645816+0.0381278j -0.019356-0.00279443j -0.00805697+0.0556387j -0.0169849+0.000421219j -0.0376843+0.0218036j -0.000435348-0.00378979j -0.0308609+0.0144622j 0.0245807-0.0837741j -0.0368696+0.0963569j -0.0305032+0.0495942j -0.0835949+0.0567929j 0.0823591-0.00816515j -0.0130448+0.0199795j 0.0733495+0.0184544j -0.0266279+0.0925573j 0.0440271+0.00162177j 0.0744759+0.013115j -0.0300388-0.0119997j 0.0309812+0.0735466j 0.0265056-0.0174061j 0.0791824+0.0444609j 0.109968-0.063431j -0.00147652-0.0547962j 0.0265867+0.018778j -0.0586816+0.0722017j 0.00309535-0.0220604j 0.108613-0.121605j -0.0633883-0.0325197j 0.0465619-0.00925704j -0.0175446+0.0169085j -0.00375787-0.0186185j -0.012464+0.0300982j -0.0338908-0.0631884j -0.00222958+0.0423469j -0.156259+0.0787668j 0.018202-0.0736306j 0.015483+0.113798j -0.0116438+0.0630873j -0.0422252+0.0197052j 0.0104055+0.0273538j 0.0413377-0.0170306j 0.110504+0.0120565j 0.0539451-0.0170931j 0.0323916-0.03748j 0.00108829+0.0431397j 0.00382791-0.0244749j 0.109761+0.0483439j -0.0034307+0.135803j -0.0490193+0.0490206j 0.00211709-0.0372824j -0.109896+0.00605002j 0.0084777+0.00193064j 0.0114767+0.00605997j -0.0238369+0.0716859j 0.0270239+0.0668239j 0.0193707+0.0239875j 0.0636425+0.0942431j -0.0236653-0.0128601j 0.018983-0.00144264j -0.018312+0.0357757j -0.0207387+0.0098643j -0.00465537+0.027453j 0.0445199-0.00787857j -0.00989166-0.0177851j -0.0126829+0.046356j 0.00297627-0.0209751j -0.0106606-0.0179794j -0.0250858-0.00677663j 0.0168864+0.0207026j -0.047192-0.0561221j 0.029697-0.018673j 0.00541984+0.00423845j -0.041304-0.0332338j -0.0363425-0.0380816j 0.0149862-0.0310134j 0.0403356+0.0145938j 2.42636e-05+0.009053j -0.0160884+0.0177791j -0.0155894-0.004159j 0.00443456+0.00193608j -0.00274969+0.00399572j 0.02938+0.0138316j 0.0110122-0.0248361j -0.0141798+0.0006897j -0.0489626+0.00598563j 0.0212585-0.0187206j -0.00178211-0.00484377j -0.0133897-0.0238537j 0.055206+0.0455084j -0.0464046+0.00807607j 0.0168385+0.0217721j -0.0126061+0.0208972j -0.00040183-0.0144926j 0.0129853+0.041423j -0.0015557-0.00180033j -0.0030897-0.0114687j -0.023167-0.00694201j -0.0188166-0.0138116j 0.00374797+0.00445561j -0.00491901-0.000449545j 0.00247616-0.00807768j -0.0144423-0.0214491j -0.0223692-0.0113118j -0.00572566-0.0058665j 0.0129874-0.00663929j 0.00459212+0.0105903j 0.00765817-0.000447118j 0.0291044-0.01286j 0.0176839-0.0123993j -0.00867325-0.0148234j -0.00503335-0.0056154j -0.00892819+0.00266946j -0.00506739+0.00779181j -0.0241943+0.00680669j -0.00671358-0.00123373j -0.00976575-0.009169j 0.00652451-0.00505215j -0.0239572+0.0136031j 0.00320416+0.00349023j 0.00678726+0.0115107j -0.0175241+0.0201129j -0.0231826-0.0112792j -0.00344859+0.0237139j -0.01065+0.0101862j -0.0164916+0.00202688j -0.00992927+0.0145498j 0.0257668-0.0167076j 0.0290062-0.027994j -0.00463124-0.00104458j 0.00568367-0.00325745j -0.00205929+0.0245745j 0.0183348+0.0129456j 0.0247561-0.00869519j 0.00404357-0.0165795j -0.0252069-0.0227634j -0.0241494+0.00971106j 0.0133079+0.00878756j 0.00452669+0.0259055j 0.011206-0.00994777j 0.00968524-0.00904095j 0.0305886+0.00779447j -0.00408175-0.0270713j 0.00667728+0.0127567j 0.00885536+0.000718288j 0.0170787-0.0166332j 0.00450451+0.0163912j -0.00610355-0.0022497j -0.0168221+0.00832574j 0.0420624+0.0196052j -0.0112855-0.0118343j 0.000256501-0.0100673j -0.0035756-0.0124446j 0.00410608+0.00545707j -0.00384597+0.00926569j 
0.0474431-0.0186644j 0.00835921-0.0570458j -0.022082+0.019062j -0.0416932+0.00389889j 0.00293504+0.0108038j -0.0107848-0.000450439j 0.00178452+0.0207167j -0.0114172-0.01201j -0.0134907+0.0443925j -0.0269746-0.00520851j -0.016793+0.00119526j 0.000935422+0.021434j 0.0137293-0.0315332j -0.0134128-0.00955324j 0.0215328-0.0154675j -0.0281958-0.0365032j 0.0429976+0.0232589j -0.0140975-0.0368107j -0.0270796+0.0125323j -0.0266086-0.015344j 0.00333451+0.0221183j 0.00624162-0.0149983j 0.0575432-0.00030808j -0.0156932-0.0295255j 0.0221602+0.0562171j -0.00395004+0.00367596j -0.0634456-0.0771294j -0.00181616+0.0210855j 0.0319797-0.0195106j -0.0106726+0.0255942j -0.00764307+0.000356852j 0.0474496-0.0269316j 0.0187403-0.0220922j 0.00148794-0.00922785j -0.0366236-0.00716367j 0.00164661+0.0425398j 0.0233695-0.0240806j -0.0305009+0.0743752j -0.0890939+0.0568484j -0.0346597+0.0210937j -0.0259885+0.00897258j -0.0220965+0.0137096j -0.0095738+0.0263397j -0.00314681-0.00251298j 0.027992+0.0403441j -0.0305883-0.0317006j -0.0375916-0.00605635j 0.0279279-0.0183087j -0.0459555-0.0444509j -0.0285797-0.0180972j -0.0125675+0.0125859j 0.0596828-0.0650156j -0.037023-0.000373889j -0.0186915+0.0798788j -0.0189196+0.138854j 0.0411125-0.0414343j -0.0860181+0.0606622j -0.0100261+0.0661039j -0.0406165+0.030672j -0.0896993+0.0865898j -0.0495615+0.0363793j -0.00515029+0.0027255j 0.0372692-0.0269675j 0.0501507+0.0610315j 0.0602265-0.00551307j -0.118425+0.0613108j 0.040245+0.0137732j -0.0369784-0.00518812j 0.1212-0.00894837j 0.0946013+0.033462j -0.05518-0.0110618j -0.016438-0.0618462j -0.0470252-0.10269j 0.0210597-0.0309022j 0.0301446-0.0550703j -0.00688268+0.0308291j 0.00200305-0.0017435j 0.074534-0.0295645j -0.0142418+0.0454852j 0.0290374-0.00875264j 0.0569479-0.0736866j -0.00664513+0.0381575j -0.0100467-0.0342904j -0.0512363+0.0549005j -0.0296934-0.0112762j -0.00809005+0.0594974j 0.0212963+0.0918358j 0.00925297-0.0223577j -0.0144234+0.0446639j 0.114853-0.0421792j -0.101276+0.030583j -0.0374218+0.0965796j -0.0812839+0.00102751j 0.0349125-0.0413484j -0.0195702-0.00738043j 0.0327429+0.0200319j -0.0407821+0.00866428j 0.00980331-0.0309876j 0.00249582+0.0565921j 0.00663314-0.00989168j 0.0377474-0.0579531j 0.0208304-0.00948058j -0.04004-0.0190707j -0.0288457-0.0343603j 0.0338161-0.0475086j 0.0154482+0.0308176j 0.0471328+0.0497193j -0.0251671-0.0393455j -0.0471693-0.0548784j 0.00569684-0.0236632j 0.00198986-0.0427257j -0.0219197-0.0281283j 0.0831492+0.0133304j -0.0195367+0.0179467j 0.0969794-0.0191219j -0.0193266-0.00564607j 0.0377738+0.00088098j -0.0285902+0.0197384j -0.0301138+0.0256007j -0.0199987-0.0155443j -0.0279513+0.0183488j -0.0395174+0.0270298j -0.0184622+0.0241498j -0.0306438+0.0442393j -0.0330415+0.0168581j -0.00538696+0.0174996j -0.0348992+0.0231311j -0.0518492+0.0201087j -0.00155595+0.0033876j 0.0155232+0.00328777j 0.000301949-0.000287457j -0.000694519+0.0061592j -0.0113165-0.00982556j -0.0260837-0.002191j 0.022237-0.0196497j -0.0207652+0.0294115j -0.0208195+0.00898998j 0.0128924-0.00832037j -0.0256109-0.0259152j 0.00949763+0.00232158j 0.033892+0.0101847j 0.0163591+0.00787811j -0.00196416+0.0118426j 0.0268877-0.00594504j -0.0152751+0.0119351j -0.00980572+0.0235632j -0.0228854+0.0183706j -0.0182255+0.0117267j -0.012555-0.00218491j -0.0271232+0.00607812j -0.0103475-0.00215839j 0.00896035-0.0150474j 0.0249642-0.0305358j -0.0225731-0.000896934j 0.0121076+0.0065049j -0.0036211+0.0179722j 0.00554181+0.000476465j 0.0133002+0.00078374j -0.0148228-0.00515813j 0.0289291+0.00802345j 0.0282386-0.0140487j -0.00728185+0.0107645j 0.000184275+0.0081805j -0.0325121-0.000657636j -0.00142004+0.004586j -0.00110013+0.00419401j -0.00874723+0.0139942j -0.0132316+0.00858696j 0.0189675-0.00542689j 0.00156548-0.000553911j -0.00431226+0.0214114j -0.000857341-0.000964874j -0.0219619+0.0142809j 0.0120389+0.0329204j -0.0170228-0.00739897j 0.00547735+0.0144122j -0.00608131-0.0087977j -0.010997+0.000475593j -0.00509952-0.000907699j 0.00782965+0.0191951j -0.00407609-0.0030895j -0.0190041-0.0193994j -0.00411569-0.00909247j -0.0196946+0.0122995j -0.0153904-0.0026544j -0.0104014+0.0161656j -0.00116503-0.0252356j -0.0271503-0.0107392j -0.0125063-0.00728452j 0.0127346+0.0181031j 0.0089373-0.00691789j 0.0179746-0.00875719j -0.00174899-0.0157465j -0.0130078+0.0348999j 0.0290883+0.00100657j 0.0213032+0.0113212j 
-0.0224995+0.0303305j 0.00365513+0.0455511j 0.0230294+0.0158665j 0.0685032+0.00469169j -0.0113559+0.0447162j -0.00518487+0.0403118j 0.00277892-0.0152445j -0.00581776+0.00337279j 0.0422838-0.0460932j -0.00584962-0.0108725j 0.0333556-0.00304892j -0.0031514-0.0360199j 0.0197343+0.0258241j 0.0749518+0.00645134j -0.0116025+0.0393886j 0.0665982+0.038514j -0.0149298-0.0412524j 0.00806229+0.0145323j -0.00484967+0.0312765j 0.0209459+0.000827127j 0.0228432-0.0418607j -0.01297-0.0163601j -0.0148903+0.0105861j 0.00595651+0.0642814j 0.00657097-0.0224354j -0.00172516-0.00388247j 0.0258155-0.00929854j 0.0291086-0.0321939j -0.0265776-0.0253275j 0.0339036+0.0194578j 0.0824562-0.0106601j 0.0250385+0.0116674j -0.00738361+0.0281292j 0.00999278+0.0010273j -0.0104948+0.0306229j -0.034999-0.00212093j -0.0199175+0.0585408j 0.0371182-0.0107635j 0.0170888+0.0123747j 0.0302219-0.0432144j 0.0424563+0.0228722j 0.0103912-0.0126616j -0.0113723-0.020464j 0.00804253-0.023121j -0.0020753-0.0195723j -0.0184001+0.00962802j -0.0294599+0.0328207j -0.0159553+0.05202j 0.0686993+0.0637775j 0.0769151-0.0428726j 0.0955823-0.0366377j 0.00375088+0.00523693j 0.0381558+0.0588131j 0.0530703-0.0118094j -0.0130375-0.0346726j -0.00179764+0.0140423j 0.0539833+0.1163j 0.0419459-0.0671321j 0.0142962-0.00449527j -0.0590253+0.0133097j 0.03629+0.000322335j -0.102446+0.0943313j 0.0743708-0.0374249j -0.0312578+0.0283983j -0.0846894-0.0798092j -0.0448935+0.0932739j 0.0775104-0.0527417j -0.0546341-0.0146438j -0.0719582-0.0287322j 0.0460468-0.0527014j -0.0730321-0.0203666j 0.0263269+0.122377j 0.0103148+0.110634j -0.00613299-0.009054j 0.0412926+0.0287441j 0.0215855-0.018248j -0.0652148+0.0141903j -0.0227989-0.00409999j 0.0649788+0.000693005j -0.0264289+0.0586267j -0.0118973-0.0525231j -0.0335001+0.0350201j -0.00927337-0.0502367j 0.0106333-0.0222357j 0.100263-0.011516j -0.0375637-0.00669207j 0.12452+0.0184778j -0.0197911-0.0222j -0.0571696+0.0561294j 5.0196e-05+0.0301614j -0.0109278-0.0589984j 0.0918147-0.0277296j -0.00945352-0.0119207j 0.0198443-0.0526504j -0.038676+0.0313667j -0.0420541+0.0671246j 0.0105883+0.0443292j -0.0685968+0.0555251j -0.0293723-0.0292723j -0.0651357-0.00947077j 0.0636198+0.00690532j -0.0331764-0.0118078j 0.05236+0.0637624j -0.035362-0.0558087j -0.0227002-0.00514526j -0.0165128+0.0446969j 0.037025-0.0562276j -0.0267802+0.0118954j -0.0321741-0.0175832j -0.00516365-0.0117095j 0.0487137-0.016744j -0.0227694+0.00902616j 0.0628655-0.0479766j 0.0465618-0.0563642j 0.0429539-0.0344536j 0.0262503+0.0109288j -0.084347+0.00604416j 0.0359439+0.00763678j -0.0348294-0.0149868j 0.021876+0.025527j 0.0194447-0.0345047j 0.0127559-0.0253367j -0.0201707-0.0176514j -0.0118963-0.00379853j -0.0103463-0.00549487j 0.018001-0.0405149j -0.0244928-0.0267858j -0.0151918-0.00887512j -0.0291452-0.0149192j 0.00159688-0.00513808j 0.0179463+0.020587j 0.0141136+0.0160349j -0.00629177+0.0169156j 0.00672796+0.00777492j 0.00632013+0.0314322j 0.00826782+0.00132808j 0.0480498+0.0250927j -0.019274+0.00620574j -0.0068934-0.00628607j 0.0071151+0.0055847j 0.0171063-0.0234946j 0.0242553+0.00433663j -0.00719609+0.0028092j -0.0169638-0.00828666j -0.029626-0.0123519j 0.0187743-0.00546152j 0.0218753-0.00750134j 0.0192146+0.0157016j -0.0244179+0.00841846j -0.00935428+0.0057534j -0.0189858-0.00351506j -0.000968304+0.0159989j 0.00804199+0.0383498j -0.0130449+0.00245187j -0.0163922+0.0151242j 0.0201323-0.00816271j 0.0196828-0.00815946j 0.00988648+0.00818543j -0.0159294+0.00867321j -0.00470689+0.00272089j 0.0142372-0.00601468j -0.0208147-0.0161253j -0.00249386-0.00260423j 0.00254944+0.0142406j 0.0135286+0.00247032j 0.0104146-0.00934158j 0.0383364+0.00722186j -0.00238728-0.0193689j -0.0359269+0.0152078j 0.00890219+0.00656414j 0.027903-0.0199046j -0.00103323+0.0331985j 0.00121781-0.0261417j 0.000168775-0.0149951j 0.0205041-0.00681191j -0.0195334-0.00610181j -0.00862692-0.00773934j 0.0187867-0.0230043j 0.0034691+0.00314059j -0.0249993-0.0280795j 0.00625812-0.00158701j -0.0373657+0.020898j -0.017992+0.0112081j -0.0220342-0.00590665j -0.00374267+0.00441642j 0.00794721-0.0296726j -0.0200038+0.0115304j -0.00500497-0.000125312j -0.0156749+0.0208562j 0.00656633+0.00770124j 0.0155749-0.0348506j -0.0204288+0.00495866j 0.0060526-0.00144314j -0.0360021-0.0233725j -0.00492908-0.0129437j 0.00878892-0.0132625j 
0.00767685+0.00723554j 0.0362962-0.0457684j 0.0242887-0.0242693j -0.0267282-0.0201589j -0.0415331-0.0101579j 0.0246178-0.000600497j -0.0010706-0.0209921j 0.00681885-0.00198779j -0.00631887+0.0122982j 0.0145265+0.0180631j -0.00872719-0.00360096j 0.0239628-0.0013766j -0.0147541-0.000273794j -0.0279194+0.0343958j 0.041395-0.0390467j 0.00300408-0.0475738j -0.0363533+0.000141083j 0.0132371+0.0059258j -0.0273376+0.0172919j 0.0306671-0.0469664j -0.00165642+0.0270034j -0.00685381+0.000528912j 0.0160887+0.00888491j -0.0422579-0.0146099j 0.00132341-0.00385309j -0.0171977+0.00392558j 0.0325191-0.0444249j -0.00748319+0.0315635j -0.0083892-0.0165221j -0.0180888+0.0360295j 0.00176745+0.0242606j 0.018131-0.0366605j 0.0240972-0.0187693j 0.00707451+0.0522676j 0.00188094+0.00304329j 0.0205328-0.0155226j 0.0392917-0.0378503j -0.00368119+0.00954971j 0.0269818+0.0243319j -0.0136087+0.0381129j 0.0307639-0.00659406j 0.00762351+0.00793862j 0.0208645+0.0180059j -0.0231137+0.00953285j 0.0390486-0.0104226j -0.000262581+0.00585555j 0.00477645-0.00604958j 0.0131109-0.0219486j -0.032784-0.016326j -0.0110286+0.00537711j -0.0261397+0.0255298j 0.029491-0.050094j 0.0198791-0.0838966j 0.034655+0.0244471j 0.0862835-0.0972198j 0.0317566+0.0195237j 0.0631769-0.0162416j -0.00598269+0.0375476j 0.0447822+0.00616196j -0.117593+0.0824552j -0.0669457+0.0531202j 0.0630761-0.000284714j -0.00207095-0.020703j -0.0781674+0.069966j 0.0436284+0.0423098j -0.000657688+0.0835508j 0.0381335+0.0139686j 0.0904431-0.0227055j 0.0838709-0.0306462j -0.0772736+0.0396651j -0.0434319-0.0252726j 0.0203528+0.0329269j 0.0452826-0.0266441j -0.0599003+0.07831j -0.031888-0.0346968j -0.0082618+0.086775j 0.0659985-0.0713899j 0.0186082+0.0767278j -0.040264+0.0311727j -0.10718+0.0379201j 0.0371878+0.0499712j 0.016732+0.0411218j 0.0237348-0.0173543j -0.0128019-0.0101206j -0.00639656-0.0452472j -0.0912736+0.0701235j 0.0450215-0.0301982j -0.0157174+0.0327287j -0.0160739+0.00924619j -0.0656023+0.0586063j 0.0554537-0.0330644j 0.0198754+0.00025422j -0.0193992+0.0800875j 0.0198713+0.0224263j 0.0310887-0.0732699j 0.00958535+0.0290795j -0.029753-0.0871843j 0.0194263-0.0415635j 0.070663+0.0334603j 0.00402941-0.00992774j -0.00534207+0.030424j 0.000928793+0.0327973j 0.0554295-0.0530266j -0.0235926+0.0290056j -0.00506416+0.00610231j -0.0427941-0.0203934j -0.0369432-0.037769j 0.00185785+0.0183963j -0.0354195+0.0316059j 0.0263541+0.0184613j 0.0522493+0.0344796j -0.062623+0.0323669j 0.00830152+0.00379622j 0.0176216-0.00438794j 0.0220027-0.0111339j -0.0090713+0.00553333j -0.0276807+0.0219217j -0.0265942-0.00991354j -0.0187169+0.0423765j -0.000385915+0.00940289j -0.0076464+0.0427563j 0.0164287+0.0157484j 0.0129164-0.00767457j -0.0140759-0.00635806j 0.00558607-0.0155101j 0.00186022+0.00696928j -0.015436+0.0220813j 0.0230645-0.0086462j -0.015468+0.0263192j 0.03006+0.00769525j 0.0160837-0.0129962j 0.0132585-0.0483922j 0.00330658+0.00174356j 0.0051605+0.0116906j 0.0171224-0.0320684j -0.00100878+0.0141775j -0.0246778-0.0286801j 0.0372987+0.0013207j -0.0269838+0.00963417j -0.00359087-0.00444292j -0.0120711+0.0171457j -0.0115067-0.016242j 0.00738762-0.0120258j 0.0208156-0.00281841j 0.00103056+0.00573153j -0.00798994-0.0033788j -0.00550246+0.0122823j -0.0106892-0.0133542j 0.0148943-0.0164833j -0.00210681-0.00296666j 0.00320635+0.00804555j -0.0194246-0.0228443j -0.0226875-0.0292733j 0.0147593-0.00441555j -0.00666706+0.00816087j -0.0178347-0.00773639j -0.0152796-0.00744777j -0.00695879+0.00851826j -0.002806+0.0273338j -0.0032967-0.00549351j -0.010504-0.011696j 0.00196331+0.0083806j 0.0130748+0.00383115j -0.0103041-0.01836j -0.00106881-0.00592578j 0.00726269+0.00120437j -0.011851-0.0120473j -0.00844267+0.0164842j -0.000368262+0.0212888j -0.00531177+0.00761849j -0.0102767+0.00463219j -0.0201549-0.0132143j -0.00561774+0.020711j 0.0214754+0.0116661j 0.0168553-0.0044608j 0.0336364+0.011947j 0.0217218+0.00100826j -0.0165128+0.00696959j 0.00665875+0.00580465j 0.0122664+0.00592655j 0.0198248+0.028745j -0.0172885+0.00856333j -0.00559887+0.00603091j -0.018302-0.00335225j -0.0117696-0.00132148j -0.00801166+0.00688293j 0.0325571-0.0392946j -0.0148579-0.00769909j 0.0142052+0.0118415j -0.0297036+0.00124049j 0.0139179+0.0094467j 0.00905766+0.00830189j -0.0210825+0.00964713j 0.021454+0.0207305j 0.0114027+0.01615j -0.0002404+0.00673463j 
0.0313917-0.0325278j -0.0141515-0.0149327j -0.0409926+0.0244293j -0.0227126-0.0126612j -0.0151516+0.060527j 0.0826171+0.00817856j -0.0189869-0.0118918j -0.0236567-0.0129945j -0.0155066-0.00377904j 0.0303305-0.0190077j 0.0191144+0.0205822j -0.0173867+0.0475463j 0.0415164-0.00046218j 0.0172884-0.0374298j -0.0210974+0.0217989j -0.0370386+0.0723777j 0.0296872+0.0361444j 0.0636486-0.0903004j 0.00954661+0.0170042j -0.00502927+0.0472932j -0.00635496+0.0149614j 0.0183156+0.00176069j 0.0881463-0.0611337j -0.00227925+0.0444663j -0.030011+0.0533293j -0.0270457+0.0378965j -0.0325212-0.0261721j 0.00909195+0.000600151j 0.030981-0.00657229j 0.051095-0.0607422j -0.0136796-0.0341167j 0.0510227-0.0705728j 0.0523527-0.0327387j -0.0681922+0.0444505j -0.0428805-0.0121419j 0.0227665+0.0230878j 0.0205807+0.0500688j -0.00553905+0.0144051j -0.00292247-0.00019853j -0.0483573+0.0241837j -0.0123744-0.00801614j -0.0381004-0.0116541j -0.0832843+0.0649611j -0.0268014-0.00534035j 0.00184929+0.0303417j 0.000418538-0.0346631j 0.0183615-0.00545798j 0.0390211+0.00937359j -0.0451625+0.061161j -0.0186598-0.0379503j -0.0182869-0.0372617j -0.0131813+0.0445015j 0.0111305-0.144274j -0.0446652+0.0151223j 0.0239973+0.021322j -0.049447+0.0341461j -0.0455535-0.00470791j 0.0610624+0.0128242j 0.0139698+0.0668246j -0.082514-0.0413559j -0.0221828+0.0336632j 0.042154-0.0131639j -0.00486194+0.0933565j 0.0785174+0.0188417j 0.0248263-0.0290129j 0.0596492+0.071077j -0.00404867+0.105754j -0.0482169+0.087611j 0.0537486+0.00194445j 0.0442208-0.0682396j 0.0610114-0.0321057j -0.0250528+0.00942778j -0.0161204+0.0159331j 0.138047-0.0863137j -0.115154+0.0722873j -0.0308894+0.123834j 0.00599488+0.0245184j -0.0119552-0.00817545j 0.0352178+0.0640158j 0.00505056+0.0108006j -0.0821911+0.0459498j -0.0437794+0.0868492j -0.095844+0.109331j -0.049376+0.12453j -0.00593781+0.00503758j -0.0909326+0.0835504j -0.0257591-0.00202424j -0.0237095+0.00651665j 0.00512991-0.0672099j -0.0543431-0.0786409j -0.00181663-0.0943859j -0.0322909-0.0591666j -0.0675681-0.00883298j 0.0344351+0.0509937j 0.0254519-0.065109j -0.0357415-0.0267615j 0.0356469-0.0209169j 0.0289434-0.0147229j -0.0523145-0.117098j -0.0393747+0.0443034j -0.0387803-0.0161512j 0.00574395+0.00523172j -0.0182635-0.0165889j -0.0344707-0.0523367j -0.0153161-0.00433903j -0.00448763-0.00826759j 0.00890328+0.0197591j 0.0121942-0.00981163j 0.00734203-0.00385404j -0.0706258-0.0551462j 0.0169575-0.00389636j 0.0274399-0.00342232j 0.0365355-0.0152257j 0.00765852-0.0380438j 0.0354141-0.005416j -0.0895865+0.00881608j 0.0330992-0.0484626j 0.0210088+0.0317489j -0.0202728-0.0325496j -0.022625+0.0226782j -0.0548662-0.0441779j -0.0402197+0.00496784j -0.0177253-0.00854106j 0.00601814-0.00261328j 0.0402795+0.0156575j -0.0276967+0.0110418j -0.046638+0.0085491j 0.0268036+0.0296865j -0.00525726+0.00182967j 0.0130824+0.00213167j 0.009907-0.00473201j -0.0193237+0.00429022j 0.0342776-0.0106247j -0.0186737+0.000372225j 0.0310572+0.0163799j -0.0570528-0.00554671j 0.00676968+0.00884427j 0.0302145-0.00764537j -0.0209997+0.0107979j -0.00479288+0.00995148j 0.00711715-0.0107305j 0.00199448-0.00812644j 0.00940772+0.0194181j 0.0320364-0.0137971j 0.0309802+0.0165192j -0.0348931-0.00585473j 0.00238414+0.0163843j 0.0301733+0.0245722j 0.0354886+0.0151346j 0.00693138+0.0095894j 0.0203108-0.00557718j 0.016539+0.00819401j 0.0244115+0.00083303j 0.014387+0.000828023j -0.0083526-0.00673002j 0.0054029+0.0121j 0.00285219+0.00757407j 0.0121938-0.00631566j -0.0238682-0.0138157j -0.0169324-0.016569j -0.00221466+0.00778748j -0.0136896+0.00737173j -0.020574+0.0107342j 0.00749314+0.00860158j -0.0197835+0.00359502j -0.0109545+0.00938973j -0.0133534+0.00484787j -0.018147+0.0160412j 0.00397221-0.0295601j 0.00487658-0.00462108j -0.00123965+0.00861279j -0.0107906-0.0146085j -0.0304304+0.0228498j -0.0286642+0.00458484j 0.0111604-0.00809337j -0.0104383+0.00799623j -0.00402204+0.0241733j -0.0220505+0.00608046j -0.0176419-0.00202804j 0.0111364+0.018359j 0.0111432+0.00539631j 0.0355496-0.0109022j -0.00489756-0.00602485j 0.0079282-0.013828j -0.00508761-0.0049869j -0.0250991+0.0160232j 0.0190468-0.00797437j 0.00723098+0.0223179j 0.0128852-0.0108151j 0.0013903+0.00844018j -0.0205443-0.0372265j -0.0306952+0.00542418j -0.00230851+0.00293544j 0.0135687-0.00324122j 0.00263275-0.0194511j 0.0206942-0.000569823j 
-0.0237133+0.0133816j -0.0101277+0.0157332j 0.0115213-0.0557877j -0.0555377-0.00720728j -0.0338276+0.0539105j -0.0601069-0.0088437j 0.0275608-0.0244791j 0.0135317+0.00411904j -0.000549606+0.0189357j -0.00561309+0.0408543j -0.0304492-0.000219671j 0.0165188+0.0306689j -0.0134198+0.0310472j -0.0199809+0.0181015j 0.00374562-0.0100482j -0.0329932+0.0178609j 0.023193-0.000447794j -0.0431999+0.00247229j -0.0202798+0.0192656j -0.0120836+0.0220489j 0.0210084+0.011869j -0.00510403+0.0116959j -0.00656635-0.0179876j -0.0317955+0.0292408j 0.0335127+0.00243534j 0.0139665-0.0183323j 0.00138584+0.00685165j 0.00407677-0.0119296j 0.0167492+0.0109251j -0.0506621+0.03248j -0.00310265-0.036041j 0.0303573-0.0195107j 0.00724197-0.00126267j -0.00387997-0.0178519j 0.00538706+0.000344805j 0.0245149-0.0176576j -0.0405364+0.0211792j -0.0167723+0.0227522j -0.00855513+0.0133654j 0.012723-0.0116463j -0.00794679-0.00277494j -0.000389591+0.00290691j -0.00689945-0.0189015j 0.00781299+0.0249752j 0.0230254+0.0219204j -0.0081704-0.0101518j -0.00369759+0.0127735j 0.0204376+0.00409294j -0.0123352+0.0098856j 0.00501008-0.0542764j -0.0394173+0.0793675j 0.0389415-0.0934422j 0.0314772+0.0273086j 0.00680952+0.0183571j 0.0825942-0.156019j 0.0503629+0.00349942j 0.0504265-0.140974j -0.0315387+0.0751852j -0.0413769+0.0382674j 0.0740844-0.0234319j -0.063176-0.00778945j -0.164759+0.0430817j -0.0708365-0.0170953j -0.0254633-0.0724703j 0.0766469+0.0683322j 0.0811209-0.0991718j 0.0774202-0.0725778j 0.152879-0.0614617j 0.0245774-0.121354j -0.110461+0.119061j -0.0151748-0.00802206j -0.00722694-0.0418182j -0.0800706-0.00832526j 0.0514855+0.0303143j -0.0491624+0.105459j 0.01335+0.0124024j 0.0389828-0.0909445j 0.0299534-0.0386304j -0.0470146+0.031211j -0.0436983+0.0901205j -0.00358206-0.0103172j -0.0214254+0.0140559j 0.0471528-0.015007j 0.0108345+0.114886j 0.0443633-0.0684542j -0.0128768-0.0427899j 0.00916221+0.0260581j 0.0475706-0.0476411j 0.0134314+0.0283949j -0.0328431+0.107453j 0.0141606-0.067022j -0.0204571+0.0545289j -0.0474326-0.00437155j 0.0122854-0.0261117j -0.050587-0.00636687j -0.000273532-0.00660201j -0.0430079+0.00899433j -0.00974096+0.00259535j 0.0443167-0.0633235j 0.000592331-0.00755197j -0.0072992-0.0215957j -0.0126203+0.0519225j -0.00129324-0.0451184j 0.0150347-0.0496299j 0.0161498-0.0571324j -0.0217821-0.0260834j 0.0404058-0.0169775j 0.0461111-0.0254961j -0.00878944+0.0580573j -0.0570923-0.00144364j -0.000955151+0.0182667j -0.0360814+0.0209669j -0.00797391+0.0148174j -0.0350098-0.000582425j -0.060317-0.0338023j 0.0527529+0.0145205j -0.0164928+0.00780694j -0.0544199+0.0378365j 0.00523192-0.0307526j 0.00327552-0.0145609j -0.046043-0.00764967j -0.00785717-0.0257843j -0.0118216+0.0122882j -0.027664+0.0285083j -0.0154959+0.0114424j 0.0104332+0.0014404j 0.0435979-0.00518504j 0.0155616-0.0360442j 0.0135217+0.00819086j -0.0248203+0.0147377j -0.00500727+0.00963769j -0.00429301+0.00823506j -0.0237724-0.000619311j -0.0361598-0.0171235j 0.00805023+0.02241j -0.00631031-0.0312267j -0.0196333+0.0201331j -0.00885159-0.00612185j 0.0325193-0.00248631j -0.00609235+0.00878287j 0.018779+0.0071118j -0.00289001-0.0100971j -0.00675174-0.00262527j -0.0016+0.0154465j 0.0267541+0.0257661j -0.00639415-0.00448898j -0.0024008+0.00499651j 0.00245354+0.0229017j -0.00553803-0.00621177j -0.00422969-0.0118931j -0.00941225-0.00162336j 0.0130242+0.016768j 0.00370818+0.0308169j -0.00172348-0.00399819j -0.0194394+0.00732207j 0.0168307+0.0165297j 0.00524319+0.0042224j 0.000682711+0.00541743j -0.0196535-0.0157433j 0.0185794+0.0119413j 0.00725272-0.0038573j -0.0348112-0.0101211j 0.0147602-0.0184144j -0.0124628+0.0200137j -0.0146745-0.00289706j 0.0139694-0.011224j -0.00366263+0.0125489j -0.0248369-0.0109092j -0.00510966-0.00871183j -0.00714188-0.00963883j 0.0213557-0.00752141j 0.00373851-0.0107544j 0.0164467-0.0222541j 0.0187685-0.0110736j -0.00330355-0.00217905j -0.0136156-0.00322827j -0.00460431+0.00536977j 0.0215439+0.00578205j -0.0281375+0.00182068j -0.0125117+0.00338814j -0.0357683+0.000804081j 0.0216633+0.00901078j -0.0291015+0.0142104j 0.0037085+0.00573276j -0.0082392+0.000358079j -0.00167991-0.00822451j 0.0103955-0.000623664j 0.0153485-0.00379681j 0.0148998-0.00485564j 0.000905142+0.032973j -0.0328976-0.0212788j 0.0170025-0.00446978j -0.00355508+0.0203474j -0.0198122-0.0180574j 0.00849827-0.0183468j 0.0161563-0.018546j 
0.0354764-0.0181074j -0.000726962-0.0158675j -0.0353915+0.0735132j 0.0364014+0.0152453j 0.0264315-0.00409364j 0.0850408+0.0335538j 0.00268375-0.0053443j -0.019273-0.0152608j -0.00121481-0.0200167j 0.0203667-0.0472402j 0.0581714-0.0059263j -0.00607683-0.0260259j 0.0420657-0.0434218j 0.0685349-0.0341204j -0.0273616+0.0321771j 0.0101467+0.0329513j -0.00484616+0.0195056j 0.0268663+0.00889552j 0.0237867+0.00168902j 0.0137028-0.00394312j -0.0159992-0.0177039j 0.0185223-0.00594185j 0.032514-0.00542337j 0.0238487-0.0119752j -0.0399357+0.00396646j -0.0112356+0.0289146j 0.00547703-0.0411556j 0.0266075-0.000275278j -0.00627698-0.00379902j 0.0316494-0.00369473j 0.0060238+0.00727061j -0.00569037-0.00925593j 0.00214218+0.00171274j -0.0168324+0.0556415j -0.0363142+0.0107619j -0.00552128+0.0219515j 0.0627691-0.0184763j -0.0038295-0.0192377j 0.000417064+0.0172361j -0.0171681+0.016804j 0.0164559+0.000141884j -0.0180807+0.00254805j -0.0126263+0.00464289j -0.0445067+0.00507686j -0.0401534+0.0149424j 0.0127398-0.0307342j 0.00790208-0.00961384j 0.0149701-0.0173526j -0.0132164-0.00875402j 0.0323926-0.0687059j -0.00721415-0.0406134j 0.00987594-0.0668619j -0.0546931+0.00472093j -0.022869+0.0799873j 0.0654182-0.110989j -0.046213+0.0279191j 0.0335422-0.135251j 0.0385277-0.0577695j 0.0265273-0.0356821j -0.129507+0.0303463j 0.0706188-0.00843962j 0.0620191+0.087237j 0.0283708+0.114654j 0.00428713+0.0906632j -0.119953-0.0113314j 0.181722-0.108171j 0.100745-0.0753319j 0.0269629-0.0937594j -0.0571085+0.168587j -0.0919444+0.115506j -0.0472944+0.0737658j 0.0585864-0.0417151j 0.0435906+0.000446623j 0.100916-0.17198j -0.00710508+0.0286673j 0.0768004-0.0786113j -0.0553268-0.0213103j -0.00265368-0.0378097j 0.0259013-0.0855025j -0.00663959+0.0597067j -0.0156769-0.00585213j 0.00172645+0.0252254j -0.0192115-0.0282213j -0.0413154+0.023548j -0.0281165-0.131853j -0.0176247+0.0676982j -0.0213688+0.0504217j -0.0256884-0.00718854j -0.015591-0.0279507j 0.000747111+0.0192712j -0.00409633-0.0288134j 0.0263533+0.0116796j -0.0104829-0.0164019j 0.00182717-0.0247322j -0.0281508-0.0210081j -0.0731212+0.0335062j 0.0165618+0.0423524j 0.0149556+0.0736462j 0.010676-0.0642906j -0.0412215-0.0197046j 0.0315768+0.0300643j -0.0127613-0.019878j 0.0214508-0.0365727j -0.0388063-0.0389742j 0.00524566-0.00274328j 0.0435245+0.0139465j 0.0130616-0.0119728j -0.0374607+0.0125629j 0.0498172+0.0298167j 0.00118214+0.0147584j 0.0732223-0.0384221j 0.0346626+0.0212835j 0.0200293+0.0285898j -0.0169141+0.00646856j 0.0220879-0.0132134j -0.0670578+0.0373743j -0.0138839+0.0470992j 0.0376988+0.016922j 0.00593678+0.00625938j 0.0139637-0.00266575j -0.0389271+0.0396941j -0.00460046-0.0265754j -0.0287871+0.015779j -0.000254523+0.00609652j -0.0179032-0.0179736j -0.0256985+0.00250726j -0.0362884-0.0123411j 0.00497394-0.025832j -0.0249965+0.000890838j 0.00173332-0.00828728j 0.0136754-0.00436464j -0.0421781-0.0191208j 0.00408172+0.00748382j -0.00236479+0.00206824j -0.00141509-0.0249822j -0.0218753+0.0164761j -0.0127201+0.00181739j 0.00574927-0.00865241j -0.0128001+0.00234202j -0.00896293+0.00828848j -0.00161462+0.00792314j -0.0100058+0.0106192j -0.00255699+0.0235634j 0.0122445-0.00737178j 0.00571257-0.0225489j -0.0153873-0.00809987j 0.0186749-0.00163403j 0.00223809-0.00290348j 0.00883824-0.0111526j 0.0335428-0.0212859j 0.0112397+0.00286546j -0.00575739-0.0032538j 0.00197787-0.0132767j -0.0024198-0.0138616j -0.00717258+0.0254486j 0.00428892-0.0155652j 0.00548705-0.00880209j -0.00362804+0.0133474j 0.0058689-0.00178621j -0.0199661+0.00643727j -0.000653961+0.00801591j 0.014573+0.0138233j -0.0206033+0.00746636j 0.00234531-0.00128202j 0.00409792+0.0157955j -0.0124805-0.004851j 0.00463146+0.00979082j -0.00223572+0.0281129j -0.00241511-0.00430029j 0.0255961-0.0139408j -0.00977783-0.00287605j -0.0322658+0.0106327j -0.0121023+0.00517285j -0.00809428+0.0111133j 0.0181238-0.0148865j 0.00585227+0.000919383j 0.00643152-0.00681101j -0.0180121+0.00447714j 0.00875609+0.00847255j -0.00867012+0.00465748j 0.0219095+0.0112747j 0.0245017+0.00196731j 0.0113495+0.00509009j -0.0285836-0.00460203j 0.00212155+0.00283546j 0.00797622+0.00870501j -0.0166951-0.0216328j -0.0049002+0.00297798j 0.0296648-0.0102708j 0.0037255+0.034706j 0.0036522+0.00945111j 0.00299987+0.0130449j -0.00120435+0.0284454j 2.60955e-05+0.00996443j 0.0101186+0.00133892j -0.00214901+0.00193125j 
-0.042703+0.0292972j 0.014884+0.0273999j 0.0322653-0.0384865j -0.0128083-0.0489358j -0.0378892+0.0446053j 0.0215159-0.0316226j -0.00332724-0.0309684j 0.00930688+0.0123855j 0.0249756-0.020191j 0.0317747+0.0391267j 0.00198233+0.0394797j -0.00456183+0.00679121j -0.00772836+0.0611862j -0.00145103+0.0543528j 0.00638693-0.025733j -0.0303255+0.0234422j -0.00933708-0.00169771j 0.0151487-0.0574527j -0.0278173+0.0350237j -0.0134008+0.0051773j 0.013273+0.00547592j -0.014999+0.00339139j 0.00862686-0.0306647j -0.0346762+0.0800776j 0.00515584-0.0110385j -0.000197407+0.00790432j 0.0286706+0.00674026j 0.00800175-0.0048204j 0.0256649-0.0117427j -0.0204839+0.00320828j 0.00297269-0.0280784j 0.00474545-0.00758709j 0.0165637-0.0301325j 0.0304075+0.00872265j 0.00614493+0.0081805j 0.00191935-0.0411759j -0.0204203+0.0113916j -0.00310747-0.0179152j 0.0606559-0.0552984j 0.0143932+0.0153641j -0.00301194-0.0263389j -0.000744193-0.00278593j 0.00567946+0.0224895j 0.013805+0.00248645j 0.0284539-0.0150874j 0.0191288+0.0111986j 0.0124772+0.0168254j -0.00385429+0.0354792j 0.0363085+0.0664783j -0.0204837+0.00660118j -0.015486-0.0427263j -0.0248529-0.0289305j 0.00923728-0.0311001j 0.0153395+0.00238406j -0.105588+0.101854j 0.0218541+0.00805644j -0.00146116-0.0956967j 0.0239201+0.000619043j 0.0397154-0.0756951j -0.00976548-0.00502306j -0.010365+0.00482415j 0.0161557+0.0300983j -0.0600303+0.0671384j -0.118428+0.0876505j 0.0865091+0.00014266j -0.0314175-0.0278351j -0.0558562-0.0665989j 0.0104384-0.139611j 0.0216731-0.0450078j -0.0153817+0.071553j -0.000367363+0.0178177j 0.0240297+0.0309607j 0.0403544+0.00358522j -0.0555862+0.0769654j -0.0642072+0.0899176j -0.00344831+0.0191109j -0.0901011+0.144693j 0.067866-0.102931j -0.0234974+0.0137252j 0.0608846-0.0264448j 0.0683913-0.0716787j -0.00731069+0.00580498j 0.00794169+0.00188625j 0.0205562+0.113654j -0.0628775+0.0105872j -0.0422243-0.0279101j 0.0114898+0.0101274j -0.00407042-0.0378799j -0.063667-0.107769j 0.0106333-0.0573178j -0.0367449-0.0289125j -0.00597215+0.0468789j 0.0202147-0.0276835j 0.0208348-0.0271973j 0.00869352+0.0484984j 0.0277645-0.023171j -0.0414279-0.00708476j 0.0144776+0.0364873j -0.00744197+0.0412497j 0.0274046+0.0803048j 0.0298682-0.00932605j 0.0358443-0.0198867j -0.0129255-0.00544993j -0.0363643-0.00131723j 0.0210978+0.0371098j -0.0605382+0.0177737j -0.0280384+0.00367918j -0.0031597+0.0291146j 0.0668217-0.0410086j -0.000181783-0.00752134j -0.000328502-0.0737047j 0.0213758+0.0503501j 0.0195862-0.023738j 0.0291049+0.0101361j -0.0289434+0.0531381j 0.0565794-0.0266028j 0.0189745-0.0155999j 0.0129348+0.0113997j -0.0390302-0.0178324j -0.00603049-0.00868158j 0.0134161-0.0246397j -0.00684075-0.00741409j 0.0187744-0.023195j 0.000563837+0.00158902j 0.00513411-0.00918774j 0.0182674+0.0033928j -0.00705686-0.0197624j -0.0114885+0.00377924j -0.00610186-0.00345092j 0.0136239+0.0234827j -0.0148361-0.00870594j -0.0220944+0.0261724j 0.00991821+0.0157133j 0.00173673+0.0182594j -0.0125405+0.028084j -0.0263614-0.0193432j 0.00610691+0.0253193j 0.0143751+0.0243021j -0.00806697-0.00329808j 0.0139649+0.00784812j 0.00273835-0.0127271j -0.0101545-0.0104771j 0.0165189-0.0150302j 0.0139623-0.0114753j 0.00284491+0.000260654j -0.0108725+0.00278415j 0.011621-0.0090573j 0.0329267+0.0057256j 0.00419372+0.0133004j -0.0159357-0.00251094j -0.00501871-0.00953036j 0.00360124+0.0109543j 0.000669877+0.0224033j 0.00958165+0.00936852j 0.00444341+0.00281464j -0.00508142+0.000908953j 0.00344206-0.00848966j 0.00986226-0.0094266j -0.00446526+0.0188519j 0.0126101-0.000253383j 0.00228958-0.00553228j -0.0108818+0.00153823j 0.00818917-0.0162134j 0.0042585+0.0165425j -0.000903512+0.00140558j 0.000312532-0.00668922j -0.0224755+0.00885018j 0.029186-0.00302612j 0.00115931+0.00787653j -0.0159351+0.00802424j -0.00552198+0.00192294j -0.0141968-0.00143499j 0.0199222-0.00950101j -0.02562-0.0344966j -0.0050758+0.0181146j 0.0100779-0.000101721j 0.00373111-0.00919865j 0.00844158+0.00145486j -0.0100572-0.00942354j 0.00203246+0.00915501j 0.0116453+0.00125672j 0.00505275-0.0121773j -0.00157513-0.00671704j -0.00104917+0.0101097j -0.0140679-0.0253424j -0.00794655-0.0272389j 0.00781541+0.00186601j -0.00278299+0.0234703j 0.0104568-0.029878j 0.0205429-0.0203413j -0.00505997-0.00393102j -0.00287444+0.00138694j 0.0319205-0.00940631j 0.000280534-0.00855878j -0.0141073-0.006466j -0.0146501-0.00303379j 
-0.0114457-0.0214301j -0.0120285+0.013757j -0.010538+0.0163833j 0.0227411+0.0113474j -0.0014185-0.028324j 0.0146943-0.00528777j 0.000730647+0.00145877j -0.00883779+0.00367074j -0.0087762-0.0308884j 0.0108064-0.00396593j 0.0269526+0.000215075j -0.0345369-0.0062883j 0.0718414+0.00622402j 0.031242+0.003321j -0.0500562-0.00938425j 0.04151+0.00355628j 0.0059256+0.0178016j -0.0130187-0.0513158j -0.0408884-0.0100792j -0.0578345+0.00865898j -0.0027853+0.0135812j 0.0184958-0.0102828j 0.0025742-0.00512538j -0.00223668-0.009874j 0.0437741-0.00219197j 0.0405364+0.000744254j 0.00820288+0.038416j 0.0129507+0.00484336j 0.0567989+0.0496056j -0.0501249-0.02462j 0.00566849+0.0240599j -0.0332126+0.0046264j 0.0394237+0.00705055j -0.0178787-0.0562407j 0.0300837+0.0385651j -0.0347801+0.000198534j 0.0165897-0.0152237j -0.0515815-0.0300029j -0.00539586-0.0492274j -0.0754475+0.0278102j -0.01404+0.0027092j -0.0188202+0.00970927j -0.0285978+0.0184675j 0.00399582+0.012901j 0.0540919+0.00598918j 0.00053727-0.0405683j 0.0026778-0.0198944j -0.0224339-0.0297491j 0.0378786+0.0229389j -0.0667642+0.0171432j 0.0346272+0.00203479j -0.053924+0.00219215j 0.0209785-0.0536966j -0.0451874-0.0796687j 0.0353645-0.0327594j -0.00609587+0.0556375j -0.0819788-0.0169075j -0.018264-0.0288918j -0.0192532+0.0173736j -0.0669379-0.0949893j 0.0483088-0.0140132j -0.0147997-0.0785389j 0.058104+0.0468795j -0.0442354-0.0443744j -0.0417323-0.0233654j 0.0513304+0.0294008j -0.0939722-0.0039069j 0.0700444+0.0180643j -0.039304+0.0595122j -0.00615885-0.00568189j 0.0673475-0.0500601j -0.0079851+0.0211662j 0.046282-0.00516269j 0.000614296-0.0349798j 0.0323185-0.0269926j 0.0262388+0.0208663j 0.0750446-0.0197719j -0.000875796+0.0281116j -0.0029891-0.0120052j -0.0388497-0.0513563j 0.0122373+0.00563315j -0.0458182+0.00701446j 0.0249512-0.00821543j -0.0507335-0.0187692j 0.0528452+0.0141511j -0.0511288+0.0170029j 0.0637545-0.070452j -0.0191989-0.00756681j -0.0605391+0.0189241j 0.0422596-0.0242288j 0.0115144+0.0244212j 0.00223193-0.00896868j -0.0455211+0.0186439j 0.0608608+0.00349386j -0.0192729+0.000396821j 0.0701998-0.0110652j 0.00655518-0.0465253j -0.00721137+0.0252928j -0.0356208-0.0393953j 0.0114567+0.0269345j 0.0546772-0.0550404j -0.0128444-0.0260547j -0.0132154-0.00945463j -0.00100378+0.0430654j 0.0267251+0.00342576j -0.0290045+0.00736412j 0.0824588-0.0129257j -0.0228916+0.019831j 0.00924533+0.0325839j 0.0182365-0.0152003j 0.00169959+0.0507529j 0.0352981-0.0232808j 0.0210891-0.0313695j 0.0180556+0.0290486j 0.0260517+0.0342227j -0.0165063+0.0130987j -0.0260285-0.0352254j -0.0024026-0.0112726j -0.0117406-0.00122443j 0.00054542+0.0192556j -0.0108205-0.0205269j -0.0344385+0.00301505j 0.0010903+0.00332369j -0.017563+0.00431912j -0.0269735-0.0308862j -0.000390823-0.00569751j -0.0179314-0.0175499j -0.0115568-0.0379141j -0.0079294-0.0114525j -0.0122549+0.0121437j -0.00126387-0.00461995j -0.0199872+0.0266623j 0.0033277-0.00865913j -0.00635981-0.000225816j 0.0121194+0.0109005j -0.0218824-0.00136671j -0.00335673-0.00260523j 0.00920657+0.00738505j 0.000479639-0.00609854j -0.0114319+0.00104355j -0.0182644+0.00919293j -0.010619-0.00616598j 0.00241935-0.00278477j 0.00644684-0.00833419j 0.00959864-0.00911596j -0.0101185-0.0116595j -0.00196906-0.0124925j 0.015175-4.05478e-05j 0.0122535-0.00184361j 0.0238274-0.00875659j 0.011445-0.00853471j -0.00806349-0.00353556j -0.014432-0.0030256j 0.0111152-0.000354207j -0.0138972-0.0014519j 0.00206004+0.000879801j 0.00367013+0.00218946j -0.0153242+0.00319097j 0.00567173-0.00230714j -0.0139108+0.00110255j -0.00693933+0.00602569j 0.00297+0.014129j 0.0057183+0.0170862j -0.00568809-0.00824724j 0.0245076+0.00255267j -0.00733867+0.0149913j -0.00613446-0.00361885j 0.00720582+0.00858653j -0.0266962-0.0123044j -0.00996001-0.0086495j -0.00581391+0.00219663j -0.018837-0.00909729j 0.0165582+0.0153787j -0.0105798-0.000251483j -0.00627324-0.00204264j -0.0238278-0.00146203j -0.0132155+0.0122593j 0.00977381+0.00655495j 0.00610627-0.00121318j -0.000433798+0.000540894j 0.00927447-0.00919488j -0.0158353-0.0102392j 0.00603633-0.00991057j -0.00837606-0.00728808j -0.0401474-0.00229036j 0.00463062+0.0160585j 0.0146648+0.0201311j 0.0155572+0.00981237j 0.00455832+0.000615742j 0.00450023-0.0167381j 0.0164603+0.0177635j 0.0100951+0.0092136j 0.00471218+0.0104836j 0.011711-0.0142019j -0.0104445+0.00536419j 0.00256005+0.000575179j 
-0.0406073+0.0337837j 0.00519541+0.0506595j 0.0758774+0.00140013j -0.0328868-0.100419j 0.0898659+0.0420127j 0.0600983-0.0474603j -0.0243282-0.025872j -0.0382866+0.0321816j 0.0102874-0.0175116j -0.00251423+0.0292546j 0.026068+0.0316914j 0.00371777+0.00892892j 0.0141782+0.0602154j 0.0236671+0.0541283j 0.00939785-0.0129766j -0.0697259+0.00219704j 0.106526+0.00187493j -0.0696544-0.0604261j -0.0265458+0.0599713j -0.0522368-0.0270612j 0.00775468-0.0276547j -0.0029378+0.0149049j -0.00351568-0.00972376j 0.0142488+0.0741527j 0.0274547+0.00276571j 0.0136531-0.0451804j -0.0977896+0.0015413j -0.00928922+0.00517576j 0.0513555-0.0295955j 0.0223529-0.00448798j -0.0656025-0.0340581j 0.0231949-0.0236287j -0.0419331-0.0218955j 0.0410828-0.00772284j -0.0123498-0.00687293j 0.00184186-0.0332511j -0.0283478+0.00410248j -0.0196555+0.0165544j -0.00604038+0.00264076j 0.0310785+0.0184491j -0.0400012+0.0119834j -0.00968193+0.00636744j -0.00550158+0.0262917j -0.00117067+0.0233253j 0.0306647-0.069015j 0.00610915+0.00898851j 0.00247471+0.0126814j -0.0311805-0.0137499j 0.0342883+0.0890956j -0.0593037+0.0469626j -0.0779054+0.0166797j -0.0509544+0.0351991j -0.00538352-0.0610303j 0.0370051-0.0109081j 0.00242176-0.0309279j 0.022818+0.0415329j -0.0191992-0.00465095j 0.012968-0.00629025j -0.0680272-0.0421459j -0.0377229+0.031101j 0.102727+0.0044676j -0.0280865+0.0644643j -0.00421507+0.0290762j -0.0733162+0.125737j -0.0455845-0.0344j 0.00596207+0.121489j 0.0319938+0.000299541j -0.0890201-0.0401207j 0.073177-0.0732813j -0.066209-0.0384443j -0.0589467+0.0182051j -0.00130145+0.0654047j -0.0888282-0.0879584j -0.0295359+0.158573j -0.066736+0.148398j 0.0666285-0.0169961j 0.134584-0.0266507j -0.0226162-0.0394398j 0.0446817+0.0363002j 0.0225379-0.0793463j 0.0134044-0.00966488j 0.0243759+0.0156236j 0.00727235+0.0120792j 0.066559-0.00443711j -0.0512505+0.0204212j 0.0136535-0.0169064j 0.0537935-0.0421729j -0.0140465+0.000484448j 0.00637536-0.0539508j 0.0171595-0.0275309j -0.0489866-0.0372117j -0.0518077-0.0488712j -0.00380627+0.070685j -0.0129646+0.0139613j -0.00298536+0.0329225j 0.0403305+0.0614482j 0.010324-0.00843589j 0.0165012-0.0272454j -0.00422419-0.0397507j 0.0420601+0.00702916j -0.0180951+0.0639957j 0.0313825+0.00615973j -0.0775284+0.0229546j -0.0475091+0.0269871j 0.0778706-0.00203432j -0.002231+0.00893414j 0.0034932-0.0633559j 0.0127756+0.0118576j -0.0374497+0.0110497j 0.0246898-0.0271398j 0.0159162+0.00574251j 0.0407756+0.0804088j -0.0669781-0.039502j -0.0132868-0.00556535j 0.0483579-0.0200132j 0.0087311+0.0105268j 0.00549505-0.0265039j -0.00413113-0.0194846j -0.0406706+0.0211284j 0.0128287+0.00674628j -0.0127741-0.018243j -0.00580481+0.00099661j -0.0445795-0.0117665j 0.0236153-0.0407569j -0.0105418-0.0102961j 0.00750095-0.000954575j -0.000161651+0.000604749j 0.000176325-0.00679439j -0.0326489+0.00951123j 0.0499417-0.0189467j -0.0263717+0.00614937j -0.0141508+0.00996961j -0.0186741+0.00123032j -0.0149835-0.00236741j 0.0249795+0.0232418j -0.0190314-0.00267343j 0.0199137+0.00988398j -0.0069651+0.00392488j -0.00927321+0.0172717j -0.00418734+0.00117j -0.0044568-0.0175697j -0.00192838-0.0162485j 0.0073914-0.0163846j -0.0171609-0.0222104j 0.0272121-0.00996391j 0.00637286-0.00286793j 0.0284678-0.0175021j 0.00489889+0.000626707j 0.0257444+0.00337004j 0.00417854+0.0114477j 0.00397182-0.00713917j -0.0172627+0.0145156j -0.0244249+0.01593j 0.0114066-0.00397377j 0.00838437+0.00325688j 0.0244807-0.0034183j 0.00822597+0.00337649j -0.02724+0.00446821j 0.0110263+0.006688j 0.000906977-0.0107803j 0.00242498-0.0115508j 0.0235042-0.00375083j 0.0237267-0.0101435j 0.0163406+0.00680652j 0.0351864-0.000913906j 0.0188255+0.00314312j 0.0123578+0.000559143j 0.0355253-0.00142791j -0.0171617+0.0254284j -0.00528603+0.0142439j 0.00721292-0.0065438j -0.00702825+0.0123014j 0.0199146-0.00343064j -0.0234873-0.0183712j -0.012428+0.0198261j -0.00268651+0.00569113j -0.00250126-0.0152246j -0.0132161+0.00352043j -0.00293469+0.00613839j 0.0071163-0.00352548j -0.00735615+0.00889967j -0.0253796+0.00516341j -0.0177428+0.0235735j -0.0212221-0.00294782j -0.00644453-0.000148581j -0.0199935-0.0104884j 0.000237329+0.0131972j 0.0263574+0.00934358j 0.0152784-0.0121771j -0.00543974-0.0278328j -0.0223829-0.000154058j 0.00937824+0.0284127j 0.00669681-0.00739339j -0.00166623-0.0248849j -0.01063+0.00276759j -0.0207939-0.00626859j 
-0.0208403-0.0195323j -0.0346943+0.0842516j -0.084388+0.00842973j 0.0172112+0.122702j -0.0140097-0.0172756j -0.088776+0.000378918j 0.0233108+0.0207869j 0.0387462-0.015472j -0.00789273+0.014292j -0.0210772+0.0204905j -0.0153163-0.00661636j -0.0246604+0.0273092j 0.0155475+0.0239562j 0.0378035-0.0558281j -0.025434-0.00184417j -0.0106989+0.00246321j 0.0607708+0.0189969j 0.0178007-0.072909j 0.0297822+0.00417583j -0.01308+0.0422129j -0.0140945-0.0519155j 0.00957949-0.0393899j -0.00332736-0.0112847j 0.034498+0.0339814j -0.0242461+0.0755933j 0.00792563+0.0289523j -0.0194102+0.00137798j 0.0419156-0.0983334j -0.000624061-0.0726147j 0.00586257+0.0690483j -0.0290423-0.0302993j 0.00515787+0.130411j -0.0109857-0.0216631j 0.0423502-0.0127221j -0.0231102-0.0208603j -0.00285112+0.0237091j -0.0197699+0.0499237j -0.0239392-0.0329993j 0.0746214-0.0455532j 0.0661298-0.0389509j -0.0028773+0.0375186j 0.00112859-0.0294798j -0.0483636+0.00379409j 0.0356436-0.0805427j -0.0268967+0.0326874j 0.0239181-0.0284468j -0.0339739+0.0071743j 0.0114755+0.0168895j -0.0377375+0.0369094j 0.0768182+0.0432865j -0.023016+0.0288835j -0.0382541+0.0922993j 0.0545522+0.0148692j -0.016082-0.0316709j -0.08268-0.0238693j 0.0282339+0.00946304j 0.0161375+0.0084804j -0.0625847-0.0552261j -0.0689446-0.0328698j -0.0607174+0.048734j -0.104698+0.132859j 0.0572521+0.0317177j 0.0581788-0.11621j -0.0192165+0.0102925j 0.00710407+0.0200753j -0.00164219-0.0165119j 0.0309707+0.0219785j -0.0242807+0.11099j -0.0397155+0.057162j -0.0233742+0.0324266j -0.0659246-0.000787494j 0.0264933-0.0464265j 0.0507487+0.0349655j 0.0601134+0.0148234j -0.0190103+0.0269811j -0.0150457+0.0374641j -0.0102637+0.0752972j -0.0336015+0.0661755j -0.00218698-0.0262811j -0.0275821+0.0535577j -0.0624769-0.0198632j -0.00509287-0.00589564j 0.011002+0.0162996j -0.0506054+0.0143886j 0.0529523+0.0289566j 0.058179-0.0336521j 0.0326918+0.0157758j -0.0316076+0.0329102j 0.027605+0.116297j -0.0105126-0.105075j -0.0252602-0.0187907j -0.0120981-0.0429542j 0.00376131-0.0199449j -0.0142367-0.0525449j -0.00615771+0.0952741j -0.0363238+0.00331054j -0.0352152+0.0290478j 0.00388026+0.0164289j 0.0178234-0.0336047j -0.00650951+0.00245223j 0.0116555+0.0349525j 0.00257461+0.0472214j -0.00315236+0.00767614j -0.0182222-0.0374336j -0.0654917-0.0261285j 0.0118006-0.0421234j 0.0413514+0.0146478j 0.047619-0.0424903j 0.0450959+0.00457425j -0.012024-0.0287318j -0.0289805+0.00371867j -0.0206676-0.0624071j 6.7107e-05-0.00390283j -0.0163689-0.0431194j 0.0198714-0.0414618j 0.040211-0.0235838j -0.0125126+0.000701393j 0.050841+0.0278959j -0.052127-0.0202097j -0.0490337-0.0313864j -0.0323852-0.0728077j -0.015125-0.0166519j -0.0137669-0.0323485j -0.0320602-0.0058736j -0.00261182+0.0187896j -0.0139963+0.0107183j -0.0328582-0.0234824j 0.00195812+0.00991081j -0.00621195-0.00347043j -0.0036835-0.0191071j -0.000901431+0.015694j -0.00342006+0.0133687j -0.0296738+0.0125443j -0.00456258+0.00705792j 0.0172442+0.0432275j 0.00044567-0.00954629j 0.00277614+0.0328405j -0.0077369-0.0273001j 0.00561414+0.0123032j -0.00175317+0.0102212j -0.00160124+0.00417253j -0.00381623-0.00756684j -0.0154674+0.00994301j 9.33082e-05-0.0309444j -0.00419436+0.0135103j 0.0194422-0.000337993j 0.0245941+0.0147669j 0.00215531+0.0247307j -0.00158353+0.0213271j 0.00422862-0.0335607j 0.0202697-0.0176447j 0.00610611+0.0166785j -0.0080793+0.0395387j -0.00903614-0.00217182j -0.0174806-0.0157555j -0.0101873+0.0174027j -0.000617073+0.0150899j 0.00904613-0.00647764j 0.000362116-0.0175432j -0.0197845+0.0154042j -0.0196704-0.00449765j -0.0281375-0.0191695j -0.0225901+0.0126303j -0.0169356+0.028209j -0.0125477-0.000642952j -0.0111336+0.00704904j -0.0228154+0.0125485j -0.016634+0.00240068j 0.0214368+0.00683035j 0.000838977+0.0290277j 0.0130508+0.0219395j 0.012679+0.0369471j 0.0158167-0.00045622j -0.0164835+0.00923986j -0.00204618-0.00148428j -0.0247966+0.00240712j 0.00631331-0.0165479j 0.048248+0.00426542j -0.0424092+0.0045234j 0.0168621-0.00776198j -0.0103409-0.0170491j 0.0168658+0.000374493j -0.0477377-0.0106091j -0.0175213-0.00144784j -0.0199751-0.0202974j 0.00217679+0.0132326j 0.00301381+0.0333026j -0.0184733+0.0283985j -0.000646116+0.00588678j 0.0183348-0.00323683j 0.00885307+0.0151236j -0.0159403-0.0260037j 0.000405118-0.00810703j 0.00846427-0.0531118j -0.0310211-0.00351985j -0.0178837-0.0201638j 
0.0414148+0.0833865j 0.0293324-0.0543119j 0.118697+0.0779075j 0.101133-0.0816703j -0.0137558-0.0663358j -0.0490738+0.00612371j 0.0289095-0.00364558j -0.00291643+0.000745079j 0.0418507+0.0242485j -0.0446121-0.0362795j -0.0349899+0.00694362j -0.0150781+0.00374551j -0.0411795-0.0257189j -0.0062327+0.00771796j 0.0328886+0.00593873j 0.0105758+0.0414356j -0.0367111+0.0543026j 0.00884278-0.0270327j -0.0518018+0.019455j -0.0204886-0.0246664j 0.0178757+0.00312364j 0.0173007+0.0014442j 0.030016-0.00966723j -0.0148039-0.00275847j -0.0153094-0.0147378j 0.0458081+0.00204835j -0.0197862-0.0211046j 0.00267133+0.0865081j -0.0167052+0.0165114j 0.000903329-0.0551078j 0.0507944+0.0234649j 0.0191565-0.0139266j 0.0252347+0.000927207j -0.0216273-0.0125281j 0.00400974-0.0266199j -0.0134427+0.0603768j -0.0223135-0.0248563j -0.0380181-0.01497j -0.0442845+0.0265247j -0.00443719-0.0140497j -0.0229589-0.0210278j 0.00820366-0.0187222j -0.0226978-0.0131057j -0.0129758+0.0253808j 0.00253177-0.00955464j 0.0311755-0.017323j -0.0149823+0.00684269j 0.0219038-0.0176589j -0.00678695-0.0301858j 0.0603833-0.0188739j -0.00571176+0.0247237j -0.0394066+0.0241716j -0.0134349+0.0405135j 0.0171471+0.114472j 0.0276885-0.0195672j -0.0179835+0.0200491j 0.0334662+0.0833926j -0.0586833+0.0124287j -0.0674053-0.0355649j 0.0771252+0.00193056j 0.120841-0.0304184j -0.0604504-0.00155074j -0.0546841+0.0175401j -0.0104013+0.0185485j -0.115327+0.0331229j -0.0927853+0.0378588j -0.0163285+0.00227461j 0.0188898-0.00396041j 0.0610063+0.0355331j -0.0105482-0.0228735j -0.0209359+0.0465121j -0.0413803+0.0269828j 0.0556603-0.0296946j -0.0673398+0.0148548j -0.0977796-0.10315j -0.0655338-0.0460443j -0.0772747-0.0672729j 0.0357263-0.0294904j -0.0413768+0.0444487j -0.0087828-0.0448481j 0.0122232+0.0413513j -0.0385314+0.072371j -0.0348859-0.0259731j -0.032207+0.0749138j -0.00125903-0.0753802j 0.0178846+0.0028919j -0.0137318+0.0291514j 0.0185718-0.0125683j 0.00517575-0.126627j -0.024249+0.0342481j -0.0251771-0.0427801j 0.00999402-0.0300982j -0.00411696-0.0115085j -0.0291439+0.0536935j -0.00482014-0.0876984j -0.00502121+0.0472418j 0.0218233-0.0228377j -0.00907022+0.0334191j -0.0462652+0.00889355j 0.0687131+0.0110345j 0.00498793-0.0354966j -0.122451-0.00908495j 0.00395567+0.00709902j 0.0360037-0.0340526j 0.057684-0.00226368j 0.00134614-0.0865585j -0.0211697-0.00556233j 0.000615912+0.0112688j -0.0327529-0.0105294j 0.0219074-0.0531917j -0.0221063-0.0547497j -0.0064101+0.01018j 0.0265221+0.0199693j -0.0411661-0.0604679j 0.0533923-0.0309568j -0.00492448-0.0159882j -0.00926192-0.0367j 0.00984938+0.035197j 0.0109511+0.0064907j -0.0127177-0.0126028j 0.0191972+0.0276744j 0.0255508+0.0483577j -0.0146821-0.0129846j 0.00709563-0.0182375j -0.0242103-0.0302158j 0.00418194+0.0201312j -0.000986742-0.0102846j -0.0062689-0.00316286j -0.0313875-0.0171163j -0.0409312-0.0228789j -0.0376947-0.00468464j 0.0133336-0.00662928j -0.0321987+0.0123239j 0.0181479-0.00822038j -0.0539387-0.00303197j 0.0396761-0.0203515j 0.0291601+0.0354052j -0.00842362-0.00518276j 0.0193176-0.00482174j -0.0109618+0.0222901j 0.00455309-0.0118222j 0.0232716+0.0139426j 0.00720869-0.009016j -0.0227767+0.00546677j -0.0296517+0.005761j 0.0177644-0.00673016j 0.0217996+0.00211373j -0.00276739-0.00695381j -0.0251721+0.0152873j -0.00973243+0.00223923j -0.000806006+0.0228172j -0.00499312+0.00810371j -0.0383878-0.00193985j 0.000971226+0.00455201j 0.00822871+0.0137701j 0.00390573+0.0054477j -0.00127968+0.000996209j -0.000115585+0.00097489j 0.00701699+0.00695287j -0.0219287+0.0104976j 0.0236171+0.00239464j -0.00273858-0.00955284j -0.00370391+0.00695414j -0.00462684+0.00771791j 0.0159596-0.00149175j 0.00177454+0.00216264j 0.0107786+1.59451e-05j 0.0407941-0.00272106j -0.0115862+0.0395611j 0.0157298-0.0199908j 0.0033171-0.00155541j 0.0197442+0.00973308j 0.00492103+0.00808871j -0.0122539-0.0206354j -0.0172171+0.01067j -0.0117995+0.0150741j -0.00902973-0.00777064j -0.00248453-0.00795579j -0.0149155-0.0147162j -0.0276257+0.0069597j -0.0139163+0.00385407j -0.0127256+0.0108634j -0.0381434+0.0188638j -0.000366217+0.00823218j -0.00921443-0.00800835j 0.00730308-0.00380842j -0.0208905-0.0166214j 0.0158509+0.0184087j -0.0138845-0.0243975j -0.0079506-0.00439889j 0.00627054-0.00695206j -0.00957398-0.0136413j -0.016026-0.0105203j -0.0349811-0.0211988j 0.03262+0.00999384j -0.00263385+0.0290037j 
0.0415025+0.0296041j 0.0132771+0.0122665j 0.0548762+0.0417025j 0.0247907+0.0212008j 0.032364+0.0227807j 0.0921356+0.0238143j -0.0272554-0.0119383j -0.0280462-0.014621j 0.010243-0.00426115j -0.0141621+0.0288031j 0.0380479+0.00420928j 0.00664778-0.0182703j 0.000217954+0.0120369j 0.046971+0.00909589j 0.0269208+0.0137657j 0.0296618+0.0581162j 0.00305957-0.00357082j 0.0153696+0.0149427j -7.10115e-05+0.0376791j -0.00532206+0.00486867j 0.0135331-0.0166843j 0.0524226-0.0529624j 0.0232608+0.0196364j -0.0291841-0.0221365j -0.0593219-0.00313229j -0.0115314+0.0365697j 0.0109128-0.00650614j 0.0279334+0.0282459j 0.00730441-0.0151533j -0.0141558+0.024283j -0.028313+0.0785266j -0.0863415+0.161825j 0.0319646-0.0197463j 0.00809887+0.0275246j -0.00968669+0.0388622j 0.0575017-0.0115663j 0.0147106-0.0207131j 0.01205-0.00803566j 0.0762851-0.00404212j -0.00725344-0.0258354j 0.0534981+0.0227578j -0.00311885-0.00441267j -0.0312516-0.0092819j -0.0174022+0.00304733j -0.0302661-0.0107041j 0.0101453-0.00486519j 0.00702484-0.0162388j -0.0424748-0.0235762j -0.0323746+0.00366078j 0.00560684-0.00492279j -0.0244144+0.0251841j -0.0490247+0.120644j -0.0467324+0.0866644j 0.0641736+0.022195j -0.0456042-8.16111e-05j -0.00563971+0.0154729j 0.111764+0.00065558j 0.0393888-0.0149008j 0.0403682-0.00589739j -0.0287235-0.0127462j 0.056591+0.00580971j -0.0511287-0.0446065j 0.0590122+0.0209973j 0.0861476-0.0264297j -0.0577817+0.107992j 0.097432-0.0617067j 0.0251076-0.0564827j -0.0155884+0.0266502j 0.086957-0.0345138j 0.00276533+0.0103879j 0.0623031+0.00386669j -0.0204906+0.0655106j -0.0193983-0.0182187j 0.00134782+0.0111909j -0.0192332+0.0392506j -0.0297291+0.00490446j -0.0253+0.0397831j -0.0227427+0.00232071j 0.025376+0.00102836j -0.0685545-0.0279218j 0.0510905-0.0201175j 0.0356459-0.0146001j -0.0233602-0.0222281j 0.0252171+0.0253799j -0.0758389+0.00587175j -0.0117054-0.0258423j 0.0147897+0.0613291j -0.0246085+0.00174611j -0.0231471+0.0270339j 0.0132807+0.0461941j 0.0178846+0.0359358j 0.0380041-0.0315265j -0.0269849+0.00332049j 0.0180728+0.020484j -0.0441724+0.0380873j -0.00114175-0.0112571j 0.0215297+0.0286502j 0.0309621+0.0103619j -0.025698+0.0335592j -0.082082-0.00608512j -0.0107595+0.0307495j -0.0263244+0.0463112j 0.0453744+0.0119095j -0.0350175+0.00486757j 0.00530411-0.0332233j -0.0149335+0.0145241j -0.0218626+0.0210477j -0.020566+0.022522j 0.00879644-0.0307566j 0.0144777+0.0194515j 0.0551641-0.000215782j -0.016162-0.0172955j -0.000416499+0.0263891j 0.0111624+0.000524613j -0.0312717-0.0358987j -0.00991109+0.00722051j 0.0150149-0.019472j 0.0486096-0.00751878j -0.000880817+0.0124384j 0.0247238-0.0300894j -0.0160447+0.00143677j -0.00268453+0.000545246j -0.0250262+0.0119961j 0.0465498-0.0661153j 0.0375024+0.00179894j -0.00695243-0.00214734j 0.00354795-0.0242863j 0.00929601-0.00024042j 0.000922969+0.0248102j 0.00946655-0.0185989j 0.000747084+0.0334099j -0.0134134+0.00461452j -0.0442408+0.0180307j -0.0138114+0.00191114j 0.0119097+0.0228462j 0.0259453+0.0041119j 0.0121679-0.00740514j -0.0219451-0.0211275j -0.00314211+0.00549694j -0.00777584+0.00701718j -0.0318721-0.00868229j 0.0300524-0.000541008j -0.0119909+0.0194755j -0.00473697-0.0164674j 0.00449685-0.00569924j 0.0263518+0.00518203j 0.026626-0.00697298j -0.0364127+0.00167634j -0.0154282-0.00425958j 0.0541675-0.0142258j 0.0469045-0.00845988j -0.0123576+0.00427048j -0.0435411+0.0237975j -0.00259062-0.0119286j 0.0058511-0.00425377j -0.00279093+0.000386255j -0.00590755+0.00732077j -0.0205109-0.00731686j 0.0180372-0.00658224j -0.0178533+0.0112093j -0.0244492-0.0160442j 0.0174896-0.0169011j -0.0114223-0.00163233j 0.00384914+0.00769286j 0.0252422-0.000346403j -0.00872546+0.00344172j -0.00429903+0.00893455j 5.97176e-06-0.00873261j 0.00662342+0.0072993j -0.014302-0.00603168j -0.0116449+0.00912032j -0.0223932+0.0364557j 0.0284311-0.00585651j -0.0031882-0.00196087j 0.0419265+0.0122783j 0.00158209-0.0158386j 0.00606022-0.0205552j -0.00320921+0.0178863j 0.032864+0.00287774j -0.00362305+0.0112029j 0.0133672-0.00937726j 0.00598176+0.000176557j 0.0262763+0.0190619j -0.00122514-0.0242307j 0.0152751+0.00516218j -0.0159346-0.0104616j -0.0185977+0.00116726j -0.0219463+0.0100785j 0.0398272-0.019762j 0.00331093+0.0085523j -0.00646695+0.0200003j -0.043331-0.0164077j -0.0111225-0.0157755j 0.0105512-0.0195084j -0.00282367+0.00122098j -0.0533719+0.0117193j 
0.0138474-0.0433692j -0.0331348+0.00752899j -0.000501385-0.00386961j 0.00548054-0.00297765j -0.00516677+0.0392053j 0.00534733+0.0362602j -0.0120642-0.00471575j 0.00733691-0.0244593j 0.0200973-0.0251963j -0.0267974+0.0270539j -0.00692356+0.0175281j -0.000444047-0.00183987j 0.000364933+0.00353408j 0.0219616-0.0413483j 0.0328728-0.00131833j 0.0879931-0.0174207j -0.0999386+0.0126965j -0.0415377+0.0210613j -0.032292-0.0151962j 0.0477226-0.0294858j 0.0436546-0.00321521j -0.000892022+0.0165443j -0.00576563+0.0673627j 0.0194383-0.0536593j 0.0346963-0.0587209j 0.0214144+0.0230581j 0.0510512+0.0430644j -0.0181809+0.0327619j -0.0345208+0.0445922j -0.0849245-0.0221981j 0.0143831+0.0142045j -0.0554017-0.0209481j 0.0573849+0.00170698j -0.0507988-0.0344011j -0.00195009+0.00119771j -0.00356724+0.0307895j 0.0190067+0.0198942j 0.0122453-0.0170015j 0.0525247-0.0615907j -0.0147911-0.0470864j 0.0240721+0.000528459j -0.0464161+0.016269j -0.0397269-6.77766e-05j -0.0301674+0.0170657j 0.0829449-0.056793j -0.0368638+0.018147j -0.00210879+0.00164172j -0.00482352+0.0167243j 0.110334-0.0619875j 0.0241276-0.0370003j 0.0398016-0.0882505j -0.165645+0.0797295j -0.0503025-0.0581488j -0.0604786+0.0280939j 0.0263332+0.00428677j 0.0200971-0.0179665j 0.0351878-0.068135j 0.0122679-0.00309002j 0.0620635-0.00242269j -0.0371083+0.0884279j -0.0896575+0.111833j -0.0593326+0.0109769j -0.0117286-0.0229154j -0.0776714+0.0898641j 0.0361436-0.0262015j 0.0155469+0.0568774j -0.0307882-0.00128785j -0.0207391+0.0192523j -0.0346063+0.0852047j 0.0342736-0.0191122j -0.000577781+0.0443612j 0.0456772-0.0391823j 0.122177-0.0983719j -0.0849282+0.0355979j 0.0621767-0.0459572j 0.00187147-0.0541728j -0.035069+0.013132j 0.00950327+0.0342897j 0.00864718-0.0600494j -0.0342063+0.0855787j 0.0267271-0.055296j 0.0319743-0.0210952j -0.0269413+0.0621608j 0.0443861-0.0264353j -0.0236885+0.131077j -0.0266939-0.056696j -0.00149101-0.0492986j 0.0223507-0.0180817j 0.00777221-0.0332919j -0.0102092+0.0320538j 0.0240601+0.0266544j 0.0419365+0.0316453j -0.0330431-0.0287619j 0.0253248+0.0557908j -0.0674333-0.0144889j -0.00869997+0.0445511j -0.0637628+0.0328086j -0.0222545-0.0369544j 0.0281906-0.0499541j 0.0295705-0.00842911j -0.0641019+0.0292338j -0.0508444+0.0123706j 0.0230929-0.0242365j -0.0112213-0.0256453j -0.0018995+0.0306729j 0.00396227+0.0324696j -0.0204601+0.0260336j 0.0287567-0.00759198j -0.00694693+0.0343366j 0.0234733-0.0201974j 0.0176861+0.00721339j -0.0436276+0.0196814j -0.0359411-0.00105393j 0.0232562-0.0032718j 0.0475178-0.0135132j -0.00664391+0.00636155j -0.0367586+0.0141664j 0.0361933-0.0285887j -0.066601+0.0285027j 0.0268447+0.00803905j -0.000650427-0.0291248j 0.00466771-0.0179235j 0.012629-0.00734466j 0.0442382-0.00196862j 0.00845933+0.0333964j -0.00547491-0.00113232j -0.0103795+0.0163296j 0.0110513+0.0220314j -0.0072555+0.0262725j 0.0212023-0.0108595j -0.0213876+0.012503j 0.0208701-0.014533j -0.00586009+0.0117782j -0.0064379+0.00618548j 0.0164894+0.0122672j -0.0365355+0.0246351j 0.00327482+0.00248822j -0.00601767+0.0144504j -0.00897614+0.00489892j 0.0195327-0.0118842j 0.000711407-0.0122602j 0.0161927-0.000199944j -0.00253073+0.0195919j 0.0218022+0.0140982j 0.0325562-0.0154834j -0.000939675-0.000258703j -0.00288236+0.0152185j -0.0014656+0.00747786j 0.00406505-0.00305983j 0.0206873+0.024982j 0.00802823-0.00374742j 0.00585441+0.0170454j 0.0164717-0.00508617j 0.00638986+0.00467257j -0.0074861-0.00652535j 0.0162446-0.00762113j 0.00785207-0.00909738j -0.00224801+0.00072936j -0.00897666+0.00160653j 0.0061231-0.0309607j 0.0102562-0.00674106j 0.00302039-0.0126942j 0.00362594-0.0117941j 0.01755-0.00248141j -0.017676-0.006435j 0.00848044+0.00199667j 0.0103657-0.00174047j -0.0115787-0.0095492j -0.00309086-0.0140229j -0.0140047+0.00743469j 0.00575887-0.0144519j -0.0214123-0.00698593j 0.00862899-0.00547536j -0.0126485+0.0113185j 0.00249311-0.0057215j -0.00608988-0.00263039j 0.0151748-0.0010802j 0.00861486-0.0170408j -0.0106382+0.00479392j 0.00726659-0.0108414j -0.00410153+0.00586724j 0.00385627-0.00443167j -0.025414+0.0127184j -0.00503653+0.00196864j 0.0112217+0.00576585j -0.0244312-0.00878091j -0.00211673-0.00287827j -0.012404+0.0108369j 0.0264639+0.00709043j 0.0112742+0.00717244j -0.0234005-0.0335324j -0.0531666+0.0143242j 0.00978429-0.00484522j 0.0108961+0.0192923j -0.00456499-0.0287123j -0.00377648-0.00653661j 
0.068084-0.0200898j -0.0465016-0.0863631j 0.0602074-0.0318274j 0.0438575+0.0620095j 0.0464403-0.0507972j -0.0587127-0.0199354j 0.0242231+0.002189j 0.0342866-0.0141129j 0.0249542-0.00391563j 0.0182801-0.0374673j -0.0357262+0.00448416j 0.0173014-0.0422893j 0.0580296-0.0720527j 0.027196+0.0397219j -0.015684-0.0468497j 0.05599-0.0723322j 0.0674875-0.0190063j 0.0643094-0.0488752j -0.00201094+0.0226356j -0.0409358+0.0542937j -0.0110809-0.00146931j -0.00413578-0.0240626j 0.00940157-0.0254494j -0.0114579-0.0376527j 0.0356998-0.0290267j 0.0410091+0.0430147j -0.0383363+0.0498413j 0.0398474+0.0712279j 0.0594056-0.0280021j 0.0431993-0.0322673j 0.0203441-0.000834996j 0.0560422-0.0109532j 0.044608-0.0570066j -0.0339358-0.0628846j 0.0625951-0.0148274j 0.0120292+0.0486141j -0.00472784-0.0323508j -0.0174625-0.00244853j 0.00507263+0.0208328j -0.0585064+0.0258723j -0.00731568+0.018859j 0.0107308-0.00658258j -0.0306356-0.00725655j 0.0557149-0.00216719j 0.0341692-0.00520327j -0.0188025-0.0187745j -0.0264486-0.0155903j -0.0203885-0.0386766j -0.0530324+0.0199333j -0.0172682+0.0466998j 0.034445+0.00204355j -0.00158369-0.189377j 0.135152-0.0873437j -0.0247433-0.027372j -0.00722315-0.0168316j 0.00801776+0.0718228j 0.0454586+0.0096967j 0.0267544-0.0410615j -0.0292552-0.00118556j -0.103443+0.107099j 0.0292777+0.0586017j -0.0833338+0.0258248j 0.0584914-0.0579497j -0.0890793+0.0322703j -0.000312258+0.0206532j -0.0794504+0.0764027j 0.0364766+0.0171698j 0.0938419-0.14294j -0.0236666+0.019623j 0.0140839-0.051332j -0.0402568+0.026901j -0.0195699+0.0396118j -0.0280171+0.00559586j 0.0349092-0.10834j 0.0101464-0.0528815j -0.0386569-0.0211299j -0.0286615-0.0443123j -0.0551704-0.0772705j 0.0429091+0.00523635j -0.0614702+0.0476121j -0.00945836-0.0378556j -0.0226099+0.0171454j -0.0507101+0.112433j -0.033576-0.0337538j -0.0705528+0.0718498j -0.0163525+0.0333408j 0.0194256-0.00931292j 0.000120373+0.00397586j -0.0174107+0.0610561j -0.0209824+0.0471331j -0.00215544+0.10794j 0.0150208+0.0257491j 0.0147549-0.0255898j 0.0373884-0.0175453j 0.00125002-0.0279421j 0.0355468-0.0236976j -0.0327688-0.0655815j -0.00992117+0.0300483j 0.0147744+0.0264913j -0.123629+0.0197453j -0.0317902-0.0481309j -0.0188535-0.0256451j -0.0106277-0.0589872j 0.0381651+0.034305j -0.0364281+0.00108609j -0.0136059-0.00108393j 0.022837+0.0899672j -0.0109701-0.0164391j -0.044207+0.062604j -0.000473678-0.0130893j 0.0181-0.0212j -0.0230318-0.0355869j 0.0584675-0.0563715j 0.0418269+0.0291511j 0.00660407+0.000672069j 0.039025-0.0077662j 0.00100946-0.0717801j 0.000375625+0.00289001j -0.00751951+0.0167507j -0.0272344+0.00539079j 0.0225819+0.0193356j -0.00106091+0.0485143j 0.027243+0.0202702j 0.00414516+0.0352399j -0.0281757-0.0181866j -0.0191983-0.0104189j -0.0145873-0.0129479j -0.0409639-0.00294238j -0.0145574-0.0235397j -0.00692435+0.0119828j 0.000606622+0.0154107j -0.00585469-0.00015181j -0.0300401+0.0165261j -0.0154459-0.00436158j -0.00115039-0.012179j -0.00168334+0.00834859j -0.0060552+0.00565817j -0.0174046-0.0107154j -0.00525483-0.0153695j -0.0142401+0.00399863j 0.0221495+0.0148498j 0.0225585+8.0732e-05j -0.0023652-0.0049234j 0.00541009-0.000779788j 0.0109378-0.00299361j 0.0108937-0.00291552j 0.000331099+0.0159021j -0.0133235+0.00382383j -0.0133899+0.0105673j -0.00172389+0.00108151j 0.0122759-0.00953698j -0.0201599-0.0081821j -0.0303283-0.000661293j -0.00740695+0.0132952j 0.0160414-0.00140718j 0.0201096+0.0164673j 0.00998542-0.00824757j -0.0113485+0.00149464j -0.000982822+0.00830789j 0.00677079+0.00182898j 0.00561769-0.0106629j 0.00753613+0.00426397j 0.0035821+0.00753695j -0.00714944-0.00161121j 0.0304271-0.00400801j -0.00297026+0.00725961j 0.00903807-0.000747091j 0.0124133-0.0051947j -0.000937468-0.0172229j -0.00826948-0.0293518j 0.0244119+0.00637062j -0.00512004-0.00109222j 0.0284031+0.00881328j -0.0138531+0.00442338j 0.0273987-0.0106169j -0.0378824-0.0146287j -0.024705+0.0122593j 0.0471041-0.00211282j 0.0203402-0.00891398j 0.0125561+0.0320567j 0.0134856-0.0136489j -0.0102558+0.00539306j 0.0146831-0.0122371j -0.00665279-0.00934386j 0.00791794+0.000154637j -0.0142545+0.0343096j 0.0112711-0.00927787j -0.0328893+0.00300661j -0.0112001-0.00711541j 0.027054+0.00739j 0.0194836+0.0223009j -0.0144813-0.0248993j -0.00837454+0.0125796j -0.0020953+0.0147264j 0.0288828-0.0265595j 0.0039919+0.0192954j 
0.0450624-0.00786146j -0.0377533-0.0937292j 0.00855229-0.0291622j 0.00482068+0.0180637j 0.0453759-0.00573587j -0.0680147-0.0348672j -0.00515399+0.0156124j 0.0169459+0.00823814j 0.02189-0.00416017j 0.0335251-0.0437373j -0.0267337+0.0402872j -0.00585788-0.0548791j 0.0137397-0.0385736j 0.0364199+0.0296882j -0.0154396-0.0894843j -0.0571658-0.00654988j -0.0589001+0.0618626j -0.0188473+0.0224329j 0.0346574-0.0167073j -0.0325789-0.0507168j -0.020305-0.0133631j -0.0151042+0.00871866j 0.0426365-0.0411163j 0.0202609-0.0356478j 0.0255498-0.0245295j 0.0221612+0.0164106j -0.0455954+0.0176556j 0.0211664+0.0166932j -0.029727+0.0297038j 0.011993+0.0282082j 0.0244804+0.000646999j 0.0332962-0.0381655j 0.000327176-0.00850863j -0.0305951+0.0541921j 0.0373251-0.0409989j 0.0283191-0.0377522j -0.0115783-0.00219779j -0.0071396-0.00630578j 0.01185-0.00772468j -0.0334044-0.0321022j 0.000317478+0.00632179j 0.00742415-0.0228318j -0.0310866+0.0494306j 0.00124888+0.0144024j 0.0516819-0.0967922j -0.00595531-0.00374044j -0.0205672+0.0461442j -0.021149+0.0648338j -0.000213995-0.039192j -0.00321722-0.00799633j -0.00794987+0.0297464j -0.175085+0.171628j -0.0329954+0.116843j -0.0156998+0.0489885j 0.0390738-0.0921323j 0.0663438-0.139102j 0.0162676-0.0314039j 0.00872429+0.00217818j -0.00644808-0.0690171j 0.0561229+0.0245801j 0.100712-0.0170275j 0.0135219-0.0241702j -0.0633596+0.003821j 0.0375871+0.000914377j 0.0196436+0.0143368j 0.0453927+0.0127994j -0.044032+0.00816226j -0.0681268+0.114986j -0.0309712-0.0531238j -0.0238219+0.0468738j -0.00554537+0.039145j 0.0325053+0.0258706j -0.0236838+0.015123j 0.0221602-0.0578266j 0.0341401-0.0540433j -0.0028718+0.0459025j 0.0166104+0.0474069j -0.00495176-0.0149712j 0.0225211-0.00449459j 0.0325579+0.0336316j -0.0333197-0.0727493j 0.00545596-0.0177366j -0.0381977+0.0171321j -0.0516692-0.0487913j -0.051244+0.0457125j 0.0132129+0.0867643j -0.0109266+0.0592526j 0.0181928+0.0220121j 0.0540337-0.0638622j -0.0166387+0.0436107j -0.00184878+0.0245195j -0.0156109-0.00126354j 0.0088997+0.0419647j 0.0163225+0.0381255j -0.00502295-0.0040638j 0.00130917+0.0491863j -0.0396018+0.00498108j -0.00922262-0.0368474j 0.0209027+0.0391264j -0.0354235-0.0488335j -0.0808543+0.0926033j -0.0135655+0.0538517j -0.0477917-0.0314236j 0.0688338-0.0238099j 0.00156815-0.0195308j 0.0515725-0.0347116j 0.00250838+0.0637745j 0.000435465-0.0501427j 0.00158775-0.0171182j -0.0193013+0.0287981j -0.02165-0.0176742j -0.0132174+0.0459773j 0.003227+0.0109497j 0.0480677-0.0129379j -0.00466678-0.0303665j 0.00657469-0.0292008j 0.00110549+0.00771672j -0.0479734+0.00171023j 0.0286528+0.0587013j -0.054788+0.0132334j -0.0148573+0.0297453j 0.00799013+0.0079641j 0.0334269-0.0119241j 0.0205557+0.00633607j -0.017781-0.00307883j -0.0187098+0.0101052j 0.0144608+0.0124959j -0.016172+0.0127002j -0.0019367+0.0123769j -0.000974309-0.0050155j -0.00321766-0.0133347j -0.0122778-0.0363607j -0.00322154+0.019343j 0.00175725+0.00968973j -0.0239769-0.00508342j 0.0171373-0.00146832j -0.019461+0.0093766j -0.00252033+3.37289e-05j -0.0109119+0.00674622j -0.0192751+0.00583532j 0.0166694-0.00999293j 0.00825786-0.00710822j 0.00741941-0.00608153j 0.0018692-0.00424344j -0.00447631+0.005836j 0.00134887+0.000802087j 0.0147929+0.019581j -0.00696579+0.0087412j -0.00112748-0.00606109j -0.00295379+0.00619576j -0.00932042+0.00407204j -0.0120567-0.00512832j -0.0223969-0.00556769j -0.00100487+0.00880383j 0.0213721-0.0136291j 0.00865777+0.00639662j -0.00502955+0.00787084j -0.0026365+0.0057349j 0.0178114+0.0168738j -0.00809784-0.00150233j -0.0120786-0.00640213j 0.013498-0.0128677j -0.000975652+0.00847632j -0.00245484+0.00372821j 0.00984203-0.00158663j 0.0014503-0.00260698j -0.00514835+0.00297988j 0.0205503-5.29583e-05j -0.000578127+0.00381486j -0.00344621+0.00924894j 0.000251375+0.0233635j -0.00665227+0.0150369j -0.0057765+0.00467738j -0.0215982+0.00855768j 0.00482686-0.00287293j -0.0134252-0.000573274j -0.00353652-0.00775789j 0.0117298-0.00501242j -0.0144111+0.01169j 0.0160208+0.0135103j 0.00526611+0.0114118j 0.0260916+0.000862973j -0.00437167+0.00171565j 0.00224881-0.00598813j 0.0368267-0.0276599j -0.00979644+0.0240603j 0.0072392-0.0395725j -0.0184385+0.00764671j -0.0187905+0.00893317j 0.0148926+0.00873416j 0.0127869+0.0004977j 0.0145934-0.0125311j -0.0250278+0.00260487j 0.0235692+0.0204989j 0.0166746-0.011591j 0.00521102+0.0245366j 
0.0733867+0.00157833j -0.0334726-0.0707705j 0.0567732-0.0227879j -0.00700744-0.0193824j 0.0820417+0.00686618j -0.013493-0.0108997j -0.0193741+0.00500311j 0.0139618-0.00905127j 0.0215594+0.021937j 0.0371424-0.0699884j -0.0178451+0.0207327j 0.0411447-0.0312868j -0.0302048-0.0214066j -0.0292114+0.0872789j 0.0329333+0.0135407j -0.000778908+0.00321979j 0.0468924-0.00118844j 0.0423956-0.0198184j 0.020503-0.0145848j 0.023156-0.0296339j 0.00918081+0.0125978j 0.0167881+0.00855383j -0.0271496+0.0371072j 0.0163533-0.00357735j -0.0379591+0.0043907j 0.024099-0.0114658j 0.0117778-0.046137j 0.00606631+0.0349701j -0.0245726-0.0145771j 0.0195976-0.0302486j -0.057834+0.0184119j 0.00849739-0.0178965j -0.0454479+0.0359462j 0.0464723+0.0440836j -0.0535045-0.0676774j 0.0218682-0.00826495j -0.0181206+0.0621294j 0.0230133-0.0313302j 0.0451211-0.0335695j -0.00109372+0.0317067j -0.0351114+0.0196551j -0.0139699-0.010071j 0.000510085+0.0515086j 0.0299022-0.0328748j -0.0409767-0.0130162j 0.0344198-0.0377925j 0.0368247-0.0396256j 0.0226186+0.0554104j -0.0606823+0.0398683j 0.0263386+0.063413j -0.0547277-0.0298459j 0.0296799+0.0483109j 0.113639-0.141698j 0.0160955+0.0916662j -0.0728621+0.020405j -0.099615+0.0249512j 0.0696832-0.0714512j 0.0700866-0.0374863j -0.0380529-0.082301j 0.109266-0.132749j 0.00496867-0.0037264j 0.0267281-0.0851587j -0.100741+0.0598616j -0.020188-0.0318262j 0.0535496-0.0508854j -0.05706+0.055555j -0.0364449+0.0710691j 0.0693498-0.0706354j -0.0529058+0.0397754j -0.0201004-0.0143281j 0.0393581-0.0385437j -0.00136897+0.0395735j 0.013575-0.0460429j -6.41049e-05-0.079086j -0.0224012+0.0394769j -0.0363149-0.00224602j 0.0341302-0.0184561j -0.0695228+0.0439294j 0.036352-0.0197051j -0.00951133+0.0176345j 0.009682-0.0450267j 0.00653589-0.0533202j 0.0325488-0.0464378j 0.00473243-0.0266784j -0.0238404+0.014476j 0.0395461+0.10255j -0.0217158+0.0913025j -0.0184881+0.0368752j -0.010336-0.0323286j 0.00462148+0.0158013j -0.0424159-0.0142932j 0.0252173-0.0795036j 0.0055679+0.0440854j -0.0268257+0.0579629j -0.012948-0.0324214j 0.0422054-0.119431j -0.0290162-0.0136166j -0.00969364-0.0209107j 0.0199319+0.0338719j -0.0904773+0.0269778j -0.0154682-0.0147729j 0.0120442+0.0251348j 0.0161964-0.0136788j 0.010423-0.00196463j 0.0261401-0.006159j -0.0118425-0.0242656j -0.00255703+0.0201769j 2.81222e-05+0.00816346j -0.0538758+0.00462935j 0.0127516+0.0161512j -0.0219574-0.00151036j 0.023027+0.0075457j -0.0220903+0.0234896j -0.015991-0.0352748j -0.0318741+0.0446636j -0.00429453-0.0312407j 0.0434912-0.032525j -0.000348578-0.0101519j 0.0117363-0.0266393j -0.0125959+0.0109484j 0.0324254+0.00986554j 0.0320931+0.0140458j 0.0045683-0.0204565j 0.0474029-0.051304j 0.0132583+0.0109028j 0.0238875+0.023139j 0.0228327-0.00312537j 0.0311435+0.0286386j 0.0133306-0.0136783j -0.0188598+0.00544486j -0.0425146+0.004082j 0.00334074-0.0266609j -0.00215935-0.00505765j 0.0108869-0.0157208j -0.00625233+0.0180854j -0.0197911-0.00825234j 0.0168953-0.00300179j -0.0196884+0.00874917j -0.00280141+0.00234647j 0.0034457+0.00311641j -0.0212775-0.010059j 0.0119183-0.00619545j 0.00245508-0.00663249j -0.0203228+0.0263861j 0.0174137-0.00178073j 0.0126159-0.00268478j 0.0157182+0.0056819j 0.00278864+0.00415779j -0.00662287+0.00637797j 0.0143819+0.0032893j 0.0118493+0.00285332j -0.00373111+0.00845731j 0.00297461-0.00877934j -0.00427162+0.00814054j 0.0114-0.017978j 0.0129873-0.00494355j 0.0128474-0.0027818j -0.0113077-0.0028711j 0.0212418-0.00577709j 0.0020816-0.00779291j -0.0295103+0.0104411j 0.00199316-0.0256982j 0.00453664-0.0044856j 0.0219503-0.00843582j 0.0073609-0.00589756j -0.00425512+0.00435832j -0.00582133-0.00396974j -0.0256587+0.0012925j 0.00712742+0.0114142j -0.0180058+0.00474143j -0.0159702+0.0066704j -0.00672083-0.000694681j 0.0123009-0.0138295j -0.0164551-0.0134667j 0.0111077-0.00145617j -0.000647502-0.00258312j -0.00669209+0.0321947j -0.003095+0.00022217j -0.00078791-0.00939667j -0.0142561+0.0109482j -0.00535338+0.00836539j 0.0172941+0.00429345j 0.00503408-0.00538272j 0.0487819-0.0352687j 0.000133249-0.0040579j -0.0308452-0.00225636j -0.0300344-0.0178813j 0.00405674-0.0138606j 0.0119748+0.00526522j 0.00179127+0.0064214j -0.0157192-0.0217949j -0.0574932-0.00315172j -0.0165844-0.0080782j 0.0126293+0.0105796j 0.00276962-0.0186966j 0.00721363+0.0223602j 
-0.0236853-0.126117j -0.119888-0.00819004j 0.0539788+0.0275822j 0.0474613+0.0160412j 0.0400091-0.0229079j -0.089097+0.0353993j 0.00563002+0.0114161j 0.0108366+0.00539809j 0.00802185-0.0147665j 0.00732671-0.00604266j 0.0162443-0.0408206j 0.019508-0.0298827j -0.00187785-0.021672j -0.0223523+0.0242077j -0.0137631-0.0474773j 0.0273277-0.0832841j 0.0206823+1.21497e-05j -0.00958142+0.0703173j 0.0286239-0.0100388j 0.0393224-0.00288791j 0.00635935-0.0207109j 0.0080935-0.00840364j 0.00327808+0.0134262j 0.0321382-0.0381312j -0.0284756+0.0371658j 0.0327834-0.0136642j 0.0166671-0.0411935j 0.0246628-0.046829j -0.00650158+0.00584942j -0.0382287+0.14642j -0.0158446-0.0115084j -0.0172019+0.00363676j -0.00759778+0.0151448j 0.0219533-0.0692926j -0.072374+0.0515161j 0.0251428-0.00194286j 0.0507251-0.0279293j -0.0165545-0.000349615j -0.0351118-0.0238771j 0.022922-0.0368172j 0.0141768+0.0400547j -0.0142088+0.00602479j 0.0279841-0.0678882j -0.045731-0.031502j -0.0250094+0.0355446j 0.0119493+0.0214896j 0.00104492+0.0113591j 0.0718414-0.0461664j 0.022016-0.00636816j 0.0357552-0.0439017j -0.0715865+0.100713j 0.0168689-0.00472487j -0.0640735+0.081408j 0.0622813-0.0877529j -0.0268919-0.00158974j -0.071794+0.0256509j -0.0921439+0.0422363j 0.0187337-0.0467907j -0.0102628+0.011667j 0.0198027+0.0147138j 0.121654-0.0720064j -0.0159427-0.0571682j 9.54428e-05-0.0129702j -0.0369691+0.00413196j 0.0675331+0.00519313j -0.0212746+0.00216216j 0.107969+0.0379622j 0.102611-0.0924911j -0.0147041+0.083322j 0.0247169-0.00555684j -0.00697969-0.0209789j 0.0489726+0.000915447j 0.0109394-0.0510068j -0.0756853+0.0117746j -0.00312777-0.182226j -0.0209273+0.0380035j -0.0127155-0.0144742j -0.0554945+0.0221973j 0.0380097-0.0130801j 0.00706908+0.0354247j -0.0378098-0.0173537j -0.00886875-0.0552456j 0.0155445-0.0246829j -0.0266148+0.0050242j -0.00387527-0.010934j 0.0436233-0.0749816j 0.0326964+0.0795598j 0.0337891+0.0312982j 0.0267792+0.0241217j 0.00900542-0.0157562j 0.015127+0.0756841j -0.0284449-0.00342338j 0.0408464+0.0659167j -0.0138827+0.00422227j -0.00762682+0.076559j 0.0174944+0.00346998j -0.0502141+0.0477688j 0.00993137-0.0245276j -0.00634435-0.013975j 0.0232541+0.00554136j 0.0306631+0.0127096j -0.0492755+0.0704451j -0.0219417-0.0224991j -0.00963333+0.0153337j 0.0421105-0.00338886j 0.0660958-0.0530973j -0.00642734-0.0231717j 0.0352193+0.00818432j 0.0126001-0.00171914j 0.00534966+0.0143798j 0.0162187+0.0334267j 0.0700989-0.00282852j 0.00451377-0.0298495j -0.0143709+0.0251189j 0.0164877-8.20654e-05j 0.0137837+0.0122824j 0.0150795+0.000818568j -0.00223274+0.00392056j -0.0300874+0.0195805j 0.00498147+0.0168623j -0.0318566+0.0100117j -0.0320785-0.0153803j -0.00336769-0.00581223j 0.00196835+0.00476848j 0.0532979+0.012246j 0.0275261-0.043271j -0.0254864+0.00109363j 0.0748682-0.0185388j 0.017929-0.00580159j -0.0128676+0.038416j -0.0145485+0.0157108j -0.0411744-0.00437784j 0.00264206-0.0122115j -0.0305622+0.00103223j 0.0203468+0.00340498j -0.0279205+0.0199167j -0.0197665+0.00262741j -0.00228326+0.0110397j 0.00695559+0.0198711j -0.00796977-0.00845838j 0.0320326+0.0188465j 0.0161991-0.00798238j 0.00985821+0.00297299j -0.0040416-0.0116684j 0.0600577+0.00516436j -0.0064038+0.000534825j 0.0179021+0.0114953j 0.0209572+0.00966949j 0.0104472-0.00173169j 0.00573909-0.0424971j -0.00525758-0.0263853j -0.0134177-0.00271752j -0.0291273+0.00150079j 0.0246784+0.00691038j -0.0119677-0.00103844j 0.0475023+0.0165175j 0.0109455+0.0118077j -0.0052408-0.000216478j 0.00112593-0.00856834j -0.0170221+0.0105514j 0.00122797+0.0122629j -0.00360715-0.00103274j -0.00141252+0.013887j -0.000181758+0.00590292j 0.0180695+0.00177285j 0.00840523+0.0117142j 0.00389824+0.0238055j 0.0286561+0.0341659j -0.0271956-0.0302077j 0.00794536-0.00322317j 0.0217602+0.0256451j -0.025089+0.000112738j 0.010701+0.0137997j -0.0452463+0.0252159j -0.00653569-0.00153177j -0.0423886+0.0107815j -0.0137098+0.00594009j -0.00274342+0.00218918j 0.000194584+0.0203569j 0.00212508+0.0246785j -0.00481445+0.00208783j 0.0318779-0.050641j -0.00069176+0.00848162j -0.0267951-0.0268618j -0.00549723+0.00225799j -0.0185053+0.0186378j 0.00365472+0.00587883j 0.00511117+0.0416828j 0.042457-0.00872926j 0.0391164-0.0052893j -0.0286768-0.0100619j 0.00252545+0.019215j -0.000533536+0.0407971j 0.0368535-0.029502j -0.0191426-0.0209581j 0.0125711-0.0139231j 
-0.052505-0.0771094j -0.0270136+0.0546291j 0.00273569+0.00821147j -0.0152691+0.0160306j 0.0200068-0.042201j 0.0208152-0.00964505j 0.0264911-0.0182332j 0.00479426+0.0069588j 0.0283299+0.000211876j -0.00463291+0.0480435j -0.0456232+0.0103649j 0.0394578+0.0247119j 0.00891803+0.0278538j -0.0284681+0.022977j -0.042353+0.00707958j -0.0256814+0.00107777j 0.0657471+0.0127581j -0.0275706+0.0147287j 0.0311538-0.0541881j 0.00348416+0.0366585j -0.061179+0.00487547j -0.00687783-0.011685j 0.0136547-0.0358979j 0.0300009-0.0499281j 0.0860201+0.0271253j -0.00857343+0.0416227j -0.0730889+0.0767853j -0.0461662-0.0290253j -0.0132665-0.00406656j 0.0827131-0.0245865j -0.0558629-0.0174256j 0.0561938-0.0322523j 0.0154381-0.0267623j -0.0816295+0.136949j -0.00899091-0.0531479j 0.0295128-0.0211752j 0.0104931+0.0290913j 0.00797755+0.0249797j 0.0198608+0.0688631j -0.0443742+0.0533839j 0.0132485-0.00790364j -0.00473421-0.0152318j -0.0927849+0.101508j -0.0101861-0.00600421j 0.0114934-0.00128503j -0.0143534-0.0252113j -0.00194206+0.025149j -0.0751045+0.0317725j -0.0110466+0.0422951j -0.00587308-0.015991j 0.025467-0.0328324j -0.0505527+0.0756857j 0.0894506+0.0130782j -0.12509+0.114601j 0.0430896-0.0667689j -0.0117303-0.0430115j 0.00615504-0.0165432j 0.00993362+0.0278056j -0.00860515+0.00950426j 0.045576-0.024571j -0.0115136-0.064097j 0.0470178+0.0571205j -0.00831866+0.0153472j 0.030536-0.0470761j 0.013891-0.0112402j 0.00630385-0.00407744j 0.0596252-0.0825931j 0.0654164+0.00330925j 0.0325162+0.0344081j 0.0346367-0.035193j 0.00712337+0.0208586j -0.0477177+0.0285877j -0.0560913+0.0362969j 0.0463939-0.037709j -0.03963-0.0247713j -0.0128813+0.0663557j -0.0392543-0.0150434j -0.0177195+0.0229184j 0.0285572-0.0319124j 0.0178621-0.126968j -0.0492902+0.0201469j 0.00281369+0.00545789j -0.0391739+0.0425895j 0.0229388+0.0444863j -0.0378966+0.055274j -0.0343089+0.0359777j 0.0376882+0.0647941j 0.025792+0.0201555j 0.0418085+0.0187381j -0.0707202+0.0463318j 0.018922-0.01674j -0.00579708+0.0109276j 0.0468876-0.043149j -0.00732453-0.0646365j 0.0474533+0.0635909j 0.0180789-0.0146071j 0.0397907+0.0290774j -0.0257677+0.0209077j -0.0309799+0.0406574j -0.0106327-0.0351506j -0.0278351+0.117726j 0.0277579-0.0224585j -0.012062-0.0308111j 0.00434689-0.0536882j -0.0145028+0.0402771j 0.0295919-0.011565j 0.00177866+0.0130677j 0.035075-0.0501076j -0.00362175+0.0107599j -0.0239807-0.0216442j -0.0112718-0.0368902j 0.0245134+0.0199953j -0.0379326-0.0127608j 0.0202198+0.0180202j 0.00735936-0.0221627j 0.0463796+0.0312961j -9.24166e-06+0.0249129j 0.0431286-0.00698251j -0.00520452-0.0355739j 0.0119599-0.00248688j 0.0149608-0.0198842j -0.0148669-0.0138711j -0.00493149+0.00608108j 0.0319019+0.0104033j 0.00315226+0.0260132j -0.0248178+0.0316234j -0.0364396+0.0156541j -0.0111246+0.0237389j 0.00991485+0.0121257j -0.000554001-0.0108897j 0.0201133-0.00618922j -0.00818986+0.006821j 0.0273739-0.00859176j -0.024112+0.0192361j 0.0152112+0.0217143j -0.0295462-0.00261534j 0.0140648+0.0187816j -0.00365561-0.0291724j 0.00304929-0.0116909j 0.0121221+0.00299027j 0.0439664-0.0209417j -0.000501635+0.00737006j -0.00524047-0.00103824j -0.0275922-0.0135804j 0.0422753-0.00294208j -0.00583848+0.0148825j -0.00999755+0.00576401j 0.013829+0.00126635j 0.0253879-0.0024988j -0.0432931+0.0203572j -0.0189545+0.013411j 0.00147026-0.0114531j 0.0305552-0.00710477j 0.00976457-0.00604305j 0.0133648-0.0159758j 0.0358807+0.00207811j 0.0108009+0.00238385j 0.0124668-0.0124993j -0.00314824-0.0121091j 0.0143128+0.0093244j 0.0190762+0.00170749j 0.00613009+0.00257235j 0.00472757+0.0159171j 0.00462189-0.00449937j -0.00268503+0.0124679j 0.00558659+0.00271151j 0.0238789+0.0107388j 0.00145936+0.0123398j -0.00990755-0.00456329j 0.012233+0.0199114j 0.0373929-0.00101164j 0.0170765+0.00602943j 0.00231227+0.00918244j -0.00125306+0.0260552j 0.0042627+0.000759784j -0.0279298+0.0248315j -0.0104046-0.0205261j 0.0136344-0.00562058j 0.0198873-0.00411963j 0.0233089-0.00565753j -0.0125006-0.00164134j -0.00881599-0.0185139j 0.0297403-0.0165293j 8.72837e-05+0.0264438j 0.0321675-0.0190928j 0.00499186-0.00215235j 0.0165653+0.0157852j 0.0223663-0.0101017j -0.0167565+0.00201576j 0.0128287-0.0023805j -0.014041+0.00447424j 0.00163117+0.00943381j 0.0442152-0.00245834j -0.0239231+0.0172999j -0.0104346-0.02354j 0.00710863-0.018336j 
-0.0617947-0.0110082j -0.00545423+0.026926j -0.00150762-0.026212j 0.0240129+0.0372275j -0.156214-0.0523457j -0.0672709+0.00287947j 0.044239+0.0277628j 0.0406398-0.0450794j 0.0210573+0.0599788j -0.033884+0.000761786j -0.0881963+0.0249645j -0.00207516+0.0156196j -0.0454253-0.0216792j -0.0375982-0.0286385j 0.0101409+0.052747j 0.0842454-0.0817041j -0.0335564-0.034091j 0.108427-0.0184321j 0.0616851-0.0915293j 0.0735241-0.0749178j -0.015016+0.0705491j -0.0156392+0.0109632j -0.0177774+0.0603966j -0.00831101-0.0672242j -0.0354254-0.029607j 0.00791153-0.0440195j 0.00914261-0.0204755j 0.0354765+0.00466573j 0.009257-0.00847167j 0.00604366-0.0237421j 0.0462186+0.0672089j -0.0134864+0.00611774j 0.00185261-0.0833182j 0.0654911-0.0181854j 0.0264843-0.00276939j 0.0178994-0.0173665j 0.0386209-0.0837422j 0.0591155-0.0249219j 0.0674015-0.0525502j 0.0233711+0.0150705j -0.0325311+0.0169134j 0.0140398+0.037997j 0.0184827-0.0014728j 0.0354398-0.00880208j 0.0301145-0.0335489j 0.00472407+0.0232943j 0.0174343-0.0160994j -0.0365806+0.0231201j -0.000847348-0.0350971j -0.0669192+0.0353449j 0.0449431+0.00796444j 0.0116898+0.066424j 0.0126837-0.0494776j 0.0428583+0.0877419j 0.0152778+0.0242773j -0.0174893+0.0250839j 0.0695671-0.0276161j 0.00740897-0.0168056j 0.115599-0.0218277j 0.00384664+0.0304366j -0.0725647+0.0935987j 0.114851-0.0364439j 0.0794111-0.0368244j 0.0149096-0.072403j 0.0519278-0.0620733j -0.0264188+0.0183062j 0.00858849+0.0200099j 0.0515741-0.0112434j -0.00339133+0.0523073j 0.00897561+0.0255584j 0.015779-0.0229962j 0.00894529-0.0614704j 0.0385715-0.0862854j -0.0366159+0.0268488j -0.0762341+0.0629248j -0.0241518-0.0245616j -0.157895+0.0010955j -0.00348989+0.0858582j -0.00767444-0.0510078j -0.0802437+0.048562j -0.0168322-0.0133828j 0.0144265-0.0270823j 0.0248219-0.0301803j 0.0277378+0.0458831j 0.0537925+0.0631287j -0.00869925-0.0492397j 0.062095+0.0370479j 0.0151742+0.0131959j -0.00801222+0.00628055j -0.0564667+0.0271968j 0.0575226-0.00948528j 0.011855-0.0266142j 0.037536-0.00275525j -0.00911784+0.00367322j 0.0427313-0.00309645j -0.0127332-0.0240374j -0.00471845+0.00261215j -0.0127925-0.0199359j 0.000769991+0.0392188j 0.0547024+0.0366668j 0.0360084-0.0121432j -0.0294137+0.0116562j 0.0163589+0.0112603j 0.00429099-0.00612896j -0.0340646+0.0514796j -0.0196948-0.00373016j -0.0143207-0.0168366j 0.0256655-0.0100038j 0.00787792-0.0167615j -0.064965+0.0480485j -0.0184456+0.0136143j 0.00214723-0.00872487j 0.0236882+0.00449498j 0.0278265-0.0159894j -0.0292811+0.0224743j 0.0233702+0.00641066j -0.00130078+0.0096409j 0.0317589-0.0383669j -0.0304813-0.00686157j -0.0212239+0.015336j -0.00876039+0.0266167j -0.00730621+0.00208407j 0.0391372-0.0126213j 0.0221054-0.0347379j 0.0370653+0.0277982j -0.00562879+0.0327411j -0.00866854+0.0248652j 0.0376194+0.0278606j 0.0223489+0.00819649j -0.00476541-0.00668327j 0.0333859+0.0115647j -0.00440582-0.0116527j -0.00114259-0.00350388j 0.00874635-0.000519242j -0.00928596-0.0190694j 0.0249182+0.0350932j -0.0159797-0.000904476j 0.00513486+0.00850356j -0.0182123+0.0065809j -0.0098083-0.026627j 0.017993+0.00101424j 0.00793487-0.00664488j -0.00679136+0.0130848j -0.00339266+0.0121383j 0.0108883-0.0252787j 0.0171541+0.00719798j 0.00276991+0.00715762j 0.00627129-0.00714131j -0.0163599-0.0078203j -0.004979+0.0204019j 0.00762269-0.00563j -0.0107789-0.0120683j -0.0352505-0.0355643j -0.000973606-0.0106381j -0.00748133-0.00898191j 0.0162147-0.0252947j 0.00319277-0.00929173j 0.0199628-0.00331771j 0.00129784-0.0124729j -0.0182052-0.0216137j -0.00252896+0.012597j -0.0104079-0.00234597j -0.00362521+0.00638789j -0.0232959-0.0222468j -0.000290679+0.00961588j 0.00204772-0.00312502j 0.00621691-0.0176352j 0.0060965-0.00510867j 0.00740924-0.00746648j 0.0116864+0.0160532j 0.0162197-0.000567118j -0.0166118+0.0122927j 0.00264139+0.00104326j 0.0134012+0.0373794j 0.0288968-0.0168444j 0.0115058+0.0194939j -0.0102918+0.0158486j -4.47433e-05-0.0158559j -0.0079246+0.00369866j 0.0325326-0.00332849j 0.0316351-0.0147196j -0.0122928-0.00376955j 0.0183507-0.00914149j 0.00785234-0.00966975j 0.00036927+0.0118943j 0.00495266+0.00177968j 0.0415139-0.0299372j 0.00281697-0.0263454j -0.0165304+0.0097986j 0.00386294-0.0195906j 0.0290961+0.000760055j 0.0198786+0.00952202j -0.00207867-0.0319371j 0.0333705+0.0131033j -0.00324775+0.00335189j -0.0280641+0.00278346j 
0.0307671-0.0456605j 0.0343175-0.0114859j -0.121814-0.101018j -0.0317366+0.0565753j 0.0040968+0.0842915j 0.0556512-0.0234279j -0.0406837+0.00173435j 0.00204005-0.00330821j 0.00616069-0.0707473j 0.0497807+0.0183252j 0.0118922-0.00768585j 0.0311733-0.0154275j -0.0102242-0.00743593j 0.05168-0.124303j -0.0106767-0.0469665j 0.030355-0.0671601j -0.00705922-0.0525919j -0.0259956-0.0293494j -0.00791675-0.00791305j 0.0632892-0.0151631j -0.018041-0.0498491j -0.0539153-0.023534j -0.0168424-0.0568329j -0.0570106-0.0158204j 0.0213919+0.0591268j 0.0540881-0.0414686j 0.0468765+0.0057698j 0.0418693-0.111084j -0.0601891+0.0346848j 0.00128986+0.0214821j 0.03795-0.0569129j 0.142517+0.00841826j -0.00664227+0.0483289j 0.00300141+0.0382709j -0.0121932+0.0359762j 0.0222235-0.0125063j 0.0451604-0.0186858j 0.00789589-0.0237913j 0.0425947-0.0301519j -0.00233187-0.0330525j 0.0171596+0.0280599j -0.0276893-0.0206204j -0.00899267+0.019719j -0.0119933-0.0518617j -0.0284641+0.046105j -0.0468238-0.0289676j -0.0559444+0.0348184j -0.0448298+0.0802041j -0.0447558-0.00549338j 0.0496412-0.0819862j 0.0381353-0.0515825j -0.00225507+0.026446j 0.0332323+0.0072645j 0.0280039-0.0336957j -0.0424676-0.0185602j 0.0215606+0.0720446j 0.018057+0.0126938j 0.0421938-0.0660009j -0.0280187+0.0261023j -0.0181412+0.0172013j 0.0188904+0.0269024j 0.0108643-0.087284j -0.0241905-0.00221651j -0.00322614+0.0202343j -0.049623+0.0279799j -0.00426952+0.0108003j -0.047273+0.0656456j -0.00873233+0.025104j -0.0131014+0.0225875j -0.0151343+0.0165564j -0.0162173+0.0127844j -0.0448548+0.00245757j 0.0397669+0.016523j 0.0898602-0.0402426j 0.0247976+0.0356413j 0.0361191+0.000225191j -0.0388159+0.0784704j 0.0331386-0.0561078j 0.00306033+0.000893546j -0.0318429+0.0840441j 0.0212462-0.0684014j 0.0292789-0.0305668j 0.0181315+0.0188069j 0.0632883-0.0904156j 0.0382688+0.0019923j -0.0256217+0.0612938j -0.0201309+0.00591014j -0.00825734+0.0238972j 0.00290426+0.034447j -0.00362858-0.0349609j -0.0153536+0.00390211j 0.0371443-0.0356511j -0.0150169+0.0137454j 0.0202547+0.0241588j -0.0149099+0.0395028j -0.0562558+0.0403252j -0.0350632-0.010332j -0.00526756-0.000775122j 0.0439124+0.0199259j -0.0846364-0.0488312j -0.035185+0.00977734j 0.0466066+0.0536818j -0.00153651-0.00776194j -0.0294717+0.0299243j -0.0290747-0.0110183j -0.0242632+0.0270363j 0.0197703-0.0156914j -0.0174095-0.0018633j 0.0462137-0.0417035j -0.0223523+0.0279594j 0.00382727+0.00989428j -0.0197414-0.0544409j -0.00193096-0.00772681j 0.0329556-0.00471441j 0.00653707-0.038428j 0.0250281-0.0167913j -0.0316754+0.0156447j -0.0265678-0.00630691j 0.0130743+0.0297822j -0.00680718-0.0177953j 0.0553906-0.0412159j 0.0467431-0.0198192j -0.00546141+0.0254792j -0.0527151+0.00182563j 0.0089335-0.0256969j 0.00881315-0.0272313j -0.0183442-0.0159345j 0.013972-0.0135444j 0.00277737-0.00156673j -0.000454663-0.0124827j 0.026799+0.00555698j -0.00121163-0.000405917j 0.0253973+0.00858179j 0.0210977-0.00952434j 0.0144116+0.00657338j -0.0264265+0.00187596j 0.00958047-0.0132693j -0.00749533-0.0047958j -0.00599352-0.000348586j -0.00255753-0.00345202j 0.000455003+0.0139688j -0.0115083+0.0046515j -0.0100922+0.0160307j 0.00192712-0.013026j -0.00531703-0.00736276j -0.0046689-0.0154796j -0.00526869-0.0119466j -0.0163963+0.00291649j 0.0150386+0.00550177j 0.0239385-0.0236285j 0.00137258-0.0233173j 0.00417737-0.00440013j 0.0329377+0.0304069j -0.016443-0.00992557j -0.000351249+0.00442219j -0.0117553+0.0119096j 0.00609949+0.0165541j -0.0118516+0.00285202j -0.00611009-0.00747782j -0.00356039+0.0232982j 0.00910299-0.000105973j -0.00299511+0.00135716j -0.00599317+0.013356j 0.0152347+0.00675426j 0.00411841-0.000978088j 0.00537386+0.00341277j 0.00512652+0.00691359j -0.0175223-0.026792j 0.0248768-0.0198596j 0.0135712-0.00842724j -0.0250097+0.012847j -0.00657371+0.0120179j 0.00382928-0.00238917j 0.0039855+0.00939849j 0.0155206-0.00235419j 0.0388275-0.0242549j -0.00303687-0.00431597j 0.0102199+0.0203727j -0.0032169+0.024581j -0.0324408-0.00610514j -0.0122166+0.0027299j -0.0037777+0.0133664j 0.00967443+0.0111465j 0.0311707-0.00413963j 0.0273459+0.0195047j 0.00531054-0.00818846j -0.0100218+0.00801299j -0.0220773-0.00532111j -0.0417176+0.0126391j -0.0379533+0.0231858j 0.0484709-0.00080409j -0.00070536+0.00512703j -0.0110376+0.00295455j -0.0190125-0.0162464j -0.0504198-0.00568921j 0.0402275+0.016522j 
0.0179291-0.0242333j -0.0823947-0.101703j 0.0228176+0.0264132j -0.0149676-0.0143945j 0.0661566+0.104282j 0.0470154-0.097909j -0.0552995-0.00959996j -0.000230933+0.0355996j -0.00315748-0.0409196j 0.132894-0.0833452j 0.0325164-0.0118372j -0.00743151-0.0237559j 0.0344221-0.0913073j 0.0930833-0.0274606j -0.104177+0.0371339j -0.153721+0.0319721j -0.0424289-0.0373423j 0.108236-0.0734621j -0.0670939-0.0357366j -0.0354016+0.0275218j 0.00561607-0.00241148j 2.81586e-06-0.00948963j 0.0990853-0.0734181j -0.144097-0.0161178j -0.0187616+0.0399315j -0.0477106+0.0476149j 0.0391283+0.0518502j 0.0126432-0.0544789j 0.0514152-0.0616121j 0.0904645-0.0919029j 0.0390661-0.0366694j -0.0157544-0.0254958j 0.0137038-0.00426132j -0.0367464-0.0228592j -0.0461469+0.00554816j -0.0133842-0.0148083j 0.0133492-0.0420023j -0.00251195+0.00698983j 0.0141145+0.00354152j -0.0303078+0.021776j 0.0746537+0.0280749j -0.00171176+0.00131046j -0.00205753+0.0122838j -0.0495731+0.0109258j 0.00160875-0.0232125j 0.00091194-0.0210675j -0.00149059-0.0107219j -0.0270173-0.00363379j -0.0569995+0.0488756j 0.00485907+0.0215677j 0.0146248-0.0198696j -0.0218398+0.00273211j -0.0367425+0.0253425j -0.0103821-0.0532727j 0.0139903-0.00450373j -0.0329829+0.020361j -0.0214785-0.0239989j 0.0634691-0.0338592j -0.0176698-0.0227383j -0.0503619+0.0503336j 0.0494097-0.0248245j 0.0359555-0.0476111j -0.0271244+0.0133463j -0.0408972+0.0184822j 0.0329309-0.0238247j 0.0248663-0.0191759j 0.000270309+0.0416708j -0.0294003+0.0419909j 0.0301793-0.00102632j -0.0150729+0.00434876j 0.0185854-0.0176372j 0.0461275-0.0243467j -0.0468987+0.0560553j 0.0155481-0.0530928j -0.0529236+0.0882908j 0.0158649+0.0296176j -0.0361232+0.0259194j -0.0350008-0.0197938j 0.0499891-0.00282674j -0.0155816+0.0299555j -0.0154356+0.00500825j -0.0214388+0.0308522j -0.028748+0.0613067j -0.0165241+0.0248823j -0.0223159+0.00954187j -0.0406715+0.0481525j 0.0460327-0.0105361j 0.0140738+0.0210303j -0.0231132+0.0190817j 0.0192086-0.0309372j 0.0315086+0.0130366j -0.021838+0.034063j 0.0244354+0.0291289j 0.0451008+0.0453182j 0.0135722-0.00961018j 0.0142855+0.0203089j 0.00641842-0.0386152j -0.00960018-0.028464j -0.000177944+0.00811473j -0.101558+0.0135049j -0.0040324-0.0137825j 0.0440399+0.0841567j -0.0393424+0.0082613j 0.0012505-0.00342795j 0.0342302+0.0193342j 0.0576205+0.0691445j 9.51716e-05-0.0308171j -0.0162211+0.0298155j 0.0152526-0.0206218j -0.0550954+0.0678897j -0.00104276+0.0139168j 0.0321775+0.00597575j 0.0298474-0.0436311j 0.0703448+0.0225045j 0.0105736+0.00877341j -0.00860628+0.00271903j 0.0399011+0.0294755j -0.0827685-0.0363945j 0.0131859+0.0375765j -0.0545963+0.0359686j -0.0507899+0.0241542j -0.0344754-0.00268653j 0.0480646-0.00210301j -0.014932-0.00129455j 0.0251978-0.0124076j -0.0105821-0.0111951j 0.0253167+0.0265439j -0.000325267+0.00284902j 0.0100252+0.00332891j -0.00699113+0.0238767j 0.0157273-0.0165402j 0.00792113-0.00062517j -0.0180849-0.0141913j 0.0253848-0.00890006j -0.0176016-0.0206089j 0.0309022-0.000352983j -0.021673-0.0247359j 0.00668989+0.00979487j -0.00498657+0.0174563j -0.0210341+0.000969103j 0.00888155-0.0018922j 0.00456898+0.00501964j -0.00712675+0.0146897j 0.0238265+0.00558541j -0.0220722+0.0109615j -0.000866681+0.0140774j 0.00297272+0.00677884j 0.00422329-0.00824194j -0.0230138-0.00347795j 0.000780403-0.00585424j -0.00245877-0.0162798j -0.00624921-0.00541011j -0.0404243+0.000789557j -0.00093249+0.00354121j -0.0150992+0.00319234j 0.0118915+0.000467385j -0.00454015+0.00133133j 0.00880627-0.00625844j -0.0102705+0.00687966j -0.00709135+0.00943105j -0.0175273-0.0037308j 0.0137717+0.0137977j -0.000196244+0.00365202j -0.0194318-0.000360608j 0.00502259-0.00763571j 0.00305433-0.00381522j 0.0176947-0.0015734j 0.0416305-0.0116546j -0.0297931-0.0215201j -0.000258543-0.0134522j 0.0104306+0.00778987j -0.0429605-0.00556888j -0.00070669+0.0138057j -0.0140666+0.0208608j 0.0310052-0.0103444j -0.000371918+0.00538j -0.0220251+0.0155583j -0.0137034-0.00163576j 0.00245198+0.0196311j 0.0136206-0.000580116j 0.0335274-0.007436j 0.00120283-0.0129202j 0.0224907+0.0110768j -0.00729469-0.0155697j 0.0139556+0.0273034j -0.0287725+0.00857378j 0.0036924-0.0319372j -0.00501084+0.00431585j -0.0235544+0.012803j 0.0285492+0.00767088j -0.00667714-0.0155661j 0.0742925+0.00045312j -0.0545542+0.00904923j 0.0519264+0.01494j 0.0349017+0.0146045j -0.0114183+0.0129482j 
-0.0221339-0.120442j -0.076339-0.0225498j -0.0355716-0.0480352j -0.0401757+0.0246192j 0.0856438+0.0717414j 0.0804536-0.0694992j -0.026803-0.0356953j -0.00126962+0.0386831j -0.054095-0.051096j 0.0518972+0.0567639j -0.00427548-0.0134082j 0.0543829-0.0532536j 0.0794257+0.0492101j -0.0283539+0.112651j -0.00125867-0.0211258j -0.00985812-0.134861j 0.112738-0.10265j -0.0424254+0.111937j -0.0299833-0.0137415j 0.0183889-0.0261872j -0.0164893-0.0169897j 0.007855+0.000697166j -0.017786+0.0909316j 0.0185868-0.0796953j 0.0802868-0.0569337j 0.0246851-0.0431183j -0.0288222+0.0984741j -0.0812505+0.0405798j 0.0283665+0.0132184j 0.0473064+0.0555104j -0.103009+0.0223162j 0.00180003-0.0084964j -0.00554724+0.0144908j 0.0292067-0.0331313j -0.0203313+0.0236075j -0.0103018+0.00522019j 0.0452386+0.0240602j 0.00262678-0.0261768j 0.0202877-0.0238351j -0.00420768-0.0256623j -0.0102739+0.0343488j -0.0169285-0.0279624j 0.035731-0.0543257j -0.0167239-0.038629j 0.0299541-0.0457781j -0.0187331-0.0090008j 0.0295803-0.0102874j 0.00102394+0.0272861j 0.0111646-0.026345j -0.0422502+0.0226669j -0.0857166+0.0242864j -0.00907754-0.00689544j 0.013589+0.0351747j -0.0482194+0.0445709j -0.0107827-0.0452758j 0.00756257+0.0370239j -0.0409009+0.0211059j 0.0314821-0.0457347j 0.0199525-0.00478933j -0.00786648+0.0143967j -0.0545038+0.0853362j 0.0411219-0.0594306j 0.0699203-0.0228656j -0.0102669-0.0246564j -0.00463608-0.0463047j 0.0368859-0.00158523j 0.0155261+0.00205814j 0.0103349-0.0731493j 0.0397594-0.0153891j -0.00993562+0.0115354j 0.0112686-0.0327728j -0.00266802+0.026637j -0.0244107+0.0547246j 0.0449829+0.0700406j 0.000579423-0.0714248j 0.0406693-0.00808856j 0.070156-0.0279485j -0.0183277-0.0146295j 0.00737274+0.00458627j 0.0271179+0.00417134j -0.0141076-0.0513366j -0.00505572-0.0584391j 0.0177775-0.0195155j 0.00129536-0.0132178j -0.0102779+0.0320542j 0.0303487-0.0157282j -0.0155903+0.0624759j 0.00171553+0.00783484j 0.0286383+0.0205027j -0.0168436+0.0360511j -0.0467923+0.00628899j 0.00130492-0.000706471j -0.00956552+0.0378492j -0.0103842+0.00234598j -0.00765249+0.0569062j 0.0109962-0.0132823j 0.00314632-0.000466651j -0.0258333-0.0243576j 0.0024689+0.0371081j -0.0548346-0.0752276j -0.0114111+0.0459871j 0.0255391-0.00359695j -0.0265782-0.00929222j -0.021019+0.0311347j 0.0112888+0.0379551j 0.00996322+0.0410062j 0.0357836-0.0113262j 0.00699496+0.0228129j 0.00180854+0.0174536j -0.00963175+0.00493799j -0.0137406+0.00126691j -0.0344073+0.0461086j -0.0111837-0.0152191j -0.00808535+0.0641247j 0.0231785+0.0127142j -0.00634058+0.07345j 0.022487-0.0148586j 0.0432392-0.0540405j -0.0438865+0.0179235j -0.00102994+0.00967846j -0.00362694-0.00190528j -0.00334394-0.0378668j 0.00346616+0.0182342j 0.0347093-0.0203098j -0.0143082+0.0246915j 0.0196971-0.0388394j -0.0162181-0.00185224j 0.00474892-0.00814221j 0.0216222-0.0216708j -0.0148394+0.0191188j -0.00126402+0.00767619j -0.0117925-0.00112284j 0.0358974-0.00929991j -0.00912311+0.018587j 0.0302226-0.00352916j -0.0451497+0.0284901j 0.01292-0.00118256j -0.0185835+0.0243879j -0.00340791-0.0093943j 0.0242026-0.0248572j 0.0110166-0.0010515j -0.0193386-0.00176171j -0.00460858+0.00400443j -0.0173216+0.0158349j 0.0359514-0.0473058j -0.0251558-0.00134968j -0.0270043-0.00242197j -0.000267023-0.00748235j 0.0441948-0.0151427j -0.00924832+0.01012j -0.00565344-0.00614413j 0.00249048-0.00668216j 0.0433585-0.0092419j 0.00716266-0.0160755j 0.00745903-0.00597657j 0.0044631-0.0111045j 0.00156192+0.00698346j -0.0101783-0.00137129j 0.0120157+0.00357062j 0.022012-0.0158767j 0.0235966-0.0114532j 0.0223391+0.00547801j 0.03002-0.011435j 0.00213033-0.0172694j -0.01233+0.00573448j 0.0121533-0.0120685j 0.00244462+0.0155753j -0.00420567+0.00763063j -0.00212173-0.0261731j 0.00615478+0.00719592j -0.00159765-0.00649863j -0.00891083-0.0254654j -0.00722876-0.0111631j 0.0136023-0.0114267j 0.00244728+0.0102508j 0.0044325-0.00918743j -0.00112804-0.00147962j -0.0225003+0.0128027j 0.0117656-0.0111161j -0.00128807-0.0120491j 0.00167718+0.00940717j -0.00701547-0.00473909j -0.00111478-0.00394184j 0.0171685-0.00356597j -0.00502495+0.0274096j 0.00717983-0.041759j 0.0106082+0.00561246j 0.0157923-0.0217749j 0.016606+0.00158784j 0.0286834+0.0133383j 0.00439118-0.033354j -0.0437468+0.0639198j 0.0303649+0.00959787j 0.028955+0.0311914j 0.00033997-0.0374647j 0.05351-0.0239785j 
0.00474236+0.00783929j -0.0568981-0.0495665j 0.00683206-0.00934277j 0.037358+0.065093j -0.0626018+0.000892671j -0.177787+0.09101j 0.0281879+0.0148229j 0.0344645-0.0197318j 0.0711993-0.171214j 0.0711763-0.126742j 0.0047181-0.0407109j 0.0838279-0.150387j -0.0156718+0.0187776j -0.0996227+0.0625991j -0.073813+0.0842899j 0.00840292-0.100178j -0.05961+0.0961915j -0.0643193+0.0116568j -0.0210467-0.000489502j 0.0163611-0.0294341j 0.00342393-0.0231307j -0.0184365-0.00286095j -0.0674511+0.0232022j 0.0143164-0.0334766j 0.0545657-0.0167692j -0.0234962+0.0438887j 0.0303139-0.0332781j -0.0593607-0.0153669j -0.022737+0.0150111j -0.00234304+0.0101596j 0.03893-0.0884407j -0.00751677-0.0024315j -0.040822-0.02576j 0.00740745+0.0188561j -0.0106043+0.04298j -0.014149+0.00196099j -0.0545923-0.00630399j -0.0030601+0.00695477j 0.00613429+0.0279612j 0.0469709-0.0226213j 0.0104668+0.0191544j 0.00072133-0.00998564j 0.0203936+0.00291439j -0.0145724+0.0222167j -0.0109532-0.000997032j -0.00197006-0.0158648j 0.00179461+0.011767j 0.00317507-0.00566879j 0.00519214+0.00985261j 0.0345861-0.0889733j 0.0120092-0.0334074j -0.00177236-0.018874j 0.0155125+0.0230188j 0.00292422-0.0105043j 0.00145845-0.0589153j 0.0259565+0.00627823j -0.0402139+0.0615376j 0.0100674-0.0281471j -0.0227137+0.050676j 0.0460729-0.0121933j 0.0358533-0.0698051j 0.0104647-0.0443647j -0.0400502+0.129924j -0.0566061+0.0412821j 0.0430061-0.0105785j -0.0367469+0.0546896j 0.0233365-0.0105429j 0.0727843-0.0734162j -0.0290174+0.0806582j 0.0273458-0.0505798j 0.00815744+0.0271585j -0.00344536+0.0733318j 0.0348776-0.0360586j 0.00351363-0.0443851j 0.0246866-0.0263248j 0.0121612+0.0557034j -0.0581012+0.101198j -0.0214867-0.0204593j 0.0266406-0.0075674j -0.046224+0.0497184j 0.00179792-0.0106333j 0.0268918-0.0548096j 0.0367804-0.0189898j 0.0549389-0.118041j 0.00510143-0.0267766j 0.00413486+0.0277829j 0.0273664-0.0395831j 0.0456231+0.0161245j 0.0294989-0.0327331j -0.0220831-0.0350281j 0.0121247-0.0139213j 0.00778525-0.0694269j 0.0207369+0.0121521j 0.0272147-0.0783595j 0.024268+0.0186396j 0.0281307-0.0147622j -0.0493833+0.00842186j -0.00648672+0.0509295j 0.0326418-0.0634476j 0.0405546-0.0743538j -0.0186329+0.0312859j 0.0197766-0.0369073j -0.0357316-0.0211642j 0.0228511-0.00350137j 0.0176537-0.00368093j 0.00485334-0.0510892j -0.0341129+0.0307774j 0.00457411-0.0307478j 0.00350947-0.00427611j -0.0245608+0.00283573j -0.0463159+0.0363271j 0.0127435-0.0135639j 0.00555164-0.0122537j 0.00680542+0.00453499j -0.0163018-0.0142495j -0.00156694+0.00134994j -0.0104018+0.0155307j -0.0501876+0.0481808j 0.0181311-0.0091852j -0.0304756+0.0228339j 0.00197822-0.00432622j 0.0195894-0.0117737j 0.00645324+0.0220068j -0.0259988+0.0339498j -0.0278147-0.0213278j 0.0128233+0.00656228j 0.00823008-0.0109882j -0.00655917-0.0149569j 0.00269751-0.00130452j -0.0168808+0.00269421j 0.00746113-0.0166144j 0.00769646-0.0145223j 0.0083746-0.00249675j -0.00310482-0.00579793j -0.0131859-0.00388658j -0.0176722-2.28824e-05j -0.00617284+0.00587824j 0.00764246-0.018997j 0.00187039-0.00317294j -6.94982e-05+0.0162613j 0.0239168+0.00807987j -0.0124593+0.0116795j -0.00953246+0.00646397j -0.012757-0.0106251j 0.0201375+0.00404057j -0.00744366-0.0106558j -0.0128706+0.00557237j 0.0185574+0.0082397j 0.0147925-0.00031124j -0.0317941-0.0140018j -0.0228743+0.00764996j -0.00316095-0.00956938j 0.0104866-0.0141906j 0.00159519+0.00123839j -0.00591277+0.0104032j 0.02632+0.00289956j 0.00725798+0.00497747j 0.00664443+0.00497781j -0.0150664+0.00123466j 0.0258717+0.0167117j -0.00217656+0.00271442j 0.00409548+0.0176424j 0.0123834+0.0252984j 0.0024752+0.00158913j -0.013257-4.79223e-05j 0.00326188-0.00393447j 0.0123773+0.00263208j 0.0101016+0.00758929j 0.00790711-0.00618595j 0.00556242-0.0102562j 0.0116359+0.0162896j 0.00893049-0.00633771j 0.0125772+0.0080037j 0.0101849+0.00860501j -0.0125819+0.0025403j 0.00953791-0.0166959j -0.0278183+0.0153052j 0.0264673-0.00272978j -0.0101106+0.0028615j 0.0197218+0.00929849j -0.010277+0.024457j -0.0314931+0.0390698j 0.0200268-0.0223687j 0.0120905+0.0179431j 0.00228788-0.0098104j 0.00134113+0.0264271j 0.0138065-0.00631722j 0.0445102-0.0502402j -0.0546977+0.0307353j -0.00999965+0.0131262j -0.0168886+0.0321313j 0.046036-0.0360455j -0.00648602+0.00929052j -0.0246011+0.00690087j 0.0298625+0.0167271j 0.0509364-0.0112108j 
0.123789+0.123885j 0.0660712-0.0362275j -0.140337-0.107948j -0.135594+0.187806j 0.0744354+0.140438j -0.0284797+0.0478355j -0.0182844+0.0163729j 0.0320144-0.0287426j -0.13249+0.0697302j -0.130978-0.0536328j -0.0208752-0.00495725j -0.139798-0.000268378j -0.10513-0.0614484j 0.0243488+0.0224825j -0.0254921+0.0267653j -0.11375+0.0664445j 0.0197918+0.0145704j -0.0306311+0.0328629j 0.013608-0.038636j -0.0425547-0.00241822j -0.0615335+0.0113673j -0.0235765-0.00343568j -0.060226+0.00271264j -0.0756618-0.0635321j 0.0148489-0.0341407j -0.00530679+0.079058j -0.00517097+0.0118696j 0.0226696+0.0332543j 0.0129704-0.0294591j -0.0819595+0.0360518j -0.0699367+0.00612727j 0.0196422+0.0494451j 0.052014-0.0101599j 0.0397731-0.0149376j 0.00668506+0.040416j -0.016024-0.0129212j -0.0153714-0.00236906j 0.00470295-0.0128097j 0.0194712-0.0138842j -0.0169462-0.054327j -0.022053+0.0280233j -0.0300108-0.00516725j 0.0334128-0.013798j 0.0290056-0.00811654j -0.00222959-0.0415978j -0.0590962+0.0110791j -0.00784428-0.000469637j 0.00253427+0.00778073j -0.0503974-0.0363232j -0.022071+0.00269452j -0.000586271-0.0131319j -0.0145427-0.0449644j -0.0198041+0.0328544j 5.74515e-05-0.00365798j 0.0138059-0.00815854j 0.0180172-0.00835523j 0.00895737+0.00822688j -0.0162701+0.00651173j -0.0487248+0.0550984j -0.0226215+0.00372913j -0.10287+0.119404j -0.0135129+0.0241354j -0.0302139+0.0392704j 0.0428465-0.0325863j 0.00882657-0.0373521j 0.0283329-0.0245824j -0.0280414-0.00247031j -0.0607132+0.0244437j -9.94318e-05-0.0221855j -0.0200105+0.0354725j 0.00990175-0.0195252j -0.00997159-0.0216989j -0.0110035+0.0860443j 0.00734706+0.00447949j 0.0292958+0.00142352j 0.0440523+0.056296j 0.0531841+0.0341569j -0.0232625+0.00478319j 0.00243692+0.0244029j 0.0385987+0.101208j -0.0163285-0.0159864j 0.00254268-0.0103645j 0.025165-0.0273985j -0.0300917-0.0217808j 0.00734128-0.00105231j 0.0260767-0.0103192j -0.0270439-0.0139977j -0.00718189-0.0212997j -0.0136767-0.00300043j 0.0406775-0.00311296j -0.0198779-0.00391346j -0.0329427+0.00582457j -0.0377181-0.00580632j 0.000483163-0.0493535j 0.0100796-0.0344551j 0.0125286-0.0731137j -0.0279401-0.0232752j 0.0406581+0.0262068j 0.0252501-0.0161562j -0.018615-0.0868638j -0.00720929-0.0469728j 0.0643943-0.0117089j -0.0343641+0.0095732j 0.00836601-0.0365277j 0.0173581-0.0331492j -0.029027-0.0154578j -0.00939169+0.0668875j -0.0296544-0.0366681j -0.0486661+0.0145538j 0.0091924+0.00379021j -0.0202109-0.0141435j -0.0132092+0.0244029j -0.0119763+0.0137802j -0.0243821+0.0249212j -0.00675669+0.0158726j -0.0659914+0.032249j 0.0381653-0.00386497j -0.0332877+0.0056112j 0.0422101+0.0240253j -0.0157593+0.0117818j -0.0386463+0.0559423j 0.00114714+0.00479804j 0.00770179+0.0225615j 0.0195986+0.00400089j -0.0432939+0.0164069j -0.0245853-0.00622256j 0.0182102-0.00967663j -0.0443537+0.000491645j -0.0167789-0.0203579j 0.0109417+0.0145014j -0.0210782-0.010502j 0.0274675-0.0216601j -0.0409633-0.0106779j -0.0168072+0.0135962j -0.0226653-0.0188751j 0.010305+0.00589425j -0.00713304-0.00220679j 0.00696006+0.00989639j 0.000642183-0.00848877j 0.00106247-0.0110876j -0.00647455-0.00756051j 0.0275822+0.00633494j -0.00505338+0.00858487j 0.0097489+0.0265547j -0.0114962-0.018411j 0.0244157+0.00176158j 0.00590839+0.0245942j -0.00810747-0.0103496j -0.03468-0.0107126j -0.0113684+0.0356647j 0.00224462+0.0156811j 0.00424222-0.000303836j -0.0108718-0.0054533j -0.00326178-0.0123947j 0.0121116+0.00752444j -0.00468162-0.0253582j -0.00613437-0.00172598j 0.0065576+0.0038214j 0.00413842+0.00623267j 0.0163894-0.0241384j -0.0125319-0.000496681j -0.00528819-0.00378825j -0.00845514-0.0147399j -0.013807+0.00171026j -0.00806794-0.00395887j -0.0159382-0.0219538j -0.0168647-0.0176716j -0.0202884-0.0259997j 0.0215253+0.0144894j -0.0177954-0.00741424j -0.00748017-0.0282235j 0.00703335-0.0164582j -0.0125407-0.0154369j 0.0115706+0.0111314j -0.00370629-0.0166199j 0.0111302+0.0137642j -0.00371787+0.0389328j -0.0189671+0.000484671j -0.0170299-0.0244791j 0.0277025+0.000133179j 0.00905502+0.00780713j 0.00120118+0.0443264j -0.00105497-0.0202106j 0.00232342+0.0260134j -0.0107694+0.00369204j -0.0275878+0.00973871j -0.0117354-0.0475874j 0.00298931-0.0696487j 0.00916939-0.00359177j -0.00917982+0.00590132j -0.031571+0.0190911j -0.00650958-0.014115j -0.0233172-0.0179122j -0.0209772+0.0416253j 0.0696315-0.0143102j -0.0393715-0.00786153j 
-0.0160927+0.0850822j 0.111497+0.052599j -0.228322+0.198479j -0.0777474-0.015718j -0.227936+0.033697j 0.114115-0.197143j 0.0148747+0.0159712j -0.0377728+0.0678383j 0.00493503-0.0298329j 0.00126079-0.0331655j 0.0198282-0.0391646j -0.00950043-0.0432403j -0.023024+0.00579413j -0.0132274+0.0283806j -0.0446686+0.0177975j -0.0433135+0.0296848j -0.0198574+0.0127489j 0.00333782+0.0127671j 0.0319313+0.0427987j -0.00160588-0.00334855j -0.0272839-0.0196843j -0.0196612+0.00738524j -0.0224647+0.0155611j -0.00433751+0.0250993j -0.0062855-0.0260718j -0.0540003+0.023487j -0.0101041-0.0182223j 0.00749953+0.0297359j 0.000277704-0.00481327j 0.0149867-0.0617823j -0.000891549-0.00250219j 0.0279788+0.00412183j 0.0292478+0.0327822j 0.0293016-0.00299623j 0.0102403-0.0219561j -0.0100553+0.026764j 0.0257108+0.0259677j 0.0050576-0.00162444j -0.00694417+0.0213792j -0.0148272-0.00192293j -0.0115931-0.0257914j 0.00368348-0.0177424j 0.0143869-0.0254732j -0.00244719+0.0381285j -0.00297965+0.00126849j 0.00638161-0.0187041j 0.0117911-0.0276504j 0.0180745-0.00451949j -0.0121696+0.000941141j -0.0123135+0.00751607j 0.0164367-0.0195563j 0.00507927-0.0340383j -0.0172617-0.0236859j -0.000703045+0.00705767j -0.00968726-0.00525548j 0.0349069-0.0474443j -0.00735176+0.0490739j -0.0033374+0.00445864j 0.046293-0.0697129j -0.0180212+2.72047e-05j -0.0539196-0.0343454j 0.0404705-0.0525365j -0.00401399+0.00145426j -0.0145465+0.0372624j 0.00624405+0.0240167j 0.0499052-0.0548771j -0.00771053-0.00642869j -0.0444905+0.0559016j 0.00580568+0.006436j 0.025326-0.0432401j 0.0103669+0.0125937j -0.00949934+0.0498007j -0.00839827-0.0261324j 0.0432893-0.0324261j -0.0107848+0.0343701j 0.00399107-0.0447868j -0.00695386-0.0643234j 0.066367-0.0661843j -0.0358101+0.0207291j 0.00915963-0.0712579j 0.00280445-0.00577711j 0.00322468-0.0326819j -0.00645151+1.11236e-05j -0.0119916-0.0166995j 0.0489461-0.00775092j -0.0291064-0.00616711j -0.0354113+0.00224891j -0.0174092+0.0640954j 0.00477418-0.0236693j 0.000721762-0.00721453j 0.0222179-0.0133678j 0.00108461-0.0515828j -0.0108379+0.0245668j -0.00475302-0.0594145j 0.00691088+0.0264331j -0.0630277+0.0635658j 0.00654618-0.0693575j 0.0144223+0.0386451j 0.0186255+0.0234144j 0.0128568-0.00773532j -0.00691807-0.000536555j 0.00497529-0.0664783j 0.0161291-0.0149051j -0.00915918+0.0661795j -0.0636471+0.0486287j -0.0415749-0.0745566j 0.00802986-0.0635139j -0.0133693-0.0100231j 0.040992-0.079017j -0.0344972+0.00562602j 0.0173222-0.0113309j -0.0645633+0.0606953j 0.0514968-0.0463707j -0.0290999-0.0198152j -0.0103101-0.00511668j -0.0364618-0.0161295j -0.00617646-0.0223042j 0.0229609-0.0363163j -0.0151335+0.0376353j -0.0106955+0.00282366j 0.00140991+8.9805e-05j 0.0205306+0.0186463j 0.00866058-0.017241j -0.0217864+0.0117804j 0.00678767-0.0397291j 0.0450382-0.0473181j -0.00950606-0.0112813j 0.028062-0.0383473j 0.0249171-0.0253315j -0.0379494+0.0241124j 0.0234801-0.00378466j 0.00952085-0.00607026j 0.0525688-0.0368218j 0.0241935-0.0369277j -0.00066165+0.00883694j -0.00472623-0.00453004j 0.00102959-0.00446195j -0.00909411+0.0144837j -0.0110301+0.0135207j 0.00851776-0.00397218j 0.022574-0.00703135j -0.0198808+0.026324j 0.00518141-0.0215004j 0.00725402-0.0167464j 0.00543448-0.0118j -0.0235506+0.00988816j -0.0187656-0.000520585j 0.0142734-0.016591j 0.0290466-0.0315914j -0.0120887-0.0175332j -0.00991502-0.00252361j 0.00209568-0.000457083j 0.0199339-0.012102j -0.00195754-0.00284563j -0.00705815+0.0189884j -0.000772241-0.000925211j -0.00417324+0.00410764j 0.0123333-0.00380746j -0.0216331+0.011447j 0.0123396-0.000966879j 0.00424518-0.000747409j -0.00180747-0.00794523j 0.00727434-0.00871291j 0.00758789-0.0229308j -0.0213604+0.0127812j -0.00927168+0.00306722j -0.0155715+0.00784722j -0.0184249+0.0199615j 0.0321633+0.00234282j 0.0131698-0.0036774j -0.00995082+0.0149076j 0.0229927-2.60557e-06j -0.0220083+0.00982995j 0.0332524-0.0281382j -0.00262815+0.0295321j 0.0408891-0.0252229j 0.0215254-0.0235708j -7.2475e-05-0.0240217j -0.00940173-0.00718878j 0.00794319+0.00262204j 0.00507557+0.0052481j -0.000992712+0.0108721j -0.00614808+0.00472914j 0.00140533-0.0012189j -0.0125129-0.00129669j 0.0457767-0.0316832j 0.0336962+0.0283262j 0.00719059-0.00389504j -0.00881718+0.0158732j 0.00219268-0.0523638j 0.0221453+0.00680486j -0.0228004+0.0133456j 0.00931672+0.0145957j 0.0155701-0.066108j 0.00832581+0.0119218j 0.0978805-0.0666743j 
0.143535+0.141347j 0.113677-0.130461j -0.100439-0.132855j 0.0652932-0.0738883j 0.145239-0.228285j 0.178006-0.0314033j -0.0228976+0.026543j -0.0713899+0.0206377j 0.072014-0.0604583j -0.00914354-0.0647499j 0.0519085-0.0253525j 0.0324862-0.0670253j -0.060474-0.0530216j -0.0184956+0.0367868j 0.000764393-0.0406159j 0.0599613-0.0862399j 0.0171447-0.00179649j -0.0320521+0.0223767j -0.0294857+0.00697495j -0.000277875-0.0129444j 0.00614176-0.0115923j -0.0101879-0.00158454j -0.0231936-0.00746405j -0.0320903-0.0496133j 0.0159966-0.0110548j 0.0311532-0.023914j -0.0219835+0.0096422j -0.0050292+0.031526j -0.0171204-0.000484895j 0.0102957-0.01562j -7.58297e-06-0.0111872j 0.0314078-0.0466367j 0.00201775-0.00802984j -0.00520081-0.00719596j 0.0062491+0.0114393j -0.0240555-0.0347805j -0.0252587+0.0161923j -0.00676469-0.00521244j -0.00829005+0.0147061j -0.0173224-0.00609823j 0.0306887+0.0088035j 0.000943195-0.0172887j -0.0031088+0.00456422j -0.0090045+0.0239927j -0.0147462-0.0479083j -0.00288815-0.00515639j -0.0096196+0.0139028j 0.00893046-0.0132687j -0.00194766-0.00622722j -0.0115051-0.0112962j 0.00883787-0.00804801j 0.0241971-0.00901673j -0.00380257-0.0300981j -0.023498+0.000387598j 0.0161978+0.0124167j -0.0042206+0.00430185j 0.0134308-0.0213207j 0.0192736-0.0336816j 0.00887704-0.0241666j -0.0335539+0.0409284j 0.0753421-0.102623j 0.00429674+0.0295004j -0.01512+0.0590993j 0.0139979-0.0651985j -0.0346864+0.0582083j 0.00101238+0.0735319j -0.0241818+0.0274293j 0.000276976-0.0480277j -0.000670123+0.01997j 0.00794103+0.0422275j -0.00546214+0.0496652j -0.0353825+0.0923566j -0.00243388-0.000320903j -0.0164967+0.0517103j 0.0513163-0.0197133j 0.0207172-0.014634j 0.0637905-0.0531545j 0.0131906-0.000711571j 0.0229933-0.0102207j 0.059111+0.0400979j 0.01807-0.0422734j 0.0205425-0.0370916j -0.0229993-0.000524021j 0.00807106+0.00636106j -0.0289546+0.0738452j -0.0248102-0.0512285j -0.0183407+0.0118636j -0.0438652+0.0470346j -0.012987-0.00209532j 0.00219173+0.057916j -0.00107978+0.0484116j 0.00972895-0.0231915j -0.0257558+0.0138535j 0.00245818+0.00785885j -0.0280573-0.0214139j -0.0243422-0.0296899j 0.022831-0.088933j 0.022023+0.0200385j -0.0177736+0.0636387j -0.0171505-0.00830035j -0.0282507-0.0418759j 0.0439906+0.019728j 0.0338299-0.0133266j -0.0548718+0.0204471j -0.0156627-0.0295665j -2.35066e-05-0.0443099j 0.0310347+0.000541993j -0.0213961-0.00284669j -0.00970943-0.0143155j 0.0263711-0.022498j 0.0318853-0.023711j 0.0160309-0.0551083j -0.0227619+0.0633939j 0.00154481-0.0409874j 0.013145+0.0231113j 0.000844989-0.0849595j -0.00719175+0.0324023j 0.00420627-0.00482813j 0.0165082-0.0209523j 0.0309553-0.0386673j 0.036145-0.0261582j 0.0112852+0.0113419j -0.00969993+0.00988142j -0.00455592-0.00580563j 0.0210128-0.0106393j -0.00194578+0.050852j -0.0110802+0.0193377j 0.00922444+0.0358912j -0.0144046+0.0442038j 0.0305476-0.0576901j 0.00210839+0.0109816j -0.00867222+0.00149375j 0.00548293+0.0242465j -0.00507648+0.0139764j 0.00627173-0.0103964j -0.0138803+0.0140467j 0.00273886-0.00412256j 0.00512932-0.0153531j -0.0117906+0.0173904j 0.00327767+0.00835138j -0.018275+0.0291001j -0.00039142+0.00368605j 0.00891074+0.00773247j 0.0183345+0.00723104j 0.00272126+0.0235313j 0.000485669-0.00215579j 0.0134137-0.00462964j -0.0131679+0.0208138j 0.0111153+0.00844771j 0.0339877-0.0259043j 0.0175661-0.0187715j 0.0046563+6.76855e-05j 0.0175488-0.0129676j 0.00111919+0.0127319j 0.0119192-0.00826026j -0.0222555+0.0246705j -0.00671611-0.00947123j -0.0178656+0.0222652j -0.00167921-0.0127503j -0.00251295+0.0120382j 0.00763422-0.00768336j 0.00216825-0.00445416j -0.00676519+0.0105068j 0.0340187-0.0179757j 0.0145176-0.0242697j -0.00498075-0.0118524j -0.0227572-0.0132418j -0.030528-0.00724674j 0.025495+0.0110706j -0.00893473+0.00307285j -0.0316878+0.0193201j 0.0159328-0.00308417j -0.026375-0.0065828j 0.0103727+0.0192384j 0.00286696-0.0103761j 0.0401225-0.0078172j 0.032773-0.0103735j -0.0225595+0.00309679j 0.0218825-0.0211008j -0.0170844+0.0331046j -0.00171328+0.00753702j 0.00873382+0.022511j 0.00694317+0.000936174j -0.00975307+0.00995765j -0.00469033-0.019163j 0.00975956-0.00930351j -0.0293177-0.0454642j -0.0243565-0.0169157j 0.0117822-0.0156129j -0.0402146-0.00825099j 0.00911896+0.00409564j -0.0134469-0.056576j 0.0135885-0.0790675j -0.0120749-0.0228645j -0.0674609+0.0720765j 0.00209675+0.0440223j 
