-0.0164986-1.64799e-17j -0.011729+0.000108911j 0.0171374-0.00141133j -0.0130869+0.000785769j 0.00291132+0.00089208j -0.0093396-0.0014784j 0.0154363-0.00234514j 0.0236395-0.0014302j 0.00715782-0.00259899j -0.0207346+0.00234695j -0.0216417-0.00345158j 0.00289074+0.00148974j 0.032147-0.0014226j 0.0210646-0.00242362j -0.0402612+0.00246892j -0.0176772+0.00118666j 0.0154479-0.000302399j 0.00186131-0.000410481j -0.0143893-0.00144795j 0.0250143-0.000475502j 0.0226829-0.000524078j 0.00242048-2.1005e-05j -0.0267292+0.0002232j 0.00183043+0.000676657j 0.018875-0.00107127j -0.00225557+0.000325631j 0.00656539+0.000153628j -0.00802779+2.01585e-05j -0.00599016-0.00226942j -0.0147721+0.00495298j -0.0487676+0.000901808j 0.0121973-0.00182529j 0.0269854-0.00176003j 0.0206653+0.00203913j -0.0014789-4.07872e-05j 0.00674583-0.00348683j -0.00179285-0.00155908j -0.0125307+0.000935899j -0.000124607+0.00314574j -0.00982096-0.00190266j -0.0153152+0.00132941j -0.00110193+0.000554478j -0.0233839-0.00105749j 0.00299492-0.00274336j -0.00511784+0.00137663j 0.00353749-0.000172775j 0.00862228+0.00268116j -0.000220685-0.000810484j 0.00481526-0.00180258j 0.00830453+9.81753e-05j -0.00639476+0.00160853j 0.00832319-0.00265159j -0.0284189-0.000378993j 0.0279289-0.00361454j 0.000355213+0.00399924j 0.00456226-0.00148655j -0.0114312+0.00329748j 0.0108907-0.00126904j -0.000323186-0.00116559j 0.011908-0.00287956j 0.00102425+0.00178582j -0.00619096-0.00251715j -0.00718212+0.00248066j -0.0100781-0.00133136j -0.000274535-0.000637002j 0.000176728-0.00303023j -0.000675482+0.00274175j -0.0810661+0.0123936j 0.0582473-0.00614131j -0.0604892+0.0012351j -0.00672998+0.0105883j 0.0381174+0.00268287j 0.0464004-0.000353497j 0.120428+0.0134054j -0.0552078+0.00876793j 0.0197352-0.0106976j -0.0337502+0.0042142j -0.0056977-0.00891346j -0.0892185+0.00668017j 0.00613243-0.00571678j -0.0288565+0.00515606j 0.0132627-0.0100134j -0.0150126+0.00498946j 0.0271241+0.00225578j -0.010945+0.00130739j -0.00273515-0.0071447j 0.0365414+0.00131766j 0.03827-0.00495535j -0.00770002+0.0105042j -0.0457798-0.00259595j 0.00131139-0.00134277j -0.0687009-0.00892534j 
-0.011729-0.000108911j 0.0196128-6.15827e-17j -0.0163401+0.00125262j -0.0169035+0.00198692j -0.013966-0.000306495j 0.00583593-0.000870612j 0.0229528-0.000198724j -0.0157453+0.00265728j 0.0177573+0.000651527j -0.019136-0.00214976j 0.0329568-0.0033625j -0.0139735-0.00015912j -0.00328516+0.00382656j 0.0100403+0.00133419j -0.00902561-0.00454875j -0.000573299-0.0021672j 0.000430307+0.00212432j -0.00093473+0.000549793j 0.0216845-0.00200608j -0.0026403+0.00265599j -0.0119219+0.00331301j -0.00969706-0.000243559j -0.000473087-0.00290309j -0.00783165-0.000889702j 0.00595621+0.00062395j 0.00190821-0.000340731j -0.00823881+0.000836509j 0.00100246-0.00123362j 0.0282194-0.00172882j -0.0320768-0.000809288j 0.0110857-0.00582957j 0.0143832+0.000689882j 0.0226903+0.00251698j -0.0216282+0.00274725j 0.000144953-0.000748233j 0.0294894-0.00077379j 0.0171113-0.00168178j -0.00259836-0.00127099j -0.022956+0.00127106j 0.0123644-0.00157331j -0.000898404-0.0018786j -1.4698e-05-0.000272038j 0.0185878-0.00437937j 0.0141274+0.000400421j -0.0109973-0.00068745j -0.00703208+0.000855027j -0.0178774+0.00150037j 0.00422438+0.000161894j 0.0110092+0.000945404j -0.00696668+0.00225049j -0.00481221-0.00137163j 0.0114011+0.00238894j 0.0122817-0.00547223j 0.00616232+0.00565861j -0.0259033+0.000424568j 0.00508062+0.00253169j -0.0157282-0.000968607j -0.00664101-0.000163897j 0.0128017-0.00199333j 0.0112595-0.000259322j -0.0114829+0.000153216j 0.014855-0.00232984j -0.0144208-0.000169112j 0.00657815-0.00117346j -0.00311668+0.00105614j 0.019043+0.000398086j -0.026198+0.0025692j -0.0730945-0.00715321j 0.0311178+0.0063835j 0.00558661-0.00831538j -0.077036+0.00256932j -0.0274553+0.00683375j -0.00876584+0.00689995j -0.126653+0.0216834j -0.0509525-0.00641165j 0.0680565+0.000519298j -0.02342-0.00435749j 0.064705-0.00298238j -0.0273156-0.0120909j 0.0421075-0.000581967j -0.0243595-0.00530071j 0.0510267+0.00113207j -0.0301526-0.00274047j -0.00801121+0.00345565j 0.00311693-0.00121325j 0.0387318+0.00090708j -0.0221393+0.0119758j 0.0222832+0.00311978j 0.044947+0.0017358j -0.00190565+0.0104098j 0.073532+0.00930481j -2.36544e-05-0.000833455j 
0.0171374+0.00141133j -0.0163401-0.00125262j 0.0167149+1.73472e-18j -0.00539079-0.000581228j 0.0284686+0.000475346j -0.00156791+0.00105729j 0.00783649-0.00231769j -0.00118802-9.41188e-05j -0.0692037+1.74855e-05j 0.0163574+0.00357555j -0.0330572+0.00416046j -0.00450979-1.50408e-05j 0.0167524-0.00282984j -0.0073082-0.000386401j 0.0186225+0.00167599j -0.0031831+0.00160371j -0.0106133-0.000472414j -0.0170637+0.000266528j -0.0285634+0.000903305j 0.0173273-0.000709565j 0.0169676-0.00231732j 0.0258048+0.000767857j -0.0170236+0.000767211j 0.0281136+0.00125452j 0.0414494+0.000473571j 0.00971289-0.00071942j -0.00428795+0.000464409j -0.0544205-0.00151523j -0.0637079+8.53101e-05j 0.0342183-0.000871522j -0.0384837-0.00125895j -0.0166558-0.00413502j 0.0692295-0.0101151j 0.0669228+0.00180729j 0.0221533-0.000455955j -0.015562-0.00568379j 0.027653-0.00196631j 0.00832046-0.00126848j -0.0449288+0.0051468j -0.0461459-0.00235665j -0.0300827-0.000194207j 0.000926068+0.001285j 0.0161733-0.00503643j -0.0301382-0.00134747j 0.0444303+6.2163e-05j -0.0128692+0.00159039j -0.00583742+0.0026612j -0.00891055-0.00273941j -0.0491298-0.00312632j 0.0197512-0.00374271j 0.0503586-0.001803j -0.11308+0.00114936j 0.000539287+0.00443293j 0.00103644-0.00216469j 0.0578084-0.00849148j 0.0823563-0.00454001j 0.0567199+6.0768e-05j 0.0976766+0.00526915j 0.0450766-0.00017282j -0.00598351+0.00199629j -0.00541939+0.00410124j -0.059006-0.00372673j 0.0850801-0.0027006j 0.00411781-0.00204091j -0.0361326+0.00417619j 0.0139654-0.00152224j -0.0659133+0.0047518j -0.0617668+0.0126008j 0.0250591-0.0102939j -0.0300574+0.00549864j 0.0196429+0.00167116j 0.0546192-0.0048876j 0.0393103-0.00714422j 0.0303255+0.00633437j -0.03959-0.00150588j -0.0478388-0.00188564j -0.0191856-0.00216082j -0.0253205+0.00270885j 0.022143-0.00650252j 0.0112555+0.000170502j -0.0291106+0.00258345j -0.0207963+0.00884656j -0.0268977+0.00175937j -0.00415238+0.00410803j 0.0752003-0.00521547j -0.0163396-0.00889337j -0.0161859-0.000138527j 0.0346166+0.00973778j 0.0112912+0.00854302j 0.0374293+0.0125199j 0.0244068+0.00854059j 0.0411666-0.0012741j 
-0.0130869-0.000785769j -0.0169035-0.00198692j -0.00539079+0.000581228j -0.0118999+2.1684e-17j -0.00542803+0.0023928j -0.0359414+0.00123133j 0.00800066-0.000771776j -0.0146162+0.00216687j -0.0116964-0.00298274j -0.0363985+0.00368008j -0.0525268-0.00387653j -0.023022+0.00119862j 0.00465498+0.000798949j 0.0109186+0.00119628j -0.0164284+0.00143009j -0.0143329-0.0013242j 0.010379-0.000362076j 0.0135626-0.00127787j -0.0116279+0.00119178j 0.0182064+0.00081487j 0.0302727+0.00244018j -0.0122336+0.000662581j -0.00961061-0.00146341j -0.0237519-5.80554e-05j -0.0215872+0.0021828j -0.0068319+0.000490775j 0.0109218-0.000545488j 0.0308714-0.0048295j -0.0126204-0.00407017j -0.0374015+0.0028069j 0.0585385-0.00469836j 0.0851511-0.00360998j 0.0944037+0.00346747j -0.0413275+0.00365875j -0.00644376+0.00057046j 0.0601061-0.00315423j 0.0207585+0.000336276j 0.0211446+0.00117908j -0.0599252-0.000515529j 0.0346935-0.00496585j 0.00403295+0.000220157j 0.00442631+0.000564636j 0.0580908+0.000868086j 0.0158382-0.00361856j -0.0224319+0.00445626j -0.026092-0.00199459j -0.0145242-0.00148443j 0.0481545-0.00108024j 0.0807644-0.00610172j 0.048992+0.0027496j -0.00051453+0.00562449j 0.0338423-0.0100229j -0.0305007-0.000199109j -0.0214665+0.00295347j 0.114461-0.000116634j 0.0229764+0.00713982j -0.0410477+0.00417527j -0.0814523+0.0133209j -0.0171222+0.00104838j -0.0138405-0.00118143j -0.0347752+0.00237415j 0.080697-0.00959812j 0.0101429+0.00989487j 0.0223368+0.000206314j -0.00946827-0.00345587j -0.00266587+0.00324519j -0.021959-0.00666766j -0.101814-0.00625821j 0.102458+0.00188285j -0.0503694-0.000572158j -0.0154077-0.00060675j 0.029502+0.00562436j 0.0521639-0.00080008j -0.0255894+0.00597407j -0.000637355-0.00359487j 0.0108149-0.00339734j 0.034857-0.0038358j -0.0100807+0.00255288j 0.0217345-0.000661921j -0.0477474+0.00220983j -0.0434444+0.00093211j -0.0215543-0.00191039j -0.00851732-0.0073557j -0.0451036-0.00389297j -0.0276294-0.00791643j -0.0558636+0.00289245j -0.010204+0.00330709j 0.0273213-0.00605174j -0.0182908-0.00429061j 0.0261267+0.00392236j -0.0392893+0.00210577j 0.0267121+0.00834278j 
0.00291132-0.00089208j -0.013966+0.000306495j 0.0284686-0.000475346j -0.00542803-0.0023928j 0.0234873+1.00614e-16j 0.00462108+0.00072933j 0.0531565+0.00165072j 0.025332-0.00185037j -0.128428-0.000770928j -0.0176893+0.000876523j -0.014766+0.00204877j -0.0523637+0.0010347j 0.0100152+0.00170717j 0.00719882-0.000496651j 0.0256128-0.00294253j -0.00382692-0.00249438j -0.044068+0.00185627j 0.0411727-0.00271786j -0.0359613-0.00371542j 0.102962-0.00151347j 0.0305445-0.00212531j 0.0591644-0.000410783j 0.0555278-0.00396227j -0.0316892+0.00370311j 0.134551+0.000374039j -0.0759031-0.000528097j 0.00829364+0.00031791j -0.00789345-0.00519079j -0.0376544-0.0003325j -0.046919+0.00275992j 0.0542164-0.0049395j 0.00360274-0.000781283j 0.105942-0.00302794j 0.0103555+0.000238764j 0.0105404+0.000703677j 0.0111659-0.000479014j 0.055606+0.0012311j 0.00719369-0.00258124j -0.0277425+0.00046871j 0.0172628+1.73758e-05j -0.0192446+0.00029751j -0.00833958+0.00177071j -0.0146573-0.000789471j -0.0496443+0.000706872j 0.00722301-0.00246037j -0.0465238+0.000944107j 0.0378016-0.00136686j -0.0244119-0.0024383j -0.0253654-0.0011906j 0.0451511-0.0106399j -0.0245957+0.00220941j 0.0387088-0.0066206j -0.00323091+0.00280304j -0.111283+0.000263757j 0.0864799-0.00462075j -0.0934689+0.00517206j 0.0952002-0.0061328j -0.0293902+0.0105747j 0.0112267+0.00884073j -0.0246658+0.0027305j 0.00853504-0.00424539j -0.0119782+0.00239553j -0.0124667+0.00483477j -0.0778907+0.00307254j -0.0818665+0.00303406j -0.0954674+0.00691505j -0.0371431-0.00341245j -0.0676352-0.00462862j 0.00687754-0.000430047j -0.0112996-0.00322138j -0.065308+0.000639453j 0.00159695-0.000730577j 0.0176013+0.00154313j 0.0516649-0.00990291j -0.037205+0.00164491j 0.0146731+0.00737508j -0.0184105-0.0034502j 0.0146002+0.00080967j -0.0322693+0.00373667j 0.0503637+0.00363749j -0.0172404-0.00604413j 0.00263916-0.00241489j 0.0336247-0.00305652j -0.00327486-0.00684487j 0.00144511-0.00693508j -0.00110689+0.00583737j -0.00252237-0.00920921j -0.0256992-0.0111896j -0.00413257-0.00615661j -0.0485206-0.00708539j -0.000653794-0.00725788j 0.0131762-0.00248482j 
-0.0093396+0.0014784j 0.00583593+0.000870612j -0.00156791-0.00105729j -0.0359414-0.00123133j 0.00462108-0.00072933j -0.0106717+3.38705e-16j -0.0334432-8.25451e-05j -0.0254983+0.000869518j 0.0514032-0.00277315j 0.00165658+0.00145593j -0.0231647+0.00065535j 0.0384632+0.000302038j -0.0107889+0.0022523j 0.0133262+0.000715762j 0.0513203-0.000669345j 0.036131+0.000424284j -0.00360372-0.0008829j 0.0237424+0.00164543j 0.0783098+0.00201707j -0.0103235+0.00541099j -0.0588625-0.000518151j -0.0194017+0.00257984j 0.0367148+0.00101888j -0.0471974-0.00161089j -0.067897+0.00575671j 0.077343-0.0023149j 0.00251138+0.000535193j -0.00254591-0.000463664j -0.0737649-0.000714086j -0.0491662-0.000386443j 0.0270167-0.00176792j 0.103195-0.00130131j 0.00693217+0.00348177j 0.078651+0.00140146j -0.00583586+0.000746102j 0.00456027+0.000257367j -0.0533797+0.00444911j 0.0538343-0.00186619j -0.0220463+0.00117698j -0.0533178+0.000998473j -0.0315663+0.000619977j 0.00115635-0.00213949j -0.00746079-0.00297966j 0.0298346-0.00371733j 0.0402032+0.00107112j 0.00292643-0.00533584j -0.061366+0.00291104j -0.0124306-0.00393875j -0.00561783-0.00728558j 0.115904+0.00184114j -0.0139742-0.00122565j 0.0690218-0.00335093j -0.0677255+0.00170178j 0.0346356-0.00575565j 0.0421765+0.00216252j 0.0983647+0.000760226j 0.0671178+0.00293048j -0.0989149+0.00289643j -0.066305+0.003981j -0.0292192-0.000298444j 0.049229+0.00291291j -0.0480832-0.00272199j -0.00764973-0.000519364j -0.0482697-0.00645164j -0.0265715-0.00511594j -0.00989297-0.00321564j 0.00662939-0.00507238j 0.0264979+0.00120557j -0.0248651-0.00214261j 0.0151643+0.00250344j -0.0129748-0.00085881j 0.00862687-0.00255141j 0.001827-0.0016727j -0.10855-0.000322292j -0.0714513+0.00759572j 0.0323862-0.00900459j 0.0175031-0.00011426j -0.00731248+0.00153161j -0.0171175+0.00787793j 0.00890878+0.00259039j -0.0319989+0.00335238j 0.040111+0.00100079j 0.0448454-0.00355886j 0.00645933+0.00190666j 0.00117398-0.00529075j 0.00708152-0.00668104j 0.0193071+0.00214303j -0.0248312-0.00646603j 0.0267526-0.00486859j -0.0200117-0.00318135j -0.00851191+0.00230081j -0.0104494-0.00522145j 
0.0154363+0.00234514j 0.0229528+0.000198724j 0.00783649+0.00231769j 0.00800066+0.000771776j 0.0531565-0.00165072j -0.0334432+8.25451e-05j 0.0707297+1.38778e-17j -0.0295482+0.000576875j -0.231892+0.00398025j -0.0426357+0.000433579j 0.10018+0.00131283j -0.133789-0.00163409j 0.0166521+0.000615119j -0.0419813+8.95947e-05j 0.0414027-0.000771008j 0.0336918+0.00132966j -0.0221361+0.00275992j -0.0657773-0.00159061j -0.0519905-0.000359906j -0.0401838-0.00209369j 0.0490845-0.0017801j 0.0633545-0.00331058j 0.0641126-0.00435816j 0.0188807+0.0039192j -0.0194616-0.00301705j -0.0262195+0.00295709j 0.0109204-0.00355575j -0.163641+0.00230124j -0.159148+0.00312107j -0.100382+0.00414362j 0.0995227-0.00702893j 0.091442-0.00463565j -0.0115899-0.00546346j 0.0358869+0.00332845j 0.015053+0.00126664j -0.00678559+0.00129488j -0.0348993-0.00161135j 0.0390481-0.000562047j -0.111253+0.000849003j 0.00597701-0.00198207j -0.0519159-0.00284691j 0.021306-0.00085329j -0.00884354-0.00365696j 0.0444382+0.000677988j -0.0213112+0.00251062j -0.02574+0.00345142j -0.0784015+0.00213504j 0.00563349+0.00113406j 0.081121-0.000519141j -0.000988076-0.00130263j 0.000325055-0.00282476j -0.00445802+0.00102275j 0.00487001-0.00382144j -0.00715343+0.00666942j 0.0609637-0.00637162j 0.0311516+0.00896424j 0.0521112-0.00239127j 0.0931923+0.000627458j 0.0235913+0.000270663j -0.027139-0.00208815j -0.0725535+0.00499637j 0.0596155-0.00896857j 0.0237307+5.89504e-05j 0.0517706-0.00350118j 0.0318956+0.000507173j 0.00473188+0.000935645j 0.0498492-0.00266312j 0.0957313-0.00440819j -0.0602518+0.00296844j 0.0750353-0.00430297j 0.0269287+0.00375223j -0.00814485+0.00403258j -0.024407+0.00502726j -0.0133037-0.00198294j 0.0472859-0.00359014j -0.00220723-0.00300473j 0.0252369-0.000677776j -0.0233801-0.00383618j -0.00122798+0.00338826j 0.0254531+0.00362984j 0.030913-0.000756382j 0.0549534-0.00342934j 0.0561116-0.00331845j 0.0159764-0.00860626j -0.00611159-0.0090588j 0.0127295+0.00476546j 0.000691968+0.004284j -0.0142183-0.00523384j -0.01848-0.00950169j -0.0166555-0.00539486j 0.00684212+0.00105836j -0.0322283+0.00237698j 
0.0236395+0.0014302j -0.0157453-0.00265728j -0.00118802+9.41188e-05j -0.0146162-0.00216687j 0.025332+0.00185037j -0.0254983-0.000869518j -0.0295482-0.000576875j -0.0214168-4.71845e-16j -0.0575806-0.00346824j -0.00557094+0.00316744j -0.0788663+0.00205985j -0.045681+0.00175004j -0.0606144+0.000808604j 0.0286941+0.000407582j 0.0329956+0.000408004j -0.0185826+0.00127829j -0.0191566-0.000647688j 0.0487977-0.00213291j 0.054512+0.00361547j 0.01055-0.00225788j 0.191664-0.00160976j -0.0245885+0.00297577j 0.026717-2.63026e-05j -0.0732226-0.00175458j -0.0616081+0.00362818j -0.026938-0.00218332j 0.111398+0.0016981j -0.0167472-0.00677007j -0.0232699-0.00508401j -0.00485368-0.00212392j -0.050765+0.00369629j 0.0922567+0.00593283j 0.00505587-0.00142132j -0.00348668+0.00476131j -0.0338669+0.00317625j -0.00839147+0.00391058j 0.0906261-0.00241666j 0.010285-0.0005474j -0.0580203+0.000624617j -0.0383685-0.00182057j -0.00767987+0.000688152j -0.00988058+0.00282146j 0.0360416-0.00413813j 0.00389369+0.000248746j 0.0256227-0.00377346j -0.108504-0.00223758j -0.0615295+0.000428474j -0.0457308-0.000935122j -0.0599113+0.00213507j -0.0234888+0.00406239j 0.0411049-0.00105471j -0.0502594+0.00186457j -0.0170953+0.001041j 0.0543873-0.00393814j 0.0910062+0.00786296j -0.0645047+0.00358249j -0.0487979+0.0014824j 0.00211559+0.00398212j -0.102092-0.00021858j 0.119661-0.00957113j 0.0485182-9.91107e-05j 0.101747-0.000794377j 0.100381-0.000869666j 0.0198286-0.000175455j 0.0309269-0.00277924j -0.0608806+0.00562865j -0.052634+0.00156963j 0.060564+0.00580703j -0.0961622-0.000987716j -0.0216537+0.00389896j 0.0361769+0.00372767j 0.0559509+0.00476133j -0.00423436+0.00162085j 0.158365-0.00286335j 0.0210517-0.00550969j 0.00248612+0.000409327j -0.0431595+0.00293227j -0.0736525+0.000462762j 0.014765-0.0109208j 0.0194853+0.0014803j 0.0214362+0.00367219j 0.00475617-0.00626776j 0.00115188-0.00799219j -0.0126336-0.00106354j -0.0120885-0.000198232j -0.0227897+0.00136747j 0.00257753-0.00692864j 0.00834338+0.00770996j 0.0094285+0.00117116j -0.0139032-0.00702391j 0.0365313-0.000815972j 0.00979996+0.00282329j 
0.00715782+0.00259899j 0.0177573-0.000651527j -0.0692037-1.74855e-05j -0.0116964+0.00298274j -0.128428+0.000770928j 0.0514032+0.00277315j -0.231892-0.00398025j -0.0575806+0.00346824j 0.501792-1.18698e-14j 0.150357+0.00329722j -0.0522156+0.0015274j 0.254638+0.000449446j -0.0771802+0.00439521j 0.00333624+0.000379889j -0.00856617-0.00282446j 0.00759776-0.00037148j 0.0435626+0.000601749j -0.00123326-0.0022882j 0.173646+0.000687432j -0.113817-0.00261652j -0.0591332+0.000678999j -0.100722+0.00187852j 0.059463-0.00162053j -0.0463305+0.00146075j -0.0994896-0.00151399j 0.0368402+0.00666603j -0.0300294+0.00342875j 0.124297-0.00289854j 0.107009+0.00188739j 0.091919+0.00270427j -0.0383028-0.00414821j -0.0792524+0.000753893j -0.175498-0.00430442j -0.0729998+0.00196645j -0.0148023+0.00218469j -0.0648611-0.002812j -0.0739179-2.84982e-05j -0.0090427-0.00408611j 0.0788133+0.0040635j 0.0159732-0.000953501j 0.0165258+0.00162077j -0.0311606-0.00119212j -0.0135821-0.00155012j 0.0272047-0.000310553j -0.00453854+0.00131233j 0.0275424+0.00163176j -0.00712218-0.0010116j -0.0428801+0.000182582j -0.0381967-0.00488464j -0.0435043+0.00206441j -0.0086113+0.00348298j 0.0167228-0.00673729j 0.0251302-0.00103795j 0.0361372+0.00571418j -0.0890053-0.00164829j -0.0363387+0.00379318j -0.0147242-0.00119211j -0.0252959+0.00221948j -0.0589293-0.000757601j 0.0390942+0.00329361j 0.0545361-0.00258477j -0.0142996+2.7709e-05j -0.00402009-0.00215213j -0.00170748+0.00257019j 0.0475051-0.000513737j 0.0139982+0.00225776j 0.0523562+0.000418019j 0.186628+0.00112084j -0.145443+0.00434468j 0.0753158+0.00065694j 0.0552164+0.00190036j -0.0418183-0.000763802j -0.0743657+0.00011421j -0.0367129-1.01679e-05j 0.0946655+0.00151698j -0.0100323-0.00276422j 0.0215795-0.00202158j -0.0114948+0.0010276j 0.0727155-0.00186922j -0.0357154+0.00115993j 0.0447319+0.00138254j -0.018663+0.000620253j 0.0181804-0.0034132j -0.00774098+0.00183932j -0.0580578+0.00605158j 0.0404181+0.00396502j -0.0128813-0.00346839j -0.0938362-0.0038579j -0.00759281-0.0174107j 0.0642655-0.00517768j 0.0164865+0.00733978j -0.0386536+0.00645081j 
-0.0207346-0.00234695j -0.019136+0.00214976j 0.0163574-0.00357555j -0.0363985-0.00368008j -0.0176893-0.000876523j 0.00165658-0.00145593j -0.0426357-0.000433579j -0.00557094-0.00316744j 0.150357-0.00329722j 0.0134834+2.49909e-16j -0.0362184-0.00107141j 0.184773+0.000825304j 0.0799482-0.000702775j 0.0515087-0.00179438j 0.00088125+0.0049926j -0.0743503+0.00165709j 0.0884023+0.00176435j -0.071823-0.00247945j 0.06637+0.000915435j -0.024684+0.000550017j -0.0439252-0.000594114j 0.112141-0.00202995j -0.163927-0.000445839j -0.027119+0.00270782j -0.0907275-0.00348742j 0.0432593+0.00358265j -0.226459+0.00252318j 0.00367072+0.00233716j -0.042507+0.00254913j -0.0241491-0.0061203j 0.0679285+0.00194134j 0.0728047+0.00462552j 0.117678-0.00352375j 0.00139399+0.0034271j -0.0345347+0.00164285j 0.00682899-0.00282886j -0.0461936+0.000567947j 0.0271817+0.00181569j -0.0551982-0.00188725j -0.0115512+0.00100605j 0.0420624-0.00406j 0.0262586-0.00397693j 0.0541955+0.00129335j 0.0550861-0.000469722j -0.0438144+0.00833854j -0.00535725-0.0030085j -0.0342414-0.000818537j 0.0105114-0.000866539j 0.117984-0.0045607j -0.0172038+0.00242128j 0.056075+0.000274495j -0.0668854-0.00198365j -0.00800521+0.00520504j -0.0773563+0.00416172j 0.0331022+0.00412396j -0.0412032+0.00569795j 0.0168084+0.00444086j -0.0918927-0.00157885j -0.0388978+0.00488235j 0.0139159+0.00397532j -0.00486894+2.33487e-05j 0.113971-0.0001917j -0.0157405-0.00240498j 0.0214963+0.00429214j -0.0535463+0.00286008j -0.00453287-0.00358082j -0.0922852-0.00115152j -0.229523-0.00285314j 0.10788+0.00284955j -0.0793428+0.00292168j -0.123222-0.0055343j 0.0252002+0.00102809j 0.0391183+0.00136414j -0.0356353-0.0053434j -0.10318+3.79539e-05j 0.102248+0.00494849j -0.0248642+0.00110287j 0.0242271+0.00291912j -0.0906177-0.00133177j 0.0272865-0.000436343j -0.0574085+0.00619281j 0.0420051-0.000819396j -0.0432295-0.00247516j -0.0157083-0.00454845j -0.0134128-0.00208155j 0.0132537+0.00213439j -0.00293531+0.00217424j 0.0555176-0.00204892j 0.0589331+0.00565392j -0.0632356+0.00393798j -0.0338329-0.00671007j 0.0312238-0.0107234j 
-0.0216417+0.00345158j 0.0329568+0.0033625j -0.0330572-0.00416046j -0.0525268+0.00387653j -0.014766-0.00204877j -0.0231647-0.00065535j 0.10018-0.00131283j -0.0788663-0.00205985j -0.0522156-0.0015274j -0.0362184+0.00107141j 0.0155655-2.93385e-15j -0.107785-0.00328539j 0.0674487+0.00212055j 0.00790917-0.00164092j -0.0687024+0.00213078j 0.0481458+0.00134843j -0.0139744-0.000524653j 0.0326387-0.000817591j 0.0877259+0.000124341j -0.0609477-0.00441311j -0.0878908-0.00350114j 0.0581499+0.00274327j 0.0552135+0.00044626j -0.157637-3.97936e-05j 0.0127661-0.00235068j -0.100698-0.000913807j 0.0406232-0.00758792j 0.0766848+0.000975653j 0.0920106-0.00482396j -0.0380727-0.00270199j 0.247317+0.00565441j 0.00418575+0.00192221j 0.0962777-0.00276459j -0.190551+0.000928068j -0.0562715-0.000838831j 0.0842017-0.00350841j 0.00374755-0.00279772j 0.0493157+0.000551387j -0.00518797+0.00268387j 0.120886+0.00150524j 0.0446449-0.000127917j 0.0139293+0.00267845j 0.00592573-0.000990138j 0.0333983-0.000959416j -0.143354-0.00114452j -0.0801523+0.00117924j -0.0216607+0.000717397j 0.0680713-0.00127238j 0.0712087+0.00292339j 0.0361239-0.000920677j 0.00257364-0.000612194j 0.0737226+0.000837615j -0.0689722+0.00171995j -0.103929-0.00622989j -0.012406+0.00527977j -0.0269525+0.000462783j -0.0618576+0.000697072j -0.182654-0.000476725j -0.0225984+0.000395588j -0.0768688-0.006062j -0.0481116-0.00135435j 0.115108+0.00495598j -0.0689749+0.00144778j 0.0152117-0.00172054j 0.00328635+9.06726e-05j -0.00324348+0.00135216j 0.000162664+0.00153452j 0.101498+0.00378134j -0.0495296-0.00195958j 0.109613+0.00152377j -0.0917722+0.00183063j -0.129638-0.00280594j -0.0646136-0.00397869j -0.408459+0.00108207j 0.0788888+0.00341557j 0.0917843+0.000646306j 0.0708939-0.00180984j 0.0878172-0.00131427j 0.0843456+0.00470649j 0.0153437-0.00079373j 0.0131326-0.00277808j 0.0238864-0.00191562j 0.0301963-0.000794407j -0.071421-0.00399328j -0.0231562-0.00594861j 0.0292003+0.0080045j -0.0715712+0.00553007j -0.0135191-0.00306364j 0.130223-0.0113247j 0.0677055+0.0136623j -0.0478824+0.0183246j -0.0689152-0.0103427j 
0.00289074-0.00148974j -0.0139735+0.00015912j -0.00450979+1.50408e-05j -0.023022-0.00119862j -0.0523637-0.0010347j 0.0384632-0.000302038j -0.133789+0.00163409j -0.045681-0.00175004j 0.254638-0.000449446j 0.184773-0.000825304j -0.107785+0.00328539j 0.129299-9.34149e-16j -0.0904679+0.00361602j 0.0666865+0.000374432j -0.142053-0.00468014j -0.0590183-0.00103662j 0.111078-0.000602642j -0.0140691-0.00578866j 0.0554771+0.000360738j -0.106817-0.00153071j -0.135567-0.00355029j -0.0115515+0.00432076j -0.00967278+0.00280759j 0.0484125+0.00566564j 0.0781633+0.00667593j -0.0865582+0.00710427j 0.157823-0.00553579j -0.0883831+0.000674858j -0.156031-0.00029751j -0.00297287+0.000175466j 0.03511+0.00368247j 0.106975-0.00380779j 0.210631-0.00143517j 0.0222052-0.00105838j 0.047902+0.000967868j 0.100107-0.00356007j 0.0923391+0.00220797j -0.0208622-0.0069112j -0.102814+0.00613216j -0.0093836+0.00583133j -0.0817416-0.000603821j 0.0328654+0.00145783j -0.00822926-0.00111904j -0.0380937+0.000458199j -0.0428508-0.00267069j -0.0952058+0.00301021j 0.0103161-0.00127243j 0.0788366-0.00312118j 0.0991642-0.000563161j 0.121591-0.00123841j 0.140519+0.00150036j -0.0520261-5.35271e-05j -0.0994594+0.000152928j -0.0533797+0.00199512j 0.103953-0.0026772j 0.0817606-0.00328253j -0.0372606+0.00176506j 0.115643+0.00314089j 0.0464008-0.000986848j -0.0192605-0.00409904j -0.042951-0.00285872j -0.00531556-0.000466597j 0.0901274-0.000589518j -0.000600128-0.00133597j -0.0292805-0.00222354j 0.0251612+0.00233318j -0.080056+0.00151611j -0.0683191-0.00348324j 0.0589953+0.00613554j -0.056033-0.000424443j 0.00534223-0.0013336j 0.104602-0.00608336j 0.0592363-0.00269646j 0.11334-0.00186325j -0.0417129-0.00326804j -0.0164055-0.00137453j -0.029533-0.0052627j -0.0331391-0.00400051j -0.104152+0.00407558j 0.00941412+0.000447037j -0.0416236+0.00176265j 0.0204034+0.000226379j 0.00512445-0.00133645j 0.0182339+0.0015179j 0.0131799-0.0057111j -0.0456009-0.00111892j 0.00903138+0.00443971j 0.0667504-0.00163808j -0.0161638+0.00891556j -0.0756828-0.000608078j 0.00781586-0.00906205j 0.0276398-0.00235383j 
0.032147+0.0014226j -0.00328516-0.00382656j 0.0167524+0.00282984j 0.00465498-0.000798949j 0.0100152-0.00170717j -0.0107889-0.0022523j 0.0166521-0.000615119j -0.0606144-0.000808604j -0.0771802-0.00439521j 0.0799482+0.000702775j 0.0674487-0.00212055j -0.0904679-0.00361602j 0.0512359+4.91859e-15j -0.0250256+0.000810469j -0.00383212-0.00196124j 0.00333342-0.000895831j -0.106374-0.000248651j -0.0323833-0.00267695j 0.097099-0.0017044j -0.0253201+0.000488258j -0.0949898+0.00263273j 0.322071+0.00173164j -0.00457705-0.000669339j -0.0783573+0.00552564j 0.0526591+0.00119245j 0.0462388+0.00128912j -0.0284592-0.0073539j -0.104674+0.00213542j -0.155871-0.00157995j 0.183094-0.00489799j -0.0294372-0.000765779j -0.185256+0.000700936j -0.0632335-0.00424202j 0.119731+0.000204152j 0.00598797-1.18321e-05j -0.151364-0.00262306j -0.0661642-0.00196774j 0.0219782+0.000229859j 0.0131339+0.000754428j -0.123701+0.00324911j -0.0634588-0.00238798j 0.0565798+0.00317194j -0.0930571+0.00149121j -0.0121471+0.000575473j -0.00770324-0.000553132j 0.024476-0.000227179j 0.0599971+0.000232977j -0.018456-0.00161512j -0.0519736-1.59707e-05j 0.0295087-0.00108948j 0.104759-0.0035091j -0.155619-0.000229557j 0.0177294+0.0045484j -0.000329845-0.00243306j -0.0301029+0.00268498j 0.050434+0.000130248j 0.0352062+0.000714961j 0.0721894+0.00204466j -0.0331227+0.00734446j -0.065769+0.00699075j 0.0240435+0.00324393j -0.0886002+0.00436133j 0.0388331-0.000870939j 0.00214417-0.001975j 0.0150155+0.00368825j -0.0136394-0.00581237j 0.0366849-0.00350561j 0.242559-0.00222922j -0.149403+0.000890715j 0.0431658+0.000410569j 0.136569-0.00309429j 0.0176238-0.00129217j -0.0240692-0.000265539j 0.095763+0.00129857j 0.101601-0.00389492j -0.131231-0.00219653j 0.0287442-0.000546729j -0.10567-0.000875479j 0.0753626+0.00348181j 0.00516547-0.00383428j 0.0745979+0.00411077j -0.0498592+0.00438503j 0.0697936+0.00627798j 0.0241951+0.00137009j 0.036282-0.000785644j -0.0306801-0.00776266j -0.0101884-0.00785691j -0.0613593+0.00473415j -0.109564-0.00503291j 0.0449241-0.0139577j 0.0518821+0.00194376j -0.0348888+0.0151224j 
0.0210646+0.00242362j 0.0100403-0.00133419j -0.0073082+0.000386401j 0.0109186-0.00119628j 0.00719882+0.000496651j 0.0133262-0.000715762j -0.0419813-8.95947e-05j 0.0286941-0.000407582j 0.00333624-0.000379889j 0.0515087+0.00179438j 0.00790917+0.00164092j 0.0666865-0.000374432j -0.0250256-0.000810469j -0.126983+5.36897e-16j 0.0956857-0.00375495j 0.0324269-0.0018441j -0.0706855+0.000743068j 0.0398702-0.000647284j -0.053557+0.000296517j -0.129895-0.00302309j 0.0162793+0.00116806j 0.115819-0.00348466j -0.419931+0.00463443j 0.0960619+0.000260575j 0.0400014+0.000232666j -0.042189-0.00438927j 0.0603883+0.00297573j 0.151468-0.000422172j 0.167108+0.00162391j -0.173815-0.00191718j 0.190692-0.00298236j -0.0321766+0.00362672j -0.0392967+0.000743497j -0.0484173-0.000935633j 0.00342126+0.000220273j 0.0147822+0.00383837j -0.0342482+0.00463381j -0.0277513-7.17896e-05j 0.0219932-0.00513528j 0.00870411+0.00120911j 0.00256597-0.00272567j -0.0104251-0.00386029j 0.0255258-0.00128079j 0.0708566-0.00139804j -0.0591022+0.00381706j 0.058526-0.00263602j 0.0905998-0.0008208j 0.102057-0.000174769j -0.0779655+0.00240956j 0.0327413-0.00319459j -0.0458816+0.0029652j -0.123397+0.00123613j 0.0285916-0.00189607j -0.109232+0.00562882j 0.0632184+0.000563472j 0.0756379-0.0030341j -0.0223038-0.000286568j 0.0121615+0.00289618j -0.0111867-0.00115218j -0.0373258+0.00189334j 0.03591+0.000993092j 0.0193896+0.00213655j 0.0385934-0.0025372j 0.0398784+0.00392524j -0.0176951+0.0020541j 0.0237545-0.00574429j -0.0520077-0.00647043j 0.0607301-0.0039155j -0.0324621-0.00269639j -0.00559547+0.00144174j 0.0460952-0.00512209j -0.017188+0.00136292j -0.0349959-0.00221881j -0.0278606+0.00162556j -0.00114965+0.00955623j -0.0541252+0.00215519j 0.0327121+0.0019886j 0.0019604+0.00879368j -0.0482909+0.00595599j 0.00662917-0.00565421j 0.0276822-0.00444671j 0.00548083+0.00382973j 0.0183916+0.00668794j -0.00350994+0.00383758j -0.0023698-0.00191189j 0.00516838-0.00489892j 0.00294221+0.00264076j -0.0214929-0.00216535j -0.000228877-0.00268538j -0.0012421-0.003247j 0.008289+0.0019951j -0.0201962+0.000497061j 
-0.0402612-0.00246892j -0.00902561+0.00454875j 0.0186225-0.00167599j -0.0164284-0.00143009j 0.0256128+0.00294253j 0.0513203+0.000669345j 0.0414027+0.000771008j 0.0329956-0.000408004j -0.00856617+0.00282446j 0.00088125-0.0049926j -0.0687024-0.00213078j -0.142053+0.00468014j -0.00383212+0.00196124j 0.0956857+0.00375495j -0.159068-7.15628e-16j -0.0197378+0.0034205j 0.00183188-0.00118815j -0.0457131+0.000513387j -0.0329776+0.00243011j 0.018601-0.00330977j 0.0708087-0.00382872j -0.0329285+0.000169183j -0.322351-0.00687115j -0.101502+0.000313081j -0.0708301-0.000146794j -0.056754+0.00182034j 0.241065-0.0040239j 0.00215787-0.00140381j 0.163891+0.000410324j 0.118968+0.00412366j -0.246601-0.000120285j -0.116866+0.000806495j -0.0269117+0.00307441j -0.0207154+0.00562574j -0.0055678-0.000991676j -0.01188+0.00184409j 0.106806-0.00269829j -0.113268+0.00124217j 0.0360955+0.00276731j -0.0955075-0.00299227j 0.0192683+0.0020232j 0.0514973+0.00279892j -0.0674582+0.0035814j -0.040332+0.00230833j -0.110431-0.0032157j 0.0179439+0.000313701j 0.0986842-0.00424744j -0.0112421-0.00378885j -0.0517018-0.00258325j -0.110254-0.00387544j 0.00576523+0.00452805j -0.0969155-0.00680092j -0.129603+0.00189181j 0.173732-0.000331474j -0.137295-0.0016494j 0.0451976-0.00139254j -0.0770668+0.00147897j 0.0330644-0.00155986j -0.00491082+0.00109289j 0.0138885-0.000909149j 0.0133249+0.00395086j -0.00869417-0.000344478j -0.0426023+0.00487146j 0.0268786+3.57909e-07j 0.0399131+0.00257391j 0.0677952+0.00131642j -0.0365742-0.00286585j -0.0977749-0.00119184j 0.0577393+0.00234242j -0.0743494+0.000203875j -0.0265513+0.00151956j -0.00763186+0.00310057j 0.0634217-0.00194314j 0.0188769-0.00187323j -0.0655947-0.00203327j 0.0506753-0.00457916j -0.0746509-0.00240101j 0.031745+0.00277496j -0.0937376+0.00185743j 0.0168749-0.000983205j -0.0190064+0.00145535j 0.023329-0.00909847j -0.0661982+0.00389334j 0.0228844+0.00974659j -0.0155954+0.008905j 0.0391003-0.00261689j 0.0525412+0.00204156j 0.000578783+0.0019848j -0.00739265+0.00509297j -0.0532152-0.00330406j -0.0225068-0.0100486j 0.0538206-0.00805969j 
-0.0176772-0.00118666j -0.000573299+0.0021672j -0.0031831-0.00160371j -0.0143329+0.0013242j -0.00382692+0.00249438j 0.036131-0.000424284j 0.0336918-0.00132966j -0.0185826-0.00127829j 0.00759776+0.00037148j -0.0743503-0.00165709j 0.0481458-0.00134843j -0.0590183+0.00103662j 0.00333342+0.000895831j 0.0324269+0.0018441j -0.0197378-0.0034205j -0.00232207+1.47495e-15j -0.0222734+0.00138068j 0.159003+0.000833443j 0.0382949-0.00149039j 0.0913039-0.00579539j -0.194131-0.00335089j -0.0341731-0.00302464j -0.170322+0.00117485j 0.0783976+0.00566009j -0.464388+0.00169105j 0.338521-0.00461353j 0.0261386+0.00329732j -0.151669-0.00051304j -0.230283-0.000785189j -0.0046641+0.0017474j -0.096731+0.00184212j 0.176879-0.0033449j 0.0261492-0.00144061j 0.116892+0.000926055j -0.0407908-0.00107804j -0.0217526+0.00615911j -0.021231-0.000705462j 0.0419878+0.000100915j 0.0679988+0.000591102j -0.0428153+0.00122791j 0.0715734-0.00118103j 0.0552164-0.00251321j -0.00918407-0.00050172j 0.0757834-0.000766292j 0.0408957+0.000214593j 0.0100671-0.00302295j -0.125367+0.00451249j -0.0285033+0.00310663j 0.0388615+0.00350992j -0.0435147+0.000183773j 0.0898143+0.00346369j 0.0636185-0.00142195j -0.060795+0.00622179j 0.0159259+0.00580735j -0.172025+0.000820975j 0.101437+0.00226386j -0.0226089-0.0021802j -0.0263926+0.00075594j 0.0538382+0.00446465j 0.0446052-0.000415564j 0.0158198-0.0018627j 0.013527+0.00112441j -0.042502-0.00313932j -0.0205557+0.0068351j 0.0154734+0.00469158j 0.0241767+0.00335627j 0.00650099+0.000888025j 0.0325958-0.00181265j 0.00463054-0.00211939j 0.00312155-0.00119133j -0.0188171-0.00397293j -0.000462314-0.000215869j -0.0321186+0.00225644j -0.0883215-0.00122705j 0.0170102-0.00114721j 0.0298935+0.0056702j 0.00101715-0.000289104j 0.0071591-0.00502955j 0.0278162+0.00316734j -0.0103674+0.00222691j -0.0320067+0.00678836j 0.0116369+0.00335001j -0.020507-0.00312838j 0.0188823-0.00112552j -0.0146939+0.00395968j 0.0240366-8.64225e-05j -0.0378334+0.000965016j -0.00855283-0.000818881j 0.0156031+0.000176781j 0.00996636+0.00178672j -0.0142542-0.000330522j -0.00150626-0.00252761j 
0.0154479+0.000302399j 0.000430307-0.00212432j -0.0106133+0.000472414j 0.010379+0.000362076j -0.044068-0.00185627j -0.00360372+0.0008829j -0.0221361-0.00275992j -0.0191566+0.000647688j 0.0435626-0.000601749j 0.0884023-0.00176435j -0.0139744+0.000524653j 0.111078+0.000602642j -0.106374+0.000248651j -0.0706855-0.000743068j 0.00183188+0.00118815j -0.0222734-0.00138068j -0.430763-5.95776e-14j -0.0556691+0.0017264j -0.0021374-0.00191833j 0.211754+0.00266233j -0.0685803+0.00174907j -0.182675+0.00193283j -0.137043-0.00303944j -0.0934706-0.00227538j -0.0760967-0.00389306j 0.100742+0.00295226j 0.14654+0.00123472j 0.204098-0.00364755j -0.191773+0.00122439j -0.236858-0.00423032j 0.0833365+0.000485531j 0.0163525+0.00184784j 0.123748-0.00191451j 0.0412195-0.0024168j 0.0255475-0.000335786j 0.0520165+0.00182921j 0.0743672-0.0043497j -0.0149922+0.000891351j -0.0809531+0.00102831j 0.027266-0.000305995j -0.0306448+0.00504167j 0.0196016-0.00135482j 0.0367398+0.000697441j -0.0135534+0.00199253j -0.0208211-0.00218111j 0.10357-0.000553671j 0.0343008+0.0012581j -0.0766911-0.000865545j 0.0631276+0.00018834j 0.116136-0.00121821j -0.0274918-0.002269j 0.0720949+0.00320681j 0.00654182-0.000924889j -0.036334+0.00155449j 0.170694+0.00537596j 0.0691155+0.00151115j 0.0539676+0.000233089j 0.0136265-0.00157269j 0.0108466-0.00642365j 0.013742-0.00348459j 0.00116186+0.00129041j -0.00449256-0.00128327j 0.0221472-0.00444957j -0.0456409+0.0100811j -0.0292834-0.00107755j -0.0493293+0.00263498j 0.0229435+0.000382557j 0.0239942-0.000961506j -0.0523135-0.00125675j 0.0174399-7.33289e-05j 0.0581535-0.000414573j 0.00088844+0.00341399j 0.0159278+0.000695555j 0.0549063+0.00313049j 0.00538405+0.00496878j -0.051069+0.00118547j 0.0455642-0.00357959j -0.030482+0.0039323j 0.00634929-0.00104781j -0.0366269-0.000150491j 0.00244995-0.00256856j -0.0414025-0.000453535j 0.0471919-0.00100543j -0.000373799+0.000379098j 0.00937262-0.00848489j -0.0475853+0.000402703j -0.00655706-0.00332822j 0.0247904-0.00406867j -0.0088369+0.00363981j -7.56749e-05+0.000472636j 0.0242122+0.000470009j -0.00849451+0.00531955j 
0.00186131+0.000410481j -0.00093473-0.000549793j -0.0170637-0.000266528j 0.0135626+0.00127787j 0.0411727+0.00271786j 0.0237424-0.00164543j -0.0657773+0.00159061j 0.0487977+0.00213291j -0.00123326+0.0022882j -0.071823+0.00247945j 0.0326387+0.000817591j -0.0140691+0.00578866j -0.0323833+0.00267695j 0.0398702+0.000647284j -0.0457131-0.000513387j 0.159003-0.000833443j -0.0556691-0.0017264j -0.539506+6.18169e-15j -0.143753+0.00279711j 0.0803673-0.00207864j -0.0359754-0.000569516j 0.00659606+0.00208228j -0.0178939+0.00307406j -0.144696+0.000577968j -0.309206+0.00155122j -0.226763-0.000922778j -0.0611609+0.000481664j 0.00924003+0.00214963j 0.0233616+0.000709485j -0.0680265+0.000602148j 0.023416-0.00100092j -0.019535-0.000102363j -0.0333911+0.00297854j -0.0558429+0.000137404j 0.0398033+0.000263358j 0.0241393+0.00150933j -0.111442-0.000163788j -0.0296166+0.00126829j -0.121987+0.00143947j 0.065844-0.000683318j 0.0631905-0.00166814j 0.0426906-0.000173768j -0.00318798+0.00109295j -0.0204202-0.00441312j -0.112557+0.00671987j 0.0639436+0.000448472j -0.0171555+0.00281606j -0.0885924+0.00177345j 0.142058-0.000630767j -0.0622692-0.00134512j -0.0387841+0.0017398j -0.0631362-0.00209351j -0.0716874+0.00209056j 0.0460259-0.00358557j -0.0173127-0.000503162j -0.00250865-0.00049324j 0.22731-0.00272748j 0.12137+0.00111501j 0.069754+0.000628049j -0.00204127-0.00250859j -0.0756809+0.00117112j 0.0280676+0.00235618j -0.000775616-0.000411499j 0.0522391-0.000168111j 0.0252301-0.00193839j -0.00345148+0.00118869j 0.0464424-0.000313479j 0.0153235+0.000924564j -0.0411057-0.00168607j 0.0655888+0.000144761j 0.0179015+0.00205988j -0.00805056+0.000330594j 0.0243136-0.00314163j 0.0606248-0.00108253j 0.0745328+0.00170234j -0.0353402-0.00106955j 0.0297252-0.00504228j -0.0125793+0.00414361j 0.0196999-0.00120467j -0.0149962+0.00467243j 0.0371376+0.00326938j 0.00393505-0.00350095j -0.00346786+0.000577919j 0.0470095-0.00846161j 0.0365004-0.00113019j -0.00853181+0.0013071j -0.0135529+0.000881879j -0.028584+0.000580565j -0.0112115-0.00315259j 0.0196966-0.00140721j 0.0146854+0.00114536j -0.00447191+0.00203016j 
-0.0143893+0.00144795j 0.0216845+0.00200608j -0.0285634-0.000903305j -0.0116279-0.00119178j -0.0359613+0.00371542j 0.0783098-0.00201707j -0.0519905+0.000359906j 0.054512-0.00361547j 0.173646-0.000687432j 0.06637-0.000915435j 0.0877259-0.000124341j 0.0554771-0.000360738j 0.097099+0.0017044j -0.053557-0.000296517j -0.0329776-0.00243011j 0.0382949+0.00149039j -0.0021374+0.00191833j -0.143753-0.00279711j -0.177811-3.91443e-14j -0.00550751-0.00158329j -0.0972714+0.000440222j -0.231827-0.00145449j 0.168608-0.00249083j 0.197874-0.00244354j 0.174242-0.00129009j -0.0523498+0.00340075j -0.101698+0.00148175j -0.203601+0.001401j -0.221766-0.00041455j -0.027249-0.000222502j -0.0637701+0.00187932j -0.00312256+0.00503402j 0.10201+0.00582012j 0.0880845+0.00142637j 0.10703+0.00084783j 0.00981316-0.00229384j -0.0661592+0.00266284j -0.0114743-6.94008e-05j -0.123813-0.00515252j -0.0463769-0.000693457j -0.0903933+0.000330587j -0.0521489-0.000127782j -0.0551215+0.00285481j -0.0214987+0.00392785j 0.0317539-0.00327138j 0.0797171-0.000620738j -0.0406937-0.00523469j -0.0717765+0.00150765j -0.00262611+0.00492963j -0.0453796-0.000894045j -0.0089019+0.0039921j -0.106411-0.00179541j -0.00937587-0.0036362j 0.00639205-0.00425977j -0.0124186+0.00494588j 0.0524681+0.000896538j 0.0981417+0.000182824j 0.0384641-0.00109602j 0.0874882+0.000533547j -0.0895841+0.00542509j -0.0661952-0.00226766j -0.0566413+0.000462743j -0.0421796+0.00221766j 0.00941967+0.00300081j -0.0136031-0.00162833j 0.0693688-0.00339065j 0.0205714+0.00139616j -0.0359894+0.000996773j -0.0112759+0.00331635j 0.067441+0.00260176j -0.0111111-0.00105627j -0.0497212+0.000172359j 0.0178049+0.00138946j -0.231628-0.00178618j -0.0363154-0.000143911j -0.00770849-0.00390036j 0.013464-2.94674e-05j 0.0419873-0.00572334j 0.0454572+0.00302109j 0.0398688+0.0010414j -0.0257474-0.00275869j 0.0461335+0.00403462j -0.0181378+0.00159193j 0.0248754-0.00129425j 0.0971987-0.000255297j 0.0528274-0.0103863j -0.0420569+0.000999357j 0.00229589+0.00675142j -0.00473363+0.00471469j 0.0113498-0.000877056j -0.0346867+0.00550147j -0.0198659-0.0056933j 
