-0.169956-5.37764e-17j -0.024312+0.017438j -0.0375059-0.0468977j -0.0544861-0.109048j 0.0261292-0.0215348j 0.0201694-0.00327261j -0.0179346-0.101021j -0.000397247-0.0350357j -0.000214476-0.0310321j 0.028966-0.0335354j 0.000243606+0.0195294j 0.0281262-0.0317327j 0.0176342+0.033481j 0.00794153+0.047914j 0.0313962-0.004079j 0.0143043-0.0151728j 0.00202357+0.0351352j 0.0146955+0.0237275j -0.0123808-0.000343306j 0.0102325-0.0153151j 0.0055151+0.00336052j -0.0112925+0.00500249j -0.00688797-0.02611j -0.00366472-0.0250754j 0.0119905-0.0251264j -0.0171159+0.00752608j -0.0130585+0.00363827j 0.0168715-0.00102762j -0.0133441-0.0133639j 0.0200575-0.0149379j -0.00414423-0.0129957j 0.00625306-0.0109301j 0.00670852+0.00538945j 0.0223062-0.00762434j 0.00519574-0.0102216j -0.00729762-0.00858793j 0.00462469-0.00885104j 0.0127823+0.0227615j 0.00806936+0.00346587j 0.0210281-0.00607484j 0.0160733+0.00907601j 0.00666794-0.0113548j 0.0173821-0.0102055j 0.0119444-0.030963j 0.00392817-0.000148807j 0.00704571+0.00437363j -0.00872825+0.0214602j 0.0141048-0.00850516j -0.00747554+0.000771862j -0.0113474+0.0243269j -0.00124364-0.00265647j 0.00417729-0.00311051j -0.0298924-0.00409418j -0.00127313-0.0148322j -0.00871515+0.0115021j 0.0153341+0.0160491j -0.027563-0.00146095j -0.0115747+0.0261269j 0.0104399-0.0243171j -0.0185305+0.0128677j -0.0179189+0.0324696j -0.0131121-0.0139126j -0.0300209+0.00776678j 0.00233963+0.00105306j -0.0120723+0.0245504j -0.0116724+0.027874j -0.00880815+0.00461539j 0.0180125-0.0313687j -0.0148106-0.0260831j 0.00232989-0.000859618j 0.00980572+0.0353657j -0.0557807-0.021574j 0.00628384+0.0166171j -0.00929436-0.0236875j 0.0137589-0.00439229j 0.0203585-0.00412751j -0.0124474+0.0353828j 0.0220387-0.00738826j -0.0480248+0.0471979j 0.0238651+0.0421198j -0.00694451-0.0124468j 0.00526081+0.00258534j -0.00265234+0.0234175j -0.0649632+0.0631618j 0.0879082-0.142077j -0.0575753-0.266756j -0.390081-0.0631024j -0.0254356-0.165236j 0.0292259-0.182098j -0.0952979-0.0107111j -0.0100542-0.00849507j -0.185785-0.0282622j 
-0.024312-0.017438j 0.17094-2.51535e-17j 0.083637+0.114808j -0.0307413-0.0528678j 0.0158507+0.0511698j -0.0445409-0.0488507j 0.00283107-0.022572j -0.0244313+0.0952702j -0.0235441+0.0109467j -0.024989+0.00220308j 0.0243727-0.0285472j -0.012747+0.0277698j 0.0101763+0.0432187j -0.0258955-0.0534916j 0.0182856-0.0250863j 0.031337-0.0111352j 0.0137187-0.0122869j -0.00739693+0.00232605j -0.0179737+0.000912165j -0.0212225+0.0251758j -0.0206546-0.011273j 0.00581809+0.0146489j 0.012134+0.0163155j -0.00539318+0.0347035j -0.00318367-0.00757955j -0.0211033+0.0102687j -0.0135769+0.0325126j 0.00553475-0.00117586j -0.0149613-0.0129439j 0.0215382-0.00975985j -0.000354466-0.0177319j -0.0147971+0.0112627j -0.00362354+0.0141055j 0.00709447-0.00861568j -0.00865846+0.0267401j -0.00220348+0.0053935j 0.0155514+0.0213773j 0.00622901+0.000504327j 0.00409516+0.0248803j 0.00363995+0.0053032j -0.0120148-0.0169719j -0.000134331-0.034924j 0.0207077-0.0163625j -0.00354961-0.0149561j -0.00999807-0.0221151j -0.0075644+0.0191665j 0.0077986+0.0142151j 0.0103173+0.00681329j -0.0193572+0.0306718j -0.00164175-0.0237169j -0.00431395+0.0138748j -0.0221743+0.0123031j 0.00117894-0.0111511j -0.00492183-0.0079308j 0.00413947-0.00204004j 0.00208507-0.0217562j 0.002686+0.0161961j -0.00145166-0.0260485j 0.00126512-0.00596546j -0.00882229-0.00457537j -0.0146046-0.00277167j 0.0012557-0.0103282j -0.00720163+0.0188355j -0.0320421-0.0230181j 0.00146419+0.000350135j -0.0274774-0.0142507j -0.0102236-0.00734521j -0.0100135-0.0191336j -0.0139511-0.000957582j -0.0623897+0.0189096j -0.0132601-0.0240467j 0.0259062-0.0172591j 0.0108955+0.0363997j -0.00321758-0.0108866j 0.000898012-0.0190501j 0.0248167+0.0188278j -0.0062354-0.0111481j -0.0388992-0.0242656j -0.0343091-0.0189267j -0.0239567+0.065665j 4.2622e-05+0.0968495j -0.0467409+0.0416768j 0.0771598-0.0490651j -0.0217876-0.0203342j -0.0605815-0.0736366j -0.343417+0.0844749j 0.0660963+0.34652j -0.196204-0.12168j 0.0038982-0.00485175j 0.000646186-0.0441895j 0.16262-0.0114819j 0.00505118+0.0163505j 
-0.0375059+0.0468977j 0.083637-0.114808j -0.0204854-0j -0.0417624-0.0114145j 0.00283219-0.0475463j -0.0718594-0.0725899j -0.025462-0.0133543j -0.0290083-0.139731j -0.0447202-0.00683943j -0.0567918-0.0535118j 0.0452241+0.00368738j 0.0215632-0.0454775j -0.00443843+0.0393705j -0.0299062-0.0142932j -0.0124869+0.0985928j -0.0167582-0.00643602j 0.0191533-0.0211878j 0.0186934-0.0139687j 0.00548803-0.028221j 0.0294224-0.0614689j -0.00324859-0.0143987j -0.000689813-0.014122j 0.0117658-0.00399824j 0.00465661-0.0341546j -0.021849+0.0213384j -0.0283829-0.0568607j -0.00344597-0.0172899j 0.0289535+0.00817085j -0.0238467+0.00708185j 0.0167378+0.00424152j -0.00397115+0.0235636j -0.0233428-0.0209609j 0.0148901-0.0252548j -0.0132343-0.00204231j -0.00224339-0.0112009j 0.00249127+0.0151816j -0.00484373-0.0276397j 0.00274874-0.0223075j 0.00429776+0.0420145j -0.0158061-0.0246454j -0.0185436+0.047165j -0.00761792-0.0285647j -0.00415472-0.0177087j -0.00529172-0.0190285j -0.00985327-0.0313682j 0.00767256-0.0117851j -0.0105325+0.0296123j 0.0202708-0.00415948j -0.0289682+0.0069554j 0.0114571+0.0481285j -0.00349046+0.0385593j -0.0209892-0.0102075j 0.00604586-0.0357633j -0.00106874+0.00361671j -0.0190184-0.00488075j -0.00262879+0.0284777j -0.0209898-0.0698712j 0.0127456+0.012431j -0.0103014-0.00848802j -0.000393362-0.00215295j 0.0224241+0.0118946j 0.0146198-0.0241683j 0.00204179-0.0407063j 0.0381937-0.0129415j -0.0188206-0.0092568j 0.0153249-0.0507512j 0.0077849-0.040197j 0.00639096+0.0223535j 0.00182447-0.0643124j -0.0274546+0.0543644j 0.00391643-0.0253466j -0.0211562-0.0250074j -0.0208339-0.00153551j -0.0177207+0.0139074j -0.00190213-0.0280339j 0.00110952+0.008016j 0.0404974+0.0925506j -0.00383524-0.00574091j -0.0207978+0.161892j -0.0515572+0.104728j 0.0722378-0.0256325j -0.224076-0.0764475j 0.113119+0.146428j -0.0173228+0.0136903j -0.132986+0.291061j -0.0848672+0.13626j -0.122955-0.0206943j 0.035316-0.00270846j -0.00699574+0.0191695j -0.0203754+0.0642451j 0.00508424-0.0734125j 0.04951+0.0538858j 
-0.0544861+0.109048j -0.0307413+0.0528678j -0.0417624+0.0114145j 0.116289+2.08167e-17j 0.0935921+0.067267j 0.0317364+0.022906j -0.00133357-0.000354657j -0.0321937+0.00535521j 0.0189327+0.0140145j 0.0435106+0.0222218j -0.0125082-0.0242714j 0.0146357-0.0400041j 0.0272152+0.0514418j 0.0329979-0.00391765j -0.0354491+0.0317576j -0.0250859+0.0528416j 0.0134862+0.00797363j 0.0228209+0.0028161j -0.00351214+0.00832429j 0.013562-0.0470309j 0.0255412-0.00939075j 0.00813252+0.0251636j 0.0150114-0.0028206j -0.00694162-0.0207798j 0.0327077+0.00971235j 0.0350762-0.00510496j -0.0226226+0.0105547j 0.00551096-0.0101833j 0.0112436-0.0258973j 0.00469725-0.000666508j -0.0042918-0.00731719j -0.00600999+0.0271616j -0.00453751-0.0159311j -0.0120618+0.00861186j -0.0132719+0.0132887j 0.00684262-0.00411793j -0.0252162+0.0108607j -0.0149029-0.00319952j -0.0249863+0.00964017j -0.0263038-0.0126002j 0.0139265-0.00968725j 0.00390349-0.0150763j -0.0194205-0.0157892j -0.00720142-0.0204156j 0.0206621+0.00985273j -0.0108041+0.0195895j 0.0125396-0.0162282j -0.0202579-0.002279j -0.0163168+0.0499237j -0.0216175+0.00852185j -0.00262105+0.00776955j -0.00279244+0.0332389j 0.0223838-0.0047684j 0.0276535-0.0255053j 0.000178425-0.00485989j -0.0334635+0.0167599j 0.0296189-0.0434913j 0.0481228+0.0181791j 0.00838553-0.0141227j 0.00723117+0.0054218j 0.0178881-0.0159176j 0.0183505+0.0204035j 0.00421737+0.0071928j 0.022543-0.0107494j 0.0260581+0.0419637j 0.044686-0.0015697j 0.0226424+0.0379846j -0.0281696+0.034244j 0.0355147-0.0509956j 0.00267612+0.024565j -0.0765157+0.0593667j 0.0266766-0.0474127j -0.023088+0.000702538j 0.0152049+0.0219959j -0.0371629-0.0264584j 0.00136377+0.0984099j -0.0514875-0.0601168j 0.0730625-0.0781834j -0.144991+0.0709781j -0.127623+0.0199831j 0.0561308+0.192267j 0.12293-0.203779j -0.135534+0.21287j 0.00735425-0.180948j -0.147294-0.133041j 0.0219795+0.0554025j -0.0582561+0.0639056j 0.0494372+0.0483801j 0.0752526+0.118571j -0.0424711-0.015331j -0.0235664+0.0204182j -0.0464285+0.184664j 
0.0261292+0.0215348j 0.0158507-0.0511698j 0.00283219+0.0475463j 0.0935921-0.067267j 0.126196-1.249e-16j -0.0144019+0.0206221j -0.0238685-0.0431547j 0.0243282+0.00949823j 0.0437523+0.00550574j 0.0142332-0.0611566j 0.00817286+0.0352688j -0.0138624-0.044522j 0.0491366+0.0088889j -0.0228618+0.0396843j -0.0573288-0.0126135j 0.0238001-0.00173651j -0.0168564+0.0237628j 0.00798723+0.0102562j 0.0188528+0.0447531j 0.0153073+0.0327709j 0.00925646-0.00263502j 0.0226406+0.0415011j 0.0212853-0.0170217j 0.000204145-0.036139j -0.0124872+0.0249476j 0.0343595+0.0429894j 0.0102836+0.0141254j -0.014471-0.00556775j -0.0200021-0.00953308j -0.0128035-0.0121936j -0.0250918+0.0149229j 0.0291021+0.0525504j 0.0413126-0.00865771j -0.0260298+0.00975334j 0.0242725+0.0175003j -0.00876739+0.0143304j 0.0239188+0.00354236j 0.00419939-0.0247907j -0.00146262-0.0096686j 0.00817251-0.0463618j 0.00830699-0.00225286j -0.0139766+0.00404387j -0.00132168-0.0281206j -0.00240792-0.000333202j 0.0215002-0.00467033j 0.0101877-0.0058768j 0.016772+0.0348263j 0.00318796-0.041455j 0.00830279-0.0168831j -0.0377907-0.00189733j 0.0053302+0.0167365j 0.015722-0.0201617j -0.0264697-0.0132851j -0.000701545+0.0167124j 0.0223102-0.026583j 0.0266489-0.0944335j 0.0090625+0.0318386j 0.012751+0.0179707j 0.0277098-0.0225826j 0.0108241+0.0374961j -0.0243569+0.031387j 0.0230382+0.00287269j 0.0552788+0.0598534j 0.0283934-0.0069331j 0.0574688-0.0519684j 0.0235691-0.030679j -0.00116123+0.070503j 0.0671068-0.0503975j -0.0744847+0.0465028j -0.0368573+0.0374405j 0.0272316-0.00399485j 0.0863821+0.124236j -0.0142757-0.109837j 0.0609107-0.0429059j -0.0186927-0.0591143j 0.192388+0.155054j -0.0759753+0.202511j -0.00131834-0.0750462j -0.000806168+0.0589727j 0.00322809-0.0407955j -0.0260765-0.00988138j 0.00724946+0.137341j 0.0251627-0.116397j -0.152301-0.0708945j -0.0877948-0.0448471j 0.0859025-0.0781204j 0.0432804+0.0983521j 0.122749+0.0950665j 0.0365351+0.0285347j -0.00543689-0.0203035j -0.185804-0.0620471j 0.0731068+0.165578j 
0.0201694+0.00327261j -0.0445409+0.0488507j -0.0718594+0.0725899j 0.0317364-0.022906j -0.0144019-0.0206221j -0.152002-1.80411e-16j 0.0368621-0.0192156j -0.0160372-0.0249722j -0.00150069+0.0471435j 0.0448189-0.00421822j -0.0167701-0.00624853j -0.0122585+0.0159242j 0.0264701-0.0167321j 0.00181935-0.0183877j 0.0273537+0.00536772j 0.00249052-0.0211423j -0.046498-0.0741577j -0.036964-0.000148744j 0.0134706-0.00958914j 0.00922795+0.0267568j 0.0332275+0.0567461j -0.0229464-0.0166002j 0.000353921+0.0379614j -0.0380565+0.0173768j 0.00790681-0.0124652j -0.0142789-0.0300471j -0.0130459+0.0138609j -0.0269809-0.0451493j 0.0101729+0.0161913j 0.0380306+0.00946654j 0.00534662+0.0108299j 0.0250846+0.0189407j 0.00571801+0.0245345j -0.0170671+0.0167311j -0.0233597+0.0443178j 0.0315005+0.0150738j 0.00881901+0.0403553j -0.00639576-0.000614436j 0.0144414+0.00575476j -0.0242686+0.00308675j 0.0306645+0.00167138j 0.0172159+0.000439179j 0.00390962-0.00137137j 0.0328477+0.00204221j 0.038297-0.0269518j -0.0179818+0.0136445j 0.0570872-0.0136785j -0.00535723-0.0334873j -0.0318217+0.0484085j -0.0204712-0.000447479j -0.0234085-0.0208132j 0.0113011+0.0164542j -0.0388975-0.0230139j -0.0374309-0.0328853j -0.0333806-0.00381877j 0.0570161-0.046464j 0.0311823+0.0457216j -0.0051819-0.0146131j -0.0408029-0.00443283j -0.0189181-0.0108704j -0.0353301-0.00540622j 0.0936851+0.00265054j -0.0171602-0.0263363j 0.0398757-0.00253047j -0.0200466-0.0606707j -0.0518824-0.0760435j 0.0510467-0.0167318j 0.0108555-0.0318256j 0.171649+0.0934761j 0.00531173-0.0475163j -0.0492613-0.0112588j -0.0705617-0.0837253j -0.0983942-0.00665965j 0.0273326-0.0319299j -0.163484-0.0275503j 0.0610886-0.153805j 0.0191488+0.085931j -0.0141431-0.0644757j 0.113552+0.0620256j -0.0436289+0.05361j 0.0489603-0.0359008j 0.105951-0.103412j 0.094896-0.00861145j -0.144404+0.0356176j -0.0732188+0.06206j 0.0133985+0.0838711j -0.0678317-0.089094j 0.0327621-0.0344557j 0.10701-0.0433682j 0.0754989+0.0020447j -0.112748-0.333531j -0.37444-0.0213784j 
-0.0179346+0.101021j 0.00283107+0.022572j -0.025462+0.0133543j -0.00133357+0.000354657j -0.0238685+0.0431547j 0.0368621+0.0192156j 0.0789411+4.16334e-17j 0.00115264+0.0435188j -0.0404663-0.0378285j 0.0383039+0.0162046j -0.0312926+0.0250694j 0.0490365+0.0211501j 0.0132087-0.076891j 0.0110351-0.0096094j 0.00451764-0.0202367j 0.0263336-0.0445356j 0.0439174+0.0101366j -0.0156883+0.0322335j -0.0129597-0.0175676j -0.00352164+0.0189134j 0.0354887-0.00776048j -0.00122848+0.0428133j -0.0119627+0.019614j 0.0154909+0.00796754j 0.0138572-0.00554654j 0.0274311-0.0416213j -0.00137629+0.004454j -0.0107266+0.00810903j -0.01374+0.0100995j 0.0232178+0.0431735j -0.0118736-0.00220461j 0.0375475-0.015818j -0.0186038+0.0132982j 0.0370951-0.00718067j 0.0313644-0.0164019j 0.0028106+0.0222447j 0.0166945+0.00182584j 0.00250496-0.0160944j 0.0173643-0.0306858j 0.018267-0.0471841j 0.0187503+0.0250436j 0.0151639+0.0111455j 0.00903308-0.0403347j 0.0122873+0.00117712j 0.00797669+0.000380969j 0.00532652-0.0289457j 0.00676644+0.00624025j 0.0129599-0.00430893j 0.0366426-0.0512947j -0.0265378-0.00199647j 0.0133069+0.0183778j 0.012219-0.0300991j 0.0132703+0.0169213j -0.00751255+0.0345445j 0.00226001+0.0379313j -0.00655873+0.00620317j 0.00228793+0.00714296j -0.0618171+0.0137679j 0.00148937-0.0341356j -0.0342584+0.0379286j -0.0385216-0.0259497j 0.0391214+0.0192669j 0.0224193-0.0173313j -0.0169892-0.0274965j 0.0094651-0.00384823j 0.0181574+0.0530018j -0.0864661+0.0654657j -0.0159816-0.000532976j 0.024766+0.0318334j -0.0885588+0.014698j -0.0745384+0.0734918j -0.117938+0.155313j -0.0253483+0.0691955j 0.0301346-0.0796544j 0.0121053+0.17656j -0.103597-0.137198j -0.0610515-0.018693j 0.15126-0.112855j -0.0194825+0.0548804j -0.054654+0.112415j 0.0151901+0.0481085j -0.0865872+0.106184j 0.0911422+0.00729546j 0.122126-0.131109j -0.124475+0.117974j 0.00448127-0.198373j -0.00409461+0.0174473j -0.0961304+0.0509183j -0.0209869-0.125191j 0.0297125+0.00554235j 0.255619-0.115991j -0.141194-0.154022j 
-0.000397247+0.0350357j -0.0244313-0.0952702j -0.0290083+0.139731j -0.0321937-0.00535521j 0.0243282-0.00949823j -0.0160372+0.0249722j 0.00115264-0.0435188j 0.0161438+4.85723e-17j -0.00220476-0.00958431j -0.0316494-0.067919j 0.0360675+0.0159468j -0.00525752-0.0093422j 0.0272421-0.0393565j 0.0168354+0.0493084j -0.0232329+0.052363j 0.025461+0.0181801j 0.0490457+0.013763j -0.0517511-0.0547174j 0.0351212+0.0129217j 0.0468479+0.0117832j 0.000916427+0.0194674j -0.000621248+0.011416j 0.0200611-0.0588095j -0.0380072-0.0450068j 0.00153146-0.0187179j 0.0365417-0.0275348j 0.0133493+0.0156595j 0.0116893-0.0258721j 0.00577084-0.00479017j -0.0275871+0.00695458j 0.0189277-0.0121275j 0.00121559+0.0146564j 0.0138698+0.0106672j -0.0278113+0.0612323j -0.0237362+0.0329475j 0.0169788+0.00282037j 0.0144075+0.0243623j 0.00539036+0.00655536j -0.00777096+0.00983261j -0.0400592-0.0087433j 0.00823476+0.0677806j 0.00386712-0.0010239j -0.0543898-0.0285421j -0.0175305+0.0455129j 0.032171-0.0659839j 0.0119971-0.0305736j 4.35066e-05+0.104356j -0.02067+0.0202128j 0.00209033-0.0380831j 0.00640917+0.0576715j 0.0266187+0.0493148j -0.0112319-0.00293301j -0.0315869-0.024022j 0.0155569+0.0298689j -0.0061428-0.0467167j -0.00542654-0.00829268j -0.000983918-0.0107169j -0.00838066+0.0626996j -0.0366805-0.0318757j 0.0425856-0.049302j 0.000515028+0.0235488j 0.0550139-0.0681258j 0.00640321+0.0404444j 0.0199746-0.0232589j 0.0433197-0.0701617j 0.0636298-0.10585j 0.0299751+0.00489651j -0.0153746+0.0179696j 0.000835477+0.020163j 0.0259653+0.0164267j -0.0778962+0.0309662j 0.0772079-0.00997161j 0.00409738+0.0213036j -0.088636-0.00482555j 0.0603111+0.202227j -0.0780447+0.0290344j 0.151895+0.00921249j -0.0403432+0.0212035j 0.0474789-0.0468607j 0.0536414-0.186786j 0.216333-0.0106045j -0.0197376+0.0492261j 0.000714334-0.00461331j -0.12174+0.0689395j 0.0461248-0.0911697j -0.085546-0.017626j -0.079206+0.114621j 0.0454606+0.0437178j 0.185702-0.0237527j 0.0806122-0.344672j 0.198703+0.0488284j 0.075581-0.215527j 
-0.000214476+0.0310321j -0.0235441-0.0109467j -0.0447202+0.00683943j 0.0189327-0.0140145j 0.0437523-0.00550574j -0.00150069-0.0471435j -0.0404663+0.0378285j -0.00220476+0.00958431j 0.0160589+3.50414e-16j -0.108329-2.56832e-05j -0.0704192-0.00567734j -0.0191338-0.0391427j -0.0890305+0.0337991j 0.00555485-0.0424692j 0.00154038-0.0126224j -0.020506+0.00656598j 0.0214682-0.00248283j 0.0547001+0.0105956j 0.0289088+0.0601543j -0.0226624+0.0113876j 0.0307386+0.0262217j -0.00741015-0.0527114j -0.000225525-0.0289783j -0.0249918-0.0110701j 0.0176553+0.0529021j 0.0208587+0.0253529j -0.00946204+0.0191073j 0.0475262+0.0395105j -0.00520903-0.0384346j 0.0101293-0.0324273j -0.0446307+0.00767182j -0.012185+0.0695568j -0.000158149-0.0274446j 0.0225058+0.00623072j -0.0436112-0.0220449j -0.0588779-0.0348878j -0.0158153+0.0389843j 0.0310679+0.032593j -0.00457154+0.0362023j -0.00933802-0.0391142j -0.00730568+0.0366006j -0.030725+0.0265475j 0.0183209-0.0144246j -0.0149611+0.024558j -0.00096422-0.0260472j -0.0290044-0.00567223j 0.0342629-0.0331973j -0.0482755+0.000663619j -0.0207988-0.0681508j -0.048217-0.00850149j 0.00737862+0.0185364j 0.00884086-0.0770239j 0.0210987-0.023434j 0.0456273+0.0497617j 0.0322013-0.0538266j 0.0386292+0.0238121j 0.0425307-0.00894728j 0.0276399+0.00287285j 0.0228885+0.0331714j 0.0698078-0.00100531j 0.00319426-0.0367135j 0.00199467+0.0853285j -0.100705-0.0605777j 0.0141193+0.121685j 0.0980099-0.0158962j 0.00765413-0.025229j -0.0438134-0.0345232j -0.0042207+0.0206172j 0.00769888+0.149369j -0.0360383+0.021694j -0.073368+0.0133703j -0.0420345+0.0508677j -0.101604+0.0511405j 0.00862881-0.0241498j -0.14062+0.203582j -0.0474442-0.0835355j -0.093237+0.112319j -0.0112515-0.0300343j 0.0310542+0.0167953j 0.0444847-0.000262089j 0.0862567+0.151331j 0.0647689+0.0147328j -0.0494438-0.0168255j 0.0467358+0.0494875j 0.0854228-0.0503745j 0.0556936+0.0527358j 0.102363-0.0212642j -0.168219+0.0460343j 0.053553-0.257038j -0.121291+0.00252265j -0.0722349+0.0230431j 0.0176945-0.0231796j 
0.028966+0.0335354j -0.024989-0.00220308j -0.0567918+0.0535118j 0.0435106-0.0222218j 0.0142332+0.0611566j 0.0448189+0.00421822j 0.0383039-0.0162046j -0.0316494+0.067919j -0.108329+2.56832e-05j 0.0104776+1.66533e-16j -0.0110541+0.0354552j -0.0162443-0.0163279j -0.0319574+0.00756213j -0.0729633+0.00622097j -0.0117717-0.0719822j 0.00473723-0.0282709j -0.0272058-0.0206768j -0.0187067+0.0161781j -0.0164287-0.0066734j -0.0879526-0.0424325j 0.0244508-0.077824j -0.000717958+0.025399j 0.0163701+0.00539028j 0.0489443-0.000247381j 0.0193635+0.0459009j -0.0246805-0.0128487j 0.0169619+0.0498414j 0.0275357-0.0223312j -0.0247269+0.0127853j 0.0114645-0.0114282j 0.038543-0.0137711j 0.00619692+0.0234261j -0.0271746-0.0257196j 0.0359897-0.0550403j 0.00738081-0.0133997j -0.00407522+0.0381651j 0.0122025-0.00818977j -0.0517366-0.027713j 0.00173982+0.0366298j -4.60322e-05-0.0154749j 0.0390508+0.0303993j 0.0102277-0.0626708j 0.013792+0.0301164j -0.0229704-0.0715271j -0.0124888-0.00571386j 0.0083956+0.0252671j -0.0490186+0.0306337j -0.00600704+0.0129187j 0.00951389+0.0653217j -0.0157359-0.0485464j 0.0612506+0.0358491j 0.033833+0.0320445j 0.0209941-0.0313008j -0.00603171+0.00328577j 0.0300859+0.0807106j 0.0135121+0.0694888j 0.0025959+0.0649273j 0.0141719+0.0665507j 0.0545932+0.0154454j 0.0170619-0.0108216j -0.0495442-0.0986775j -0.0438705+0.0311367j 0.0359328-0.045999j -0.024187+0.00841485j 0.0069912-0.0161344j -0.0235268-0.0889526j -0.00820644+0.0183776j 0.0478696-0.106106j -0.0903663+0.0562147j 0.111701+0.0316086j 0.0827276-0.0943621j 0.0235113+0.0078599j 0.0110836-0.04155j 0.109308+0.0768181j -0.0846607-0.144091j 0.0701739-0.077166j -0.00925207+0.0649681j -0.0827818+0.0283852j 0.021295+0.112984j 0.119708+0.00563968j -0.0121118-0.0674239j 0.0822779-0.0131104j 0.0307328+0.14826j -0.0301733+0.115137j 0.100868-0.0489668j -0.0643417+0.00677686j -0.00947605-0.0352974j -0.0957548-0.068398j -0.0901383-0.00359104j 0.0361883+0.12801j 0.0438952-0.0746029j 0.0224537-0.0682436j 
0.000243606-0.0195294j 0.0243727+0.0285472j 0.0452241-0.00368738j -0.0125082+0.0242714j 0.00817286-0.0352688j -0.0167701+0.00624853j -0.0312926-0.0250694j 0.0360675-0.0159468j -0.0704192+0.00567734j -0.0110541-0.0354552j -0.056956-1.38778e-16j -0.0795443+0.0246895j -0.00506534+0.05233j 0.0181234-0.00270578j -0.00085625+0.00249325j -0.0149411-0.0116126j -0.00147451+0.00257281j -0.0615324-0.06406j -0.0127569+0.0160495j -0.00134872-0.081325j -0.0128938+0.0814826j 0.00693246-0.0450206j -0.0393318-0.0222982j -0.016836+0.0532797j 0.00654581-0.030539j 0.00377403-0.0660096j 0.019056+0.012758j 0.00544637+0.00910179j 0.0341112-0.0102435j -0.0338291-0.0245708j 0.0640311+0.0236356j -0.0540563-0.00480586j 0.040595-0.0249495j 0.00540646-0.00849071j -0.0408151+0.00292286j -0.0238703+0.0207853j 0.0337614-0.0426645j -0.0248483-0.0248682j -0.0336156+0.0364603j 0.00580223-0.0499353j -0.0118216-0.0284655j 0.0268159+0.00297571j 0.0358104+0.017387j -0.0329787+0.014922j 0.0311054-0.00999536j -0.0103749-0.00959155j 0.0694584+0.00218099j -0.0383183-0.00869908j -0.00521473+0.0441778j -0.0241432+0.0892693j -0.0295844-0.0482394j -0.00949704-0.0512472j -0.0465401+0.0314033j 0.0137981-0.00513775j -0.0129673-0.0473062j 0.0185211-0.0701027j 0.0357401+0.0770965j 0.127003+0.108312j 0.0598656+0.0236824j 0.0157886-0.0446857j -0.0250261-0.0233072j -0.002927+0.096067j 0.00442184-0.0657488j -0.0813245+0.207888j 0.0377365+0.105011j -0.182764-0.0188165j 0.0580844-0.0410677j -0.10067+0.163201j -0.039006+0.0579725j 0.0215123-0.0354893j 0.00252301+0.00763148j -0.00125123-0.0542068j -0.0194361+0.00747819j 0.127176-0.109052j -0.0640516-0.0416571j -0.0145024+0.0100426j 0.0800314-0.0582681j -0.0274569+0.0985713j 0.0510405+0.0191939j -0.180478+0.0327808j -0.0139072+0.0443309j 0.0156576+0.23269j -0.0188697-0.0838664j 0.0396831-0.00515109j -0.162393+0.00570958j 0.0445783-0.0761034j -0.12072+0.0928553j 0.0520652+0.0906352j 0.0257753+0.0334384j -0.0970378-0.0349646j -0.035772+0.0265164j 0.0420209+0.00439707j 
0.0281262+0.0317327j -0.012747-0.0277698j 0.0215632+0.0454775j 0.0146357+0.0400041j -0.0138624+0.044522j -0.0122585-0.0159242j 0.0490365-0.0211501j -0.00525752+0.0093422j -0.0191338+0.0391427j -0.0162443+0.0163279j -0.0795443-0.0246895j 0.0316276+2.35922e-16j 0.0816893-0.021044j 0.0214308-0.0146777j 0.0138052+0.0299297j -0.015976+0.00182771j 0.0309242+0.00393881j -0.0314259-0.0112108j 0.00785419+0.0142268j 0.0181114+0.0278711j 0.00447286+0.0115349j -0.0496853-0.0143022j -0.0140872+0.00514224j -0.0256353-0.00323434j 0.0110011-0.000919584j 0.00551355+0.00640577j -0.0152398+0.0321043j -0.0584846+0.0612157j -0.0279336-0.00232506j 0.0331406-0.0411062j -0.0320622-0.0129342j 0.00776552-0.0109262j -0.0440656+0.0122367j 0.017346-0.0168861j -0.00222145-0.0150402j -0.00408755-0.022896j 0.023283-0.0368545j 0.0212049+0.0284062j 0.0293108+0.00245512j -0.0178004-0.0434465j -0.0268224+0.00632787j 0.00194409+0.00993922j -0.0115388-0.104115j -0.0274936-0.0200856j -0.00669945+0.0632653j -0.00941575+0.0202349j 0.00619961-0.00459485j -0.0277111+0.0150956j 0.118054+0.0599646j 0.0141146-0.0515915j -0.0193256+0.0657576j 0.0299685+0.0148529j 0.017648+0.0895038j -0.0315719-0.0348995j -0.0216177+0.0515096j -0.117806-0.00863718j 0.0144229-0.0289288j -0.000793697-0.0620892j -0.0390205-0.0110333j 0.026292-0.0240954j -0.0184116+0.153653j 0.0897675-0.041682j -0.202249+0.0186395j 0.053189+0.0486789j 0.139059-0.126821j -0.0336047+0.103781j 0.0187314-0.165147j -0.0198818+0.0178841j 0.0796115+0.0527832j 0.0196703-0.0927191j -0.0510286+0.0855343j -0.0203715-0.0790858j -0.0181019-0.0268124j 0.0253861+0.0902654j 0.101866+0.00470879j 0.0937129-0.00410496j 0.0484574-0.0158068j 0.0331284+0.0396005j 0.0997551-0.0215217j 0.0558824+0.00655379j -0.0503617-0.0188258j 0.0499026-0.113237j -0.0684678+0.0478856j -0.0630994+0.0992449j 0.024257-0.00951321j -0.179818+0.073738j -0.00905114-0.0477963j -0.00981674-0.129654j -0.014789+0.22243j 0.165003+0.0444166j 0.00265892-0.04199j -0.0115201-0.0279046j 
0.0176342-0.033481j 0.0101763-0.0432187j -0.00443843-0.0393705j 0.0272152-0.0514418j 0.0491366-0.0088889j 0.0264701+0.0167321j 0.0132087+0.076891j 0.0272421+0.0393565j -0.0890305-0.0337991j -0.0319574-0.00756213j -0.00506534-0.05233j 0.0816893+0.021044j 0.00150384+2.35922e-16j -0.00082519-0.0205521j 0.0384201+0.0303977j -0.0498596-0.0589091j 0.00974022-0.0389777j 0.0434029+0.00561161j -0.028207+0.0267412j -0.0262733+0.0363771j 0.0149934-0.0187251j 0.0184314-0.0338216j -0.0154686-0.00450866j 0.0334432-0.0154314j 0.0236278-0.0554007j -0.0357108-0.0616748j 0.00271436+0.0246969j 0.0275019+0.0127338j 0.00800368-0.00428787j 0.0268668-0.000810368j -0.0348645-0.00750634j -0.0463532+0.0180982j -0.000980004+0.0121284j 0.0197915-0.00173423j -0.0172623-0.044083j 0.00561526+0.00617076j -0.0221767-0.0238533j -0.00558263+0.0607872j 0.023752+0.0515974j -0.00722501-0.0698116j 0.0357657+0.0337222j -0.0516039-0.0316542j -0.016013-0.0465455j -0.0585474-0.0276068j -0.0361506-0.0298856j 0.0261582+0.0205333j 0.0448331-0.0437918j -0.0142369+0.0538961j 0.0374328-0.043427j -0.0154089-0.0021255j -0.0441853+0.0121722j 0.0525667-0.00137064j 0.0178052-0.0608034j -0.00870118-0.0182518j -0.00688185-0.0302446j -0.084866+0.00957339j -0.0214654-0.0319438j 0.0450991+0.0246966j -0.0243399-0.0305189j -0.019696-0.0243678j -0.0406553+0.0935072j 0.0362814+0.0276558j -0.0920729-0.0284241j 0.0377348+0.0500127j 0.0540747+0.0273344j 0.00876955-0.00157332j 0.0540582-0.180913j -0.0219201-0.00118633j -0.115253-0.041932j 0.062148-0.107498j 0.0790986+0.0463282j 0.0859275+0.107855j 0.11749-0.0423928j 0.0605936-0.0900074j 0.00456548-0.0165392j -0.112926+0.0713599j -0.124871+0.0043543j 0.0739179+0.049288j 0.0489295+0.129782j 0.0769312-0.0076627j 0.113214-0.0989424j -0.0257702+0.00383687j 0.0491655+0.0899599j -0.0611041-0.0403122j 0.125262-0.0552213j 0.058954+0.00178287j 0.0237378-0.00486425j -0.0060723+0.0549589j -0.0798393-0.141893j -0.0728329+0.0821564j -0.0259667-0.0378903j 0.0415295-0.0481655j 
0.00794153-0.047914j -0.0258955+0.0534916j -0.0299062+0.0142932j 0.0329979+0.00391765j -0.0228618-0.0396843j 0.00181935+0.0183877j 0.0110351+0.0096094j 0.0168354-0.0493084j 0.00555485+0.0424692j -0.0729633-0.00622097j 0.0181234+0.00270578j 0.0214308+0.0146777j -0.00082519+0.0205521j -0.0778479+3.60822e-16j -0.00639702+0.076395j 0.0225132+0.0310988j -0.00998021+0.0186153j 0.000493979+0.00923585j 0.00161606+3.45055e-05j 0.0178469+0.063181j -0.0093625-0.0275197j -0.010642+0.013651j 0.0037372-0.00395517j -0.00176426+0.00163714j 0.0397715+0.0303406j 0.00271208+0.0521753j -0.0376452+0.013026j 0.0231892+0.0430528j -0.01716+0.00446879j -0.0320046-0.00265488j 0.00540819+0.0138838j -0.0544599+0.00227659j -0.00646009+0.058087j -0.0473198+0.0729315j 0.0406923+0.00754233j 0.0361348+0.0151986j 0.0111078+0.017544j -0.0126526+0.0258531j 0.0910128+0.0100145j 0.0132697+0.0357722j 0.000774931-0.00667965j -0.0836286+0.00823334j -0.0409666-0.0258433j -0.0417836+0.0626257j -0.0510661+0.0573473j -0.00724895-0.0460515j 0.07256+0.0234298j 0.0270265+0.0537405j -0.0340341-0.0485339j -0.0206285-0.038624j 0.0273642-0.063538j -0.0309273-0.00643234j 0.00317265+0.0208526j 0.0286583-0.0101849j -0.0459925-0.0278196j 0.015937+0.0594158j -0.0299947-0.0496985j 0.00703518-0.0427815j -0.0712944-0.0544394j -0.0315627-0.0921628j 0.0788751+0.0668984j -0.00788519+0.0113619j -0.0546341+0.186427j 0.0515157-0.0803398j -0.0450188-0.0788693j 0.0287338+0.102191j -0.066675+0.0511631j 0.0582873+0.00580382j 0.0702895+0.0657821j 0.037791-0.0690092j 0.0429876+0.00719614j 0.0201055+0.0564828j -0.0551733+0.026925j 0.0810279-0.0753966j -0.0417338-0.0709479j 0.168201+0.0534682j 0.0281791+0.0657945j 0.118971+0.0770976j -0.0875307+0.0011256j -0.00397682+0.087915j -0.0352054+0.081471j -0.0236914+0.211035j 0.0466104-0.040491j 0.040431+0.00522723j -0.0410669+0.0178799j 0.0386571-0.0370307j -0.00346706+0.0508724j 0.00854875+0.0503235j 0.0210357-0.107229j -0.117098+0.0191617j -0.0562982+0.0550643j -0.0319199-0.0289916j 
0.0313962+0.004079j 0.0182856+0.0250863j -0.0124869-0.0985928j -0.0354491-0.0317576j -0.0573288+0.0126135j 0.0273537-0.00536772j 0.00451764+0.0202367j -0.0232329-0.052363j 0.00154038+0.0126224j -0.0117717+0.0719822j -0.00085625-0.00249325j 0.0138052-0.0299297j 0.0384201-0.0303977j -0.00639702-0.076395j -0.0167354+1.38778e-17j -0.0270371-0.0170923j 0.0238916-0.0251673j -0.0415336+0.0185058j -0.0380425+0.0669554j 0.0496721+0.0324697j 0.00593966+0.0385829j 0.0129304-0.0130251j -0.0786242-0.0165866j 0.0011548+0.0725924j 0.0130439+0.0523551j 0.0395398+0.00842036j -0.0645935-0.0435928j 0.055933-0.0493827j 0.00807376-0.0416347j 0.0127536-0.0470724j 0.0648212+0.0044245j -0.0317893+0.00190303j 0.0401579+0.0242605j -0.056202-0.0603675j 0.0258743+0.0334167j -0.0537732+0.0643261j -0.077628-0.0292677j -0.0117419-0.0598081j 0.00605331+0.0491943j 0.0224067-0.0485188j -0.0330371-0.00392979j 0.0135971-0.0687961j -0.011551-0.0150726j 0.00150925-0.0254209j 0.101171+0.0292038j -0.022392-0.0454956j 0.106203-0.12951j -0.0336891+0.084215j 0.00218019-0.0645217j 0.0141716-0.0244369j 0.0181162-0.0591122j -0.0252895-0.0402986j -0.0325784-0.0115805j -0.014965-0.0309226j -0.0260065+0.0838412j -0.0459216+0.0110923j 0.0251681-0.157596j -0.0194366+0.0837671j 0.0288577-0.0661603j 0.0548306+0.0113729j 0.0189035+0.0123124j 0.0480621+0.020302j 0.118464-0.127957j 0.0955632-0.194226j -0.00830006+0.0362702j 0.0869413+0.0244911j -0.0237191-0.0262926j 0.0703386+0.0589255j -0.00128146+0.0136094j -0.0745816-0.0325368j 0.0521111-0.0055717j -0.0842204+0.0706208j 0.0284375-0.00699991j 0.0260965-0.134174j -0.0688244-0.0647516j 0.0189488+0.0155793j -0.0158588-0.0195037j -0.0401857-0.0161424j 0.0142965-0.100217j 0.0536186-0.0499761j 0.11039+0.0099587j 0.139304+0.0191943j -0.0288035+0.013424j -0.15021+0.0235426j 0.0305452-0.203389j 0.0261363+0.103178j -0.034517+0.103458j 0.000220851+0.0555758j 0.159209-0.0460016j 0.00081982-0.0618928j -0.011004-0.00250761j 0.00503489+0.0235004j 
0.0143043+0.0151728j 0.031337+0.0111352j -0.0167582+0.00643602j -0.0250859-0.0528416j 0.0238001+0.00173651j 0.00249052+0.0211423j 0.0263336+0.0445356j 0.025461-0.0181801j -0.020506-0.00656598j 0.00473723+0.0282709j -0.0149411+0.0116126j -0.015976-0.00182771j -0.0498596+0.0589091j 0.0225132-0.0310988j -0.0270371+0.0170923j 0.0372161+6.59195e-17j -0.0283314+0.0135372j -0.0334312+0.0180244j -0.00183393-0.000431753j -0.0285373+0.0248925j 0.0568182+0.00635819j 0.084447+0.0419825j -0.0505612+0.0425938j 0.0397066-0.00869064j 0.00155106-0.0325866j -0.0135385+0.0539577j -0.0588769+0.0137712j -0.0434608+0.0236439j -0.0181638+0.0643116j 0.00786177-0.0261661j -0.0273057+0.0354218j -0.0144328+0.0422913j 0.0083835+0.0285927j -0.0227641+0.00973192j -0.0117715-0.00677589j -0.0279768+0.0905482j 0.0025133+0.0440023j -0.0468681+0.0212209j -0.0138954+0.000181619j 0.0486584-0.0533307j -0.0777231+0.0854182j -0.0590737-0.039736j 0.0195898-0.0604388j -0.0422051-0.0558464j -0.0487094+0.0138496j 0.00265581+0.0543965j 0.00874298+0.0353851j -0.0165845+0.0200602j -0.0283475-0.0359095j -0.0168468-0.0287857j -0.00224765-0.00438462j -0.0263456-0.0317833j -0.00297462-0.0226513j 0.138588-0.0321426j -0.000737484+0.00285017j 0.028972-0.0405652j -0.0971676+0.0462159j 0.0520723-0.0977276j 0.032374-0.0396653j 0.0406082+0.0767974j -0.0917548+0.0290001j 0.0467511+0.0817396j -0.026731+0.123373j -0.132381+0.019524j 0.0477255-0.0135406j -0.00104299-0.0682186j 0.0801829-0.0493632j -0.0567173+0.0784197j 0.0725356-0.0721558j 0.0066309-0.0178493j 0.0454611-0.0213706j 0.0110699-0.0608538j -0.0409852-0.111121j -0.0778827+0.156443j -0.0594301+0.0240251j -0.0368728+0.024353j -0.0342584+0.0364162j 0.00577125+0.00544825j -0.0189614-0.0217287j 0.0287236-0.00983262j -0.014232+0.0148533j 0.118894-0.0550383j -0.0205689+0.0294137j -0.0351715-0.0726643j 0.255704-0.151568j 0.0351607+0.0551682j -0.0172911+0.118943j 0.0362481-0.156633j 0.0844483-0.0749365j -0.0681029-0.0844162j 0.00434922-0.0314161j -0.0190805+0.0353038j 
0.00202357-0.0351352j 0.0137187+0.0122869j 0.0191533+0.0211878j 0.0134862-0.00797363j -0.0168564-0.0237628j -0.046498+0.0741577j 0.0439174-0.0101366j 0.0490457-0.013763j 0.0214682+0.00248283j -0.0272058+0.0206768j -0.00147451-0.00257281j 0.0309242-0.00393881j 0.00974022+0.0389777j -0.00998021-0.0186153j 0.0238916+0.0251673j -0.0283314-0.0135372j 0.0607216+7.07767e-16j 0.00728465-0.0521958j -0.01639+0.00147515j -0.00860309+0.0597867j 0.0531698+0.0637962j 0.0110812-0.0436559j 0.0973901-0.0563494j -0.0315896-0.0150081j 0.0564644+0.00127246j -0.0396814+0.00734988j 0.000126954+0.0784069j 0.0659938-0.069535j 0.0382855-0.0523104j 0.030141-0.00631805j -0.0940899+0.0171556j -0.0444899+0.0758449j 0.00374947-0.0614436j 0.00260362-0.0555663j -0.0116069+0.0121873j -0.0380119+0.00326896j 0.000723344-0.0095435j 0.0398711+0.00179995j 0.0714408+0.000291995j 0.00196662+0.00574702j 0.0417801+0.01735j 0.0524877+0.00376978j 0.0261844+0.0186763j -0.0901341+0.027619j 0.0433965-0.0611471j 0.0845404+0.0466559j 0.0203107-0.112637j -0.0450908-0.0316019j -0.0077726+0.0588523j 0.0122524-0.0807962j 0.0144089-0.101765j -0.000985432+0.0438674j -0.0131816+0.0384715j -0.0366511+0.0873945j 0.0707673+0.0206006j -0.102082+0.00208719j 0.102947-0.0369139j -0.062645+0.119548j -0.0536072-0.130691j -0.00925047-0.0871842j -0.0375182+0.072683j 0.131692+0.0177448j 0.0834669-0.152649j 0.0529035+0.0569933j 0.0675471-0.0428903j -0.0265151-0.096849j -0.126148+0.0989162j 0.0940051+0.0231132j -0.0173359+0.0412959j 0.0175739+0.0793439j 0.108151-0.107335j -0.0535621+0.0444589j -0.00454839+0.0124607j 0.0940628+0.104405j 0.00924189-0.0923752j 0.0209944-0.0575148j -0.0623448+0.0241758j 0.109905-0.118305j 0.0702966+0.018252j -0.077648-0.0160766j -0.0521557+0.00593184j -0.0428754+0.0896227j -0.1511+0.0437068j 0.0768427+0.0735983j -0.00294572+0.0507897j -0.0909251-0.0269469j -0.0607651-0.0779368j -0.0604546-0.126527j 0.0276341-0.0165668j -0.0837448+0.00731684j -0.0526784+0.0498507j 0.0224644+0.0450477j 
0.0146955-0.0237275j -0.00739693-0.00232605j 0.0186934+0.0139687j 0.0228209-0.0028161j 0.00798723-0.0102562j -0.036964+0.000148744j -0.0156883-0.0322335j -0.0517511+0.0547174j 0.0547001-0.0105956j -0.0187067-0.0161781j -0.0615324+0.06406j -0.0314259+0.0112108j 0.0434029-0.00561161j 0.000493979-0.00923585j -0.0415336-0.0185058j -0.0334312-0.0180244j 0.00728465+0.0521958j -0.106092-3.9968e-15j -0.0377078-0.00902827j 0.00830545+0.0369155j -0.0335082+0.00946735j 0.0553166+0.0191041j -0.00416202-0.0319241j -0.0236059+0.0239142j 0.0361958-0.0203285j 0.0444144-0.0255706j -0.00689075+0.0118095j -0.00396631+0.0663259j -0.0464151-0.0221494j 0.0197734+0.0176745j 0.0528555+0.0414404j 0.0758162+0.046093j 0.0059991+0.020072j 0.0140609-0.00608338j 0.0253293+0.057638j -0.0696301+0.0780395j 0.0217028-0.0944351j -0.00330157+0.0130837j 0.0611407-0.0296686j -0.00533285-0.0676111j -0.0676563-0.0103813j -0.0240544+0.0396604j -0.000972198+0.0454498j 0.0137504+0.0765026j 0.0268223+0.13771j 0.0483919-0.0291098j 0.0556817+0.0531161j 0.0779991-0.0264686j 0.0518666-0.0686393j -0.0253297-0.0759932j 0.0281358+0.0197277j -0.0527878-0.0396283j 0.0518858-0.0087388j 0.0665725+0.0026738j 0.0750805+0.101489j -0.0183685+0.0846306j 0.0563326+0.0558653j 0.0597838+0.0158231j 0.0945123-0.0984245j -0.00575061+0.0836933j -0.0401483+0.0649242j 0.0965057+0.041082j 0.162929-0.0228706j -0.038556+0.0308036j 0.018517-0.0887956j -0.0375047+0.0501843j 0.0901387+0.141508j 0.0933844+0.0372052j -0.0423198-0.0626303j -0.04664+0.124179j 0.0164978-0.192001j -0.141316-0.0744151j -0.0643988-0.114119j -0.0851608+0.108961j 0.051746+0.0355746j -0.0633846+0.0606731j 0.0340685-0.0464742j -0.0208754-0.0488913j 0.0405181+0.00487258j -0.00624518+0.0492359j 0.102166-0.142471j 0.0686347+0.0642193j 0.0555746+0.10197j 0.0927889-0.001619j -0.0430212+0.0556881j 0.0927977+0.0857512j -0.144958+0.0774842j 0.111099+0.197388j -0.0153285+0.0589957j -0.02267+0.0377664j -0.0279604+0.00193524j 0.0261439-0.0295345j 
-0.0123808+0.000343306j -0.0179737-0.000912165j 0.00548803+0.028221j -0.00351214-0.00832429j 0.0188528-0.0447531j 0.0134706+0.00958914j -0.0129597+0.0175676j 0.0351212-0.0129217j 0.0289088-0.0601543j -0.0164287+0.0066734j -0.0127569-0.0160495j 0.00785419-0.0142268j -0.028207-0.0267412j 0.00161606-3.45055e-05j -0.0380425-0.0669554j -0.00183393+0.000431753j -0.01639-0.00147515j -0.0377078+0.00902827j -0.0315184+2.2482e-15j 0.00585282+0.0187856j -0.00888104-0.0449487j -0.0382161+0.0677707j -0.00851145+0.099218j -0.0369166-0.0635758j 0.0807322+0.0402228j 0.0148733-0.00407628j -0.0185089-0.00995093j 0.00243556-0.0056054j 0.00175757+0.0139162j -0.0454137+0.00798157j -0.0118166+0.0588778j -0.00309947-0.121224j 0.0255116-0.0908358j -0.00421895+0.0588516j -0.0581301-0.0620518j 0.0225967-0.00387789j 0.0745692+0.0656039j 0.0481657+0.0724269j 0.0522599-0.103967j -0.0819297+0.00771323j 0.00491014+0.0728625j -0.00154488-0.0304473j 0.0363019-0.00657938j -0.0110543+0.000719j -0.0541406+0.0733804j -0.0254404+0.0682269j 0.0135328-0.0436847j 0.0134068-0.0376036j -0.0658404+0.0322911j 0.0170927+0.0148256j -0.13699-0.0230968j -0.0105221+0.0423736j -0.0739512-0.123624j 0.0459211-0.0489029j 0.11897+0.124373j 0.0475855+0.0401206j 0.00316753+0.188595j -0.0518756-0.0133098j -0.00783171+0.0596747j 0.0416748-0.0946987j -0.111976-0.0907581j 0.0862221-0.127612j -0.0212507+0.0596831j -0.00793542-0.163295j 0.0472859-0.0053955j 0.0456838-0.0693766j 0.0435721-0.141582j -0.0260209-0.0755226j -0.00742803-0.00307716j -0.00200155-0.0170795j -0.0900549-0.0371708j 0.03797+0.0192074j -0.0487137+0.0494256j 0.031719+0.0212142j -0.0125778-0.0834107j -0.00461546+0.0111103j 0.0145185+0.0171254j 0.0175142-0.0458609j 0.0447627+0.0375222j -0.149818-0.0409082j -0.0157851+0.00583632j 0.0808075+0.104031j -0.0924059+0.136832j 0.129338-0.0657181j 0.0354896+0.0416108j 0.000787066+0.195272j -0.128698-0.0241155j 0.0447156+0.0248467j 0.0158583+0.0570361j -0.045285-0.00559184j 0.015899+0.0692342j 0.0129413+0.0047596j 
0.0102325+0.0153151j -0.0212225-0.0251758j 0.0294224+0.0614689j 0.013562+0.0470309j 0.0153073-0.0327709j 0.00922795-0.0267568j -0.00352164-0.0189134j 0.0468479-0.0117832j -0.0226624-0.0113876j -0.0879526+0.0424325j -0.00134872+0.081325j 0.0181114-0.0278711j -0.0262733-0.0363771j 0.0178469-0.063181j 0.0496721-0.0324697j -0.0285373-0.0248925j -0.00860309-0.0597867j 0.00830545-0.0369155j 0.00585282-0.0187856j 0.00128636+2.35922e-16j 0.0390659-0.0258527j -0.047661+0.0234609j -0.0246929+0.128597j -0.0110343+0.0484989j -0.0212723+0.0972842j -0.00124221+0.0345264j 0.00812239+0.0232384j -0.0022168-0.0549247j 0.0458135+0.0645598j 0.028532-0.00708917j 0.053106+0.0396865j 0.0114746+0.035353j 0.00527361-0.0423672j 0.0219518-0.0242523j 0.0313401-0.000685921j 0.0356816+0.110376j 0.0336999+0.018668j 0.0413337+0.0243976j 0.039142-0.0107095j -0.0174619+0.017238j 0.0842193+0.0439381j 0.0432885-0.00966249j 0.0314317-0.0166784j 0.0100534-0.0255399j -0.017554+0.0702651j -0.0164626-0.0286345j 0.0720014-0.0305354j -0.0442977-0.0879324j -0.0283161+0.103656j 0.0876107-0.0458877j -0.0270922-0.0418715j -0.0186205+0.0725434j 0.0144664-0.0749793j 0.0343598-0.0272745j -0.0791687-0.0701804j 0.0128826-0.0452251j 0.0193537-0.018613j -0.0603123-0.0668502j 0.077379-0.0529394j 0.0394077-0.0248376j -0.072984+0.0320945j 0.105215+0.0426153j 0.0322703-0.0758585j 0.180488-0.0994704j 0.0245111+0.104997j -0.0146415-0.0768575j -0.0819829-0.0724473j 0.00342088-0.0489539j -0.0315791-0.135074j -0.0892556+0.0259471j 0.0747847-0.0354115j -0.045306+0.0186439j -0.00714896+0.0849716j 0.0446814-0.0819027j -0.013522+0.0245428j -0.0718862+0.0669663j 0.00660747+0.0516547j 0.0553508-0.0581809j 0.0274572-0.0571071j -0.026187-0.0195685j -0.0523921-0.0666583j -0.112426-0.0112299j 0.0131319-0.131261j 0.0342708-0.053296j -0.021732+0.0237138j 0.000830945-0.127362j 0.11403+0.0687956j 0.0413812-0.0518382j -0.0327333+0.0632848j -0.0130421-0.0124109j 0.0433677+0.00856596j -0.0170372-0.0253111j 
