0.0161305-0.0304479j 0.0432866+0.0206633j -0.000120521+0.0232757j -0.0388386+0.00840732j 0.0133+0.0235285j -0.00936642+0.0336376j 0.00113993-0.0154884j 0.052555+0.00888069j -0.0189431-0.0106782j -0.0108571+0.0175303j -0.00311766-0.0278778j 0.00369078+0.0109183j 0.0239589-0.00370232j -0.0220471+0.00312387j 0.0114065-0.0348756j 0.0091095+0.00762428j 0.00124427+0.0296161j -0.00964375-0.0043519j 0.00811054-0.0139092j -0.0128535-0.00027661j 0.00585795+0.0416731j 0.00655697-0.00366653j -0.000969982-0.00494102j 0.0205577-0.00928159j -0.0356036-0.00207563j 0.00228037+0.0297409j 0.0194144+0.00924049j 0.00983562+0.00944099j 0.0144678+0.011547j 0.0099368-0.00195153j -0.0114487+0.0167147j 0.0106662-0.00952611j -0.00113195+0.000857858j -0.0219784-0.00146773j -0.00313891+0.00690921j 0.00628533-0.0245138j 0.00177734+0.00708965j -0.0112626+0.0119889j -0.00587754+0.0066043j 0.00798998-0.0123664j -0.00176983-0.0261099j -0.0170136-0.00303312j -0.00250706-0.0255113j 0.019367-0.00532991j 0.0234807-0.00054694j 0.0116026-0.000156186j 0.010173-0.00250004j 0.0012126+0.00129632j -0.0143109+0.0304303j 0.0193275-0.0154935j -0.00476005+0.00947628j 0.00677606+0.0104006j 0.00550466+0.00703252j 0.000143387+0.010363j 0.0201738+0.00895717j 0.00292631+0.0140521j -0.00402617+0.0176915j 0.010652+0.0130297j 0.0107795+0.0110444j 0.0129889+0.0258932j -0.0144069-0.0129109j 0.0083563+0.00538916j 0.00693355-0.0135275j -0.00116335+0.0112178j -0.00956958+0.000687737j 0.0217137-0.00907049j 0.00669275+0.00682126j 0.00866649-0.0136258j 0.0145179-0.0164994j -0.00871444-0.0120581j 0.000366617+0.0017953j 0.00104638+0.011379j -0.00803058+0.00843251j -0.0106124+0.00792569j 0.000605002-0.00128208j 0.00263827+0.0124408j 0.000709249+0.0026279j 0.0122638-0.0126852j -0.00658789+0.000879929j -0.0144365+0.0165719j 0.0112986-0.0106423j -0.00232182+0.00212798j -0.00676396-0.00553811j -0.00546257-0.00838684j 0.012678-0.0160076j -0.00481604+0.0154278j 0.00546456+0.00362892j 0.00804282+0.00288518j 0.0206828-0.00663577j 0.00698522-0.00397941j -0.00312399+0.0127965j -0.001548-0.00823599j -0.00778968+0.0133219j -0.00997825+0.0200639j -0.016279-0.00551332j 0.00102758+0.00834021j -0.0133811-0.00470117j 0.00854932+0.000154493j -0.00214459+0.00921656j -0.00394213+0.0037645j -0.00259841-0.0109921j 0.00633445+0.00064169j 0.00679852-0.00928613j 0.00355978-0.00839058j 0.00495945-0.000509949j 0.0084934-0.00151563j -0.0125777-0.00466955j -0.00683546-0.012613j 0.0122616+0.0147243j 0.00289091-0.000141212j 0.00341497+0.00220507j 0.00839836-0.00595718j -0.0114511+0.00156386j 0.00989762-0.00615448j -0.00706305-0.0140478j 0.00943332+0.00705275j -0.00663064+0.0174807j 0.00283396+0.00912979j 0.00306628-0.00506867j 0.0181458-0.00705073j 0.00930992+0.0123946j -0.0100428-0.00768631j 0.00761442-0.0236222j -0.00795188-0.0126581j 0.0100665+0.00845642j -0.0186879-0.00600931j 0.0097242+0.012091j 0.0218817+0.0169184j 0.0017789-0.00450101j 0.00645615+0.00475349j -0.0018775-0.0090093j 0.00471112-0.0244106j 0.0165235+0.010212j 0.002076+0.00231895j 0.0152443+0.00194696j 0.00788114-0.0211982j -7.60803e-05+0.00658263j 0.0161577+0.0158919j 0.0185809-0.00950118j -0.00167268+0.018884j 0.00601084+0.00204045j -0.00909531-0.00776387j -0.0138867+0.00326365j -0.00205241+0.0078324j 0.0232277-0.0265096j -0.000255535-0.0170931j -0.00267437+0.0131438j -0.00144321-0.00360776j -0.00407639-1.48684e-05j 0.00936519+0.0139413j -0.0118885+0.0280307j -0.00761113-0.0199138j 0.0100366-0.00928277j -0.0159666+0.00760351j 0.0116397+0.00140218j 0.00484541+0.0213861j -0.00337417-0.00537404j 0.0087478+0.00403609j -0.00543021-0.00254746j 0.0242426-0.00246083j -0.000967711-0.00681807j -0.0197826-0.000337403j 0.00156761-0.00194158j 0.000772336-0.02033j 0.0188975-0.00918799j 0.00139014-0.00170887j 0.00298701-0.0150399j -0.00458667-0.00664797j -0.00184533-0.0181881j -0.0133236-0.0260572j -0.0134538-0.0345775j -0.00699038-0.027947j -0.0221945-0.0103695j 0.00767222-0.00704557j 0.0012651-0.0138927j -0.0259472+0.0211642j 0.0428289-0.00127015j 0.00592041-0.0131139j -0.00332812+0.00859658j 0.0147356-0.0114109j 0.00370407+0.0148679j 0.0083286+0.0141564j 0.0440426+0.0154647j 0.0173313+0.00345606j -0.0255458+0.0090505j -0.02202-0.0239534j -0.0167103+0.0210351j -0.0421838+0.01256j 0.0124188+0.0121975j -0.029441+0.0284475j 0.00501822+0.0196857j -0.00299187-0.0259371j 0.00948822+0.0388535j -0.0271376-0.011121j 0.0385766-0.0160499j -0.0300054-0.00579605j -0.0253566+0.0409228j 0.0340227+0.0372756j -0.0565486-0.0373964j -0.0202444+0.00256946j -0.0365497-0.0210642j 0.024451+0.0134158j -0.0524954+0.0933332j 0.0656809+0.0421512j 0.0015638+0.00361821j -0.0719278+0.00717562j -0.0121987+0.0433742j 0.00592558+0.0484936j 0.115418+0.0854807j -0.102458+0.11021j 
0.0487624+0.0175009j -0.010225+0.0468982j -0.0298808+0.0244692j -0.0316489-0.0109312j 0.0217583+0.0187453j -0.00862955+0.013271j -0.0141346-0.00965521j 0.0183595-0.0192533j -0.000515062+0.00415345j -0.0125466+0.00607715j -0.00725721-0.00315799j -0.0256894+0.00387118j -0.013751-0.00888514j 0.0115141+0.0123834j -0.0131851-0.0108595j -0.00144602+0.0239415j 0.00585475+0.00718124j -0.00818188+0.011314j -0.00748618-0.0153596j 0.0253068-0.00959239j 0.000379615+0.0022223j -0.0143814-0.0014611j -0.0124137+0.00447548j -0.0003209+0.00518107j -0.00320039+0.0325568j -0.0159665+0.00562256j 0.00276416-0.00178186j -0.00140611-0.00115141j -0.0298014-0.00535278j -0.00401766-0.0246311j 0.00647674-0.00978072j -0.00834303-0.0167792j 0.00837772-0.004999j -0.00303123-0.0180018j 0.009965-0.0154681j -0.0173716+0.00431583j -0.00287467+0.00535032j 0.0165114+0.00435583j 0.00261291-0.000104366j -0.00724308-0.0176891j -0.0161261-0.00766196j -0.0102431-0.00272385j -0.00333797-0.00731086j -0.0131832+0.00744055j -0.00908267-0.00584989j -0.00739417-0.00500235j 0.00518419-0.00336907j 0.022411-0.00430079j 0.00804139+0.000430847j -0.00297827+0.00647535j -0.000519642-0.00821796j 0.00373554-0.000581409j -0.00575538-0.0102605j -0.00209564-0.00918875j -0.020031-0.00343052j 0.00194177-0.00414444j 0.00634441+0.00599015j -0.0202483-0.00518314j 0.00863573+0.0380705j -0.03054-0.00102493j 0.0114128-0.00952302j 0.00277141-0.0201205j 0.0105169+0.00545645j -0.0256306+0.00816439j 0.00764833-0.000445117j 0.000610166+0.00893983j -0.00945954-0.000891922j 0.00139304-0.00921348j 0.0001504-0.0036807j -0.0026863-0.00722894j -0.00434691+0.008867j 0.0105445+0.00955237j -0.00554478-0.00131892j 0.0176638+0.00467772j 0.00943491-0.00482838j 0.0105606+0.0019218j -0.00338039-0.00933543j -0.00755555+0.00945859j 0.00554599+0.0083889j 0.0137103-0.00126192j 0.00474714-0.011579j -0.00307155-0.0141665j -0.00202432+0.0107485j 0.00454951+0.00168215j -0.0100572+0.00159967j 0.000841182-0.00396863j -0.0077469+0.0143828j -0.009073-0.00280378j -0.000346096-0.00434855j -0.00427314-0.00751259j 0.0136848-0.00710953j 0.0187077-0.00427696j -0.00119556-0.00154922j -0.00251136+0.0030672j -0.0102404+0.00255683j 0.0204502+0.00594035j 0.00965913-0.000851504j -0.00563823+0.0144806j -0.00651382+0.00537664j 0.00453913-0.0150402j -0.00864268+0.0113045j 0.0023366-0.0218888j -0.00389981+0.00771392j 0.00847725+0.00585322j -0.0266588-0.0159753j -0.0128459+0.00790048j 0.0124207-0.0133733j -0.00651411+0.000322055j 0.00281369+0.000995207j 0.00353759+0.00156484j -0.01899-0.024107j 0.00801875+0.0102333j 0.00590827-0.0105032j 0.000970675-0.000975752j 0.0136782-0.00617984j -0.014987+0.011312j -0.000209875-0.00198639j -0.0070346+0.00921902j 0.0256535-0.0060404j -0.000456177+0.015332j -0.0174539-0.0152845j -0.00481751-0.00691635j 0.00234591+0.0116809j -0.00104586-0.0157395j 0.00570147+0.022593j -0.00795051-0.000307059j -0.00827014+0.0151594j 0.00886881+0.0247719j 0.0209448-0.0109812j 0.00663955+0.00411864j 0.0257867-0.00935257j 0.0092817+0.00391542j -0.00498098-0.0203872j -0.0123016+0.00360075j -0.00460325-0.0110587j -0.00902063+0.0102754j -0.0137738-0.00368236j 0.00303613-0.00453751j -0.00418049+0.0236396j -0.0190122+0.00641525j -0.0116988+0.0061891j 0.0118094-0.000648729j 0.0013912-0.00823243j -0.0146688+0.00273618j 0.021937+0.0142948j 0.0194269-0.000350512j 0.0068624-0.0093449j 0.0066258+0.00592548j -0.00839762-0.00596056j 0.00401579-0.0166831j 0.0114668-0.0186095j -0.00402513-0.00733756j -0.00744064+0.0063663j -0.016599-0.0120984j 0.00700896-0.00334753j 0.00365686-0.00156631j -0.010149-0.000454757j 0.00361381+0.00272964j -0.0270889+0.00342112j 0.00812649+0.00666765j -0.00878436-0.00269018j -0.00522719-0.0118713j -0.00264601+0.016246j -0.00860893+0.0218825j 0.0520393-0.00954266j -0.00826694-0.00687197j -0.00380443+0.00203827j -0.00761838+0.0154512j -0.0139349-0.00145148j -0.0200268+0.0273765j -0.00730966-0.0195905j -0.00456543+0.0174552j 0.0053636+0.0475004j -0.00563877-0.0272877j 0.000835542-0.00825019j -0.00901006+0.018108j 0.0108083-0.0108933j 0.00679867+0.0195182j -0.000128838+0.00286251j -0.00539115-0.000455163j 0.025986-0.0260081j 0.0370439-0.0268596j 0.00486554-0.021645j 0.00609399-0.0122611j -0.0159983+0.00189337j 0.0120745+0.0171359j 0.00849963+0.0369003j 0.00431653+0.0373838j 0.0166604-6.6084e-05j 0.0190397+0.000685254j -0.0243775-0.0289637j -0.0109306-0.000184385j 0.026378+0.0421719j -0.00411294+0.0193022j -0.0418793-0.00269131j -0.012502-0.040261j 0.0184927+0.0437536j 0.0025416-0.0532225j -0.0188101+0.0381203j 0.0224545+0.0403706j 0.000490896+0.0331958j 0.0297421-0.0519335j 0.104836+0.0664629j 0.0402019-0.0356746j 0.0108727-0.0251362j 0.00734296+0.0804043j -0.0113347-0.0104243j 0.0855952-0.0423574j -0.0710242+0.104452j -0.090705-0.0842115j 
-0.0707496-0.0375019j 0.0299902-0.0679587j 0.0328328-0.0572854j 0.0567502+0.00341883j -0.0552771-0.012198j 0.00772382-0.0587704j 0.0372849+0.0277387j -0.0148683+0.0566165j 0.0195672-0.0116091j 0.0015786-0.00971626j 0.0311574+0.0129555j 0.0174103-0.0055847j -0.0104682+0.0215805j 0.0172095-0.00962836j 0.0103313+0.027104j 0.0116831-0.0229685j -0.0193318-0.0149099j 0.0116236-0.00881483j 0.00690289+0.00693273j -0.0248014-0.00449616j 1.40981e-05-0.0282515j 0.0142888-0.00713997j 0.00458889+0.0207797j 0.00575259+0.0108051j 0.0128707-0.0169379j 0.0165098-0.0171951j 0.00780714+0.0276803j -0.0137998-0.00586672j 0.0296883-0.00191707j -0.0116419+0.0148648j -0.00617435+0.00644945j -0.00683903+0.0189529j -0.00572815+0.000566635j -0.0287411+0.0173919j -0.0091338+0.0213685j 0.0191043+0.00533602j 0.0149571+0.0154893j -0.0223747-0.0127068j -0.0210147+0.00557284j 0.00552475+0.00457153j 0.0136439+0.00926547j 0.0134723+0.00124613j 0.00533698+0.0125571j -0.00643496-0.0187789j -0.00480048-0.000151945j -0.00445165+0.0103763j -0.0115857+0.00426912j -0.0222893+0.00376047j 0.00501592-0.0124731j -0.0233797+0.00224549j -0.00386122-0.00273475j -0.00336325+0.00010335j 0.00220159+0.00547215j -0.0057714-0.00719811j 0.0182804-0.0101088j -0.00400626-0.00133554j 0.00231594+0.00544041j 0.0166691-0.0118301j -0.00198945-0.017747j 0.0121885+0.00196502j -0.00251444-0.00551431j -0.0100349+0.0189091j -0.00617719+0.0186652j 0.0174304+0.0154647j -0.00836802-0.0232674j -0.016267+0.0113836j 0.0145756-0.0191695j -0.0024448+0.0203144j -0.0163199+0.0135994j -0.00856731-0.00353866j 0.0011911-0.00776451j 0.0140168-0.00242016j 0.00453346-0.0179741j -0.00721661+0.0101704j -0.0083214-0.0162413j 0.00102307+0.0108896j 0.008366-0.00101007j 0.0175604+0.015375j -0.0160688-0.00236444j 0.00783678+0.00396867j 0.00427134+0.0167624j 0.0135349+0.00366623j -0.0214555+0.00653149j 0.000673539+0.00288201j 0.00943713-0.00611197j 0.00872358+0.00510516j -0.00380245-0.00726106j -0.0147673+0.00203047j -0.0147199-0.0121379j -0.0121271+0.0209202j -0.021179+0.00402141j -0.0210523+0.0133714j 0.0156154+0.000722887j 0.0103919-0.00754474j -0.00705252-0.00873527j 0.0156821-0.00612028j 0.00814251+0.00129626j 0.00204089+0.00127543j 0.00935189+0.00304537j 0.0134109-0.0149061j 0.00513135+0.00726608j -0.00449418-0.00921747j 0.00386769-0.000323484j -0.00735501+0.000713723j 0.00890204-0.00929793j -0.015176-0.00113115j -0.00165266+0.0119009j 0.00908519+0.010235j 0.0205958+0.0121955j 0.00352613-0.00762205j -0.00392202+0.0142238j 0.0033666+0.00812924j 0.00115242+0.0184899j -0.0193287-0.0183461j -0.00901155+0.0174886j 0.00028393-0.0166572j 0.0313945+0.00078403j 0.00411846-0.00898849j 0.0103436+0.0242772j 0.0234222-0.00393761j -0.0162338+0.011682j -0.00610927-0.00254087j 0.0111462+0.00885396j 0.00106263+0.00711519j 0.00581148+0.0297168j -0.0301967-0.00773603j 0.00949125-0.00617894j 0.027906-0.0185653j -0.00378113+0.00530758j -0.00372155-0.0108552j 0.0101333-0.0191893j 0.000555491+0.00325218j 0.00946283-0.00396872j -0.00464715+0.0279439j 0.0187836+0.00197879j 0.0114639-0.0326767j 0.0174141+0.0305638j 0.0252263+0.0126879j -0.00177396+0.0242361j 0.00782107+0.0234531j -0.0129792+0.0134898j -0.00403459+0.016245j 0.000932103+0.00303234j -0.00732491-0.0173611j 0.0185243-0.0227376j 0.00498667-0.0027046j 0.00476381+0.00909607j 0.000738827+0.00622487j -0.00773711+0.0167923j 0.0240033+0.0130266j -0.0219597-0.0353156j 0.0445179-0.0149188j -0.00719861+0.0260233j 0.00331646-0.00284008j -0.00561781+0.0136046j -0.0417624+0.00112201j -0.0236264+0.0266757j -0.000811129-0.00275737j 0.0214891-0.000432808j 0.0202536-0.0394542j 0.0132653-0.0194468j 0.0100462+0.00320415j 0.00426591+0.00231064j -0.00503854+0.0192865j 0.0395739+0.000428913j 0.0132545+0.015005j 0.0310195-0.0280788j 0.0102435+0.0148988j 0.0244181+0.00699401j 0.0265446+0.00226609j 0.0192079-0.0317584j 0.0183239+0.0115777j 0.0115485-0.0158995j 0.0206572-0.00756423j -0.0245482-0.00496009j 0.0215316-0.00126843j 0.0520092-0.0223314j -0.0466663+0.0151148j 0.023986-0.0254884j -0.0210418-0.00633382j 0.0146459+0.0296993j -0.0263812+0.0154532j 0.0314215+0.0435614j 0.0502055+0.0143975j 0.0235696-0.00172565j -0.0173823-0.0241954j -0.02257+0.000139372j 0.00830573-0.00862889j 0.00743682+0.0230973j 0.0207964+0.00570675j -0.0333261+0.0512562j -0.02627+0.0198178j -0.0545489+0.0411863j -0.0282427+0.00519526j -0.000456478-0.00789637j 0.0192405-0.019146j -0.0429402+0.0159399j 0.00492562-0.00029893j -0.0107679-0.0435571j -0.0187989+0.00112519j -0.0699271-0.0294398j 0.0142827+0.060112j 0.00685633+0.0371724j 0.051689-0.0368579j 0.0476887+0.0698425j 0.0900076-0.0179693j -0.123771+0.00355527j 0.0104773-0.176001j 0.0168336-0.0224176j 0.0518829-0.0190037j 
-0.00276481+0.0502976j -0.0454268-0.0184342j 0.0129763+0.00525j 0.00428752+0.017448j 0.0525214-0.02242j -0.00200979+0.026728j -0.0147091+0.0349581j -0.041323-0.034398j -0.00204671+0.0296227j 0.0162376-0.0109618j -0.000537135+0.0300077j 0.000250936-0.027915j 0.00996446-0.0190131j -0.00901367-0.000150673j -0.00894853+0.0254974j -0.0120448-0.0201456j 0.0035673-0.0248009j 0.00759897-0.00658099j -0.00526123+0.00843497j -0.0129058-0.00212332j -0.0169949-0.0166765j 0.00832613+0.00847101j 0.0142783-0.00861256j -0.0135813+0.00626371j 0.0132879-0.0298881j 0.0010985-0.024389j -0.0297417-0.015434j -0.00347341-0.00537541j -0.00698124-0.00178621j 0.0131767-0.00301143j -0.00380412+0.0028289j -0.0174231-0.0103233j 0.00361607+0.0036175j 0.0313814-0.00647677j -0.0374068-0.00401863j 0.0259343+0.00946675j -0.00505821-0.0264111j -0.00622684-0.0199473j 0.010408-0.0105272j -0.0134756+0.0347988j 0.00196993+0.0126514j 0.0231165-0.00392507j -0.0113651+0.00308145j 0.00246977+0.0262996j -0.0100055+0.0187053j 0.00897582-0.004207j 0.00578865+0.0139546j 0.012052+0.0145876j 0.0217882+0.00531491j 0.0224366+0.00557641j 0.00680479-0.00700627j -0.00641951-0.00601403j -0.0071313+3.14567e-05j 0.00353385-0.000355639j -0.000959986-0.00291779j 0.00274968-0.0145903j 0.00273287-0.0337732j -0.0229864+0.00633662j -0.0119791-0.0468464j -0.000681304-0.0219743j -0.0246045+0.0104937j -0.00892287+0.0184529j 0.0110361-0.0208078j 0.0173424-0.0208497j -0.0314402+0.0292248j -0.00840969-0.0164155j 0.00646677-0.00241011j -0.00174053+0.00886669j -0.00283228-0.00685567j -0.00054307+0.0250797j 0.0113374-0.00576111j -0.0143043-0.0131149j 0.0156983+0.00949328j -0.0133953-0.0115088j 0.000299957+0.0240799j -0.0107836-0.0132446j -0.000371589+0.0145563j -0.0107334-0.0197059j 0.0130313-0.00443398j -0.0231842-0.00270762j -0.0248395+0.0108189j -0.00671277+0.0392744j 0.00451653+0.0101426j 0.0170356-0.00436029j -0.0165859+0.0148219j 0.00121886-0.000417909j -0.0203843-0.0230528j 0.011654-0.00419573j -0.0406385+0.0182141j 0.0175591-0.0018687j -0.00713073-0.0149213j 0.00633553-0.0119969j 0.00637652-0.00383087j 0.0207523-0.0180841j 0.0163128+0.0183507j -0.0382304-0.00235466j 0.0126099-0.00589738j -0.00327504-0.0172723j 0.00468649-0.0100989j -0.0199651+0.00158114j 0.0147386-0.0051298j -0.012324+0.0245745j -0.021745-0.00457013j -0.00103177+0.0256555j 0.0140187+0.00626887j 0.0140424+0.000880072j 0.0107539+0.0126637j -0.00215296-0.0107309j -0.0106419-0.0116907j 0.00582907-0.000923985j 0.0232273-0.00195116j -0.0290474-0.0356374j 0.0177224+0.00292922j 0.0089133+0.00435243j -0.0139296+0.0199454j -0.00844963-0.016284j 0.00298443-0.0205358j 0.0153994-0.00466224j 0.00957581-0.00886396j -0.0382189-0.0214341j 0.0256637+0.0156227j 0.014178+0.00584955j -0.0399982-0.0126944j -0.00068569+0.0063598j 0.0135537-0.048122j 0.0372593+0.0245274j -0.0264336-0.0156782j -0.0343447-0.0170582j -0.0377951+0.0316362j -0.00308124+0.0043524j -0.0243136+0.0339482j -0.0456166+0.0208996j -0.0182003-0.00290622j 0.0306146-0.0070363j -0.0219577+0.000467333j -0.00828466-0.00680983j -0.00610103-0.00507577j 0.0183325+0.0202899j -0.00171049-0.00187644j 0.00610412+0.00995819j 0.0211286-0.010924j 0.00713007+0.0053303j 0.00065054+0.00893317j 0.00338216+0.000571825j -0.0188876+0.0126593j -0.00529327+0.0109607j 0.00632188-0.00430792j -0.00413948+0.00687657j 0.00513503-0.00935997j 0.0133297+0.0162466j 0.0179702+0.00370566j 0.0164788+0.0270914j -0.00901743-0.016016j -0.00954863+0.0325352j -0.00123631+0.00294884j 0.0385472-0.0316533j 0.0141778-0.0070389j 0.0334007-0.025253j 0.00704394-0.00417888j 0.0291604-0.0233299j 0.0082409+0.00621385j -0.0167584+0.0405532j 0.00855535+0.000110454j 0.00882922+0.00217039j -0.0454557+0.0181409j 0.00101017+0.00535992j -0.0180409-0.00602532j 0.00125498+0.00549672j 0.0220952+0.0278202j 0.0270017+0.0201391j 0.015707+0.0323459j 0.00883662+0.0256279j 0.0276991-0.0653241j -0.0148209-0.0020358j 0.041179+0.0252275j 0.00302423-0.0100802j -0.01695-0.00883853j -0.0012566-0.022044j -0.0122975-0.00655997j 0.0226626+0.02129j -0.0555459-0.0214375j -0.034051-0.0384637j -0.04947+0.0278398j -0.0259211+0.0264663j 0.00648511+0.0131968j 0.0177164-0.0147587j 0.0129829-0.043866j -0.0154556-0.0208728j -0.060646-0.0135025j 0.0281982+0.0271955j -0.00801508+0.00417377j 0.0250389+0.00371865j -0.0243956-0.0853872j 0.0453036-0.0578498j 0.0397358+0.0464243j 0.0328844-0.00363202j -0.0111224-0.0175152j -0.0403841+0.0324371j 0.0666984-0.0050364j -0.0196987-0.040413j -0.0121825-0.0261879j -0.0300601+0.00834423j 0.0121377-0.0114533j 0.0148078-0.017157j 0.0153587-0.0607697j -0.0880002+0.00465433j -0.0151556+0.0680015j -0.040585-0.0143873j -0.0302766-0.0633954j 0.052217-0.0224337j 
-0.0198677+0.0121419j -0.0211808-0.0169098j -0.00856539-0.0404824j 0.045888-0.0201083j -0.0298316-0.0316556j 0.0251385-0.024764j 0.0039001+0.0142311j -0.0225911-0.0182215j 0.0150613+0.0155111j -0.00142598-0.0224191j 0.0166567+0.0201862j -0.0116351-0.0102919j -0.0405273-0.032627j 0.0282081+0.003935j -0.0186129+0.0196797j 0.00323671+0.00741531j 0.00241133-0.0299809j 0.00298545+0.000547149j -0.00137496+0.00692847j 0.0119889-0.00162691j 0.00753646-0.0256151j -0.0222208-0.00474296j -0.00378818-0.000734551j -0.0425658-0.0245031j 0.0249823+0.0194784j -0.00186387-0.0215872j -0.00683631-0.0150572j 0.00171468-0.0105681j -0.00309178-0.0152304j 0.00201461-0.00489435j 0.0282035-0.0256965j 0.00863725+0.00536782j 0.0107457+0.0181406j 0.0266462-0.010247j 0.0173735-0.0141543j 0.00341089+0.04415j -0.00360354-0.0131871j 0.0199755+0.0022227j 0.00797282-0.00328418j -0.0159591-0.00413395j -0.0113249+0.00879361j 0.0461456+0.00479477j -0.00535014+0.0061753j -0.0137463-0.0270134j -0.0207997-0.0167693j 0.00429694+0.000923481j -0.00818697+0.000270827j -0.0214524+0.00142733j 0.0158479-0.0342451j -0.0175401+0.010928j 0.016119-0.0100901j -0.0151053-0.00847404j 0.020765-0.0240829j 0.0104749-0.0127173j -0.0440312-0.00138291j -0.0243562-0.0172054j 0.0165033+0.0132781j -0.00375895-0.0179116j -0.0295329+0.0110642j -0.0342684-0.0408995j 0.0443719+0.0197117j 0.00774802-0.0012344j 0.00177611+0.0230842j -0.0506717-0.0112709j 1.6972e-05-0.00918419j -0.047667+0.0223569j -0.00782973+0.00773145j -0.00925995+0.00998499j 0.00047482+0.0280639j 0.0455269-0.0122675j 0.00352489+0.0237364j -0.0200343+0.00187094j 0.0115181-0.0106698j 0.0184467+0.0102563j -0.0127907-0.00735258j -0.00584755-0.0135792j 0.0233504-0.0145257j 0.00999238+0.0107657j 0.0214194+0.0165772j 0.038778-0.040688j -0.00801709+0.00156422j -0.0276307-0.0117541j -0.0057088+0.0181279j 0.0051219+0.0134796j -0.0133355+0.00770363j 0.0219694-0.0281354j 0.0152128+0.00951802j 0.00349064+0.0110836j -0.0138521-0.00193582j -0.0235736-0.0205006j 0.000847561-0.00360549j 0.00758024-0.0126288j -0.00568811-0.0313544j -0.00181372-0.0307252j 0.0238253-0.0296148j -0.00739167-0.00557984j 0.0220216+0.00250111j -0.019486+0.0218164j -0.00331766-0.00616084j 0.0123215-0.00860018j 0.0176309+0.0158372j 0.0138583-0.0103876j -0.0231005+0.0212521j -0.0111809+0.0291289j -0.0315983-0.0592044j -0.0224932+0.0106395j 0.00467089-0.0110681j 0.0436801-0.0172021j -0.0341939-0.0130173j 0.022573+0.0196768j -0.022054-0.0108663j 0.00267485-0.00650075j 0.00908625-0.0350982j 0.00974018-0.00985288j -0.00398027+0.00574659j -0.0322081+0.0167381j 0.00417268-0.0204589j 0.00365053-0.00414213j 0.019444-0.00788171j -0.013276+0.0369337j -0.0574657-0.0222095j 0.0184152-0.0259889j 0.0359286+0.0205666j -0.00405758-0.0283929j -0.0400542-0.0024004j 0.0156083-0.0296164j 0.00814145+0.0439559j 0.0020793+0.00940695j 0.0128508-0.0234376j 0.00594146+0.0415465j 0.0317065+0.0498927j 0.0165256+0.0124579j -0.033296-0.0167289j -0.021784+0.0319694j -0.0387237+0.0116004j 0.00199002+0.0474265j -0.00640006-0.0167669j -0.0107752-0.00605123j -0.0185032+0.0119669j 0.0385303-0.00438755j -0.00738576-0.00194907j 0.0209625+0.0190666j -0.00161889+0.0177064j -0.0135041-0.0215015j -0.00672822+0.00755804j -0.0023537+0.03993j 0.00184833+0.0269905j -0.0150541+0.00565656j 0.00680298+0.00777249j 0.00686122+0.00112814j 0.0307275-0.011894j 0.00463364-7.77551e-05j -0.0154942+0.0122064j -0.00361422-0.0430797j -0.0223169+0.0275384j 0.0246993+0.0163306j -0.00889735-0.00800922j -0.0229061+0.0263727j 0.0165581+0.0145796j -0.00113657+0.0148449j -0.00374672-0.0191412j -0.0102076-0.0172746j -0.0271618+0.0168309j -0.0293135+0.00509414j 0.0229914+0.0119524j -2.70082e-05-0.00788909j -0.0516368-0.00371701j -0.0105872+0.00790685j -0.0165151+0.016403j -0.0265884+0.0239556j -0.0119653+0.0230313j -0.00623711+0.00434279j 0.000964963+0.053157j 0.0262822+0.00705001j -0.0525914-9.84897e-05j 0.0135359+0.0248061j -0.0285443-0.0153163j -0.0122208+0.017506j 0.0134492-0.00788008j -0.0290739-0.00733298j 0.0176652-0.032792j 0.0514432-0.0355321j -0.0382839-0.0435115j -0.063017-0.0533659j 0.0101225-0.0171082j 0.0124293+0.0374158j 0.0201944+0.00854289j 0.0601329+0.0251077j 0.0455684-0.0327747j 0.0329982-0.009152j -0.0273556+0.024894j -0.0274466+0.0468424j 0.0240115-0.006717j 0.0279954+0.0739668j -0.0275137+0.0199985j -0.0028221-0.0039916j -0.00492768-0.0221934j -0.0343117-0.049288j -0.0243036+0.0405879j 0.02423+0.0283882j 0.0161833+0.0221699j 0.029269+0.0349956j 0.0313329-0.0669442j -0.0343817+0.0201915j -0.104587+0.0400495j 0.0716731+0.114134j -0.0312024+0.0179573j -0.0379661-0.0451267j -0.0872284+0.00931499j 0.00950377-0.0925045j 
-0.0312728-0.0423815j 0.0375364-0.0362986j 0.027471-0.0412925j 0.0398735+0.029067j -0.0147779+0.00162981j 0.00377281-0.00848068j 0.0119733+0.0325123j 0.023795+0.00652093j -0.00948741-0.0136646j -0.012796+0.00444819j 0.0075379-0.0214683j -0.000245683-0.00756903j 0.000689953-0.00989796j 0.0111578-0.0187902j 0.00499016-0.000369709j 0.0324209+0.00154798j -0.000783156-0.00757666j 0.00140399+0.00451171j -0.00053707-0.0029176j -0.0269757-0.000155552j -0.0209916-4.85443e-05j 0.00944988-0.0086808j 0.00492545+0.00302371j -0.00663985-0.00503706j -0.0115775-0.0297239j 0.0180779-0.0118606j 0.011243-0.00118125j -0.0063182-0.0171839j 0.0253483-0.00960968j 0.0118847+0.0200167j -0.00595464+0.0138174j -0.00513221-0.00288199j -0.00254103+0.0170608j -0.0156738+0.0258794j -0.011868+0.0234575j 0.0359109+0.00978428j -0.00102982-0.00540094j -0.00394984-0.00827882j 0.00221588+0.0118386j 0.00256595+0.00623812j -0.00247975-0.0169203j 0.0158952+0.00643204j -0.0106367-0.00134549j 0.00832919-0.0102949j 0.00211984+0.00879802j 0.0185136-0.00260868j -0.000708638-0.00367464j -0.0196906+0.0133496j -0.000414551-0.012278j 0.0109019-0.0226324j 0.0154277+0.00660257j -0.0047479-0.0044905j 0.000851004-0.00444282j 0.00543897-0.00591149j 0.0127761+0.0124584j -0.00766771+0.00597138j 0.0100423-0.00731528j 0.0191807+0.00195099j -0.0085523-0.0197174j 0.0137193-0.0139382j -0.000700045+0.0159629j 0.0116036+0.0329779j 0.0167135-0.0064373j 0.0126165-0.0112766j -0.0212126-1.71347e-05j -0.0106741-0.0172825j 0.0159863-0.022623j -0.00219282-0.000366555j -0.00171205-0.00105488j 0.00171911+0.0150987j 0.00359509+0.00569454j -0.00248017-0.0136054j 0.00229298+0.00622946j -0.00923476-0.00378192j -0.0141097-0.0078362j -0.0128795-0.00814698j 0.0147741+0.00183378j 0.0253507-0.0201774j 0.0175346-0.0151105j -0.0149807+0.0033161j -0.0192429+0.0177548j -0.000493542+0.021255j 0.00823788+0.0181557j -0.00814634-0.00967305j 0.0103812-0.00471039j 0.00603205-0.00357604j 0.00393559-0.0270704j 0.0161435-0.00543009j -0.0374949+0.00846141j -0.0113681-0.00807516j -0.0158651+0.00214728j -0.0270785+0.00586556j -0.000840175-0.00143021j 0.00999056-0.0131053j -0.0014583+0.00961882j -0.0195375+0.0258897j 0.00824397-0.00858809j 0.0119291-0.00253562j 0.0138108-0.00162468j -0.00781282-0.000151659j 0.0148777-0.0161117j -0.00722735+0.0178546j 0.0152751+0.01337j -0.00393337+0.0121639j 0.0328708-0.0213428j 0.02273-0.000592373j -0.00149658+0.00174183j 0.0105756-0.0127568j -0.00476077+0.000751863j -0.0184763-0.00208407j -0.00424573+0.00955229j -0.0392925-0.0303232j 0.01676+0.0217813j -0.00240594+0.00199054j -0.0130463+0.0143217j -0.0155683-0.00373017j 0.016128+0.0017412j 0.0148656+0.00294279j 0.0215011-0.00560836j -0.00875478-0.0170669j 0.0330129+0.0145275j 0.0210121+0.00853504j -0.0326665-0.0249507j 0.0259291+0.0119503j -0.0128082-0.0179304j 0.0181325-0.0169461j -0.0346991-0.012166j -0.0123662-0.038914j -0.0227398+0.0184404j -0.00513147+0.00111097j 0.00105894+0.0340441j -0.0256791-0.00811109j -0.000458432+0.0213521j 0.0179553-0.0124726j -0.0304075-0.000828026j -0.0406756+0.0399753j -0.0437566-0.0144182j -0.010551-0.0219244j -0.00263368+0.0307994j -0.0195772-0.0261179j 0.010466-0.0134483j 0.000990828-0.00506478j 0.0264404+0.0105018j 0.0210851-0.00278878j -0.0182987+0.00486861j -0.00255215+0.00732516j 0.0029515+0.027678j 0.00332313-0.00114076j 0.0226334-0.0141029j 0.0115207+0.015769j 0.00741124+0.00626541j 0.00678055+0.000372186j 0.0157792-0.0204328j 0.00233063+0.0188352j -0.0115675+0.025544j 0.0158057-0.00978905j -0.0304108+0.000289989j -0.0230812+0.00184781j 0.0204171-0.016169j 0.00766296-0.0253804j -0.030548-0.0145803j -0.00493439+0.00330989j 0.0170049+0.0139483j -0.00167347+0.00699856j -0.0333868-0.00230934j -0.0011177-0.00326795j -0.00561527+0.0547781j 0.0207761-0.0175331j 0.00462924-0.0225801j -0.00766863-0.00825607j -0.013204+0.0283989j 0.0216343-0.0190035j 0.00598217+0.0116628j -0.0166464+0.0209759j -0.0216246+0.00986805j 0.0328771-0.011251j -0.0467394-0.00607294j -0.0138954+0.0106366j -0.0015209+0.0109277j -0.00320352+0.0057952j -0.0334689+0.00427776j -0.0341561-0.0287318j -0.00924117+0.0356672j -0.0448376+0.0282013j -0.0144039-0.00936011j -0.00640671-0.0104396j 0.00725801-0.0470533j 0.0296171-0.02028j -0.0213373-0.0502316j 0.00396153-0.0464169j 0.0643374+0.0337964j 0.023377+0.0332441j -0.00710473-0.00142652j 0.0279424+0.00307079j 0.0134762-0.00676221j -0.0193417+0.0236168j -0.00536626-0.0131596j -0.020879+0.0373087j 0.0294407+0.0264737j -0.0120304+0.0551811j 0.0157574+0.01427j -0.00175694+0.0210874j -0.0483174-0.0700642j -0.0732851+0.0775557j -0.0471784-0.0686025j -0.0542631-0.0265318j -0.00987046-0.037665j -0.0134064-0.008264j 0.00897652-0.0708783j 0.0467999+0.00331827j 
0.0419122+0.0268793j -0.0293484+0.0537667j -0.0297305-0.000284007j -0.00546858-0.0318064j -0.00538752+0.0082188j 0.0037004+0.00766459j -0.0127868+0.00853777j 0.000168373-0.0215769j -0.00489591-0.00165238j -0.0543197-0.00844938j -0.03233-0.0405358j -0.0433215+0.057326j -0.0430353+0.0237425j 0.0110445-0.0864295j 0.00890014-0.0223559j 0.0561595+0.0705905j 0.0503757+0.0260842j 0.00408839+0.0236149j -0.026966+0.00165474j 0.0119601-0.0377941j 0.0251134+0.014951j -0.0248752+0.0182017j -0.00586139-0.0121702j 0.0227013-0.0341168j 0.0440746+0.0084944j 0.0180169+0.0125031j 0.0348845-0.00872616j 0.0067382-0.0154557j 0.0305816+0.0261153j -0.000606208+0.0170525j 0.00132127-0.0203472j 0.00819587-0.0157903j -0.00629299+0.0157228j -0.00337062+0.0704203j -0.00821671+0.00587235j 0.010922+0.0451313j 0.0255295-0.0214389j -0.0165476+0.0249518j 0.0304492+0.0419762j -0.0139194+0.0109316j -0.0123772-0.00604499j -0.0216104+0.0360506j -0.0180028+0.0297188j 0.00400839-0.0208166j 0.00757152+0.00237591j 0.0123086-0.0314009j -0.00047088-0.0338427j -0.04013-0.00479834j -0.0240287-0.00564382j 0.00125886-0.0365713j 0.0188058+0.0146178j -0.000272278-0.0189845j 0.0017337+0.0227799j 0.0333413-0.0261206j 0.00742161+0.0136687j -0.00275078-0.0115257j 0.0166754-0.0191693j 0.042652+0.0226797j -0.00513563+0.000731899j 0.0270387-0.0201251j 0.0354801+0.0660252j -0.0167565+0.0417902j -0.00573312-0.0200401j -0.0194869-0.06041j 0.0228323-0.00856396j -0.000875388+0.0242676j 0.0133622+0.00673365j 0.0142951-0.0343434j -0.0121419-0.00852656j -0.00517296+0.0171224j 0.0186271+0.0288523j -0.0176103-0.00778323j 0.0210083+0.0576218j 0.0540586-0.0102623j -0.00832093+0.0317735j -0.0271448-0.0356001j -0.00143833-0.0285906j -0.000251115-0.03506j 0.0400181-0.0091134j 0.0209594-0.0500999j -0.0377079-0.0286408j -0.0396567+0.000786626j 0.0577946+0.0401166j 0.0390752-0.0032863j -0.0259261-0.0170584j 0.0232493-0.0294136j -0.00902586-0.00820025j -0.0183349-0.0116006j -0.0707814-0.0203094j -0.0154209-0.0273014j 0.0211555+0.0280993j -0.0133913+0.0404996j -0.0781048-0.00682077j -0.0315844+0.0242349j -0.0010953-0.0109827j -0.057822-0.00567639j 0.0236242+0.035266j 0.0116765-0.0407141j -0.0216752-0.00744032j -0.0342341+0.00174588j 0.00624728-0.0266604j -0.0121118+0.0239403j 0.0628059+0.0298449j -0.0159096+0.014176j 0.0125048-0.0206067j -0.00280783+0.00526969j 0.0234086-0.031382j -0.00472008-0.0136784j -0.0527726-0.02421j -0.0566085-0.00321838j -0.016446+0.0149835j 0.00270583-0.0615646j 0.0139758-0.0441495j 9.91457e-06+0.0071153j 0.00805364-0.012312j -0.0142032-0.0335206j -0.00695739-0.0154212j -0.00320675+0.0116382j -0.0315711-0.0228617j -0.0722754-0.0111922j 0.0543199+0.0265j 0.0016292-0.0100088j -0.0332047-0.06519j 0.0552776-0.00568179j -0.0654868-0.0198j 0.05059-0.0168701j -0.00568551+0.00258231j -0.0422529-0.0275897j -0.0145253+0.053746j -0.0179037+0.0412559j -0.030255+0.046586j 0.0216402+0.0532012j 0.0182556-0.0297402j -0.0051811-0.0571115j 0.0282196+0.0033679j -0.0276675+0.0403646j -0.0260825-0.00360929j -0.0194097+0.00432544j 0.0145653+0.0220165j -0.00788265-0.0352497j -0.0264604+0.025999j 0.00689792-0.0149983j 0.0277976-0.0263724j -0.00368203+0.00496466j -0.0338895+0.0173377j -0.0217989+0.0359477j 0.0506812-0.0334183j -0.00915987-0.0103283j 0.00794924+0.0041165j -0.0195224+0.0306715j 0.0208563+0.00782869j 0.00347771+0.0128691j 0.018537+0.0367709j -0.0190881-0.0134775j 0.0368206+0.0462521j -0.0050284+0.0209441j -0.0574759+0.00104011j 0.00180671+0.00568736j -0.035075-0.00227979j 0.0025741+0.0155126j -0.00858362+0.0296919j 0.005376+0.012487j 0.00183931-0.0113882j -0.0423624+0.00192608j -0.012073+0.0236714j 0.0150121-0.0532787j -0.000595567+0.0254415j 0.016983-0.0206525j -0.0350889-0.0105228j -0.0126558-0.00076235j 0.000404877+0.0341451j 0.0173284-0.00438027j 0.0353571+0.00131612j -0.00593475+0.0306086j -0.000518649+0.0144144j 0.0164278+0.00518068j -0.06018+0.00521023j 0.0056709+0.0865674j -0.00851181+0.014288j 0.00628803+0.0380866j -0.0316533+0.00497292j -0.0135686-0.0499475j -0.000703079-0.0392603j -0.0514932-0.00239437j 0.0104587+0.0275289j -0.00189386-0.0462362j -0.011488-0.041338j 0.0111773-0.0280553j 0.0291085-0.0362006j 0.00431389-0.0153167j 0.056026-0.0234806j 0.0377007-0.0313642j 0.0422444-0.0246722j 0.0185751-0.00460021j -0.0285962-0.0194101j -0.00264223+0.112981j -0.0335405+0.0952355j -0.084764-0.00936827j -0.00474758+0.0163623j -0.0552448+0.0816807j -0.0623552-0.011191j -0.132831+0.0738909j -0.0402061-0.0912338j -0.032807+0.0148148j -0.027309-0.0381289j 0.0014865+0.0185899j 0.0671935-0.0177108j 0.00864386+0.0206618j -0.00760679-0.00247734j 0.0460313-0.0298239j 
0.00769914-0.042984j 0.0421354+0.0125935j -0.0182912-0.0122336j -0.00373011-0.00885938j -0.0392325-0.0117086j 0.0390855-0.00303589j 0.00320346-0.0773555j 0.0313113-0.0059737j -0.0361566-0.0106705j 0.0222556+0.0188615j 0.0109759+0.00704336j 0.0415396-0.00720061j 0.0159508+0.0161148j -0.0262125+0.0620968j -0.0233736-0.0286661j -0.0591387-0.0355924j -0.0406043+0.00323367j 0.00595957-0.0111044j 0.0152532+0.025166j 0.0300372+0.0399275j 0.0288444+0.0173473j -0.0029284-0.0213197j 0.00650278+0.00647749j -0.0148734-0.0191798j -0.00124279+0.0318638j -0.0299407-0.00532273j -0.00073752-0.00188713j 0.00830805+0.0211578j -0.048175-0.00355411j -0.0161685-0.0153609j 0.0159052-0.0069627j 0.0425196+0.00394812j -0.0114738-0.0148226j 0.0278017-0.0455975j 0.0646986-0.0373004j -0.0494148-0.00886567j -0.0197959-0.0124594j 0.0365707+0.0371881j -0.0134799-0.0182522j 0.0255569-0.0339573j 0.0107775-0.00110201j -0.0388873-0.0247782j 0.0292568-0.0373683j 0.0129223-0.000496101j 0.00252173-0.0260312j -0.0316517+0.0249165j -0.00306504+0.00908006j 0.018331-0.00530014j -0.0154544-0.0039077j -0.00203765+0.02351j -0.0208951+0.00489383j -0.01212+0.0169426j -0.00682067+0.00209265j -0.032974+0.0324898j -0.0268885+0.0160571j 0.0370232+0.0208231j -0.00960264+0.0467701j 0.00505067+0.0153231j -0.0107994+0.0474768j 0.0181505+0.0507299j -0.00229402-0.00436518j 0.025849-0.0431838j -0.0408008+0.00137714j 0.0297217-0.00893933j 0.0463453+0.0332834j 0.0347063-0.048595j -0.0326542-0.00111724j 0.00670007-0.0164291j -0.0224418-0.00449857j -0.0240847+0.0258328j -0.00259022-0.00567665j 0.0175394-0.0598146j -0.0214681+0.0553868j 0.0159221-0.0236236j -0.0257574-0.0385432j -0.00202868-0.0440045j -0.0712924+0.0360833j 0.0078424-0.0185288j 0.0577563-0.00578319j 0.0282351-0.0289662j 0.0277309+0.00315424j -0.049848-0.0201446j 0.0673589+0.038505j 0.024895-0.00350812j 0.00686064+0.0110035j -0.00729443-0.014928j 0.0578412+0.0470839j 0.090614-0.0199675j 0.0407392+0.00409999j -0.0338891-0.0342418j 0.049901-0.0202634j 0.0435192+0.00101653j -0.0469703-0.00265592j -0.0549846-0.0106434j -0.0358879+0.0662664j -0.0253143-0.00106839j 0.0451604+0.0106606j -0.0316839+0.0160135j 0.0238013-0.0179091j -0.0345821+0.0573591j -0.0200348-0.0236806j -0.00409295+0.00562297j -0.0293198+0.0101814j 0.0114336-0.0485965j -0.0490725+0.0660248j 0.061169+0.0260187j -0.0148247-0.0106093j 0.046889+0.0460299j -0.0241163-0.0260325j -0.00844915-0.014002j 0.00292508-0.0893854j -0.0470177-0.0718508j 0.0326664-0.00884132j 0.0779019+0.0479303j -0.00461848-0.0334376j 0.0138338+0.0807975j -0.0419205-0.00418591j 0.0129693-0.00891724j -0.069725-0.0489399j -0.00918695+0.0511846j 0.0281004-0.0513445j -0.0367438-0.0469892j 0.0616444-0.0180506j -0.0189357+0.0265139j -0.0164453-0.0150081j -0.000492478-0.0632781j 0.00993086-0.00218234j -0.0844716+0.00365232j -0.0275063+0.000188287j 0.000409732+0.0317096j 0.0107271+0.0694096j 0.045586+0.0246722j 0.0149204+0.0450962j -0.00432023-0.0130298j 0.0247113+0.0225275j 0.00168227+0.0464431j 0.0542407-0.0675776j -0.06102-0.00829863j 0.0218531-0.0331423j -0.0168514-0.0527901j -0.0131747-0.0342614j 0.00514947-0.0418429j 0.00810366-0.00825028j -0.00644222+0.0451098j -0.013404+0.0579778j 0.0452108-0.00423256j -0.0406073+0.0145845j 0.022938-0.00108023j 0.0233893-0.039206j 0.00568609-0.0240857j -0.0181797+0.0731904j -0.0165398-0.00955521j 0.0128847-0.0118346j 0.00680847-0.00444266j 0.00412895-0.0637378j -0.0022492+0.0145738j 0.0346889-0.0207058j 0.00156499+0.0381663j -0.0133396-0.0606501j -0.00301673+0.0750933j -0.0043034-0.0205736j -0.0192349-0.00382462j -0.0083284+0.0271812j -0.0064334-0.00977846j 0.00745731-0.010898j -0.0147715-0.00274801j 0.00841109+0.0398632j 0.00765455-0.0200188j -0.0182271-0.0273803j -0.0729007-0.0293755j -0.0398296-0.00672911j -0.0644535-0.0440325j -0.0222741+0.0666541j -0.038539-0.0377473j 0.0237617+0.0019432j 0.0124674-0.0399277j -0.0273185+0.00883111j 0.0086183-0.0342654j -0.0401617+0.026081j -0.0025286+0.0568352j 0.0115159-0.0609574j 0.0232382-0.0181185j -0.0297011-0.0244397j -0.03589-0.0189219j -0.0198552-0.0271101j 0.0116293+0.0375848j 0.0484026-0.0192619j 0.0317658+0.00764376j 0.00278181-0.0474358j -0.00425224-0.0240842j 0.0878249-0.0539984j 0.0296976+0.0353692j 0.0278475+0.0350775j -0.012388+0.0254903j -0.0814675-0.0320648j -0.0759937-0.0279592j 0.0661475-0.10234j 0.0802437+0.0882977j 0.111067-0.055102j 0.0200902-0.0444893j 0.0373294+0.0860705j 0.0343799-0.0529032j -0.0183388-0.0149005j -0.0304552-0.0751987j -0.0266832-0.0304019j -0.0273238+0.0226805j 0.0368703-0.064069j 0.0791282+0.0245269j -0.0127523+0.00957067j -0.0217709-0.014533j 
-0.00496731+0.0313016j -0.0294661-0.0017554j -0.00962251+0.0298728j -0.0320181-0.0155025j 0.0446959-0.0260509j -0.0117944+0.0602308j 0.00672639-0.0417168j 0.004519+3.23075e-05j 0.00714406+0.0145307j -0.0159025+0.00457917j 0.0277072+0.0232612j 0.0271599+0.024785j 0.0319483+0.0367048j -0.0278034-0.0146718j 0.012668+0.0256091j -0.029475-0.0316134j -0.00800374+0.00307575j 0.0206747-0.0241911j 0.012219+0.0230024j -0.00369512-0.00398808j 0.0361348+0.00724729j 0.0194058+0.0293153j 0.0242718+0.0162298j 0.02103+0.0162703j 0.0633669-0.0253732j -0.00415576+0.00346148j -0.00209507+0.00410987j 0.00413716-0.00885226j -0.00300124+0.0265472j -0.0117275-0.00194122j -0.00704256+0.00388966j 0.0028068-0.02368j 0.00864028-0.00259565j 0.00277749+0.00564244j -0.0536193+0.0031725j 0.0245952-0.0102067j 0.0224858-0.0377011j -0.0314569+0.00587618j -0.0259677+0.027j -0.0138624+0.0503733j 0.0240192+0.0134571j -0.053292-0.00371058j 0.0100443+0.00268359j 0.0191669+0.0105026j -0.00289355+0.028123j -0.0146651-0.000259862j 0.0036993-0.000809942j 0.00804396+0.00488649j 0.011365+0.0379522j 0.0203746-0.0216685j -0.00145171+0.0157725j 0.000738117+0.0131831j -0.030492-0.0060881j -0.011981+0.00464754j 0.0445438+0.0326184j 0.0301369+0.00556495j 0.00849785-0.0306337j -0.0188061+0.0235071j 0.00654121-0.0392863j 0.00940871+0.0315709j -0.0594243+0.0190492j -0.0345159+0.0329463j 0.00362461-0.0355635j 0.0685584-0.0269883j -0.032149+0.0678655j 0.042621-0.0443453j 0.0103379+0.00686358j 0.0124925-0.0279288j 0.00251009-0.0360676j -0.0523833+0.0700246j 0.0132823-0.00346793j 0.0034062-0.0327883j 0.00138156+0.0477675j 0.0393628-0.013399j -0.00793924+0.0352347j 0.00153662-0.0293062j -0.0532906+0.0493157j -0.0162022-0.039814j 0.0358612+0.00701765j -0.073212-0.0195781j -0.0360039-0.0302913j -0.0100277+0.0776504j 0.0455066+0.0471045j 0.0570253-0.0150863j -0.0390359-0.00232418j 0.00358819-0.0147737j -0.0210228+0.00309747j 0.0750132-0.0100451j -0.0178281-0.00655192j 0.0409712-0.0126705j 0.000704636-0.00889925j 0.00855408+0.0260248j -0.059276+0.0279706j -0.0192786+0.00995041j -0.0293758+0.0863392j -0.113897+0.0534637j 0.039971+0.0154894j 0.0119877-0.0429595j 0.00904928-0.0470787j -0.0886861-0.0017678j 0.0214537-0.0102238j -0.0365816+0.048237j -0.0206757-0.0139889j -0.0385548+0.0215257j 0.0297908-0.0026475j 0.0476216+0.0111137j 0.0528742-0.0447716j 0.00322139-0.0155341j 0.00952048+0.0281225j 0.00111191-0.0515614j 0.0803896-0.0691381j -0.0664135-0.106747j 0.0554684-0.00171956j 0.0366287+0.0292677j -0.0314877-0.0177805j 0.0366561+0.0284666j 0.0216556+0.000270036j 0.0077169+0.0398347j -0.0464365-0.0367357j -0.119112-0.0324706j 0.0861547+0.0185317j -0.0442343-0.0352875j -0.103291-0.0756777j 0.0471827+0.0161879j 0.0309058-0.0531063j 0.0334987-0.0112716j -0.0483998-0.01859j -0.0352626-0.0213295j -0.101982+0.0720148j -0.00552512+0.0575561j -0.0195435+0.0915145j -0.0520092+0.0673043j 0.0510134+0.0248074j 0.034477-0.0736488j 0.0712118+0.00167878j -0.0185881+0.0181544j 0.0178181-0.026907j -0.00871104+0.0696282j 0.00477009-0.0287813j -0.0445597+0.00170927j -0.0258541+0.0127836j -0.0314509-0.032661j 0.0340794-0.0512115j 0.0112742+0.0433117j -0.0221942+0.0591353j 0.0422802-0.0320848j 0.0297964-0.0191707j 0.00176614+0.0111597j 0.037128-0.0184056j 0.0578777+0.0464712j 0.0161494+0.0323637j 0.0355372+0.0244353j 0.00849913-0.00254624j -0.0727073+0.0405972j 0.0335615-0.0533107j 0.00546585-0.0102492j -0.0283701-0.000309495j 0.0489008-0.0102207j -0.0412571-0.0323178j 0.036705+0.00486891j 0.0243725+0.00017702j -0.00914482+0.0476772j 0.00994087+0.0177471j -0.0167829+0.0334375j 0.000949598+0.0199085j -0.0146887-0.00163816j 0.0228983+0.00227645j 0.0107375-0.00477687j -0.0081881+0.0181833j -0.00438698+0.0422146j 0.0102687-0.00835589j -0.0278375+0.0154715j 0.0118981-0.0166756j -0.0309651-0.0157116j 0.0491936+7.86982e-05j -0.000971718-0.0290831j 0.0406939+0.0387229j 0.0377034-0.00168652j -0.0209718+0.0270714j 0.0489218+0.0312925j -0.0241912-0.0261439j -0.0198877-0.0476155j 0.00891963+0.0173074j 0.00308349+0.0275096j -0.0171743+0.0140862j 0.00311283-0.0323508j 0.011441-0.0169414j -0.0173481-0.0138108j 0.00749412+0.0017466j -0.0231453+0.0466021j 0.0143512-0.0308839j -0.0175475-0.0234456j -0.0308495-0.00263792j -0.0445805-0.0333473j -0.0599484-0.077929j -0.0341351-0.0158261j 0.0134176+0.0326517j -0.00248287+0.0333255j 0.07808-0.0609154j -0.00410401-0.0282967j -0.0255469-0.0279605j -0.0632691-0.0441198j -0.00690478-0.01083j 0.0204866-0.00738411j 0.017454-0.0776157j -0.0458286-0.0278582j 0.0367454+0.0228704j -0.0264871+0.0419411j 0.0231275-0.00586561j 0.00920956+0.0316301j 
0.0151602-0.012142j 0.0185891+0.0141002j -0.0177544+0.00574388j -0.00789258-0.00743289j 0.0169685+0.00193509j -0.00210769+0.0129065j 0.012266-0.0267055j 0.00364734-0.0326604j -0.0322076+0.00578757j 0.0351217+0.0348229j 0.023902+0.015994j 0.0321424-0.0408631j -0.0197735-0.0515763j 0.00148295+0.0630645j -0.0316621+0.0192326j -0.0432939-0.0509652j -0.0245227-0.0430125j -0.0187407+0.00235314j 0.0073604-0.0104016j 0.0106247+0.027198j -0.00815469-0.011291j -0.0173402-0.0219388j 0.0203343+0.0350129j -0.0319914-0.0062748j 0.00174397+0.018745j -0.0144879+0.00266381j -0.00137183-0.0198197j 0.0272247+0.00604234j -0.0358063-0.0105384j 0.00540553-0.0105945j -0.00400267+0.0256178j -0.00664113-0.0194666j 0.00946508+0.0107773j -0.0119902-0.0378513j -0.0102009-0.043528j -0.0307693+0.023163j -0.00847955-0.0453752j -0.0296443+0.0307648j -0.0349107+0.0406486j -0.0403314+0.0238344j 0.00749709+0.0131924j 0.0177814-0.010986j -0.0295282-0.0214731j 0.0140194-0.0424853j -0.00222755+0.00770076j 0.0109614+0.00813289j -0.00376815+0.0164526j 0.0076643-0.0198207j 0.0244226-0.021151j -0.0126216-0.00681177j 0.0190683+0.0187981j -0.0340303-0.0147857j 0.0416564-0.0347973j 0.0346718+0.0419984j -0.0296348-0.0515821j -0.0271253+0.00571334j -0.0395613-0.0141723j 0.0133947-0.0147979j -0.0461021+0.000443274j -0.00899844-0.0342296j 0.00627755+0.0176483j 0.048174-0.00538564j 0.0476072+0.0364318j -0.0606624-0.0320582j 0.0217131+0.00734336j -0.034252-0.0103795j -0.0421314+0.0367845j -0.0303921+0.0333444j 0.00632128-0.000801129j 0.0299876-0.0034638j -0.0176457-0.0102256j 0.00902262-0.0586817j 0.0184723+0.0105882j 0.0636772-0.0120466j -0.067622-0.00364027j -0.0317182-0.0637984j -0.0253287-0.0027864j 0.0470135+0.00744814j 0.0830774-0.0629247j 0.0846038-0.047862j -0.0145717-0.0450119j -0.113109+0.00067071j 0.0563741+0.0712601j 0.0797215+0.0106585j -0.0402246+0.0281493j -0.0354084-0.0189688j 0.0124873+0.0327896j 0.0703234-0.00401343j -0.0179684+0.000592747j -0.0385358-0.0232039j -0.0277965-0.0122987j 0.0289437-0.016164j -0.0542422-0.085411j 0.0121253-0.0262358j -0.0370142+0.0348522j -0.0586773-0.079762j 0.0328209+0.0176532j -0.0708009-0.0401441j -0.0108494-0.0159273j -0.0142192-0.0293621j 0.067374-0.00490744j 0.0184032+0.0438134j -0.0479179-0.0274621j 0.0293635-0.00156604j -0.0519369-0.0745375j 0.0218486+0.0221667j -0.0200471-0.00439238j 0.0824954-0.0621705j -0.0697203+0.0203481j 0.0298812-0.0424778j -0.00341023+7.31267e-05j -0.0247051-0.0863447j 0.0122702-0.038425j 0.0134208+0.0311159j 0.0284145+0.0171488j 0.00758453+0.0500826j -0.0343168-0.0475372j -0.0334645+0.0130436j -0.0118477-0.0356565j -0.042622+0.112048j -0.0303409-0.0550363j 0.0166146-0.0536141j 0.0662016+0.00612877j -0.0291439+0.0110155j 0.0149862-0.0152397j 0.0120627-0.0631887j 0.0145702+0.0171869j -0.00651321+1.2128e-05j 0.0252824+0.0663518j -0.0163907+0.0494551j 0.033024+0.0914791j -0.0299118+0.0349839j -0.0260223+0.0162716j -0.00208462-0.000440644j -0.0643755-0.0108777j 0.0251522+0.0359195j 0.0451636-0.0440163j -0.0406437+0.0578174j -0.00972691-0.0011041j 0.0442029+0.0170988j -0.0349418-0.00078509j 0.0312775+0.0379326j -0.0167616+0.0177146j -0.0619266-0.0382745j 0.0389941+0.0263676j -0.0013762-0.00320345j 0.0161704+0.0575221j 0.0170225+9.99699e-05j -0.0429736-0.0208837j 0.0377482+0.010509j 0.0150132-0.0338191j 0.0116999-0.0270746j -0.0304971-0.00965998j -0.0479439-0.0770357j -0.0134084+0.00367843j 0.0496542+0.00665185j -0.0226631-0.0336075j -0.00082391+0.0304921j -0.0348051-0.0225299j 0.0225711-0.0125858j 0.0216095-0.0208298j 0.00103715+0.0340344j 0.00767246+0.00082913j -0.0243825-0.0463784j 0.030687-0.0106616j -0.0103886-0.00452789j -0.0391184-0.0299946j -0.0439694-0.024248j -0.0173683+0.0128041j 0.0165338+0.0394164j 0.0171091-0.00428615j -0.010993+0.0207793j 0.00604399+0.00301455j 0.0178968+0.00290936j -0.0138694+0.0138407j -0.0206489-0.000823774j -0.0135478-0.0232748j -0.0264929+0.00854172j 0.00139137-0.0251136j -0.0115762-0.0290284j -0.0390579+0.0545768j 0.0875439-0.0143217j -0.0104521+0.0463299j -0.0418996-0.0646864j 0.0141006+0.030245j -0.0137806-0.01176j -0.0261471-0.0801056j 0.0187021+0.0638583j 0.022693-0.0266632j 0.0078075+0.0500564j -0.0608827-0.0267338j 0.09354+0.0173073j 0.0693516-0.0211679j 0.0156168+0.105255j 0.041087+0.0225257j 0.0417648+0.00367613j 0.0478113-0.00897867j 0.00146967+0.00548452j 0.00130146+0.0597265j 0.0351741+0.0368539j 0.00532759-0.0135438j 0.0207866+0.0477182j 0.0471555-0.0501903j -0.0225108-0.00649364j -0.0182471+0.041834j 0.032406+0.0538525j 0.0148598+0.0250102j 0.0118213+0.0110002j -0.0501186+0.0178266j -0.00167572-0.0348214j 
-0.0203523-0.0578765j 0.0584872-0.0153415j 0.0190756-0.00282455j 0.00365159+0.0153164j -0.0591561+0.0590423j -0.0295115-0.088603j 0.0238024+0.0300389j 0.0170879+0.0610649j -0.043525-0.0568499j -0.00161571+0.00100029j -0.0163008-0.0673903j -0.0482473-0.0113758j -0.00203411+0.0319168j 0.0146861-0.0175891j 0.0133631-0.0279082j 0.0601359+0.0149976j -0.0146463+0.02019j 0.00841844+0.00585985j -0.0153876-0.0172589j -0.0293019-0.0029297j -0.0698629+0.01433j 0.0341939-0.0023383j -0.0254463-0.0310514j 0.0248263+0.018995j -0.0947249+0.0325519j 0.0635727+0.010411j 0.000141149+0.0415104j -0.0252351-0.00287142j 0.0368934-0.00298968j 0.00510378+0.0249263j -0.0281886+0.0539158j -0.0209074+0.0403077j -0.0203235-0.00647489j -0.07474+0.0651949j 0.00250711+0.0399414j -0.00670089-0.0293672j -0.00658087+0.0563054j -0.0219959+0.0128539j 0.016882-0.0227539j 0.0180226-0.0410927j -0.0177211-0.0226978j 0.0170517-0.00994175j -0.0304726+0.0261102j -0.00219143+0.00643161j 0.0228572+0.0135778j 0.0122023-0.00242973j 0.0086157-0.0109148j -0.0117642-0.022473j -0.00671198+0.00402232j -0.0110386-0.0128094j -0.0210623-7.49501e-05j 0.0261633-0.00992559j -0.0182844+0.0106871j 0.0219654-0.01211j 0.0511977-0.04061j -0.00458629+0.0276417j -0.0178217+0.0295202j 0.0955195-0.00889338j 0.0119106-0.027191j 0.0649498-0.0433718j 0.018005+0.0363291j 0.0554214+0.0232637j -0.0355342-0.0178274j -0.0241929-0.0346075j 0.0869369-0.0334876j 0.00472286-0.00306557j 0.0645412-0.0268581j -0.00186951-0.0269725j -0.00270791-0.019478j -0.0222059+0.0222316j 0.038359-0.0125774j 0.0295349-0.0714839j -0.00827933+0.0240803j -0.00732979-0.0592251j -0.0576173-0.0346927j -0.00150517-0.0543252j 0.0189756-0.0680213j 0.0763331-0.0322677j 0.119029-0.0608762j 0.140564+0.00155069j -0.0653179+0.0723827j -0.120568-0.039114j 0.0180553+0.0513485j 0.0207801+0.0163384j 0.045458-0.0359954j -0.0052811+0.0175347j 0.0133774-0.0315927j -0.00425706-0.0503931j -0.159103+0.0137454j -0.0821186+0.0267956j 0.0698181+0.0353201j -0.0626493-0.032187j -0.0380551-0.0249242j 0.00490402+0.0684058j 0.0114268+0.0286661j 0.0289128-0.0644687j 0.0711785-0.00213848j -0.0172655-0.0193795j -0.0129817+0.0524292j -0.0518465-0.0240306j -0.0216723-0.0856119j -0.0517426+0.0425036j 0.14643+0.0563175j -0.00337524-0.0392577j 0.02994+0.0588494j 0.0773066+0.0870484j -0.0132304+0.00782957j 0.00879368+0.0874817j -0.0199035-0.0408626j -0.1243+0.0106162j -0.018+0.0878882j -0.0518178-0.0709962j -0.0815302+0.0473821j 0.0270578+0.0556163j 0.0105325+0.0503474j 0.0261464-0.0501601j -0.0430744+0.014683j 0.0365104+0.0398587j 0.0259097+0.0724683j 0.0712138+0.0358778j 0.112138+0.0256835j 0.0726126-0.0294631j 0.0580504-0.0475603j 0.0136197+0.0588188j -0.0927073-0.0126444j -0.0314574-0.0603295j 0.038745-0.0711193j -0.0134874+0.0139069j 0.052916+0.0719976j -0.00734379-0.0322049j -0.0216515+0.0254919j 0.00520464+0.0141995j 0.0785995+0.0545848j 0.0340264-0.0832107j 0.034133-0.0178164j -0.0427242+0.0333273j -0.0936505+0.0547181j -0.0290847-0.0379588j -0.05298+0.0458612j -0.0990367-0.0434329j 0.00834923-0.0322765j -0.0309724+0.00619443j 0.030413+0.022507j 0.0163927-0.0134146j 0.0223247-0.0705867j 0.0105016-0.0260608j -0.0431872+0.0176584j 0.0138727+0.00743432j -0.00765109+0.0243325j 0.0457727+0.0464593j -0.0481698-0.0421516j 0.030968-0.0313895j 0.0305129-0.0237238j -0.0175241-0.00279642j 0.000818984+0.0653402j -0.062036-0.0431199j -0.0510166+0.0030045j -0.037132+0.0353089j 0.0155964-0.0490036j 0.0149598+0.0136224j -0.0106701-0.0342211j -0.0209694-0.025985j 0.0196526-0.0185512j -0.00264012-0.0345894j -0.0121075-0.0110623j 0.015691-0.0226287j 0.0506578+0.0798503j 0.0364128+0.00818695j -0.0215224-0.0562712j -0.00997793-0.0191161j -0.0171454-0.0471851j 0.0317371-0.0146613j -0.0731828+0.042229j -0.0595535+0.0497203j -0.0181148+0.0169539j 0.0428172+0.00490297j 0.046687-0.00716j -0.00507347+0.00311323j -0.0137761+0.044448j -0.0364512-0.00336661j -0.0269264+0.0205516j 0.00905996-0.0596668j 0.0335006+0.0437089j -0.00367245-0.0296863j 0.025865+0.00622424j -0.0139277-0.0148727j 0.00666647-0.0318099j -0.00430439+0.000350607j -0.0179146-0.0184312j 0.0470085-0.0536985j 0.0456041-0.0485227j 0.0172048+0.00904786j 0.0459426+0.0142353j -0.0332279+0.00295246j -0.037386-0.0349329j -0.0487631+0.0410852j 0.0360608+0.0351876j -0.0250875+0.033467j 0.00940108-0.016378j 0.00882466+0.0633008j 0.0722379+0.0752698j -0.0238456+0.0248096j -0.0888764-0.0147695j -0.0329049+0.0694917j 0.0123199+0.00511395j -0.00759759-0.0225748j -0.0193424-0.0105967j -0.00298496-0.0165745j 0.0128388-0.0364536j 0.0336395+0.0305603j 
-0.044248-0.0451286j 0.0443764-0.0494666j 0.047844-0.0655859j 0.0718561+0.0606675j -0.0528565+0.027658j -0.0108877-0.0679965j -0.0167952+0.0601361j 0.0319536+0.0012147j -0.0166765-0.00853127j 0.0342149+0.0208539j 0.0275178-0.00138656j 0.0297131-0.0678918j 0.0322173-0.034114j 0.0458051+0.00326421j 0.0154292+0.038085j 0.00726616-0.0183271j -0.0320972-0.0592028j 0.0124369+0.00750199j -0.00620141+0.0091837j -0.0440474+0.0178019j -0.0857717-0.0568687j 0.0204459-0.0521909j 0.0453342+0.0340002j -0.022571+0.00371652j -0.00366147-0.0281055j -0.00357032-0.0716782j -0.00593163+0.0109303j -0.012556-0.00745315j -0.0109597-0.0379026j 0.0324424-0.000606167j -0.00600927+0.0144704j -0.0193987-0.0238334j 0.0180805+0.0171471j -0.0046026+0.0015721j -0.0316763+0.00936918j 0.0644753+0.0271909j -0.029449-0.00160353j -0.0056513-0.032158j -0.0228868+0.0215643j -0.0286944+0.021928j -0.00790245+0.0029346j 0.037745-0.0314304j -0.0192555-0.0200994j 0.00748289+0.00562882j -0.0380942+0.0313197j 0.0104083+0.0109888j -3.79289e-05+0.0328846j 0.0103007+0.0562224j 0.0455248-0.0297274j 0.0276956+0.00262974j 0.0286434-0.0210679j -0.037162-0.00590571j -0.0118615-0.0226638j -0.0230906-0.00317234j -0.0149268+0.0301694j 0.00578528-0.036422j 0.0509153-0.0314302j -0.0415143+0.0153396j -0.0458942-0.0430226j -0.0264035-0.0353649j -0.00129843-0.0104162j 0.020621+0.0267969j 0.0564845+0.0125577j 0.0245508+0.00575219j -0.081018+0.0385824j -0.0331096-0.0360985j -0.00290714-0.0468695j 0.0162849+0.0268295j -0.0136892+0.0289206j -0.0401745+0.0321703j -0.0165426-0.00984045j 0.0316432-0.0785813j -0.00517088-0.0216059j -0.0213242+0.0161735j -0.0462603-0.0562627j -0.0235591-0.0174835j -0.0167874+0.0265956j 0.0472226-0.0186596j 0.017145-0.0400969j -0.0504863-0.00878201j -0.0418452+0.0524398j -0.0124702+0.0330841j 0.0136811+0.0490604j 0.0127314+0.0228428j 0.00919158+0.0183233j -0.00989868+0.0040358j 0.0115559-0.0348898j 0.0802261-0.0134248j -0.108282-0.00870277j -0.0229006-0.0225755j -0.042071-0.0232693j 0.000567532-0.00935303j 0.0258016-0.0158744j 0.0294476-0.0771531j -0.0526595+0.0680032j -0.0512221+0.092629j 0.0615145-0.0364897j 0.00192552+0.0321954j 0.0294531-0.055642j -0.0336756-0.0662037j 0.0417112-0.0262356j -0.032131+0.0201427j -0.0631256+0.00774395j -0.00577747+0.0178081j 0.0141771-0.0317452j 0.000495481+0.00114979j 0.0369682+0.0112059j 0.0553731+0.0142457j 0.00333614+0.0541161j 0.0176923+0.00325049j 0.0112275-0.0391262j -0.104076-0.119718j 0.0895923+0.0168636j 0.0310373+0.010643j -0.0515548+0.0305205j -0.0444933+0.0238983j 0.0727097-0.00269199j 0.0659305+0.0331063j 0.0830863-0.00143045j -0.00196445-0.0196835j 0.0365632+0.0109619j 0.0351125+0.0290903j -0.0544366-0.049564j 0.0489705+0.0289774j 0.0536843-0.078069j -0.00202864-0.0649284j -0.0839799-0.00628041j -0.0638359-0.0559016j -0.0636975+0.0714238j -0.0115935+0.0227353j 0.0534341+0.0879069j -0.111448+0.00349768j -0.0538353+0.0127503j -0.00539637+0.0122286j -0.0972139-0.000804603j -0.0551448+0.0238369j -0.0288043-0.0144841j 0.0195913+0.0372309j -0.025274+0.0732091j -0.0748235+0.0213968j 0.0109058-0.011034j 0.00846409+0.0119804j 0.0169616-0.000752254j 0.00765751-0.0049962j 0.00779437+0.0295499j 0.0105363-0.000866949j 0.0302246+0.0527422j -0.0266952+0.015429j 0.035672-0.0313134j 0.0779239+0.0415261j 0.01419+0.00151067j 0.0277898+0.016318j -0.0162678-0.0529384j -0.0335077+0.0673306j -0.0315355-0.00556163j 0.0436085-0.0609972j -0.0457326+0.0381262j -0.00506671-0.00181464j 0.0480753+0.0110364j 0.085694-0.0904757j 0.0211341-0.0139288j -0.0432204-0.0112265j -0.0165357+0.00879195j -0.0146319+0.0352626j -0.0348519+0.0585479j 0.0134129+0.0513859j 0.0250847-0.000829468j 0.00901682+0.0121498j 0.00509618+0.00633079j -0.0161706+0.0501632j -0.0102619+0.0190684j 0.0410878-0.00334069j 0.0429051+0.0266977j 0.00203455-0.0250446j -0.0496683+5.0728e-05j -0.000524746+0.0019325j 0.0265115-0.0134161j -0.0342964-0.0244342j 0.0254666-0.0353568j 0.0180879-0.00695349j -0.0148739-0.0291437j -0.00393261-0.0283989j -0.00484917+0.0211846j 0.0113999+0.0545611j -0.0445354+0.0793095j -0.0431328-0.0228908j 0.00625237-0.0053935j -0.0201516+0.0386533j -0.0767586-0.00896609j 0.033967-0.0147027j -0.0233581+0.0278296j -0.045907+0.0645794j -0.068362-0.0300876j 0.0209427+0.04133j 0.0291643-0.00300414j -4.10769e-05-0.125739j 0.0458389-0.0285189j -0.0355215+0.0497649j 0.0494279+0.0102313j -0.0430655+0.0137032j 0.0159275-0.00503185j 0.00244989-0.00761155j 0.0637068-0.0154902j -0.0308026+0.0438137j -0.046311+0.00606955j 0.031509+0.0387969j -0.068329+0.0422967j -0.0447593-0.0591514j -0.0407806-0.0413017j 0.0358697-0.044917j 
-0.0199087+0.0454178j -0.0463427-0.0285558j 0.0286082-0.000316732j 0.0138544+0.0148201j 0.0443167-0.0160594j -0.00945202+0.0389588j -0.00589506+0.0583693j -0.0446205+0.00570247j 0.00250048+0.020908j -0.0351156-0.0467695j 0.0130631+0.0367683j -0.0177715-0.0201376j 0.0117708-0.040387j -0.00597112-0.0265093j 0.0245532-0.0256289j 0.0180665+0.0256461j 0.0218058+0.00648932j 0.0187741+0.00146121j -0.00516159+0.0356763j -0.0215797-0.00540819j -0.00751785-0.0251554j 0.0118394+0.018564j -0.00374175-0.0209886j -0.014044-0.00272218j -0.0012991-0.0472981j -0.0281332-0.0621277j -0.00337688-0.00971589j -0.00908558+0.0127142j -0.0163353-0.0211352j 0.0242404-0.0414722j 0.0601918-0.0492015j 0.0417401+0.00977328j 0.0306509+0.0293877j 0.0759379-0.0431285j 0.0286902+0.0262511j 0.0052743-0.0132387j -0.0341695+0.0302864j 0.109684-0.0594504j 0.0354955-0.0814205j 0.043037-0.0613955j -0.00386449-0.039925j 0.0689538+0.0124627j 0.0463017-0.0228358j -0.018291+0.0404739j -0.0220016-0.0449811j 0.0549093+0.0166041j 0.00637639+0.00536283j 0.0219602-0.0120571j 0.0047568-0.0325021j 0.0235902+0.0482434j -0.0223884-0.0267628j 0.0334603+0.013853j 0.0451683-0.0130082j -0.0356258-0.0350217j -0.0413384+0.00368422j -0.0172308-0.0168535j -0.000384118+0.111788j -0.0365309-0.0446679j -0.0285846+0.0443217j -0.0030001-0.00327895j 0.00786774-0.00329091j 0.0377112-0.0283415j -0.121169-0.036306j 0.0473636+0.0335441j -0.0193029+0.040186j -0.0232969-0.013871j 0.00244899-0.0331302j 0.0447371-0.0392693j -0.0596862+0.0650449j 0.0463499+0.0210445j 0.0485736+0.0603512j -0.03002+0.0565347j 0.0107962+0.0108409j -0.0805381-0.10358j -0.048894-0.0215692j 0.0813038-0.0493565j 0.0428279+0.041326j -0.0646737-0.046196j 0.135702+0.0305892j 0.0928576-0.0744411j -0.0167317+0.0564819j -0.0163922-0.00787554j -0.0145019+0.0934758j 0.000442018-0.0287132j 0.0397747-0.07852j 0.160074+0.000576289j 0.0953786-0.0287688j 0.0843052+0.0662845j -0.00340766-0.0184812j -0.0951748-0.0428106j 0.151666-0.0388252j 0.0524013-0.00650043j -0.0429961+0.0708529j -0.148301-0.142023j 0.0854121-0.00932562j 0.0301949-0.0671567j 0.116243+0.0312263j 0.00999275+0.105526j 0.0537793+0.0292193j 0.0582093+0.0951727j -0.0506184-0.0255109j -0.0727185-0.0577925j -0.0496456+0.0768987j -0.0501108-0.00851008j -0.0382208+0.121139j 0.069369+0.111571j -0.0301035+0.0240011j 0.0353945+0.105297j -0.031106-0.179625j -0.0690328+0.0424101j -0.029028-0.0138219j -0.0480867-0.0226526j 0.0786494+0.0118576j 0.10764-0.022883j -0.0211817-0.090333j -0.0703227+0.0749687j -0.00546491-0.0326725j 0.0519552+0.001448j 0.0019383+0.0135572j 0.0844801+0.0182485j -0.0934381-0.0143004j 0.0363075-0.0764804j 0.130957+0.0465914j -0.0444749+0.046046j -0.0644851-0.052153j 0.0335207-0.0994375j 0.08992-0.00453659j -0.128508+0.0455838j -0.053497-0.0817718j 0.0261968+0.049015j 0.00405717+0.0933432j 0.0650311+0.0237231j -0.0236605-0.0357227j 0.0196849+0.0966691j 0.0295163+0.00246139j 0.0692266+0.00853612j 0.00496834+0.00500529j 0.0277575+0.0464184j 0.0445473-0.0430781j 0.0258242+0.0371447j 0.00275512-0.0362119j -0.017762+0.0290047j -0.00638966+0.0142119j -0.0180162-0.0102928j 0.00991726+0.0131067j 0.0385872+0.0162796j -0.0546465+0.0505428j -0.0210685-0.0451162j -0.00317006-0.0155764j 0.0362502+0.054093j 9.6344e-05+0.0396841j -0.0154826-0.0619284j 0.00563524-0.0238018j 0.0230916-0.00394004j -0.0526208+0.00605617j -0.0160735+0.0228066j 0.0376161+0.011205j 0.00576222-0.00137224j 0.0136012+0.0299599j 0.0327678-0.0408048j 0.00554927-0.0359694j -0.04242+0.0123349j -0.0324939-0.00619634j 0.00483526-0.0313326j 0.00471213+0.0182875j -0.0183044+0.0131429j -0.0141065-0.024614j -0.02638+0.00268513j 0.0138142-0.022106j -0.0019805+0.00740857j -0.0230678+0.0122241j 0.0208745-0.0230959j -0.00929367-0.0369517j 0.045247+0.0062718j -0.0512093-0.0128852j -0.0040879+0.0216809j 0.0424714+0.0285502j -0.0320628-0.0278338j 0.0287051-0.0311296j 0.0127856+0.00964556j 0.0244707+0.0121928j -0.0388274-0.0195702j 0.029774-0.0844036j -0.0476721+0.0418208j 0.00474677-0.00689304j 0.00738543+0.0547811j 0.0194208+0.0388155j 0.0145309-0.00965538j -0.013803-0.00439669j -0.00689894+0.00745128j 0.0177052+0.0382228j -0.0218402-0.0208441j 0.00776229+0.057188j 0.0257249+0.0141484j 0.0108102+0.0260545j -0.0214937-0.00545026j -0.000379668-0.00145196j 0.0245326-0.00297679j -0.0585112+0.00951209j 0.00216096+0.0168223j -0.0224981-0.0337434j 0.0132441-0.0125429j 0.0229708+0.00297254j 0.0315504+0.0275959j -0.0289221+0.0450784j 0.0277951+0.0248765j -0.00487368+0.0147069j -0.00971065+0.00626705j -0.00291488+0.00771076j -0.0013882-0.00283441j 
-0.0110174+0.0341431j -0.0297883-0.0211264j 0.012509-0.00659508j 0.00756697+0.000859665j 0.0285757-0.0314039j 0.00688123+0.0286192j 0.000214627+0.0284169j -0.0635672-0.0180533j -0.00588872+0.0258188j -0.016112-0.0119499j 0.0167551+0.0200572j 0.00375491+0.00566457j -0.0174193-0.056539j 0.0173374+0.0153664j -0.0092946+0.0424707j -0.00895329+0.0150273j 0.0338841-0.00391557j -0.036633-0.0160013j 0.00861528-0.0303899j 0.0116748-0.0218316j 0.0483486+0.000353307j -0.0506108-0.0058635j -0.0160543-0.0147629j -0.0220868-0.0276716j -0.00811687+0.00530542j 0.00496632+0.0346093j -0.0289428-0.0316346j 0.0386838-0.00193517j 0.0446483+0.00517207j 0.0181342+0.0393303j -0.0183503+0.00450121j 0.0274952+0.0264081j -0.0329708+0.0194806j 0.0104644-0.0109072j 0.00457254-0.0112492j -0.00258634+0.00588188j 0.0185624-0.0414482j -0.0486041-0.00772124j -0.016261-0.0177387j -0.0432152+0.00220823j 0.0117344-0.0094949j 0.0528206+0.0402978j -0.0214848+0.00196042j -0.00759357-0.0459663j 0.011348+0.0276473j 0.00609305-0.00286144j -0.0102344-0.00293102j -0.0460409-0.00578301j -0.0159124+0.0106581j -0.0166114-0.0157716j 0.0254736+0.0366633j -0.0241138-0.0584409j 0.0250277+0.0138491j 0.0680323+0.0175986j 0.00916157-0.0695208j -0.079416+0.0432716j -0.0350785-0.0284756j 0.0248831-0.0508799j 0.00191073-0.0325582j 0.0189646-0.0659776j 0.0325058+0.0440854j 0.0108317+0.0377122j 0.0727467+0.0412725j -0.127337-0.0606223j 0.0621311-0.0584875j -0.0521218+0.0367488j -0.0421555+0.0544069j -0.0465175+0.0640845j 0.07011+0.0175452j 0.11822-0.000520035j 0.0558272+0.0149427j -0.00583976-0.00915599j 0.00999292-0.0303495j 0.117323-0.062476j -0.0483715+0.0923581j 0.0148126-0.0504109j 0.0518939-0.0555888j 0.0909112-0.0117719j 0.117306+0.00593581j 0.15-0.0255611j -0.0230815-0.0919253j -0.116849-0.0442771j 0.0219894+0.028072j 0.0216213-0.0131525j -0.0480121+0.0499812j -0.085799-0.0442561j -0.0661561+0.0177753j -0.0470469+0.0131379j -0.0517854+0.0384351j 0.0221419+0.0732382j -0.0268194+0.0506838j -0.0312601-0.0797653j -0.0448103-0.103543j 0.0980017+0.0646775j 0.0608618-0.0149244j -0.0783779-0.15432j 0.0206887+0.0243727j -0.0925501-0.0581143j -0.0652642+0.00826592j -0.0489934+0.0360279j 0.111346+0.0261808j 0.0554799+0.0639965j 0.0703458+0.0395984j 0.0866432+0.00567884j 0.0100218-0.0746524j -0.0406784-0.0109373j 0.0805298-0.0745418j 0.0572326-0.0396503j -0.0621849+0.0570092j 0.0528061-0.0062542j 0.0413751+0.0394037j 0.0283593-0.0802566j -0.0714809-0.104276j 0.0544126+0.0526358j 0.0280872+0.05133j -0.00184305-0.0196693j -0.0718148-0.0659908j 0.0221997+0.0276465j -0.0179544-0.0265029j -0.0299109+0.0736502j -0.0129351+0.036171j -0.0377233-0.0127361j 0.0718778-0.0569192j 0.00919261-0.0673052j -0.0650256+0.00359228j 0.0327889+0.0103304j 0.00751347+0.125349j 0.0518072+0.0176272j 0.043862+0.0273687j -0.02332+0.0666167j -0.0336853+0.0636396j 0.0327604-0.0489317j -0.0244573+0.0169421j 0.0320353+0.00958165j -0.0219618+0.0507028j 0.0417159+0.00643473j -0.0235851+0.0328875j 0.0125454+0.0329998j -0.00341965+0.0158267j 0.0484944+0.0257869j 0.00390224-0.00269831j 0.0138337-0.00928813j 0.0120924-0.0147132j 0.0319273+0.00222788j -0.0247353-0.0150426j -0.0105237-0.00483263j 0.0591757+0.082213j -0.0425547+0.0105035j 0.00396643-0.0155228j 0.0399533-0.0396228j 0.016975+0.0519458j 0.0470841-0.0683537j 0.0324727+0.0171721j -0.0153962+0.0116391j 0.00394942+0.00687889j 0.0279803+0.0238799j 0.0200037-0.0204967j 0.0328048-0.00413124j 0.0538649+0.0272596j -0.01065+0.0121267j -0.0171422-0.0530277j 0.00120045+0.0230621j -0.0277684-0.041658j -0.0154192+0.00338732j -0.010041-0.00303063j 0.0301048+0.0162687j -0.00543339-0.0350801j -0.00952552-0.0220628j 0.0149154+0.0136136j -0.0440391-0.016361j 0.00630769+0.0126131j -0.0402011-0.00862341j 0.0332484-0.0436629j 0.053094-0.0094433j 0.0294186-0.00515277j -0.000285673+0.0529458j 0.00467582+0.00900037j 0.0143291+0.0256989j -0.00808895+0.0243602j -0.0223547+0.0115558j -0.000717168+0.00374214j -0.00729449-0.0090997j -0.00265556+0.0142457j 0.0145508-0.0201239j -0.0530604+0.0272761j -0.036522-0.00669135j -0.0631986+0.0504377j 0.023829+0.0316474j -0.0402343-0.0577966j 0.0097037+0.0113606j -0.0224288+0.00934767j -0.0606733-0.000728841j 0.00201473+0.0312968j 0.0581256-0.0352502j 0.0207008+0.0536408j -0.0282649-0.0240411j -0.0185457-0.0231868j 0.00841743+0.00376221j -0.0520975-0.00780053j 0.0019506-0.0141552j -0.0331048-0.0296882j 0.0140508-0.0309092j 0.0241592+0.00693283j 0.0460351+0.00823037j -0.0280034+0.0273527j 0.0101072+0.0146405j 0.0040523-0.00931782j 0.00188679+0.0235977j 0.0169661-0.00701317j -0.0113509+0.00950686j 
0.0115403+0.0082312j -0.0160913+0.0121994j -0.00254108-0.0274148j 0.0272083+0.000607205j -0.00217362-0.0455588j 0.0570601+0.0327009j -0.0241628+0.000180564j 0.0101367-0.0508218j 0.0271607+0.0166818j -0.0381713-0.0163878j -0.00894844-0.0433j -0.0440137+0.0285686j 0.00716742-0.0222293j -0.0148911-0.036121j 0.00537641-0.043217j 0.0190539+0.0626345j 0.0105175+0.0475113j 0.00551289-0.033482j 0.0133664+0.0191933j 0.0228925-0.0563857j 0.0361209+0.00770498j -0.0471828+0.0614597j -0.0287588-0.0537426j -0.0433418-0.0460942j 0.0651564-0.000368864j 0.0261618+0.0199998j 0.00635022+0.04533j 0.00592792+0.00433961j 0.0162003+0.0407424j -0.00932726-0.00402025j 0.00657731-0.0315343j 0.0656713-0.00131803j -0.0496887+0.0258582j -0.00592396+0.0497885j -0.0184563-0.0502086j 0.0250436+0.0303426j 0.0366473-0.0395628j -0.0279525+0.000636441j 0.0467094-0.0433385j 0.00179171-0.0164715j -0.00856322-0.0298133j 0.0282904+0.0321705j 0.0195414+0.0548368j 0.00218231+0.0530148j -0.0417804-0.0107673j -0.0161368+0.014322j 0.0121701-0.0228741j -0.0331379+0.0567161j 0.00459304+0.0214725j 0.0337755+0.00751166j -0.0529207-0.0431773j 0.0462573+0.0690636j -0.0173789+0.045481j -0.00247207-0.0380584j -0.0805764+0.110052j 0.0776723-0.0361987j 0.0962466-0.0169028j -0.00188032+0.0547567j 0.0465797+0.00230122j 0.00150726-0.0275262j 0.0242341+0.0318524j -0.0601669+0.0441596j -0.0927409-0.0629502j 0.00659135-0.099679j -0.0340745+0.0212155j 0.0127087+0.0670216j 0.095467-0.0415777j 0.0482764-0.0705175j -0.0163688-0.011403j -0.0208905+0.0589426j 0.0567966+0.0109518j -0.104599-0.00786813j 0.0064565+0.0939376j 0.00723218+0.030102j 0.126008-0.0275354j -0.0171876+0.0509719j -0.0140392-0.0857703j -0.0235066-0.0845759j 0.00486932+0.113945j -0.0530068-0.126573j -0.000764199+0.0432155j -0.019334+0.0289507j -0.102075+0.0571714j -0.077657+0.0340556j 0.034235-0.0439873j 0.0340375-0.114204j -0.00973526+0.027255j -0.100748+0.0199584j -0.0634795-0.0616284j 0.0278474-0.0364732j 0.0603771+0.0759035j -0.0267705+0.0287468j -0.0775468+0.0205259j -0.0486769+0.0539679j 0.0934306-0.0766307j -0.0524411+0.0675349j 0.0328782+0.00997364j 0.0140448+0.0147183j 0.011312-0.0250361j -0.0526763-0.0318494j -0.0719368+0.0120449j -0.068773-0.00043815j 0.147936+0.103859j -0.115128+0.0897954j -0.0568282-0.0712331j 0.0121964+0.0276013j -0.0243727-0.0469024j -0.0542992-0.0269048j -0.00773878-0.0548233j -0.1096+0.0534731j -0.0272238+0.0329808j 0.0567019-0.00568184j 0.0187606-0.0394702j -0.0422891+0.036417j 0.0263698+0.0523292j -0.0189986-0.0300803j -0.0234916-0.0289161j 0.0143554+0.025918j 0.0680174+0.0299732j -0.0645502-0.0396819j 0.0167476+0.0468274j -0.00655515-0.064319j -0.064194-0.0804074j 0.0551874-0.060065j -0.099919-0.0302821j 0.0890897+0.0878293j -0.0331385+0.0641912j -0.0227206+0.00724453j -0.00213216+0.0477371j 0.0157113+0.0648568j -0.0188884+0.0730044j 0.0149806-0.0233815j 0.0433491-0.00831424j 0.0531378-0.0625887j 0.0539625-0.0059959j 0.0172167+0.0062031j -0.0347247+0.0471242j 0.0559097+0.075578j 0.0170736+0.0501872j 0.013275+0.0663038j -0.0333583-0.00623901j 0.021107+0.00972612j 0.0184256-0.0103954j -0.0317245+0.00715767j 0.0188812-0.0302793j 0.0418449-0.0120279j 0.0257807-0.0283746j 0.0350559+0.0124512j -0.0162939-0.028058j 0.00951255-0.0102911j 0.0593401-0.0015665j 0.0340371-0.0227603j -0.00589658+0.036393j -0.0686067+0.0364008j 0.0202141+0.0466843j 0.0159039+0.000454367j -0.0125877+0.0109695j 0.0730046-0.0372649j 0.0128582+0.0156821j 0.0257407-0.0240053j 0.0214148-0.00163705j -0.0209785-0.0101146j 0.000676214+0.0113528j -0.0324115+0.00846039j -0.00885875-0.0363374j -0.00624228-0.00974799j 0.0156442-0.00755528j -0.0534023+0.029447j 0.00413599-0.00546253j 0.00616234+0.0219103j 0.0268521-0.0515472j -0.0485807+0.0494988j 0.000702355+0.00142562j 0.00965312-0.00481807j 0.0379631+0.0339537j 0.00869549+0.0423646j 0.0398014+0.0400494j 0.0164798+0.00980006j -0.0179837+0.0428652j -0.0571885+0.0211276j 0.0335561+0.0699876j 0.0117138-0.0448749j 0.0436314+0.0355857j 0.0189336-0.0189652j 0.0393131-0.000525758j 0.0515466+0.0301449j 0.0141905+5.81478e-05j -0.0432284-0.0172817j -0.0236044+0.0119562j -0.0202919+0.0585205j -0.032491-0.0548688j -0.0320397+0.0276126j -0.0182556+0.0699092j -0.0194016-0.0236813j -0.0228127+0.0334841j 0.0200624-0.0530167j -0.0198177+0.0166645j -0.0313492-0.0406411j -0.0221271-0.00045081j 0.000835253-0.00563462j -0.042202-0.0103636j 0.047865+0.0313113j 0.0667743+0.0269565j 0.0214344-0.0504846j -0.0087835+0.00960434j -0.00267936+0.0213588j -0.00906687+0.010786j 0.0117726-0.00820678j 0.00499508+0.0466134j -0.0582138+0.0103403j 
0.00342065+0.013359j -0.0158217+0.00341281j -0.0085852+0.0362721j -0.0482301-0.00822955j 0.0355623+0.0110067j -0.0432468+0.0385998j 0.00772274-0.0140763j -0.032685+0.0677217j -0.0193068+0.021969j -0.0553941-0.0318856j 0.0304187+0.0624375j 0.0256767+0.0455514j -0.0325625+0.0499106j 0.0591645-0.00654363j 0.0364132+0.0265165j -0.0131247+0.00771633j 0.0379718-0.0122406j -0.0190198+0.0049822j 0.0112136-0.0196516j 0.000448352-0.00427039j 0.0940712-0.00408072j 0.0104047+0.0325741j -0.0374151+0.0428732j 0.033127+0.0492716j 0.00242227+0.0290553j -0.0116671+0.0390469j -0.0300534-0.00847025j -0.00695869+0.000534966j 0.00200258-0.0156284j -0.0203809-0.0129241j 0.0335939-0.0153163j -0.0212464-0.0241523j 0.0160064-0.0183408j -0.0093606-0.0214171j 0.00522648+0.0416732j -0.0321754-0.100558j 0.0335131+0.0708887j 0.0264848-0.0546105j -0.0496369-0.0415236j 0.0284906-0.0403312j -0.00141803-0.0195078j -0.034525+0.0219687j 0.00485064-0.0276562j -0.0123724+0.00392789j 0.029895-0.0136081j -0.0238599-0.0249625j 0.00954952-0.0183434j 0.06856-0.0379341j -0.01201+0.0427229j -0.0220231-0.0466882j -0.00401975+0.0113032j 0.0540524-0.0406132j -0.0220182-0.0044659j 0.0436411-0.0169305j 0.122685-0.116664j -0.0351628+0.0595539j -0.0525285+0.0218293j -0.0326241-0.114717j 0.0442776+0.0355151j 0.0389948+0.0155013j -0.0661942-0.00975762j 0.0328728-0.0567096j -0.0345418+0.00106493j 0.0200471+0.0207489j 0.0978562-0.0261304j 0.012359-0.0293579j -0.0426683+0.00798147j -0.00857178-0.0207053j 0.0103747-0.0437292j 0.0421145+0.0384388j 0.0556955+0.0301195j 0.0725481+0.104526j -0.0442814-0.070253j 0.04891-0.151541j -0.0702631+0.141344j 0.114002-0.073133j 0.0108369+0.0415884j -0.0285536-0.0530466j 0.155714-0.100842j 0.0865706+0.12808j -0.0606925-0.06092j 0.00796767+0.0138346j 0.0617208+0.0823894j 0.0994019-0.0282978j -0.0369529+0.0144205j 0.0271394+0.0771621j -0.0798441-0.0681889j 0.0415827-0.0179251j -0.0223031+0.00860875j -0.0165539+0.103203j 0.0712756-0.0195829j -0.0630079+0.00979247j -0.0715071+0.0458166j -0.00413153-0.00446702j 6.81903e-05+0.0921075j 0.0356043-0.110585j 0.0837238+0.0478076j -0.0135686-0.038366j -0.0724476+0.0685476j -0.0541232+0.0227628j 0.00960103-0.0338769j -0.0314204+0.0310258j -0.00614236+0.011321j 0.104145-0.020898j 0.0863892+0.0687544j 0.0191996+0.0721294j 0.0868042-0.0478058j -0.071478+0.00579893j 0.010636-0.0160596j -0.0461302-0.0763477j 0.109958-0.00883498j -0.0396895-0.0539478j 0.00763603+0.065911j 0.00457321+0.00509421j 0.00736795-0.056148j -0.0175112+0.00892542j 0.0110875+0.0097873j -0.0137193+0.0429508j -0.034292-0.0197076j 0.0117149-0.0191168j 0.0226149+0.0222869j 0.00304012+0.0187933j -0.0477503-0.0273202j 0.0160043+0.0144084j -0.0198815+0.0274896j -0.0101376-0.0164803j -0.0260505-0.062509j -0.00261284+0.0273286j -0.0709585+0.0452212j 0.00358527-0.0405904j -0.0130238-0.0557267j -0.00487378+0.0263725j 0.0563236+0.00666382j 0.00161785-0.0313003j 0.104269+0.00275584j 0.014526-0.0512659j 0.00664005+0.0202585j -0.00305031+0.0343425j -0.00227263+0.0292008j -0.0401772+0.016175j -0.0300144+0.0216593j 0.013938-0.0133078j -0.0063615-0.0435355j -0.0451336+0.0418741j 0.0379373+0.0460169j 0.0313111-0.0170735j 0.0350759-0.0668138j 0.0117298+0.0243628j -0.0230501-0.0363774j 0.059589+0.0395377j 0.0126099-0.0282944j 0.0432001+0.0361616j -0.0179686+0.0353827j -0.0328088+0.0458515j 0.0459482-0.00167392j -0.0147436-0.0200625j -0.00851956+0.0288501j 0.0479014-0.0253875j -0.0365447-0.0183434j 0.00165327+0.00266547j 0.015068-0.00255157j 0.00160645+0.0447243j 0.00958063-0.0112963j -0.00394028+0.017168j 0.0605645+0.00587055j -0.0103044-0.0192251j 0.0501878-0.065301j -0.035913+0.00801775j -0.00891854+0.0266138j 0.0273166+0.0066959j 0.0245142-0.0225998j -0.0323514+0.0355162j 0.0262026-0.000965498j 0.0271479-0.0183679j 0.0373365+0.00892717j -0.0353017-0.0167794j 0.0261942+0.0018421j 0.029416+0.016171j 0.00242803+0.000476481j 0.00919053+0.0189662j 0.0297178-0.00251966j -0.00946113-0.0128416j 0.0254951+0.00499136j 0.0468932+0.0341115j 0.0210645-0.00339608j 0.0326099-0.000615523j 0.0147162+0.00174071j -0.0214559-0.013973j 0.0434492+0.0477705j -0.0148309+0.0272035j -0.0133884-0.0213556j -0.0136341+0.01273j -0.0467805+0.024157j -0.0490127-0.00130821j -0.054842-0.00685543j 0.047668-0.0379082j -0.0501795+0.0143034j -0.0233919-0.071048j 0.0112716-0.0159908j -0.0185812-0.0349167j -0.0252717-0.00888234j 0.0260712+0.0189506j 0.0631004+0.0481894j -0.0120005-0.0660958j 0.0241272-0.049874j -0.0263056-0.0136274j -0.0225918+0.0102195j -0.00952425-0.0320422j 0.00661295+0.0467536j -0.053422-0.00498848j 
-0.0393012-0.0194489j 0.020464-0.0413088j 0.03698-0.0143771j 0.00288222+0.0313958j 0.0558468-0.00346842j -0.0415261+0.0797169j 0.0385621+0.0229077j 0.0296348+0.0461798j 0.0186153+0.00307734j -0.0530699-0.0384339j 0.0713199+0.0472445j 0.0210303-0.00513545j -0.00858595-0.0207221j 0.0529535-0.0351353j 0.089703+0.0192363j -0.00265033+0.00190267j -0.000522345-0.0153838j -0.0265203-0.0337155j 0.0439973-0.0289885j -0.0493975-0.0136113j 0.0521096+0.0182821j -0.00748675+0.0326545j 0.00412221+0.023032j -0.0352619+0.0305751j -0.00221754-0.0926445j -0.0038703+0.0418369j -0.0408954-0.0218882j 0.00468074-0.0145105j 0.0293367-0.0289967j -0.0015532+0.0240978j 0.0283462-0.0455741j 0.0132935-0.00811522j 0.00295809+0.0446698j 0.00676405-0.00290625j -0.0717423+0.0307174j 0.0923164-0.0821685j -0.00171529+0.0261118j 0.0158046-0.0824759j -0.026802-0.0414286j 0.0174284-0.0266023j 0.0184123-0.0545727j 0.0872987+0.035584j 0.034774-0.0273129j -0.0236119+0.017537j -0.0380198+0.00260421j 0.0175192+0.0217488j 0.00254866-0.00250034j 0.00396766+0.00824011j -0.0344592+0.00273158j 0.0461519-0.022252j 0.00944662+0.0036578j 0.0450278+0.00150274j 0.0201512-0.0304459j 0.0460106-0.012975j 0.027785+0.000554271j -0.0512877+0.0136534j 0.0057299-0.00438646j -0.0850871-0.102625j 0.052892-0.00673981j -0.01222-0.0443861j -0.047027-0.0320737j -0.00426304+0.00664224j 0.0299927+0.030455j -0.0219536+0.00268117j -0.0456908-0.0277026j -0.04761+0.0444708j -0.0186961+0.00137397j 0.00657437+0.011994j 0.0234544+0.0471355j 0.124507+0.0340112j 0.068458+0.0382781j -0.0173153+0.177257j 0.0213128-0.144618j 0.000684701-0.0803641j -0.00390029+0.130717j 0.0919552+0.036102j 0.0987357+0.05707j -0.033848-0.0529444j 0.0578114-0.0213053j -0.0351259+0.0508017j -0.0151437-0.0633505j 0.112916+0.0500447j -0.0444231+0.025134j -0.0509586-0.0496619j 0.0122215-0.0116148j 0.0384481+0.0223667j -0.0700718-0.0595811j -0.0417937+0.0847598j 0.0168429-0.0327144j 0.0711603+0.0804493j -0.0170484+0.015337j 0.00519816-0.024276j 0.0304486+0.0778051j 0.0255983-0.0467693j 0.124391-0.0374967j 0.0356998-0.0177196j 0.0552317-0.0253515j -0.0281558+0.0222645j -0.0402645+0.040308j 0.0294772-0.0020652j 0.0221386+0.039796j -0.0263496+0.0098311j -0.0245014+0.0127525j 0.00880096+0.0509332j 0.113617-0.104915j -0.0213206+0.0222658j 0.0171505-0.0393935j -0.0364125-0.123886j 0.0554739-0.0160508j -0.0224329+0.0343515j 0.0589133+0.0429767j 0.031415+0.0692159j 0.0543304+0.0549772j -0.0365786-0.051021j -0.00497019-0.0470121j -0.0723623-0.00713915j 0.0404511+0.00469106j -0.0121915+0.0495491j 0.0529761-0.00535285j 0.0513959-0.0892354j -0.103328+0.0178279j -0.0060166+0.0579325j -0.14235+0.0359667j 0.0467779-0.0632626j -0.0204822-0.0040367j 0.0468862+0.0474378j -0.0981704+0.0558911j 0.03836-0.0160357j -0.0317373-0.0694609j 0.00542003-3.20029e-05j -0.0249067-0.020114j -0.00631599-0.0621044j -0.0201791+0.0444358j -0.00481793-0.0278463j -0.0583779-0.0033434j -0.0664602+0.0816683j -0.0740914-0.0313077j -0.035555-0.0686657j -0.000467503-0.00925775j 0.059955-0.0143655j 0.0204175-0.00780474j 0.0161897+0.0138077j 0.0020625+0.00505736j 0.00105897-0.0182005j -0.00514237-0.0308485j -0.00714358-0.0438175j -0.0393904+0.00595872j 0.0165155-0.0207155j -0.0081914-0.0327653j -0.0199344+0.0138661j 0.0719324-0.0063962j 0.0211623-0.0357575j 0.018461+0.0074538j 0.0365648+0.0380456j -0.0341411+0.0365816j 0.026901-0.0287718j -0.0137313+0.00407027j -0.0516-0.00383575j 0.0345673-0.0214844j -0.052286-0.0139143j -0.000638672-0.0245131j -0.013127-0.0491894j 0.0158918-0.0095433j -0.0158705-0.0357636j -0.0482617-0.0491241j -0.00792313-0.0268966j -0.0467129+0.0449536j -0.0249353-0.00315411j 0.00813303-0.0355977j -0.0219588+0.00641826j -0.0232249+0.0164332j -0.013665-0.00091936j -0.0438359+0.0722329j -0.041008+0.0150179j -0.00673455+0.00734666j 0.0492671+0.0192419j -0.124986+0.0147972j -0.0218712-0.0327184j -0.0363164+0.0301104j -0.0346245-0.00326773j 0.00443691+0.021165j 0.0100118-0.0371907j -0.023884-0.0339303j -0.0870618-0.0407993j 0.0282232-0.0225947j 0.022436+0.0473975j 0.0544224-0.031307j 0.0122489-0.0233887j -0.0446329-0.0441544j -0.0340715-0.0561792j 0.0411358-0.0493559j 0.0154513+0.0130212j 0.0282602-0.0438663j 0.0388724+0.0079386j 0.0133693-0.0177489j -0.0294407+0.0199086j 0.0642136-0.0196213j -0.00224132+0.0538923j 0.0621994+0.0295949j 0.00712426+0.0388101j 0.0409649+0.0130022j -0.037627-0.0106429j -0.0196317-0.0741354j -0.0313515+0.0223416j -0.0389044+0.00267288j 0.00757206+0.0444987j 0.0389958-0.0081343j 0.0259793+0.030088j -0.0518259-0.0284992j 0.0423255-0.0343591j 
-0.00484554+0.0448203j -0.0309061-0.0218137j 0.0331175+0.0533485j -0.0495403+0.0238266j 0.0883796-0.0195563j -0.0287147+0.0722907j 0.00742179+0.0133343j -0.0271299-0.0107117j 0.0483045-0.0168767j -0.0140303+0.00529987j 0.00957067+0.036906j 0.0250416+0.00359185j 0.00639605-0.00322655j -0.0230188-0.011787j 0.0292767+0.0361974j -0.0130151-0.0382589j 0.0228216+0.00559523j 0.0164401+0.0121822j -0.0198116+0.0185885j -0.0168406-0.0195371j 0.0189581-0.00428372j 0.014345+0.0429444j 0.00824084+0.0254875j 0.0232572+0.0397251j 0.0634613-0.0505671j 0.0156555+0.00829187j 0.0225405+0.0178314j 0.0347097-0.03363j 0.00405259+0.0297511j -0.00326236-1.09204e-05j 0.00456766+0.014702j -0.0149797-0.0265683j 0.0301033+0.00309709j -0.0158379+0.00470981j -0.0767709+0.0235889j 0.0315487+0.00643056j 0.00771458-0.0328805j -0.0648947+0.00708112j -0.045266+0.0478431j -0.0294852+0.0662282j 0.00107632+0.0151375j -0.0304683+0.00474417j -0.0106895+0.000552888j 0.0130686-0.0215993j 0.00383703+0.0147262j 0.00381908-0.022311j -0.00241073+0.00615213j -0.0105772-0.00973898j -0.00236899+0.0250286j 0.0171037+0.000589129j 0.00971292+0.0360209j -0.0173389-0.00725941j 0.0118508-0.00223011j -0.00140268+0.0143754j 0.0318385+0.0134519j -0.0143619+0.00508932j -0.0223942-0.035646j -0.0199138+0.0175506j 0.000931586-0.0215635j -0.0157792+0.0286739j -0.0601043-0.00527999j -0.0350196+0.0218396j 0.0175689-0.0145816j 0.0511712-0.00503213j -0.0652039+0.0597495j 0.0138492-0.0140597j -0.00271645+0.00356022j 0.00961689+0.00632882j 0.0111603-0.0324076j -0.0277436+0.00848529j -0.0298547+0.0010811j -0.0198688+0.026489j 0.0240829+0.0404795j -0.0206713+0.0225912j -0.0121744-0.0117003j 0.0094933+0.00967802j -0.0175405+0.052856j -0.0376862+0.00525757j -0.00787257+0.031834j -0.0738708-0.0389701j 0.0205039-0.0268518j 0.0247218+0.0659154j -0.0254628+0.0374433j 0.0159582-0.0218423j -0.0315676-0.0652696j 0.0419815-0.00912452j -0.00199163+0.0132448j 0.057405+0.0458791j 0.0668646-0.0187684j 0.0313286-0.0379357j -0.0351533+0.00942915j 0.025227+0.00960406j -0.0109012+0.0201479j -0.0599526-0.0296813j -0.0151797+0.0184061j -0.0811614+0.0435901j -0.0249979+0.00292753j 0.0429265-0.00110295j 0.0503731-0.0343741j 0.0217837+0.0286151j 0.0444757+0.032063j -0.0148449-0.00985217j -0.025095-0.044409j -0.0621482+0.00110613j 0.0194973-0.0356993j 0.0360506-0.00402936j 0.0120701-0.00103136j 0.0186616-0.0391396j 0.0485138+0.041223j 0.0271339-0.0537723j 0.0400346-0.0400167j -0.0406338-0.00179348j 0.0587452-0.00737851j 0.0402851-0.0468138j -0.0364863-0.0306635j 0.0404397+0.0157198j 0.0309791-0.0116186j -0.022896-0.00190695j -0.010574+0.00140889j -0.0613005-0.0142579j -0.0122862+0.00286604j -0.0626844-0.0867581j -0.0687913+0.0146352j 0.00651453+0.00558495j 0.0350555+0.0129401j -0.0142204-0.031762j -0.00962368-0.0239845j 0.0099504-0.00132796j -0.00661924+0.00686469j 0.00072245+0.0691982j -0.00599017+0.081649j -0.0344762+0.103338j 0.0325208+0.00357117j 0.0219784-0.0290142j 0.0159719+0.0142013j -0.0348461+0.0975338j -0.0387797-0.0222068j -0.0203479-0.0289576j 0.00424083-0.0535567j -0.0180212-0.0217555j -0.00156901+0.0573596j -0.0204624+0.0100873j 0.0450391-0.039771j 0.0151409-0.0445505j -0.00517635+0.0240654j 0.0468646-0.033724j -0.02556+0.0266579j -0.0152267-0.0225576j 0.0149416+0.00672258j 0.0118042+0.0178984j -0.00923696-0.0653257j 0.0507982-0.0443155j 0.0150524-0.0128009j -0.031616-0.0355762j -0.00458058+0.00043938j -0.0230039+0.018615j -0.0589464+0.0208395j -0.0877704+0.0663105j -0.0241386-0.0478562j -0.031398+0.0348316j -0.00459256-0.0119882j -0.00692827-0.052757j -0.00635075+0.0137547j -0.0147036+0.0376946j 0.0834268+0.037439j 0.0154309-0.024682j -0.0209747+0.0619854j 0.0425441+0.000209799j -0.0264504-0.0715008j -0.0540196+0.0376216j -0.00329402-0.0322823j 0.045263-0.019965j -0.061346+0.0127238j -0.034494-0.00449596j -0.0399753-0.0324816j 0.0345251-0.00564102j 0.0262035+0.0424661j 0.0215713+0.0679056j -0.0138955-0.0372928j -0.00985017+0.00815575j 0.00696046-0.0224423j 0.00982618-0.042927j 0.0182816-0.0275457j -0.0245418+0.012112j -0.026242+0.000335897j -0.0409984-0.0130277j -0.0409894-0.00406568j 0.0702164+0.00179582j 0.0441124-0.0666562j -0.00100451-0.0697141j 0.0635333-0.0314566j 0.0215186-0.0135523j 0.0593837+0.0309155j 0.0354665+0.0664673j -0.0824551-0.0109419j -0.0213997+0.0496423j -0.0162822+0.0109162j -0.0337068-0.0333467j -0.0254423-0.00192718j 0.0104156+0.0302053j 0.0402682+0.0254544j 0.00934224+0.0367072j -0.0174883-0.0151616j -0.0361072+0.00826639j -0.0355112-0.0131514j -0.0156844+0.025309j 0.0279062-0.0396734j 0.0234107+0.0214528j 0.00387848+0.00560971j -0.0199473-0.00111105j 
0.0156562-0.0162326j 0.00598902+0.0176638j 0.00706234-0.029512j 0.0396736+0.0116331j -0.0197276+0.0156667j -0.00742953+2.3236e-05j 0.000609896+0.028122j 0.0132999-0.00331867j -0.0113134+0.0100985j -0.0192333+0.0129697j -0.0136062-0.0195745j 0.0118999+0.0274325j 0.0234905-0.0196027j 0.0033464-0.0433709j 0.00319317-0.0152321j 0.043103+0.0153078j 0.0208395-0.00998356j -0.0163711+0.00840072j -0.00126572+0.00373527j 0.00771587-0.00152695j 0.0301762+0.0177651j -0.0110122-0.0615475j 0.000791094+0.0116298j 0.0316279-0.0422797j -0.00291906-0.0356539j -0.0339596-0.00352788j 0.0376906-0.0243932j 0.0110789+0.0318029j -0.004777-0.0156106j 0.0209915+0.0203624j -0.00578242-0.0301954j 0.0339655-0.0162597j 0.0619945+0.00781752j 0.00687053+8.01373e-05j 0.0255858+0.0159784j 0.00799527+0.0435177j 0.0254757-0.00202848j 0.0473384-0.00876525j 0.0154311+0.0597346j -0.00417719+0.00837599j 0.0347487-0.0155269j -0.0282769+0.00463435j 0.0248283-0.0495473j 0.0590248-0.0143868j 0.0373281+0.0206166j 0.0651332+0.00531758j -0.00711446+0.00244785j -0.0366592-0.0279173j -0.0145604-0.0350479j 0.00648117-0.0246336j 0.0152011+0.0156957j -0.000242757-0.00339871j 0.0463592-0.0058472j -0.00438455+0.0299221j 0.00864901+0.00197465j -0.0236068-0.00815847j 0.00786464+0.00830453j 0.00436264+0.00632116j -0.0438265+0.00566377j -0.00598073+0.0206508j 0.00697801+0.0154978j 0.0535478+0.0344534j 0.0304255-0.000147709j -0.00243521+0.0259598j -0.0173711-0.0296495j -0.016491-0.0332122j -0.026907-0.00525756j -0.0159541-0.0186137j 0.0169049+0.0196183j 0.0416025-0.00782728j -0.0470111-0.00925062j 0.00925493+0.00213268j 0.0180705-0.0236498j 0.0317756-0.020804j -0.0442452+0.0127117j -0.016297-0.0351514j 0.0306915+0.0326965j 0.0348727-0.00060776j -0.00892063-0.0460868j -0.00378194+0.00273464j -0.00486421-0.0787063j 0.0169834-0.00614497j 0.0808153-0.0429255j 0.0268961-0.0250491j 0.00755506+0.0230278j 0.00308124+0.0129569j 0.054761+0.038685j 0.0661452+0.0440326j -0.00300614+0.0318857j 0.0235264-0.0289645j -0.0442164-0.0463127j 0.0570215-0.0201939j -0.038678-0.0316531j 0.00380594-0.0483061j 0.00597128+0.00921788j -0.0202794-0.00995321j -0.00755127+0.0113237j -0.0281871-0.0180908j -0.025287-0.013949j 0.0259391-0.00481656j -0.00096553-0.0111438j -0.0348289+0.0561162j -0.0758788-0.0279179j -0.0116474-0.0445672j 0.0081139-0.0180856j 0.0310959-0.00185382j -0.0678355+0.00495485j 0.0298305-0.0763522j -0.0220661-0.0259947j 0.0688526-0.0244599j 0.0294687+1.78042e-05j 0.0340094-0.0176151j 0.00853634-0.00668636j -0.000935128+0.0120278j -0.00479745-0.0500338j -0.0195186+0.0323381j -0.0287504+0.0456279j -0.0435142+0.0061634j -0.0604107-0.0657595j -0.00853924-0.0165296j -0.00427067-0.0466594j 0.0346385+0.0452422j 0.0109879+0.0137771j -0.015655+0.00268515j 0.0168508-0.0454678j 0.0388612-0.0302257j 0.0351171+0.0112444j 0.000488658-0.00886548j -0.0217154-0.022723j 0.014912+0.00509497j 0.0154971+0.0124275j -0.00775666-0.0319285j -0.0318925+0.0729136j 0.0371793+0.00613827j -0.0374901-0.0421101j 0.0687408-0.0489198j 0.0775493-0.0436877j -0.0200479+0.120794j 0.0517219-0.0752865j 0.0466667+0.0296372j 0.00218082-0.0278535j -0.0143129-0.0154282j -0.0080869+0.039252j -0.0144404+0.0367659j -0.0415997-0.0157101j -0.0643121+0.024319j -0.00266963+0.00343163j 0.056767-0.0297174j 0.00442337-0.0467208j -0.00460383+0.0234606j -0.0110298+0.07595j -0.0436283+0.0230281j -0.0398364-0.00549424j 0.0321573-0.00852317j -0.0826839+0.0313158j 0.00529523+0.0264906j -0.036587-0.00503866j 0.0509421+0.0218146j -0.0594161+0.00464755j 0.0807264-0.0672591j 0.0587878+0.0237984j 0.000926603+0.0382229j 0.0285958+0.0535875j -0.0458064-0.102902j -0.054696-0.0316958j -0.012684+0.0092246j 0.00974609-0.0387444j -0.0384879+0.0283001j 0.0523806+0.0474297j 0.0573024-0.0334952j 0.0419434+0.0140962j -0.000250958-0.0433689j 0.0423043-0.0923876j -0.0251473-0.0329942j -0.0232228-0.00710578j 0.000457853-0.0067349j -0.0058568-0.0132224j -0.0483646+0.0298218j 0.00909839-0.0749958j 0.0280373-0.00305539j -0.0208235+0.0917394j -0.0455497-0.0256512j 0.0810385+0.0049657j 0.0100088+0.0154841j 0.0776391-0.0453526j 0.0708771-0.0254067j 0.0433486-0.0389274j -0.102461-0.117878j 0.0139771+0.0880573j -0.0998472+0.0842693j -0.000339748+0.0793242j 0.0242569-0.0547094j -0.00895583+0.00552221j 0.0371712-0.0478747j 0.0713644+0.0282785j -0.0364392+0.012675j 0.00542809+0.0954341j -0.0577245+0.0432559j -0.0815298-0.06869j 0.0159731-0.0317065j -0.0605644-0.0441596j 0.0186539+0.0577831j -0.109954+0.0279364j 0.0762532+0.0199166j -0.0195458+0.00389243j -0.0453582-0.0421655j 0.0453079+0.0137225j -0.0283507+0.0396682j 0.107437-0.0576812j 0.0341602+0.121542j 
0.0372047+0.00115597j 0.0181037+0.031213j -0.0191527+0.0296895j -0.0291264+0.0139945j 0.00181743+0.0368218j -0.00833481-0.0138537j -0.0343009-0.00151436j 0.0243709-0.025281j -0.0193354+0.0184964j 0.0351228+0.0278627j 0.00238014+0.00776414j -0.01458-0.0710979j 0.0146582-0.0399428j 0.0282625+0.0244965j -0.00850781-0.0279029j -0.0345163-0.000464456j -0.0187225-0.0299068j 0.0135193-0.0100335j 0.0277335-0.0200567j -0.0160327-0.00818745j -0.0720195-0.0268621j -0.0154702+0.00126824j 0.0183654-0.000663236j -0.0380813+0.0191853j -0.0555018+0.0141472j 0.0135185-0.00566391j -0.018292+0.00209897j -0.0118842+0.0162115j -0.0134681-0.0125047j 0.0103014-0.0131056j -0.01502+0.027394j -0.0173738+0.00689891j -0.0221358+0.0149935j -0.00954314+0.00989069j -0.0281108-0.0236445j 0.00491617-0.0319199j -0.0239914-0.007074j -0.0185282+0.0160782j 0.00127911-0.0179989j 0.00515785-0.0125798j -0.0307343-0.0135924j 0.0590241+0.00382087j -0.0391502-0.00410881j -0.0455736+0.0206038j -0.0174708-0.0170378j -0.0065464+0.0138529j 0.0201288+0.0185596j 0.0543308+0.00638459j 0.00576+0.00395676j 0.00298548+0.0119436j -0.0122679-0.00199321j 0.012068+0.00638139j 0.0163166+0.0170055j 0.0193993-0.00617666j -0.00895968-0.0420461j 0.020399-0.0105802j -0.0245012-0.033839j 0.000853632-0.00552854j -0.00315098-0.0128873j 0.031761-0.0500929j -0.00193066-0.0200677j 0.00483696-0.0179436j -0.00397863-0.0151725j -0.00566938-0.0200646j 0.0076033+0.0303375j 0.0324771+0.0305251j -0.00652363-0.018538j 0.0355971+0.00346543j -0.0161657+0.0191106j -0.00125242+0.0144238j 0.0283952-0.00401181j -0.0168317-0.00496457j -0.00194987-0.00871016j -0.049758-0.0261082j -0.00130839+0.00908107j 0.00575144-0.0029021j 0.003781+0.00814967j -0.0337956-0.0360291j 0.0160128-0.0476276j 0.010967+0.00772008j -0.0293998+0.0767621j -0.0269999+0.00142311j 0.015724-0.00931343j -0.0330787+0.0116412j 0.00492659-0.0210042j -0.00268836+0.024115j -0.0075073-0.0498798j -0.00736238-0.0441268j -0.0328429-0.00308526j -0.0593829+0.0122529j 0.057188+0.0106157j -0.0175181+0.0152574j 0.0353339+0.0383906j -0.0120587-0.00711653j -0.00309377-0.00123523j 0.0527944-0.0206785j 0.0070762-0.0241231j -0.00601074+0.00705957j 0.0138033+0.0240415j -0.00123913-0.0292945j -0.0487134-0.0297649j -0.0334479-0.000498897j 0.0124508+0.004717j 0.0041242-0.00870696j 0.0140228+0.0641438j -0.0023594+0.0360985j -0.0298737+0.0532977j -0.0469673+0.0333273j -0.0198602-0.0818508j -0.0572789+0.0446373j -0.0498546+0.0977702j -0.00464549+0.00729725j -0.000241025+0.0695669j -0.0525703-0.027706j 0.036938+0.0146321j -0.0295029-0.049167j -0.0067246-0.0406984j 0.0112505-0.0160324j 0.00827273+0.0526834j 0.0303102-0.00677278j 0.0209919+0.0256599j 0.0920694+0.0653894j 0.00754172+0.0177037j -0.0141897-0.00832491j -0.0130446-0.0165387j 0.0136847+0.0366864j -0.0158081-0.0762967j -0.0977498-0.0286523j 0.0148044+0.0179286j -0.0198945-0.0650241j -0.0161286-0.0399158j -0.0537701-0.0265285j -0.0347603-0.0405236j 0.0110571+0.0360004j -0.00777977-0.0429719j 0.00115978-0.0516643j -0.00754983+0.0633196j -0.0231819+0.000447976j -0.0287008+0.0279695j -0.0257807+0.00419997j 0.036022-0.0449919j 0.0307525+0.0664066j -0.0358668+0.0464927j -0.073495-0.0406514j 0.0152066-0.022148j -0.0214195+0.0298092j 0.0145783-0.0306004j -1.36655e-05+0.0133423j -0.0517451+0.00549655j -0.0149827+0.0213995j 0.0162358-0.0333694j -0.016951+0.0302488j -0.0125239-0.0393902j -0.0188146-0.0270131j 0.0321369+0.00340161j 0.0296211-0.0545712j 0.0632073-0.0158597j 0.0479624-0.0650075j 0.0401457-0.00308844j -0.00244588-0.0657238j -0.0123748-0.00248509j -0.0294579+0.0288727j -0.0148396-0.0527144j 0.0319682-0.0438372j -0.110321+0.00533753j 0.00275284-0.0225313j -0.0323709-0.0152348j -0.0199896+0.00617013j 0.00567016+0.0435444j 0.107147+0.0400165j -0.0217545+0.0303339j 0.0593506+0.0311803j 0.018062-0.0761913j 0.00783121+0.0396159j 0.0344075+0.0665397j 0.00980604+0.0102499j -0.0323123-0.0273785j -0.0170709-0.00825883j -0.032769-0.0184843j 0.000881017-0.00381212j -0.0855735+0.0367446j -0.0204449+0.0669525j -0.0418004+0.101808j 0.0657252-0.0250189j 0.0256202+0.0425926j -0.0120453-0.0850197j -0.0426091-0.0642872j -0.0490599-0.00953916j -0.0612132+0.0432745j 0.052789+0.0152087j -0.0856094+0.026807j 0.0267615+0.0226411j -0.00134608-0.157974j 0.0440628-0.00435908j 0.116263+0.0507684j 0.0762681+0.0146085j -0.00816603-0.0177852j -0.0370151+0.0433443j 0.0466356+0.0189233j -0.0171004-0.0757601j -0.00383381-0.0630072j -0.0395873+0.00559137j -0.0100582-0.0282217j 0.00578746-0.0195307j 0.00979921-0.0562649j -0.0314732-0.0373612j 0.0397587+0.0309034j -0.0497643+0.0384582j 0.000608815-0.0882265j 0.0667987-0.00882016j 
-0.00865426-0.0323975j 0.0187099-0.0173097j -0.0271007-0.0410523j 0.038257-0.0425864j 0.00261539-0.0687052j 0.0440059+0.0307017j 0.0627311-0.0666693j -0.0447152-0.00734081j 0.0137625+0.0216594j 0.03422+0.00191606j 0.0270324+0.0439018j 0.0241214+0.034665j -0.0831377+0.0407196j -0.01866+0.0235913j -0.013948-0.00715931j -0.0313864-0.0615606j -0.0240473-0.00841346j 0.027385-0.00288343j 0.0211972+0.0289347j 0.0412266+0.0160189j 0.0835373+0.0151364j -0.0232524+0.023164j 0.0204018+0.0207771j -0.00886776+0.0196029j 0.0687103+0.0284176j 0.0120651+0.0161774j -0.0187513+0.0013941j -0.0230054-0.0201887j 0.00184916+0.0460342j -0.0633227-0.0155258j 0.0227596+0.000250972j 0.022769+0.0276767j -0.00914349+0.00383669j -0.019089+0.00383018j 0.00813326-0.00889949j -0.0365492-0.0191701j 0.0371593-0.0225075j -0.0268011+0.034725j -0.0105187-0.00882069j 0.0077439+0.0366331j 0.0068423+0.0331603j -0.0268013+0.0178071j 0.0228985+0.0259273j -0.0108233-0.0188971j 0.00380815-0.0231535j -0.0634762+0.00587865j -0.00513123-0.00583613j -0.00162313-0.0187417j 0.000311403-0.0186172j -0.0371754-0.00408277j -0.0250903-0.000253237j 0.0230497+0.0130149j -0.00199771-0.0122605j 0.00842287+0.0125779j 0.00650803-0.00590105j 0.0198323-0.00322854j -0.0196947+0.0123009j 0.0267584-0.000206291j 0.000231391+0.0108984j 0.0253199+0.0181277j -0.00790661+0.011743j -0.0268763-0.00961533j -0.0683903-0.00372949j 0.0387931-0.00576126j 0.0361795+0.0231367j 0.029371+0.0147566j 0.0204807+0.00783053j 0.0102818-0.002923j -0.0470493-0.0215348j -0.00423567+0.0236496j 0.0398548+0.0149685j -0.0364342+0.0281092j 0.0180609+0.0662148j 0.0155989-0.00174925j 0.020857+0.02136j -0.00103532-0.00827801j -0.0447092+0.00705278j -0.0515675-0.0148273j 0.0154919+0.00456171j 0.00754645-0.0393457j 0.0218184+0.0117508j 0.0170784+0.0396508j 0.0343285+0.0286292j 0.0142766-0.0184672j -0.0306603-0.00109639j 0.0217422-0.0434272j -0.0160871+0.0251171j -0.0119033+0.00110842j 0.0411355-0.0151399j -0.012065-0.0136356j 0.0150519+0.00272112j 0.0148798+0.0696559j -0.0354728+0.0263081j -0.0462723+0.00176516j 0.0210179-0.011088j -0.00375654-0.0403217j -0.00673724+0.0291313j 0.000448542-0.0368223j 0.0113332-0.0104935j -0.000699115+0.0274482j -0.0305153+0.00770642j -0.0280483-0.0201693j -0.00862369+0.0021854j -0.0398197-0.00681028j -0.0205347+0.0215731j 0.0329992+0.0121302j -0.0360952+0.00746317j -0.029952-0.0413304j -0.0364764-0.0687334j -0.034737-0.011084j -0.0227552+0.0149776j 0.0224581+0.0192475j 0.0190543+0.0384691j -0.0141176-0.0156474j 0.0547673-0.0495222j 0.0486533-0.00325372j -0.0414404-0.0384346j -0.0363308-0.0521108j -0.0705887-0.0303098j -0.0789898+0.00966012j -0.00823688-0.0206283j 0.0045959-0.0152502j -0.0119811+0.0201839j -0.0295414-0.00800709j -0.0378772-0.00365126j 0.0575799+0.0379138j -0.00349343-0.0230049j -0.0262209-0.00036694j 0.000595626-0.00515978j -0.00761922-0.000477463j -0.0313058-0.0116198j 0.0157872+0.0496506j 0.0330993-0.0159421j 0.0154795-0.0148532j 0.0883701+0.00521215j 0.0244178+0.0254123j 0.0237991-0.00899679j -0.0846185-0.00611076j 0.0217062-0.0735031j 0.0613171-0.0321475j -0.0173259-0.00736052j 2.84161e-05+0.027835j -0.0233702-0.00823518j -0.0561666-0.0271555j 0.00169217+0.0228531j -0.0108463-0.00510321j -0.00492341-0.0487999j 0.0425806-0.00435803j -0.0285254+0.0116045j -0.0535931-0.0187516j 0.0402875-0.0298709j -0.00842221+0.0458109j -0.0334326+0.0374987j -0.0177074-0.0763249j 0.0339128-0.0229819j 0.0221833+0.0147695j 0.028412-0.0466902j 0.0208124-0.0406603j -0.0495829-0.000637157j -0.0351334+0.0566116j 0.0289472+0.03269j 0.0376951+0.0649602j 0.00477825-0.037202j -0.00771962-0.074519j 0.00155308-0.0387457j -0.0254765-0.0358155j -0.0593005+0.023748j -0.0491975+0.00292969j 0.00579543+0.0292552j 0.0511454-0.0200267j -0.000669576+0.0277854j -0.0240317+0.0515578j 0.0144203-0.0323384j -5.02586e-05+0.0359754j 0.0363515+0.00270496j 0.0291407-0.0437318j -0.0799441-0.0179191j -0.0347466+0.00468j 0.0127426+0.0306961j -0.0360773+0.0207904j -0.018218+0.0270411j -0.0368117+0.000156527j -0.0261752+0.0316771j 0.020591-0.0567876j 0.0622118-0.00554744j 0.0304493-0.052853j -0.000409365-0.10395j 0.0590186-0.0383849j 0.0619495-0.0102038j -0.00483595+0.0389226j 0.0168597-0.0272608j 0.0177385+0.0707752j 0.0443704-0.112757j 0.0206095+0.0350494j -0.0182345+0.0133599j 0.0592185+0.0912143j 0.0372405-0.0292468j 0.00542447+0.0316002j 0.0206399-0.0192993j -0.0136608-0.0630177j -0.0407617+0.0627324j -0.0607731+0.0203349j -0.0941437-0.0743469j -0.107168-0.0235541j 0.0632813-0.00229844j 0.0328492-0.0817299j 0.000874301-0.0166748j -0.0367564-0.00549094j -0.0745657-0.0987034j 0.0939188-0.0828861j 
0.033625-0.0717223j 0.0654181+0.0429827j -0.020041-0.0281192j 0.0158847-0.00802742j 0.00407298+0.0244386j -0.0165408+0.0339433j 0.0692316-0.0366406j 0.07858+0.0140072j -0.0319798-0.00629922j 0.0125461+0.021195j 0.0348102-0.02238j 0.00608653+0.0250544j -0.0296555+0.014204j 0.00140098-0.0266976j 0.0399816-0.0506457j 0.0060915-0.00805442j -0.0392773+0.00395658j 0.00307556-0.0193003j 0.00583496-0.0214904j -0.0245941-0.000748165j 0.0322907+0.0399945j -0.00471089-0.0215329j 0.0551824+0.0197074j -0.00870587-0.00373422j 0.0254083-0.00764968j -0.0189155+0.00233093j 0.0365952+0.0191802j 0.0436567-0.0140927j 0.0379836+0.045297j 0.00693248+0.00643366j 0.0522181+0.0242467j 0.0197154-0.00886116j -0.0269116+0.0442997j -0.0150423+0.0369777j -0.0152359+0.0103092j -0.0246217-0.0274543j -0.0286592+0.00926832j -0.018028+0.0426229j -0.0317519-0.00790208j 0.0305837-0.011766j -0.0236489-0.0365976j 0.0122358+0.03056j 0.0240563-0.0108462j 0.00714223-0.0138779j -0.00368598-0.016282j -0.0248789+0.0135429j -0.00259984-0.028406j 0.00644443+0.00528996j -0.0190669+0.00368052j 0.00809181-0.00560953j 0.0166321+0.0306944j -0.0242788-0.0026583j 0.0258891+0.0273656j 0.0218387-0.0189375j 0.00319187+0.0173613j 0.00829614-0.00642923j -0.0239855+0.0168461j 0.0380782+0.02181j 0.00638873-0.00758648j 0.0193066+0.0172671j -0.00466614-0.0043811j 0.0147354+0.00993588j 0.0080368+0.0176715j 0.00746398+0.0155235j -0.0349418+0.0193878j -0.013897+0.00081845j -0.0117718+0.0318634j 0.0322642+0.00439911j -0.0372493-0.00740456j 0.041227+0.00371062j 0.0292767+0.0300108j -0.0176478+0.0609434j 0.0142137+0.00763559j -0.0267273-0.00398598j 0.00778935+0.00859325j 0.0277035+0.00665311j -0.019543+0.0462155j -0.0458637-0.0455109j 0.0266235-0.0202153j -0.0152343-0.0179088j -0.00478322+0.0148113j 0.0157627+0.0152102j 0.0178192+0.0328985j -0.00527865-0.0114109j -0.00170477-0.0292501j 0.0408322+0.0432972j 0.0252741-0.0361195j 0.0100405+0.0348542j 0.05935-0.0459989j -0.0282056-0.0447273j 0.0421717+0.0428237j -0.01484+0.0395598j 0.017682+0.0524243j -0.0650115-0.0766598j -0.0338987-0.0236642j -0.0490082-0.00576706j -0.038145-0.00241701j 0.0529869+0.0500967j -0.00837776+0.00012095j 0.0192203+0.0530283j 0.0503047+0.0399036j 0.0747505-0.0688358j -0.0101666-0.00548065j -0.0203399+0.0364945j 0.0685624+0.0615857j -0.111089-0.0766803j 0.103285-0.0185733j -0.0392523+0.0606712j -0.0658992+0.00726999j -0.0532011+0.0131891j -0.0241312+0.0330353j -0.0487942-0.0292566j 0.0940571-0.0466214j 0.0226354-0.0750106j -0.0379393-0.0680063j 0.00362111+0.00595903j 0.0187811-0.05057j 0.0553142-0.0194202j -0.0116244-0.0708524j -0.0181676-0.00313285j -0.0212702+0.00290152j -0.0389121+0.0027684j 0.0147747-0.0450101j 0.00259259+0.0472632j 0.0254444+0.00237297j 0.0587462-0.0518184j -0.0194475+0.0387631j -0.0145829+0.00670155j -0.0701821+0.00902675j -0.0430656+0.0271141j -0.0671842+0.00844119j 0.0212695+0.00395024j -0.0471736-0.107045j -0.10957+0.0713698j 0.00857687+0.118892j 0.00536441-0.0461184j -0.023404+0.0561185j 0.0390747-0.00299818j 0.0149093+0.0477514j 0.0318357-0.0118191j -0.0769284+0.0544792j 0.0476523+0.0123283j 0.00159387-0.0591027j 0.00646549-0.00140263j 0.0233209+0.0756746j 0.0287156+0.0579821j 0.0887004+0.098025j -0.137997-0.046232j -0.0124644+0.0243554j 0.0112971+0.0157895j 0.0246708+0.0178149j 0.00727268-0.0385132j 0.0705186+0.0868156j -0.0226251+0.0062012j 0.0559961-0.064992j 0.0259545+0.0328963j 0.036126-0.0707563j 0.0351366-0.0578346j 0.0368767+0.067332j 0.0267182+0.0176926j -0.0424292+0.0266565j -0.0217704-0.00594616j -0.030486-0.0646714j 0.0346193+0.0633501j 0.0386602-0.00604484j 0.0935434+0.0119957j -0.0143916-0.0738162j 0.0900123-0.0352923j -0.0764237-0.0127449j -0.00867804-0.066336j -0.0481493+0.0700608j 0.0210041-0.00729527j 0.0900827-0.0878014j 0.123276+0.0101062j 0.00840859+0.00105136j -0.0109075+0.0184258j -0.0558063+0.0055261j 8.38394e-05+0.0387283j 0.0101647-0.0129895j -0.0139156-0.00079494j -0.0527203-0.0924461j -0.00121209+0.0652505j -0.0746267+0.0422853j 0.0706238+0.0215899j -0.119164+0.0912152j -0.154784-0.0605096j -0.10245+0.0541828j 0.0670343+0.0403965j -0.00309005-0.0954795j -0.0176804+0.0478286j -0.0163248+0.0801004j -0.0360536+0.000703641j -0.047648-0.0106125j 0.0193957-0.0702447j 0.00805777-0.00394824j -0.0443846+0.0484085j -0.0520602+0.0272256j -0.0228366-0.020174j -0.0670418-0.0626782j -0.00473983-0.000258241j -0.0726872+0.00369239j -0.0460169+0.0566323j -0.0744446-0.0258366j 0.0425559+0.0159417j 0.0133372+0.055151j 0.015667-0.0288719j 0.014137+0.00964077j -0.025652+0.0136624j 0.0432908-0.0447525j 0.040546+0.0531391j 
0.0117654+0.0134123j -0.0186947+0.00602832j -0.013572-0.055366j 0.070882-0.0132453j -0.0258155-0.0331117j 0.0413494-0.0389797j -0.00219581+0.020232j -0.0605326-0.0385024j 0.00947344+0.0528631j 0.0355078+0.0169971j -0.000566645+0.0490161j -0.003014+0.0158268j -0.0538539-0.0207591j 0.0452828+0.0266498j -0.0520275+0.0151764j -0.0173071-0.0112303j 0.0211411-0.0322701j -0.0011932-0.0130923j -0.0113644-0.0217624j 0.0675925-0.0255567j 0.0487312-0.0131623j -0.0154727-0.0242442j -0.0195664+0.0356738j 0.00599418-0.0098824j 0.0228524+0.0575447j 0.0336622+0.000233461j -0.00426902+0.00997177j -0.0203675+0.00514536j 0.00790352+0.00104313j -0.0187211+0.0132242j 0.00211504-0.0191512j 0.0168016+0.0365862j 0.00226553-0.00173918j 0.0413436+0.0322272j 0.0383625+0.0257615j -0.0218925+0.0115218j 6.92459e-05+0.0207633j 0.0124001+0.0190372j 0.0197264-0.0345428j 0.00323874+0.00252873j -0.0187168+0.0211292j 0.0104631+0.0344987j 0.0148863+0.0257348j -0.0432043-0.00906068j -0.010415-0.00127379j -0.0555196-0.00451097j -0.019969-0.0115212j -0.028687+0.0123946j -0.0256355-0.0181702j -0.0417468+0.0261052j 0.0469199-0.00739396j -0.012069-0.0422094j -0.0485159+0.0402802j 0.00719511-0.0310506j 0.0341247-0.0166498j -0.0123112+0.0575264j -0.00939092-0.0298354j 0.0177899+0.00724812j 0.0159263-0.0142067j -0.0352071+0.000254221j 0.0256969-0.00353549j -0.0213589+0.025534j 0.0221041-0.00257841j -0.0348222+0.0308226j 0.041034-0.0313332j -0.00126667+0.0572746j -0.0103331-0.032267j -0.00940659+0.0294949j 0.02131+0.0247857j 0.02117+0.00112917j 0.0178306+0.0329538j 0.0276316+0.0266312j -0.0326388-0.0217524j 0.0643765+0.0348635j -0.00889772+0.00411397j 0.0468776-0.00700559j 0.0383381-0.0113721j -0.00340671+0.0510156j -0.0443598+0.0354637j 0.0349237+0.0331638j 0.0290081-0.00200414j 0.0285271-0.0424929j 0.0551125-0.0564715j -0.0178277-0.0426517j -0.0277029+0.0169281j -0.00847009-0.029738j -0.0473587+0.0174112j -0.0290736-0.0280145j -0.0539943+0.0497399j -0.0225019+0.0302395j -0.0190569+0.0189861j -0.0223657+0.0177425j 0.00578942+0.00532616j 0.0245761+0.0470525j 0.0326008+0.0395639j -0.010727-0.00679207j -0.0221387-0.0288072j -0.0177927+0.00538544j -0.0331474-0.0128559j -0.0497493+0.0311076j -0.0123004+0.0579704j -0.0569154+0.0288878j 0.013646+0.0876182j -0.0108918-0.0479632j 0.0171142+0.120143j -0.0296603-0.0185258j 0.0547587-0.0632489j 0.023946+0.0477467j 0.00389144+0.0152544j 0.0551665+0.0304272j 0.0440629-0.109689j 0.0289874+0.0160966j -0.01786-0.000896339j 0.0815326+0.0479316j -0.00406449-0.030668j -0.00363033-0.041099j -0.0183296-0.0257905j 0.0627362+0.00616234j -0.0227765-0.0426532j -0.0154918-0.0309653j 0.000854302+0.044744j -0.038081+0.0649104j -0.000984803-0.0252695j 0.00788031+0.00614923j -0.0531907+0.0217026j -0.00593742+0.0352086j -0.0099556-0.0339245j -0.0524831-0.0173221j -0.00443097-0.0948514j 0.0373227-0.00729158j 0.00562638+0.0265031j -0.00638867-0.00171574j 0.0163687-0.00501932j 0.0346307-0.00647571j 0.00573726+0.0534433j -0.0310417-0.0519173j -0.0851729+0.0408424j 0.0536277+0.0279413j 0.0271751-0.0612074j -0.0387599+0.00386737j 0.107624-0.0208758j -0.0261485-0.0622999j 0.0577512-0.0247346j 0.114746+0.0531883j -0.109116+0.0496271j 0.00265766+0.0204514j -0.0445911-0.026002j -0.0478852-0.005908j 0.10674+0.0869142j -0.0127571-0.0838097j -0.0508202+0.0912535j 0.000462215+0.0184464j 0.0161786-0.0529777j 0.0355557+0.0729775j 0.0136097-0.0379966j -0.0454461+0.00298969j 0.070403+0.0207906j 0.0570747-0.0128397j 0.0563573+0.0439452j 0.0259758+0.026207j -0.0250532+0.0629053j -0.011037-0.0786467j -0.0621547-0.00525637j 0.0189417+0.0937857j -0.0838486+0.0252456j 0.0022755+0.0265428j 0.0164766+0.0608022j 0.025947+0.0433102j 0.0557745+0.0182921j -0.0611192-0.0150026j 0.0153015+0.0195406j -0.0120919-0.0226792j -0.00368827-0.0259771j -0.0168643-0.0852281j 0.0242189-0.0358919j 0.0717519-0.0321j 0.0731021+0.0300094j -0.00742588-0.0828286j -0.00155393-0.030878j 0.014943+0.00922959j 0.0281216-0.0740947j -0.128641+0.0393683j -0.044477-0.0336456j 0.0319162+0.0795209j -0.0557519+0.00317977j -0.0422646+0.00555178j 0.0352147+0.0466766j 0.0303762-0.060379j -0.0624466-0.0462684j -0.0211532-0.0171124j 0.0678622+0.0362123j -0.0641107+0.0438211j -0.0645111+0.018673j -0.0226597-0.0392937j -0.0398589-0.0177616j -0.0352385+0.0132312j -0.0250019-0.0643836j 0.0521018+0.0243425j 0.00778238-0.075209j -0.0989772-0.0676866j -0.0200873-0.000100241j -0.0301657-0.0166413j -0.0213597+0.00204116j -0.0494099-0.0114764j 0.0273931-0.00745568j -0.00194685-0.0422465j -0.0462053+0.0400397j -0.0407863-0.0414385j -0.0107268-0.0447046j 0.0419017-0.0104454j 
-0.0218589+0.0146835j -0.0127819-0.0205954j 0.00665055+0.0160016j -0.0172154-0.00382371j -0.00772126+0.00355944j 0.0115501-0.0189898j -0.0125066+0.019214j -0.0193541+0.00808732j 0.010111-0.00478689j -0.0275491+0.0194641j -0.0420301+0.00670605j 0.0251864+0.00689153j 0.00102226+0.0158311j -0.0511702+0.0334978j -0.00556646-0.00741083j 0.0313504-0.0427854j 0.0412377-0.0270421j 0.0166478-0.0145238j -0.0490074+0.0155746j -0.0283953+0.0326567j -0.0195852-0.0258959j 0.0235563+0.056215j -0.0128943-0.0244375j -0.044396-0.00811514j -0.0264428-0.0299107j -0.0641706-0.0438912j -0.00223647+0.0143199j -0.0385037+0.0630359j -0.00158-0.0713285j 0.0355326+0.00337417j 0.0592363-0.0572494j -0.0237291-0.0151571j 0.0307353-0.0398757j 0.00639276-0.00176926j -0.00328801+0.00999968j -0.0618782+0.0066201j -0.0186001+0.00631964j 0.0822131-0.0117687j 0.0498307-0.00852869j 0.0411468-0.0151998j 0.0194615-0.0267725j -0.0238097-0.0622052j 0.0200413+0.0352586j 0.0172615+0.0761557j -0.00742633-0.00290877j 0.0559596-0.0018062j -0.000526429+0.0118487j -0.0332425-0.00403851j 0.0053065+0.0257547j 0.0393362+0.018481j -0.0550161-0.0528967j 0.0313519+0.0220199j -0.0369849-0.0299704j 0.0201955+0.02064j -0.043533+0.0252594j 0.0327879+0.000293741j 0.0277011+0.0367397j -0.0194905-0.0145783j 0.0242857+0.0505961j -0.0163425+0.0272043j -0.0185911+0.0565939j 0.0173709-0.0255913j 0.00249871-0.0191602j 0.0411523-0.0692611j 0.0550165-0.0470345j -0.0513647+0.0482779j 0.0546482+0.0663244j -0.040026-0.0758026j 0.00848257-0.0295227j 0.000145601+0.036908j -0.0607517-0.0742435j -0.00143948-0.018692j 0.00820273+0.00405732j 0.0274962+0.0102144j 0.0133056-0.0192393j -0.01454+8.62552e-05j 0.022757-0.00577353j 0.0519818+0.0166279j 0.0102746-0.0829301j 0.00258892+0.0291413j -0.00244161-0.0589948j -0.031462+0.0269882j 0.0179848+0.0385528j 0.0538948+0.0316435j 0.067018-0.00836269j 0.0329421+0.012306j 0.0351941+0.0127727j -0.0113106+0.013753j 0.00919468+0.00443291j 0.0653761+0.0114789j -0.000988917-0.0157198j 0.0158052+0.000505044j 0.0364787-0.0607629j 0.0513339+0.0104462j -0.00426397-0.0190929j 0.0448194+0.00824907j -0.0662807-0.0136867j -0.0230814+0.0353872j 0.0119988+0.102362j 0.00631293-0.0304811j -0.0167508-0.0222133j 0.137515-0.0221043j 0.0146834+0.00381369j 0.0466051+0.0201932j -0.00844148+0.0727902j -0.0514112-0.0686738j 0.0341285+0.0196181j -0.0249222+0.0110774j -0.0487622+0.0185557j -0.0803679-0.0311134j -0.0251969+0.0406872j -0.0706948+0.00662265j -0.0433382-0.0884462j 0.0143626+0.0204993j -0.0931573+0.0559338j 0.0206908-0.0291328j -0.0201815-0.072438j 0.00391921+0.033297j 0.0603417-0.0438276j 0.0423894-0.0368654j 0.0821117-0.0562552j 0.0224604-0.00567692j -0.0435+0.0292846j 0.025485+0.118192j 0.107767+0.0271742j 0.0810536-0.00731208j 0.0638856-0.00365683j -0.0465443+0.0575782j -0.0580743+0.0480089j -0.0106888-0.0166351j -0.062066-0.0488213j 0.0714565-0.0753697j 0.0265523-0.0416207j -0.0677051-0.00710408j -0.0366657+0.0432238j -0.0145014+0.0444033j -0.0289674-0.00878943j -0.00291017-0.0461826j -0.0563569+0.113504j 0.0858928+0.0308794j -0.0784272+0.0507102j -0.00161772-0.050071j 0.0385716+0.0251635j 0.0818233+0.0321233j -0.0169736-0.0186273j 0.0130886+0.1346j 0.0342249+0.0271332j -0.0605158+0.0313047j 0.00462575-0.0891251j 0.0205509+0.0463299j -0.0715124-0.0205824j -0.136874+0.0359524j 0.0469609+0.0745828j 0.0956387+0.0719633j 0.0285489-0.0747056j 0.0720868+0.00519127j 0.0513108-0.0233424j 0.00611025+0.00509872j 0.0240595-0.00263597j -0.0102521+0.072945j 0.0766791+0.0295984j 0.095709+0.0478742j 0.0444631+0.0940504j 0.00628491+0.0820777j -0.0188791+0.03729j 0.119867+0.10678j -0.0676191-0.0359071j 0.131154-0.0817722j -0.115895-0.04349j -0.000539902-0.0643392j 0.0317946-0.0408004j -0.0994333+0.0426775j 0.0707811-0.00581732j 0.0362748+0.0411967j 0.05658+0.0603843j -0.0752578+0.037217j -0.1229-0.0153273j 0.038471-0.0358603j -0.0188247+0.0688288j -0.012649+0.0502476j -0.00488738-0.00552054j -0.00316801-0.0129333j -0.00840537-0.0408235j -0.0461188-0.00332017j 0.0592524+0.0174574j 0.0305225+0.0646601j 0.0698795+0.0245885j -0.0249105-0.0461452j -0.0701302+0.0064283j 0.0275665-0.026325j 0.0422248-0.0345589j -0.00583926+0.0141392j -0.00770505-0.0520019j 0.0398099-0.0149625j 0.0166801+0.000268424j 0.0127204-0.00100781j 0.020589-0.0305076j -0.00151458+0.0213845j 0.0504611+0.0116812j -0.0303189-0.0363058j 0.0326852+0.0080817j -0.0149159-0.0380965j 0.0196504-0.0281171j -0.0680939-0.0097772j -0.0187434-0.0617619j -0.0407785+0.0232255j 0.042511-0.0186728j 0.0158292+0.027147j -0.0394034-0.00324662j 0.00594917-0.0308005j 
-0.0438613-0.0260982j 0.0203107-0.0418677j 0.0194167+0.0243501j -0.0279336-0.011146j -0.0243991-0.00310748j 0.0179573-0.0181198j 0.017614+0.0228535j -0.0361472+0.0621946j 0.0281791-0.0175535j -0.0362149-0.0738973j -0.0163614-0.0885749j -0.0646401+0.0165879j -0.0133386+0.0126298j 0.00634368-0.0371447j 0.0138136-0.0211816j 0.0271872+0.0885736j 0.0127059+0.114551j -0.00530299+0.0256758j 0.014512+0.0375221j -0.00579299+0.0695006j -0.00486707+0.00915449j 0.0397604-0.038741j -0.00572932-0.0608512j 0.053668-0.00514372j -0.0352653-0.00509864j -0.023748+0.00547404j -0.0186536-0.0301875j 0.0221717-0.0570119j 0.0128035+0.030687j -0.0100495-0.0285156j -0.0310738+0.020973j 0.0173974+0.0293498j -0.0556882-0.00259053j 0.0292911-0.0393363j 0.0969937-0.00493227j 0.00772333-0.0234927j 0.000981922-0.00365819j 0.0277056-0.0630556j -0.00941081-0.0628571j -0.0197222-0.0665835j -0.00428551+0.0143545j -0.00692269-0.00281201j 0.00160619-0.0299589j 0.0445383-0.0358275j 0.0377464+0.007796j -0.00147877-0.031546j 0.010087-0.0311752j 0.0132054+0.00242737j 0.0499659-0.0243538j -0.0101258-0.0143086j 0.0111267+0.018778j -0.0325427+0.00919831j 0.00634611+0.0231073j -0.0684917+0.00392198j -0.0273649+0.0409228j 0.0289906-0.0149616j 0.0286217+0.0511027j -0.00906605+0.00702331j 0.002125-0.00156191j 0.0334123-0.0145597j 0.0508694+0.028239j -0.00869336-0.0486259j -0.0380766+0.0697399j -0.0110997+0.0466655j -0.0173022-0.0231465j -0.0108732-0.0961083j -0.0450372-0.0290355j 0.0247664+0.0140212j -0.0451282-0.0228751j -0.0399404-0.027465j 0.0233651+0.0312236j 0.00545526-0.0609461j -0.00239097+0.0216459j -0.057246-0.0306742j 0.0167102+0.0233697j -0.0432625+0.0405736j -0.0319828+0.00275922j 0.0175788-0.0457725j -0.00238763+0.0198098j -0.0249481-0.0358574j -0.022258+0.0239991j 0.0372109-0.0352123j -0.00842467+0.0171553j -0.0397281-0.0291063j 0.0147951+0.0950409j -0.0636385-0.00382367j 0.0270746-0.016321j -0.0328677-0.0676848j -0.0216794-0.0141186j -0.0268704-0.00619916j 0.0320866-0.00679777j -0.0596173-0.031642j -0.0275375+0.0260376j 0.00392823-0.0176497j -0.0751954-0.00129888j -0.0015811-0.0138294j 0.0192947+0.00921106j 0.04364-0.0350021j -0.0352498-0.0732738j -0.00968209+0.0486375j 0.0193172-0.0318971j 0.0862679-0.00774827j -0.00626605-0.0170874j 0.0422821+0.051992j -0.0630177-0.0738115j -0.00349897-0.0243276j -0.0123122+0.0306114j -0.0500522+0.0650834j 0.0164472+0.0187623j 0.0226851+0.0143842j -0.0381889+0.0170873j -0.00574423-0.0548373j -0.013618-0.0291531j -0.0270258+0.0422763j 0.0679029+0.00317594j -0.05882+0.040533j 0.000806199+0.091725j 0.00856558-0.0804879j -0.0416235-0.0327379j -0.0338784+0.0116089j 0.0525897+0.00807083j -0.00343339+0.0784157j 0.073731-0.0304933j 0.0418856-0.0467937j -0.0223081-0.0465697j -0.0271908+0.0205573j -0.111449+0.0943095j 0.0502628-0.045897j -0.0236078+0.00243667j -0.0335031-0.0399986j 0.0103947-0.101516j 0.0334801-0.00867084j -0.021609-0.033239j -0.0819596+0.0263444j -0.00165224-0.018906j -0.0667515-0.0176809j 0.0561396-0.0694163j -0.0459412-0.0362672j 0.0445651+0.0504464j -0.0472713-0.0738301j -0.0137243-0.00309113j 0.114664-0.0511665j -0.0497476-0.0306275j -0.0848056+0.115521j -0.0249696+0.0593368j -0.0666311+0.000927389j 0.0779698-0.0438051j 0.0078818-0.00582673j -0.0214877-0.0350329j -0.0486012+0.0439058j 0.134802+0.116196j 0.0558926+0.083281j 0.018312+0.0304998j 0.0363571+0.0600642j 0.0171883+0.0103268j 0.0525723-0.0395634j 0.0191043+0.0198282j -0.0134844+0.00543875j 0.00830598+0.0282036j -0.0853023+0.0239616j -0.0101425-0.0587404j -0.0394866+0.100842j -0.0112098-0.103271j 0.00942215-0.0488178j 0.0349336-0.0103594j -0.0368178-0.0679973j 0.0804882-0.0645739j -0.0799179+0.00079003j 0.0271133+0.0663268j -0.0306023-0.0275436j -0.0215078+0.12598j 0.00422274+0.00392923j 0.0656638+0.0485889j 0.0521067-0.0436116j 0.0110795-0.00305889j -0.0476025-0.0416017j -0.159037-0.0418564j 0.0400112+0.0301724j -0.00843882-0.0480478j 0.0618612+0.0354447j 0.00115189-0.0750076j 0.0201152+0.0242759j -0.0748073-0.081648j -0.0327501+0.0331312j 0.000197634+0.0283886j 0.0271869+0.0310533j 0.0465503-0.0142128j -0.0170619-0.0235538j -0.0136757+0.0153021j -0.000774561+0.0264986j 0.0461003-0.0224338j 0.0228471+0.00704792j -0.0119942-0.0463299j 0.0128285-0.0045043j -0.0177368-0.00516005j 0.0277138+0.0143522j -0.00139101+0.0133135j -0.033135-0.00821399j 0.0333032+0.0373987j -0.0537904+0.00608708j 0.0005104+0.0338374j -0.039854+0.0137185j 0.00774557-0.0541602j -0.0641119-0.0168617j -0.0239223-0.0337745j -0.011598+0.0208296j 0.0387501-0.0197031j 0.01338+0.0350521j -0.0475542-0.00372926j 0.00554426-0.0428406j 
-0.0248995+0.0433629j -0.0354385-0.0283087j 0.00779459+0.037299j -0.0402516+0.00701207j 0.049728-0.0374157j 0.0134581+0.0562338j -0.0212924-0.0316509j -0.0131442-0.0335706j -0.00331007-0.0128028j -0.0105535+0.00464839j -0.0115964+0.00476545j -0.0022935-0.0100339j 0.0380573+0.0229999j -0.0511902-0.0076493j -0.00735896+0.00140534j -0.0321577-0.0302297j 0.0145599+0.039842j 0.00778318+0.0132807j -0.000358737+0.0177661j -0.0294113-0.00980146j -0.0503064+0.0185754j 0.00248659+0.0454119j 0.0227112-0.0557295j -0.0198599+0.0138659j -0.0240894-0.0406949j 0.0131299+0.00295522j -0.0114405-0.0316056j 0.025706-0.0157721j 0.0172178+0.0189551j 0.0159512+0.0218755j -0.0440214+0.0324528j -0.0151791+0.0199152j -0.0407541-0.0111645j 0.0238409-0.00119377j -0.0319115+0.00478016j 0.0282054-0.0176188j -0.0262906-0.0580443j -0.0290165+0.0110957j 0.0204086-0.02736j -0.012646+0.0272858j 0.00521831+0.0164703j 0.0151709-0.0015738j 0.000517401+0.00868604j -0.00840429-0.00996943j 0.0121207+0.000738827j -0.00384478-0.0185703j -0.0169503+0.000344728j -0.00857234+0.00445639j -0.0306036+0.0132793j 0.0104725+0.0157641j 0.000123523+0.0209877j -0.00532287+5.77879e-05j -0.00935485+0.0130686j -0.00455183+0.0348211j 0.00559883-0.00241951j -0.0329524+0.0155711j -0.0366723-0.00816923j 0.0400244+0.0154533j 0.00688461-0.0522047j 0.0443795-0.00905775j -0.00737776+0.0219727j -0.0368509+0.00856708j -0.0194565-0.0384465j 0.00315128-0.00658998j 0.00340037+0.0327253j 0.0268207-0.026135j -0.0103781+0.0428656j 0.00294476+0.0430054j -0.00187052+0.0371197j 0.000274275-0.0161023j 0.00462316+0.00307365j -0.0348647-0.0414351j 0.0123312+0.0337795j -0.0201263-0.0214088j 0.0116837+0.0170263j -0.035526+0.00047801j 0.00943871-0.0160054j -0.0138202+0.0136641j -0.00996319+0.0701623j 0.0461309-0.0185694j 0.0331968+0.0192622j -0.0605245-0.024084j -0.0299775-0.0372955j -0.0311703-0.00837675j -0.0155801-0.015909j -0.0128948-0.000749127j 0.00137095-0.0119054j -0.00628544+0.0111898j 0.0764296+0.0258055j -0.00754446-0.00339634j 0.010382+0.0233118j 0.00278746-0.055935j 0.0306408-0.00372177j -0.00154393+0.0320851j 0.030651-0.0335499j -0.0232858-0.0834577j -0.0324983-0.0109295j 0.0057053-0.00424003j 0.0331469+0.0198832j 0.0558664+0.092486j 0.0162672-0.00307371j 0.0544937+2.51344e-05j 0.038815-0.0216652j 0.0435687-0.00731969j -0.00630182+0.056151j 0.0418598+0.0109863j -0.0281619+0.0500802j 0.00649218+0.0254474j 0.0230008-0.023572j 0.0018126+0.0271811j -0.0192443+0.0299284j -0.00163366+0.0305698j -0.0612755-0.00290266j 0.0119734-0.0286938j -0.016854+0.0279891j 0.0596052+0.0177275j -0.031498-0.0214631j -0.00267446-0.0700078j -0.0453133+0.0537506j -0.0141707+0.0394334j 0.00716196+0.000884293j -0.0273033-0.0584489j 0.0897578+0.0084234j -0.0292712-0.0083061j -0.00284731+0.0273651j -0.0450615-0.00813407j 0.0702795-0.00815581j 0.0241534-0.0060161j 0.0529056-0.026928j -0.0120929+0.00961612j -0.0648555+0.0128635j 0.0470182-0.00630269j 0.00464703-0.0234082j 0.0219105-0.00746045j 0.00558617+0.0121562j 0.051614+0.0408619j -0.00239263+0.00983376j 0.0160507-0.105177j -0.0156383-0.0404761j -0.00194414-0.0548389j 0.0324868-0.0129755j -0.0176+0.00897544j 0.00620795+0.018687j 0.0305143-0.0291898j -0.0318464-0.0326606j 0.00471842-0.0128385j -0.0571322+0.0262378j -0.0290403-0.0143688j 0.0222854+0.0544331j -0.00904594-0.0307499j -0.0282334-0.0109385j 0.0268499-0.0457894j 0.0441644-0.015113j 0.0131022-0.0442647j 0.0273711-0.018576j -0.0219584+0.00594102j 0.0423491-0.025472j -0.0387054+0.0312725j 0.0447862-0.0364352j -0.060967+0.0610826j -0.0523844-0.0325764j -0.0263411+0.00220971j -0.00873756-0.0535222j 0.0456131-0.0144965j -0.0154104-0.00824814j 0.0355464-0.0136586j -0.0228533+0.0462753j 0.0256724-0.00946131j -0.00973325-0.0347103j -0.00609603-0.0179919j -0.0378205-0.0154503j 0.0237091-0.0624623j -0.0470119-0.0324806j -0.0202177+0.00573992j 0.0521849+0.0059052j 0.0313083-0.0125632j 0.0137098-0.000117821j 0.0157894-0.0220741j -0.0300887+0.0122422j 0.00128381-0.00690729j -0.0215308-0.0490897j -0.00316123-0.00819919j -0.0252104+0.00257209j -0.0269994-0.00785745j -0.0177551-0.0119544j -0.0561713-0.00852669j -0.0342734+0.022502j 0.0670118+0.010854j -0.000618383-0.0257846j 0.0136741-0.0987105j 0.0382443+0.00938303j 0.0488432-0.0233234j 0.052479-0.061728j 0.0197442-0.0123182j 0.0444956-0.0257231j -0.0612271+0.0697524j -0.00878669+0.00763714j 0.0310461-0.00295103j -0.0106422-0.0551562j -0.00406311-0.0166619j 0.0828721-0.00296889j -0.0316331-0.0203838j -0.0931142+0.0219486j -0.0079303+0.0192799j -0.0125047-0.034039j -0.0439494+0.00106805j 0.0517369-0.0295488j 0.0166152+0.0523148j 0.0264987-0.0289918j 0.0263661+0.0342388j 
-0.0688726-0.0562068j 0.0381886-0.0751486j 0.0655669-0.0648697j 0.0764115+0.0308379j -0.0277724-0.0711347j 0.0567608-0.00696014j 0.0595802-0.00243054j -0.0462116+0.0244367j 0.0329829-0.0140346j -0.00976626-0.0282336j 0.0111531+0.0283315j 0.0162279+0.0211272j -0.0596058+0.0618496j -0.0227019-0.0255128j -0.0076585+0.0243597j 0.0124098-0.0651433j -0.0319443+0.00359509j 0.016852+0.0139118j 0.00813491+0.0586588j -0.0230548+0.0392012j 0.0383503+0.00949969j -0.0108343+0.00808943j -0.00344886-0.0231918j -0.00896644+0.0154466j 0.0479849-0.0147902j -0.0138932-0.00433599j -0.0371299+0.0106499j -0.0292686-0.0271417j 0.0175158+0.00871028j -0.0420426+0.00433526j 0.0165171-0.0222723j -6.02658e-05+0.0188921j -0.00870809-0.020148j -0.0122359+0.00620744j 0.00433758+0.00510295j -0.00138389-0.00838811j 0.0344738+0.00474311j -0.00923818-0.0417228j -0.00785006-0.0163894j 0.0110729+0.0166475j 0.0438637+0.0185305j -0.0235945-0.023536j 0.0260114+0.0162391j 0.0276422+0.00557577j 0.0067177+0.00654249j -0.0202862+0.000109946j -0.0129834+0.0217847j -0.0277852+0.00402473j 0.00946745-0.0321737j -0.0100615+0.00544462j -0.0401613+0.00165279j 0.0140116+0.035967j -0.029933-0.0188148j 0.00194107+0.0176173j 0.0140167+0.0247061j -0.00309646-0.0146169j 0.0362372+0.0142417j 0.00773957-0.00237936j -0.0017643+0.00196191j 0.000466862+0.033998j -0.0120921+0.0126949j -0.0243298+0.00255816j -0.0373984+0.014285j 0.0685923-0.0159332j 0.0217351-0.0221392j -0.0301773-0.011262j 0.0337224+0.0149205j -0.0158994+0.00873996j -0.0206595-0.00893568j -0.0043572+0.0104271j -0.00988213-0.000917983j -0.00787078-0.0023096j 0.0140882+0.0319482j 0.00951328-0.0101315j 0.0174561+0.0165706j -0.0221819+0.00718285j -0.0177602-0.0210054j 0.0188197-0.0199385j -0.00709543+0.00869878j 0.00331961-0.00507813j 0.0490309-0.0255548j 0.000346776+0.0262021j -0.018915+0.0121193j -0.000768354+0.0100387j -0.000265541+0.0320303j 0.00232028-0.0353461j -0.00453492+0.0304263j -0.0203626+0.035695j 0.0241559-0.00932783j 0.0407385+0.0390975j -0.0108589+0.00821459j 0.00498361-0.00670563j -0.0103528-0.0263076j 0.0266653+0.0033484j 0.0235287-0.0142719j -0.00417867-0.0287899j -0.00625025+0.0374364j -0.0019554-0.0157803j 2.39273e-05+0.0135936j 0.0254772+0.0100977j 0.00278444+0.00372906j 0.0411727-0.00891972j 0.0161532-0.0125473j 0.036418+0.00902854j 0.00937171-0.0340993j 0.0172179-0.000956363j 2.21652e-07+0.0216505j -0.0168211-0.0162206j 0.0292028+0.0087026j 0.00122134-0.0373996j 0.0135509+0.00612663j 0.0161813+0.0186146j -0.035389-0.0169275j -0.0026402+0.00567059j -0.00779178+0.0209674j 0.0139381+0.0368109j -0.0200651+0.00670049j -0.0437499-0.00586662j 0.0270107+0.0141408j -0.00960968+0.0238843j -0.0144446-0.00799064j 0.00437023-0.0545036j 0.0232312+0.0223803j -0.0275095+0.0104471j 0.0109957+0.0137948j -0.00153515+0.012966j 0.0278203+0.037686j 0.0587119+0.00458582j 0.000895715+0.0137358j 0.00147527+0.0118098j -0.0130733-0.0154188j 0.0128383-0.0169752j 0.00834525+0.015038j 0.00453981-0.00590442j 0.0326768+0.00832205j 0.0936885-0.00632161j 0.075075+0.0159526j 0.0142969+0.0240779j 0.0142401+0.0036745j 0.0622943+0.058816j -0.0339365+0.014777j -0.0162053-0.00892411j -0.0312261-0.0140477j -0.0177348+0.00493075j 0.0341872-0.0238176j -0.000360383-0.01136j 0.0075633-0.0139209j 0.03372+0.0228757j -0.020249-0.0251585j 0.0247314+0.0206668j -0.00285922-0.00632704j 0.0183711-0.0193685j -0.0172572+0.0675814j 0.0110866+0.00727091j 0.00343051-0.0140923j 0.027055+0.00625599j -0.010746+0.015395j -0.0073183-0.00484251j -0.000633295+0.00339568j 0.00611394+0.0247371j 0.0645908-0.0273792j 0.0655308+0.0526527j 0.0275262+0.010786j -0.0204786-0.0185524j 0.0354075-0.0321656j 0.00647871+0.02556j 0.0288558-0.0423495j -0.0114675+0.00498566j 0.00506658+0.0270076j -0.0141564-0.0185302j 0.0217234-0.0543925j -0.0866935+0.0092005j 0.0374454-0.000502805j 0.0297903+0.0195073j -0.0402624-0.0206278j -0.00861676+0.0362379j 0.00991109-0.00801287j -0.0369543-0.0368874j 0.0696258+0.00219496j -0.0552147-0.022523j 0.0311671+0.0494067j -0.0171155+0.0281808j 0.0684744+0.0206454j 0.0113847-0.0102451j 0.0282025-0.0400539j 0.0204713+0.00661078j -0.00946805-0.0287427j -0.00213662-0.0431446j 0.0196787+0.0242177j -0.0555339+0.0877836j -0.0372153+0.0183381j -0.0145154+0.0202993j -0.0223557+0.0218993j -0.059778+0.0421544j -0.0399611+0.0136391j 0.0186256-0.0128679j -0.014735-0.00681798j 0.0441848-0.0131759j -0.0231708-0.017227j -0.0433011-0.0469575j -0.0731304+0.0719899j 0.0310082-0.0169147j -0.0230136+0.0446003j -0.0340333-0.0263296j 0.0685599+0.0803899j 0.0644729-0.0755655j -0.0993054+0.0116446j -0.0248835-0.0823155j -0.0137181-0.0198344j 0.0185436-0.0330752j 
0.00400757+0.0267913j -0.036291-0.00253249j 0.0303755-0.0408224j 0.033433+0.0386097j -0.0503595-0.0182269j 0.0386595-0.0575838j -0.048145-0.0179218j 0.0272623+0.00123921j -0.0135503-0.0184636j -0.0255121-0.033034j -0.0228166+0.00926636j -0.0274121+0.0311636j -0.0245265+0.120124j 0.0205682-0.0853553j -0.020408+0.0118352j 0.00374048+0.0074538j -0.00143426-0.0197661j 0.00878015+0.0803962j -0.0281032-0.00548912j -0.0070375-0.0156281j -0.0347439+0.00955366j 0.00913368+0.0360371j -0.00413438+0.00273793j 0.0151544+0.0349128j 0.0650333+0.0273723j -0.013487-0.0132442j 0.0153139+0.0244742j -0.000681239-0.0422312j 0.0127654-0.0106802j 0.0150583+0.0312126j -0.00267894+0.000789304j -0.0398235-0.0563275j 0.00382955-0.0129929j 0.010415+0.0517085j -0.0336368+0.00371937j 0.0427624+0.0116276j 0.0112046+0.00857068j 0.0197769-2.6373e-05j 0.00700576+0.0231686j 0.00154804+0.024786j 0.00449658+0.0415821j -0.0674379-0.0151402j -0.00686576+0.00703818j 0.0231078+0.00727663j -0.0221581-0.0197792j 0.00106278-0.0344917j 0.000270883-0.0174975j 0.0357277+0.0186232j -0.0107059-0.0203749j -0.0112749-0.0153495j 0.0129873+0.0204973j 0.0267812+0.00685015j -0.0137049-0.0230717j -0.0162603-0.0340351j 0.0534232-0.00628429j -0.0170731-0.022177j 0.00556981-0.0440706j 0.0363857+0.0159966j -0.0363006-0.0264847j 0.0169568+0.00480955j -0.0237098+0.028173j -0.0352951-0.0118353j -0.0273164-0.0191375j 0.0426106+0.0303057j 0.0277857+0.0224034j 0.0148183-0.0295423j -0.0156137-0.00338073j 0.0213858+0.00897337j -0.0179054-0.00786824j -0.0182159-0.0403577j -0.0299811+0.00294622j 0.0403868+0.0123789j -0.0299516+0.00497878j -0.0268073-0.00194362j -0.0155583+0.0250724j -0.0418516-0.0462788j -0.0342449+0.0165074j -0.0308682-0.0330069j -0.0297963-0.0118007j -0.0011679+0.0692648j 0.0163484-0.00179313j -0.00347983+0.00105687j 0.0356316-0.0336802j 0.0433131+0.0415827j -0.0273416+0.0287917j 0.0411545+0.0811484j 0.00905545-0.0725828j 0.0196908+0.00623613j 0.0219353+0.0160094j 0.00769634+0.0252335j 0.0102697-0.00370069j -0.025487-0.0132903j 0.0196983+0.0129466j 0.0168718-0.0115027j -0.0321946-0.0379219j 0.0274674-0.0247755j 0.0245386+0.036548j 0.0645423+0.016382j -0.0138625+0.050449j 0.0547299+0.0148302j 0.0120554-0.0264433j 0.0066804+0.0150722j -0.0377492-0.0644673j 0.0704357-0.0116991j 0.0824353+0.0589054j -0.0261968+0.0100523j 0.0319115+0.036576j -0.0409012+0.0165284j 0.03594+0.00230384j -0.0159337-0.0210638j 0.0344603+0.0166631j -0.0255799+0.0574258j -0.00675182+0.0318969j -0.0519605-0.0768474j -0.0281711+0.0061716j 0.0313835+0.021591j 0.0501028+0.0386565j -0.0156309-0.0091854j 0.0252304+0.0621778j 0.0181075-0.0254829j 0.0489967+0.0138781j 0.0216974-0.00442951j 0.00503522+0.0430668j -0.0146078+0.0474776j 0.026873+0.00948712j -0.0257232-0.0376949j 0.0212137-0.0589251j 0.0523888-0.0132169j 0.0462436+0.0522109j -0.0219557-0.0293058j -0.0115594-0.0335463j -0.0281237+0.0512848j 0.022177-0.0226804j -0.0322598-0.0377701j 0.0225661+0.000789444j 0.0578616+0.0326436j 0.0294341-0.0352378j 0.0549864-0.112365j -0.0501504+0.0426455j -0.0792793-0.038566j -0.0343505+0.0448912j -0.0082236+0.0188503j -0.0144865-0.00559257j -0.0105726-0.0291019j 0.036878-0.0119069j -0.0214335+0.0104605j 0.027075-0.0177426j -0.0171912-0.00583161j -0.0378393+0.0319524j 0.00470811+0.0333639j -0.0109945-0.0558343j 0.0112283+0.00733617j -0.00340165+0.0334765j 0.0198053-0.030852j 0.0115707+0.0366763j -0.0422043+0.0233913j -0.0540544+0.00470069j -0.0504126+0.014019j -0.0335838+0.00880405j 0.000952565-0.00810515j -0.0065761+0.0177717j 0.021206-0.0172474j 0.014812-0.0187466j -0.00294368+0.000930396j 0.0534758+0.0292152j 0.0286677-0.0244552j 0.0241252+0.00267725j 0.0436979-0.0246963j -0.0236067-0.0417226j -0.00744979+0.00398805j -0.00648887+0.00201065j 0.0413522+0.000354529j 0.0101755+0.0426283j -0.0101945+0.02068j -0.0648361-0.0169365j 0.0092809+0.0271851j 0.00103466-0.0282204j 0.0248935+0.0557254j 0.0219966-0.0379819j -0.0158801-0.045456j -0.00665372-0.000533368j 0.0167745-0.0116471j 0.0102131+0.0135293j 0.0303475+0.00107129j 0.0038631-0.00765004j 0.00218259-0.0213648j -0.0338333-0.00766008j 0.0595855+0.000182895j 0.0712593-0.0218058j 0.00177008-0.0395421j 0.025994-0.0249412j -0.0338206-0.020157j -0.0176048+0.0221461j -0.0146279+0.0396297j -0.0621913-0.0186273j 0.0308761+0.0129483j 0.00224983+0.0477127j -0.0475857-0.0181956j -0.00928691+0.0210725j -0.0263863+0.0714572j -0.0164945+0.0118947j -0.0156424+0.0689186j -0.00439982-0.016622j -0.0235053+0.0310098j 0.00484918+0.0435849j 0.0451651-0.0303791j -0.0602085-0.00756587j -0.00920613-0.0437559j -0.0114897-0.000159059j -0.00402121-0.0248313j 
0.0155905+0.0168685j -0.0282636+0.0107598j 0.0603895-0.036946j 0.0488599+0.10056j -0.00896377-0.0443289j 0.0592177+0.0194023j -0.0670978-0.0535885j 0.0644782-0.0582134j -0.050756+0.00175345j 0.00192557-0.0131324j -0.0320843+0.0167111j -0.0221022-0.00805772j 0.0507225+0.0827092j -0.034739-0.0487745j -0.0081925-0.00476003j -0.0300986-0.0106931j -0.047536-0.00962651j -0.00306252+0.0381356j 0.0238799+0.00707722j -0.0259114+0.00535766j -0.0597219+0.0474834j -0.0311674+0.0283707j 0.0156191-0.0268999j -0.0446366-0.00596916j 0.0597457-0.0138017j -0.0347321+0.000823873j -0.042363-0.00301142j 0.0366172-0.0566465j -0.0179087-0.00364637j 0.00400144+0.0430288j -0.0289635-0.00616622j -0.0168043-0.0374567j -0.0642347-0.0126767j 0.0544357+0.00522196j -0.0326363-0.0464627j 0.0713964+0.00141698j -0.00532516-0.0534724j 0.00213401-0.0268687j 0.0496125-0.0552449j 0.00391387-0.00086422j 0.00671012+0.0136648j 0.00536478-0.00840702j 0.032829-0.0230048j 0.027932+0.0417468j -0.0318512-0.0288753j -0.0159085-0.0129952j 0.0288155+0.0197942j 0.0454052+0.078955j -0.0364027-0.0218146j 0.0360295-0.000575777j -0.00475907+0.0243335j 0.0245144+0.0257856j -0.0149219+0.000884813j -0.0356399+0.0147825j -0.00927715+0.0530341j -0.00210307-0.0301181j 0.0351254-0.0279723j 0.00497364+0.00448975j -0.0416125-0.0545738j 0.00978327-0.0308078j -0.0328036+0.0274412j -0.0373406-0.0232374j -0.0552502-0.0137935j 0.0350231-0.000113186j -0.00131906+0.048616j 0.00696819-0.0532332j -0.0384431-0.00278648j 0.0247466+0.0409032j -0.010403+0.0577901j 0.0115866+0.00846825j 0.00612464+0.0457193j 0.00533739-0.0345547j -0.0445918+0.00280254j -0.00438594-0.0446699j 0.0245896+0.0555721j -0.0660731-0.0369545j -0.0413464-0.0201744j 0.00140012-0.0764871j 0.006916+0.0679367j 0.0185621+0.00871745j 0.0418553-0.0208223j -0.0467784-0.0320373j -0.0130266-0.0251207j -0.0542355+0.0116687j -0.0195025+0.0707825j -0.0258833+0.0385689j -0.0191001-0.0739352j -0.0105726+0.0167315j 0.0176198+0.0178686j 0.0337299+0.0429617j 0.0430335+0.0348148j 0.00454715-0.0611832j -2.98236e-05-0.000589325j 0.0349172-0.00255845j 0.0464413-0.0401791j -0.0306216-0.0589689j 0.0707915+0.00653272j 0.0261172-0.00665988j -0.00957825+0.0396612j 0.0409718+0.0505908j 0.0468016-0.0118463j 0.034249+0.0405581j -0.0287394-0.0321388j 0.133504+0.0218398j 0.0589742+0.0219782j 0.0164886+0.00720697j 0.0309913+0.039879j -0.0226758+0.00711757j 0.0362634+0.0231415j 0.00250985+0.0193059j 0.0715778-0.00368602j -0.0125266+0.012598j -0.0229744+0.0156782j -0.0496313-0.0444719j 3.62634e-05+0.0466573j -0.00241251+0.0508415j 0.00814032+0.0516387j 0.000427433+0.00310553j 0.0419649+0.0795539j 0.0115671+0.031891j 0.0452834+0.052441j -0.0318633-0.0499762j 0.0520403+0.0119218j -0.014647-0.015174j 0.00336139-0.0374598j -0.0255976+0.00108174j -0.00915588+0.0699676j 0.0490554-0.0260359j 0.0245676+0.0564822j -0.0212212-0.00315079j -0.00717972+0.0435414j -0.00566121-0.0171058j -0.0215032+0.0132514j 0.00216015-0.0507019j -0.0305941+0.0222311j 0.139517+0.075656j 0.042775-0.0499124j 0.074563-0.112259j -0.00935884+0.035527j -0.0445297-0.048346j -0.0157622-0.0301732j 0.0311536-0.0152633j -0.0247976+0.0214827j -0.0234887+0.0173519j 0.060766-0.0177941j 0.0231135-0.0340886j 0.00561653+0.0448688j 0.0117753-0.0163386j -0.0351416-0.00271894j 0.0163993+0.0122212j 0.030958+0.0255733j 0.0599391-0.0523964j 0.0270582+0.0178305j -0.0164256-0.00114133j 0.00373722-0.0214872j -0.00935642-0.0086794j 0.0102653-0.0194047j -0.00137387+0.0082782j 0.0451607-0.0372312j -0.0232788-0.00394679j -0.00740206-0.0491853j -0.0168962-0.029839j -0.0112114-0.00642992j 0.00466858-0.011187j 0.0196785-0.0597565j -0.0122717-0.000538203j 0.0268413-0.0107754j -0.0278648+0.0144005j 0.0165454-0.00705476j -0.0403451-0.000739459j -0.0197694-0.0123805j -0.0426958-0.0117232j -0.029416+0.0399913j 0.0109803-0.0263539j -0.0174641-0.0180523j 0.00436245-0.0120218j -0.0310751+0.0136565j -0.0312713-0.044672j -0.00938849+0.013252j -0.00911825+0.0102651j 0.0149621-0.00821656j 0.0340492+0.0240274j 0.0079624+0.0297183j -0.00118864-0.020186j -0.0391991+0.0149302j -0.0409452+0.00778774j 0.0114546+0.0182457j 0.00794303+0.0203239j -0.0187133-0.0153236j -0.0149536-0.00894386j -0.0206006+0.013536j 0.0162548+0.0519777j 0.0291458+0.027279j -0.0226603+0.0270357j 0.000184636-0.020029j -0.0372952-0.0028643j 0.0157348-0.0312931j 0.0441953+0.018949j 0.00340468-0.0185948j 0.0426848-0.012818j 0.0361767+0.0161637j 0.0396925-0.0298254j -0.0191598+0.0159387j 0.000788705+0.0121573j -0.0129805-0.00678818j 0.000234978+0.0146747j 0.00354243-0.0216138j 0.0247207-0.0150706j 0.00595295+0.0184224j -0.0144768+0.0145727j 
-0.0739181+0.00432309j -0.00265643-0.0784634j 0.0434705+0.00648544j -0.00653057+0.0228047j 0.0283401-0.0301871j 0.00397035+0.0244221j 0.00635028+0.031117j -0.0350943+0.0213363j 0.0219853-0.0158581j -0.0238226-0.0149812j 0.00110545-0.00549049j 0.0148493-0.0118938j 0.022669+0.0168772j -0.0206229-0.0226568j 0.0302996+0.0386727j 0.00504896-0.0265444j 0.00542338+0.0198265j 0.0191997-0.0105514j 0.00271105+0.0457996j -0.0453988+0.0116761j -0.026568-0.0263524j 0.0388671+0.0290537j 0.00859743-0.0359944j -0.00924299+0.0273329j -0.00194767-0.0690458j -0.00326389-0.0250057j -0.0283575-0.00746867j -0.0213977-0.017898j 0.0129142-0.00281967j 0.00293794+0.00731911j -0.0108667+0.00756391j -0.0186181+0.015519j -0.0191002-0.00769005j 0.0112035-0.0100968j -0.0300591+0.0160233j 0.0388408-0.0122512j -0.00502634-0.0263136j -0.0198191-0.0543998j -0.0132925-0.0211386j -0.0168239+0.0182087j 0.0123073+0.00639431j 0.0209519-0.0211192j 0.00157378+7.64948e-05j 0.0130446+0.0106405j -0.00201272+0.020385j 0.0184816-0.00984127j -0.00937115+0.0165952j -0.0116257+0.0318894j 0.0354843+0.00884262j 0.0186772+0.0083582j -0.0263798-0.00460111j 0.000208461+0.025833j -0.0242427-0.00980886j -0.00194698+0.0228938j 0.00562352+0.0269623j 0.00333814+0.00192191j 0.0345789-3.57627e-05j -0.0258152-0.00264909j 0.0108111-0.0341873j 0.0161295-0.010615j -0.0102187+0.02052j -0.0183822+0.0121354j -0.0144532-0.0173217j 0.0490555-0.0252874j -0.0337346+0.0141739j -0.0105851-0.0392634j 0.0292476+0.0078725j 0.00825072+0.00561644j 0.00807412+0.00171832j -0.0293317+0.0322197j 0.0142653-0.0123155j -0.0189252-0.0540645j 0.0132408+0.031282j -0.0162487-0.0227846j -0.000543198+0.0127672j -0.0115083+0.0102497j 0.0119479-0.012993j 0.0400659-0.0286823j 0.0329048+0.0340956j -0.0190664-0.0194154j -0.00486567+0.00241819j -0.0337896+0.0317989j -0.0537097+0.0304733j -0.0134097+0.0121191j 0.010899-0.000902698j -0.0136713-0.0217194j -0.00771556-0.00574552j 0.0176643+0.00811944j -0.0278164-0.0121454j 0.0325003+0.00950984j -0.0139448+0.0165864j -0.00603529-0.0259719j 0.00293131-0.0176713j 0.0185442+0.00376886j 0.00443838+0.0197307j -0.0650586+0.000898707j 0.0185437+0.00629136j 0.00333688-0.0147414j 0.0282774-0.0132626j -0.00827716+0.0161459j 0.0310411-0.032163j 0.0338036+0.00453878j 0.0246302+0.00277213j 0.0130301+0.0363401j 0.00644645-0.0237753j 0.038438+0.00759986j 0.0209331+0.0303309j -0.00107447+0.00803052j 0.0257866+0.0356696j -0.013194-0.00323228j 0.0310833+0.0274265j -0.0528912-0.0597131j 0.00149551-0.019397j 0.0232567+0.0255397j -0.0455706+0.0377893j 0.0208912+0.0134134j 0.00414141-0.00505773j 0.00572548-0.010689j 0.0142739+0.0246734j -0.0247306+0.00606209j 0.0344046+0.0124592j 0.00815321-0.0478515j -0.000797478-0.0386412j 0.0262481+0.0106386j 0.0196318-0.0271129j -0.00241227-0.0103219j -0.00189286+0.0251721j 0.000349846-0.00342563j -0.0339923+0.0507954j -0.016238+0.025313j -0.0240046+0.0256888j -0.0170899-0.0219173j 0.0170998-0.00916299j 0.00439869-0.00553126j 0.00805777-0.00589366j 0.040841+0.0178138j 0.0020604+0.0121625j 0.00805747+0.0323065j -0.00715233+0.0286046j -0.00637186+0.0295596j -0.0158623+0.00148273j -0.00786432-0.00124315j 0.00981836-0.00630176j 0.00959619+0.0128138j -0.00570971-0.00991411j 0.00669403-0.0114041j 0.0229003+0.0292317j -0.00998502+0.0165275j 0.0174761-0.0288243j 0.0576725+0.0430115j 0.0055098-0.00664361j 0.0428612-3.95932e-05j 0.0192319-0.00781888j -0.0111074+0.0548937j 0.00510851-0.0198281j 0.0341886-0.02768j -0.00875751+0.0211655j -0.00750632+0.0224226j 0.0340303-0.00449177j -0.00343968+0.0142394j 0.0293709-0.0382369j -0.0222551+0.0240041j 0.0182332-0.0175863j 0.00217832+0.00543105j -0.0156624+0.0210388j 0.0160959+0.0257398j 0.0362429-0.0567377j 0.00825347-0.00811785j 0.00425391+0.0143114j 0.0124338-0.0122171j 0.0007412-0.0284571j -0.0285116-0.00139532j 0.017814-0.0321793j 0.0199155-0.00152365j 0.0274357-0.00220455j -0.0303698+0.0275441j 0.050433+0.00820469j -0.00246771-0.0364825j 0.0145446-0.00520696j 0.00167882-0.0108397j 0.0108323-0.00285352j -0.0295089-0.00480389j 0.0436458+0.00494213j 0.0246254+0.0351573j 0.00961445+0.0125926j -0.0269698-0.00352889j 0.0164912+0.0482613j -0.0335806-0.0167909j -0.030918+0.032667j -0.00126286-0.0137181j -0.0445865+0.0280002j 0.00449643-0.00216733j -0.0141776-0.0269834j 0.0092335-0.0252596j 0.0303411+0.0193276j -0.0314234-0.0263831j 0.0023724-0.00763112j 0.0158656+0.00934326j 0.00121453-0.0206177j -0.0277119-0.0152746j 0.000130482+0.0017915j -0.0126895-0.0228747j 0.000640773-0.0104302j -0.00050234-0.0020528j 0.00741718-0.00904119j -0.0039558-0.0127625j 0.00717038+0.0290085j -0.0152118-0.00442402j 0.0144441-0.0246074j 0.0274633+0.0101037j 
0.0430246-0.0736265j 0.0686603+0.0452182j 0.00491431-0.0418974j 0.0389151+0.0281498j -0.0103635+0.0193626j -0.00683668+0.0202993j 0.0472721-0.0598009j 0.0878369-0.0051706j -0.054803-0.0100243j 0.0571549+0.02228j 0.0289993-0.00604274j 0.0111465-0.00695897j 0.0136815+0.0156405j -0.0352002+0.0286134j -0.00121502-0.0392282j -0.01157-0.043008j -0.0961877-0.0278196j -0.0229086-0.0332111j 0.030051-0.017545j -0.00159132+0.0216861j -0.00227549+0.068985j -0.0340216-0.0275534j 0.0215657+0.0128994j -0.0432773-0.00900586j -0.0149452+0.0205284j -0.0132288+0.0217574j -0.0464924+0.0155754j -0.00131522+0.0114307j -0.014724-0.00928145j -0.0164169+0.0144699j 0.000757012+0.01923j 0.0195237-0.0065042j -0.0154225+0.00971022j -0.0386376-0.00600815j -0.0149104-0.0266513j 0.00734537-0.0259263j 0.000965905+0.0246357j -0.00693237+0.0132004j 0.0116678-0.0141783j 0.0331656-0.00613957j -0.00216134-0.0398929j 0.00566335-0.00804394j 0.0221178-0.0136279j 0.00526085+0.0248208j -0.00389256-0.0163965j -0.0299877+0.0350222j 0.0097979+0.017504j 0.0149744+0.02182j -0.0308975+0.0139198j 0.0371459-0.0260866j 0.00679297-0.00344633j 0.0292265+0.0254668j -0.0103342-0.00630309j 0.026051+0.022209j -0.00984219+0.0297698j 0.0219101-0.000930096j 0.00967209+0.0210313j 0.0155492-0.00450998j 0.0187034+0.0122527j 0.0190913+0.028222j -0.0462953-0.0308787j 0.0302543-0.0141481j -0.00243985+0.00707791j 0.0271565-0.0236926j 0.01014+0.00798523j 0.0152249-0.00623329j 0.0225147+0.00689041j -0.00989984+0.00316003j 0.018676-0.000770108j 0.0193587+0.0516837j 0.0198659-0.00455862j 0.00609849+0.0193117j -0.0249374-0.0189025j -0.000541291-0.00643225j 0.0313339+0.00509298j 0.00288836+0.000779462j -0.0271958+0.0190802j 0.0149635-0.0240763j 0.0157349-0.0228184j -0.0256658+0.0377825j 0.0226335-0.00815935j -0.0115624+0.013391j 0.00277219-0.00215712j -0.0497424-0.00316959j 0.0156309+0.0185621j -0.038809+0.0207832j 0.0025866+0.00474482j 0.0122204+0.0332593j 0.0377201-0.0176225j 0.0136574+0.0159537j 0.0169928+0.0138822j 0.00410596-0.0202424j 0.0163871+0.0255775j 0.0065007+0.0198749j 0.0213605+0.00959916j 0.00521354+0.0179969j -0.0162941-0.0169717j -0.00849886-0.00445836j 0.00542009+0.0338548j -0.0136092-0.0278453j -0.0198248+0.00341162j -0.0117443+0.0123837j -0.00257666-0.00232817j 0.0231948-0.0119167j 0.0692628-0.00410895j 0.0148172-0.0143068j -0.0194894-0.0144904j -0.0464403-0.0372514j 0.00387939+0.00716057j -0.0369485+0.00753456j 0.0260571-0.00429241j 0.0127466-0.0140905j -0.0177436+0.063253j -0.0374099-0.0298203j -0.027337-0.00940295j -0.0169827-5.50914e-05j -0.00825258+0.0214893j -0.00861319+0.0289108j 0.00861215-0.00550537j 0.0134493-0.00444606j 0.0250691+0.00868629j -0.00932129+0.0106221j -0.0812093-0.0190647j 0.00370196-0.0159711j 0.0107545+0.0149904j 0.0129854+0.0173944j -0.0430751+0.0011803j -0.0202887-0.0145001j -0.0236018+0.0011013j 0.0138881+0.00315104j 0.00154126+0.031162j 0.014111-0.0463773j -0.0263293+0.0638315j -0.00290748-0.0438091j -0.015255+0.00402891j 0.0260747+0.0134767j 0.0234021+0.0294786j -0.0101627-0.0147797j 0.0158044-0.0151393j 0.0263106-0.0183887j -0.00590167-0.03008j 0.0205382-0.0141816j -0.0228855+0.019029j -0.0286694+0.0222547j 0.0504246-0.018029j 0.0414671+0.00881852j -0.0264121-0.0181016j 0.0421842+0.0121029j -0.014339-0.0315504j 0.00417733-0.0149588j -0.0196307-0.00217002j -0.00134944-0.0194456j 0.0318586+0.00277443j -0.0309079+0.023397j 0.0191084-0.0555856j 0.010747-0.013004j 0.0081029-0.00829246j 0.025511-0.0420371j 0.0269323-0.0378386j 0.0190036+0.0271287j 0.0272951+0.0155721j 0.0113518-0.0447442j 0.00418129+0.0241396j -0.017225+0.0117501j -0.00216417-0.089158j -0.0385053+0.00741508j -0.00866673+0.038077j -0.00737951+0.0034142j -0.0131169-0.0226384j 0.0154622-0.033776j -0.0125586-0.0588149j -0.0383523+0.00644441j -0.0303237+0.0450867j 0.00208072-0.00559942j 0.0344263+0.0455382j 0.0124003+0.02016j -0.0223447+0.016149j 0.00345621-0.0327269j -0.0324835+0.0430953j -0.0633172+0.0146064j -0.0322088+0.014628j 0.0277334+0.00151869j -0.000198964+0.0667673j 0.0330364-0.0259846j -0.0188488+0.00307156j 0.0281321-0.0228822j 0.00652099-0.0311569j -0.0386912+0.00604036j 0.0162902+0.0394134j -0.031685+0.049748j -0.0224164+0.00268038j 0.0648378+0.0290578j -0.00374714+0.0419455j -0.0275865+0.00785613j -0.0347659-0.0138387j -0.085092-0.0120755j 0.0338789-0.0744177j 0.0680205+0.0593536j 0.011844-0.0794701j 0.0211815-0.0651579j 0.046676+0.025852j 0.0307026-0.042572j -0.0452995+0.0574399j 0.0180234+0.00818371j 0.0107034-0.0207522j -0.0220462-0.0255834j 0.0067263-0.000526074j -0.00651553+0.0107739j 0.048424-0.021485j 0.00655392+0.0494766j 
-0.0173329+0.000705325j 0.0163878-0.0127464j -0.0215739+0.0824241j -0.0911053-0.0328168j 0.0545337+0.0356596j -0.0502227+0.0450236j 0.0032719-0.00123979j -0.02134+0.0260026j 0.024573-0.0312334j -0.00969204+0.0179325j 0.00727365-0.00140463j 0.0240599-0.0192467j 0.0255183-0.0325653j -0.0115332+0.043864j 0.0209794-0.006205j -0.0208088+0.00212025j 0.0248037+0.0309314j 0.00964052-0.0276205j 0.0235769+0.00390733j -0.00985464+0.0104141j -0.0018959-0.030359j 0.0293149+0.0136012j -0.00352898-0.00930469j 0.0362425+0.0293817j -0.0628876-0.0226915j 0.0269729+0.0256034j 0.00486659-0.0107447j 0.00389755+0.0129546j 0.00704984+0.0277704j 0.0123622-0.0277448j -0.0109639+0.0379883j -0.0110882+0.0154833j -0.0184015-0.011278j -0.0233398-0.0303607j 0.00122555+0.0149252j -0.0309849-0.0618834j -0.00677398-0.00189555j -0.0430539-0.00839661j -0.0472942-0.0170375j -0.00322137-0.025086j -0.0063861-0.0109409j 0.011216+0.00826415j -0.0132637-0.00690037j -0.017483-0.0208593j 0.0233077+0.00561818j -0.0130439-0.0113759j 0.0126449-0.000156496j 0.0186477-0.0128187j 0.0166692+0.0520494j -0.00488892+0.000363831j -0.0290284+0.007097j -0.0236248+0.00639033j -0.00547046+0.0181096j -0.00319559+0.00613565j 0.0265269-0.0299715j 0.0193107+0.0128168j -0.0278013+0.010921j -0.0215736-0.0117019j 0.0404553+0.00145648j 0.0105705+0.0047821j -0.00700784-0.0326208j 0.00912886-0.0229269j 0.00831589-0.0103256j 0.0121707+0.00761765j -0.0276685+0.00749045j 0.0280284-0.0161086j 0.000932351-0.0087194j 0.0109683-0.00262274j 0.0138333-0.0346917j -0.0347291+0.00256212j 0.0138618-0.0136314j -0.0255154-0.00523797j 8.20873e-05+0.00601758j -0.0314353-0.0259815j 0.0242251+0.00611681j 0.0264119+0.0564383j -0.00279329-0.0106443j -0.0108523+0.00326675j 0.00130676-0.00535748j -0.0389836-0.00657052j -0.0208994+0.039241j 0.034463+0.00911501j -0.0649812+0.00730085j -0.0161438-0.0180074j 0.0191379-0.0416392j -0.0300891-0.00398612j -0.031088-0.00427654j -0.0103505-0.0579526j 0.006376-0.0169607j -0.0139225-0.010968j 0.00314771+0.0205176j -0.0215635+0.0212675j 0.000130197+0.0280841j -0.0259273+0.030256j -0.0415137+0.0434976j -0.00312595+0.0328194j -0.0288253-0.0182171j 0.0190179-0.0214046j 0.012767-0.0223812j -0.0318489-0.00635263j 0.0147227-0.000177453j 0.0186817-0.0222337j 0.0504656-0.00180821j -0.03959+0.0213881j -0.0285603-0.0126348j 0.00822013+0.00652503j 0.00422362+0.0116373j -0.0222352+0.0329916j 0.0223722+0.0287271j 0.00620851-0.0125734j -0.00277452+0.0244005j -0.0115271-0.0229399j 0.00904318+0.0079133j -0.00945387+0.0170378j 0.0309162+0.0109699j 0.0211956-0.028626j 0.00556619-0.00164443j -0.0105594-0.022066j -0.0324616+0.0139738j -0.0142493+0.0109954j -0.00535362+0.0116964j -0.0090089-0.0163256j 0.00990462-0.0291962j -0.000193029-0.0144838j 0.00507402+0.0084213j -0.0351589+0.0224691j -0.0107957-0.0120065j 0.0249689+0.0310569j -0.0258601+0.0171106j -0.0160399-0.0335134j -0.0138931-0.0532756j -0.018928-0.00099561j 0.0293723-0.0322678j -0.00132039+0.0294846j 0.0319171-0.0118859j -0.0481548-0.0547053j -0.0178481+0.0343789j -0.0255802+0.0401913j -0.00373911-0.000404787j -0.0111496+0.0168473j -0.00251174+0.00359714j 0.0132374+0.0123631j 0.00593649-0.0119793j -0.0187005+0.00174818j 0.0145192+0.0113714j 0.029755-0.0392334j 0.00695726-0.00701223j -0.0171909-0.00390402j -0.00145952+0.0111292j 0.0121011+0.0211842j 0.00597016-0.0220701j 0.0349823+0.011177j -0.0122892-0.0238334j -0.0514941-0.00882092j 0.0311456-0.0144005j -0.00597425-0.0218027j 0.0257806+0.00262529j 0.0118748+0.0146215j 0.00295558-0.023951j -0.0406162+0.00183941j -0.027174-0.0236498j -0.0346928+0.0464454j 0.00293073-0.0310163j 0.0453078-0.0027541j 0.0152554+0.00679587j 0.00744405-0.00133861j 0.0183991-0.0287466j -0.00808965+0.0186947j 0.0120807+0.0253103j 0.0260422+0.0306508j -0.00597592-0.0036206j 0.00076241+0.0210041j -0.00786195-0.0146781j 0.0198677-0.032296j 0.0401898-0.0052159j -0.0334233-0.0312253j 0.0709831+0.0109638j 0.0124689-0.0126711j -0.00193683+0.0031523j 0.0277375+0.0129321j 0.0278525-0.0172291j 0.0243297+0.0384452j 0.00879302+0.0178461j 0.0460219+0.00727854j -0.0108248+0.0107166j -0.0287518+0.00644811j -0.0312758+0.0563032j -0.0168622+0.0320727j -0.0237576+0.0404214j 0.0408677-0.0134488j -0.0826895+0.0246848j 0.0136079+0.00484993j -0.023023-0.00991093j -0.0125724-0.0359747j 0.0248873+0.0219253j 0.0206144-0.0197106j -0.0165496+0.0283863j -0.0204477-0.0173458j -0.0148595-0.014268j 0.0218053-0.0272289j 0.0104084-0.0573285j 0.00843663-0.0240443j 0.046342+0.041514j 0.0379515-0.0306681j 0.00959196-0.0457684j -0.0398517+0.00187646j 0.0278398+0.0110697j 0.00876117+0.0135263j 0.0367427+0.0504099j -0.0406972+0.0419886j 
0.0226354+0.0341696j -0.0322606+0.018609j -0.00607336-0.0209126j 0.0188699+0.00534327j -0.0111057-0.0119126j 0.0182893-0.00562358j -0.0384636-0.0185363j 0.0209252-0.0302246j -0.00954743+0.0245402j 0.0136782+0.00639745j -0.00342428-0.00137467j -0.0108395-0.00304143j 0.0201404+0.0134235j -0.00461801-0.0119178j -0.0209559+0.0189628j -0.0200072+0.0058881j -0.0119957-0.0151748j -0.00331545+0.0205224j 0.00301597-0.00152991j 0.00977475-0.0182756j -0.0218476-0.00583364j -0.0215967+0.0157789j 0.00182924+0.000543117j -0.0151758-0.0194883j 0.0451259+0.0308139j -0.0196114-0.00539673j 0.00220806+0.0146154j 0.0140408+0.0157513j -0.0017917-0.00273361j 0.00492052+0.00654003j 0.00820736+0.0060164j -0.0043874-0.0237728j -0.00194169+0.000209655j 0.00703881-0.00124798j -0.0113667-0.0265606j -0.00827905+0.0241757j 0.00200809-0.0174722j 0.00168643+0.00795817j 0.0128687-0.012043j -0.0106551+0.0170446j -0.00831549+0.0108121j -0.00688479-0.00196707j 0.00017049+0.000787248j 0.0149018+0.0145221j -0.0151821-0.00209758j -0.0165785-0.0117228j 0.00243944+0.0045699j 0.0315791+0.0101967j -0.00132328-0.0210797j -0.00614349+0.00553425j 0.0114765-0.00620244j 0.0277883-0.0108867j -0.00697005-0.00524339j -0.0153084-0.00859071j 0.00201957+0.000594888j 0.00603588-0.0144991j 0.016055-0.0169213j 0.000847195+0.00287945j -0.0211008-0.0143126j 0.0082699-0.00594802j 0.0027799+0.00113092j -5.56157e-05-0.011465j -0.0309688-0.0261198j 0.00164492+0.00351472j 0.00821624+0.0223854j 0.0175089+0.000608489j -0.00828715-0.000501664j 0.0201463+0.00565348j 0.00679792-0.0128726j -0.00474717-0.00342075j 0.00951244+0.00122727j 0.00981135-0.0169001j -0.0227687+0.0240828j 0.0205675-0.00728444j -0.000215607-0.00332729j -0.0184307-0.046471j -0.0125825-0.0141678j 0.0116421-0.0180265j 0.020939+0.0215734j 0.0187615+0.00832034j -0.00997168-0.00566262j -0.0400621-0.0209129j -0.00138155-0.0141367j 0.010508+0.0363945j -0.00996848+0.0126845j 0.011609+0.0168459j 0.00673778-0.0228908j 0.0181096-0.000688704j 0.00523729-0.0018262j -0.00595419-0.00824367j 0.0196331+0.000916553j 0.0131305-0.00275816j -0.00094859-0.00378937j 0.00812953-0.00700692j 0.00221991-0.00316097j -0.0192752-0.0141316j 0.0312584+0.0169464j 0.00557804+0.00686564j 0.00334975+0.0135836j -0.00123672+0.0067424j 0.0169089+0.00850748j 0.0046086+0.00630429j -0.0211324-0.00593718j 0.0497043+0.00130373j 0.00270982+0.0393495j -0.0196774+0.000436372j 0.0270643+0.00448291j 0.00297041+0.0286275j -0.0279936-0.00169205j 0.00505874-0.00428766j 0.0287244-0.0154564j 0.0227765-0.00781425j -0.0153733-0.0066315j -0.0080687-0.0167087j -0.00161153-0.00315733j 0.00478138+0.021458j 0.00898156-0.00717669j 0.0219866+0.0190462j 0.011328+0.0283267j 0.00450526+0.00725443j 0.0062681+0.016265j -0.0102729-0.0135011j 0.0476146+0.000286228j -0.0243614+0.00794232j 0.0135361-0.00701434j -0.000392508+0.00132881j 0.03123-0.00296834j -0.0148716+0.00169147j 0.00227861+0.0274297j -0.00098867+0.0064222j 0.00860837+0.0111057j -0.00815373-0.0101397j -0.00155803-0.0561447j -0.0118645+0.0317198j 0.0171186-0.00293581j 0.112778-0.0578173j 0.0550409+0.0356247j 0.0819413+0.0518193j 0.00271849+0.0194409j -0.0189949+0.0655472j -0.0244846+0.0111504j 0.00644662+0.0257876j -0.0284759+0.00421745j -0.0237376-0.0113314j 0.0481985+0.00144802j 0.00621772+0.0183326j 0.0471111+0.0182197j -0.01904+0.000103028j -0.0432317+0.00166635j 0.0308172-0.0039899j 0.000183344-0.00299877j -5.56759e-05-0.0105302j -0.0169451+0.00179924j -0.0251939-0.00750606j 0.0221401-0.0221209j 0.00157638+0.0125284j 0.00518709-0.00202161j 0.0422752-0.0325187j -0.00944365+0.0490191j 0.0227643-0.0476159j 0.00791602+0.0368285j 0.0184026-0.00316169j -0.0123777-0.0225008j 0.00347699+0.00963491j 0.032484+0.00216859j 0.00311469+0.0117376j 0.0423293-0.0660062j -0.0172315+0.00146453j -0.00273968+0.0306909j 0.05416+0.0266323j 0.0299015-0.0208513j 0.00672532+0.0142251j 0.0321904-0.0313096j 0.0707125-0.0196152j 0.0191808+0.00408664j -0.0362928+0.0298468j 0.0623275+0.0280462j 0.0121574+0.00469228j 0.0279956-0.0273421j 0.000350679-0.0687138j -0.0120522+0.0444181j 0.00520129+0.0508297j 0.0229051+0.0324689j 0.0772666+5.83704e-05j 0.00608816+0.00187956j -0.0183841-0.0201748j -0.067916+0.019093j -0.0180157+0.000901678j 0.0103073+0.042941j -0.0164475+0.0128246j -0.034199+0.0254422j -0.0138682-0.0436913j -0.0407821+0.0548845j -0.0332148-0.00369692j 0.0148055-0.0023536j 0.00499413-0.0212578j -0.0280147+0.0172343j 0.00231182-0.00970237j -0.0288829+0.0248976j -0.0243242-0.0102339j -0.0209261-0.0484533j 0.0248951-0.012144j 0.0456552+0.0381265j 0.0462612-0.0403379j 0.0451049+0.0295967j 0.0297845-0.0206883j -0.0298017+0.0379886j -0.00425997-0.0315815j 0.0336688+0.0296984j -0.0274184+0.0263351j 
0.0111479-0.0228752j 0.0263198+0.0142321j -0.00331178-0.0133875j 0.0080517-0.00299241j -0.0142604+0.0206732j -0.0248119-0.0108358j 0.0203079+0.0251056j 0.0136048+0.0181799j -0.011179-0.00738172j -0.00420615+0.015427j -0.000710157-0.040218j -0.0177698+0.0143363j -0.0120121-0.0123795j 0.0268166-0.0234646j 0.0319577-0.0137565j 0.0405797+0.0248031j -0.000132455+0.00200417j -0.00686522+0.00667661j -0.00156301-0.0253749j -0.00203703-0.0264869j 0.00295078+0.0175306j -0.00460104-0.00645525j 0.00732281+0.00499697j 0.0209154+0.000377669j -0.00490355-0.00841022j 0.0169419+0.0138877j 0.0213155+0.0136484j 0.00692855+0.0142315j 0.0203141+0.00619677j 0.00267751+0.0160802j 0.000440115+0.0127966j -0.00300039+0.00186672j 0.020519+0.0161287j -0.0443223+0.038202j -0.0193207+0.0107234j 0.0116623+0.0158751j 0.0230204+0.0125925j -0.0219336+0.0262878j -0.00159965+0.0457828j 0.00252042+0.00591106j 0.00267724-0.029034j -0.0062256+0.020656j -0.0172366+0.0209924j 0.00883971-0.0178269j 0.0104842+0.0119117j 0.0127051-0.000566117j -0.0212289+0.00394505j -0.0141425-0.015552j -0.0028622-0.0071812j -0.00586837-0.0321022j 0.0195449+0.00242859j -0.0135601-0.0213146j 0.0150165+0.00662438j 0.0215131+0.001843j 0.00406328-0.00251995j -0.0219457-0.0056035j -0.00457598-0.00353698j 0.0322851+0.0110544j 0.0117764+0.00554852j 0.00950954+0.00926704j 0.000919704+0.0155933j 0.0297186+0.025832j 0.0201228+0.00969642j -0.023328-0.0278184j -0.0036669-0.0245804j -0.0132411+0.0216281j 0.00951997+0.00336644j -0.0173208-0.0207133j -0.00270165-0.00685176j 0.00720586-0.00637862j -0.00681983-0.0122525j 0.00544034+0.0228174j 0.0396182-0.0172326j 0.00653479+0.0163208j -0.0262624-0.00811885j -0.0116999-0.00180002j 0.0262172+0.00953371j 0.00522711+0.00578045j -0.00870987-0.0393144j -0.0146654-0.0127784j -0.0249322+0.00393563j 0.0108095+0.00770038j 0.0353239-0.00781422j 0.0254676-0.0234325j 0.00656721-0.0301005j 0.0374893-0.0116837j 0.0179417-0.00612689j -0.00910985+0.0264735j -0.0255013-0.00428939j -0.0136357-0.00638149j -0.0121747+0.0174415j 0.00542204+0.0149655j -0.0227141-0.0146099j -0.0180567-0.00602084j -0.0128319-0.0259381j -0.0151294+0.0209171j -0.00695025+0.00241894j -0.0127974+0.00166014j -0.030468-0.00516389j -0.00539863-0.0153887j -0.00202611+0.00160482j -0.0219507+0.00949618j 0.0517513+0.00417492j -0.0277436-0.0160337j 0.0168485-0.0342837j -0.0110986-0.0176167j 0.000372817-0.0133073j 0.00165827-0.0213462j -0.0188459-0.0178407j -0.00726194-0.0335203j -0.0197143+0.0306592j 0.0229264-0.00686094j 0.0119769-0.00660268j -0.00508565-0.00704946j 0.00382906-0.0138669j -0.00536113-0.0103869j 0.0152517-0.000576212j 0.000117853+0.0441057j 0.0220828+0.00660243j 0.00116825-0.0159705j -0.00966081+0.000234228j 0.0183629-0.00302081j -0.0251131-0.0030658j -0.00575937-0.00113484j -0.025217+0.00543407j 0.0265843-0.00830039j 0.00972247-0.00990359j 0.00881469+0.00217941j 0.0118729+0.00718156j 0.00610154+0.00229997j -0.00607489+0.0200939j -0.0330608+0.0155752j 0.00203777+0.0258108j -0.00154932-0.00200988j 0.00303718-0.0111888j -0.0242519+0.0174379j -0.013988+0.0241785j -0.0492664+0.0201332j -0.0160803+0.0130668j -0.00709751+0.000672781j -0.00111943+0.0056297j -0.0059499+0.00769543j 0.0201984+0.00969319j 0.0213732-0.0303922j -0.00910698-0.00580849j 0.00386458-0.0119335j -0.000663727-0.00105331j 0.00709199+0.0105762j 0.00401042-0.0142593j -0.00834065+0.0171703j 0.000936277-0.0211034j -0.00689761-0.00643394j 0.00741727+0.0151078j 0.0131203-0.0322331j -0.0120184+0.0571365j -0.0175482-0.00314741j -0.0356935-0.00579065j -0.00129675-0.0115715j -0.00299063+0.016797j 0.0322434+0.00815801j 0.00646822+0.0370262j 0.00109401-0.0221535j -0.0141931-0.00472952j -0.00198357-0.0187416j -0.00464524-0.0106018j 0.0447046-0.0345063j -0.014658+0.0223597j 0.0452233-0.00557619j -0.00142134-0.0183191j 0.00257877+0.0165314j 0.0201653+0.010946j 0.0199462-0.0342643j -0.00897199+0.00354779j -0.0149223+0.0165212j -0.0133763-0.00784541j 0.00581323+0.0206731j -0.0227582-0.0152125j -0.0382482+0.0531379j 0.00192294-0.0473606j 0.0163964+0.0166844j 0.000338004+0.0316406j 0.0112311-0.0262194j 0.044277+0.00704999j -0.0141647-0.0189986j 0.0018205-0.0315137j -0.00560507-0.00966149j -0.0347514-0.0181393j 0.0173551-0.0149068j 0.0258759-0.00585018j -0.0205862+0.0159907j 0.000964484+0.0146894j -0.00610694-0.0299546j 0.0386267-0.0214322j 0.00467061+0.0267641j 0.00467627+0.00957207j -0.0131411+0.0595076j -0.0117609+0.0750641j -0.0288715+0.0126166j -0.0245033+0.00781061j 0.0156593+0.0523292j -0.0136505+0.0245157j -0.0191763+0.0481099j -0.0493938-0.0232268j 0.0143264+0.0184385j -0.0156827+0.0310432j 0.00420907-0.00156733j -0.00310607-0.00536381j -0.00324343+0.01083j 0.0207046-0.0221649j 0.0135745+0.0236022j 
-0.0647916-0.0282734j 0.0317399-0.0757833j 0.000271982+0.0166252j -0.0116642-0.0138614j 0.0312407-0.0165224j -0.0202605+0.0344457j 0.0541726+0.024329j -0.0638018+0.0281213j 0.0342693-0.0279975j -0.00371888-0.0021002j 0.031587+0.025557j 0.0539439-0.0357186j -0.011703-0.0237337j -0.00316873+0.0253026j 0.0192077+0.0172873j 0.00222018-0.0572367j -0.00500173+0.0154385j 0.00406318-0.0281526j 0.0208019+0.0298246j -0.034873+0.010698j -0.00508629-0.0506666j 0.0218383+0.0190588j 0.0144411-0.00679415j 0.0022853+0.0337114j -0.020164-0.0574602j 0.0125816+0.0022132j -0.0269406+0.000525862j -0.0067693+0.00278292j 0.0233126+0.0265647j -0.00628398-0.00262805j 0.00990654+0.0191109j 0.00215174+0.0382627j -0.00548114-0.00846262j -0.041395-0.0197238j -0.0258936+0.0171576j -0.0237234-0.0424442j 0.00841442-0.016664j -0.0445475-0.0168528j -0.0533786+0.00128491j -0.0169316+0.0135989j 0.0139088+0.00238417j 0.0242925-0.0122927j -0.00474728+0.0167411j -0.00096751-0.0331888j 0.0146529+0.0216389j -0.0116664-0.00517845j -0.0171611+0.0183188j -0.018518-0.0220674j 0.0170331-0.0010367j -0.00881801+0.0152216j -0.0154711+0.0155867j -0.00121039+0.0105962j -0.00850308-0.018927j -0.00241741+0.0255866j 0.0140529-0.029584j -0.0243386+0.00360341j -0.0302228+0.00482079j -0.00201839-0.0117627j 0.0354302-0.0103869j 0.00426813-0.00238642j -0.0181742-0.00948778j -0.0114799-0.00140302j 0.0113332-0.000482974j 0.0222678-3.82828e-05j -0.0327827+0.0107464j -0.0175999+0.000651431j 0.0168677+0.0149098j -0.00600851+0.0136627j -0.0259727-0.0132463j -0.0167316+0.0118434j 0.0242478-0.000882802j -0.0372887+0.00273928j 0.0420565+0.0283096j -0.0299891-0.0156482j 0.00306291+0.00403492j 0.00260999+0.036538j 0.0127219+0.00481782j 0.00510368+0.0126488j 0.021564-0.00585492j -0.000135021-0.0363408j -0.0139639+0.0228521j 0.00394539+0.0418361j -0.0482185+0.0376512j -0.0115035-0.0129854j 0.00629101-0.0386145j 0.00106432-0.0191409j -0.00590196+0.00748893j -0.00220441-0.00424746j 0.0336683-0.0218584j -0.0110477-0.0205216j -0.0158208+0.0135786j 0.0121582+0.0142068j 0.0203894-0.00741259j -0.00524746-0.0131841j -0.00346719+0.0109096j -0.00247426-0.0229788j -0.050635-0.0188581j -0.0137193+0.000440508j 0.0387248-0.00367467j 0.011689+0.00859227j 0.0349675+0.0395073j 0.0633766-0.0363946j 0.0464816-0.0243506j -0.0227707+0.0167605j -0.0393009-0.029205j 0.0205797-0.0137961j -0.0185757+0.0368203j 0.0194115+0.00194744j 0.0093841-0.0120277j -0.00831422-0.0254759j -0.0471922+0.047313j -0.0217057-0.0117184j -0.0159651-0.0208658j 0.0130953-0.00566062j 0.00662459+0.0208625j 0.0278941+0.0142053j 0.00451354-0.0424016j -0.0037324-0.0317372j -0.00239196+0.00156126j -0.0130456+0.025626j -0.0331529-0.0238417j -0.00684881-0.0428495j 0.0222718+0.0190107j -0.0260059+0.00172997j 0.0278466+0.0108769j -0.0108212+0.0141995j 0.0232403+0.00369493j 0.0206715+0.0133298j -0.00317708+0.00467249j -0.0204123+0.000425062j -0.0441202-0.0230328j -0.00883517-0.00886465j 0.0258434-0.0403786j -0.0195721+0.0353282j 0.00551147+0.011097j -0.0379142-0.0109305j 0.00235083+0.035433j -0.0224198-0.00127425j -0.0109422-0.00479446j 0.048432+0.0485796j -0.0117257+0.0286033j 0.00819304+0.0455776j 0.00325976+0.00158364j -0.00603331-0.041044j 0.00502259-0.00865761j 0.0187916-0.00229809j 0.00045968+0.0466493j -0.0221116-0.00494058j -0.0180073-0.00201007j 0.0244936+0.0181305j 0.00448023-0.0556379j 0.0263133-0.0164848j 0.0149451-0.00775787j -0.0218866-0.0398344j 0.0190609-0.0387986j 0.0373668-0.00628486j 0.00843338-0.0205434j -0.0341244+0.00912253j 0.00508207+0.00326921j -0.0407799+0.0119996j -0.00970821-0.0510125j 0.0133003+0.0733168j -0.00363941-0.0265949j 0.0201877+0.00759998j 0.0258482-0.00394097j -0.000849847-4.9471e-05j -0.015343-0.00394756j 0.0149716-0.0484453j -0.0449639+0.00090269j 0.0413263-0.00606012j -0.00691097-0.00173004j 0.0187133+0.0102708j 0.00371719-0.0362834j 0.04182+0.013162j 0.00662489-0.0068113j 0.028713+0.0142955j 0.0415344-0.0367022j 0.00158818+0.00754563j 0.0132643+0.00596667j -0.00418789-0.0111972j -0.0548633+0.0483979j -0.00483018-0.00167904j -0.00547959+0.0406249j -0.00815485-0.0101187j -0.0104626+0.0227741j -0.0232545-0.0107006j -0.0413093-0.0148056j 0.0251038-0.0275356j -0.015639-0.00951213j 0.0185972+0.000230094j -0.0147845+0.0288238j 0.0234109-0.00251935j 0.00082923-0.0463442j 0.0143511-0.00653903j 0.0351998-0.0106567j 0.0344034+0.00366101j -0.022186-0.0225224j 0.0180835-0.00862493j 0.00320048+0.0310145j -0.0349578-0.0200224j -0.0312674-0.00879909j -0.00270692+0.0228755j -0.012739+0.00726726j -0.00720928-0.00105276j 0.0173912-0.00890409j 0.00934208-0.0312631j -0.0308006+0.0157618j -0.0149034-0.0348253j -0.0152971-0.037202j 0.029581-0.0173438j 
0.015264+0.0824342j -0.0839566+0.00465718j -0.0144298-0.00164633j -0.00987104+0.00321048j 0.0274674-0.0215298j 0.00057775+0.024623j -0.0690099-0.0303673j 0.0113168-0.0625573j -0.0110968+0.0128636j 0.00910798-0.00494808j -0.0133089+0.030765j -0.0229592+0.00257295j 0.0309121+0.0152208j -0.0180301-0.000859879j -0.0142958+0.0235268j -0.0347959+0.00632045j 0.0185993-0.0318224j -0.00480677+0.0403213j 0.00060658+0.00787025j -0.000910376-0.0369234j -0.0191448+0.00942867j -0.017191+0.0275718j -0.0114443-0.0040386j -0.0256132+0.00191849j 0.0564643-0.0142217j 0.00195141-0.0133221j -0.00440109-0.0103038j 0.0207674+0.00479479j -0.0170818-0.0144286j 0.0244088+0.00939243j -0.00408775-0.0107368j -0.0256667-0.0500955j -0.00108054-0.00139782j 0.0335058-0.0177126j -0.0387373-0.021068j 0.0314621+0.0465705j -0.0102576-0.0421268j 0.00209787-0.00251438j 0.0314905+0.00430577j -0.0231489+0.0530745j -0.000611055+0.0325643j 0.0137256-0.0054573j -0.0011926+0.00775972j -0.00801922+0.025392j -0.0458282-0.0156183j -0.00352689-0.0104477j 0.00825511+0.0139462j 0.0191831+0.00361739j -0.000281123+0.000333764j 0.0201433-0.0226587j 0.0017918+0.0120462j 0.00610732-0.00810524j 0.0126252-0.0263647j -0.0115341-0.00433385j -0.00227416-0.00360917j -0.00708681-0.0260521j 0.0317915-0.038629j -0.0239129+0.00374202j -0.0212637-0.0309077j -0.00912814-0.022156j -0.0108092+0.0191278j -0.0418382+0.0175201j -0.0037291-0.016277j -0.00399529+0.00752314j 0.00812186+0.0351609j 0.0215744-0.0155333j -0.00943366+0.0176782j 0.00261739+0.0115007j -0.00204066+0.0201525j 0.0176704-0.0112513j -0.00389026-0.00914761j -0.0110748-0.00750902j -0.0117153+0.00595643j 0.0166025+0.00407673j -0.00886494+0.0224073j -0.0332728-0.0434738j -0.0171226-0.000332229j -0.0191993-0.00374327j 0.00549184+0.0137958j 0.0146958-0.00206129j -0.00618027-0.0132607j -0.00877742+0.00301793j 0.0220732-0.00972168j 0.019138+0.0144658j -0.0432041+0.0134631j 0.0149754+0.0310379j -0.0186152-0.038688j 0.0428895+0.0189012j 0.0285723+0.0214048j 0.0174266-0.00440817j -0.00936764+0.0096266j 0.0149314-0.0152527j 0.0148224-0.00957576j 0.0334474-0.0054368j 0.0255003-0.0119527j -0.0210525-0.0350316j 0.020354-0.00223845j -0.00558016-0.00172882j -0.00787482+0.0200577j 0.0242665+0.0106711j 0.0120544+0.0132182j -0.0264538+0.0262867j -0.0397842-0.028055j 0.0418522-0.0048953j 0.0108743+0.0343879j -0.0131179+0.0129709j -0.00373785+0.00104435j -0.00655789-0.0400397j 0.00559678-0.0131586j 0.0102392+0.00139051j 0.0148272-0.0222159j 0.0238864+0.0291863j 0.00566348+0.0072639j -0.0322182-0.0327959j -0.000644078+0.00160037j -0.00533612-0.0072108j 0.00940793-0.0188599j 0.00548623+0.00512747j 0.00492632+0.0108643j -0.0224073-0.0196866j 0.00996321+0.0146969j -0.00901396+0.0158147j -0.00734586+0.0305116j -0.00489664+0.000206912j 0.00858997-0.0326182j 0.0192448+0.0188487j 0.0244861-0.00655697j -0.00731016-0.01306j 0.0100309+0.0074923j 0.00889112+0.00694654j -0.0138964+0.0239284j -0.00360541+0.0222462j -0.01113-0.0231082j 0.0284432-0.00511137j -0.0147434-0.0181823j 0.0764266+0.0265415j 0.00110034-0.0247927j 0.0356475-0.0171829j -0.0138649-0.0139157j -0.0290258-0.00143288j 0.0111945+0.00648824j -0.00792171+0.0161925j -0.00480255+0.00648646j -0.00324598-0.0194456j 0.00143758+0.00239814j -0.00249931+0.000841767j -0.00568409-0.000613338j 0.00252128-0.00344742j -0.0148757+0.00052316j -0.00763003-0.0178744j -0.00253811-0.0107632j -0.0116958+0.0142417j -0.0336054-0.0336025j -0.0181579-0.0103753j 0.000859734-0.00236152j 0.00653579+0.0134899j 0.0112673+0.000763665j 0.0241697-0.0283787j -0.0146149+0.00229839j -0.00317195-0.0334029j 0.0238512+0.0398246j -0.0101385+0.0133638j -0.0144986-0.0079443j -0.0145772-0.0129139j 0.0015685+0.0278326j -0.00638703-0.0146551j -0.0502401-0.00774965j -0.0133892+0.00909755j 0.0156355+0.0118107j 0.0502165+0.010558j 0.0149228+0.026636j 0.0344099+0.0225673j 0.0172388-0.0436283j -0.00557182+0.0072571j 0.0367967+0.0198881j -0.0206715+0.0118339j -0.00391394-0.0115944j 0.0172333+0.00906214j -0.0284259-0.0233431j 0.0185674-0.0105146j -0.0253822+0.0156108j -0.00965404-0.0186553j -0.00321135+0.00970031j 0.0158074+0.000703349j 0.0256068-0.00292998j 0.00697404-0.00452927j -0.007001-0.0193312j -0.0134752+0.0293558j -0.0201617+0.0186248j 0.0396351-0.0348882j 0.00425708-0.0160567j -0.0248675-0.0382164j 0.028091-0.0412414j 0.0208205+0.00590729j 0.0329348-0.0107458j 0.0270476-0.00295856j 0.00310894+0.0186804j 0.00612134+0.00384768j 0.00857879+0.0287421j -0.00621242+0.0146155j -0.00705219-0.048906j -0.0156169-0.00733474j 0.030617+0.00768348j 0.0286016+0.00838811j 0.00921063-0.0125414j -0.0196589+0.0206289j -0.00156483+0.0170692j 0.0025498+0.0176406j -0.0159511+0.0169572j -0.0131208-0.00745538j 
-0.000404643-0.0201262j 0.0244541+0.000444277j -0.0147591-0.00544454j 0.0013458-0.0252872j -0.0204758+0.013978j -0.0161063-0.0250726j 0.0160091-0.00394378j -0.0164829+0.027976j -0.00706848+0.000198431j 0.0171294-0.00730059j 0.0297495+0.0323501j 0.0240405-0.0195966j -0.0165301-0.0217218j 0.0335942+0.0502779j 0.00632791+0.00851395j -0.0182677-0.020316j -0.0189114-0.0226227j 0.00360673-0.0290552j 0.00367063-0.00496857j 0.0202371-0.00551353j 0.0134584-0.0214244j -0.0142672-0.00562953j 0.00470115+0.0195052j -0.0108676+0.015383j -0.00631024+0.0467285j 0.0194991-0.00149021j -0.0197422+0.0328124j -0.0115137+0.00494705j -0.00818548+0.000299343j -0.0278094-0.0306246j 0.0048702+0.00229632j -0.00648066-0.00116548j -0.00323461-0.00349728j -0.0221409-0.0179563j 0.00960265-0.0153998j -0.0346139-0.00666721j 0.0109609+0.0248546j -0.0304902+0.00778136j -0.0353155-0.00411282j 0.00361783-0.0110164j -0.0150604-0.0122027j 0.0135513-0.00433511j -0.0013674+0.00964069j -0.0411722-0.0152588j -0.00330223-0.00297422j -0.0430451+0.00739003j -0.00421261+0.00108187j 0.0189161-0.000986764j 0.0172156+0.0119947j -0.0189576+0.00611364j 0.00753469-0.0238398j -0.0017358+0.00195007j -0.0376458-0.00218242j 0.0130408-0.0183652j 0.00368657-0.0223957j -0.0123863+0.0194726j 0.00976318+0.00173886j -0.00542379-0.0137005j 0.0277653+0.02667j -0.0298405-0.00152713j 0.00936663-0.0355843j 0.000595229-0.0359464j 0.0151441+0.0318882j -0.0234546+0.00319908j -0.00166695+0.00374947j -0.0102145+0.0319696j 0.0190411-0.00345977j 0.0133765+0.0138616j 0.0159401-0.036856j -0.0123585+0.0071057j 0.0147768+0.0160283j 0.00593076+0.0283254j -0.0157724-0.00604897j -0.0075593+0.0128592j 0.0185311-0.0178142j 0.0328154+0.0255428j -0.0147253-0.00594842j 0.00249885+0.0275016j 0.006377-0.00804631j 0.000273001+0.0160862j -0.0124774+0.0239675j -0.00519626+0.00544323j -0.0298363+0.0439061j 0.0164562+0.010178j -0.000700729-0.0182236j -0.0218999-0.0173289j -0.00976491+0.00271131j 0.00872812-0.0151259j -0.0227922-0.0421004j -0.0342119-0.00106294j 0.0028164+0.0108144j 0.00632456+0.027098j 0.0152173+0.0157788j -0.020107+0.00214379j -0.0281305+0.0247888j 0.0026524+0.0230408j 0.00821173-0.018437j -0.0125463+0.00391824j 0.00615772-0.0103735j -0.0248214-0.0505496j 0.0070726+0.0142725j -0.00760533-0.0208184j 0.00448326+0.0181407j -0.0411972+0.0235338j -0.0211271-0.0197644j -0.0246522+0.0165836j 0.0100319-0.0297659j 0.0161417-0.00239265j 0.0208909+0.0246559j 0.00352888+0.0226381j -0.0132939-0.0275496j -0.00261101-0.00721764j 0.00215597+0.00835484j 0.013423+0.00751259j 0.010875-0.0125218j 0.0100715+0.0210537j 0.0307096-0.0234216j 0.019498+0.0265244j 0.0184009+0.00186663j -0.00476723+0.0257251j -0.0500462-0.00342936j -0.00771618-0.0339776j -0.015156-0.00929507j 0.0111848-0.0128728j -0.00786326+0.0369119j -0.0234497-0.0273375j -0.0322904-0.0171738j 0.00886564+0.0122659j 0.0195983-0.00176398j 0.00114752+0.0169859j 0.0300201+0.012868j -0.0131586+0.0126338j 0.0168952-0.0298366j -0.0515212-0.00398519j -0.0232142+0.00301859j -0.0554364+0.0199551j -0.03377+0.02091j -0.0212321+0.00769968j -0.0286592+0.0111643j -0.00494045+0.0332407j -0.00467741+0.0219069j 0.00625649+0.0331761j -0.00814863-0.0241022j -0.00493402-0.0377402j 0.0315525+0.0299809j 0.0236471-0.0188797j -0.00132499-0.00613263j -0.0275999-0.00123575j -0.0150753+0.0199196j 0.00500578-0.00624513j 0.0151043-0.0401651j 0.00765866+0.00325041j -0.0105949-0.0288236j -0.0270758-0.0209036j 0.0207944-0.0182175j -0.0148335+0.000606421j 0.0013962-0.00204822j -0.0238213+0.010725j 0.0152112+0.0201134j -0.0283749+0.0248713j -0.00584814-0.00677523j 0.000737921-0.0282869j -0.0426431-0.0105715j -0.0154666+0.0325148j 0.0308487+0.0245365j -0.0237717-0.00527391j -0.0154005+0.023696j -0.0155079+0.00112793j -0.0423236+0.00503003j -0.0348328+0.0312502j -0.0133244-0.0125511j -0.0104109+0.00850373j -0.0628665+0.0854099j 0.0333768+0.0131879j -0.0270459-0.0286427j -0.00146139-0.00528277j 0.0302682+0.0114972j 0.0270336-0.00317843j 0.0274731+0.0223722j -0.0265601-0.0347407j 0.0179601-0.0116094j 0.0560118+0.0141227j -0.00543407-0.0328441j 0.0256055-0.062216j -0.000832817+0.0312335j -0.034844+0.0504362j -0.0380909+0.0415974j 0.0233681+0.0454636j 0.0287816+0.0059531j 0.030584+0.0031886j -0.0240055-0.0338803j -0.022201+0.0100346j 0.0049114+0.040489j -0.0315034+0.0939641j -0.0433744+0.000434616j 0.00887501-0.0358039j 3.62113e-05-0.0355376j 0.027606-0.0200268j 0.00986126+0.0246855j -0.0165963-0.00130771j 0.00713025-0.00583724j 0.0323653-0.0509798j 0.0581651-0.0324113j -0.0206901-0.0105076j -0.0126782+0.0542271j 0.0755599+0.00441289j -0.0285032+0.00692336j -0.00829566-0.0304005j -0.0409522+0.0591269j -0.0480585-0.0545908j 
-0.0509412+0.0344851j -0.0284039-0.0585658j -0.0149978+0.0119269j -0.0136277-0.0353543j 0.00655416-0.0324011j 0.0236908-0.0106769j -0.00737678+0.014714j -0.0718192+0.014016j 0.0332642-0.00438681j -0.0436007-0.0284885j -0.00745695+0.0152298j -0.0133755-0.00206459j -0.0306725+0.0182728j 0.0274371-0.00157736j -0.0152737+0.03083j -0.00358334+0.00260559j 0.0493981+0.0290457j 0.0137663+0.0200936j -0.00923092+0.014276j 0.000914072+0.00734922j 0.0187131-0.0368146j 0.0321974+0.0529517j -0.0286003-0.00389998j 0.017902+0.0316112j -0.00217063-0.0047272j 0.0203005-0.017512j -0.00979217+0.00515631j -0.0323295-0.0130793j 0.0239206+0.00368317j 0.00122278-0.0231314j 0.00488079-0.00945982j -0.0141565-0.003392j 0.0222096-0.0195048j 0.00643732+0.00158628j -0.00432138+0.0330681j -0.0129007-0.00619053j -0.00278015+0.00508355j 0.0182994-0.0277033j 0.00228944+0.00614692j -0.0239721+0.00203429j 0.0220271+0.0275615j -0.0184388-0.02936j -0.0136245+0.0220019j 0.012426+0.00189472j -0.0196191+0.017771j 0.0158135-0.0222159j -0.0131258-0.000243078j -0.0166804+9.81657e-05j 0.0196446-0.00126065j -0.0323566-0.00360683j 0.00200537-0.0167968j 0.0119251-0.0215476j 0.00188405-0.00765202j -0.0158304+0.0019375j 0.0166905-0.0115457j -0.0204467-0.00400254j 0.00202411+0.0153711j -0.0187089-0.00471449j -0.0104816-0.0129819j 0.00474663-0.00570018j -0.000933674+0.018982j -0.0179017-0.008102j -0.0279789-0.0175255j 0.00960759+0.0148976j 0.0130396+0.00566051j -0.00344192-0.020667j 0.0161157+0.00651923j -0.0148891-0.0330527j 0.0117009-0.0182452j -0.0127361-0.0395705j -0.0167142-0.0119956j -0.00937057-0.0037241j -0.0123962+0.011816j -0.0208864+0.00200241j -0.0213548-0.00985131j 0.00164482+0.00471029j 0.0257855+0.00307519j -0.00038122+0.0108935j -0.0184609+0.0165845j -0.0192136+0.00519292j -0.0119931-0.0143168j 0.0114272+0.00381438j -0.0129644-0.0140446j 0.0229335+0.00375123j 0.00171489-0.0090717j 0.0329059-0.00443076j 0.00399303+0.00184692j 0.0100359-0.0154329j -0.00254165+0.0254108j 0.0215505+0.00253182j 0.00682611-0.0143805j -0.0219722-0.000390302j -0.00879622-0.0206882j 0.0140193+0.0194314j -0.00104595+0.00497735j 0.0101502+0.00215548j -0.00636243-0.000474828j 0.00511165-0.0022489j -0.00504294+0.00261334j 0.00578421+0.0151218j -0.00544818-0.00788631j 0.0150804+0.00179705j 0.00900973-0.00456163j -0.0239203-0.00463287j -0.0333279+0.00368595j 0.0234667+0.0168894j 0.00620267+0.022437j 0.00891869+0.0111475j 0.00948163+0.00506297j 0.0248474-0.0214422j 0.0164143-0.00157734j -0.00768233+0.00627728j -0.0353048-0.0133622j 0.0244115+0.0259232j -0.00983274+0.0190292j 0.0250952-0.0217054j -0.00629375+0.0233703j -0.0069693-0.00437019j -0.00792627+0.0327891j -0.00655545-0.0101503j 0.0282751-0.0193642j 0.0162178-0.0121102j 0.0141183+0.0131623j 0.00233833+0.0111671j 0.00725159-0.0051123j -0.0223663+0.00487947j 0.0261853-0.0206688j 0.0151532+0.0221112j 0.0209765-0.014457j 0.00665901+0.00726244j -0.0111905-0.0145704j 0.0043668+0.0300581j 0.0395521-0.0171992j 0.0351165-0.00109722j 0.0507005-0.0226834j -0.0191256+0.00657771j -0.00912182-0.00678388j -0.00327501+0.0114413j -0.0164486-0.0141819j -0.0233227+0.0155266j 0.0191666+0.0229533j -0.0283255-0.00985616j 0.0274168+0.0192632j 0.0160136+0.00883497j -0.0432321-0.0405386j -0.00282743+0.0189134j -0.0143001-0.0135368j 0.0114674+0.0248568j 0.0238474+0.00555492j 0.0137908+0.0294703j -0.0169958+0.00472108j 0.0067129+0.0469891j -0.0179986+0.00453082j 0.0243237+0.00982875j -0.00921086+0.00894653j -0.0063818-0.0137052j -0.0125936+0.0198962j -0.0191034+0.0370046j -0.00698884+0.000473162j -0.0198869+0.0262697j 0.0153462-0.00915046j -0.00797202+0.0285126j 0.0198011+0.00963099j 0.01253+0.00562382j 0.0314758+0.0462839j 0.00894013+0.00960818j 0.013447-0.0179717j 0.0261546+0.00640196j 0.013246+0.0275004j 0.00369889+0.0291357j 0.0275702-0.0198239j 0.0073076+0.00386172j -0.00696678-0.0208649j -0.0121853+0.0298077j -0.0297665-0.00540916j 0.00907346-0.00208352j 0.033271-0.0212842j 0.0229857+0.0145716j 0.0186805-0.0337933j 0.0146321-0.0259938j 0.0333584-0.0192595j -0.00651858-0.00238948j -0.0173454-0.0454595j -0.00548199+0.0105853j 0.0746359-0.0561077j 0.0273834+0.024554j 0.0635342+0.000114424j -0.00135321-0.0409938j 0.0354533-0.00899869j 0.0102312-0.0250072j -0.00983049-0.0105768j -0.0541199-0.00410599j -0.0104246-0.0163086j 0.00298306+0.00345055j -0.0585336+0.014975j 0.0234709-0.0175682j 0.00233957+0.0366638j -0.0341975-0.0300112j 0.00297769-0.00567977j 0.00731837+0.0038981j 0.0104965+0.005411j -0.00249936+0.000853994j 0.0255219-0.0299825j -0.020554+0.0147308j -0.00650488-0.00143109j 0.0170934+0.023224j -0.0165436+0.0273613j -0.00940869-0.00541619j -0.0402548+0.00120764j -0.000800483-0.0396959j 
-0.0491818-0.061155j 0.0560426-0.0534701j 0.018026-0.0101929j 0.013273+0.00911969j -0.00910986-0.0122514j 0.0127255+0.00356138j 0.0436145+0.0160443j -0.0247201+0.031167j 0.0162747-0.00352567j 0.00520476+0.00913082j 0.0274258-0.00354394j 0.0398884-0.0301936j -0.0195834-0.00761153j 0.0121353+0.0175146j 0.0182371+0.0105723j -0.00880324-0.0416566j -0.0354302+0.0197596j 0.0140908-0.0248273j 0.0252888+0.0106909j -0.0219493+0.0229023j -0.0029721-0.0127597j 0.00769852-0.00722266j 0.0117669-0.00161413j -0.00207433+0.0309264j -0.0323774-0.0346567j 0.0233439-0.000466929j -0.023455+0.000611123j -0.00741726+0.00408239j 0.0178909+0.0179206j -0.0269349-0.0025274j -0.0075524+0.000804025j 0.0089998+0.0313215j 0.00826342+0.00509878j -0.0161448-0.0163004j -0.00330007-0.00681747j 0.00839384-0.0340939j -0.00707356-0.0100831j -0.0343127-0.0178424j -0.0502836+0.00288615j -0.0169207-0.00591971j 0.0188453-0.0100798j 0.00723808-0.0175737j 0.00238673+0.00288787j -0.000264457-0.019552j 0.00442136+0.0299202j -4.34011e-05+0.00756086j 0.00800915+0.00238269j -0.00499492-0.000909774j 0.00620436-0.0177197j -0.0153613+0.0152928j -0.0136726+0.00595481j -0.0182411+0.0057674j 0.00551009+0.0145391j -0.000514858+0.00761272j 0.0052547-0.00722714j -0.0200864+0.00548809j -0.0110412+0.00864095j 0.00564073-0.0128211j 0.00862448-0.028619j -0.00208094+0.0092359j 0.00300924-0.0225239j -0.0160935+0.00747455j 0.0317816+0.0112228j 0.0130493+0.00211126j -0.0118036+0.00136139j -0.00454804-0.00740692j 0.0309726-0.000735693j 0.00128559+0.033011j -0.0259887+0.0132197j 0.00633809+0.00862749j 0.000681532+6.84649e-05j -0.00876418-0.0225202j 0.0238185+0.00545522j -0.0116691-0.0270344j -0.00726331-0.0283658j 0.0244277+0.0135169j -0.0198707+0.0158614j 0.00350819-0.00554563j 0.0114032-0.00983677j 0.0181018-0.0157856j 0.00719377+0.00193408j -0.000268175+0.0125302j -0.0158604+0.00665052j -0.0147645-0.0206736j 0.00488331-0.0149722j -0.0314247-0.0359937j 0.0007595+0.032319j 0.00533723+0.00345268j 0.0130721+0.000314719j -0.0167893-0.0220112j -0.00718455+0.00906624j 0.0126365-0.00308719j 0.0196714-0.00557703j -0.00250987-0.0155266j -0.0118204+0.0457107j -0.0101869-0.0207847j -0.0287537-0.0284869j 0.00351321-0.0237839j 0.0317372-0.0387363j 0.00157883+0.0164847j 0.017988+0.010541j -0.0177744-0.00564525j -0.00167353-0.00257694j -0.027484-0.0290847j -0.0255447-0.0106646j 0.0568188+0.0219499j -0.0357417+0.0103536j 0.0353071-0.00287427j 0.0194297+0.016061j 0.00652457+0.0231753j 0.00420781+0.0116185j -0.0053389-0.0149575j -0.0134155+0.023414j 0.0291181+0.0323077j 0.0290519+0.00537938j 0.0102298+0.0208505j -0.0172923+0.0109673j 0.0106195-0.0366026j -0.0334639-0.00331237j -0.0206145+0.00186103j -0.0169723-0.0225522j 0.00673988+0.00557011j 0.0216452+0.0140214j -0.00640938-0.00901049j -0.00783252-0.0055212j -0.0287412-0.00452215j -0.0131545-0.02097j 0.00560369-0.00306373j 0.000709758-0.00900032j 0.00426639-0.00816902j -0.00709753+0.0109624j -0.0144314-0.0152684j -0.0168725+0.0155567j 0.0253339+0.0079793j -0.018693+0.00039627j -0.024854-0.00489516j -0.0207985+0.0221614j -0.0355618+0.0302193j 0.0120426-0.0479211j -0.000672818+0.0104252j 0.0360127-0.00940897j -0.013506+0.0106008j -0.0108398+0.00393944j -0.0152402-0.00620373j -0.0208228-0.00596299j -0.0102917-0.0252948j -0.0524638-0.00131357j 0.000748296-0.0257768j 0.00741775+0.00904849j 0.0209893-0.00980965j 0.0172232+0.00540847j 0.023508-0.0117341j -0.0253418-0.0176316j -0.00798916+0.00550561j -0.0107251+0.00722388j 0.000166787-0.00546365j 0.00479748+0.0158725j -0.00466764+0.0415052j 0.00279026-0.0159737j 0.00578395-0.0168948j 0.00960525-0.0285512j 0.000256696+0.0386099j 0.0097933-0.0198588j -0.011083-0.0468738j -0.00771083-0.017983j -0.0344512-0.0242774j 0.0232727+0.0277662j -0.00775061+0.0203014j 0.0415072-0.00395608j 0.00127568+0.00455043j -0.0142043-0.00650012j 0.0242951-0.00813869j 0.00499641-0.01049j -0.033711-0.0017579j -0.0263322+0.00571514j 0.0228942+0.000481877j 0.0283635-0.0409365j 0.00148091-0.0243873j -0.00246081-0.00511898j -0.0360866-0.00961732j -0.0317832+0.0068532j -0.02779+0.0200996j 0.0225646+0.0395099j 0.0381831-0.00186865j -0.000199855+0.00868202j -0.0084662-0.0133341j -0.0175914-0.0204311j -0.00552085-0.0353425j -0.0427307-0.0163017j -0.0122646+0.0154337j 0.0056879+0.0226399j -0.015703-0.00816516j 0.0106979-0.0476834j 0.0126469+0.0111513j 0.00481575-0.0294157j -0.0276738+0.00742321j 0.0213705-0.0236048j 0.0345895+0.040862j 0.0108275-0.0205192j -0.0398537-0.0290645j -0.0455422+0.0316293j 0.00531844-0.0166314j -0.0283361+0.0325727j -0.00572032+0.00148258j 0.0306034+0.0184266j -0.0114807-0.0287023j -0.0281073+0.00114749j -0.00337218-0.0177645j -0.00623248-0.0324111j 0.0270351-0.00762736j 
-0.0189682-0.0123717j 0.017681-0.0194412j -0.00514337+0.0325134j -0.0270644-0.00499814j 0.0253153+0.00926081j -0.0127138+0.02506j 0.0131576+0.017266j -0.0101488+0.0199039j 0.00721094-0.00659595j -0.0352275-0.0039258j 0.00311455-0.0134022j 0.00878965+0.00630947j 0.0133699-0.00800521j -0.0087006-0.0218982j 0.0272138-0.00783184j 0.018401+0.00655242j 0.0270998+0.0318923j -0.00932881-0.0203351j -0.0187023+0.009085j -0.00244941+0.0149621j 0.000472818-0.00263617j 0.0272844+0.0087042j -0.00441119+0.00771081j 0.0166147+0.0048699j -0.0339865-0.0321281j 0.00477976-0.000636276j 0.0236798+0.00756234j -0.00511499+0.0093429j 0.03341+0.0193363j 0.0150834+0.00148978j 0.0170393-0.00717165j -0.00328645+0.00911811j 0.00782738+0.00768028j -0.009908-0.00952042j -0.0132921+0.0329774j -0.00629241-0.00456481j 0.00343273+0.0109904j 0.00992738-0.0118924j -0.0224487+0.0182053j -0.00787679-0.012298j 0.0198155-0.00462113j -0.00668523-0.0120694j -0.00964101-0.0179916j 0.022198-0.0197179j 0.00585682+0.0262955j 0.0272906-0.00287841j -0.000652667-0.00917596j -0.0297271-0.0171313j -0.00693261+0.00714854j 0.0128933-0.00574786j -0.025195-0.00476415j -0.0195424-0.0085632j 0.0285085+0.00364213j -0.00447923+0.0109643j -0.00642189+0.00464271j -0.0070578-0.00499943j -0.0123196+0.0276153j -0.0090325-0.00301129j 0.0177981-0.00157734j 0.00612629+0.0132031j -0.00678733-0.00700199j 0.00712851+0.0096307j 0.0088396+0.00912657j 0.0102599+0.0033037j -0.00605042+0.00426129j -0.00363544-0.0255362j -0.0249322+0.01445j -0.00779521-0.0280897j -0.00994082+0.00583204j -0.0105721-0.0154871j -0.0107773-0.0211193j 0.00138569+0.00062941j 0.0133528+0.00103886j -0.0116086+0.000212646j -0.0195472-0.0163244j 0.0156637+0.0157287j 0.0177068+0.0108592j 0.0297909+0.000873345j 0.017358+0.020589j -0.00485924-0.0285142j 0.00253329-0.0117246j 0.00615908+0.00518077j -0.0207588+0.0162779j 0.000136329+0.00631479j 0.0262616-0.0144458j 0.0228781-0.00303006j 0.0159449+0.0215377j 0.00173941+0.0223094j 0.0031944-0.00859184j 0.03067-0.00551307j -0.0152408-0.0141167j -0.010727+0.00583329j -0.0253115-0.0137824j -0.00305128-0.0109956j 0.0115648-0.0176464j 0.000664621-0.000102051j -0.0172904+0.00915011j -0.00720798+0.00647047j 0.0163533+0.000500362j 0.00572865+0.0261221j -0.000815066-0.0013113j 0.0252562-0.0124819j -0.00247088-0.0113636j -0.0258769-0.0174745j -0.0217848-0.0280664j 0.0085966-0.0112266j -0.00625154+0.00146856j 0.00120862+0.00424771j 0.0134262+0.0142451j 0.0107187-0.0121237j -0.0132904+0.0384534j -0.0225001-0.0122022j -0.00156694-0.034077j 0.0245401+0.0129322j -0.0189616-0.000329829j 0.0219967-0.0201804j -0.0196521-0.000705887j -0.0151887+0.00800061j -0.00290852+0.00053253j 0.0339895+0.0165004j 0.0141035-0.004182j -0.0126645-0.0197451j 0.0141115+0.000198958j 0.00520425+0.0123875j 0.0273204+0.023123j -0.00318355+0.000224239j 0.0227443+0.0279522j 0.0166692+0.0226871j -0.0160711-0.00665763j -0.00142042+0.0177208j 0.00336799-0.023263j 0.0382172+0.00632754j 0.0128591+0.00463464j 0.0224039+0.0212076j 0.00994558-0.00980629j -0.0131507-0.0112747j -0.0113693-0.0126501j 0.00157393+0.031593j 0.0220705+0.0154892j 0.0161665+0.0294556j -0.00630466+0.0166547j -0.0133383-0.00828362j 0.0185877-0.0129176j 0.0219798+0.0114021j 0.00796294-0.0318655j 0.00971941+0.00674105j 0.00961184+0.0349222j 0.0118938+0.00583272j 0.00191714-0.0186428j 0.00250404+0.0140699j -0.0394939+0.0101043j 0.00230547-0.0215283j 0.0211917+0.0157371j 0.0167818+0.00613762j -0.0104037-0.003025j -0.00902002+0.00637812j -0.0174095+0.0214728j -0.0302116+0.025232j -0.000132158-0.0112334j -0.00720875+0.00522977j 0.00326228-0.0332945j 0.0216688+0.00519996j 0.0228264-0.00200736j -0.00210029+0.00852539j 0.0341659+0.0142259j 0.0417237+0.0115026j 0.0100769+0.000331773j 0.0194509-0.0293149j -0.00561797-0.0173622j 0.00598677-0.0170206j -0.0087764-0.0310745j -0.0026474-0.00257677j 0.00849038-0.0169747j 0.00746367-0.00336135j -0.00578198-0.0160647j -0.028139+0.0222101j 0.0223954+0.00388552j -0.00126657+0.012097j -0.0147391-0.0285549j 0.0226306+0.00694977j 0.0224627+0.0307389j -0.00412851+0.0136643j 0.0335347-0.0171795j 0.000915561+0.0481964j -0.0106693-0.0264652j 0.00676132+0.00920009j -0.0076177+0.0020818j -0.0258776-0.0163617j -0.022365+0.0213936j -0.0149407+0.00205342j 0.0188858-0.0147125j -0.0105653-0.0256644j 0.00321636+0.0452773j -0.0131297-0.0321675j 0.0125834+0.00945668j 0.00353765+0.0121779j -0.0131812+0.024146j 0.00772036+0.0039427j -0.0251258+0.0238028j 0.00857191+0.0185484j -0.0197065-0.00788466j -0.00188372+0.0116278j -0.0064284+0.0382896j 0.0438962-0.00984895j 0.00486432+0.00283992j -0.00171602-0.00813941j 0.000879502-0.0130658j 0.0241999+0.00665759j 0.0459995+0.0130938j -0.0228562+0.0504664j 
0.0302521-0.0044152j 0.00267585+0.0303353j -0.00812948-0.0207191j 0.0225812-0.00186555j -0.0149745+4.52062e-05j 0.000277793-0.00873053j 0.00662498-0.011504j 0.00748856-0.0113487j -0.00799797+0.013597j 0.0312573+0.0118804j -0.00206971+0.0209563j 0.0084972-0.00756854j -0.0189801-0.00906792j 0.00103883+0.0162618j -0.0140573-0.00809889j -0.00100904-0.0233478j -0.0188774-0.0418246j 0.0195531+0.0107059j -0.00606977-0.0174244j 0.0183576-0.00979489j 0.00156819-0.00366641j -0.0308938-0.0181749j 0.0188834+0.00511608j -0.0215011+0.00129102j 0.0286235+0.0317874j -0.0120721-0.00554194j -0.00645631+0.00481437j -0.000759691-0.0115144j -0.0123211-0.0144237j -0.0116982-0.0173225j -0.000593334+0.0102981j 0.00613519-0.0191298j 0.005554-0.00966893j -0.0252272+0.00309848j -0.00722512-0.0220113j -0.0363619+0.0140098j 0.0125367-0.00915689j 0.00719572+0.0247207j 0.000389232+0.010006j 0.00630864+0.00721863j -0.0061707+0.00181483j -0.0128542-0.00537477j 0.00143715+0.011337j -0.0205752-0.00215332j -0.00441561-0.0267932j -0.0220855+0.0132638j 0.011232-0.00165003j 0.0155456-0.0118323j 0.00690214-0.0142985j -0.0113938-0.00226665j 0.0137756-0.000447715j 0.0218936+0.00153776j -0.0131184-0.0162675j 0.0136491-0.00899398j 0.00434288-0.0119758j 0.0158829-0.00247463j -0.0116828-0.00647054j 0.00535834-0.00189281j -0.0309699+0.0246733j -0.00643778-0.00336778j 0.00556153-0.0244073j 0.00427539-0.00879704j 0.000616053+0.00580533j 0.00866123-0.00814615j 0.0173648+0.0205376j 0.0132112+0.0272544j 0.00190299+0.00264712j -0.00090996+0.0086835j -0.00122174-0.00296587j -0.00373317+0.0180743j 0.0168251+0.0101635j 0.00215819+0.0154806j -0.0130173+0.0170721j 0.00686099+0.0170416j 0.00350926+0.0060294j -0.00641788-0.0260874j -0.0227849+0.00696215j -0.0101019-0.000800048j 0.0244948-0.022463j 0.000614693+0.00141042j 0.00922278+0.0209268j -0.00739624+0.0032972j 0.0195664-0.00247039j 0.00971123+0.00862333j -0.0175855+0.00075107j -0.0107327-0.00348525j -0.0155369-0.00340877j 0.00833965-0.0066718j 0.000771972+0.00402077j -0.0234271-0.0152612j 0.0285764-0.00132689j 0.00787024+0.0313491j 0.00478446-0.00636619j -0.000413012-0.0252945j -0.0144214+0.00435656j 0.0122158+0.00255052j -0.00859955-0.0118265j -0.00823856-0.0121707j 0.00974754+0.0178218j -0.00277532-0.0351052j -0.00889785-0.00370662j -4.55641e-05-0.011182j -0.020143-0.0126163j 0.00920189+0.00586434j 0.0123195+0.00848202j -0.0136073-0.007648j 0.0096937-0.0108061j -0.0033627-0.00700395j -0.0324643-0.00419629j -0.0253314-0.015424j -0.0119234+0.00845239j -0.0181956-8.05587e-05j -0.00436845+0.0112139j -0.0382191-0.0381612j 0.00744916-0.00715696j 0.00478929-0.0109979j 0.00906358-0.0317672j -0.00419085-0.00434251j 0.012495+0.00280762j -0.0265718+0.0135148j 0.00254817+0.0160224j 0.0227065+0.000228642j -0.00258443+0.0155567j -0.00541129-0.000709029j 0.0103355+0.0210217j 0.0313399-0.00193023j -0.00441475-0.0116658j -0.0232148+0.0137045j -0.0129315+0.0270407j -0.0109377-0.00405166j 0.00245163-0.00469282j 0.000652619-0.00575463j 0.00511915-0.0101313j -0.0162069-0.00247321j -0.00263527+0.0284607j 0.0150689+0.0158179j -0.00820738+0.00287916j -0.00662932-0.0172713j -0.0140535+0.00662053j 0.0196296-0.00891733j -0.025271-0.0115887j -0.0038809+0.0257155j -0.00946801-0.002715j -0.0156075-0.0234708j 0.0297443+0.0131562j 0.0156756+0.0367161j 0.0159581+0.00410634j -0.0058453+0.00175908j -0.0218177-0.013276j 0.00651709-0.00705141j 0.00596395-0.0389767j -0.0153239+0.0257264j -0.0110086+0.0146661j -0.0138112-0.0401208j 0.0455045-0.0278605j 0.0219621-0.0116785j 0.0136167-0.0178715j 0.0185136-0.0194636j -0.0284928+0.015106j 0.0389261-0.00357069j 0.018756+0.00448826j -0.00445479+0.00540544j -0.00476404-0.000312298j -0.0255717+9.47528e-05j -0.0149572-4.54352e-05j 0.00275705-0.00583133j -0.0691138+0.00381702j 0.0018214+0.000227382j -0.0307491+0.0418377j 0.0121704-0.0232621j -0.0330039+0.00214023j -0.00916348+0.0310456j 0.0113748+0.0172758j -0.0032557-0.0012163j 0.00455777+0.00375783j 1.85644e-05+0.00917247j -0.0262064-0.0295668j 0.00234153+0.000404108j 0.00900661+0.000452109j -0.0382579+0.0130502j -0.0116133-0.00664647j 0.0151265-0.0359102j -0.0172539+0.0308105j 0.0105491-0.0529022j 0.0105376+0.0112632j -0.0156167+0.0146458j -0.00328001-0.0160295j 0.022919+0.0337029j 0.0164438-0.0105669j 0.0339335+0.0307196j -0.0490485+0.00459832j 0.0130981+0.0204968j 0.0140667-0.050319j -0.00707504+0.0413602j -0.0176838+0.0153985j 0.0312802-0.018757j -0.00997063-0.00286532j 0.00363999-0.0139917j 0.00691898-0.0120441j -0.0191299-0.0126836j -0.0261799+0.0136292j 0.00756043+0.0103719j 0.0168455+0.00663798j 0.00541629-0.0125808j -0.0181093+0.0254987j 0.00532638+0.0140876j -0.0462847+0.0333781j -0.0198335-0.0212428j -0.0401784+0.0158365j -0.0099729-0.0415987j 
0.0083323-0.0126105j 0.00735403+0.016843j -0.025581+0.0163982j -0.0115507-0.0213295j 0.00700027+0.015602j 0.00271941+0.0153364j 0.008828-0.0306583j 0.0110005+0.00580142j -0.0052014+0.00687807j 0.00680203+0.0184847j -0.00488152+0.00201795j 0.0215476+0.00285961j 0.000500296-0.00410547j -0.0119525+0.00636673j -0.0027191-0.00794511j 0.000833034-0.0146448j 0.000314737+0.00130909j -0.0152961-0.00358304j 0.0108287+0.0148476j 0.0105245+0.00204541j 0.0305305-0.00619457j 0.00453881-0.00201454j 0.0065392+0.0107801j -0.000950209-0.00518125j -0.0256734+0.0145091j -0.00327968+0.0124298j 0.0163237-0.00123961j 0.000249478+0.00454135j 0.00458787-0.00277588j -0.0127042-0.0204324j -0.00197889+0.000188857j -0.00533392+0.00287056j -0.00134039+0.0100053j 0.00215106-0.0112382j 0.00399413-0.00325047j -0.0211821-0.0153901j 0.00526961-0.00342584j 0.0042633+0.0146514j -0.0224316+0.00351931j -4.34246e-05-0.014979j 0.0033574-0.0188907j -0.0140503+0.0076047j 0.00332625+0.0155229j -0.00336795-0.00107238j 0.0100802+0.00119979j 0.014919+0.00332044j 0.00832381+0.0250374j -0.00401721-0.0212695j 0.000885282+0.0218588j -0.00538745-0.0129464j 0.00826216-0.00306059j -0.00164436-0.00461583j 0.0281477-0.0163107j -0.000476094+0.0170189j -0.000291595-0.0106924j 0.00743428-0.00156782j -0.00994522+0.00508033j -0.00129623-0.0164838j 0.00323078+0.0192886j -0.0092977+0.00617867j -0.00248357-0.0088947j 0.00845508-0.0105251j -0.00183225-0.0149367j -0.0057159-0.00137239j 0.017105+0.00794896j 0.000752113-0.000863651j 0.00251018+0.00671219j 0.0143806-0.00994377j 0.0192764+0.00208036j 0.00856376-0.00118027j -0.000177659-0.0186495j -0.00759671+0.0108001j 0.00591346+0.00431157j 0.000499502+0.0111474j 0.0068618+0.0026365j 0.00481927-0.00175517j -0.00902307+0.010902j -0.00421144+0.0170474j 0.00706017-0.0168455j 0.0147628+0.00622964j 0.0026844+0.0230706j 0.00160321+0.0259247j -0.00304956+0.00351814j 0.0281379+0.00605721j -0.02224-0.00965148j -0.0232951+0.0127779j -0.0141088+0.0138895j 0.0201758-0.00494991j 0.00894294+0.0128582j -0.0109799-0.00299115j -0.0205354+0.0232116j 0.00896368+0.0259518j 0.00531769-0.0177694j 0.0127519+0.0167572j -0.002712+0.0183093j -0.0135386+0.00799842j -0.0381371+0.00324859j -0.0143402-0.0217749j 0.0077682+0.00379761j 0.0116251-0.022756j 0.0144342+0.023401j -0.00549806-0.00603067j 0.0184612-0.0139994j -0.0300375-0.017115j 0.0014081-0.0146878j -0.00615011+0.00303352j -0.00860859-0.0048029j 0.0150332-0.00883364j 0.00222596-0.00988404j -0.00294595-0.0289688j -0.0153917-0.0039142j 0.0113685+0.00182168j -0.0028428-0.0206748j -0.00497416+0.00653209j -0.00406472-0.00795978j 0.000633648-0.006478j -0.000236726-0.000565882j -0.0092485-0.00538188j -0.0183378-0.0213288j 0.0107269+0.0101848j -0.00671823-0.0041834j -0.00599711-0.0183637j -0.0223698-0.0121516j -0.00362968+0.00331932j -0.00692223-0.00702335j -0.00407269-0.0121819j 0.0357373+0.00678964j 0.0253208+0.00378134j 0.00118946-0.00102539j -0.00085587-4.05087e-05j -0.00602746-0.0121882j 0.00106006+0.00550116j 0.00398336+0.00308202j 0.00309364-0.00299624j -0.000279149+0.00511502j -0.0055162-0.0134468j -0.0143337-0.0203886j -0.0113338+0.0339913j 0.0123147+0.00595468j 0.0241709-0.0163551j -0.0215695-0.000258574j -0.0199069-0.00388004j 0.0105838-0.00620376j 0.014555+0.0117616j 0.0137535+0.00512684j 0.0256032+0.000531391j -0.0160358+0.017117j 0.0104529-0.0143708j -0.0101344+0.00261853j -0.00655553-0.0105518j -0.0340438-0.0117261j -0.00915157+0.00591583j -0.00377297-0.00154268j -0.00733919-0.0159676j -0.00277297-0.00304165j -0.00245909+0.0192488j 0.00895097-0.0117982j 0.00157411+0.0098679j -0.00703057-0.0126571j -0.00519665+0.0130633j 0.0100988+0.00386391j 0.013647-0.0208951j 0.027728+0.0149616j -0.00324374-0.00476641j 0.0299104+0.00277489j 0.00595097+0.0131202j -0.00312163+0.0196649j -0.014846+0.0208504j -0.00241313+0.0124631j 0.0332157-0.0309247j -0.00956015-0.0100187j -0.0149776+0.0317441j -0.00413503+0.0016276j -0.0106665+0.0290935j -0.0145999+0.00586001j -0.0139016-0.0162443j 0.0147662-0.0041006j 0.00211636-0.0165165j -0.0186092+0.0202098j -0.0174084+0.00242648j 0.00429938+0.0129418j 0.0140533+0.0034025j -0.010569+0.0112996j -0.0157025-0.00955728j 0.00149005+0.00091419j -0.00146304+0.00345593j 0.00250604+0.00528177j -0.0128157+0.0156365j -0.000191884+0.0139413j 0.00531666-0.029506j -0.0195552-0.00259143j 0.0173197+0.0108769j 4.4108e-05+0.0120854j -0.00849604-0.030644j -0.0164316+0.0227581j 0.00533497-0.00300613j 0.00233975+0.000610813j -0.0188524-0.0162465j -0.0049449+0.0086347j 0.0326909-0.010202j 0.0212928+0.00569862j 0.00317226-0.000226323j -0.00393294-0.0049195j 0.00569379-0.00559078j -0.00303699-0.0171396j 4.49952e-05-0.00179609j 0.0285488-0.00749758j 0.00252032+0.011098j 0.00194338+0.00215823j 0.00665309+0.00776549j 
0.000604169+0.00450004j -0.0152181+0.00188274j -7.17642e-05-0.0175865j 0.0222164-0.00161694j -0.0133476-0.00546175j 0.0134152-0.0134806j -0.00679939-0.00327172j -0.0105182-0.0094529j 0.0137148+0.0154478j -0.00316771-0.0038464j -0.00299588+0.0167636j 0.00579325+0.0161229j -0.0273854+0.0201895j -0.00338363-0.0147723j -0.0149105-0.00925723j 0.0083266+0.000307091j 0.00784086-0.00199485j 0.00709964+0.0126558j -0.00476315+0.014566j 0.0216321+0.00331993j 0.0204389-0.0144281j -0.00905916+0.000696196j -0.0152393+0.00669693j 0.00992104-0.00132866j 0.0290088+0.0289414j -0.00671303-0.00956514j 0.0151322+0.00600576j 0.0114128-0.0255162j 0.00157734-0.00618023j 0.00368768-0.00988906j -0.00245981-0.0160044j 0.0130139+0.0035138j 0.00074821-0.00697162j 0.00699339+0.0113623j 0.0165067-0.00446962j -0.00589089-0.00331964j 0.0200136+0.00351404j -0.00381346-0.0043505j 0.0238607-0.0145499j 0.00334609+0.0148204j 0.000849918+0.0202647j -0.014102+0.0206431j -0.00484926+0.000704157j 0.0020246-0.0141556j 0.0095252-0.0125372j -0.0220969-0.0134542j -0.00704197+0.00588494j 0.0147689+0.0105245j 0.0282306-0.00546333j -0.0250735-0.00473546j -0.00179136-0.0212637j 0.0030572-0.0286864j 0.00855225+0.00613041j 0.0116529+0.0124009j 0.00875384+0.0107773j -0.00995184-0.00232857j 0.00941461+0.000280647j -0.00505052-0.0011284j -0.00594341+0.00201507j 0.00512597+0.00286464j 0.00047258+0.0198849j 0.0045452-0.00428231j -0.029085-0.0277909j 0.00713336+0.00596985j 0.0151008-0.00974291j 0.00470189-0.00862087j 0.00514527-0.00780501j -0.00617067-0.011719j 0.00136768-0.0162295j -0.0200006+0.000743273j -0.0161461+0.0205154j -0.0035215-0.00444247j -0.0180698+0.0283567j 0.00791407-0.0107015j -0.000706083+0.00450695j -0.00159606-0.00761587j -0.0163201-0.0255404j -0.0168489-0.0184617j -0.00586538+0.00622308j 0.00752634+0.0066883j -0.00954976+0.00755175j 0.0118439-0.0173998j 0.00499249+0.004854j 0.00581836-0.00376298j 0.00398242-0.00353288j 0.0308825+0.0111603j 0.00544094-0.0173076j -0.0146156-0.000866108j -0.0130112-0.00385649j -0.00275353-0.011218j -0.012149+0.00289313j -0.0234391-0.00713726j -0.0192065+0.00309587j -0.00898085+0.000550047j 0.00396937-0.0171605j 0.0065369-0.0102656j 0.00617413+0.0155085j 0.00364132+0.00772906j -0.0220444-0.0146621j 0.00448221+0.0150443j -0.0130682-0.011745j -0.00373591+0.0115446j 0.00207966+0.0034159j -0.00416295+0.0016062j -0.00285053+0.0154341j -0.0063872-0.014046j 0.00168764+0.0128052j -0.0156212-0.0197752j -0.0139439-0.0138465j -0.0110921+0.000219203j -0.00967538-0.000261342j -0.00235962+0.00978147j 0.0222732+0.00730952j -0.00212399-0.00180594j 0.0109693-0.00296886j 0.0103762+0.000235901j 0.00463789+0.00148286j 0.00453532-0.0123052j -0.0101939-0.006512j -0.021942-0.0120916j 0.00821724-0.00995669j -0.0142313+0.0102381j 0.0119217-0.00330309j -0.00214414+0.0229456j -0.0205482+0.0005648j 0.00191488+0.000113683j 0.00170242+0.00261606j 0.00774547-0.0040589j 0.00828587+0.015911j 0.000928273-0.0123111j -0.00745131-0.0064767j -0.00684779+0.0203727j -0.00707552-0.00783572j 0.010618-0.00326559j 0.0336908+0.0150876j 0.0194311-0.0096619j 0.02229-0.00421743j -0.00222135+0.00239131j 0.0177169-0.0107676j -0.00830611-0.0011964j -0.00714456+0.0149761j 0.0175547-0.0158865j -0.00683361+0.015998j -0.0197182-0.00555089j 0.0200342+0.0137771j -0.00373055-0.0234393j 0.0125389-0.00858348j 0.0180312+0.00740157j -0.00798552+0.00371315j -0.0179691-0.000122249j 0.00699977-0.0162211j 0.0134667-0.00050498j -0.0100727-0.0156757j -0.0185743-0.000677764j -0.00563453-0.00883135j 0.0225171+0.00545943j -0.0256163-0.026664j 0.00930335-0.032524j -0.00848292+0.00569419j 0.00994854+0.00817316j -0.00587067+0.02466j -0.0199945+0.037905j -0.0199834+0.0223583j 0.00557769-0.00712806j 0.0168554-0.00390947j -0.0151101-0.00146617j -0.0147223-0.0104148j 0.00597308+0.0144959j -0.00630889+0.00886685j 0.0332591-0.00458845j 0.0160403+0.0492238j -0.000331273-0.00904553j 0.00552645-0.00705042j 0.026098+0.00845762j 0.0123626-0.00920317j 0.0136352+0.00477062j 0.0115978-0.0248615j -0.0368801+0.01955j 0.00914998-0.013465j 0.00323491+0.029047j 0.00541023+0.00210537j -0.0352105+0.00573719j -0.0128013-0.00341981j -0.01211+0.019318j -0.00432171-0.0238644j 0.0151705-0.00265656j 0.00362631-0.0117433j 0.00551069+0.00574597j 0.00933042-0.0188164j 0.0246175+0.00249823j -0.012252+0.0229119j -0.00909089+0.0164223j -0.0214916+0.00429513j -0.0138974-0.00532068j -0.00819969+0.0242965j 0.0408693-0.00996711j -0.0217529+0.0134188j -0.0139206-0.00825708j 0.00616093+0.00742635j -0.0154715+0.00934351j -0.0357408+0.00827775j 0.013609+0.0377967j 0.00822678-0.00120726j -0.00863582+0.00938577j 0.000779599-0.00623032j -0.00910394-0.0165652j -0.0389715+0.015121j -0.0159478-0.0316998j -0.0103202+0.00100251j 0.0028897-0.0116127j 
-0.019478+0.0350561j -0.0225343-0.0290744j 0.0138533+0.0207196j -0.0187648-0.00725156j 0.0361842-0.0255662j -0.000281928+0.019384j -0.000570392+0.0228662j -0.0530817-0.00998946j 0.00225516+0.0176405j 0.00620825+0.00466853j 0.00270052+0.00437489j 0.00274535-0.017287j -0.00647734-0.029772j -0.0104921+0.0253031j -0.00700461+0.0140065j -0.012976-0.020036j 0.0169814+0.00372855j 0.00360797-0.000461094j -0.00439888+0.013661j -0.0132881-0.00736552j 0.00351107-0.0216505j 0.0160774+0.0213166j -0.0113747-0.0122667j 0.0196502+0.0120656j 0.00571785-0.00659812j 0.00447973-0.0033802j -0.000366399-0.0229642j 0.00606324-0.00601408j 0.00380151+0.00155557j 0.0198658-0.0138387j 0.000762823+0.0178417j -0.0114001+0.00222543j 0.0045072-0.00732254j 0.00551114-0.00273448j -0.00546008+0.0112079j -0.00784917+0.00136665j -0.011513-0.00460763j -0.00889359+0.00295305j -0.0101781+0.00529079j -0.0107819+0.00175287j 0.00471752+0.0131929j 0.00353626-3.5148e-05j 0.00186435+0.00404724j 0.00679559+0.00957973j 0.0075563-0.000157484j 0.00595169-0.00295807j -0.0125181+0.00547612j 0.00039055-0.00488155j -0.00933325+0.0183725j -0.00370896+0.0116772j -0.0203986+0.0165814j -0.00620237+0.0161841j 0.0129799-0.0214653j -0.00108917-0.00594733j 0.0145351-0.0383951j 0.00319106+0.00683048j -0.0088899-0.000657711j -0.00130014-0.0127523j 9.2011e-06-0.00394716j -0.000163401+0.00119702j -0.00945228+0.00610189j 0.000675154+0.0118453j -0.00802786-0.00423807j 0.0092767-0.00831774j 0.00672551+0.00510422j 0.0154928+0.000823586j -0.00700518-0.00884158j -0.0118812+0.00801107j -0.00853048-0.0331j 0.0109531-0.0108432j 0.0100475-0.00708268j -0.010058-0.0122254j -0.00412388+0.0112734j 0.000132413-0.0164244j -0.00697969+0.0131498j -0.00131604+0.00158721j 0.0101843+0.00161786j -0.00653007+0.0107687j 0.0155935+0.00864285j -0.00963334-0.00759061j 0.0117055+0.0143595j -0.013821+0.0253403j -0.0133092+0.000430495j 0.0205841+0.00714894j -0.0181729+0.0117394j 0.000367828-0.0246105j -0.0102232+0.00175432j -2.8438e-05-0.0189152j 0.0183142+0.0177682j -0.00904647+0.00941116j -0.00485056-0.00277833j -0.0121186-0.00690136j 0.000969141-0.0190085j 0.00335253+0.00796872j -0.00671815+0.00262517j -0.0062896-0.0151495j -0.00468562+0.00671598j 0.0122478-0.00736578j 0.0134011-0.00714276j 0.011617+0.0160291j 0.00553476-0.0120974j 0.00316794-0.00749987j 0.0136819-0.00430256j 0.00594777+0.0232341j -0.00394549-0.0177032j 0.0160416+0.0159281j -0.0100726+0.0015163j 0.000539932-0.00478221j 0.0106867-0.0107469j -0.0113557-0.0215833j -0.00158068+0.0162008j -0.00652413+0.00551083j -0.00323916-0.0059741j -0.0115441-0.00818374j -0.0025124+0.0196513j 0.0108718+0.0104267j -0.0140451-0.0125411j -0.0192274-0.0177358j -0.0102805+0.00557883j -0.00606745+0.0130077j -0.00387783-0.012558j 0.0146496-0.0137924j 0.0351434+0.00700878j -0.0212295+0.00297088j 0.00113551+0.00679887j 0.00405602+0.0228191j 0.009806-0.0123198j -0.00487511-0.00725719j -0.0100649+0.00465967j -0.00532193-0.0181814j -0.000632073-0.0188877j -0.00434051+0.0127156j 0.0205303-0.00211525j 0.0110818+0.0257551j 0.0323286-0.00688529j 0.0182141-0.0110227j 0.0227293+0.0118596j -0.0131969-0.000147511j -0.00675224-0.0151811j 0.00661498+0.00205636j -0.0107369-0.0195292j -0.00480542+0.0086456j -0.000777113+0.000201437j -0.00537566-0.00132857j -0.0145156+0.00751157j -0.00881859+0.0106419j -0.000798486-0.0156823j 0.000768525-0.00194914j -0.00394873+0.00300298j 0.00931418+0.0123658j 0.0153934-0.022162j 0.00389482-0.00169775j -0.0141634-0.0150964j 0.00407088-0.0170866j -0.00123543+0.0254682j 0.0214691+0.00255913j 0.0133538-0.000798717j 0.00839384+0.0185615j -0.0101606-0.00610677j -0.00337499+0.000518445j 0.0018598-0.029767j 0.0113435+0.0227058j 0.0115977+0.00406212j 0.0113104-0.017067j 0.00912068+0.010656j -0.0160163-0.0142438j -0.0178287-0.0389359j -0.0146603+0.0131297j 0.0237208+0.030938j 0.0129872+0.00948124j 0.0137208-0.00627273j 0.00166339+0.0328886j 0.00674302-0.0486599j -0.000403821+0.00194546j 0.00404242+0.0166291j -0.00468139+0.0183624j -0.0099315+0.00501882j 0.00411413+0.00542289j 0.0038571+0.00273827j -0.0114011+0.0190239j -0.0137487+0.00552985j -0.0263029+0.0162799j -0.00929068+0.0137538j -0.0172255-0.00876857j 0.0140715-0.0179951j 0.00951805-0.0283569j -0.00767219-0.00147814j 0.0181216+0.00178632j 0.0310216-0.0197162j 0.0358127-0.0226638j -0.0239333+0.0283123j 0.00213476+0.0060839j -0.00696695-0.0207118j 0.00538492+0.00354301j -0.00334176+0.00993613j 0.0273171+0.00594933j -0.0267426-0.00941643j -0.0244804-0.0198696j 0.00625795-0.00243651j 0.00444646-0.0220003j 0.0135916-0.0148879j 0.0206934+0.0164594j 0.00215347-0.00466199j -0.0143402+0.00945971j -0.0135899-0.0162756j -0.0155938+0.0128077j -0.00905675+0.0132882j -0.0202282-0.00621979j -0.000939938-0.0152041j 0.0129217-0.00546744j 
-0.0148347+0.0223482j -0.0165352-0.019773j 0.00605492+0.00701239j -0.0074139+0.0015957j 0.0188298-0.0269442j 0.0162621+0.0177587j -0.0240153-0.00185015j -0.021011-0.0184582j 0.0133468+0.0137735j -0.00470903+0.000819228j -0.0131547+0.0241517j 0.00163085-0.00969568j 0.000244941-0.00191691j -0.00896786+0.00464286j -0.0146469+9.03602e-05j -0.0157131-0.0105046j 0.00753536-0.00186179j 0.00746805+0.00986287j 0.0168877+0.00414704j 1.86652e-05+0.00539741j -0.000257171-0.0192654j 0.001142+0.0280182j -0.032704+0.00102365j 0.00639175-0.013069j 0.00185518-0.00839341j 0.00310246-0.00737634j 0.0001022-0.0206748j -0.00767613-0.0104937j 0.00450649-0.00897689j 0.0116204-0.0142349j -0.00591993-0.0125645j -0.00511905+0.00520042j -0.00608456+3.4009e-05j 0.0356374-0.00687586j 0.000674837+0.000879925j 0.0139935-0.00327221j -0.00740263-0.00718468j -0.00134542+0.000103346j 0.0193742-0.0231227j -0.00891358+0.00341501j -0.00464931+0.0036765j 0.00242957-0.0183453j 0.0121339+0.00230746j -0.0100802-0.00936838j -0.00758756+0.000200859j 0.00857605+0.00119463j 0.0142856+0.00701458j 0.00397808+0.0265724j -0.00660457+0.00805548j 0.000844061+0.00949421j -0.00547378-0.0278439j -0.00951497-0.0124228j 0.00522486+0.000727922j 0.00351025+0.00331915j -0.00610059-0.01801j -0.00392282+0.00292832j 0.0127546+0.0188204j -0.0148631-0.0241072j -0.0100018-0.00987219j -0.0139559-0.00349273j 0.00442998+0.00888138j -0.0194365-0.00106032j -0.00896398-0.00686623j 0.00822376-0.00469332j 0.00531341-0.00436502j 0.0128759-0.00779163j 0.0187917-0.00391099j -0.000152478+0.0127726j -0.00212705+1.96672e-05j -0.00266504-0.00598277j -0.0090249+0.0099771j -0.0195764-0.0163557j -0.0167565+0.0194954j -0.00135979-0.00963847j -0.00860107+0.0111471j -0.00346032+0.000184969j 0.004191-0.007059j -0.0109194+0.004891j -0.0027335+0.0072877j 0.0019741+0.00161338j 0.0237054-0.0195941j -0.00276136+0.00412675j -0.0108647+0.00274324j -0.00123762-0.0115659j -0.00914218+0.0151091j -0.0121094-0.00855627j -0.0132437+0.00907362j -0.00909309-0.0204106j -0.00590956+0.00769422j 0.013018+0.00563537j 0.00129398-0.00633221j -0.00671389-0.000408597j 0.00702063+0.00894575j 0.015323+0.0204912j -0.00316987+0.0200197j 0.022458-0.00433105j 0.0363746+0.00135639j 0.0158691-0.014042j 0.00525416+0.00219948j -0.0198106+1.55785e-05j 0.0100441-0.000939311j -0.00941252+0.013757j -0.00303134+0.010837j -0.00220661+0.0326278j -0.0142537+0.00102831j 0.01683+0.0180975j 0.00114944+0.0148445j -0.00488675-0.00775856j 0.0101996+0.0105396j 0.00924944+0.00389495j 0.00306934-0.0262854j 0.0082176+0.0183826j -0.00339008+0.00640415j -0.00054472+0.0153725j 0.0275542+0.015398j -0.000464284-0.00412372j 0.0110117+0.00542883j 0.00175278-0.0273915j -0.0124925+0.00351249j -0.0159429-0.0062995j -0.00540679+0.0264925j 0.000827027+0.018089j 0.0262567+0.00114111j 0.0109383-0.00452313j 0.00419626-0.0192299j -0.0170699+0.00487911j 0.00773122-0.00821798j 0.000404116-0.00633425j -0.000493514-0.00333078j 0.00614948+0.00282051j 0.00736282+0.0110032j 0.00330756-0.018349j 0.0227663+0.0131782j 0.0138023+0.0182698j 0.0310802-0.0041326j 0.00834327-0.00648774j 0.0205398-0.0278116j 0.00129942-0.00169347j 0.0143908+0.0125763j 0.0111383+0.00172847j 0.01387-0.0119303j -0.0131673-0.0107267j -0.0272651+0.0194819j -0.0247567+0.0045031j -0.00786399+0.00697639j -0.0136066-0.00737471j 0.00217933-0.00665301j 0.00216133+0.0210761j 0.0132176-0.00389248j 0.0017021-0.00231169j 0.00725356+0.00195085j -0.0115178+0.01233j -0.0147073-0.023015j 0.0165803+0.00764559j 0.00624986-0.00952571j 0.0188645-0.0034003j 0.0352605+0.0214287j -0.00321403-0.00666494j 0.00288264+0.0158128j -0.0194241+0.00429657j -0.0177652-0.026665j -0.00592863+0.0108226j -0.0107815-0.00207862j -0.0196331-0.00474756j -0.026375+0.0272893j -0.0163879+0.0241537j -0.00734126-0.0285921j -0.0377268+0.0151909j 0.0234522-0.00901581j -8.41278e-05-0.013314j 0.00685443+0.0100093j -0.0328529+0.00772031j -0.0196689-0.00410293j -0.00745124+0.00481319j 0.0127559-0.0155883j -0.014439-0.0186962j -0.00132503+0.00946631j -0.00184375-0.0581307j -0.0286911+0.00736922j 0.0169129-0.00636349j -0.00497237-0.00473015j -0.0214556+0.00493076j 0.000340082-0.0168136j -0.0256649-0.00313436j -0.00957267-0.00952628j 0.0129672-0.0038639j 0.0194192-0.00731051j -0.00261963-0.00081446j 0.00140352+0.0277812j 0.016598-0.0139267j 0.0100679-0.0209234j 0.0286292+0.0200749j -0.0131616-0.00977958j -0.00611784+0.0199759j 0.0348977+9.22563e-05j 0.0381508-0.0210239j -0.0240114-0.0320192j -0.00094426-0.00388098j 0.0200443+0.000297235j -0.027642-0.0272751j 0.00582109-0.038704j 0.00235324+0.0231037j -0.00984927-0.0251284j -0.0140414+0.0062682j -0.0177224-0.00309375j -0.00850181-0.00967773j 0.00992018+0.0129524j -0.0284025+0.016246j 0.0177757-0.00514497j -0.00440281+0.0152599j 
0.0222659-0.00102762j 0.00807159+0.0307555j -0.00172318+0.0113144j -0.0123242+0.00409363j 0.00668049+0.0256345j -0.0342963-0.00181293j 0.00100744+0.0108791j 0.0171502+0.0104228j -0.0169155-0.0183681j -0.00044519-0.00215512j 0.00249318-0.0282105j -0.0162157+0.00989399j 0.023897-0.004317j 0.00873901-0.0253848j 0.0160751-0.0209668j 0.0131285+0.0389271j -0.000712059-0.00266048j -0.0071331+0.00543087j 0.00175173-0.0032153j -0.00728392-0.0211656j 0.00171927+0.00473449j 0.000585951+0.000599916j 0.00679299+0.0117703j 0.016712-0.0141349j 0.00323043-0.00849345j -0.00930076+0.0025906j 0.0130595+0.0129978j 0.0151951+0.0132452j 0.00710503-0.00815172j -0.000489055+0.00433695j -0.00602951+0.00852854j 0.00913691+0.00753229j 0.00796381+0.022745j -0.0170774+0.00714324j -0.00773072-0.0104663j 0.00202152-0.00463476j 0.00195366+0.0209551j -0.0134435+0.0218241j -0.00566066+0.0174627j 0.0146251+0.00098208j -0.00909502-0.00272292j -0.00806796+0.00467825j 0.00644977+0.0137703j 0.010382+0.00679111j 0.00995273+0.0108829j 0.0102446+0.0144502j 0.00469912-0.0140239j 0.0148939-0.0119007j -0.000184911-0.00928895j -0.00225128+0.00460851j -0.00293624-0.00394135j -3.73175e-05-0.00341411j 0.0186811+0.0160406j 0.0170456-0.0051192j -0.0140446+0.00615582j 0.0141707+0.00193862j -0.00995997+0.00147125j -0.00853271-0.0056937j -0.00899192-0.000657327j 0.0105872+0.00283321j 0.00570444-0.0152218j 0.0193615-0.000769651j -0.0019118-0.00681394j -0.0121996+0.00286442j -0.0176191+0.0033572j 0.00890715-0.00871067j 0.00765451-0.00614044j 0.0100146+0.000290094j -0.00602879+0.0079521j -0.00107772+0.00413658j -0.000861973-0.0293442j 0.000855773-0.0149878j 0.0117989-0.027173j -0.0228833+0.00131111j 0.010877-0.0167126j 0.00104758+0.0154419j -0.0138872+0.0189887j -0.00424188-0.0271341j 0.020802-0.0138601j 0.00630881-0.00628511j -0.0153894-0.0221996j 0.00203019-0.000344359j 0.000957394+0.0219725j -0.0175995+0.00206516j 0.0100225+0.00386674j -0.0320954+0.0135363j -0.0115506+0.0100873j -0.020919+0.0119475j 0.0221551-0.00568681j 0.0273856-0.00924225j -0.0112049+0.00322029j 0.0196213-0.00706017j -0.0108446+0.00699466j -0.0317023+0.00518405j -0.00333527-0.0055035j 0.0152983-0.00124652j 0.00312611+0.0108185j 0.0275331-0.00914429j -0.00370646-0.00416251j -0.00963287-0.0152229j 0.00345984+0.00306213j -0.00793803+0.00439362j -6.7227e-05-0.00188259j 0.00574532+0.0126965j 0.0221919-0.0195658j 0.0105143-0.00523393j 0.00374128+0.00580451j 0.00312186+0.00123251j -0.024229+0.00585335j -0.0239787-0.00172237j 0.00106489+0.0158846j -0.010908+0.00854972j 0.0138183-0.00634435j -0.0241732-0.00697826j 0.0117546+0.00441849j -0.0114466+0.0089904j 0.0203947+0.0105846j -0.0162437+0.00383405j 0.00539792-0.00408551j 0.00106735+0.00154762j -0.0201833+0.00437287j 0.0021437+0.00219475j 0.00247153+0.00910475j 0.0143756+0.0052465j 0.00730387-0.00232632j 0.00775956-0.0164581j -0.00541746-0.00965779j 0.0162805+0.00637121j 0.00200627+0.0195381j -0.00465535+0.022781j 0.00355453-0.0064663j 0.00211089+0.00656731j -0.00784706+0.0147963j 0.00338499+0.00480884j 0.00164354-0.0131031j 0.00441306-0.0110649j -0.00957279+0.0229782j 0.00503706-0.00664471j 0.0138974+0.0236382j 0.0041102-0.0285974j -0.0271627-0.00209195j -0.0222092+0.0107317j 0.000596479-0.00497895j -0.00253749-0.0206211j 0.00984044-0.00119006j 0.012136-0.00599125j 0.0267909+0.00521745j -0.00405989-0.0184138j -0.0207917-0.0294809j 0.00522527+0.020684j 0.00626273-0.00469055j 0.000825855+0.00519553j 0.0259577+0.0471921j 0.0144807-0.0381039j -0.00904257+0.00781235j -0.00514353-0.0118692j -0.0263839+0.00734487j -0.0134696+0.017595j -0.0457828+0.00301038j 0.0216135-0.034174j -0.00834018+0.00191489j -0.00182413-0.00570249j 0.00866028+0.002521j -0.0116077-0.0170057j 0.0157143-0.0238295j 0.0117205+0.00140959j 0.0249179-0.00840853j 0.0132278+0.0201358j 0.0141584-0.00962191j 0.0141345+0.00181155j 0.0190231+0.0138717j 0.00455127+0.0124441j 0.0155147+0.00987009j -0.0161452-0.0145313j -0.0167997-0.00433271j -0.00640362+0.00334046j -0.00601871+0.00213213j 0.0167941+0.0190991j -0.00166218-0.0028119j -0.00272482+0.001583j -0.00380012+0.0183145j 0.0308932-0.0211576j 0.015098+0.0173524j 0.00536761-0.009869j 0.00046231+0.00284818j -0.0127012-0.00430181j -0.0201624+0.00185086j -0.00387784+0.0198483j -0.00114805-0.00805411j -0.0146535+0.0213699j -0.017773-0.00180793j 0.0151414-0.0460052j 0.0155168+0.0134543j 0.00756837-0.0370585j -0.00847092-0.00477938j -0.010418+0.0268215j 0.0154074+0.0369269j -0.0125299-0.00635797j -0.014125+0.0178791j 0.0351674+0.0218607j -0.00104645+0.0118173j 0.000176942+0.00289427j 0.0141199+0.00988421j 0.0340274-0.027999j 0.01467-0.00743743j 0.00546572+0.0174855j 0.005692-0.0149927j 0.0244437-0.0057179j 0.00770012+0.0117587j -0.00369834+0.00440879j 
-0.00417015-0.0149799j 0.00701873-0.00245505j 0.00526982-0.0466058j 0.0466544+0.000258464j -0.0257059-0.00566621j 0.0222731-0.0185066j 0.00606011-0.0149574j 0.011151-0.0041112j -0.0107193+0.0116015j 0.0257585+0.00351151j 0.00788029+0.00163914j -0.00126702+0.0171635j -0.0210872+0.00221869j -0.00927267+0.0148223j 0.00231499-0.00668099j 0.00515722+0.0147433j -0.0166252+0.00824512j -0.00752531+0.0150724j -0.00528287-0.00492022j 0.00832188+0.00846891j 0.00987546+0.0308997j -0.0123454-0.00256814j 0.0082165+0.0062121j -0.00873976-0.00679052j 0.0139293+0.00855946j 0.00748502+0.00370304j -0.00821163-0.00269779j 0.00439376-0.0114481j -0.00967653-0.000401136j -0.0106975-0.00174797j 0.0100543-0.00139642j 0.0150364-0.014906j 0.00992763+0.00193151j -0.00753796+0.0120427j 0.0131065-0.00878369j -0.00327316+0.0107143j 0.00126535+0.00730897j -0.015693+0.00396786j 0.0253275-0.00204806j 0.0131693+0.00401658j 0.0100015-0.00385926j 0.000816815+0.0167232j 0.0280153+0.0129836j 0.00332052-6.28264e-05j -0.00137924-0.00383183j -0.0100925-0.003478j -0.00257486-0.0141791j -0.00183957-0.0154466j 0.000139651-0.0142887j 0.00121659-0.00188565j 0.00387091+0.00919921j -0.0216692+0.0180862j -0.0114764+0.0169242j -0.00576167-0.0297171j 0.0111268+0.000734235j -0.00769131+0.00253637j 0.0011795-0.00161077j 0.0305484+0.0139993j -0.00193957-0.00476711j 0.0032347-0.00143434j 0.0126329+0.0121489j 0.00733187+0.0057123j -0.00783404-0.0122j -0.000541171+0.0047368j -0.00886673+0.00299661j -0.00744331+0.00231997j 0.000727089+0.0030921j -0.00256857+0.0176909j 0.002133-0.0130325j 0.0188344+0.00835343j -0.0107487+0.00635593j -0.000289003-0.00706211j -0.0140523+0.00281626j -0.00219319+0.0057488j 0.0131684-0.0326806j -0.00373019-0.0216405j -0.0237061-0.0150856j -0.0107558-0.00420101j -0.00725128-0.00929129j 0.0263321+0.0194434j -0.0153461+0.00988455j 0.0131801-0.00362337j 0.0103196+0.0046089j 0.0107051-0.0133748j -0.0111798+0.00706914j -0.00586985-0.00631807j 0.00534627-0.0153483j -0.0103445+0.00341011j -0.000620329+0.00603963j -0.0146798-0.0174799j -0.00346735-0.00442493j -0.000738052+0.0136901j -0.00124037+0.00347338j -0.0130875-0.0193536j 0.00754744-0.00772736j -0.0336988+0.000678472j -0.00745135-0.00731789j 0.000569752-0.0156157j -0.00161114-0.00552403j 0.000850443+0.00299006j 0.0129877+0.0114532j -0.0200635+0.0184603j -0.0250288-0.00707446j 0.0108494-0.00461619j 0.00452323+0.0233957j -0.000568435-0.0136874j 0.0119355-0.00187666j 0.0163858+0.00304639j -0.0253072+0.00398458j 0.0124193+0.00505507j 0.0213738+5.60653e-06j 0.00350676-0.00609075j -0.0161847+0.0154797j -0.00446845-0.0189352j 0.00985677+0.00497212j 0.00848168+0.0197651j 0.0190954+0.0170124j 0.0161173-0.00150739j -0.0165023-0.0233865j -0.0303632-0.0105556j 0.0078862+0.00272528j -0.0145439-0.000775008j -0.0127043-0.00336282j -0.00400822-0.0140124j -0.0205736-0.00455695j 0.00740107-0.0090817j 0.00412388-0.00937063j 0.0155339-0.000198442j -6.59028e-05-0.0115859j 0.00629681+0.00239966j -0.00530434+0.0353097j -0.00443531-0.00121312j -0.0101646-0.00222931j 0.00247645-0.0113151j -0.00790638+0.00906735j 0.0090554-0.00732383j -0.0147635-0.00557533j 0.0114493+0.00212967j 0.000867736+0.000514767j -0.00177171-0.017498j -0.00143665-0.00661265j -0.0046359-0.00165587j 0.00485463+0.00844109j 0.011475+2.66565e-05j -0.00276043+0.0119056j 0.0145609-0.00312687j -0.0116754+0.00164185j -0.0178607-0.0185333j 0.00707423+0.0137187j -0.0136888-0.0108243j 0.0194799+0.00343133j 0.0279507+0.0186666j -0.0178747+0.023113j 0.0108708+0.00107047j -0.00410361+0.0189417j -0.0197858+0.00471953j 0.00814097-0.0117802j 0.0100756-0.0291409j 0.0156137+0.0314976j 0.018179+0.0121481j -0.00900934+0.0244508j -0.00964554-0.0215409j 0.00939133-0.00642246j -0.00437103+0.0209244j 0.010104-0.0140597j -0.00886847-0.00865392j 0.0194139+0.0188482j 0.00599111+0.01015j 0.0242111+0.00896227j 0.00534472-0.027292j 0.0177546+0.0281158j 0.00613809-0.00312933j 0.00813176+0.00887355j 0.00445695+0.014944j -0.00398413-0.011212j 0.0145961-0.0267557j -0.0106057-0.0272914j 0.0122727-0.00419088j -0.0168475-0.000524417j -0.0048748-0.0251182j -0.0240477-0.00190678j 0.00688546-0.0237159j -0.0219456+0.0233071j -0.0174261-0.0181693j 0.00189589+0.00594654j -0.00597327+0.0212525j 0.0109247-0.00415423j 0.0293546-0.0307623j 0.0211782-0.0195089j -0.0102119+0.0088292j 0.00881744+0.00576335j 0.0309432-0.000359441j -0.0170594+0.00180999j 0.00544346-0.0118371j -0.0357235+0.0213089j -0.0078694+0.0137037j -0.0117884-0.00124192j -0.0107064-0.00550802j 0.00878809-0.000480799j 0.00969582-0.00787031j 0.0167278+0.029275j 0.00939236+0.0119061j -0.0192677-0.0160335j -0.0222929+0.0100387j -0.000762328-0.00309552j -0.000771671-0.0214603j -0.0124406+0.0109588j -0.0234399-0.0124244j -0.0108027-0.042026j 0.0378703-0.0146828j 
-0.0105488-0.00431567j 0.0027863-0.00473686j -0.0122517-0.0054199j -0.00909741-0.00997977j 0.00656229+0.0123308j -0.00237784+0.00431531j 0.00114854-0.0131636j 0.0155538+0.00349984j -0.00603178+0.00225528j -0.00691596-0.00205686j -0.00256817-0.00747017j -0.00344115+0.00152436j 0.000506525+0.00585768j -0.00476765+0.0147567j -0.00059074-0.0120559j 0.00733068+0.00556948j 0.0128283+0.00232612j 0.00895327+0.0137019j -0.00402388+0.00388375j 6.62399e-05-0.00340019j 0.00763739+0.0056099j -1.09328e-05-0.00824507j 0.00170349-0.0094388j -0.0200933-0.000588644j -0.0118216-0.0235206j -0.000369558+0.00529767j -0.0299445-0.0104819j -0.0186012+0.00294053j -0.0116666-0.00998008j -0.0139874-0.00876194j 0.00160704+0.0078609j -0.00221469-0.00109816j 0.0168562-0.00823882j -0.00745651-0.0137419j -0.0137691-0.0069963j 0.00273741-0.00221516j -0.0119352+0.00981025j -0.00925841-0.0143292j 0.0129272+0.0093587j 0.00177506+0.0143628j 0.0109079-0.00390935j 0.014311-0.00300062j -0.0165878+0.00329833j -0.00758909+0.00235015j -0.0027896-0.00701847j 0.00465911+0.0173941j 0.00777057+0.00265875j 0.00976991-0.00398193j 0.0136063+0.00739534j 0.00775633-0.0121127j -0.0123905-0.00399054j -0.00234139+0.00131564j -0.00102897-0.0260725j 0.00750755-0.00335047j 0.00658293+0.00207206j -0.00967434-0.0143026j 0.00344283+3.35946e-07j -0.00914529+0.00269367j -0.00796652+0.0134852j 0.0101618+0.00378274j 0.0189026-0.00479969j -0.0110389+0.00750969j 0.0145452-0.00424304j 0.00304958-0.00992741j -0.0052326+0.00711363j 0.00128061-0.00334082j 0.00728248+0.0139448j -0.0253151-0.0104939j 0.00890931+0.00424476j -0.00557988-0.0108167j -0.00786874-0.0100527j 0.00402132+0.0238602j 0.00500006+0.0100151j -0.00795234-0.002474j 0.0013965+0.00939946j 0.00962713-0.00238237j -0.0135092+0.00658601j 0.00453758-0.0125843j 0.000166091-0.00868614j -0.00765685+0.0085899j -0.0206234+0.0211665j 0.00166833+5.97966e-05j 0.00258664-0.0109637j -0.00123498+0.00581373j 0.00327116+0.0100175j 0.00299093+0.00143925j -0.0176863-0.00806072j -0.00518773-0.00561247j -0.0221532-0.00388113j 0.0193836+0.00648978j 0.00876766-0.00623532j -0.000873316+0.00239729j -0.000601063-0.00791707j 0.00928626+0.00618653j 0.0377844-0.000411401j 0.0176205+0.0047061j 0.0207079+0.000681313j -0.0231503+0.00680398j -0.0125414+0.0120926j 0.00554233-0.0193833j -0.0136895+0.00153458j -0.00462579-0.0106706j -0.0138732-0.00144944j 0.0063905-0.00369921j 0.000487359-0.0106892j -0.000600566+0.0172472j -0.0100475-0.00259688j 0.00445636-0.016174j -0.0200283+0.00370203j -0.00933446-0.00889859j 0.00100006-0.0030215j 0.00502984+0.0185755j -0.0238191+0.013485j -0.00625269+0.016955j 0.00175421-0.00944478j 0.0117239-0.000517145j 0.00454959-0.00587898j -8.12552e-05+0.0206111j 0.000286827+0.00777236j 0.00286887+0.0203262j -0.0110754-0.00152561j 0.00961679+0.00404957j -0.0174436+0.00130812j -0.004968-0.00497113j -0.00719332-0.0117625j 0.0202513+0.0218437j 0.0100546-0.0196239j 0.0125998+0.0137253j 0.00233444+0.0159222j 0.00387719-0.00365286j 0.00204487+0.00986427j -0.0175836-0.0234437j -0.0219962-0.00152597j 0.0205214+0.011649j 0.00956949-0.0244004j 0.00211976+0.00925318j 0.0256163+0.0141574j -0.0101485-0.00978395j -0.00875945-0.0126325j 0.0136135+0.0282236j 0.0096471-0.0176311j -0.0232419+0.0227544j -0.0123117+0.0122159j -0.0081154-0.03026j 0.00631696-0.0203959j 0.00557196-0.00680155j -0.013635+0.00387391j 0.0232991+0.0232636j 0.0108396-0.0192153j 0.00189839+0.0148272j -0.0198856-0.00238597j -0.0248892+0.0273921j -0.033692-0.0124719j -0.00452034-0.0331516j 0.0108585-0.000189994j 0.00521124+0.0123987j -0.00066613+0.0231759j -0.00682182+0.00359282j -0.0120184-0.00519399j -0.01665-0.012439j 0.0233348+0.0226592j -3.82075e-05+0.0160582j -0.0122157+0.0111726j -0.00204295-0.0195318j -0.00657816-0.00737354j -0.0110095-0.000988602j -0.00424732+0.000330466j -0.00512861+0.00591156j -0.0221754+0.00308699j 0.0017528+0.00345982j 0.0026888-0.00107078j -0.0152368-0.00257238j 0.00626714+0.00262373j -0.00604832+0.0241844j -0.00523886+0.018842j -0.00800093-0.00457302j 0.0141557-0.00769163j 0.0089773-0.00676976j 0.037873+0.01978j 0.0111199+0.00198556j 0.000515479+0.0128889j 0.0257453-0.00132863j 0.019374-0.023135j -0.0247145-0.0234163j 0.00674278-0.0226613j 0.0114776-0.0205275j -0.0140498-0.0119982j -0.03058+0.00544889j 0.00252457+0.028184j -0.00333854+0.00066662j -0.0141661+0.00473119j 0.0164377-0.0110758j 0.00617703-0.0365309j 0.00222137-0.000189631j 0.0131133-0.0203303j -0.000851354-0.00513611j 0.00587314-0.00388812j -0.00578073+0.00422944j 0.000743551+0.00569653j -0.0165599-0.0156204j 0.0126771-0.00581838j -0.00948638-0.0139361j -0.0072162-0.0192644j -0.00441988+0.00985219j 0.00375417-0.00308789j 0.00134586+0.00794663j 0.0288916+0.0188501j -0.0151277+0.0250178j -0.00301994+0.0081027j -0.0012997+0.00465078j 
-0.00694116+0.038254j -0.03386-0.0134526j 0.0103005+0.0135476j -0.0258588+0.00402335j 0.0157527-0.0110648j -0.00795664+0.014844j -0.0194835-0.0029793j -0.0121309-0.0113938j 0.0101373+0.0170839j -0.00681887+0.0155851j -0.00844386-0.00751291j -0.00957969+0.00404108j 0.0123916-0.00169751j -0.0220859+0.0197671j -0.0244334+0.00626804j -0.00917382-0.00967879j 0.0269367-0.00643617j 0.0224364+0.0136931j -0.00724661+0.0174941j 0.00205844-0.0124273j -0.00296297+0.0068523j 0.00902349+0.0136897j -0.00380252-0.000986411j -0.00639798+0.00669494j 0.0111148-0.0135577j -0.00338082-0.00254834j -0.0163227-0.0112038j 0.00686478-0.0117315j 0.00276741-0.0039044j 0.0138011-0.00750121j -0.0145635-0.00108298j -0.010569+0.00457126j -0.00935285-0.015209j 0.0212086-0.0188435j -0.0123818-0.00237167j 0.0112723+0.0164514j 0.00132299-0.0147239j 0.00827384+0.00439956j 0.0103173-0.0038676j -0.00143515+0.0135019j -0.00425083+0.00813778j -0.00207898-0.00622293j -0.00386767+0.0145532j -0.00970114+0.00845679j -0.00190385-0.00989831j -0.000480376-0.0076146j -0.000284727-0.0144778j 0.00735816+0.0194782j -0.0111589+0.00665029j 0.00147935+0.0050397j 0.00509534-0.0059279j 0.00966253-0.0132596j -0.0143938-0.00697948j 0.0162667+0.00577073j -0.00588496+0.00408271j -0.00155423+0.00286126j 0.00846626-0.0104112j 0.00731737+0.0109511j 0.00553827-0.0198461j -0.00042675-0.00410494j 0.00613095+0.0148864j -0.0149775+0.00730845j -0.00944192-0.00293528j 0.00961579+0.00311467j 0.00559568+0.015203j -0.00248822-0.00399754j -0.00159684+0.0128606j 0.00682084+0.0148182j 0.00297784+0.00960408j -0.00237126+0.000492011j 0.00455666+0.00903358j -0.00869211+0.010746j -0.00519308+0.0120786j 0.01657+0.00339738j 0.0127233+0.0203162j -0.00279853-0.0111893j 0.00912929-0.00205136j -0.00845093+0.0111406j -0.000510134-0.00185334j 0.00613926-0.0113977j -0.00158509-0.00910101j -0.00297714-0.00482581j 0.0133619+0.00386228j 0.00921264-0.00365296j 0.00985676-0.00356222j -0.00417068+0.00744553j -0.00825421-0.01896j 0.00144177-0.026889j -0.00687034+0.00841341j -0.00306+0.00238463j 0.0125596-0.0115734j 0.000502405-0.00368411j -0.00111495-0.00491928j -0.00111659+0.00701136j 0.0141518+0.00899846j -0.00774988-0.0153024j 0.00903527-0.00905492j -0.00915189-0.000926102j 0.00451434+0.0267371j -0.00961679+0.00928635j -0.0187615-0.0102956j 0.00370929+0.00323394j -0.0150207+0.00466249j 0.0100716-0.00526794j 0.000496336+0.0476478j -0.00127684+0.00780363j -0.00465546+0.00360574j -0.0192255+0.0081736j -0.0128373-0.0129329j 0.00140613+0.0189562j -0.00349095-0.0172264j -0.00773182-0.000229992j 0.00514605+0.00226852j 0.00179661+0.00317511j 0.00784174+0.00141072j -0.0169927-0.0210241j -0.016842-0.0294486j -0.00446327-0.0105695j -0.0136921-0.017075j -0.0144448-0.00350798j 0.012336+0.0134873j 0.00876891+0.00133255j -0.00378521+0.00445623j -0.00339706+0.0104828j -0.00488515-0.0191543j 0.0174242+0.0114725j 0.00486192-0.0101018j -0.0208549-0.00255448j -0.011236-0.00493896j -0.00318576-0.00116283j -0.0156444-0.0010174j 0.00332116+0.0190473j 0.0129993-0.0204518j 0.00370592-0.0186965j -0.0150053-0.00711166j 0.0126088+0.00912876j 0.0050958+0.00286389j 0.0193549+0.00321785j -0.0207866-0.00665244j 0.00166531-0.000353754j 0.0132982+0.0129097j 0.00767811+0.00358585j 0.00792116-0.0203853j 0.00150892-0.000677174j -0.0259898+0.0114969j 0.000278817+0.00312438j 0.00222982-0.00865088j -0.0182263+0.0117255j 0.0150227+0.0111285j 0.00918647+0.0044555j -0.0203219+0.0232964j -0.0158185+0.00649553j -0.0128998-0.00485417j -0.0161517+0.0018148j 0.0141926-0.00793513j 0.0106358-0.00101181j 0.0407204-0.00172864j 0.0110966-0.0177048j 0.00918148-0.0192761j -0.0244151-0.00575806j -0.00334761+0.0118071j -0.0175753+0.0151692j -0.00737772-0.00476776j 0.0151669+0.0300476j -0.0605601+0.0168676j 0.00496965+0.00585679j -0.0219748-0.015913j 0.0109468-0.0232433j -3.12564e-05+0.00489233j -0.00611546+0.0010507j 0.00730352+0.019009j -0.0158243+0.0113053j 0.0195413-0.0242669j -0.00395468-0.0161277j 0.0154667+0.00584897j 0.0117607-0.00164539j 0.00802581+0.00490625j -0.000631164-0.0229326j -0.00536793-0.00605351j 0.039168-0.00481832j -0.0186299-0.0137991j -0.00953681-0.0169964j -0.000222791+0.0206211j -0.00876412-0.00292178j -0.00483688+0.000511198j 0.00844754+0.00647358j 0.013032-0.0193027j 0.00668556-0.015869j -0.0306891+0.00127314j 0.0247079+0.00275919j 0.00426668-0.0145017j 0.018838+0.00289701j 0.00829388-0.0247624j 0.00652403-0.00601892j 0.00633555-0.0157804j 0.0172044-0.00647768j -0.00880245+0.00224118j -0.00346852+0.00190895j 0.00898514+0.00295302j -0.0161317-0.007646j -0.00572256-0.0155264j -0.0252571-0.00883051j 0.00113492-0.0102382j -0.0163738+0.00475923j 0.00323082-0.0279258j -0.0294472-0.00165335j 0.0144386-0.000719903j -0.0013795+0.0274314j -0.0102836-0.00513576j 0.00381108-0.00621505j 
0.0118825+0.001847j -0.00109364+0.019338j -0.0184179+0.023804j -0.0211455-0.0169531j 0.00466822+0.0202423j -0.00856132+0.0136597j -0.0143443-0.0155324j 0.0148047+0.00283627j -0.0181593+0.00425786j -0.0104196-0.00487026j -0.00375631+0.00727858j 0.00571407+0.00558445j 0.0163977-0.0123049j 0.00417624-0.00105117j 0.00734893-0.00755463j -0.00679484+0.0086754j 0.00798409+0.0061587j -0.00873621-0.0117771j 0.009425-0.00198546j -0.00485913-0.00360852j 0.00134902-0.000584436j 0.00635372-0.00443803j -0.0115201+0.00547705j 0.0109905-0.00973678j -0.00826375+0.00849658j -0.00528421+0.0123919j 0.0140616+0.00038903j 0.00846853+0.0252204j -0.0120596+0.00832047j 0.00547721+0.00358743j 0.000196525-0.00809275j 0.0091824+0.0103742j 0.0123745-0.00668706j 0.0113651-0.0203951j 0.0164891-0.00269877j 0.0126261+0.00584384j -0.00475448-0.00335505j -0.00408406-0.00529337j -0.0249962+0.00304332j -0.00143189-0.0078838j -0.00599859-0.0133291j 0.00399674+0.0105612j -0.0094406-0.0147025j 0.00400292+0.00626243j 0.00882059+0.00399148j 0.0069229+0.00926676j 0.0127319-0.00638675j 0.00165215-0.00759101j -0.00570724+0.0309621j 0.00238361-0.0106994j -0.0143204+0.0127162j -0.00970722+0.00595526j 0.0129371-0.00572955j -0.0229913+0.00283482j -0.0135161+0.00212165j 0.00507938-0.00436125j -0.000138444-0.00621522j -0.00931364-0.00452106j 0.0247871+0.00529681j 0.00172719+0.00314772j -0.000798336-0.00208903j -0.00400934+0.00328892j 0.00985031+0.00943328j -0.00751609-0.0173185j 0.0018241-0.00595171j 0.00538518-0.000237634j -0.0112684-0.00136047j -0.00242631-0.0234458j 0.0060551-0.00448074j 0.00552085-0.0007983j -0.0183152-0.0067497j 0.00874917-0.00824449j 0.00400081+0.00165583j 0.0144397-0.0222692j -0.00457918+0.00915211j 0.0131259-0.00486325j -0.0174224+0.0121302j 0.0144672-0.00417124j 0.0112254+0.00460493j -0.0182246-0.00603176j -0.00520099+0.00130297j -0.00128736+0.00162905j -0.00399235+0.00196207j -0.00326111+0.00394892j -0.000112871-0.00826988j 0.0164925+0.00687484j 0.015419+0.0120428j 0.0262627-0.00724319j 0.0181522-0.013886j 0.00271758-0.00879819j 0.00300441+0.00662445j -0.00342411-0.0132548j -0.0136353+0.00887068j -0.011551+0.00496419j -0.0138659+0.0116299j -0.0117735+0.0110036j 0.00732128+0.00836207j 0.00222245+0.00632009j -0.00276594-0.0124238j -0.00604492+0.00803787j 0.00402643-0.00221616j -0.0057948-0.0165325j 0.0246046-0.0107856j 0.00747717-0.0116507j -0.00735201-0.00562243j 0.0110691+0.00723933j 0.0083722-0.0109223j -0.00883172+0.00508971j 0.00805364+0.00600925j -0.0156389-0.0250447j -0.00996741-0.00965599j -0.0022028-0.00527367j 0.0097413-0.0139354j 0.0026627-0.00772141j -0.00301172-0.0139666j -0.0024875+0.000199243j -0.0120824+0.0052504j -0.00698105-0.0027647j -0.016467+0.000731374j 0.000401307+0.00343453j 0.000676891-0.0185725j -0.0134174-0.00134351j -0.000443043-0.00504372j 0.0152768+0.000873373j 0.00289693+9.20301e-05j -0.00795429-0.0138028j -0.0059171+0.0157636j -0.0125128-0.00536817j -0.000324882-0.00622313j -0.0033861+0.0017474j 0.0105241+0.0146928j 0.00916618+0.0056156j -0.00431229+0.00734158j -0.00527572+0.00750506j 0.0182463-0.00821957j -0.0145294+0.0237124j 0.0167436-0.0138461j -0.0341522-0.0132928j 0.00555622-0.0138186j -0.0168829+5.57065e-06j -0.00558866-0.0079636j 0.0110714-0.0108304j 0.00080725-0.0078152j -0.0331243+0.0149534j 0.00493992+0.00240037j 0.00142441+0.0081643j 0.00386272+0.00957816j 0.00684395+0.000558921j 0.00363188-0.00863982j -0.0320246-0.0109391j -0.00634926-0.00543039j 0.00942273-0.0221793j -0.0234174+0.0123719j -0.0101054-0.013742j 0.00976881-0.0226418j -0.021417-0.0173612j -0.0062478+0.0167188j -0.0132425+0.022452j -0.0075055-0.0214569j -0.0308992+0.0177043j -0.015867+0.00559506j 0.0022602+0.00440582j 0.00767407-0.0059358j -0.0132014-0.000144253j -0.00222878+0.0161601j -0.0159612-0.0133002j -0.00537707+0.000102589j 0.00927411-0.025821j 0.00237241-0.0277746j -0.0151565-0.00866749j -0.00960335+0.00155422j 0.0154453-0.0119306j -0.00207543+0.0232203j 0.0332036-0.0251464j 0.00385223+0.0253294j -0.00286327+0.00782217j 0.00189784+0.00718296j 0.0131699+0.0188117j -0.0234271+0.013608j 0.0152983+0.00116848j 0.0142118-0.00169737j 0.0147059+0.00566227j 0.00416486-0.0344979j 0.00926403+0.0110394j 0.000426673-0.00551681j 0.00686209+0.00947301j -0.00124889+0.000861168j -0.00786211+0.0141716j -0.00567067-0.0122559j 0.016643-0.0177047j 0.0170489-0.0363228j 0.0400359-0.0310002j 0.0110074+0.0155045j 0.00507845-0.00865209j -0.0153594+0.000284942j -0.0149836+0.0169985j 0.0224695-0.00418962j 0.00676029+0.0135174j 0.00700141+0.00630361j 0.00365746+0.00319474j 0.0113424-0.00348279j -0.00957949-0.00318772j 0.0138638-0.0157227j -0.0107557-0.0322552j -0.0102217-0.0194586j 0.00102253+0.0163258j 0.0365635-0.0301526j 0.02924+0.0171222j 0.0066464+0.0206862j -0.00982376+0.0148694j 
-0.00558181-0.00790141j 0.0115328-0.00800896j -0.0234236-0.0202809j 0.00979979-0.0155066j 0.000887282-0.0170542j 0.0224788+0.016172j -0.00187724-0.0195654j 0.00872103-0.0212887j -0.0041518+0.0205108j -0.000904464-0.00134377j -0.0210307-0.00510701j -0.00734945-0.00687543j -0.0171824+0.000514685j 0.00201653-0.00140145j 0.00714873-0.0166536j -0.00323272+0.00823392j 0.0120349+0.0125737j -0.017593+0.000297313j 0.00841056+0.00106366j -0.00704893-0.00844931j -0.00369104+0.00896523j -0.000469832+0.00381178j -0.00545336-0.0090127j -0.0165266-0.0147182j 9.51173e-05-0.0131114j 0.0116138+0.0181684j 0.000717522-0.00685973j -0.00553847+0.00625867j -0.00105637-0.00674369j 0.00866162+0.00937154j 0.0148769+0.00369649j 0.0319882-0.0200687j -0.00484897+0.00789797j 0.00765019+0.00321894j -0.00749045+0.00177796j 0.000396249-0.00376672j -0.0107047+0.00658251j 0.0100545+0.00886881j 0.00359134-0.00760458j 0.000274553+0.0114432j 0.00593618+0.00559081j 0.00718653+0.00228759j -0.0119204-0.00113235j 0.0178664-0.0134246j -0.00976913+0.00556329j 0.0013635+0.0121202j -0.000213615+0.000640438j -0.0182987-0.0199943j 0.0137577-0.000330644j -0.00121537-0.00244148j -0.00434899+0.000572178j 0.00231143+0.00146465j 0.0122035-0.00832989j -0.00698288-0.0118608j -0.000503285+0.00754006j 0.0131041+0.0108058j -0.0044516+0.0158117j -0.00207494+0.00209662j -0.00591758-0.00239126j 0.00190324-0.00452534j 0.0119903+0.0220366j -0.0156266+0.000216955j -0.0137265-0.00451981j -0.00976114+0.00316679j 0.0056117+0.00407751j -0.00145975-0.0134303j -0.000277679+0.00890249j -0.00482447-0.00784369j 0.000924997+0.00493259j 0.00515517-0.0125091j 0.00326295-0.000526581j -0.0116822-0.00959818j 0.00432029+0.010726j -0.00268149+0.00665241j -0.00505404+0.00235964j -0.0151796+0.0103056j 0.00648217+0.0062498j 0.0104195-0.0123421j 0.00302419-0.00329182j 0.00427555-0.00891802j 0.00613699-0.0149984j -0.021007-0.00591154j 0.0123048+0.0177884j 0.00905671+0.00277988j 0.00440675+0.0166869j -0.0118272+0.000747251j -0.00143263+0.000916744j 0.00991049+0.00652674j 0.0148212-0.0010036j 0.0232413-0.012333j 0.0140784-0.0181747j -0.00952543+0.00285402j -0.0145005+0.00047319j -0.0115607+0.005119j 0.0038041+0.00128894j -0.00840702-0.0225077j 0.0209571-0.00449048j 0.00786721-0.00501643j -0.00755681+0.0170713j -0.0224458+0.00553146j 0.00510257-0.00482361j 0.00817367+0.0133773j 0.00482259+0.00954594j 0.00146259+0.0230843j -0.0182757+0.0123954j 0.0051755+0.0068885j -0.00276903+0.012282j -0.000881637-0.0247171j 0.00117909+0.00395964j 0.00296548+0.00985551j -0.0106313-0.0126105j 0.00733251-0.024801j 0.00631984-0.00957225j 0.00274559+0.0210184j -0.012852+0.0220665j -0.0149534+0.00284967j -0.00886+0.0106621j -0.0128368+0.00375032j -0.0118282-0.010204j -0.00132802+0.0170166j 0.000246628+0.0028619j -0.00517526-0.00421181j 0.0121907-0.00247394j -0.00876039-0.00605499j -0.00532025-0.00528734j 0.00307508+0.00451924j 0.00245649-0.00828783j 0.00148466+0.00377441j -0.0156369+0.00334901j 0.00954759+0.0216243j -0.00537819+0.00687645j 0.027413+0.00774205j -0.000192516-0.0012782j -0.00705852+0.000905954j -0.010117-0.0102455j 0.00654335+0.00493338j -0.00908258+0.00154759j -0.00633798-0.0058178j -0.000657096+0.0324189j 0.00650918-0.00456071j 0.0119026+0.0130461j 0.00606793-0.00581171j 0.010388+0.00981933j 0.0194704-0.00107053j -0.0131629-0.000414455j 0.00899596+0.00961587j -0.0087289-0.0232653j 0.0149957+0.00894863j 0.0068526-0.00410388j 0.00684549-0.00347722j -0.0193264+0.0374857j -0.0155692+0.0254071j 0.00754566+0.0225925j 0.0180477-0.00150192j -0.00898508+0.0189006j 0.00162781+0.000403035j 0.00364405-0.00823825j 0.00916687+0.0219111j 0.0152747-0.0151048j -0.00952125+0.0101512j 0.00585218-0.00237804j 0.0135759+0.00949065j -0.024517+0.00366863j 0.00492604-0.0130167j 0.0177294+0.000756628j -0.00625477-0.00663001j -0.00875404-0.0238887j -0.0073367-0.0258974j 0.0204532-0.00546348j 0.00268976-0.00384399j 0.0210295+0.00600651j -0.0175528+0.00830549j 0.000713926-0.0129979j 0.0199377+0.0110372j -0.00820423+0.00811326j -0.0111695+0.00374727j -0.0206316-0.0278408j 0.00780834+0.00244654j -0.0014044+0.00891053j 0.0216223+0.020112j -0.0233113-0.00552814j 0.00868699+0.0207717j -0.00193543-0.0128839j -0.00374721+0.00174907j 0.0113993-0.00856488j 0.0210509-0.00881651j 0.00563792-0.0126785j -0.00681348-0.00163797j 0.0175223-0.00157114j 0.0125801+0.00227831j 0.0109895-0.0199979j -0.00971573+0.00175012j -0.00104727-0.00146984j 0.00192601-0.00421839j -0.00862305+0.00299644j 0.00898434-0.00443146j -0.00564984-0.0129641j -0.0071116+0.00382283j 0.00519584-0.00714254j -0.0065929-0.00760159j -0.00695072-0.0177035j -0.00137001-0.00031819j -0.00880354-0.00441426j 0.00120867+0.0129364j -0.0109269-0.000656349j 0.00267534+0.00354371j 0.00797993-0.0017284j -0.00686856+0.0169982j 0.0112875-0.00696234j -0.000315899+0.00698276j 
0.00709944-0.000401894j 0.00634583+0.012375j 0.0187687+0.00395672j -0.00172726+0.0202834j -0.00163605-0.0104316j 0.0163821+0.00414285j -0.00423852-0.00069203j -0.000185615-0.0191346j 4.53756e-05-0.00734222j -0.0105542+0.0201271j -0.0087186-0.00192969j 0.0141314+0.00402823j -0.00211966+0.00269732j -0.00700488-0.0128552j 0.00181997+0.000537153j -0.000442709-0.0117324j 0.00781737+0.00891189j 0.00358888+0.000973435j -0.00713845+0.0065212j 0.00872334+0.00688732j 0.0117286+0.00355187j -0.0168584+0.0106189j 0.00854087+0.00584676j 0.00596944+0.00331712j 0.00113945+0.00752848j 0.00247005-0.000232076j 0.00819198-0.0133825j -0.0120972-0.0203837j -0.009264-0.000941958j -0.000449251-0.00170441j -0.00040136+0.000151454j -0.00516925-0.0192813j 0.00347485+0.00390988j 0.00355477+0.0258836j -0.0123853-0.0146171j -0.00395668-0.00545384j 0.00486886+0.0031969j -0.00498082+0.0172436j 0.0172731+0.0195266j 0.0129968+0.00615303j 0.00165656+0.00227294j -0.0231496-0.00772257j -0.0112328+0.00114493j -0.00687744-0.00702353j 0.00712986+0.00274493j -0.000336095-0.00171535j -0.00752307+0.0181805j 0.00175953+0.00543006j -0.00783065-0.0102923j 0.00497235-0.00125583j 0.00404098-0.0158934j -0.0016744-0.000263108j 0.00296157-0.000702982j 0.0161426-0.0071501j 0.000970618+0.00267919j -0.00802067+0.00752275j -0.00561826-7.21633e-05j 0.0138379-0.00970318j -0.0274693+0.0121171j 0.010452+0.00868472j -0.00156637-0.00149322j -0.00570224+0.00811918j 0.00986894-0.00338251j 0.0244438-0.00813392j 0.00785621+0.0225882j 0.0110469+0.0201224j -0.0107553-0.00103863j 0.00981392+0.0228949j 0.000745223-6.63246e-05j -0.0236541+0.00152474j 0.000554232-0.00322772j -0.000471534+0.0052943j -0.0146571+0.0216015j -0.00303779+0.0188264j 0.00276966-0.00689354j -0.00454488-0.00824958j 0.00668263+0.0109508j -0.0194445-0.00572025j 0.00989276+0.0138238j 0.00385405+0.00304064j 0.006857+0.00909455j -0.0172119+0.00785536j 0.0216909-0.00511263j 0.00209183+0.0105052j -0.0192656-0.000600818j -0.00951633-0.0179859j -0.0129349+0.0142023j 0.00873427+0.018887j -0.0115825+0.00227195j 0.00368581+0.00690012j -0.0019544-0.00734342j 0.012515+0.0211807j -0.00954554-0.0146182j -0.00298048-0.0184719j 0.00730406+0.00573962j -0.00352103-0.00152009j -0.0046987+0.00384279j -0.00864925-0.0165493j 0.0135872-0.0140586j 0.00980934-0.00379488j -0.0136191-0.00253746j -0.0107586+0.00754474j -0.00658009+0.000258131j -0.0244235-0.0102898j 0.0105407-0.000272986j -0.000922554-0.00690758j -0.0189014+2.85499e-05j 0.0251831-0.0241716j -0.0118725-0.0106736j -0.0108623+0.00267451j 0.00222326-0.000922656j -0.00475298+0.00446141j -0.00370458+0.0115732j 0.00557605+0.0160116j -0.0136943-0.0191591j 0.0285004+0.00159687j 0.00652425-0.0206352j -0.000242526-0.000772327j -0.00218973+0.00738038j -0.0135145-0.00401469j 0.0053818+0.0057841j -0.00422068-0.005777j -0.0317908-0.0178497j -0.00275688-0.0152577j -0.0142881+0.00714499j 0.00607851+0.000792966j 0.0117214-0.0198433j -0.0140338-0.00324304j -0.00294437+0.0166915j 0.00404512+0.00939076j 0.00879655-0.00781284j -0.0108339+0.00118483j -0.00845942-0.00664606j 0.00984617-0.0106212j 0.0134567+0.0139068j 0.0094274+0.0180586j 0.000882889-0.00906573j -0.00991935+0.00642122j 0.015266-0.00706463j 0.0223021-0.000227924j 0.00253579-0.0032221j -0.0303538-0.00493657j -0.00503444-0.00442674j 0.0198274-0.00378607j 0.000620028+0.0006366j 0.00658534+0.00255745j -0.00596646-0.00171281j 0.0118493-0.0010103j -0.00722384-0.00538618j 0.0077098+0.00714792j -0.0110363-0.00412071j -0.0253994+0.00774496j 0.00971642+0.00213059j 0.00537074-0.0212865j 0.00902742+0.017224j 0.0226328-0.000666659j -0.0044132-0.0112847j -0.00600542+0.00545064j -0.00434316+0.00844745j 0.0192072-0.0171996j 0.025369+0.00392921j 0.00900117-0.0247973j 0.01769+0.0122137j 0.00255485-0.00328871j -0.0152882-0.00118091j -0.0261026-0.00976336j -0.0116542+0.0287289j -0.00461797-0.0191932j 0.00980221+0.00206395j 0.0164206-0.00643635j -0.00112406-0.0259028j -0.00970408+0.0139959j -0.0191473+0.01807j -0.0115874+0.00745512j -0.0236752+0.016834j -0.00940596+0.000330267j 0.00226918-0.0136627j -0.0255066-0.00676713j 0.0131751+0.0230003j 0.00907345+0.026344j 0.00139328+0.0105139j -0.0234991+0.00742052j 0.0272588+0.00166575j -0.0110392-0.0121285j -0.0214966-0.0211972j 0.00796885-0.0154076j -0.0314358-0.0144818j 0.0347372-0.0104829j 0.0166466-0.0130879j -0.0114155-0.0150785j 0.00962073+0.00485314j 0.0200042+0.0170897j 0.00638628-0.0124598j -0.0130831+0.0111384j 0.0119338-0.0274065j 0.00458892+0.026436j -0.0238907-0.0106154j -0.0041041+0.0160082j 0.00481976+0.0062676j -0.0229781+0.00894183j -0.00310986-0.000690716j -0.00469741+0.0139826j -0.0309298-0.0202642j -0.0230109+0.0146868j -0.00996004-0.0102401j -0.019961-0.0125622j 0.00709666-0.00354767j -0.00998057+0.014193j 0.0121217-0.00419669j 0.00417965+0.0149802j 
-0.0124977-0.000745684j -0.00315456-0.0115379j 0.010126-0.0172768j 0.0179776+0.0125254j -0.0230043-0.00422513j 0.00964943-0.0137057j -0.00947166+0.0117565j -0.00972946-0.00844192j 0.00366364+0.00923998j -0.00445892+0.0087558j -0.0113416+0.00655214j 0.0177248+0.00762838j -0.00529103-0.0211719j -0.00154938+0.00313314j -0.00518812+0.00506994j 0.0158297-0.00711039j 0.0165764-0.0103986j -0.00757234+0.0193024j 0.00153259-0.00500608j 0.0109926-0.00579662j 0.0201598+0.000730562j -0.0159754-0.0181582j -0.0115685+0.0121862j -0.00247758-0.00294823j -0.00130687+0.0119472j 0.00941883+0.00427099j 0.00747146-0.00246266j 0.0250651-0.00770051j 0.00657631+0.00854966j 0.0132359-0.00663353j 0.00229613+0.00505411j -0.00114984-0.000578809j 0.0145144-0.00594892j 0.000539479-0.0107893j -0.00456516-0.0128945j -0.00213455+0.0098305j 0.00980805-0.0047009j 0.00686365+0.00423511j -0.016551+0.014931j -0.00157319+0.00589364j -0.00366158-0.00343507j -0.00183311+0.00592997j -0.0187705-0.0115883j 0.0045012-0.0178639j 0.0191759-0.000577793j -0.013293-0.00752679j -0.0109162-0.032398j -0.0151508+0.0122262j -0.005887+0.00983439j -0.00431721-0.00499075j -0.0128106-0.00304375j -0.00439454-0.000556719j -0.00592589+0.000302459j 0.00324786-0.00339046j -0.0198077-0.0161112j -0.00759013+0.00587961j -0.00765423-0.0131319j 0.015055+0.00231649j 0.0010846-0.00481494j 0.0125912+0.000148225j 0.0069051-0.00137572j 0.00669547-0.00607968j 0.00212351+0.00804804j -0.0102268+0.0100962j 0.002985-0.0141213j -0.00841421-0.00102641j -0.01572+0.013048j 0.00359481+0.00603447j 0.0126322-0.0036494j 0.00423315+0.00398955j -0.0133667-0.00979962j -0.0201809+0.022418j -0.00514837+0.0191852j -0.0136352+0.00627123j 0.0182795-0.0109525j 0.00275378+0.00343876j -0.00270058+0.00521675j 0.0061516-0.0217241j 0.00172923-0.00609087j 0.00682322+0.0131598j -0.00592508+0.000885819j -0.00834305-0.0025724j -0.0024732+0.00811711j -0.0215634+0.00711458j 0.00824002-0.0221816j 0.00134028-0.00155988j -0.000873573+0.00594319j 0.00927056-0.00655187j 0.0107175+0.0104741j 0.0121367-0.00800389j -0.0173064+0.00508859j 0.00383249-0.00392201j -0.0196913-0.0101992j -0.0164437-0.0150958j -0.00207907+0.00792911j 0.0200105+0.0106986j 0.00629656+0.00328119j 0.00739704+0.00491636j 0.00596854+0.00963887j -0.00930734+0.00436598j -0.00822734+0.000540923j -0.0165382-0.00937845j 0.0134038+0.0122499j 0.0129836-0.000522413j 0.000552557-0.00461869j -0.0100386+0.00976215j -0.00248997-0.0130621j 0.00482715-0.0065207j 0.000523541+0.0128998j 0.0174044-0.0247143j -0.00590794+0.00250929j 0.00957121+0.0158588j 0.0179145-0.00300318j -0.0111443+0.0130097j -0.011039-0.00577035j -0.00265152-0.0106347j -0.0114686-0.00351953j -0.0119028-0.00494208j -0.00764301-0.0251674j 0.0115178+0.0213999j -0.0120489+0.0136291j -0.0141927-0.0136562j -0.00311022+0.00499497j 0.00784313+0.0137989j -0.00660224+0.0361176j 0.0293557+0.00590003j -0.00968838-0.00756976j -0.000117414+0.0144384j -0.00378854+0.0107742j -0.00152395-0.0107507j 0.0227546+0.00458176j 0.0092042-0.00880334j -0.000994504+0.0216597j 0.011852-0.00577387j -0.0130962+0.00598518j -0.000151476+0.00255424j -0.0234785+0.0121403j -0.00116515-0.00939774j -0.0201967-0.0150939j 0.00761903+0.00484377j 0.00766582-0.000700857j 0.0098487+0.018545j 0.0195693-0.0022336j 0.00823196-0.022542j -0.000769539+0.0089721j -0.00316617+0.00614628j 0.000377035+0.0127931j 0.0158316+0.00707207j 0.00523135-0.0105746j 0.00936125-0.0338423j -0.0256644-0.021441j 0.0205645+0.00531597j -0.0233945-0.0132702j 0.00304417-0.0114476j -0.0094036+0.00179179j -0.0248996+0.0299037j -0.0198625+0.00168992j -0.0154521+0.0216275j -0.0154988-0.00799476j -0.00649325+0.00356381j -0.025566+0.0021j -0.00221798-0.0189603j -0.00828677+0.0211799j -0.00758127+0.00515989j -0.00843092-0.00868605j 0.00837356-0.000606308j -0.0124063+0.0110328j 0.00563699-0.00658739j -0.0142912+0.0133784j -0.00275859-0.00929741j 0.00224516-0.00631247j 0.0180931-0.0297054j 0.00759632+0.00388892j 0.0113585-0.00429826j 0.00371545-0.0157786j 0.0133229-0.00875433j -0.00283049+0.00402507j -0.0169406+0.0295071j 0.00741311-0.0298874j -0.0336674+0.0244099j 0.00539209+0.0273413j -0.0226386+0.00661661j -0.0167034+0.00817117j -0.00987774+0.00535425j 0.00730558-0.0124986j -0.00532657+0.00226305j 0.0105483+0.0064648j 0.00375269-0.0126307j 0.0231267-0.0227824j 0.0138939-0.0398608j 0.0136259+0.0266952j 0.000157642+0.0353135j -0.00176429+0.0166979j 0.0154007+0.0180008j -0.0120426+0.0366748j 0.0216767-0.00666751j -0.016819-0.0135261j -0.0138013-0.0096738j -0.00789856+0.00640242j 0.00493837+0.00458951j 0.0203855+0.0286549j 0.0396668+0.0141985j -0.000543682-0.0113031j -0.0455181+0.00338932j -0.0206862-0.015636j -0.006922+0.0146657j -0.0169073-0.0182396j 0.0159534-0.0170923j -0.0053102-0.00609031j 0.00830531-0.00117569j 
-0.0197159+0.0105024j -0.00986226-0.0204791j 0.00917689+0.00603503j 0.00149497+0.00911433j 0.00645856-0.0202654j 0.00160151+0.000942258j 0.000924218+0.0127917j -0.0317559-0.00399377j 0.0181952+0.0024402j -0.0106773-0.00654942j -0.00503941+0.011443j 0.0192091-0.00625733j 0.00036018+0.00227659j 0.0144302-0.0032837j 0.0056309+0.0269749j 0.000907873-0.0272819j 0.00927488+0.00108533j -0.00111787-0.00463244j -0.00502792+0.00925329j -0.0112025-0.00431754j 0.00895861-0.0120793j -0.000891795+0.00987428j -0.00949659-0.00152371j -0.00697085+0.00792599j -6.06424e-05-0.0196898j 0.0188696-0.0106853j -0.0198387-0.00272813j 0.00269954-0.018803j 0.0104751+0.00573068j 0.00655139-0.000720297j -0.00377703-0.0123516j 0.00605023-0.0024875j -0.01021-0.00558946j 0.0122503+0.00310405j -0.0109871-0.00158378j 0.00274335-0.015819j -0.00269606+0.00169583j -0.0119561-0.0149458j 0.004803-0.00302969j -0.0137585+0.0145318j -0.0134725+0.00893726j 0.00819098-0.0080195j 0.00747364-0.00292372j -0.011035-0.0128349j -0.00581767+0.00713314j -0.0113406-0.00704458j -0.0114179+0.0292476j -0.0141953+6.66887e-05j 0.00108082-0.00181601j -0.000370163+0.0015659j -0.00396969+0.00139773j -0.00480784-0.00320322j -0.0104076-0.00769611j 0.0122879+0.0236983j 0.0187618-0.0125134j -0.0232185-0.00583624j 0.00721049+0.00324652j -0.0192711-0.00554003j 0.0169131-0.00807541j -0.0157454-0.000353086j -0.00655888+0.00789098j -0.00376063-0.0061461j 0.0038645-0.0109787j -0.0019594-0.00388378j 0.0010574-0.000551127j -0.00316166-0.0119428j 0.00111372-0.00125864j 0.00125791+0.0072443j 0.00999973+0.00191953j -0.00945468+0.00666508j 0.00563583-0.00455629j -0.0220029+0.0180764j -0.00509381+0.00900686j -0.00673531-0.00933287j -0.00976526+0.022041j 0.0217954+0.0149648j 0.00749674-0.00186901j 0.00160915+0.00960853j -0.00351513+0.0110513j -0.00750576-0.010742j 0.00304956-0.0132227j -0.00623136+0.00771748j -0.00497621-0.00977167j -0.00779518-0.0022017j 0.00606484-0.000277741j -0.00888167+0.0059085j -0.0026713-0.00193271j -0.00252361+0.00575447j 0.00115427+0.00289036j 0.0182647+0.00203012j -0.0114557+0.0222942j -0.00422097-0.0066149j 0.0176671+9.90709e-05j 0.00380836+0.0120264j 0.012423+0.0129433j 0.000811259-0.0075521j -0.0122312-0.0129885j -0.00168236+0.00476926j 0.0192918-0.00552503j 0.00274127-0.00337184j 0.00333871+0.00688262j 0.00850257+0.00261822j -0.0015008+0.00789585j -0.0118169+0.00885712j 0.00260983-0.0112091j 0.0190412+0.01118j 0.00557029+0.0114243j -0.0064872-0.0135352j 0.0174895+0.000412082j 0.0113073+0.00672321j -0.000650287-0.00770824j -0.00263394+0.00327361j 0.00751467+0.00528868j 0.00851895+0.0106887j -0.0107281-0.00563874j -0.0115521-0.0137386j -0.00265618+0.00116467j -0.00486533-0.0238879j -0.00489876-0.00493752j -0.0170414-0.00472938j -0.0158113-0.00268164j 0.00480632-0.00249047j -0.00135635+0.005524j 0.0106521-0.00324729j 0.00063963+0.00531459j -0.00950918-0.00925778j -0.00905501-0.00499949j 0.00960204-0.00478747j 0.00151756-0.0153287j 0.00257859+0.012817j -0.00165118-0.00508751j -0.00447766+0.0152389j 0.00215701+0.00781125j 0.0142028+0.00313386j 0.00786303-0.00344106j 0.00566056+0.000800244j -0.0122804+0.0157341j -0.0108063+0.00803592j 0.00405389-0.00175294j 0.013753-0.00786303j 0.0159291-0.003875j -0.0160289+0.000495698j 0.00886639+0.00586721j 0.0071255-0.0141j -0.0143384+0.00312511j 0.00545338-0.0110605j 0.00405059+0.00790948j 0.00387096+0.0100186j 0.00556722+0.0105683j 0.0251843+0.00895461j -0.0170518-0.00898324j 0.0131543-0.00527515j 0.0116875-0.0209377j 0.00817922+0.000264322j 0.00297915-0.015352j 0.0219111-0.00973987j -0.00676323+0.0143646j -0.0150004+0.00945819j 0.00554938+0.0126067j 0.00250917+0.0082391j 0.00294578+0.00707181j -0.00919687+0.0231649j -0.00754552-0.0149371j 0.00235198-0.000582201j -0.00335363-0.0022903j -0.000982346+0.0283437j -0.0171871+0.00582624j 0.00192393+0.0073721j 0.00793475-0.00511209j 0.0193812+0.0113784j 0.0065345+0.0142491j 0.00348667+0.0179934j 0.00349658+0.00305504j -0.00819864-0.0246375j 0.00247537-0.000776332j 0.0267118+0.00079556j 0.0251184-0.0191406j -0.0056934-0.0246004j -0.00794055-0.0175101j 0.00052058-0.0031481j 0.0223917+0.00295925j -0.0166037+0.00505467j 0.00682844-0.00370403j 0.0312842+0.00554388j 0.00810061-0.0102335j 0.00254326+0.00788436j 0.0145116-0.00980698j 0.0198042-0.00990567j 0.000476181-0.00235915j 0.00128968-0.0115103j -0.0066297+0.0128467j -0.00519025+0.0107785j -0.00867964-0.0139087j 0.0127448+0.00969398j -0.0121504+0.000894173j 0.00426064-0.00448549j -0.00028398-0.000343443j 0.00508715+0.00978449j -0.00510973-0.007258j -0.0239883+0.00477666j -0.00753713+0.0021976j 0.00684307-0.00988429j 0.010337+0.00391182j -0.0115796+0.00447016j 0.000711469-0.00235356j -0.000751305+0.00565858j -0.0200748+0.00154326j 0.00209318-0.0103475j -0.020076+0.000695994j 0.00226712-0.0158528j 
0.00429747-0.00710091j 0.00669464+0.0058849j 0.000574982+0.0115743j -0.0131381-0.0029625j -0.00754565+0.000924377j -0.00128105-0.00481285j 0.00540035+0.011725j -0.00875005+0.00648257j 0.00404085+0.00346858j -0.0230573+0.0068812j -0.00119331-0.00927527j 0.0079663+0.00655426j -0.00201448+0.00573019j 0.00962193-0.0099898j -0.000519404-0.0115657j 0.00559462-0.0127581j 0.00816845+0.00865248j -0.00410791-0.0250525j -0.00870997+0.00706869j 0.00600647-0.000277793j 0.00526786-0.00130069j 0.00233825-0.00436807j -0.0116433+0.00540951j 0.0120312+0.00420576j -0.0122206+0.0117714j 0.0307757+0.00112308j 0.0175092+0.00311381j 0.00837698+0.0106918j 0.00352078+0.00179981j 0.00129192+0.00948808j -0.000758618-0.0167871j 0.0190494-0.00420646j -0.000435578+0.0125682j -0.00303723+0.00234699j 0.00829871-0.00803575j -0.00540453-0.0207027j -0.0015946+0.00872065j 0.00532501-0.00407444j -0.0077259-0.014665j -0.000876425-0.0168375j -0.0182002+0.00229022j -0.0103711+0.00952528j 0.00619125+0.00785705j 0.00689773-0.0164051j -0.00299063-0.0080536j -0.0108876+0.000279875j 0.0225654+0.0187034j -0.00830149-0.0127915j 0.0165404+0.0106281j -0.00830301+0.00450991j -0.00950972+0.0176739j -0.00578054+0.00741507j 0.0290453+0.00202806j -0.00590446+0.0212388j 0.00884003-0.00304882j 0.00169938-0.0103625j -0.00373495+0.00947786j 0.000732817+0.001048j 0.00344469+0.0250255j -0.0243568+0.0006742j -0.00796383+0.0034939j 0.0043743-0.016146j 0.00738437-0.00284525j -0.0150689-0.00867097j 0.010274-0.0157933j 0.00775047-0.00138815j -0.00127781-0.0255924j 0.0155077-0.0220893j -0.00549186-0.0206048j 0.00326932-0.00962778j -0.00650557-0.00343111j -0.00437776+0.0237184j 0.0111072-0.00550884j 0.00275167-0.0144728j -0.00417235+0.0116675j 0.0324194+0.016856j -0.0218282+0.0076744j 0.017995-0.00520256j 0.0116701-0.00673758j 0.016254-0.0257781j 0.000310878-0.00332742j -0.00351631-0.0140439j -0.00692126+0.00771181j 0.0249858+0.00708808j 0.0338792+0.00777451j -0.00721663-0.00341627j -0.00117559-0.00799336j -0.0229977-0.0208393j -0.00689588-0.010799j -0.0121091-0.005178j -0.00111597+0.0129569j 0.00319987+0.00981338j -0.00876281-0.0107684j -0.0113549+0.00743775j 0.00269959+0.00885125j 0.0112543-0.0078783j -0.0136661-0.000578107j 0.00232425+0.00496538j 0.00883923-0.010745j 0.0104011-0.0102522j -0.00183189-1.84798e-05j 0.0124883-0.00199047j 0.00771995+0.0216018j -0.0245145-0.012816j -0.0147111-0.024246j 0.0164177+0.00994237j -0.0178049-0.000231026j -0.0129302+0.00469061j -0.00635701+0.000799443j -0.0115577-0.000469168j -0.0170717-0.00668142j 0.00506615+0.00649004j 0.0123713-0.0149362j -0.00833518+0.0087952j 0.0250822-0.0158614j -0.0188152-0.00610264j -0.00717088+0.0171588j 0.0105025-0.0114628j -0.0118281-0.0164156j 0.0200942+0.00174445j -0.0103801+0.00309508j 0.00307751+0.00133578j 0.0107576+0.0157504j 0.0237327+0.0126065j -0.00568098-0.0109722j -0.00512713-0.00950791j -0.00197319-0.00179537j 0.0124626+0.00798915j 0.0167075+0.0102764j 0.00579171-0.00188996j 0.00659737-0.00804879j 0.00491744+0.00520501j 0.000570838+0.0103732j -0.00177702-0.00528638j 0.00624828-0.00197292j -0.0193392+0.00426819j -0.00586526+0.00391362j -0.00893108+0.0202386j 0.00499557-0.00531382j -0.00472613-0.0186465j -0.00234123+0.0239295j -0.00419997-0.00673453j -0.00600189+0.00537785j -0.0243275-0.00577366j -0.0002228+0.00542252j -0.000109636-0.00718368j 0.00384323+0.0118479j 0.0156993+0.00793069j -0.0191082-0.0149544j -0.000206223-0.00569069j -0.00856813+0.0022311j -0.0109076-0.0121632j 0.00290124-0.00764312j 0.00375157+0.000224523j -0.0129264-0.00819252j -0.00451439-0.00039339j 0.001213-0.00203035j -0.0192832+0.0198301j -0.02657-0.0104519j -0.0165031+0.00865977j -0.0260848-0.01643j -0.00341707-0.00948873j -0.00767619+0.015052j -0.0209952-0.00824905j -0.00705455+0.000287475j 0.0057438+0.00174659j 0.00776992-0.0069372j 0.00753546+0.0239363j -0.00530673-0.017749j 0.000577915-0.00379334j 0.00590484+0.0038996j -0.0123181-0.0207859j -0.0130268+0.0238312j -0.011719+0.00143457j -0.0179758-0.0156824j -0.00263083-0.00128863j -0.00709457+0.0117877j -0.0078483+0.00897406j -0.0154439-0.0225666j -0.0168007-0.00294494j 0.00142756+0.0116065j 0.000221906-0.00272983j -0.00579737+0.00363841j -0.00636569-0.0061331j -0.00627184-0.0129373j 0.00144053+0.00533247j 0.00928485+0.000388869j -0.0146484-0.00659183j -0.00502404-0.000590817j -0.000827486-0.0143395j 0.0109418-0.0189561j -0.00303584+0.00958587j 0.0217615+0.0222698j -0.00634232+0.0167829j -0.00121934+0.0099654j 0.00505342+0.00378623j 0.00527589+0.0112447j -0.00847369-0.00335323j -0.00420221+0.0133506j 0.0150545+0.00557591j 0.00653288+0.025261j 0.0101869+0.0158021j -0.00323285-0.010438j -0.0103011-0.0113828j -0.00779512-0.000388783j 0.0049439+0.0109386j 0.00758779-0.0196157j 0.0193683+0.00168397j -0.00110792+0.0122256j -0.0112175-0.00493595j 
0.0101352-0.000406623j -0.00329626+0.0066641j 0.01533+0.00876554j -0.00115868+0.0132873j -0.00715017-0.00699519j 0.00548755-0.0109531j 0.0124798+0.00668123j -0.0140012+0.00750719j 0.00618376+0.0164703j 0.00167468+0.0014492j -0.000146317-0.00735985j 0.00727553-0.00150001j 0.00547027+0.00813832j -0.0107004-0.00299937j -0.00512643+0.00711712j 0.00187118-0.0166935j -0.0158664+0.0033423j 0.0123001-0.0131519j 0.012871-0.00361521j 0.00743915+0.0302102j 0.00943113+0.0134014j -0.0108576-0.0178802j 0.0018633-0.00517751j 0.00403345+0.00839685j 0.00538761+0.0131451j 0.01867-0.00545627j -0.0157257-0.0135773j -0.0116805-0.010141j 0.00368506+0.0133006j -0.00250867-0.00373096j -0.0112084-0.0159524j 0.00263992+0.01135j -0.00431837+1.74077e-05j 0.0100316+0.0138192j 0.00893039-0.0172585j -0.0212774-0.0103049j -0.00553273+0.00477157j 0.00343818-0.0016674j 0.0105432-0.01176j 0.00619809-0.0050611j 0.000102816+0.0152607j -0.01113-0.00466199j 0.00513189+0.00416262j -0.00704391-0.00278458j 0.00408407-0.00589061j -0.0096256-0.0109726j 0.00196169+0.0345886j 0.00362818-0.00387898j 0.0029294-0.0121362j -0.00222152-0.00194279j -0.0132726+0.00181974j -0.0151905+0.0030316j -0.00959832+0.00768011j 0.0030153+0.00733699j -0.00211486-0.00154056j -0.00812796+0.00687712j -0.0053732-0.0098321j 0.0145455+0.00942077j -0.00354288+0.0188063j -0.00303846+0.00806508j -0.0138071+0.00343121j 0.0103684-0.0043441j 0.0160306-0.00431884j -0.00166663+0.00126049j 0.00428362-0.00377512j 0.00337936-0.000230534j -0.011383-0.00466334j -0.0135949-0.00122256j -0.00309721+0.00754009j -0.0103933+0.0226456j 0.00842894+0.00598164j -0.0057206+0.00787695j 0.00247018+0.00448569j 0.00139399-0.00210026j 0.00330758-0.00327874j -0.00144581-0.00450025j 0.000296291-0.00449266j -0.00207576-0.000721161j 0.000908463+0.00295913j 0.0136458-0.0164455j 0.00826322+0.0212086j 0.00327625-0.00945764j 0.00908623-0.0209894j -0.00153336-0.0119634j 0.00732552-0.0109037j 0.00214045+0.00291304j 0.000779342+0.0153163j -0.0108324-0.0057608j -0.0166413+0.00583442j -0.00117217+0.01039j 0.00535347+0.00343187j 0.0120864-0.01093j -0.00883743+0.0137561j 0.0161024+0.00566812j -0.000796095+0.0113427j 0.00505653-0.000118534j -0.0128825-0.00804896j -0.00931017-0.00643317j -0.00362547-0.00740195j -0.00955683-0.00341677j 0.00610616+0.000947794j 0.00445496+0.0122773j 0.0155183+0.0119326j -0.000609445-0.0140775j 0.00687428+0.0154027j 0.00165701-0.0140712j 0.00118301+0.000676711j 0.0192741+0.0159658j -0.00939541-0.00559571j -0.00359754-0.0100403j -0.00396943-0.019908j 0.00881117-0.00899337j 0.00380791-0.012736j 0.0217675+0.0292147j -0.00119091-0.00892278j -0.00184186+0.00355925j -0.00928303-0.00506846j 0.0121103+0.00394372j 0.00835312-0.00815766j 0.00933986-0.000165214j -0.00728358+0.0233147j -0.00618113-0.000931012j -0.00708599+0.0102916j -0.0233203-0.00342932j -0.00767323-0.0256644j -0.00180694+0.00332135j 0.00428821+0.00113336j 0.0082998+0.0140469j 0.00065579-0.0163971j 0.00528322+0.00204678j -0.00255713+0.00395599j -0.0279981-0.0125095j -0.00432748+0.00819758j 0.0019356-0.0100779j -0.000374614+0.0136702j -0.01539+0.00465412j -0.00719353-0.00103994j -0.0180978-0.00521281j 0.000457508-0.0102836j 0.000820621-0.0208622j 0.0061418+0.00279616j 0.00121898-0.0183375j 0.00490245+0.00877912j 0.0151222+0.00308626j 0.00220185+0.00422532j 0.00430156-0.0120665j -0.00888639+0.0013404j 0.00295944+0.00536101j -0.00640143+0.00781459j 0.0101783-0.0176596j 0.00826269+0.0083268j -0.00866642-0.0055668j 0.0191171+0.00824747j -0.00288969+0.00727904j 0.000363463-0.0258607j -0.00197248-0.0208532j -0.000542972-0.00863771j 0.0107883-0.0043742j -0.0183608-0.00510683j 0.0125188-0.00229065j 0.00210268+0.000145651j -0.00764484-0.0222364j -0.0150105+0.0206741j 0.0122304-0.020615j -0.00692684-0.0150814j -0.00181489+0.0271206j 0.0170221+0.0113031j 0.00851323-0.0122448j 0.00658506-0.0171752j -0.0179035-0.00034352j -0.0104199+0.00463653j 0.000560567-0.0018115j -0.0125055+0.0126971j -0.0113286-0.0256617j 0.00591258-0.0123366j 0.0261628-0.0183412j 0.0170845-0.00727662j 0.00589257-0.00900583j 0.0222885+0.0367889j -0.00648897+0.00361567j 0.00848848-0.0214199j -0.0264745-0.019989j -0.00406575-0.00329394j 0.0120439+0.00874007j -0.0108241+0.0159985j -0.000529016-0.0075104j 0.0193756+0.00730706j -0.00150341-0.00391314j -0.0163451-0.0184963j -0.014837+0.00259614j 0.018348-0.0177974j -0.00224396+0.0185573j 0.000772356+0.0048483j 0.00814645-0.0153807j -0.0038572-0.0161959j -0.0178172-0.0106179j 0.0318251-0.0237579j 0.0121875+0.0160196j -0.00236069-0.0101919j -0.01281-0.00468789j 0.0122701+0.0219738j 0.0041903-0.0241969j 0.00313507+0.0294867j -0.012067+0.00162938j 0.0196176-0.00699249j -0.0083017-0.00887874j 0.00180304+0.00213265j 0.00770652+0.00168771j -0.0144482+0.00313302j -0.003456-0.0170772j 
0.0207463+0.00626213j -0.00910515+0.013278j -0.0195219-0.00382906j 0.0130804-0.0086102j 0.0189784+0.00441294j -0.0138307+0.00879269j 0.0029399-0.0174937j 0.00838383-0.0104989j -0.00738873+0.00866713j 0.026982-0.0168308j 0.00390629+0.00731566j -0.0167933+0.0174609j -0.00191618+0.014076j -0.00919709-0.0128089j -0.00205547-0.00233365j 0.00708541-0.0204057j -0.008666-0.00386171j 0.00732126+0.00660482j -0.00432737-0.00554582j 0.0181562-0.00355336j -0.00296241+0.0178376j 0.0142192-0.0158762j -0.0109162+0.0122808j 0.0107246-0.00208445j 0.0139894+0.00773224j 0.0118314-0.00896137j 0.0077418+0.00765956j 0.00132887-0.0124736j 0.0113274+0.00790669j -0.0061344-0.00885181j -0.0111929+6.49299e-05j -0.00200412+0.0067074j 0.00105927+0.00556536j 0.0140357-0.00662676j -0.00110896+0.00800528j -0.00745999+0.00521017j 0.00233232+0.00962565j 0.0239868-0.00117583j -0.00347123+0.00307082j -0.00154311+0.00723254j 0.00736801+0.0129492j 0.0135969-0.00959709j 0.00919878+0.0046541j 0.0204908+0.0132078j -0.00216609+0.0121187j -0.00559458-0.00390924j -0.0212736-0.0196688j -0.00196823+0.00964981j 0.00919655-0.00162645j -0.00907502-0.00352663j -0.00275785-0.00145725j 0.00968257+0.0104817j 0.0165936-0.0132787j 0.0088574-0.00370409j -0.000517673-0.0250404j 0.00386267+0.0091361j 0.00904839-0.0155777j -0.00174956+0.0182273j -0.00166183-0.00477211j -0.0177+0.000214314j 0.00168244-0.0063591j 0.00724208+0.0131169j 0.00218973+0.00115622j -0.0174163+0.0273228j -0.00814964-0.00252873j -0.00502373-0.0301663j 0.0122378-0.000232303j 0.0157454-0.0227749j -0.0035681+0.00813872j 0.0036871+0.0140073j 0.0177945-0.00692104j -0.0191809+0.00961411j 4.56653e-05+0.00436932j 0.00654451+0.0128569j -0.00483077+0.00131016j 0.00175869-0.019122j -0.00645333-0.00787666j 0.00629199+0.00716485j -0.00405861+0.00260893j 0.0114011+0.0021913j -0.00426987+0.011562j 0.017641+0.0133957j -0.0192509+0.00893194j 0.0187215+0.000203862j -0.00194786+0.0141594j 0.0101467+0.00285505j -0.00340976+0.0116263j -0.0126395-0.00986423j -0.0233148-0.00416331j 0.0175051-0.00893508j -0.0359451-0.00864586j 0.00181141-0.0212721j 0.00210094+0.0136838j 0.00646247+0.00118441j 0.00839729-0.00696985j 0.0110092+0.00750667j 0.0262608+0.0159865j 0.0121169+0.0043324j -0.0071258-0.00307592j -0.0048733-0.0188458j 0.0197108-0.00245548j -0.026139+0.00328848j -0.00835439+0.00376511j -0.0115163-0.000796437j 0.00391501+0.000224768j 0.00198793+9.51737e-05j -0.00687474-0.00491859j -0.00940147-0.0180429j 0.000620083+0.00556977j -0.00273042+0.000553881j -0.0137272+0.00394332j -0.0142683+0.000616194j 0.0262386+0.000304429j 0.000917125+0.00439551j 0.00147205-0.00832235j 0.0134083-0.000724092j -0.0148657+0.0148761j -0.00620188-0.00439591j 0.00130753-0.00278434j 0.000641285+0.00411826j -0.00889287-0.009287j 0.00647571+0.0142726j -0.00084715-0.00493537j -0.00960619+0.0236284j -0.00469468-0.0170885j 0.0253364+0.00867237j -0.0116437+0.0228274j 0.0081536+0.00878138j 0.000894265+0.0146933j 0.00394631+0.00600911j -0.00030481-0.0043383j -0.00200784+0.0179968j 0.00949114-0.00394825j -0.0115854-0.0154822j -0.0016551-0.00650798j 0.00188897-0.00587639j -0.0095887-0.0106649j 0.00212849+0.00927467j -0.00770843-0.00157953j -0.0029827-0.0077939j -0.0077452-0.00253592j -0.00441605+0.0116178j -0.00577868-0.0202932j 0.0018016-0.00314465j 0.000708431+0.00797941j -0.0193202-0.0211727j -0.0026+0.000924633j 0.0121432-0.00380371j -0.0109205+0.0301558j -0.0164487+0.0102099j -0.00194376+0.00302477j -0.0171794+0.00830971j -0.00874739-0.00705637j -0.0150301-0.0154697j -0.0171474+0.0186047j 0.0140684-0.000951501j -0.0137825-0.0255091j -0.0109705+0.0213308j -0.0250192-0.013697j 0.00443732-0.00941147j 0.00289546+0.014074j 0.00670203+0.00849925j -0.0165518-0.0100384j 0.00123435-0.0191074j 0.00234761-0.0101311j -0.00403894-0.0146774j -0.0297398+0.00377702j -0.0219441+0.0174637j -0.00380321+0.0142472j 0.0116325-0.00192219j 0.00518023+0.0297438j -0.0319625+0.0361778j -0.00506215-0.00369974j -0.0104251+0.000333153j 0.00100225-0.00419637j -0.00258947+0.0132597j -0.000467691+0.0181044j -0.0112713-0.0119505j 0.0163838+0.0182963j 0.0265299-0.00456818j 4.46783e-05-0.0177168j 0.0101624-0.0156556j 0.00365529-0.0230247j -0.00997164-0.0118019j -0.00429216-0.0128581j 0.0199276-0.00404419j -0.00827157-0.00213317j -0.00672338+0.0159509j -0.00352753+0.00150968j 0.011536+0.00709938j -0.00181615-0.0225784j -0.00908795+0.000183299j 0.00940618-0.000104011j -0.0257044-0.0272527j 0.00687326-0.00259155j -0.0108636+0.0186429j 0.0244574+0.0209767j -0.00838649+0.0205393j 0.00982398+0.0202394j 0.0108945+0.010139j 0.0169761+0.0157934j -0.00785799-0.00469676j -0.0180331-0.00342637j 0.014633+0.0152664j 0.00345186-0.000267515j 0.0115028-0.012982j 0.0111248+0.0245077j -0.0256287+0.00704731j -0.00908974-0.0065639j 0.00106392-0.0127221j 
0.00542374+0.0244785j -0.0160355+0.0123647j -0.013872+0.00720373j -0.0159542-0.0158347j -0.00553736+0.0143539j -0.00815455-0.00957681j -0.0255428-0.016013j 0.0109678+0.00868527j 0.00145059-0.000907049j -0.000839142+0.00263686j 0.0118606+0.0102851j -0.00857308+0.012425j 0.0328669-0.0229384j 0.0110014+0.00523389j -0.00599469-0.00238202j -0.023002+0.0327703j 0.0136172-0.00791311j 0.00750606+0.00257051j -0.00064548-0.0126435j 0.0112803-0.020516j -0.0162613-0.0206436j -0.0137205+0.0175172j 0.00576011+0.0218028j -0.00736819-0.0211998j 0.00438122-0.00803217j 0.00258303+0.000592845j 0.0010718-0.00674193j 0.0160296+0.0176117j -0.014872+0.000719888j 0.00932459+0.00432822j -0.00361866+0.00367196j 0.000496904-0.0123312j -0.021047+0.00458694j 0.000604532-0.0137896j 0.00068102-0.0188652j 0.00619236+0.0178879j 0.00375433-0.000258007j -0.0105011+0.0265701j -0.00310328+0.0115369j 0.0137638-0.00333327j -0.0237949+0.00766901j 0.0248729+0.000846196j 0.0168153+0.0109247j -0.020878-0.00969665j 0.00704931-0.0147709j -0.00906109+0.00600975j -0.0148084+0.0257405j 0.0198241-0.0150201j -0.0260231+0.0121544j 0.0101839-0.00393542j 0.00455162-0.0168842j -0.00110049-0.000239044j 0.00604954+0.00686621j 0.0051255+0.0111589j -0.0130572-0.0146621j 0.00814364+0.00329805j 0.00179716-0.00412644j -0.0109947+0.000206397j 0.018485+0.0192165j 0.0100958+0.00996882j 0.00856041-0.0027634j 0.00279795+0.0016148j 0.00470754-0.00113939j -0.0102586-0.0197511j -0.00881395+0.0158538j 0.00794538+0.00747261j -0.0381062-0.00276927j 0.0309284+0.0123833j 0.0032967+0.0168821j -0.00683913+0.0172157j 0.0108909-0.0328171j -0.0114433+0.00567346j -0.00248488-0.00184475j 0.00965873+0.00706603j -0.0117327+0.00207323j 0.0122345-0.0273538j -0.00469961+0.00856246j -0.0186954-0.000547451j -0.00340066+0.00319193j 0.00735484-0.00471138j 0.00252244+0.00706575j 0.00136785-0.0248514j -0.0139351-0.0143956j 0.00376624-0.00627511j -0.0192244-0.003573j -0.0377026+0.00392856j 0.00214693+0.00766706j 0.0154446-0.0119882j 0.0144663+0.00610976j -0.0116723+0.00275411j 0.0242398-0.00502942j -0.018983-0.00509858j 0.00640765+0.0298614j -0.00827688+0.00350647j -0.00873969+0.00306028j -0.010096-0.00108254j 0.0029326+0.000827142j -0.0134248-0.0147604j 0.0125788-0.000208315j 0.0140725-0.0330325j -0.00417151-0.00811552j -0.0163079+0.024079j -0.00319539-0.00282966j 0.0135636+0.00414048j -0.016561+0.00846646j 0.00194874-0.0030721j -0.0112167-0.0114291j -0.00820349+0.0071234j 0.00281415-0.021318j -0.00208881+0.00285155j 0.00012184-0.00564606j 0.0117016+0.0048861j 0.0224169+0.0119454j -0.0269106-0.00606491j 0.0143173+0.0141777j -0.0182861+0.0129656j 0.010886-0.00598653j -0.00297695-0.00761902j -0.0221993+0.0257792j -0.00584861-0.00311414j -0.0119446-0.0114296j 0.00324444+0.000532071j 0.000764832-0.00307319j 0.0266812-0.0152194j -0.0209275+0.0189476j -0.0180203+0.0129102j 0.00417138-0.0158285j -0.0332795-0.0326423j -0.00635833+0.00655254j -0.00136617+0.0193119j 0.00159987-0.0100466j 0.0149527+0.00363972j 0.00106516-0.00645112j -0.00528099-0.00253573j 0.00180437-0.00271587j 0.0109514-0.00716134j 0.0225789+0.00651923j 0.00977255-0.0142897j 0.00983692+0.00627361j -0.00547805-0.0176865j -0.00531437+0.00887959j 0.00835258+0.0140489j 0.00966471+0.00283025j -0.00518811-0.0134029j -0.00874061+0.00363959j 0.0228642+0.00527488j -0.00634233-0.0300904j 0.0171349-0.0090983j -0.0151515-0.0141012j -0.0032031-0.0127966j -0.024003+0.00998807j 0.00731674+0.018061j 0.0191209-0.00750006j 0.001861-0.0148076j 0.000395796-0.00056272j -0.00661312-0.00638985j -0.00613885-0.00438401j 0.00355708+0.00426122j 0.00164377-0.0266191j -0.0146704-0.0232934j -0.000804985+0.00762752j -0.00958138-0.00665453j -0.0139893-0.00144078j -0.00090918-0.00216358j -0.00313985+0.00282546j -0.0210513-0.0159241j 0.00336425+0.0120553j -0.016506+0.00456167j 0.0040606+0.0284551j 0.0242548+0.0212603j 0.0154212-0.0187871j 0.00883661-0.00379763j -0.00973021+0.00115995j -0.00809281-0.00233758j 0.00917988+0.0157886j 0.00382945-0.000357261j 0.000570643+0.00862945j 0.00654577+0.0226711j -0.00680548-0.0099618j 0.000582736+0.0338754j -0.0117767+0.0212728j 0.0182607+0.0202692j -0.017932+0.00744708j -0.00864683-0.00104085j 0.0196049+0.0119821j -0.000308216-0.000314301j -0.00777964+0.00143991j -0.007354+0.0325359j 0.00987113+0.0103566j 0.0176282-0.0270917j -0.0199255+0.00295442j 0.00459-0.0264454j 0.00234468-0.00572332j 0.00166813-0.00477543j -0.00626924-0.00110208j 0.00731591-0.00820128j 0.00162399-0.0194838j -0.000864444-0.0234441j 0.0196276-0.0042923j 0.0190154-0.0152554j -0.00476169-0.0406985j -0.0149582-0.00409661j 0.03099-0.0214221j 0.00884249-0.0432419j -0.00830609-0.00326187j 0.0144664+0.0189371j 0.00891695-0.0313039j 0.0205749-0.00508498j -0.00169266-0.00193693j 0.0126817+0.000476986j 
-0.0367264+0.00654561j 0.00132457-0.0344862j 0.0387111+0.0235208j -0.0284364+0.0151071j 0.00491614-0.0130594j -0.00919986+0.00226612j 0.0258497+0.0255057j -0.0253058+0.0143086j 0.0038927-0.0215514j -0.0271668+0.00714286j 0.00211802+0.00823586j -0.0265746+0.0105095j -0.00938536-0.0248444j -0.0223428+0.00409045j -0.00645016+0.0063476j 0.0121809-0.0104662j 0.0250524-0.00805083j 0.00699896+0.0130148j -0.0123897+0.00781645j -0.00862456-0.00221704j 0.0152465+0.0131883j 0.018979-0.00292584j -0.00634822-0.00267904j 0.0186665+0.00279774j 0.0166412-0.0167124j 0.0118396-0.00764199j -0.00150984+0.00899137j 0.00926949-0.0236056j 0.0226887+0.00739475j 0.0100888+0.00371314j 0.00222428+0.0208714j -0.00453691+0.00959393j -0.0186581+0.00238189j -0.019756+0.00252453j -0.00177776+0.011459j 0.00814279-0.00510184j 0.000696572+0.00110322j -0.017965-0.0143658j -0.0173604-0.00123952j -0.00268814+0.0214029j -0.00677053+0.0105243j -0.0131067+0.00223749j 0.009218+0.0315453j 0.00220878-0.00723754j -0.00894559+0.00102841j 0.0149341-0.00149067j 0.0306335+0.0122923j -0.0130733-0.00173001j 0.00597278-0.00567108j -0.00986529-0.00478249j 0.00330277+0.015713j 0.00731844-0.00104553j 0.0193373-0.00388325j -0.0025172+0.00404525j 0.0158414+0.00974516j -0.00227187+0.000250356j 0.00706067-0.00194155j 0.0074489+0.00157173j -0.0107278-0.0211788j -0.00961035-0.00373593j -0.00527454-0.00892894j -0.00051081+0.0240196j -0.00948179+0.00291967j 0.00383255+0.00636177j -0.00790074+0.000601499j 0.00655578+0.00525139j -0.000147346-0.0130781j 0.0147013+0.00675514j -0.000358693-0.0225441j -0.00272187+0.00451055j -0.0064305+0.00845853j -0.0158368+0.0156842j 0.0105795-0.00248243j -0.0241392+0.0166875j -0.00933237+0.0107853j -0.00326444+0.00567479j -0.00192998+0.00321674j 0.0195975-0.00630483j -0.00252141-0.00460075j -0.00192523-0.0197334j 0.00792926+0.00498299j 0.0213989-0.00428554j -0.0270646+0.00466315j -0.00284657-0.0087107j -0.00153113-0.0132504j -0.00175149+0.0145149j -0.0178917-0.00197273j -0.00734783-0.00185218j -0.0016615+0.00871495j -0.00129177-0.0042851j -0.00600189+0.0104092j -0.00239106-0.000246473j 0.00813463-0.00818404j 0.0111789-0.00490126j 0.017324-0.00264995j -0.0138766-0.0218847j -0.00138222+0.00215927j 0.0179239+0.000614126j 0.00980803+0.0107645j 0.0157058+0.00657819j 0.0188592+0.006175j 0.00542305+0.0116414j 0.00141607+0.00746265j -0.0111128-0.0137176j 0.0203155+0.00631733j -0.00223105-0.00160025j 0.00241253-2.38662e-05j -0.00908724-0.00139614j 0.00325767+0.0134809j -0.00513373-0.00906318j 0.0257523-0.0067417j 0.0079705+0.0176495j 0.0155535-0.00146336j -0.0132667-0.0140684j 0.0133985-0.00148685j -7.48583e-05-0.020905j 0.00858509+0.00422123j 0.00480842+0.00263098j -0.0147846+0.000995714j 0.0107504-0.00818483j 4.55618e-06+0.04123j 0.00811445+0.000361938j -0.00155728+0.0165945j 0.00315979+0.00767402j -0.00666651-0.014847j -0.00328166-0.00298556j 0.0141933+0.00443131j 0.00476319+0.0232588j -0.000345386+0.00969784j -0.000423279+0.00893706j -0.00900103-0.000511738j -0.00128545+0.00454916j 0.0150669-0.00763532j 0.00169588+0.00173533j -0.00447874+0.0110278j 0.0178011-0.00493207j -0.0228444-0.00235446j 0.0157936-0.00554398j 0.00147742-0.0021904j 0.0179623-0.0105206j 0.0224261+0.0248258j -0.00215534-0.00108749j 0.00195242+0.0027709j 0.00494239-0.024002j 0.00124077-0.0084646j -0.00966589-0.0148908j 0.00181968+0.00947542j -0.000616121-0.00789901j -0.00887209+0.0170507j 0.0100548+0.0164293j -0.0138907-0.0126023j 0.0210235+0.00525787j 0.00765646+0.0131233j -0.00481791+0.00687052j -0.00390365+0.0157356j 0.00422079+0.00553962j -0.0166732+0.0089984j -0.0311384+0.00502557j -0.00853561-0.00632601j -0.0121105-0.0160199j 0.0160937+0.00441567j -0.00664538-0.000733231j 0.00947474+0.00777975j -0.00247072-0.00523984j -0.00281312+0.00690366j -0.00261305+0.0149504j -0.00593816-0.00309987j -0.000960384-0.00827161j 0.0176844-0.014352j 0.000225155+0.00562818j 0.00407657+0.0129545j 0.014853-0.00273848j 0.00193218-0.0234257j 0.00303513+0.00513874j -0.0132969-0.0055981j -0.0159531-0.0101418j 0.0149039+0.0183538j -0.0180342+0.00773574j 0.0043859+0.00508763j -0.00996972-0.00315092j -0.00349007-0.00394433j -0.0308124+0.0132022j 0.0269913+0.0011694j 0.0138851+0.00910559j -0.00586016+0.0136294j -0.00644524-0.0104776j -0.020168+0.00512376j 0.0160186-0.016702j -0.00225964-0.0110784j 0.00341588+0.00423496j 0.011041+0.00125663j 0.0159749+0.0193162j 0.00492317+0.000638452j 0.00607625-0.00432995j 0.0159139+0.034603j 0.0217091+0.0362819j -0.0311115+0.0132291j -0.0104607-0.000778445j -0.0232507+0.00519414j -0.00716413+0.0105253j 0.000665511+0.010607j 0.00904129+0.0254746j -0.032765-0.000145376j -0.0202253+0.0142423j 0.0081111+0.00993179j -0.00544297-0.0304811j -0.00756277+0.00430443j -0.0206407-0.00233501j 0.0244572-0.0227848j 0.0179547+0.0179651j 
0.00356715-0.0157018j 0.024307+0.000127895j 0.00388795-0.0036627j -0.00373195+0.0197881j 0.0181042+0.0258084j -0.00790707+0.00534148j -0.00291086+0.0142142j -0.00165854-0.0166431j -0.00417967+0.00265452j 0.00380315+0.0054364j -0.00797871-0.0178625j -0.0418207+0.0103539j -0.0319761-0.0156924j 0.0043213+0.00246417j -0.00174874-0.024231j 0.00172364+0.0252722j 0.0259977+0.0235939j -0.0133302+0.0180937j -0.00971123+0.00283194j -0.00122604+0.0141676j -0.00843865+0.0105601j 0.00986948+0.00694759j -0.00185834-0.00744673j 0.0203329+0.000415353j -0.00724455-0.0107264j 0.00225635-0.00695102j -0.00137345+0.00887513j 0.00444373-0.020942j 0.0146532-0.014053j 0.0030235-0.0154164j -0.00502957+0.018377j 0.00702284-0.00216482j -0.0070641-0.00462518j 0.00275507-0.00268464j 0.0186497+0.0117752j 0.017094-0.00597015j -0.015273+0.0120103j 0.00174424-0.00969402j -0.00571672+0.000638581j 0.000973308-0.00900157j -0.0030017-0.00993764j 0.0117561-0.00461399j 0.00927971-0.00458262j -0.000605854+0.0268109j -0.0125904+0.00369421j -0.00665839-0.000166558j -0.0130919+0.0226148j -0.000805255+0.00111217j -0.00363127-0.00377189j -0.0107649-0.00919005j 0.0164227+0.000983162j 0.00703681+0.000322825j -0.0100411+0.00625821j 0.014608-0.0050615j 0.015784+0.00659155j -0.00284274+0.00646229j 0.010114+0.00818793j -0.0012518+0.0144259j 0.0196318-0.00795874j -0.0110517+0.0221967j 0.0107085+0.00126908j 0.00402249+0.0110187j -0.0182126-0.00775098j -0.00193952+0.0124883j -0.00781956-0.0167268j -0.0279016-0.013309j 0.0110643-0.0170021j 0.0113798+0.0032396j -0.00613272-0.00697487j -0.00543013-0.0133535j -0.000235398-0.0226114j 0.0014867+0.00359937j -0.0130756+0.018088j -0.00219258+0.0176181j -0.00989624-0.00849715j 0.0215412-0.00418047j -0.00505067-0.0069998j -0.00491259-0.0120229j -0.00925462+0.00154546j 0.0131462+0.0133181j 0.0124397+0.0183473j -0.00137158+0.00843687j -0.0114465+0.0106347j -0.0110326-0.0100298j -0.0128506+0.0293886j -0.0105094-0.0117374j -0.00255265+0.00330591j 0.0123347+0.00647805j -0.00671338+0.0113963j -0.000276251+0.015181j -0.013302+0.0315401j -0.013791-0.0122984j 0.0205866+0.00702294j -0.00556277+0.00865289j 0.00541765-0.00765401j -0.00419323-0.00863213j 0.00938932+0.00631773j 0.00776154+0.0146813j 0.00492684-0.012475j 0.0230791+0.0121346j -0.00331072+0.00657675j -0.000175911-0.0012149j 0.0155166+0.00610524j 0.02073-0.00311089j -0.00114845+0.0185824j 0.00171054+0.00957318j 0.00731555-0.00506768j -0.00428354+0.0183119j 0.0139233-0.00471856j -0.00912671+0.00119346j -0.0113578-0.0174783j -0.0042039+0.0120304j 0.00629924+0.0121424j 0.0257685+0.00161849j -0.00157595-0.00715645j -0.00195511+0.0169882j 0.00183828-0.00547961j 0.0133273+0.00456288j 0.0222166+0.00370306j 1.30906e-05+0.00902537j 1.98035e-05+0.00861693j 0.00436537+0.00407841j 0.0169996-0.0169272j 0.00277458-0.0141406j -0.0205453-0.00336924j -0.0104456-0.00567164j -0.00375847-0.00334616j 0.0253141+0.00114587j 0.0158405-0.0176864j 0.00752635+0.0186283j -0.00379388-0.00565037j 0.00902542-0.00458525j 0.0157132-0.0113434j 0.00903715+0.00509903j -0.0065794-0.00392008j 0.00150337+0.00182899j -0.0300767-0.000285329j 0.00949454-0.0252692j 0.0175414-0.00238073j -0.00721633+0.0126112j 0.0278618+0.00768839j -0.0112122-0.00973522j 0.000728121-0.0151828j 0.0184955+0.00348867j -0.0101071+0.00132226j 0.00417266+0.00664778j 0.0057147+0.00608574j -0.0164979-0.0115108j 0.0209502+0.00144241j -0.00198412+0.00363218j 0.0181106+0.0223568j 0.00385762+0.0243158j 0.0244366-0.00530061j -0.000768904+0.00654717j -0.00464365-0.00334449j 0.0202167+0.0052476j 0.00505443+0.0119112j -0.00465696-0.0117403j -0.00834661+0.0134934j 0.00779023+0.0144188j -0.006333-0.0196838j -0.0157406-0.00851254j 0.00990791-0.000790207j -0.00973026+0.00118178j 0.00888216-0.0020764j -0.0114841+0.00789347j 0.0172092+0.00208083j 0.00676392-0.00603085j 0.0197744-0.00066395j -0.0363681-0.00979742j -0.0071519-0.000893501j 0.0199277-0.0105396j -0.00489589-0.0112946j 0.0042169-0.00854946j -0.00263161-0.00617568j -0.0140611-0.00769771j 0.0111189+3.06438e-05j 0.0127449+0.00469587j 0.0105202+0.01166j -0.00840261-0.00662993j 0.0117507-0.0252157j -0.0177032-0.00955877j 0.00461305-0.00762004j 0.0103716+0.0240425j -0.0209429+0.00347795j -0.0223425+0.0125299j -0.00780898+0.0178421j 0.0117222-0.00687387j -0.00341851-0.00911375j 0.000894322+0.00639989j 0.0369016+0.0136678j -0.0242523+0.010701j -0.00120476+0.0199681j 0.0125823-0.00835136j 0.00566781-0.0112363j -0.0110606+0.00107935j -0.0162695-0.0005048j 0.0145115-0.000587389j -0.026068+0.00457961j -0.0187311+0.0192069j 0.00937691+0.0183503j 0.0183716-0.0129356j -0.00765849+0.0231756j -0.00483613+0.0389542j 0.00311533-0.0145549j -0.0275896+0.013323j -0.00692745+0.0136884j 0.00909398+0.0110646j 0.0135143+0.0284122j -0.035275+0.0159347j 
-0.0156936-0.00672087j 0.00983777-0.0203847j 0.0106481-0.0226446j 0.0153212+0.0126264j 0.00410306-0.00673061j 0.00146445+0.00462354j -0.0223963-0.00917339j 0.012394-0.0273996j -0.0096516-0.00573355j 0.0144472+0.0034101j 0.00478254+0.0104002j 0.00762032-0.0099118j 0.0050616-0.015878j -0.00811137+0.0227927j 0.00733513-0.00506922j -0.0282657+0.00207782j -0.00201605-0.0140531j -0.00461663-0.00236673j -0.00263299+0.0112594j -0.00934687-0.0143679j -0.00180487+0.00915951j 0.00844168+0.0206271j 0.00887343+0.0114777j -0.0178962-0.0076314j 0.00223998-0.0181896j -0.013352-0.00256694j -0.00399777+0.00878496j 0.0124836+0.00561939j 0.00491104-0.0112474j -0.00244365-0.00779065j -0.00128754+0.0138897j 0.0109988+0.00354624j -0.00893201-0.0230551j 0.000690423-0.0174714j -0.00635637+0.000114828j 0.0231932+0.00628954j -0.00324952-0.00626508j -0.0164217+0.0117071j -0.010232+0.00346164j 0.00647677-0.00455442j 0.00789283-0.0131608j -0.00303606+0.00890657j 0.00766382+0.0164563j 0.00673332+0.0177984j -0.00762046-0.000107524j 0.00629874+0.0167726j 0.00263757+0.00184449j 0.0229933+0.0114877j -0.02305+0.00762582j 0.00284074-0.0034601j -0.014354-0.0106989j -0.00991716-0.0109302j 0.00175471-0.0097883j -0.00525894+0.0132116j -0.00643907+0.00686869j 0.00305502-0.00402083j 0.00817328+0.00542279j -0.00434275+0.00365542j 0.0176981-0.014568j 0.00812175+0.0102638j -0.00119315+0.000219029j 0.00363085-0.00040143j -0.0171327-0.0172257j 0.0146202-0.0164174j -0.00380705+0.0119352j 0.00150829-0.00126722j -0.0133092-0.0106716j -0.00701774-0.00200195j -0.0145913+0.00271693j 0.00187235-0.00307216j -0.00382946-0.00221443j 0.0116372-0.0068984j -0.0104392+0.00324616j 0.00866408+0.00168791j 0.00951063-0.00179962j -0.00493412+0.00323113j -0.0137913+0.000491484j 0.0109722+0.00666501j -0.0080529-0.00551137j -0.0249992-0.00287735j 0.0116551+0.0195189j 0.0150021+0.00788424j -0.00217285+0.0044594j 0.00168214-0.00938392j 0.0125871+0.00975468j 0.0134122-0.00979774j -0.00523975-0.0227838j -0.0066107-0.00197389j 0.00460468+0.0160706j 0.000696781-0.0087258j 0.00145514-0.0015501j -0.00694208+0.0157541j -0.00460702-0.0020668j 0.000338984+0.00182164j 0.00904327-0.0136296j -0.0192389+0.0113484j 0.00191236-0.00896483j -0.0115883-0.00620059j 0.00872906+0.00188536j 0.00736298+0.00675336j 0.00395227-0.00422432j 0.00501994+0.0043158j -0.00737795+0.000906119j 0.021536+0.00924117j -0.0197723+0.00660733j 0.0171566+0.00497202j -0.00953164+0.00952333j 0.00139237-0.00111601j 0.00391858+0.0037526j -0.00334878-0.00114374j 0.0122002-0.00617465j -0.012964-0.00220633j 0.0130279-0.00416888j -1.4195e-05-0.0149766j 0.00565514+0.0200373j 0.00135204+0.0172023j -0.000777537-0.0136494j -0.00559074+0.00825338j 0.00538558-0.00641233j 0.0108463+0.00501115j -0.000758061+0.00692925j -0.0192138-0.0166872j 0.0105255+0.000942723j -0.0180994-0.000118854j 0.00296177-0.0152179j 0.0153442+0.0150914j -0.00439301-0.00685187j 0.00414116-0.00868693j -0.0178539+0.000568833j -0.0022022-0.0132101j 0.00099909+0.0182964j -0.0242295-0.00714676j 0.00776133+0.00740768j 0.0169061+0.0137224j 0.00425956-0.0130461j 0.00385105+0.00363863j 0.0143704-0.00859752j -0.0052161-0.00770878j -0.00810489+0.0187216j -0.00280929-0.00276021j -0.0146616-0.0165248j 0.00625539+0.0163316j 0.0197695+0.0108804j 0.00475204-0.0165783j -0.0025806+0.011898j 0.0249369-0.0134865j -0.0167903-0.00158631j 0.00503156+0.00332391j 0.0154295-0.00584228j -0.00654175+0.00420421j 0.0127302-0.00543692j 0.00270522-0.00558996j -0.00232994-0.00194543j 0.00588989-0.000904047j 0.0116717+0.00929463j -0.0111035+0.0121739j 0.0133332+0.00700091j 0.0160377+0.00621052j 0.0156935+0.00658085j 0.000366678-0.00172165j 0.000746353-0.00712983j -0.000251407-0.0116374j -0.0193148+0.0133048j 0.0249429-0.00956298j 0.00700604-0.00453527j 0.0130131+0.013078j 0.0125804-0.0149419j -0.00245275-0.00290176j 0.023479-0.0169115j -0.0086832+0.000207154j 0.0183774+0.00760703j -0.00710866+0.0209886j 0.00920627-0.0166371j -0.00937209-0.017174j 0.0193455-0.0174568j 0.00573184-0.00308291j -0.00268366-0.00663992j 0.0289151-0.013557j -0.00934131-0.0030141j 0.00701864+0.0128535j -0.0197113+0.0224193j -0.00738393-0.00328536j 0.00448235+0.0170304j -0.0017572-0.00846941j -0.00192318+0.0124567j 0.00886651-0.0134803j 0.0101745+0.00609607j -0.00455731-0.0089715j 0.01324-0.000994045j 0.0102299-0.00963511j 0.00600842-0.00841512j 0.014554+0.00661339j -0.0103435+0.00383083j 0.0147506-0.00331181j -0.00885061+0.000351851j 0.0104837-0.0209203j 0.00511419-0.0380366j 0.00450623+0.0146582j 0.0175105-0.00450044j 0.000143566-0.0270111j 0.0102626-0.0046684j 0.030822-0.00654704j 0.00342302+0.0176299j -0.0132624-0.00694443j -0.00377829-0.00632153j -0.00577037+0.00256175j -0.0127892-0.00764483j 0.00102128-0.00983048j 0.0116281-0.0107295j 0.00598345+0.00408092j 
0.00622486-0.0252814j 0.0249636+0.00910074j 0.00156659-0.00728581j 0.0079641+0.0219204j 0.00838749-0.00981984j 0.0157321+0.0310801j -0.00854038+0.00142622j 0.0265502-0.0143071j -0.0108921-0.00353683j -0.0146598-0.00459901j -0.00560865-0.00465712j 0.0201609+0.00100019j -0.00291301+0.00375944j 0.0210034-0.0139622j 0.0105487-0.0128874j 0.0119913+0.000384929j -0.00748267+0.0217191j 0.00195082+0.00573745j 0.00615077-0.0222083j -0.00557392+0.00649325j -0.00169695+0.0024743j -0.0033995+0.0132705j 0.0130616+0.0021218j -0.00684518+0.0129314j -0.0065273+0.00740575j -0.0172577+0.0104846j 0.00919677-0.013677j 0.00146323-0.00649472j 0.00438696-0.00588561j 0.00157713-0.00266372j -0.0139199-0.00668073j 0.0149272-0.0211044j 0.00603874+0.00384064j 0.0058375-0.0168511j -0.0121445-0.00539687j 0.0112236-0.0222561j 0.00492616-0.0057413j 0.015386-0.00918006j -0.0217375-0.00745458j 0.000198174-0.000796795j -0.00117558-0.0192302j -0.00721669-0.00980833j -0.00851077-0.0019659j 0.0142675-0.0119043j 0.00216093+0.00659487j -0.00648104-0.0143387j -0.0121902+0.0135022j 0.00139083-0.00651102j 0.00534115-0.0101555j 0.00520769-0.00331319j 0.00708088+0.00064497j 0.00738429+0.00130899j -0.010325+0.00257669j -0.010292+0.00842744j 0.00378885+0.0154698j 0.0018832-0.00256936j -0.0105436+0.00056384j -0.012188+0.00513342j 0.00353465+0.00324539j -0.00906952+0.00665402j -0.00302458-0.00330472j 1.21234e-06-0.0139645j -0.00766166+0.00226188j 0.0137083-0.00460049j -0.0253218-0.00552874j -0.000281072-0.00130224j -0.00787597-0.0080029j 0.016141+0.00698832j 0.00663216+0.00737189j -0.00327252+0.00458557j 0.0153533-0.00664914j 0.00277303+0.0166328j 0.0118514+0.00897793j 0.0013119-0.00302943j -0.00179643+0.0146595j -0.00243029-0.00991032j 0.00836394+0.0119571j 0.00164898-0.0165367j 0.00336141+0.00557952j -0.024438+0.0205473j 0.0251162-0.010988j 0.00285698+0.0129475j -0.00864624-0.00224102j 0.0155289-0.00578436j 0.00573435-0.00128018j -0.00322982+0.00594167j 0.0104573+0.000976894j 0.00297781-0.006015j 0.0138209+0.00346488j -0.00498905-0.00854584j 0.0127359+0.00558355j -0.00118047+0.0037351j 0.00764066+0.00685615j -0.00884786-0.0142648j -0.0210073+0.010709j -0.00143027+0.0200197j -0.00916816-0.00359415j -0.00901768+0.0110413j 0.0149713-0.0015198j 0.0126463-0.00112866j 0.00447087-0.00163963j 0.00598003-0.0134382j -0.0113416+0.00154316j 0.013671+0.000616096j 0.000776299-0.0123237j 0.0148775-0.0136909j -0.00552767-3.082e-05j -0.00465553-0.00945223j 0.00944166+0.00673457j 0.0100957-0.00621221j -0.0058154-0.00750949j -0.00546946-0.012627j 0.00471613+0.00193549j 0.00664011+0.00950353j 0.00820554-0.00618794j -0.0118028+0.0294744j -0.00263058+0.018791j 0.00354005-0.0183648j 0.00550797+0.00847076j -0.00399979+0.00575972j 0.000120518+0.000221084j 0.00391157-0.0133523j 0.00249598-0.00385548j 0.00196514-0.0078703j 0.015409-0.00445899j 0.00293125+0.00774589j -0.0236188+0.00404335j 0.00284497-0.0041017j -0.00956051+0.00357673j -0.00247281+0.00275433j -0.0038832+0.00501502j -0.00580589-0.0111379j 0.00641223-0.0132268j -0.0128739-0.00944259j -0.00134056+0.00960403j 0.00217411+0.0215282j 0.00407887-0.00475517j 0.000900351+0.0104109j 0.00465445+0.0168768j 0.000144803-0.000579357j 0.000337189+0.00468967j 0.0202165+0.0075335j -0.00286048+0.0107545j -0.00523702+0.00683617j -0.000629759+0.00480189j -0.00724756-0.003855j 0.00310346-0.00351528j 0.00683677-0.00963126j -0.00465203-0.0129539j 0.00152817+0.00184378j 0.00621365+0.00816579j -0.0117613+0.00827701j 0.0099993+0.000192047j -0.00105133+0.00774545j -0.00305978+0.00174149j 0.0140218+0.00424371j -0.0116554-0.000807001j 0.00463682+0.0246053j -0.00695872+0.00249901j -0.00033057+0.00218957j -0.00879639-0.0111653j -0.00381397-0.00689084j -0.00508559-0.00292584j -0.00224245-0.00821727j -0.0037295-0.0144402j -0.0167127-0.00906086j -0.00332255-0.0184275j -0.0146816-0.0315376j -0.000659754-0.00717641j -0.0207415-0.013191j -0.00394268-0.00461117j -0.0116493-0.00816687j -0.0136744-0.00443305j 0.00654247-0.00603124j -0.0148688+0.00715503j -0.0102864+0.00262229j -0.0135304-0.00832888j -0.0105884-0.00544949j 0.00456871-0.010985j 0.00102158+0.000182834j -0.0112857-0.00538174j -0.0025327+0.0205558j 0.018741+0.000267555j 0.0146061-0.00422196j -0.0138407-0.00717539j 0.002459-0.000558896j 0.000882247+0.00217765j -0.00408505-0.0204854j 0.0150961-0.00828366j -0.0183257+0.0099532j 0.0161368-0.00183958j 0.00941565+0.0119944j 0.00853777-0.00335318j 0.012767+0.010636j 0.0110214+0.000263447j 0.000777839-0.00713123j -0.0120621-0.012488j 0.00602229+0.000179118j -0.00458868+0.00135451j -0.00457344-0.000177615j -0.00545161+0.0186096j 0.0210305+0.00558456j -0.0185556-0.0042868j -0.0197991+0.0097533j -0.012581-0.00886311j -0.0222492+0.0081812j 0.0181801-0.0030218j 0.0043317+0.028622j 0.0191829+0.0124286j -0.0189041+0.0176835j 
0.0112158+0.0287657j -0.0273312+0.00961849j -0.0117106-0.00679066j 0.00634886-0.0182528j -0.000778406-0.00396364j -0.00653006-0.0112648j -0.0160549-0.0153808j 0.00193121-0.00561012j 0.00855416+0.00248335j 0.0116313-0.0120002j 0.00417031+0.0113742j -0.00717841+0.00570758j 0.0134756+0.0228494j 0.010716+0.0023424j -0.00823876+0.00799036j -0.0131773+0.00786745j -0.000144059-0.00805918j -0.00195781-0.00978913j -0.00568881+0.00204984j 0.00130115-0.0154538j -0.00642356-0.00168519j -0.00304658+0.0173346j 0.0073234+0.00922581j -0.00358781-0.00240043j 0.0166723+0.00549777j -0.015601-0.0098388j -0.00414463-0.000756845j 0.00625165+0.00651316j 0.00213648-0.00237001j 0.00694615+0.00378017j 0.0049914+0.00277442j -0.00627003+0.00162868j -0.0111629+0.0079575j 0.0143233+0.00573139j 0.00251996-0.00031049j -0.00922608+0.012135j -0.0114982+0.00758497j -0.0018483+0.0212566j -0.0040479-0.000800256j -0.000964258+0.00506697j -0.0134041+0.0110859j 0.00180702+0.0111073j 0.00160989+0.00951355j -0.00329121+0.0114577j -0.0150226-0.00685485j -0.00921473+0.00242151j -0.00190383+0.0129512j 0.00565813+0.00693641j -0.00799676+0.0140813j -0.00304962-0.00272533j 0.00845028-0.00262969j 6.01149e-05-0.00746959j 0.00395944+0.0145645j -0.0139662-0.0179364j -0.00505997-0.00893509j -0.00591584+0.000712464j -0.0070717-0.00601219j 0.00108403-0.00535538j -0.00508033-0.0124204j 0.004804-0.00436839j 0.00686077-0.00470844j -0.011934-0.0105254j 0.00757945+0.00984241j -0.0150608-0.00186841j -0.00537897+0.0136314j 0.0109834+0.00585863j -0.00453781+0.00694587j -0.000127993-0.00349389j -0.00708014+0.00412175j 0.00161371-0.0152719j 0.00410935-0.00103753j 0.00825259-0.00652332j -0.00922646-0.0114671j -0.000186102+0.00110193j 0.00505233+0.00162618j 0.00294432-0.000932013j -0.015287+0.00407491j -0.0166296+0.00782662j 0.00586524+0.00379365j -0.00530257-0.00503441j -0.0015229+0.00643953j 0.00293751-0.0107627j 0.00703577-0.00244892j 0.00933671+0.0109764j -0.0053966+0.00813393j 0.00368621+0.0078677j -0.00662554-0.0107351j -0.0013929-0.00806611j 0.00456115-0.00432509j 0.00566865-0.0118688j -0.00611695-0.00406096j 0.0111214-0.00564313j 0.00527749+0.011062j -0.0071692-0.000344577j 0.0058971+0.00248324j -0.00177449+0.00689451j -0.0133174+0.000378554j -0.00398577+0.0116278j -0.00692452-0.0149648j 0.00461506+0.00830936j -0.00531321+0.0230674j 0.00180357-0.00487607j -0.00593765+0.00301459j 0.00159012+0.0132114j 0.0142391+0.00879186j -0.0271882-0.0164458j 0.0249921-0.019972j 0.000603565+0.0209012j 0.00339331+0.00490427j -0.00473755+0.00991624j 0.00505079+0.00563946j -0.000837534+0.00719511j -0.000720873-0.0129689j -0.00513916-0.0033304j -0.00889061-0.0044171j 0.00448691+0.00250366j 0.013457-0.0094174j 0.0132513+0.0139558j -0.0127739-0.00628147j -0.00895814-0.00484029j 0.00383974-0.000916329j -0.0141119+0.000696326j 0.00623744-0.00453332j 0.00691767-0.0122584j 0.00240789+0.0032144j -0.00336343+0.000788024j -0.00204904-0.0211797j -0.0131927-0.0272271j -0.0192485-0.00806637j 0.00189685+0.00401401j 0.00257746-0.0053485j 0.0107324+0.0135335j 0.0117412-0.0118732j -0.0124888+0.00259492j -0.000929235-0.00519249j -0.00101688+0.0041556j 0.00155292+0.00224475j -0.00241681-0.00608573j -0.00872452+0.0064577j -3.6041e-05-0.0190625j 0.00642794+0.00501714j 0.00029517-0.0160309j 0.0143697+0.00873772j 0.0185502-0.017042j 0.00033704+0.0178762j 0.00287319+0.0021793j 0.0194601+0.00695545j -0.0223883-0.00850368j 0.0218274+0.0170639j -0.000296742-0.00426794j 0.00798453+0.000127784j -0.00768567+0.0156681j -0.00124986+0.0203295j 0.00312058-0.0171442j 0.0176273-0.0114018j -0.0085198-0.0318242j 0.0017419+0.0202273j 0.024587-0.0266403j -0.00319744+0.0114588j -0.0221365+0.0192923j -0.00254651+0.00470376j -0.00395226-0.0239351j -0.00222035+0.021482j -0.0127012+0.0134522j 0.00279821+0.0282874j -0.0113414+0.0139588j -0.0116954-0.0241206j 0.0145128-0.0249271j 0.0163312+0.0119567j -0.0123547+0.00706192j -0.0156804+0.0341316j 0.0325107-0.00841667j 0.00367736-0.0137732j 0.0148987-0.0106291j -0.00328645+0.00211824j -0.0108885-0.00481713j -0.00126675+0.00116929j 0.00762131+0.00510313j -0.0147201+0.0367889j 0.000703755-0.0011677j -0.00248762-0.028087j -0.00992821+0.0020417j -0.0309764-0.012203j 0.00492989-0.00151399j -0.00082846+0.0184048j -0.0217139+0.00875888j 0.00715719+0.0236224j 0.0135451+0.0193281j 0.0104584-0.0189921j 0.0196572-0.0191925j -0.0110231-0.00310767j -0.0152684-0.0253135j 0.0012746-0.00281762j -0.00942604-0.0268028j -0.00454132-0.0110462j -0.0168462-0.000692563j 0.00297402-0.00715776j 0.00252729-0.0128596j 0.011545-0.00592287j 0.0126035-0.00323461j 0.00519764-0.0168394j -0.0289603+0.00238258j 0.00903607-0.0297671j 0.0110996-0.0183925j -0.00618143+0.00420023j 0.0244488+0.00416072j 0.00258899-0.000472802j -0.00306178-0.0102155j -0.018355-0.00788546j 0.0142718-0.0165683j 
-0.00285317-0.014738j 0.00979929+0.000667638j -0.00769769-0.0317587j 0.0288398+0.00456641j -0.00796668-0.00991069j 0.0175413+0.0038194j -0.00543255+0.00873137j 0.0246764-0.00858863j -0.00404504+0.00848895j -0.00692636-0.0111114j -0.00867997-0.0164284j 0.00709948+0.0122436j 0.00297985+0.0106717j 0.0139638-0.0188774j 0.0105479-0.00695176j 0.0211846+0.0221764j -0.000677862+0.00553106j -0.0120998+0.00298701j -0.00525167-0.0299375j -0.0081945-0.0172251j 0.00293621+0.000531837j -0.0104568+6.34536e-05j 0.0109767-0.0124418j -0.0139753+0.00293026j -0.0110539+0.0101534j 0.00466199+0.0156068j 0.0161151-0.00687374j 0.0105171-0.000684991j 0.0218235+0.000577123j 0.00839017+0.00500771j 0.0035428+0.00126443j 0.0098283-0.0101931j -0.0012377+0.0209891j 0.00340415+0.0145016j -0.00907155+0.00778414j 0.00648397+0.00666122j -0.00656167-0.00374191j -0.00272377+0.0022914j -0.0147081-0.0190014j 0.00336529-0.00383582j -0.00848797-0.0162511j 0.00256545+0.0119366j 0.00925417+0.00181182j 0.00718852-0.00965332j -0.00329453+0.00049592j -0.000449048+0.00323511j 0.0160791-0.00621663j -0.00513335+0.00353988j 0.00522151+0.00488053j -0.00702507-0.002655j 0.00425683-0.00792669j -0.0148736+0.00640458j 0.00702857+0.00414359j -0.013112-0.0135519j -0.0103865+0.00611692j -0.00222409+0.00481629j -0.0097461-0.00601471j 0.0123485+0.000146773j 0.0020379-0.00319787j 0.00540073-6.72306e-07j 0.00952247+0.0154992j -0.0119736+0.0102915j 0.00714185+0.00519923j -0.00900012-0.0132849j -0.00452983-0.00857718j -0.0114115-0.00367193j 0.00794427-0.00894348j 0.00611245-0.0130027j 0.00879321+0.0102899j 0.012918-0.0155833j 0.00720951+0.0079079j 0.00300355+0.0158768j 0.00820618+0.00521885j -0.00238178+0.00448126j -0.005955+0.00203414j 0.0103549-0.0105165j 0.00241447+0.0036761j -0.00194203-0.0146294j 0.0102469+0.00684476j -0.00952136+0.00291989j -0.00502959+0.00216184j -0.00324771+0.00378607j -0.00115606-0.00851252j 0.0101211-0.00177152j 0.0117642+0.0222476j -0.0224616-0.00846438j -0.00837518-0.0182558j -0.0224005-0.000798854j -0.0110017+0.00480957j 0.000183754+0.0028541j -0.00809683+0.0229687j -0.0253744-0.00675741j -0.00910961-0.0060299j -0.00960919+0.00666381j -0.00625322-0.00687252j -0.0121781+0.0081512j 0.00169133-0.00312662j 0.00573+0.0111145j 0.00382992-0.00163932j -0.00624074+0.00360651j 0.00801097-0.00016101j 0.00214819-0.00531931j 0.0224183+0.0107578j -0.000372965+0.00437073j 0.00538507-0.00267012j -0.0136637-0.0252041j 0.0170177-0.0104923j -0.00303941+0.00985241j -0.0142207+0.0186842j -0.0237204+0.00796782j -0.0130967+0.0120444j 0.00188927-0.0102733j 0.0144487-0.0089893j -0.0151659+0.0154678j 0.00309817+0.00575206j -0.0229818-0.00698856j 0.0088886+0.00737218j 0.0169711-0.011741j 0.00365411-0.000276029j 0.00790768-0.00120264j 0.00381759+0.0180251j 0.011366-0.0108147j 0.00863231-0.00362098j 0.0101105-0.0118966j -0.0164979-0.0153344j 0.00393416+0.00324357j 0.00240702+0.00291158j 0.0092275-0.0100032j -0.00779007+0.00168098j -0.00675626+0.0141989j -0.000292133-0.00714275j 0.0116407-0.00861727j -0.00300303-0.00985337j -0.010234+0.000389798j -0.00733996-0.000863335j -0.0109284+0.00418117j 0.00986853-0.00263969j 0.0272952+0.000130996j -0.000444254+0.0223381j 0.0123196-0.00557544j 0.0121473+0.0116211j 0.00158838-0.00876163j 0.00451214-0.00344762j -0.00138597-0.0227406j 0.00216354+0.000764849j -0.00763188+0.0329003j 0.0260784+0.0103402j -0.0262497-0.00141742j 0.0147024+0.0101362j 0.00706957-0.00969901j -0.00069103+0.0223955j 0.0133994+0.0133558j 0.0119867+0.00824161j 0.0113639-0.00188914j 0.0103165+0.00975415j 0.00156692+0.0112155j 0.00919357+0.0086221j 0.0101412-0.00824228j 0.00682196+0.000200282j 0.0087485+0.01089j -0.0225406+0.00359915j 0.0174086+0.0102203j 0.00533002-0.00123226j -0.0224177-0.0251933j 0.0114746+0.000499597j 0.0243591+0.015436j 0.0120378-0.00481939j 0.00812671-0.0109991j 0.00738258+0.00109177j -0.0303852+0.0222458j -0.0273465+0.0140097j 0.0269208-0.013534j 0.0277678-0.00508372j 0.0131216+0.00109306j 0.00104241-0.00537482j -0.0181319-0.00683493j -0.0182201+0.00825993j 0.0231671+0.0182932j -0.00142842+0.0122537j -0.0289961-0.00556583j -0.000107292-0.0160642j -0.00553421+0.0141343j -0.0170709+0.0039294j 0.00825795+0.00784955j -0.00716817+0.0240677j -0.00993137-0.00588845j -0.0194106+0.00222009j 0.0132884-0.00115118j 0.00638562-0.0104664j -0.00642688-0.00150419j 0.016381+0.0162897j -0.0238946+0.0145376j -0.0251359+0.00935394j 0.00597766-0.00754142j 0.00177964+0.00982202j -0.000880875+0.00578501j -0.0126411+0.0188469j -0.016026+0.00633994j -0.0055507-0.0092228j -0.019934+0.0141561j -0.00876449-0.0162533j -0.00283211+0.00929647j -0.0114953-0.00743701j -0.00720033+0.0101516j -0.0172185+0.00436638j 0.00227364-0.000929041j -0.00830857+0.000385242j -0.00717945-0.0039753j 0.0122868-0.00934278j 0.00493896+0.0153823j 
-0.00542599-0.0156926j 0.0149836-0.00522591j -0.0124157+0.00978143j -0.00815501-0.00982926j 0.00629282+0.0225761j -0.00624756+0.01001j 0.0128413-0.0168638j -0.00427084+0.0080307j -0.0137114-0.0115028j -0.0203761+0.0104509j -0.000512948-0.011036j 0.0198216-0.00966377j -0.000141719+0.013757j -0.000532642-0.0179568j 0.0179281+0.0025624j 0.00577635-0.0219963j 0.00367508+0.0116649j 0.00208132-8.40058e-06j 0.00813222+0.00807769j -0.00753879+0.00746092j -0.00331703-0.0189017j 0.00527321-0.00715978j 0.0118161-0.000136736j -0.00290177-0.00126643j -0.00942846-0.0407191j 0.00593668+0.003288j 0.014429-0.00339748j 0.00765701-0.0282591j 0.00783652+0.00324566j -0.0182489+0.0166148j 0.0022865-0.00313027j 0.00761651+0.0145118j -0.00755404-0.0173448j 0.00358107+0.0113982j -0.0110872+0.00640074j 0.00374053-0.0139021j -0.00719436-0.013982j -0.0105359+0.00160629j -0.0125391+0.0128409j -0.010823+0.00654604j 0.00281342-0.00162145j 0.00986356+0.00891014j 0.000824254-0.0160327j 0.00549721-0.0160733j 0.0132967+0.0057098j 0.000909424+0.00224599j -0.00151742-0.000213686j -0.00654842-0.00102674j -0.00453323+0.0241437j -0.00469145-0.00241207j 0.00107054+0.0260023j 0.01896+0.0105873j 0.0035248-0.0141625j -0.0037608+0.0141261j 0.0223118-0.00890065j -0.0134699+0.0124235j -0.0195767+0.00193219j 0.000573628+0.00177579j 0.00232935+0.00557467j 0.00953144-0.00175046j 0.000253069-0.00188702j -0.0133501+0.00055142j -0.00467443-0.0258189j 0.00216298+0.00256839j -0.0213451-0.00168288j -0.00208777+0.00335116j -0.00267973+0.00719086j 0.00542752+0.00831893j -0.00236399+0.0205308j -0.00919539+0.0110742j -0.000658016+0.00184596j -0.00892575+0.003521j 0.00933474+0.0171253j 0.0191993-0.0207347j 0.00276152+0.0167958j 0.00372491+0.0118872j 0.00895713-0.00702442j 0.000904197+0.0118033j -0.0112272-0.000777096j 0.0122339-0.0101491j 0.0119652-0.00924085j -0.00479212-0.00106081j -0.0128935-0.00573545j 0.00227403-0.0142561j -0.00304702-0.0210723j -0.00521165+0.00168913j 0.0018667-0.00182585j -0.00221556-0.00158718j 0.0204846-0.0127828j 0.00561086-0.019625j -0.00852649-0.00388837j -0.00273904+0.000803195j 0.0264038+0.00329317j -0.00748217+0.0120998j -0.00137962+0.00844164j -0.0070505-0.00793178j 0.00465658-0.00399282j 0.0121174-0.000929068j 0.022002+0.00799664j -0.000537028+0.00839852j 0.016687+0.0111853j 0.00520149-0.0134977j 0.0199964-0.00963819j -0.00404642+0.00556436j -0.0127313-0.000866703j 0.0147239+0.0116665j 0.021027+0.0107788j 0.0063025+0.00364928j 0.0138419+0.0118333j 0.00072557-0.0089517j -0.00291523+0.0115327j -0.0178734-0.00302643j 0.00789+0.0177715j -0.00694212-0.00823061j 0.000259037+0.00451298j 0.00241852-0.0184137j 0.00504717+0.00583466j -0.0257306-0.0152616j -0.0169982-0.000205889j -0.0206061+0.00211903j -0.00227138-0.00709327j -0.0128084-0.0202244j 0.00587578-0.00408887j -0.00305206-0.00117407j 0.00472017+0.0298895j -0.0286462-0.0123088j 0.0200827+0.00680758j 0.0161004-0.00340644j -0.00909915+0.0105229j -0.00494312-0.00753875j -0.00641195-0.00707707j 0.0148094-0.00293303j 0.0242273+0.0132304j -0.00161239-0.00326788j 0.00124794+0.00945314j 0.00510781-0.0118831j -0.00329593+0.00250807j -0.00919045+0.000234853j 0.000338872+0.0117199j 0.00470509+0.00163065j 0.000236407+0.00199303j -0.00812543-0.00215458j 0.00774243+0.000392102j 0.00604704-0.0176492j 0.00591472-0.00513889j 0.0126337-0.0342309j -0.00106455+0.0177548j 0.00228445+0.00251774j 0.00994318+0.029427j 0.0198446+0.00329907j -0.0112668-0.0190469j 0.0124275-0.0192296j -0.0018877+0.0119751j -0.0204292-0.0134417j 0.0149351-0.00871943j -0.00892583-0.00493177j -0.000209338-0.000697583j -0.00863491+0.00405822j -0.00408601-0.0142004j -0.0135639+0.0158525j -0.00301179-0.0193573j 0.00806225+0.00693019j 0.00655699-0.00319491j 0.00810957-0.0037113j 0.0106715-0.0148068j 0.00937691+0.0120073j -0.000101152-0.00238274j 0.00630385-0.00751232j 0.00557411-0.00876482j 0.0127806+0.00625589j -0.0217007-0.0084113j 0.00819221-0.00704085j -0.00138174+0.00682257j -0.0113947-0.00597364j 0.0165993-0.00932668j -0.00496655-0.00728138j 0.0372872-0.0157785j -0.0321121-0.0179066j -0.0180397+0.0115213j -0.00114477-0.00275747j 0.0135242-0.00708135j 5.09138e-05+0.00875372j 0.0181891+0.0255183j -0.00263665+0.00474508j -0.0145522+0.000498822j -0.0085806+0.000565941j -0.00662967+0.00625653j 0.0252115+0.00822808j -0.00330102+0.0101048j -0.000212226-0.0238188j -0.0165724+0.0208335j 0.00712718-0.0101806j -0.00263009-0.00716898j -0.020967-0.00436733j -0.00991606-0.0381827j -0.0160728-0.00318392j -0.00133817+0.0226706j -0.00205448-0.0187958j -0.0119044+0.00590153j 0.00820621+0.0243006j -0.00796026-0.00197854j -0.0179293+0.0167913j -0.00309781+0.0126679j 0.0183622+0.010453j 0.00569959+0.0181821j 0.0107205+0.00940679j -0.0066651-0.014531j 0.0191763-0.000195068j 0.00459054-0.000158744j -0.00442428+0.0128567j 
0.0126218-0.00315196j -0.000725394+0.00246438j -0.00442254-0.0202182j 0.025639+0.00133583j 0.013334+0.0128844j -0.0246169+0.000647242j 0.0212113+0.00699614j -0.014525-0.00738247j -0.0198607+0.00884585j 0.0289855-0.0182759j -0.00433098-0.0109538j -0.0192432+0.010037j -0.0195587+0.0152341j -0.0310524-0.0148964j -0.0021168+0.00362907j 0.0215978-0.00422866j -0.018607+0.0103528j -0.0244999+0.00787017j -0.0092508+0.00889199j -0.00893023-0.00266101j -0.0192492+0.0252938j 0.0152416-0.0206758j 0.0134365-0.00936744j -0.00389011-0.00699558j -0.00578495-0.00405801j 0.000798569-0.00525104j -0.0416414+0.0121872j -0.00549412-0.00742586j 0.0211433+0.00234932j -0.0163167-0.00156886j 0.0146632+0.0194743j 0.00350261+0.0196729j 0.00624871-0.018609j -0.01151-0.0140651j -0.0126206+0.0182997j 0.011755+0.0158696j 0.0031671+0.0178306j 0.00273177-0.00664291j 0.00226959+0.0146897j -0.0184906+0.0166112j -0.00057771-0.00857489j 0.00968321+0.00156348j 0.00843723+0.00283208j 0.0125357-0.00561673j -0.00388774+0.0116754j 0.00265717-0.00255153j 0.000894711+0.0124777j 0.00155099-0.00618557j 0.0127193-0.0133099j -0.000780546-0.00414221j 0.0130552+0.00601748j 0.00989201-0.0143759j -0.0117515-0.0336176j 0.0086339-0.000210289j 0.00604745-0.00347469j -0.0139212-0.00425043j 0.00656214+0.023055j 0.00806743+0.0100863j 0.0107763-0.0168105j -0.0102694-0.00138083j 0.0051255-0.00885702j 0.00930604+0.00322268j -0.000902348+0.00546129j -0.0144395+0.0056506j -0.0072424+1.84826e-05j -0.00706287-0.0349192j 0.0302164+0.0129429j -0.0307584+0.0017162j -0.00916699+0.00663928j -4.17184e-05+0.00782892j 0.00584431+0.00900489j 0.000250908-0.00150416j -0.00286712+0.0179396j -0.00686426+0.00579925j -0.0032955+0.0070458j -0.00325505+0.00263514j -0.00815873-0.00974738j 0.028401+0.0122479j 0.0120396-0.0109873j 0.00573182-0.00742467j 0.00146413+0.0159618j -0.0112483-0.000967088j -0.00363392-0.00465732j -0.0215006+0.00386302j 0.00362703+0.00429263j -0.003967+0.00567992j 0.000350266-0.00373833j 0.000958423+0.0200455j -0.0150089-0.0200574j -0.00173488-0.025273j 0.0145246-0.00418978j -0.00373004-0.01596j 0.0255515+0.0132703j 0.00218786+0.00451754j 0.0163865-0.00264158j -0.00706213+0.00906769j -0.00471944-0.00291372j 0.000261447+0.00566112j 0.00711397-0.00512834j 0.00983224-0.00976203j 0.0146546-0.000368426j 0.0225709-0.0047007j -0.00241512-0.0100106j 0.000848163+0.0116283j 0.00805694-0.0175594j 0.00798452+0.00830265j 0.00403612-0.00323456j -0.00518209+0.00181987j 0.00698516+0.00253207j 0.000585954-0.0101906j -0.00890528+0.000389742j 0.00152663-0.0118095j -0.0187183+0.0101981j 0.00868425-0.00726048j -0.00332109-0.0100764j -0.0112069+0.0019461j -0.00113361+0.0052294j -0.00886156+0.0151239j 0.0205948+0.0122954j -0.0151961+0.0177204j -0.00974176+0.00858808j 0.00379639-0.00107856j 0.0107692+0.00689792j -0.00359137+0.000385033j 0.0127809+0.00410981j 0.00123826-0.00853391j -0.0036719+0.00140298j 0.0171085+0.00811287j -0.0126695-0.0147871j 0.0127022+0.0163935j 0.00921356+0.00635547j 0.0144151+0.0033863j 0.002393+0.00101218j -0.0123934+0.0120016j -0.0132041-0.0135264j -0.00281092-0.00205471j -0.0123745+0.0305194j 0.00546756-0.013817j -0.000207553-0.00975837j 0.00832898+0.0143596j 0.00763396-0.00251001j 0.0102067+0.00241198j -0.00316893+0.00708345j -0.00182649-0.0091138j 0.0159325-0.0142004j 0.00473478+0.01343j -0.0162982+0.0104698j 0.0040271+0.014434j -0.00493129-0.00449606j 0.0061761-0.00818484j -0.00431182-0.00180273j 0.00648089-0.00691406j 0.00648376-0.00846973j -0.0095421+0.00890598j -0.0158164-0.00352634j 0.0169-0.0175556j -0.0189718+0.0139948j -0.00255407-0.0134912j 0.0115378+6.43022e-05j 0.00252562+0.018076j -0.00142802+0.0156857j 0.0076349+0.0140407j 0.00320866-0.0148086j -0.0169693+0.00787166j 0.0316119-0.0107952j -0.0126703-0.0131834j -0.00489968+0.000707514j -0.00539913+0.00513702j -0.0147011+0.0116308j -0.000333502-0.00667984j -0.00434924-0.0018306j 0.00304118+8.35188e-05j 0.00334926-0.0126103j 0.00680283+0.00968462j -0.0050226+0.00853132j 0.00894412+0.0154274j -0.00967976+0.00667375j -0.00704495+0.00840256j 0.0220171+0.0150732j -0.00407172-0.0206652j -0.0007977-0.0224824j 0.0190065-0.0173955j -0.00653347-0.00395726j -0.00650948+0.00634738j 0.0134384-0.00491169j -0.00975739-0.00309297j -0.00750554-0.0158052j 0.00293505+0.0245993j 0.0147037-0.000715135j 0.0078358+0.0169458j 0.00877493+0.00792029j 0.0091802-0.0121766j 0.00649198+0.0120086j -0.00979646+0.0254772j -0.00696075-0.00972084j -0.0263696+0.011051j -0.000257543+0.00491942j 0.00458714-0.0281133j -0.0125158-0.00393174j -0.0034786+0.0249177j 0.0350788+0.0173143j -0.00804706-0.00861406j -0.00485034+0.0212152j 0.0194954+0.0288825j 0.00635443+0.0178253j 0.00964776-0.00189987j -0.00541929+0.0232519j -0.0113736-0.00667315j -0.0120889-0.000514828j 0.00011935-0.0148587j 
-0.0127331-0.00946793j 0.0032602-0.00996093j 0.00286322+0.00701385j -0.00266812-0.00177116j 0.00805307-0.0116287j 0.0105511+0.00727307j 0.0405296+0.0183827j -0.00304206+0.0186095j -0.00597353-0.0178088j 0.0145382-0.00919568j 0.0174432-0.0260625j -0.00643329-0.0111914j 0.00490781-0.0037545j -0.0179614+0.0162034j -0.0033872-0.0117155j 0.0353824-0.0143585j -0.0209591+0.0113022j 0.00591018-0.00451539j 0.00257775-0.0155155j -0.00883336+0.0106404j -0.0100085+0.00752213j 0.011347-0.0245743j 0.0211817-0.0216176j -0.00141479+0.00388421j -0.00906098+0.00221057j -0.00254249-0.00233336j -0.0267229-0.0119863j 0.00307527-0.00406551j 0.0016309+0.00312042j 0.000880509-0.0104272j -0.00960762+0.000981184j -0.00488013+0.00220916j 0.00853738+0.0296746j -0.00147562-0.006878j -0.00990851-0.0125593j 0.00221138-0.00852978j -0.00666885-0.000277677j 0.0111076-0.0188756j -0.000700234-0.0211889j 6.694e-05-0.00803487j -0.00194957-0.00725857j 0.0148555+0.00168305j -0.000652869-0.00978513j 0.00782228-0.00232691j 0.0255779-0.00568889j 0.00494222-0.0114955j -0.0082153+0.0168116j -0.00204757+0.000920408j 0.025641+0.00608228j 0.00437312+0.0143412j -0.00354522-0.0143091j -0.00819731+0.00252972j 0.00026478+0.0072964j 0.0001502+0.000293384j -0.0102161+0.0208214j 0.00843146-0.0110592j 0.00192592+0.013459j 0.00697169-0.000400589j 0.00118429-3.9031e-05j -0.0110841+0.0158601j -0.007152+0.0231749j 0.00406708-0.00222917j 0.0055233+0.0107146j 0.000682741+0.00712371j -0.00371353-0.0109134j -0.0152629-0.0283383j 0.02013+0.0115652j -0.00659181-0.0123421j 0.00824951-0.00704488j 0.00685112+0.0123523j -0.000949084+0.0149796j -0.00172715+0.00789489j 0.0212345-0.00373099j -0.0182104-0.0139618j 0.000820562-0.016478j 0.0112691-0.00777781j -0.00379858+0.00968272j -0.00392682-0.00879012j 0.00256273+0.0120625j -0.00416062+0.00403774j 0.00135241+0.0115073j -0.019809+0.0145073j -0.0254605+0.0032876j 0.00515284-0.00230307j 0.011327+0.0136888j -0.00643746+0.00657665j 0.0285394+0.00750918j -0.00118563-0.00986382j 0.000139784+0.00969467j -0.0122519+0.00890469j 0.00583681-0.00727783j -0.00798427-0.0107332j 0.0104707+0.00801442j 0.00938397-0.0138262j -0.0102029+0.00207276j -0.00592536-0.00195722j 1.05956e-05-0.00124745j 0.00845967+0.00475611j 0.00486422+0.00330257j 0.00583818-0.012129j -0.00548416-0.0103948j -0.000192158-0.00771075j -0.00919432+0.000117199j 0.000153712+0.014685j 0.0173988-0.015685j 0.00380107-0.00119138j -0.0117639-0.00107407j -0.0152431+0.0195326j 0.00342905+0.00105676j 0.00233893+0.00713623j -0.00661742+0.000372635j -0.00281611-0.00634517j -0.0046789-0.00228298j -0.00396998-0.0028594j -0.00633411+0.0130493j -0.00903649+0.014825j -0.00959736+0.0196165j 0.0214127-0.0182959j -0.00313195-0.00229888j 0.0137945+0.0143077j 0.0142175+3.08879e-05j 0.0204757-0.0106846j 0.0052014+0.00211761j 0.00541359+0.0132948j 0.00902679+0.000753189j -0.00580797-0.0012078j -0.0197312+0.00869509j 0.0176263-0.00441442j -0.011926+0.00754086j -0.000108162-0.00553714j 0.00494956+0.00754302j -0.0123965-0.000797282j -0.0150412+0.0187945j -0.0114137+0.0021247j -0.0195362+0.00144136j 0.0077069+0.010818j -0.00288533+0.00325151j -0.00739495-0.0035195j -0.00751489+0.0136548j -0.00930732-0.0107423j 0.000459798+0.00788846j 0.0168277-0.00979265j -0.00712849+0.00545056j 0.000945505+0.0172402j 0.0116276+0.0164973j 0.00445849-0.012339j -0.00367464-0.00633848j 0.0196658+0.00858878j -0.0142398+0.01145j 0.0124403+0.0153718j -0.00543421+0.0035021j -7.29316e-05-0.00966807j -0.00922884+0.0332916j -0.0093551-0.0231119j 0.0073861+0.00552887j 0.000714188-0.0244808j -0.0054864+0.00708676j 0.00633739-0.00273199j -0.0033888-0.0122177j 0.000595833+0.0116999j 0.0010335-0.0149081j 0.0100462-0.00539002j -0.020929-0.0143717j 0.0140783+0.00482044j -0.00461289-0.00948684j -0.00146812-0.00156844j -0.0013322-0.00867098j -0.00204389-0.00136291j -0.002071-0.00770695j 0.015479-0.0197938j -0.00480775+0.0137341j -0.00160147-0.00985782j 0.0226867+0.0126677j 0.0130971-0.00505777j -0.0337917+0.0140449j 0.0059053+0.0108288j -0.0126687-0.022547j -0.00938315-0.0215783j 0.0167217+0.00428444j 0.0022375-0.00414127j -0.00270725-0.0099882j 0.0179268-0.00124488j -0.00314309+0.00494713j 0.00655618+0.00350143j -0.005289+0.00103043j 0.00218712+0.00125991j 0.00707991-0.00439089j -0.00946009-0.00529313j -0.00249113-0.000184749j 0.00735279+0.0216833j -0.0139765+0.013034j 0.0137338+0.00742473j -0.00233118-0.00817392j 0.00820971-0.00295303j -0.010194+0.0171678j -0.00522169+0.00964907j 3.58639e-05-0.0157891j 0.00289234+0.003081j -0.0029681+0.00642762j 0.00597927-0.000616186j 0.0138481+0.0189488j 0.00789431-0.0106284j 0.00482922+0.00674918j 0.00768044+0.0150611j -0.00241097-0.00723033j -0.00427336+0.00456685j 0.00881029+0.0152802j -0.0105915-0.000165326j -0.0144767-0.0111398j 0.0126644-0.00769001j 
-0.00254704-0.00958856j 0.00181886-0.0036026j -0.00370144-0.0567647j 0.0549836+0.0069229j -0.0204578+0.0165973j -0.00996375-0.0223514j -0.0260232+0.007458j 0.0227943-0.00308273j 0.00410891+0.00809753j -0.00173799-0.0115197j -0.00451944-0.00673523j -0.0027533+0.0273347j 0.00309189+0.0334429j 0.00809513-0.0258859j -0.00344742+0.00202358j 0.0268156+0.0227811j 0.00523848-0.00757935j -0.0130325+0.0173593j -0.00262272+0.00627055j -0.00619514-0.0165596j 0.00614156+0.00312426j -0.00403364+0.00332818j 0.00554584-3.51293e-05j 0.00240413-0.0107725j -0.00232708+0.000412172j 0.00609255-0.0093738j 0.0119286+0.00546677j 0.00672264+0.000322204j 0.00483313-0.0160318j -0.0141327+0.00920042j 0.00787213-0.00776734j 0.00521504-0.0147753j 0.0066466-0.014308j 0.0105302-0.0039862j 0.00576467+0.0223746j 0.0208239+0.0213061j 0.0101322+0.0140757j 0.0068609+0.00187882j 0.00272568+0.0156881j 0.0133706-0.0144035j 0.0051399-0.0195123j 0.00720522+0.00538643j 0.0206306+0.00571125j 0.00742572+0.00643292j -0.00233544-0.0107236j -0.000883668-0.000497126j 0.010377+0.00322363j -0.00757955+5.91362e-05j -0.0180258-0.00942986j -0.00444715-0.0137808j -0.0175484+0.00573705j -0.013349-0.00750931j -0.00429072-0.0143226j -0.00635956+0.00171471j 0.00319652+0.00538118j -0.000483641+0.00122955j 0.0166446+0.00939256j 0.0128967-0.00941744j 0.00413723+0.00331263j -0.0108833-0.0131258j 0.0119274+0.0054703j -0.000324433+0.00681648j -0.0101286+0.004483j 0.00623395+0.00242226j -0.00246879-0.00475733j -0.00285828-0.0155431j -0.00649482-0.0126442j 0.00481205-0.00298719j -0.00994666+0.0261673j 0.0144186-0.0220264j 0.00380766+0.00507125j 0.0106747+0.012288j -0.0190862-0.00472144j -0.00829025-0.000908511j 0.00446909+0.000143642j -0.00563621+0.00752365j 0.00060465-0.0141377j 0.0259646-0.000561158j 0.00626279-0.00629663j 0.000794841+0.00872358j -0.00133006+0.00193299j 0.0265464-0.00220429j 0.0132539+3.70437e-05j 0.000369294-0.00217254j 0.0095013+0.0280371j 0.000257388+0.00609165j -0.00577208-0.00843734j 0.00887043+0.0153208j -0.0157447-0.0118718j -0.0201596-0.0231814j 0.00613693-0.0040448j -0.0138982+0.00679155j 0.00587042-0.0135998j -0.00818325+0.000770181j 0.00125935+0.0130265j 0.0027491+0.0156661j -0.00213176+0.00304473j -0.00137031+0.00750105j 0.0114438+0.00332944j 0.0212492-0.0054978j -0.0017759-0.00577528j -0.018327-0.00377285j 0.0227323+0.00879887j -0.000427355-0.00331526j 0.00017967+0.00520941j 0.009623+0.00695147j -0.0172484-0.00401465j 0.0128619+0.00470712j 0.001009+0.00299784j -0.00563361-0.00351973j -0.00799063-0.00974779j 0.00513254+0.00491737j 0.00826515+0.0147399j -0.0148291-0.00679682j 0.00741196-0.000952115j -0.0203011-0.0151597j 0.0264006+0.0159125j 0.00117711+0.0004051j -0.00247143+0.00579846j 0.00824264-0.010965j -0.00299391+0.00515626j -0.00578029+0.000785286j -0.00548538-0.00817245j 0.0242378+0.0036606j -0.0136966-0.0218481j 0.0133021-0.00886084j 0.0112945-0.00181867j -0.00559218+0.00703338j -0.00154285-0.00360922j 0.0091234+0.002871j 0.00645737+0.00865508j 0.0262833-0.00198786j 0.0114965+0.00165531j 0.000762495+0.012592j 0.00101002+0.000106618j -0.00735209+0.0209658j -0.00971358+0.00267733j 0.0235969+0.000867013j -0.00953046+0.00520882j -0.00584178+0.002915j 0.0148968-0.00750055j -0.011245+0.000387154j 0.00933542+0.00163694j 0.0136673+0.0106135j -0.0391944-0.00449573j -0.00184918+0.00452925j 0.000519435-0.0171909j 0.0092562-0.0146484j 0.0131211-0.0162672j -0.0142085+0.000326838j -0.00802849+0.012118j 0.000142441+0.0153615j -0.0209867+0.0237647j -0.0105503+0.00440244j -0.0103411+0.015484j -0.0140298-0.0104674j -0.0154507-0.0015302j -0.0124564+0.0155438j -0.0229043+0.00585772j 0.0153251-0.0146759j -0.0048247+0.000931208j -0.00344729+0.00763804j -0.00213728-0.00281401j -0.00576057+0.00881613j -0.0242321+0.0036874j -0.0130774-0.0103347j -0.00625912+0.00161013j -0.00536946+0.00211281j 0.012316+0.00418167j 0.0125221-0.00741666j 0.0120795-0.0190992j -0.00186062-0.0260571j 0.00915215+0.0117759j 0.000133074-0.00411623j 0.000150466-0.00188182j -0.00439734+0.00146354j -0.00322477-0.0104191j -0.0216008+0.00507618j 0.00744721-7.25882e-05j 0.011928+0.00079407j 0.00623221-1.27027e-05j -0.00103381-0.0164352j 0.00763044-0.0179232j -0.00698286+0.0107299j 0.0178598-0.0206344j 0.016933+0.0116473j 0.0280175+0.000633378j 0.0151968-0.0110099j 0.0198949-0.00307847j 0.00758288-0.00854777j 0.0141169+0.010674j -0.00413377-0.00500972j -0.0139507+0.0197546j -0.01737+0.00476796j -0.000637152-0.00922829j -0.0127597+0.00568016j -0.0038536+0.0200089j 0.00344941+0.00173502j 0.00348565-0.00888406j 0.00276741+0.039478j -0.00495036+0.00504459j -0.00233344+0.0190212j -0.00418343-0.0130926j -0.00402799+0.0174184j -0.0107528+0.0187794j 0.0178453+0.00248557j -0.0292447-0.0079314j 0.00299214-0.0269226j 0.00270062-0.0127606j 0.00518784+0.00107222j 
0.00122976+0.0040499j -0.00572371+0.0036908j 0.00704865+0.0141756j -0.0131376+0.00810576j 0.000253198-0.00739069j 0.0145572+0.00559523j -0.0164817-0.000654764j -0.00083057-0.0110207j -0.00067354-0.00122157j -0.0149874+0.00274691j -0.0131109+0.00505992j 0.00863703-0.00390118j 0.00609221-0.0147017j 0.00760052-0.00653947j -0.00168806-0.00224151j -0.0150596-0.00563954j 0.0100694+0.0063141j 0.00278612-0.00906618j 0.00792079+0.00283757j 0.00130786-0.00674358j 0.00572591-0.0117284j -0.000436059+0.013604j -0.00180519+0.00330039j -0.0112672+0.00169738j 0.00317909-0.00540238j -0.0172166-0.00571752j 0.0073314+0.00811697j 0.00757548-0.00125634j 0.00477443+0.0006469j 0.00439471-0.000116302j -0.00470246+0.00180415j -0.00811325-0.00332577j -0.00595447-0.00550902j 0.00933922+0.00506343j -0.00626389-0.0186483j -0.00653909-0.00538707j -0.00311677-0.0125513j -0.00364534+0.000669997j 0.00525749+0.00857231j -0.00018956-0.000518242j 0.00152412+0.00213939j -0.00264042+0.00541439j -8.27888e-05+0.00193167j -0.000737252+0.0041625j -0.00342745+7.21342e-05j 0.00543041-0.00575165j -0.006341+0.00568041j 0.0157132+0.00178443j -0.00867215+0.00134j 0.00170507+0.00353703j -0.0127926+0.00172038j 0.000157911+0.00549673j 0.00391365+0.00161954j 0.000225804-0.00759303j -0.0007866+0.000138187j 0.00248312+0.0118533j 0.005878-0.00791363j 0.000339689-0.00435184j 0.00472362+0.00288612j -0.00846359+0.0035942j -0.00406394+0.0026849j -0.00562765+0.00201726j 0.00146622-0.0168641j 0.00227929-0.000906505j -0.00193033+0.0131411j -0.00137069+0.0158716j -0.00849554-0.00371388j 0.0196769+0.0105356j 0.00215786+0.00431101j -0.00753009-0.00207251j -0.000221563+0.00186737j -0.00415983-0.00503648j -0.00277037+0.00425168j 0.00764057+0.0016236j -0.00412091+0.00804581j -0.00335272+0.00035675j -0.00532296+0.00166105j -0.0134801-0.00814945j -0.00986497-0.00113843j -0.00241904-0.00712266j 0.00533058-0.0182629j -0.0147278-0.000858404j 0.00587549+0.00292868j 0.00144595-0.00822606j -0.00251532-0.0117903j -0.0222629-0.0148738j -0.00223429-0.00155246j -0.0160528-0.00661619j -0.00964624-0.00055782j 0.0128525+0.00821095j -0.0130902+0.0166181j 0.00158065-0.00149259j -0.00338462-0.00933884j -0.0119891+0.018124j 0.00835877-0.0157894j 0.000555148+0.0105421j -0.00104274+0.00393143j 0.0180289-0.00338081j 0.00543503-0.00104672j -0.00886439+0.00503088j 0.0185983-0.00176109j -0.00832864+0.0116485j -0.018743-0.0167068j 0.0023662-0.00587003j 0.00341099-0.0134577j -0.00203485+0.0171079j 0.00723964-0.0126293j 0.0203866-0.00351694j 0.00960968-0.0198459j 0.0213276+0.00240144j 0.00846548+0.00128541j 0.00377809-0.00987919j -0.0051936-0.00630139j 0.0107083-0.00513849j -0.00655775+0.00286184j 0.005482+0.0223027j 0.0050986-0.00281733j 0.00901492+0.00268921j 0.00586124+0.00140271j -0.00570759-0.00756801j -0.00333147-0.00479608j -0.00706554+0.00512537j 0.000946933+0.00423038j -0.0142539-0.0203799j 0.00547113-0.00163856j 0.00659572+0.00967536j -0.00467614-0.0126852j -0.0012625+0.00674462j 0.00415237-0.00802292j -0.00401205+0.0158687j -0.00400732-0.000144108j -0.00276248+0.000301905j 0.00482251-0.012358j -0.00080992-0.000511245j -0.000749927-0.00382698j 0.00746402-0.00196565j -0.0054903+0.00587079j -0.00675221+0.000745444j -0.00436758-0.022629j -0.0124828+0.0184332j -0.00482728+0.024842j 0.0147841+0.00135966j -0.000759483+0.0316982j 0.00335772-0.00282884j -0.00642361-0.00486124j 0.00613622-0.00752828j -0.00520707-0.00266094j 0.0152305-0.0164763j -0.0171546-0.0304054j 0.00510916-0.0200672j 0.00705386+0.0179175j -0.00514238-0.0158807j -0.0243585+0.00955524j 0.00627862-0.00907797j -0.00114977-0.00356728j 0.0132131-0.0169435j 0.00364124+0.00236288j 0.0141377-0.0226216j -0.00598863+0.000841822j -0.00585549+0.00736182j -0.0120963-0.023785j -0.00666071-0.00679554j -0.00343422-0.0139794j 0.00710229+0.00800793j -0.026111+0.00899913j 0.0117848-0.0115706j 0.00679167-0.000593702j -0.0034963+0.00860596j 0.00173506+0.00347177j -0.0138438+0.00213769j 0.024228-0.0199936j -0.00337693-0.00640718j -0.014449+0.0125711j 0.000774325+0.0100293j -0.0113721-0.00788707j 0.0012678+0.0119847j -0.00106784-0.000676736j 0.00448819+0.0116393j 0.00525959+0.00200755j 0.000788679-0.00923255j 0.00163882+0.00758598j -0.00193271-0.00440678j 0.00735377+0.0109025j -0.00344963-0.00700914j 0.00291434+0.00417094j -0.00880139-0.00149818j -0.00589762-0.000207689j -0.00972873-0.0109121j -0.015948-0.00611253j -0.00274947-0.0126517j 0.00610954-0.0146206j -0.00362517+0.00460761j 0.00217279-0.00355364j 0.00166314+0.00141999j 0.0044352-0.0038571j 0.0129624-0.0184546j 0.0035408+0.00484322j -0.00145843+0.00264338j -0.000711853+0.00366701j -0.00300991-0.0183168j -0.0107274-0.00384536j 0.00590778-0.0141364j 0.0036903+0.00790721j -0.0123536-0.00648525j 0.000223586-0.00478618j -0.00958395+0.00312819j 0.0100768-0.00678096j 0.00552815+0.0145646j 0.00367427+0.0194697j -0.0150591+0.00833435j 
-0.0109416-0.0106437j 0.012494-0.010798j -0.00472438-0.0149948j 0.0148394+0.00208298j -0.00263589+0.00591322j -0.00497569-0.000640299j -0.00743594-0.0173332j 0.00944112+0.00506051j -0.00169868+0.00465412j 0.0165794+0.00643646j 0.0145368+0.0143398j -0.000827438+0.00897779j -0.0021062+0.00379929j -0.00301664+0.000860856j -0.00314407+0.00881299j -0.0168153+0.00330224j -0.00131786-0.00153418j 0.00182524+0.00797111j 0.00151124+0.0101111j 0.0129647-0.00880105j -0.00736055-0.00149115j 0.00232263-0.00101732j 0.000221038+0.012564j 0.00741091+0.00745735j -0.0127198+0.00655917j 0.0120822-0.00500766j 0.0148197+0.0089655j 0.00798175-0.00962144j -0.00175403+0.00592121j -0.0113916+0.00886145j 0.0145464+0.012586j -0.0117713-0.00275217j -0.0133217-0.00933066j 0.000173277-0.0209281j 0.0119914+0.0220961j 0.00976056-0.000670647j 0.00439752-0.00140879j -0.000399323+0.00115575j -0.0133969+0.000412352j 0.0108637+0.00882646j 0.00657386+0.00408979j 0.0142176-0.00430346j -0.0106782-0.0103164j -0.00654361-0.000221862j -0.00498194+0.00666976j -0.024189+0.0110853j -0.0203293+5.33295e-05j -0.00222395+0.00173093j -0.00183528-0.00300627j -0.00436403-0.014751j -0.00262877+0.0160603j 0.00556249+1.84136e-05j 0.00637377-0.018549j -0.0057468-0.00389673j 0.00840564-0.00708951j 0.000472933+0.0139323j -0.00524953+0.000632628j 0.000820282+0.00592016j -0.00660722+0.000176667j 0.0102327-0.00447817j -0.00927414-0.00408484j 0.00186006+0.0097364j -0.00543589+0.0055175j 0.00575436+0.0125391j 0.00146869-0.00700064j 0.000560257+0.00342045j -0.0129195-0.00765016j -0.00304125-0.0102371j 0.000943881+0.0118335j -0.00686599-0.00128438j 0.0210352-0.00251347j 0.00756312-0.00227071j -0.0106343-0.00210557j 0.0022688+0.0135248j -0.0136637+0.00456144j -0.00497688+0.00560998j 0.00932361-0.0100521j 0.00250479+0.00683683j -0.0153073+0.0127108j -0.00963378+0.00767327j 0.000104036+0.015268j 0.0113564-0.0107032j 0.0013433-0.000381801j -0.00705252-0.0086765j -0.00337679-0.00334653j 0.0162825-0.00299008j -0.00378399-0.0114842j 0.0142366+0.00461194j -0.0116159+0.00817415j 0.00426221+0.0139698j -0.0122377+0.00923719j -0.0282076-0.00172238j -0.0016681+0.0028315j 0.00860109-0.00515427j 0.00882722-0.012099j 0.0021193+0.00165869j 0.0137857+0.00649684j -0.0169101-0.000311505j -0.0121556-0.00464909j 0.0114698+0.0125673j 0.00500235+7.60004e-05j -0.00518856-0.00491407j 0.00657386-0.00364987j -0.00861072-0.00659332j 0.00137267-0.00227211j -0.0128613+0.001862j -0.0115947+0.00255088j 0.014124+0.000482044j 0.00811666+0.008439j -0.00130796+0.00862707j -0.00763165-0.00243766j -0.0164586+0.0038158j 0.00663076+0.00312325j 0.0112511+0.00871655j -0.00503698-0.00480125j 0.0131722-0.0196333j -0.00676034-0.0174445j -0.0179765+4.1947e-05j 0.00799792-0.0018455j 0.0197652-0.00338404j 0.0107924+0.00121891j -0.013366+0.00755715j 0.000202684-0.0203442j -0.0212415-0.000673855j -0.00613967-0.00551375j -0.000764412+7.97797e-05j -0.017723-0.00279803j -0.00362264-0.0152935j -0.00446188-0.0106632j -0.00549417-0.00479713j 0.013509+0.0154667j -0.0133512-0.00807767j 0.0114073+0.00523905j 0.00358173+0.00137494j -0.00111574+0.00440623j -0.000542086-0.00106839j 0.00712693-0.00657524j 0.00160076+0.00969291j 0.0102951-0.0134113j -0.0121377-0.0136212j 0.0153713-0.000403621j 0.0291239+0.0158685j 0.0189458-0.000391725j 0.0084721-0.0138856j 0.000760903+0.0109266j -0.00199013-0.0154768j -0.0324745+0.00230004j 0.0216984+0.00264139j 0.00659258+0.0188611j -0.00704567+0.0141583j 0.00142239-0.0124624j -0.0100675+0.00171484j -0.00789651+0.011965j -0.00569037-0.0120742j 0.0154409-0.0323834j 0.00650823-0.017921j -0.0142331+0.0259936j 0.0111067-0.00648465j -0.00511197+0.0070321j -0.0155043-0.0137684j -8.82191e-05-0.01992j -0.0157464-0.0213961j -0.0117844+0.0234071j 0.0176123-0.0197025j -0.00621688+0.00481094j 0.0189977+0.00537042j 0.0018819+0.00701692j -0.00223347-0.00753753j 0.0202682-0.00143987j 0.00497878+0.00246229j -0.000941944+0.0279301j 0.0157321+0.00194671j -0.00630465-0.00835398j 0.00930631-0.00792418j 0.00516337-0.00941351j 0.0117121-0.0118739j 0.0172834+0.00389301j 0.0171845-0.028125j 0.00249257+0.0145934j -0.00400331+0.00386605j -0.0105393-0.0151541j -0.0160589+0.00996194j -0.00969709-0.00443522j 0.0179931+0.000938597j -0.000180051-0.00825482j 0.00408949-0.0108946j 0.00637521-0.00991603j -0.00356813+0.00915692j 0.00920564+0.00397794j 0.0133784-0.0118614j 0.0112553+0.00142665j 0.00553649-0.00285373j -0.000394627-0.00253421j 0.00371021+0.000828556j -0.00366043-0.0103252j -0.00691276+0.00490091j 0.00176718-0.00432378j 0.00216584+0.00163643j 0.0089398-0.0128294j -0.00143354+0.000170557j 0.00309527-0.00376028j 0.0114898+0.00444743j -0.0148687-0.0128613j -0.00478723-0.00199489j -0.000930239+0.0077537j 0.00534247-0.00921908j -0.0127472-0.00764981j -0.00582457-0.0147109j 0.00404049-0.0146485j 0.0155035-0.0038807j 
-0.0039005+0.017239j -0.0206115-0.000417927j 0.0109065+0.0119309j -0.00503063+0.007165j -0.0160183-0.0137559j 0.0205576-0.0177906j -0.00308304+0.00373811j -0.0208171-0.00301798j 0.00856827-0.00439232j -0.0129347-0.0117786j -0.01741+0.00776421j -0.0114464-0.0101992j 0.00312169-0.00118368j -0.0105161-0.00724688j -0.0132936-0.000803657j 0.0034204+0.00515928j 0.0128045+0.0118958j 0.00839417-0.00950083j -0.0104143+0.019012j 0.0150632+0.00725012j -0.00542504-0.00347845j 0.00364634-0.00705938j 0.000361579-0.0179921j -0.0097278-0.00369935j 0.0140152-0.00481421j -0.0107746+0.00956622j -0.0104504-0.000307477j -0.00112507-0.00909144j -0.0171071+0.00167155j 0.00185181-0.000841763j -0.00462194-0.00565185j 0.00360629+0.00325418j -0.00698378-0.00298038j 0.000270101+0.00294587j 0.010542-0.00788576j 0.000611369+0.00370357j 0.000524206-0.0224159j 0.0292983-0.00222971j 0.00593819+0.0125528j -0.0156452-0.00369353j 0.00255887-0.00409201j -0.00111724-0.00671012j 0.00274542+0.00602388j 0.00027799+0.0136548j 0.00696186-0.00385544j 0.00926504-0.00134351j -0.0066387-0.00142538j 3.39513e-06+0.00864783j -0.000668691-0.00509918j 0.00143783+0.00771907j 0.00871258+0.0054935j 0.0105968+0.0209272j -0.00914012-0.00782426j -0.00267589-0.0123687j -0.00117454+0.00899614j 0.00205474-0.00217485j 0.00413171-0.000260419j 0.0127119+0.00475612j -0.00135185-0.00262022j -0.00877329+0.00316107j 0.000157894-0.00521093j -0.0100253-0.00833526j -0.0240557-0.0103647j -0.000793521-0.00805729j -0.0033684+0.0176005j -0.000707918+0.00964291j -0.0215657+0.00452848j -0.000179906+0.00114239j -0.0125876+0.00167393j -0.0059788-0.000128173j -0.00387336-0.00144148j 0.00203355-0.00467511j -0.0010369+0.0116386j -0.00485+0.00686306j -0.00196966+0.00201615j 0.000628645-0.00824551j -0.0103294+0.00555153j -0.000222997-0.0208555j -0.0209673+0.0152362j -0.014509-0.0150396j 0.012378+0.00630974j -0.00981033-0.00485771j -0.012668-0.0251513j -0.00441234+0.0124091j 0.00157618-0.004231j -0.00191626-0.0213208j 0.023967+0.00883357j -0.00670545+0.00259671j -0.0140392-0.00540502j 0.0178515+0.00898115j 0.0183878-0.00635491j 0.0103072-0.0101649j 0.00525634-0.00788683j -0.00270153-0.00933853j 0.00811203-0.00489465j -0.0226506-0.0141564j -1.52931e-05-0.0020739j 0.00597097-0.00722918j 0.00511502-0.00753174j -0.00258763+0.00846426j -0.0124275-0.0275101j 0.00625268+0.0114751j -0.00587185-0.0113907j 0.0203643-0.00316809j 0.00211547-0.000935701j 0.0019454-0.0046836j 0.0131669+0.00981124j 0.00188932-0.0071876j 0.00479134-0.00264999j -0.00825231-0.0206233j 0.00284614+6.37101e-05j 0.00849205-0.00357161j 0.00203766-0.00991944j -0.00243377+0.0069851j -0.0339525+0.01673j -0.0170125+0.0122862j 0.00769433+0.00737652j 0.0128064+0.007556j 0.00605098+0.00271093j 0.0054542-0.0052446j -0.0110015-0.000913604j 0.00657278+0.0169388j -0.0113084+0.00993377j -0.0189168-0.0114233j -0.00908707-0.0101609j 0.0113577+0.00181333j 0.0018068-0.00435902j 0.00842902+0.0048027j 0.00220138-0.00809765j 0.00638157-0.00109281j -0.00289626+0.0153127j 0.00373836-0.00914898j -0.00764061+0.0041553j -0.0146986-0.00148496j 0.00236653+0.00737992j 0.0145067-0.0100954j 0.00933471+0.00130255j -0.0082906-0.0108803j 0.00174888+0.0095775j 0.000331987+0.00662799j -0.00158963-0.0119953j -0.00932624-0.00299523j -0.0102918-0.0148735j 0.00425665+0.0243709j 0.00757725-0.0121561j -0.000717639+0.0160496j 0.00541454-0.0284991j -0.0321484-0.0253949j 0.00854912-0.016113j 0.00667235-0.0116746j 0.00399772-0.000664722j 0.00580232+0.0093405j -0.00978336+0.00436192j 0.0155577+0.00297199j -0.0189047-0.00660088j -0.00186259-0.00194047j 0.018353-0.00106642j -0.0059677+0.0076502j -0.00586868+0.00547608j 0.00277497-0.0192685j 0.00135394+0.00823985j -0.00897278+0.00551471j 0.00822705+0.0106948j -0.00670484+0.00252084j -0.00201405+0.000656613j -0.00594733-0.00593985j 0.00528983-0.00510433j 0.00048317-0.0030885j -0.0085317+0.00936417j -0.00412781-0.0156104j -0.00147222-0.0033264j -0.00510244-0.00300475j -0.00152968+0.00130454j 0.0146249+2.692e-06j -0.00807392+0.00388102j 0.0250729-0.00622187j -0.00286877+0.00568081j 0.00320593-0.0145159j 0.0121364-0.00876847j 0.0029668+8.62025e-05j 0.000833368-0.00236018j 0.000178611-0.00488736j -0.0023626-0.0101339j -0.00157555+0.00585747j 0.00745466-0.00738582j 0.00107189+0.00441768j 0.0200746-0.0102952j -0.0119331-0.00162477j -0.0133249-0.000420821j -0.00699211+0.00575371j 0.00161253+0.0103605j 0.000395452-0.00793129j 0.00116659-0.00462672j 0.014362-0.00358329j -0.00428948+0.00946346j 0.00891182-0.00919528j 0.00024036+0.0058961j -0.000312253-0.0103956j -0.00504772-0.0063656j -0.00693877-0.00301602j -0.00952635-0.00287805j 0.0014145-0.00217848j 0.0104994-0.0120121j -0.00655541-0.00327967j 0.0044092-0.0107343j -0.00244388+0.00232363j 0.00943182+0.000115189j 0.000144387+0.00504362j -0.0114059+0.00147765j 0.000816408-0.0064485j 
-0.00164704-0.0256471j 0.0310194+0.00366568j 0.00470355-0.0067562j -0.00442513+0.00760133j -0.0189356+0.024155j -0.00811966-0.00710596j 0.0305762+0.0210703j 0.0144524+0.00656285j -0.0025799-0.0219487j -0.0080155+0.0133435j -0.0064634-0.0168352j 0.00216514+0.000517832j -0.00989347-0.00680143j -0.00222439-0.0217706j 0.01863-0.0141761j 0.0233087+0.00521426j 0.00668263-0.0024929j 0.00244761+0.00738214j -0.00326891+0.0117878j 0.000493354+0.0173221j 0.0142644+0.00517713j 0.00517959-0.0196826j 0.00746977+0.00741129j 0.00562126-0.0156175j 0.000355138-0.00395545j -0.0228459-0.0010566j 0.0041221-0.00586095j -0.000349314+0.007131j 0.0128849-0.00529372j 0.00662186-0.0104293j 0.00696989-0.0153886j -0.00634666+0.0107413j 0.0161905-0.0117139j -0.0194923+0.0111367j 0.0256297-0.0106334j -0.00289061+0.0161527j 0.008295+0.00356849j 0.00202842-0.00546528j 0.00345117+0.00318488j 0.0220534+0.00680772j 0.00280392-0.0173933j -0.0115288+0.00173468j 0.00388702-0.0122642j 0.00684807-0.00920384j 0.0174865+0.00500604j 0.00331701+0.00604867j -0.00157159+0.00122539j -0.00367017+0.00650101j 0.00508575+0.0114349j -0.00221823-0.00933879j -0.00575917+0.0157134j -0.00742003+0.0216404j -0.00971531+0.00633599j 0.0128596+0.0114801j -0.0103411+0.018702j -0.00949925+0.00650969j 0.00917961+0.0116376j 0.0138925-0.00113037j -0.00432449+0.0232527j 0.00626681+0.000276982j -0.000443285-0.00680166j 0.0013678+0.0145875j -0.00421587+0.00686994j 0.0168553-0.0133323j -0.0107545-0.0222317j -0.0125784+0.00674343j -0.00629937-0.00610699j -0.0217931+0.00424851j -0.00718276-0.000438452j -0.00484364+0.00836444j -0.033123+0.00692143j 0.0123234-0.00012868j -0.000946215-0.00146275j 0.00326186+0.00039833j 0.0165851-0.0156506j -0.00711232-0.00382662j -0.00364714-0.00476534j 0.00666732+0.0167311j 0.00155119-0.0154276j -0.0094126-0.00396857j 0.0183053-0.0274087j -0.00460504+0.00813562j 0.0184991+0.0154128j -0.0112571-0.00972391j 0.00733181-0.014089j -0.00179384+0.00907315j 0.0080641+0.0140144j -0.00569815-0.01074j 0.0047906-0.0142364j -0.00823133+0.00530315j -0.00915239+0.0123567j -0.00579078+0.00849074j 0.00762116-0.0102983j -0.00561399-0.00324786j -0.013868-0.00867818j -0.00551703+0.00849941j -0.0088099+3.84564e-05j -0.00527041+0.000267443j -0.00911919+0.00424143j 0.00746162-0.0129738j 0.000454697+0.00293945j 0.0144529-0.00790942j -0.00801958-0.00668152j 0.00366686-0.0072685j 0.00908622-0.00555893j -0.0103781-0.0027973j 0.000839372-0.00280993j -0.00347516-0.00817865j -0.00295459-0.0002708j -0.00328038-0.00925551j 0.0117628-0.00920381j -0.0166064+0.00416172j 0.000707176+0.0193197j -0.0188081-0.00201934j -0.00319465+0.004771j -0.0189994+0.0150324j 0.00383078-0.00778435j 0.00998043-0.00380504j 0.00104925-0.00796268j 0.00262299+0.0163855j 0.0125389+0.00773915j -0.000408649+0.00381238j -0.0115922+0.0035554j 0.0151388+0.0129616j 0.00516384+0.0151708j 0.00984633-0.00654581j 0.00564277+0.0175822j 0.0134927+0.002259j -0.0169296-0.00142662j 0.0123778-0.0082447j 0.00757493-0.0104843j 0.0113478+0.00105933j -0.0130491-0.00147289j -0.0012445-0.00957524j -0.00171236+0.0166738j -0.00492259+0.00310803j 0.00345797+0.000111631j 0.00435221+0.00365004j 0.0170621+0.042983j 0.001792+0.00872173j -0.0323459+0.00183482j -0.004559-0.0220559j 0.00572811+0.023751j 0.00798385+0.0251462j 0.0115259+0.00559654j -0.00567491-0.0175442j 0.00506083-0.013258j -0.00500929-0.0115027j 0.00791089-0.0196873j -0.00920007+0.0181777j -0.0100189+0.0010856j 0.00554199-0.00421816j 0.00326762+0.0245673j -0.0139817+0.00633172j 0.00162817+0.00429435j -0.0154975+0.00558107j -0.0262539-0.00274193j -0.00252159+0.00913504j -0.0160513-0.00700012j -0.00156238-0.00972841j 0.0199596+0.00349862j 0.00663451-0.00211543j -0.00218595+0.0129394j 0.0140532+0.0104882j 0.00910501-0.0166879j 0.00767177+0.00271382j 0.0032695+0.00248628j 0.00925326-0.000490969j -0.0141101-0.00252163j 0.0110612-0.0144579j -0.0057129-0.010887j -0.0178348+0.000967756j 0.0197632+0.00464582j 0.000585539-0.011156j 0.00241845+0.00245535j -0.011746+0.00581539j -0.00740894+0.00215141j -0.0291564+0.00860694j 0.0250101-0.00488085j -0.00915882+0.0232602j 0.00901747-0.000199642j -0.00275439+0.00404225j 0.0211216+0.00895971j -0.00453277+0.0176368j -0.00570228-0.00391515j 0.00400591-0.00117827j -0.00419803+0.000361993j -0.00571435+0.000572931j -0.00672499+0.00131766j 0.00057399+0.0233559j 0.0040908+0.0188568j 0.0127001+0.0100308j -0.00417392+0.0124465j 0.0028875+0.0041398j -0.0119088-0.00979244j 0.00911655+0.0109664j -0.00822105+0.0109274j -0.000487151-0.0193023j -0.0107353+0.00530866j -0.00981744+0.0200271j -0.0107222+0.0206983j 0.00910551+0.00825662j 0.00601524+0.0135402j 0.00142467+0.00241659j 0.00392375+0.00532804j 0.00396836+0.0128521j -0.0162878-0.00947447j 0.0231746-0.0159348j 0.00692892-0.00149221j -0.00715423+0.00141812j 
0.00632682+0.0011056j 5.99952e-05+0.00114601j -0.011181-0.00390538j 0.00445561-0.00732947j 0.00370606-0.00834523j 0.0129833+0.0223466j 0.0220923+0.00370711j 0.00821167-0.0121056j 0.000245513-0.0133858j 0.00407661-0.015332j -0.000838236-0.0173812j 0.0142972-0.00868076j 0.00610173+0.00209486j 0.00466654-0.0169751j 0.0110927-0.0106882j 0.026629-0.0183808j -0.0109695+0.0133021j -0.00167344-0.00456403j 0.00987723-0.0094557j 0.00513838-0.00814719j -0.00288622-9.29356e-05j 0.00248745-0.0160749j 0.00910242-0.00509029j 0.00575838+0.00274124j 0.0162832-0.00130287j 0.0121433+0.0014313j 0.00741808-0.0205754j 0.0018185-0.00961749j 0.0141014+0.0162676j -0.00350299+0.00147696j -0.0094583-0.0190597j 0.0010317+0.00764292j 0.011831+0.0153409j 0.0145417-0.00497814j -0.00998496-0.011147j 0.00176249+0.00127057j 0.00822001-0.0118349j 0.0121354-0.000757829j -0.00343628-0.0179422j -0.0133376+0.0121798j 0.00252266-0.01463j -0.00251432+0.00808851j 0.00310564-0.00438947j 0.0107832-0.0114188j -0.00670658-0.00193414j -0.0037515-0.0103615j 8.484e-05-0.0055922j -0.00990014+0.0196751j -0.00801283-0.0081808j 0.00801608+0.00169471j 0.00312857-0.013146j -0.0124519-0.00896779j 0.00456834+0.00802649j 0.00269408+0.00120276j -0.00989356+0.0129515j 0.00658319-0.0215732j 0.00420147-0.00368164j -0.0143204-0.00249251j 0.00550809-0.00586576j -0.0145376+0.0137978j -0.0121769+0.00173155j -0.00216235+0.00939574j -0.0124808+0.00145065j 0.00158993+0.0064996j -0.00218478+0.0016263j -0.0023144-0.0152733j 0.00261099+0.0108441j 0.00887245-0.00264271j -0.0079189+0.00470525j -0.000233638+0.00506947j 0.00562799+0.0207804j -0.00754716+0.00581279j 0.0062467-0.00670296j 0.0117548-0.0102846j 0.00910147+0.00687764j 0.000450237+0.00380853j 0.00738735+0.0130039j -0.0082857-0.00308538j -0.004558+0.0436316j -0.0100874-0.00875222j 0.00212782+0.0107086j 0.00509455+0.00785556j -0.00815886+0.00219782j 0.0148004-0.00961167j 0.00121412+0.00210567j 0.00666037+0.000718998j 0.012193+0.0100134j -0.00710052-0.000666055j -0.0107601-0.00597146j -0.00162811+0.00543459j 0.00242129-0.00921056j -0.0161677+0.0104976j -0.0091927+0.00579057j 0.00735943+0.00367851j -0.0043754-0.0116516j -0.0103569-0.00565512j 0.0162056-0.00291236j 0.0122403+0.00664345j -0.00147124-0.00376338j -0.00155647+0.010123j -0.00862687-0.00270722j -0.0247408-0.0128975j -0.000523174+0.0145544j -0.0104276+0.0110801j -0.0025869-0.0131632j 0.00524767-0.00250766j 0.0069915-0.0104756j -0.00274227-0.00801447j 0.00391078-0.00562902j -0.0138221+0.0118303j -0.0196191-0.0171544j 0.00473481-0.0115j 0.01118-0.00935779j -0.0134401+0.00289257j 0.00113822-0.00436578j -0.00488352-0.00461713j 0.00584619+0.0163187j -0.00146017+0.00184416j 0.00208659-0.00694765j 0.00108726-0.00322882j -0.00612208-0.000891013j -0.00247723-0.0142575j -0.00473151+0.00754547j -0.00461181-0.00669357j 0.00899062-0.00272392j -0.0100413-0.000685842j -0.0115421+0.0170422j 0.0194726-0.0076501j -0.00628547-0.00788098j -0.0102501-0.00111809j 0.020876+0.00897004j -0.00470518+0.00331378j -0.0119143+0.00554714j 0.00449802-0.0011297j -0.00912137+0.00593365j 0.00843807-0.00034891j 0.015296-0.0122608j 0.004172+0.0119549j 0.014847+0.00239863j -0.0200766+0.000270604j 0.0142666-0.00813649j 0.0151738+0.000459675j -0.00282573-0.0224524j -0.00563096-0.00415106j 0.0175574-0.0116287j 0.00582971+0.00340292j 0.00242288+0.000303489j 0.0133431+0.00645757j -0.00599481+0.0136557j 0.00447635-0.0255634j 0.00328347+0.00262661j 0.0107204-0.00239337j 0.000317831+0.0235263j -0.00918971+0.00543776j 0.00400328-0.0192742j -0.010633-0.0165601j 0.0158253+0.00364868j 0.00541494-0.00843753j -0.00564973-0.0150018j 0.00429677+0.0034565j -0.0147868-0.0131066j 0.00759371-0.00397607j -0.005583+0.0120773j -0.0135403-0.0108467j -0.00319621-0.00915174j -0.000869526+0.00494775j 0.00654916-0.0107014j 0.000326117+0.012449j 0.0155488+0.00569743j 0.00414916+0.00897252j -0.00788974+0.00113999j 0.007771-0.00128166j 0.00227298+0.0125186j 0.0178956-0.00740167j 0.00541458-0.0170755j 0.00149823-0.0110202j 0.00811684-0.00972883j -0.0103675+0.00835167j 0.00274037+0.0187572j -0.00293062-0.00288876j 0.00766281-0.00969677j -0.00584878+0.000957243j -0.01155+0.00608725j 0.00382562+0.0195732j -0.000344123+0.00300897j -0.00181845+0.0077603j 0.00726752-0.0111344j -0.014216-0.000896189j -0.0085377+0.0103686j -0.000408682+0.00923223j 0.00227575-0.00684759j -0.0090596+0.00182237j -0.00764295+0.0060478j -0.0180069-0.00139118j -0.00590304-0.0215865j -0.000598175-0.00426127j -0.00556178+0.016349j -0.00516658-0.017717j -0.00148991+0.00920639j -0.00320792+0.00342545j -0.0057321+0.00176512j 0.00158005-0.00914996j 0.0163417+0.0211066j 0.0170047-0.00158673j 0.0123465+0.00837701j 0.0100537+0.0116569j -0.0140264+0.00383147j 0.0119766-0.0117013j -0.00782244+0.00517282j -0.00648026-0.010671j 
0.0303534+0.0153618j -0.0134406+0.0285955j -0.0161209+0.0163773j -0.00726333-0.00787903j 0.00454317-0.000783366j 0.00355639+0.00258313j -0.00216214-0.00164526j -0.011366-0.0164565j 0.0069989+0.00864167j 0.00640092-0.00457495j -0.0138018-0.00340082j -0.00786207-0.0129405j -0.00736549-0.0181232j 0.0100766-0.0047514j -0.00527837-0.0089815j 0.0058293+0.00987879j 0.000623006+0.0064465j -0.00336017+0.000350667j -0.00492287-0.00858807j 0.0190564+0.00235717j 0.0076995-0.00549344j -0.00734237-0.0184497j 0.00515765-0.00800146j 0.00515127-0.00901041j 0.00845242+0.0295666j 0.0065358+0.00715451j -0.00673377-0.00664524j -0.0122479+0.00315243j 0.00583451+0.0178754j 0.00736129-0.00800078j -0.0105171-0.00433585j 0.0094325-0.0039192j -0.000761647+0.0113089j 0.0137392-0.000239638j -0.000975918-0.0136275j -0.00682617+0.00297787j -0.000886794+0.00264474j 0.0104382+0.0107519j 0.00913685+0.0261999j -0.0205884-0.0133904j -0.00229072+0.00332208j 0.00306526-0.00338016j 0.00594696-0.00336095j 0.00184843-0.00578851j 0.0156389-0.0045593j -0.00140846-0.0147313j -0.0143906-0.00187238j 0.0171533-0.00791315j 0.000928189-0.00267676j 0.00375452+0.00294417j -0.0106464+0.000629415j -0.0194215-0.00170965j -0.00937115-0.00612731j 0.00188171-0.0190407j -0.0103384+1.61459e-05j -0.000804002+0.00556072j 0.0112681-0.0155653j 0.0144886+0.00596861j 0.00467407+0.00538906j -0.00205862-0.00583365j 0.00200562-0.00181675j -0.00248361+0.00842833j 0.0134575+0.0111833j -0.0229116+0.00637108j 0.00302461+0.0210208j 0.000123439-0.0141825j -0.0251696-0.0101625j -0.00365139+0.00230099j -0.0047582-0.00617003j 0.00719107-0.000145192j 0.0114128+0.00281246j -0.00417493+0.00579271j -0.000475822+0.0034865j -0.000724148+0.00119969j 0.00186941-0.00615138j -0.00127098-0.00681446j -0.00129163+0.0166058j -0.00550907+0.00506014j -0.00758038+0.0116895j -0.00587789-0.0149161j -0.00799682-0.00363228j -0.0192475+0.000247519j 0.00253031-0.0138432j 0.00388959-0.000740362j -0.0251396+0.00203481j -0.0146011-0.0102633j -0.00897265+0.00419062j -0.00945586-0.00501212j 0.00121308-0.00452105j -0.0111737+0.00260425j 0.0281616+0.00339422j 0.00356107+0.00607454j -0.0096207-0.00562562j -0.00379051-0.000733934j -0.00955446-0.00550308j -0.00834949-0.00235039j -0.00716647+0.00387846j 0.0103057+0.0130745j -0.00582297-0.00970309j -0.00906313+0.0111049j -0.00374793-0.00761115j -0.00348763+0.00151457j 0.00152384-0.000189821j 0.00356284-0.00367337j 0.00157927-0.0103896j -0.00463786+0.00558395j 0.0101748-0.0175315j 0.00230971+0.00189774j 0.00141514-0.00818344j 0.00116001+0.00372175j -0.010231-0.0105637j 0.0112928-0.00622599j -0.0166702-0.00969286j 0.000139832+0.00022302j 0.00982032-0.00684539j -0.00246021-0.00847089j -0.00739132+0.0114353j -0.00489287+0.00993056j -0.0109797-0.0204897j -0.0205468+0.00334229j 0.000915668-0.00408893j 0.0190034-0.00359705j -0.00829087-0.00184273j -0.0145583-0.0196699j 0.010856-0.00886274j -0.00909111+0.00140313j -0.0163795-0.00634795j -0.0136047-0.0023523j -0.0070841+0.00473729j -0.00997237-0.0076905j 0.00949368+0.0101116j 0.0163734-0.00207992j 0.00243025+0.0021545j -0.0085019-0.0103254j -0.00575079+0.014311j -0.000145526-0.0151715j 0.00735645-0.0204026j -0.00149964+0.0120622j 0.0138634-0.00964144j -0.0112538-0.0137573j 0.0268385-0.0265593j 0.0391836+0.0138836j -0.00413299+0.0228567j 0.0184165-0.00563083j -0.0117396+0.00235951j -0.00846941-0.00919054j 0.0111376-0.00331935j 0.0219183-0.00934478j -0.0116625-0.00118517j 0.0112948+0.00412257j -0.00481154+0.00107278j -0.0135159+0.0171151j 0.00141619-0.00223451j -0.00194804-0.0285472j 0.0101772-0.0231299j 0.00910086+0.00133549j -0.018858+0.0340149j 0.0145709-0.0239159j -0.0317338+0.0193574j -0.00171611+0.00981847j -0.00981212-0.00489339j -0.0037336-0.0040179j -0.00212718-0.00589964j -0.0177714+0.00994319j 0.00163572-0.00809663j -0.0067215-0.00138641j -0.00454977-2.6997e-05j -0.016049+0.00109133j 0.0120878-0.00136914j -0.00852549+0.0064683j 0.00320817+0.0283123j 0.0117964-0.0139741j -4.8419e-05-0.00488378j -0.00393408-0.0180647j -0.0102788+0.0139648j -0.0028267-0.0163669j -0.000578515+0.00553509j -0.00303901-0.00237294j -0.0138045-0.00409098j -0.00859232-0.00267543j -0.00523665-0.00257872j 0.00474515+0.00303465j -0.00904891-0.00432338j -0.000492215+0.00605715j -0.00307155+0.00097937j 0.00699289+0.00468246j 0.00547339-0.0153492j -0.00428414-0.00101207j 0.00194049+0.00778911j -0.00476755+0.0169273j -1.57107e-05-0.00261521j 0.00869477-0.0083893j 0.00296387-0.00111185j 0.010001+0.00232542j 0.00405248+0.0186049j 0.00258864+0.0062136j -0.00160828+0.00731094j -0.0072559-0.0101432j -0.0049259+0.00806843j -0.00144324+0.00484021j -0.00900166-0.00908765j -0.0166055+0.0128229j 0.0159968-0.008953j 0.00628036+0.000624596j -0.00209062-0.0173768j -0.00960654+0.00818973j 0.0224862+0.00907584j -0.000494939+0.0163309j -0.00565356+0.00769221j -0.00649667-0.00398403j 
0.0266794-0.0221697j 0.0225579+0.0405182j -0.0119109+0.0206951j -0.0194059+0.00645562j 0.00168515+0.0238309j -0.00148422-0.00657533j -0.00564786+0.00579325j 0.0240223+0.000971669j -0.0109848-0.00495908j -0.0215975+0.0102346j -0.013127-0.0011122j 0.00288957+0.00228246j -0.0068459-0.0251321j 0.0229687-0.0195058j -0.0059716-0.0205333j 0.00370997+0.0199613j 0.00840769+0.00671834j -0.00358246+0.00613667j 0.00158216+0.00139393j 0.00688231+0.00708283j 0.00728115-0.00757907j -0.00959161-0.00705353j -0.00242258+0.0116518j 0.00450663-0.0017878j -0.0268681+0.00756975j 0.00610469+0.00624549j 0.0119686-0.00084107j -0.00112485+0.0132101j -0.0149917-0.00641618j -0.00430654-0.0205362j 0.00576739-0.00309943j -0.00674923-0.00464235j 0.00225696-0.0088779j -0.0161874+0.0154902j 0.014091+0.0054649j -0.00527318-0.00407524j -0.0101896+0.0131694j -0.00228112+0.010629j 0.00995956+0.0228158j -0.00400145-0.0151468j -0.00690279-0.0154723j -0.010521+0.000592998j -0.00691238-0.00678355j 0.00155098-0.00406729j 0.00203073-0.0094222j 0.0042833-0.00384066j -0.00193059-0.00964808j 0.016719+0.0139483j -0.015816-0.00435262j 0.013097+0.00697018j 0.000737078+0.00489198j -0.00437574-0.00104748j -0.0105581+0.00741125j 0.0162493+0.00115352j -0.00101322-0.0107839j -0.0115632-0.00149096j 0.00227891+0.00865818j 0.00422459-0.00163449j 0.000453935+0.0215053j 0.00267244+0.00683933j 0.0112839-0.0110575j 0.023283-0.0104348j 0.00485892-0.00354538j 0.00699764+0.00099633j -0.00429143-0.0108265j -0.0036607+0.0201634j -0.00286543-0.0135427j 0.0106772-0.00525877j -0.00238502-0.00974941j -0.00344134+0.00286226j -0.0212499+0.00569158j 0.00250353-0.0057919j -0.0120546+0.00542273j 0.000677078-0.00508302j 0.00556064-0.00733518j 0.012728+0.0109399j 0.00828528-0.00657937j -0.00258694-0.0116973j 0.00335691-0.0073816j 0.00774048+0.00876275j 0.00839561-0.0272039j 0.00403098-0.0153624j 0.00610293-0.00590486j -0.0153502+0.00340312j 0.0058619-0.0217046j -0.00445741-0.00229487j 0.00290256-0.00174608j 0.00149759-0.00916056j 0.00938258-0.0131104j -0.00150998-0.0089175j 0.00930586-0.007704j 0.0136597+0.00748568j 0.010678+0.000844222j -0.0138662-0.000462614j -0.025243-0.00707226j -0.00231061+0.0103571j -0.012268-0.00235155j 0.00686193+0.00908259j -0.0146173-0.00462789j 0.0104582+0.000333788j -0.00238463-0.00830233j 0.00958611+0.00212789j 0.0107804-0.010405j 0.000493512-0.00701124j 0.00734732+0.000134729j 0.00203135-0.00358083j 0.00220802+0.00273494j 0.00363142-0.0269779j 0.000848927+0.00443798j 0.00359619+0.0135157j 0.00647885+0.00582246j -0.00566122-0.00162194j 0.00946867+0.00434405j -0.00217091-0.0110169j 0.0098722-0.0140343j -0.0191174-0.00728115j -0.00367205-0.00646115j -0.0104452+0.0071054j 0.00629644-0.0014737j 0.00263098+0.00627321j 0.00363555+0.00920971j -0.00191697-0.00505052j -0.00794688+0.0142613j 0.00261669-0.0108756j -0.00171415+0.00756873j -0.0207396-0.00319959j 0.0133758+0.00101835j -0.00946476+0.0177534j 0.00173103-0.0150843j -0.00941011-0.0275405j 0.0073084-0.00687322j 0.00329665-0.0113748j 0.0122147-0.00326002j -0.0224164-0.0085867j 0.00257581-0.00123074j -0.0104757-0.00717035j 0.00203536-0.0105134j -0.00812446+0.00739192j 0.0214927-0.000876696j -0.0130278+0.00944488j 0.00819464+0.0124917j 0.0249194-0.00159919j 0.015172+0.0047808j 0.0011431+0.000345251j 0.018445-0.00794985j 0.000138761+0.000566139j -0.000127687-0.014041j -0.000509465-0.00402959j -0.0173844+0.0100353j -0.00938726+0.0157783j 0.00302316+0.00491618j -0.0262607-0.0128661j 0.0156381+0.00384044j -0.0130897-0.0133359j 0.000724949+0.0157589j 0.0186633-0.0221434j -0.00368888+0.00532562j -0.00219173-0.00464097j -0.0189342-0.0106547j -0.00933449+0.0125654j 0.00818426-0.0120497j 0.00195024-0.0210074j -0.00382338+0.0094188j 0.00175294-0.0173509j 0.00577433+0.0061458j -4.29121e-06+0.00554834j 0.00549909-0.00122977j 0.00654482-0.00828695j -0.0067527-0.00513414j -0.020766+0.00624412j -0.0087725-0.00192319j 0.00435469-0.0214725j -0.0109965+0.00784472j -0.00937193-0.00742846j -0.0355841+0.00398981j -0.0203969+0.0109217j -0.00503724+0.00945794j -0.0108034+0.00981055j 0.0128908-0.00697225j -0.0273445+0.000448762j 0.00183783-0.0117432j 0.00438877+0.0110953j 0.0215635+0.00065661j 0.00203512-0.0141692j -0.00909064+0.00133516j -0.000793376+0.00361513j -0.0171157+0.00456493j -0.00632423-0.00236202j 0.00632633+0.000614628j -0.0153185-0.000351532j -0.00373873+0.00399897j 0.0110195+0.00504793j 0.00698513+0.0142006j 0.00683655+0.0066293j 0.000415116+0.0117942j 0.00461947+0.00833468j -0.0105438+0.0109835j -0.00402361-0.0115345j -0.0201317+0.00815653j 0.00487518+0.0112643j -0.00258286+0.0139554j 0.0108832+0.0095636j -0.00856713-0.00585124j -0.00865943-0.000496703j -0.0200429-0.00427543j -0.0117197+0.0189489j 0.0287464-0.0087003j 0.0125214+0.0275722j 0.0202936+0.0264694j -0.0254363+0.0220595j 
-0.00400293-0.011212j 0.0106062-0.00745711j 0.0131544-0.0108343j 0.0092507+0.0174919j -0.0159888+0.013599j -0.00148237-0.0119352j -0.0137757-0.0219424j 0.00842115-0.00821855j -0.0180106+0.00476675j 0.0116392+0.0100272j -0.00921475+0.0266671j -0.0315363-0.00310214j -0.0020735+0.0118426j -0.0169438+0.000168934j 0.00406445+0.0196497j -0.0420218+0.00136976j 0.00260564-0.000624662j -0.000625796+0.00518527j -0.00626536+0.0153792j -0.00681549+0.013077j -0.0162623+0.0251812j 0.00663006+0.00282495j -0.0126782+0.00718846j -0.0122426-0.00472111j 0.00609298-0.00532761j 0.000376221+0.0107021j -0.00515535+0.0170487j 0.0168178-0.0145174j -0.0153118-0.000513703j -0.00732981+0.00254633j 0.000379951+0.036767j 0.00623926-0.00710463j -0.0223832-0.0276864j -0.0120639-0.0060347j 0.0192659-0.0100631j 0.0113437-0.0107857j -0.00422759-0.00384479j -0.00396169+0.0118196j -0.00849802-0.00273476j 0.00783726-0.00625831j -0.000523073+0.00453145j 0.0150207-0.00387303j 0.00159775-0.0044748j 0.0122901+0.0148681j -0.00752832-0.0176781j -0.00330535+0.0107036j -0.0121389+0.00629275j 0.00302489+0.0136009j 0.000922988-0.00803381j 0.00258692+0.00494484j 0.00733555+0.00616287j 0.0033705-0.00684018j 0.0115468+0.00494397j 0.00840131+0.00926905j -0.000848034-0.00473175j 0.0196431+0.00177553j 0.00993511+0.00234764j 0.00943408+0.00257982j 0.000626872-0.0112056j 0.0119638+0.00725011j 0.00464678-0.00984482j -0.00193682+0.00251111j -0.00480975+0.0103631j 0.00391084+0.00912149j 0.0139383+0.00330961j -0.010666-0.0201152j -0.0126862-0.00873225j 0.0242798+0.012058j 0.00140071+0.00620687j -0.00784474-0.0103316j -0.0222593-0.00664921j 0.0022811-0.0113048j -0.0170128+0.0171122j -0.00368421+0.0278153j 0.00033083-0.00613964j -0.00261042-0.0164955j -0.0354182-0.0133255j -0.0015978-0.00370014j -0.0138988-0.0247582j 0.0130876+0.00468792j 0.00789794+0.00378979j -0.00371588-0.0095244j 7.69857e-05+0.00525275j -0.0379386+0.0102237j -0.0100654+0.0132483j -0.0028634-0.0132111j -0.00043909+0.00903513j 0.0199955+0.00550099j 0.00649436+0.00565398j 0.0193549+0.0143881j 0.00217522+0.0059984j -0.0126275-0.00286944j 0.00699613+0.00774892j -0.00445469-0.0159838j 0.00456854-0.00689112j 0.00166319-0.0059601j 0.0111833+0.0176229j -0.0194681-0.00998507j -0.0074486-0.00488676j 0.0191736+0.011534j 0.0114927-0.0100534j 0.0127433+0.0148617j 0.00577908-0.00718141j 0.0259947+8.56541e-05j -0.00455354+0.00931812j -0.00402951+0.0106362j 0.00598167+0.0154806j -0.0139562+0.00441617j 0.0214825+0.00418738j 0.00408782+0.00264739j 0.00086153+0.0121671j 0.00308321+0.0085874j -0.00581321-0.00035717j 0.00249588-0.0134607j -0.000268801+0.00235722j 0.00672963-0.00379053j -0.0109046-0.00411453j -0.00712637+0.00104813j 0.0043772-0.00198226j 0.000506471-0.00365345j -0.000657481-0.00913932j -0.00849602+0.00534915j 0.00652825+0.00755189j -0.00164784-0.0209532j -0.0119327-0.0153762j -0.0067433-0.0100758j -0.00851071-0.0163521j 0.00932935-0.00595347j 0.0013567+0.00857963j 0.00579377-0.0119434j 0.004933-0.00635781j 0.0198603-0.0171186j -0.00810956-0.00231025j 0.00772472-0.00493964j 0.0134708-0.000122595j 0.0189259-0.00993824j 0.00583794-0.0283207j 0.00109805-0.000940281j -0.00447221+0.00458558j 0.00330899-0.00894063j 0.0119425-0.0057047j 0.0160238+0.00584586j -0.00462925-0.00180109j -0.0084768-0.00852113j 0.0050886-0.000987949j 0.0195575-0.0261314j -0.00138349-0.00266745j 0.00204836-0.00438362j 0.00611745-0.00262385j -0.00486968+0.0133024j -0.00174521+0.00376799j 0.0051326+0.00248285j 0.00114316+0.0200346j -0.0151679-0.0063376j 0.0154082-0.000473397j -0.00136603-0.00852996j 0.00642596+0.00667171j -0.0112778-0.0253863j 0.00287798-0.00272824j -0.0165759+0.00902916j 0.00488657-0.0188876j -0.00802826-0.000949039j -0.00121533-0.00252201j 0.00836469+0.0108674j -0.00143515+0.0172931j 0.0036882+0.00515468j 0.003007-0.00680435j -0.00290204+0.00710373j 0.0161107-0.000585612j 0.00600869-0.00402958j -0.000418623+0.000822316j -0.00451597-0.0165814j 0.022348+0.00155836j 0.00293623-0.00783435j -0.00123069-0.00635299j -0.00787926+0.00471965j -0.00204688+0.0104313j 0.00588113-0.00177565j -0.00776691-0.00677989j -0.00141304-0.0121073j -0.00604488+0.0081023j 0.00138625-0.00743784j -0.00699439+0.0227762j 0.00864302-0.0128786j 1.8705e-05+0.00821024j -0.00297732+0.0041392j -0.00309371-0.000525948j 0.00188888+0.00283688j 0.00757711+0.00512897j 0.0194146+0.00310295j -0.0126359-0.00683356j 0.00371086+0.0137608j 0.00571665+0.0079014j -0.0143794+0.0134191j 0.0057185+0.00579672j -0.00229262-0.0041962j 0.00312487-0.0158737j 0.0143282+0.0146481j 0.00281004-0.00572797j 0.0130462-0.0103526j 0.00920888+0.00551313j 0.0152281-0.0104552j -0.00433273+0.0165385j -0.000125552-0.00459958j 8.9905e-05+0.00556565j 0.00368233-0.00764289j -0.0131547-0.00643657j 0.00692422-0.0153936j 0.00322098+0.000319836j 0.00053849+0.00298009j 
-0.00832629+0.00206126j -0.0045576-0.00182315j -0.00350679-0.00832084j 0.00702379-0.0111884j -0.0421713-0.0270216j 0.0410283-0.0309147j -0.0065585-0.0273068j -0.00952644+0.00738451j 0.00479644+0.00653948j -0.0268584-0.00238312j -0.0323529+0.016441j 0.0112743-0.0040295j -0.00403251+0.0272694j 0.0100645-0.0222142j -0.0135949+0.00991358j -0.011231-0.0320632j 0.0166236+0.0163283j 0.0016282-0.0170137j 0.00545436+0.00748491j 0.00825826+0.00994223j -0.000150302-0.00754091j -0.00283827-0.00357195j -0.0147571-0.014939j -0.0121172+0.000712381j 0.0246961+0.00588589j -0.00961838+0.00317288j 0.0165311+0.0225126j -0.00549281-0.0117493j 0.0147386-0.00302384j -0.000867033+0.00172002j 0.00581929-0.0257687j 0.0161626+0.0228808j -0.0403622+0.00352838j 0.0188157+0.0112439j 0.0148533-0.0129532j 0.00521631-0.0062398j 0.00229603-0.019089j 0.0237133+0.0176915j 0.0170425+0.0189494j -0.0229776-0.00149127j -0.00320425-0.0018462j -0.017609+0.00136016j -0.00195788+0.00683996j 0.010298+0.00510172j -0.0214374-0.016211j 0.0229982-0.00356112j 0.00361889-0.00944466j -0.0141773+0.0194978j -0.0132751-0.0137095j -0.000901817+0.0108663j -0.00650467-0.0125924j -0.00700476-0.0128082j 0.00317039-0.00737648j 0.00815124+0.0153391j -0.00573372+0.00298232j 0.00247521-0.0212418j 0.0138628-0.0160756j 0.0211876+0.0038652j -0.00887796-0.00720418j -0.0016248+0.00029185j 0.0076564+0.00845766j -0.0105771-0.00387278j -0.0136455-0.0167361j -0.000221431-0.00294458j 0.0237843+0.0011056j -0.00471164+0.00761031j -0.00778342+0.00766995j 0.00990557-0.0235849j -0.0125943-0.00290424j 0.0143179+0.00293523j -0.0194186+0.00812618j -0.012189-0.00960236j 0.000954994+0.0152705j 0.00999683-0.0012794j 0.00269034+0.0200008j 0.0085707-0.0119225j -0.0208658-0.000692701j 0.00375495-0.00614978j -0.0218443+0.00841988j 0.0106361-0.0263552j -0.000251922-0.0058056j -0.0246524-0.0021651j 0.00326143-0.0199524j -0.00428019+0.00860537j -0.00568575-0.00248687j 0.0185553+0.00396611j 0.00853756+0.00886647j -0.00100673-0.013409j -0.00411855-0.014449j 0.0278961+0.00197527j 0.00564988+0.0218712j 0.00453078+0.00369257j 0.0111678+0.00329872j -0.00990466+0.00600059j 0.00802047-0.00451963j 0.00500871-0.0180984j -0.000474881+0.00204248j 0.00759229+0.0105241j -3.60316e-05+0.00311617j 0.00206757-0.00114235j -0.00231352+0.0149158j 0.00994473+0.00917156j 0.00108682-0.0147595j -0.00660109-0.00422956j 0.00195125+0.00655511j -0.0138879+0.0189882j 0.0104777+0.00520809j -0.00370907-0.0103077j 0.00504797-0.016304j 0.00629744-0.0031911j 0.00956635+0.00356917j 0.00549408+0.0168365j 0.00777067-0.00921769j 0.00147382+0.0163884j -0.0162123-0.00462993j -0.00226331-0.0014103j -0.014557+0.00426069j 0.0154382-0.0145338j -0.0129256+0.000184918j 0.00629101+0.0149112j 0.028212+0.0194916j -0.00665225+0.00989595j 0.00894167-0.00777605j 0.00692946+0.0145961j -0.00958688-0.00399797j 0.00503076-0.0156842j 0.0193775+0.0339357j 0.00415543+0.00515171j 0.000947645+0.0106277j 0.00739696-0.00621759j -0.00195618-0.00568522j 0.00450649-5.13536e-05j -0.0149757-0.00889443j -0.00763812-0.0270074j 0.00352163+0.0131748j 0.0112995-0.0133486j 8.64726e-05-0.00356346j -0.0046799-0.0124636j -0.00590185+0.00505163j -0.000389368+0.000677396j -0.0184275+0.0174941j -0.0165194-0.0127036j 0.00468888+0.0149889j 0.00116593+0.0190565j -0.0161053+0.003096j -0.0310656+0.0116236j 0.000596313+0.00240543j 0.00431619+0.0224987j -0.0163837+0.0145247j 0.00602359+0.0135195j -0.00252012+0.0119394j -0.00637027-0.00453919j -0.00232142+0.0119638j 0.000418653+0.00607625j 0.00668927-0.00301268j -0.00663447+0.00844318j -0.0107047-0.0197657j -0.000560257+0.0133208j -0.0170517+0.000427014j -0.0105765-0.0189382j 0.0104914-0.00668486j -0.0035184+0.00407744j -0.0109499+0.00276168j 0.013457-0.0127482j -0.00609079+0.00125083j 0.0134793+0.0131526j -0.00863944+0.00327272j 0.00281618-0.0138124j -0.0129188+0.000560221j 0.010843+0.00291947j 0.00375855+0.000427075j -0.00515263+0.00211849j -0.00449358+0.00642994j 0.00484664+0.00591567j 0.00648186+0.0110696j -0.002014+3.53806e-05j 0.00500229-0.00393433j 0.00255856-0.00461168j 0.00568501+0.00730065j -0.00469245+0.00939187j 0.000887092-0.00620497j -0.00598243+0.0151892j -0.0095705-0.0169226j 0.00697276-0.00232085j -0.000333707-0.0146988j 0.0146102-0.00111023j 0.00426992+4.5808e-05j 0.0025707-0.00850399j -0.00215209-0.00327848j -0.0196835-0.00333058j -0.00429319-0.00372464j -0.0246502+0.0133237j -0.00864872+0.00550128j -0.0018428-0.0147942j -0.00327919-0.0101625j -0.00755371-0.00393598j 0.00988486+0.00367483j -0.00459079+0.0201555j 0.000872436-0.0176511j -0.00823595-0.000965131j -0.0290788-0.00978576j -0.00276998+0.014003j -0.0122325-0.023299j -0.00871666-0.013052j -0.000474961+0.0156518j 0.0118723-0.0117249j -0.0118422-0.0109687j -0.00272221-0.00846489j -0.000522733-0.0110568j 0.00915104-0.00659864j 
-0.0299637+0.0153437j -0.0189638-0.0319184j 0.0246917-0.00994771j 0.00400145-0.003549j -0.0156921-0.0171774j -0.00890599-0.0171353j 0.0133329+0.0148318j -0.0201807+0.0280408j 0.0124033-0.0162445j 0.00771354-0.0190501j 0.00757356-0.00815608j -0.0090927+0.0175623j 0.0146086+0.00337761j -0.026902+0.000690415j -0.0033485+0.0125996j 0.00795874-0.00942385j 0.00126597-0.00264687j 0.0118786+0.0014636j -0.00712241+0.0131758j -0.00112016-0.0103714j -0.00427228+0.0161644j 0.0209355-0.0068726j -0.00604408-0.0200444j 0.0064577-0.0101796j 0.0220863-0.0144404j 0.00618674-0.00345936j -0.0187237-0.0102433j 0.00547529+0.00756309j -0.00199732-0.00664945j -0.00294581-0.000639072j -0.00797541+0.00842716j 0.00666471+0.00817314j 0.00316644-0.0153869j 0.00352869-0.00663857j 0.0165945-0.00960568j 0.0104744+0.0118005j 0.0145778+0.00160115j 0.00337078-0.000375815j 0.00549556-0.00543329j 0.00280386+0.0098251j 0.00479266+0.00483242j -0.0108438+0.00183233j 0.0137578+0.0227274j -0.00440272+0.0040606j 0.0111629-0.00501024j 0.0236244-0.00582699j -0.00670765-0.0183396j -0.0100155+0.00198995j 0.0104286+0.00465704j 0.00891519-0.000551905j 0.00560674-0.00341418j 0.00504776+0.0125633j -0.0216873-0.0134321j -0.00763425-0.00207101j 0.00058564+0.0132208j -0.00164314-0.0180151j 0.00753189-0.000819703j 0.00821823+0.00694554j -0.000935556-0.0168628j 0.00730148+0.00067107j 0.00876535+0.00576739j 0.000671165+0.00321535j -0.00521742+0.00408588j 0.00370938+0.00733148j -0.00137307-0.00611695j -0.000506445-0.0021578j 0.0233307+0.0219912j -0.00569198-0.00639831j 0.00214918-0.0158244j -0.0119486+0.0197709j -0.011143-0.0101356j 0.0010574-0.00993144j 0.00332864-0.00788138j -0.00207155+0.0110752j 0.0205008-0.000216464j 0.002871-0.00987442j -0.011336-0.00682831j 0.00711349+0.0292795j -0.00464218+0.00152668j 0.00482516+0.00442984j -0.00877053+0.0093506j -0.00631234+0.00934962j 0.00297827+0.00181791j -0.0108024-0.00154479j 0.0132481+0.00614j 0.00324854+0.00558383j 0.00439462-0.0088912j -0.00962526-0.0168067j -0.00399019+0.000817944j -0.00850288-0.000431887j -0.000546713-0.00303297j 0.00605799-0.011172j 0.00688412+0.0044285j -0.00696553-0.0123479j -0.00543717-0.00422505j -0.00637992-0.00688259j 0.0103394-0.00485454j 0.0128682-0.00350407j -0.00190458-0.0152572j 0.00747421-0.00517587j 0.00647704-0.00889593j -0.00299499-0.00138631j 0.00275852-0.00670734j 0.00915446-0.00683824j 0.00106656+0.0149878j 0.00566503-0.00297801j -0.0100196-0.00131735j 0.000843736+0.00863547j 0.00240601-0.00642812j 0.00638268-0.00338119j 0.00482029-0.0175977j -0.00080038+0.000364368j -0.00471864+0.0133648j -0.0161068+0.00657541j -0.00608767+0.00456865j -0.0122669+0.00822735j 0.00786394+0.00230218j 0.0117288+0.00136874j -0.0144961+0.00368071j -0.000937335+0.00744424j 0.00859986+0.00846396j -0.0119634-0.00434867j 0.00193181+0.00403975j 0.0020167-0.00159607j 0.00308113-0.000721075j 0.00682625+0.00502394j 0.00678312+0.00190309j 0.0145538+0.000587955j -0.0119415-0.000720071j -0.0211864-0.0135359j 0.00854013-0.00339934j 0.000177464+0.00797086j 0.0128014+0.0199628j -0.0202437+0.0030365j -0.00723722-0.00547712j 0.0117793+0.000975594j 0.011379+0.00950047j 0.0136638-0.0102342j -0.00462528-0.0127124j -0.00245006+0.00538852j 0.0200053-0.00511881j 0.025117+0.00864244j 0.0228121-0.00308758j 0.0173427+0.00474399j -0.00253087-0.00899471j -0.0148727-0.00111982j -0.00751483+0.00185021j 0.00724543+0.00232982j -0.00636739-0.0144983j 0.010615+0.000888396j -0.00738358+0.0181796j 0.00565351+0.0167054j -0.0024534-0.00725998j 0.0178288+0.0179297j -0.0202247-0.00304054j 0.00151204+0.00108466j -0.02162+0.0138144j 0.00797421-0.0229235j 0.00836102-0.00540117j -0.0120876+0.00296028j 0.0111457+0.00777394j -0.00542954+0.00535688j 0.00259359+0.00884036j -0.0156895-0.000505945j -0.00565386+0.00224542j -0.0186086+0.00741552j 0.00365264-0.00745494j 0.00515568-0.00616317j 0.00563744+0.0145529j 0.00718465+0.00701649j 0.00618961+0.00372143j 0.002761-0.000765388j 0.00459135-0.00987616j -0.00215358-0.00114118j -0.00685123-0.00810528j -0.00714784+0.0110749j -0.00476051+0.00980542j -0.00627609+0.0205146j 0.0112572+0.0231854j 0.000895617+0.0247452j 0.00199663+0.0121272j -0.0155163-0.00270485j 0.00165301+0.00475868j -0.0101356+0.0108327j 0.0206702+0.00960024j 0.00485688+0.00468868j 0.0104039+0.00959683j -0.00417143-0.00824093j 0.00296821-0.0138585j 0.00700103-0.00272408j 0.00179955+0.00864966j -0.0216909-0.00780154j -0.0043336+0.0145139j -0.0133845-0.00321674j 0.00304028-0.0102623j -0.00844123+0.00288555j -0.00334777-0.0116982j 0.00601122-0.00356543j 0.00868227-0.0141881j -0.00430266-0.000609608j 0.0128277+0.00195509j -0.00856433-0.00147149j -0.0027591+0.00218895j 0.009468+0.00409284j 0.0101655+0.00873231j 0.00159793-0.019826j -0.0186836+0.00331002j -0.0105199-0.0122562j -0.000808948-0.0115148j 0.0147529+0.000199455j 
0.0343328+0.0154226j -0.0143272+0.026585j -0.0132221+0.0110722j -0.00538372-0.00234394j 0.0260605+0.00170183j -0.00267411+0.0217294j -0.0115657-0.0103481j 0.00281268-0.0364997j -0.00863798+0.000541892j 0.0160712+0.00129897j -0.00615257+0.0169363j -0.00401534-0.00888499j -0.00889102-0.00970823j 0.00212047+0.00653505j -0.0127223+0.0060603j -0.0155631-0.0109909j 0.00146111-0.00245291j -0.012587-0.00118488j -0.00497903-0.0147949j -0.00758176-0.0129012j -0.0134035+0.00598929j -0.0027+0.020398j 0.00704022-0.00851574j -0.00912162+0.00195517j 0.000903432+0.0165881j 0.0151375+0.00879825j -0.00800266+0.00684683j -0.000117327+0.0034853j 0.00884124+0.00605893j 0.000551952-0.0087388j 0.0148057+0.00493272j -0.0060362-0.00842079j 0.00303276+0.0059145j 0.0022969-0.00448545j -0.022184-0.00720428j -0.0107669+0.0119787j -0.0109743-0.00315717j -0.0120328+0.0100081j 0.00914836+0.0116849j -0.0132667+0.00104667j -0.0133128-0.00034954j -0.000396848+0.0159957j 0.0123279-0.00436926j 2.97147e-05+0.0126366j -0.0180933-6.41086e-05j -0.0105455-0.000904621j 0.0182679-0.000376851j 0.0151053+0.00308334j 0.00316793+0.0210504j -0.00230673+0.000936648j -0.00290014+0.00493989j 0.0125681+0.00842624j 0.0109667-0.00996206j -0.00827564-0.00817522j -0.0105244-0.00828936j 0.00683103+0.0107884j 0.00992682-0.0150998j -0.00391244+0.00465239j 0.0124029+0.009401j -0.0161117-0.000783314j -0.012355+0.013794j -0.0096735+0.00787768j 0.00517659-0.0019976j -0.00272592-0.00124925j 0.00396275+0.0078051j 0.0129034+0.00453625j 0.00992652-0.00365888j -0.00250558-0.000523081j 0.00499871-0.00540221j 0.0141371-0.00666837j -0.00365429+0.00561026j -0.00727132-0.00447606j -0.00509917+0.00349798j 0.00432753+0.0159251j -0.00276633+0.00877519j 0.005846+0.00538778j -0.0132461+0.0115976j -0.00884893-0.0105381j -0.000849204+0.0203277j -0.00252481-0.00495905j 0.00759443-0.00354014j -0.00470041-0.00900964j -0.0108046-0.00285725j -0.00336586+0.00555207j -0.00932095-0.00761693j -0.00103064-0.00703713j -0.0148114-0.00278086j 0.00380894+0.00362049j 0.0146641-0.00835284j 0.0141411-0.00856666j 0.00272351+0.0137008j -0.00215615+0.0117534j 0.000494779+0.00213309j -0.00659881+0.006167j 0.0067373-0.0054988j -0.00177981-0.00238014j -0.00843397-0.0100232j 0.00441507-0.0071687j 0.0141453+0.0184563j -0.00486764-0.00151106j -0.00520207+0.00830924j -0.00630637-0.0145564j 0.00410114-0.00454599j -0.0107571+0.00872782j -0.0105054+0.00653276j 0.00604469-0.00885691j 0.00474399+0.00116933j -0.0212554-0.00898336j -0.0018713+0.00201373j -0.00966155-0.00684798j -0.00266393-0.00530461j 0.00740948+0.0133563j 0.00992843-0.00480147j 0.004464-0.00826501j -0.00413661+0.00377197j 0.00446335-0.0126506j -0.0177145+0.00765519j -0.0184801-0.0123625j 0.0176185+0.00574858j -0.00328066+0.00610482j 0.00481201+0.0124539j -0.00894245-0.000421299j 0.0019808+0.0028347j -0.00319827+0.00300506j 0.00466269+0.0187926j -0.00863307+0.0264332j -0.000870991+0.00743421j -0.0255383+0.012793j 0.0141644+0.0105593j 0.017168+0.0147141j -0.00288934+0.0079401j -0.0102144-0.00864714j 0.00182064+0.013814j -0.00395296+0.0144042j -0.000683056-0.0190971j 0.0114813+0.00344932j -0.0088146+0.0142742j 0.0132346-0.018385j 0.00149667-0.000316137j 0.00353204+0.0131042j -0.0163918+0.019714j -0.0204704-0.000822406j -0.0162693-0.011988j -0.0231205-0.00106062j 0.00600753+0.0258556j 0.0104953+0.0159587j 0.00109383+0.00482865j 0.00947609+0.0242672j -0.00289059+0.015103j -0.00162997-0.0120534j 0.00734112-0.0171887j -0.00324831-0.0216166j 0.0147683-0.000665698j -0.00394198+0.00550927j 0.0101393+0.0121895j -0.00783467+0.00723312j 0.00848299-0.0174011j 0.00188726+0.00963592j 0.0217126+0.00494995j 0.0127996-0.00153662j -0.0051929-0.00431128j 0.00586498-0.0177151j -0.00135155+0.00264073j 0.00566833+0.0161383j 0.00675893+0.00188377j 0.00308844-0.00989433j -0.00473858-0.00158028j 0.00673539+0.00771307j -0.0022815+0.00286895j 0.00126583-0.00248281j 0.00595577-0.022693j 0.00565974+0.00100073j -0.0197985-0.0127385j 0.00877757+0.0062421j 0.00570473+0.0108662j -0.00268663+0.00400463j 0.00390031+0.00788933j 0.00550424+0.00652205j -0.0127436-0.0170204j -0.00180907-0.00920805j -0.00911074+0.00876258j 0.00438888+0.000786847j -0.0170836+0.0118284j 0.00152057-0.00286744j -0.0087084-0.00469339j -0.0139136-0.00869346j -0.0116449+0.00402424j -0.00177967+0.0220849j 0.0111473-0.00571524j 0.005306-0.00462278j -0.0167809-0.00581667j -0.00598151-0.0046056j 0.00974506+0.00245921j -0.00530976+0.00715154j 0.00192863+0.0189884j 0.00374374-0.0093596j -0.0119184-0.00879182j 0.00688913-0.0265256j -0.00313548+0.00834j 0.0171466-0.00397835j 0.0105063-0.00589889j 0.00916462-0.00782754j 0.01835+0.0150741j 0.0222972-0.00743542j -0.00311854-0.0125509j -0.00857885+0.00726457j 0.0104267+0.00803429j 0.0106965+0.00474186j 0.00111714+0.0208736j -0.0155364+0.000965487j 
-0.0149274-0.0422288j 0.0399761-0.0058399j -0.00946452-0.0115303j 0.00293397-0.0052097j -0.0217471+0.00650332j 0.00660529-0.0116262j 0.0281486-0.00966379j 0.020992+0.0265547j -0.00995365-0.0151528j 0.00544507-0.00188038j 0.0119047-0.0277515j -0.00625118+0.00350901j -0.00327561-0.0122634j 0.00789958+0.00269866j 0.00177158-0.0247961j -0.00255605+0.0149728j 0.00135146+0.00926145j 0.00404688-0.00534241j 0.0260908-0.00331282j 2.05831e-05+0.00872034j 0.0121861+0.0126864j 0.00834906-0.0228918j 0.0121892+0.0108527j 0.00865472-0.00646727j -0.00130331+0.0077185j 0.00359628-0.00234304j 0.0129409-0.0123777j 0.000810268-0.0050706j 0.0113269+0.0105303j 0.000758006-0.00689466j 0.00574475+0.00755322j 0.0088394+0.0111561j -0.0196832+0.00628187j -0.0130057-0.0156148j 0.0154929+0.00400959j -0.00108949-0.0161677j 0.00547935+0.0177055j 0.00413871+0.00206607j -0.000876985+0.0138414j 0.00279136-0.0104152j -0.000102617-0.00304291j 0.000181197-0.0101216j -0.00107071-0.00347943j 0.0180228-0.0224291j 0.0211474-0.00543601j -0.00833562+0.00815703j -0.0246905+0.00204581j -0.000225776+0.00224078j 0.0109037-0.00417619j -0.00112766+0.00261544j -0.00802889+0.00683364j -0.0123941+0.00522737j -0.000990051-0.00529756j -0.00219129-0.00173373j 0.000100066+0.00705442j 0.00408078-0.00225436j -0.000615591+0.00296088j 0.0020737+0.00980242j -0.00144695+0.00671752j 0.0216041+0.0146814j 0.0128616-0.0163721j 0.0172438+0.00950969j -0.00490904+0.0107554j -0.00704693+0.016998j -0.00387233-0.00242392j 0.011975-0.0253936j -0.0176624-0.0249206j 0.00260393+0.00903149j -0.0202613+0.000409656j -0.00847219+0.0153762j 0.0205215+0.00216738j -0.00142775+0.00216974j -0.00213483-0.00345648j -0.0179926+0.0084834j 0.00184863-0.0126581j -0.00504118-0.000201824j 0.00783368+0.00581232j -0.00491464-0.00313366j -0.00346989-0.000938122j -0.01654-0.00629096j 0.0031844+0.0152129j -0.00333102+0.00422037j -0.00417942+0.000764086j -0.00627967-0.0118485j 0.00434574-0.00409301j -0.0191182-0.00996328j 0.00771663+0.00406619j 0.00624765-0.0121858j -0.00327637-0.00789822j -0.00103494+0.00675426j -0.000663159+0.0159277j -0.00663479-0.000892543j -0.01871-0.0029972j -0.00537088+0.00591212j 0.00816741-0.0135844j 0.0124596+0.00175884j 0.0189797+0.00674568j -0.010738+0.0219789j 0.00893125-0.00154033j -0.0164393+0.00523229j 0.00374838-0.0021372j 0.00310002-0.00220115j 0.00517636+0.0128345j -0.00413225-0.00955455j 0.00417964-0.011268j -0.00352954+0.000804514j -0.00186053-0.00354736j -0.00247291+0.0109727j -0.0110464+0.00987537j -0.0220459-0.00912571j -0.00174845+0.00254045j -0.00834045-0.0151707j 0.0188119+0.0011413j -0.0232598+0.00487332j 0.0245969-0.0199603j 0.0145549+0.00559575j 0.0135084+0.00810199j -0.00917226-0.00508121j 0.0089022-0.00946457j 0.0221769+0.0112368j 0.0130088+0.00977694j 0.0210334+0.00649828j 0.0188553+0.00175725j 0.00818099-0.00158327j -0.0202518+0.00314185j -0.013128-0.0120009j -0.0108521-0.00334387j 0.015579-0.0162453j -0.00800172+0.0138136j 0.00422377+0.0222457j 0.00602074-0.0334076j 0.00639501-0.0147145j -0.0269432+0.0219886j -0.0122603-0.0140948j 0.00378923-0.00717029j -0.00851739-0.00777854j 0.0012801-0.00623145j -0.015146-0.00491481j 0.00258768-0.00182312j -0.0160445-0.00644421j -0.00316708-0.00760677j -0.0142855-0.0208896j -0.016112-0.00879461j -0.0306735-0.0143095j -0.00743676-0.00728305j 0.0161405+0.0253643j -0.00312845+0.0208297j -0.00632883+0.0218263j -0.00457057-0.0025271j -0.00988861-0.00713591j 0.00140795+0.000991744j 0.0196282-0.00213092j 0.00143196-0.0114288j 0.00544252+0.00784144j -0.00702891-0.0111926j -0.00933113+0.00890193j 0.0201228-0.00522505j -0.00740783-0.00111291j 0.00119444-0.00901253j 0.00789779+0.00163113j -0.0129861+0.00942637j -0.00697973+0.000134099j 0.0197391-0.00347893j -0.0151732-0.012317j 0.0088623-0.00391633j -0.00743701-0.00772409j 0.0262124-0.00116698j -0.013449-7.39419e-05j 0.0094503+0.00485908j -0.0198374-0.00683258j -0.0221829+0.00370375j 0.00765647+0.00247257j 0.00726974+0.0138014j -0.00136407-0.0140705j 0.012972-0.0194189j 0.00500296-0.0102122j -0.0150673-0.000932979j -0.000790965-0.0061045j -0.0112022-0.0125344j -0.00539774-0.00123134j 0.0114464-0.00882072j -0.00302334+0.00492723j 0.00110018+0.00765395j 0.00209387+0.000475347j -0.0176678+0.00449878j -0.000485295-0.00958668j 0.00807119-0.00474259j -0.0029355-0.00839103j 0.011794+0.00117238j 5.71801e-05+0.011664j -0.000489983+0.0147435j 0.0231749+0.00731798j -0.00258824+0.00804225j -0.00654157+0.0110212j -0.00688266-0.011177j -0.0107138+0.0070042j 0.00577815+0.00204241j 0.00440661+0.0044885j 0.00754536-0.00854138j 0.00927914+0.00633297j 0.00245996+0.015519j 0.00688335+0.0196753j -0.0113826-0.00573836j -0.00395174-0.00260495j 0.000187433+0.0170307j 0.00640979-0.00831749j -0.00343683-0.0133173j 0.00688177-0.00882415j 0.00884551-0.00945779j 0.00998839+0.00408056j 
0.0141255+0.0202981j -0.012975+0.00952767j 0.00786301+0.0134892j -0.00171225+0.0153548j 0.0343558+0.00955793j -0.0186124+0.0196304j -0.0211357+0.0124056j 0.00146537-0.0241749j -0.00126755+0.0128956j 0.0114039+0.00720724j 0.0059365+0.00985614j -0.0112359-0.00293767j -0.00221975-0.00222951j -0.0209954+0.00764181j -0.00135691+0.00647122j 0.00079653+0.0050956j -0.00289944-0.0147414j -0.00370636+0.00246005j -0.00771298-0.0040279j -0.00789169-0.00603267j -0.012562+0.00446168j -0.000603114+0.0251633j 0.00963785-0.00449492j -0.00467486+0.000191225j -0.00511487-0.00724672j -0.00185535+0.00475969j -0.0078933-0.00143637j 0.00416986-0.00452338j -0.0156691+0.00193168j -0.00146807+0.00407035j -0.0079687+0.00589972j -0.0106837-0.0202188j 0.00996732-0.00239762j 0.00415789-0.00462755j -0.00373892+0.0201873j 0.000596226-0.0104414j 0.000430346-0.00263406j 0.00516095+0.000172549j -0.0191862-0.00819714j 0.0100596+0.00467491j -0.00163882-0.0178444j 0.00958334-0.00735523j -0.00284628+0.0106605j 0.00225316+0.0159276j -0.0165816+0.000135335j 0.000186637+0.00844413j 0.014102-0.0224145j -0.00258643+0.0117685j -0.0103554-0.0110399j 0.0137042-0.000441303j -0.00263946-0.0103422j -0.000242831+0.00161098j -0.00140962-0.00162862j -0.00502372+0.00846982j 0.000277399-0.0168918j -0.0032128-0.00563076j -0.0158629+0.0186816j -0.0083251-0.00849758j 0.00295043-0.0054319j 0.00106355-0.00294884j -0.0183392-0.00424404j -0.00649661+8.9741e-05j 0.00306688-0.00157331j 0.0184002-0.0087182j 0.00730533+0.00584453j -0.0134397+3.67693e-05j 0.0178501-0.00944248j -0.0109623-0.0209633j -0.00208607+0.00857673j 0.00948844-0.0141817j 0.00764883+0.00375164j 0.000275604+0.00349131j -0.0060451+0.00886295j 0.00216996-0.0112447j -0.00601247-0.00559657j 0.00753852+0.00414277j 0.00639705+0.0130464j 0.000922501+0.0083911j 0.00548689-0.0137521j 0.00123613-0.00378705j -0.00405712-0.00294889j 0.00336055+0.00247022j -0.00320919+0.0124053j -0.00137305-0.0102145j -0.0102466+0.0088374j -0.0128617-0.00139205j -0.0153104-0.0240556j -0.0136277+0.011014j 0.0119236+0.00993855j 0.00210416+0.00560762j -8.72372e-06+0.00942176j 0.00296956-0.00320735j -0.00750579-0.000669826j -0.0127199+0.00403059j -0.00143149+0.00771994j 0.00240522+0.00327888j 0.00268514+0.00217209j 0.0220507-0.00501431j 0.0070932+0.00777776j 0.00846336-0.00596564j 0.00543347+0.00395121j -0.00195494-0.0111066j -0.0107846-0.0118588j 0.000607159-0.00361093j -0.00414681+0.0106271j 0.000499637+0.00392713j -0.0137384+0.00204717j -0.0113139+0.0201517j 0.0068988+0.00291703j 0.00105911-0.00583012j 0.0122675+0.00536641j -0.0196866+0.0100897j -0.000149208+0.0119725j 0.00422299-0.00633466j -0.00593351+0.00645816j -0.00742204+0.0128697j -0.0114214-0.011512j -0.00118948-0.00675318j 0.0184815+0.013208j 0.00156388-0.00130564j 0.00134459-0.00207831j -0.00347894+0.000489369j 0.00153857-0.0108375j -0.0121922+0.0179957j 0.00635524+0.0130582j 0.0129509+0.00704037j 0.00216308+0.00480733j -0.0240215-0.00352061j -0.0124159+0.00547558j 0.0157524-0.00591833j -0.0120656-0.00428915j 0.000339149+0.016245j 0.00560324-0.00749075j -0.00180716-0.00613488j -0.00672474-0.00378066j 0.00207703+0.00663634j 0.00191466+0.0124355j 0.00973592+0.000873672j -0.00854963+0.00151748j 0.00776765-0.00183135j -0.0166911+0.0231906j -0.00899286+0.00200183j 0.0149859+0.0194216j 0.00256158+0.00787699j 0.00965995+0.0289514j 0.0030892+0.000789014j -0.0245086+0.0101129j 0.0226602-0.00012625j 0.0109198-0.0151489j 0.00310617+0.00080561j -0.00999458+0.00393007j -0.000163521-0.00527378j -0.00217184-0.00526785j 0.00875476-0.0115725j 0.0108551-0.00130143j -0.00738816-0.000623262j -0.00668578+0.0128618j 0.0210633+0.00499295j 0.0173894+0.00362041j -0.00595091+0.00322444j -0.00628045-0.00416366j 0.00231583-0.00393446j 0.000422561-0.0108759j 0.0152054+0.00916896j 0.00508792-0.012322j 0.012561-0.00960632j -0.00737978+0.00252906j -0.00510123-0.00411218j 0.00808114-0.00490372j -0.00886877-0.00199981j 0.00925581-0.00937441j -0.00239596+0.013471j 0.00269749-0.0180924j -0.0081738-0.000711605j -0.00575348+0.00537999j 0.000247493+0.00863219j 0.00359418+0.00287559j 0.0077863-0.00868713j 0.0102331-0.00834842j 0.00628513+0.0140789j -0.00440812+0.0058503j -0.00106424-0.00149719j 0.00141671-0.000172241j 0.00335816+0.0175351j 0.000495139+0.00478792j -0.00258584-0.00155409j -0.0051262+0.00214558j -0.00441048+0.0130289j -0.00455914+0.0011043j 0.0123207-0.00467242j 0.0069245+0.00314995j 0.0135532-0.0056933j 0.00611883-0.011451j 0.00993751-0.0110962j 0.000760531+0.0161265j 0.0144078+0.00469765j -0.00570675-0.00391036j 0.00777955-0.0133624j 0.00452392+0.00815466j -0.00398982-0.00231937j 0.0100139-0.00855794j -0.00151452-0.00797401j 0.0194318+0.0111857j 0.00995942+0.00115132j 0.00646451-0.0222316j -0.01311+0.00233987j 0.00683074+0.00394093j 0.010473+0.00297395j -0.00087648+0.00445083j -0.00199764-0.00169735j 
-0.0128708-0.0243787j 0.0192238-0.00474572j -0.0106379-0.0211121j 0.0176902-0.0183772j -0.00946632+0.018926j -0.0108369-0.0038006j 0.0286716-0.00562823j 0.00776251+0.0167335j -0.000989497-0.00530008j 0.00240552-0.00458902j 0.0146556-0.0122956j -0.00179146+0.0142041j 0.00143942-0.0081236j -0.00392405+0.0041972j 0.00558533-0.0140547j 0.0122185+0.00742109j -0.00654188-0.00977938j -0.0103953-0.00624105j -0.000895937-0.00854546j 0.0052512-0.00766765j 0.0155703+0.00269596j -0.00388045-0.0178048j 0.00204735-0.00417373j 0.0166839-0.00468003j -0.00540704-0.00265228j 0.0146119-0.00967072j -0.00194282-0.000526274j -0.00329045+0.0246834j 0.0182939-0.00454102j 0.0042827+0.000259057j 0.0109975+0.00317352j 0.00531575+0.00686721j 0.0143189+0.00400636j -0.0217172-0.00369844j 0.00327937+0.0100783j -0.00417753+0.0171429j -0.0053955+0.0185865j -0.00547022+0.00682214j 0.00122219+0.0178342j 0.00461275+0.00497412j 0.00584915-0.00628699j 0.00481134+0.000809409j 0.0122971+0.00308873j 0.0144911+1.4659e-05j -0.00142651+0.00218016j -0.0247489-0.00284803j -0.00714733+0.000218059j -0.0149497-0.0109262j -0.00816492+0.00381732j -0.0098485-0.0107948j -0.00183841-0.00204634j -0.00308822-0.0068612j -0.019222-0.00273566j 0.00350293-0.00411093j 0.0102113+0.00757196j -0.0121235-0.00495845j 0.00718544+0.00833713j 0.00284743-0.00138056j 0.0125348-0.000902037j 0.00415661-0.00232207j 0.00434982-0.00084091j 0.017723+0.0156916j -0.00320718+0.00199364j -0.0121363+0.0053963j -0.00615335-0.00819806j 0.00517363+0.00491257j 0.0192728-0.00328447j -0.0125209-0.00821099j -0.00142138-0.0215591j 0.0079926+0.00707533j 0.0144117+0.00630603j 0.00188862+0.00393916j 0.000568274-0.00807973j 0.0105883+0.00596535j 0.00573025-0.0188161j 0.000581526-0.00304242j 0.0142248-0.00994262j 0.0106067+0.0269808j 0.00468239-0.0142991j -0.00430213+0.00263336j -0.0224749-0.00840499j 0.00778709-0.00175843j -0.00513404+0.00115141j -0.000701175-0.000341443j 0.0180294-0.00452373j -0.00821218+0.00605344j 0.00220235-0.00659212j 0.00932038-0.00123514j 0.00768733-0.00468928j -0.0173271-0.00949394j -0.0207588+0.00587778j 0.0144558+0.0121388j 0.00526938-0.00735756j -0.000228392+0.00905918j 0.00587235+0.00872249j 0.00237274+0.0203179j -0.000104225-0.0189253j -0.00575097+0.00452967j 0.0129081+0.00592529j -0.00849494-0.0166219j -0.00195732+0.001892j -0.0100372-0.010938j 0.00559231-0.00277191j -0.0186889-0.00814451j 0.00165031+0.0102611j -0.00581195-0.00637652j 0.00010459-0.00671697j 0.00505224-0.00558392j -0.0200792+0.00217392j 0.00573422+0.00355868j -0.00920242-0.017662j 0.00203083-0.00363194j -0.000811774+0.0129779j 0.000909719-0.0170634j -0.00616437+0.00273484j -0.00830869-0.00208319j -0.00212314+0.000630669j 0.00992254-0.00127195j -0.00208268-0.00365593j 0.0161686-0.0174889j 0.0143401-0.015016j -0.00406547+0.0142971j -0.00144676-0.0204007j 0.00191325+0.00270003j -0.0101427+0.0060627j 0.0107925-0.00422132j -0.00290261+0.00921109j -0.00211173-0.00722631j 0.00520725-0.00689371j 0.0140475+0.00619009j -0.0168113+0.00650321j -0.00366393-0.00129976j 0.0187143+0.0197571j -0.00538783+0.00692051j -0.0114817-0.0028343j -0.00666803+0.00954307j -0.0178927+0.0217913j 0.00124243-0.00964537j -0.00651997+0.000883317j 0.0194428+0.0147536j -0.00907262+0.0111066j -0.0302508-0.00397575j -0.000705977+0.0137525j 0.00743461+0.00327375j -0.00154284+0.00601079j -0.0148918-0.00968701j -0.00594514+0.00179309j -0.0100166-0.00123496j 0.0117827+0.00387514j -0.0118535+0.00858872j -1.89763e-05+0.00467432j -0.0115833-0.00405417j -0.00913146+0.00301877j -0.0125457-0.00596319j 0.00491152+0.000576362j -0.00981644+0.00555468j -0.0204263-0.00537779j -0.00219285+0.00251421j 0.00281417+0.0304674j 0.00639207-0.00263181j -0.00614661+0.0132828j 0.00361582-0.00299591j -0.00937823-0.00522559j 0.00356153+0.000922427j -0.0135768+0.00495726j 0.0134212-0.00606993j -0.00627049+0.0192919j 0.000967802-0.00668026j -0.0138029+0.00133581j 0.0125384-0.0234856j -0.00412916+0.00472942j 0.00133657-0.0145096j -0.00151977+0.004626j 0.00132455+0.00302512j -0.000929709-0.00733569j 0.00970231+0.00288195j 0.00427576+0.00510099j -0.0029875-0.00802426j 0.000391238+0.0150479j 0.0195306-0.0103011j 0.00660922+0.0156558j 0.00878169-0.0141642j -0.000374031-0.00199508j 0.00168857-0.0132117j 0.00656934-0.00534731j 0.00141975+0.00145438j -0.00595155-0.00587752j 0.00288377-0.010532j 0.00939086+0.000746436j -0.00731316-0.00531601j 0.0229236+0.00668706j -0.0156672-0.0132648j -0.00380644+0.00663149j -0.00480629-0.00262346j -0.0057898-0.0151392j -0.0231607+0.0042821j -0.000276211-0.00531865j -0.00761364+0.0217368j -0.0107931-0.00757412j 0.00170353+0.00924118j 0.0153254+0.000163101j -0.00909838+0.000383948j -0.0316877-0.00399189j -0.00415496+0.0188365j -4.13216e-05+0.0135233j 0.00203711-0.0128996j 0.00219408+0.00361407j -0.0229915+0.0148793j 0.0149219-0.0114635j 0.0109944+0.0214722j 
-0.0108116+0.00875986j -0.0145272-0.0170167j -0.00130173+0.00118821j -0.000253643-0.010978j -0.000807963-0.0154214j 0.00551921+0.0163361j 0.000569457-0.0159413j -0.0260793+0.0113523j 0.00214317-0.000546245j -0.00556665-0.00290858j 0.00772971+0.015412j 0.0131403-0.00478229j -0.000836993+0.0167583j 0.00486626-0.0057885j -0.0141659+0.0162102j 0.00183371-0.0209105j -0.00418114+0.00774787j 0.00130803+0.00266137j 9.72727e-05+0.00692353j -0.000555338+0.00790392j 0.0116122-0.00153815j 0.00448943+0.0140234j -0.00176521+0.00329607j -0.00373067-0.00165398j -0.00416333-0.00697188j 0.00252854-0.00212955j -0.00570181-0.00591j 7.06474e-05+0.00667787j -0.000166074+0.000673715j -0.000725419+0.00646287j -0.00298201-0.0143625j -0.00654247-0.0014087j 0.00761686-0.0187078j 0.0191426-0.00876669j -0.0232824-0.00943013j 0.00282915-0.00720089j -0.0139376-0.010372j -0.00617365-0.0181993j -0.00120457-0.0137435j -0.0136321-0.0015384j 0.00114975-0.0018061j -0.00357145-0.00749859j -0.00480632-0.0102152j 0.00363762-0.00470468j -0.00228384-0.0164369j -0.0020308-0.0122441j 0.00434032-0.00463422j 0.00100116-0.0138922j 0.00181933-0.00245527j -0.000135567+0.0111858j -0.0253286-0.00462334j -0.0135014-0.00335193j 0.00181353+0.00281621j 0.0110994+0.0174007j -0.00332283-0.0114669j 0.00374527+4.25558e-05j 0.00964823+0.002412j -0.0117265-0.0236565j 0.000669217+0.00214528j -0.00619257-0.013082j -0.0193611-0.00482519j -0.0099547-0.00375129j -0.0086249+0.00848169j 0.00570187+0.00329498j 0.0144542+0.00396726j -0.0239969-0.00364707j -0.00172707+0.0195865j 0.0030037-0.00171677j 0.0113133-0.00422438j -0.0018936-0.006996j 0.00514273-0.00190228j -0.00132628+0.00796765j -0.00370592+0.00870427j 0.00222263-0.0146304j -0.00996452+0.00764419j 0.00682125+0.0048339j 0.00815765+0.00694332j -0.000416911+0.00743515j 0.00338422+0.00519952j 0.00672979+0.00429096j -0.00302672-0.0226932j 0.00278938+0.0165491j -0.00673558+0.00446019j -0.00420305-0.00916845j -0.00223305-0.0126954j 0.0139872+0.0110336j 0.0107577-0.0184776j 0.000447082-0.00478391j 0.00537039+0.00308401j 0.00197089-0.012506j -0.00203679+0.0181314j 0.00643318-0.0116208j -0.0127789+0.00585824j 0.00655698-0.00348836j -0.00699947-0.00951291j 0.0103285-0.0128214j 0.00787624+0.00391533j -0.00191236-0.00385616j -0.000347044+0.000631239j 0.000743964+0.00213643j -0.00401518+0.00115575j 0.00564216-0.00146666j -0.019848-0.00547279j -0.00399109+0.000751466j -0.0101248-0.0111826j -0.00532727+0.0126199j -0.016408+0.00465835j 0.00550107-0.000384147j 0.00535926+0.000971135j 0.00996811+0.0102891j 0.0102114+0.00245249j -0.00455445+0.00284491j -0.00327094+0.00493664j 0.00115954+0.00611741j -0.00747199-0.0102395j 0.00351593+0.0274136j -0.0104865+0.0145137j -0.01146-0.00336263j 0.000498725+0.0163759j -0.00331542+0.00467293j -0.00710577-0.00378467j -0.00103595+0.00142271j 0.00282069+0.0236211j -0.0177129-0.0212308j -0.00748964+0.00337967j -0.00690711+0.00854266j 0.00524323-0.00439217j 0.00680456+0.00840432j -0.00265928-0.016667j 0.000646336+0.0107856j 0.00677012-0.0142117j -0.000634102+0.0265073j -0.00147622-0.0147415j -0.00121713-0.00596632j -4.76896e-05-0.00153079j 0.00306078+0.00453989j 0.0277358-0.00219806j -0.0118713+0.0107837j -0.00611001+0.0172906j 0.00799513+0.00161023j 0.00174652-0.00706447j -0.00712912+0.0117274j -0.00994766+0.0083203j -0.0165228-0.0117526j 0.0229866-0.00957008j 0.00186402-0.00155445j 0.00212434+0.0146277j -0.00096561-0.0131002j 0.00181645+0.00996194j 0.0164516-0.00560518j 0.00213037-0.015193j 0.00413843-0.00439625j -0.00154571-0.00543575j -0.00455053+0.0120256j -0.00160973+0.0103322j -0.0014392+0.0079794j 0.00937484-0.00943293j -0.00683682+0.0126072j 0.00789652-0.00504877j -0.0135984+0.00843072j 0.00607732-0.00409727j 0.00342301+0.0113543j -0.000298907+0.0104923j -0.00827565-0.0314531j 0.0211365-0.00826393j -0.0168184-0.00449114j -0.0149772-0.0138863j -0.00715684-0.00305653j -0.0133906+0.0215703j 0.00715778+0.00590883j 0.00100157+0.00498424j 0.0113757+0.0190353j -0.0163379-0.00417494j 0.0108505+0.00399201j -0.00504347-0.0082982j 0.00159797-0.00444631j 0.0168173-0.00419853j 0.00873399+0.00263078j 0.00549542+0.0114846j -0.00402394+0.00227801j -0.00268191+0.00581885j 0.0111504+0.00464608j -0.00530368-0.00463698j -0.0036976-0.00984784j 0.0124226-0.0114389j 0.00923021+0.00965916j 0.00894497-0.00201121j -0.0109802-5.20205e-05j 0.0136844+0.0124613j -0.00260742-0.0166015j -0.0110261-0.00187568j -0.0132799+0.00466516j 0.0109736+0.000195267j 0.000234589+0.0074198j -0.00372573-0.00244004j 0.00476407-0.0115035j -0.00452229-0.00685917j 0.00669586-0.014922j -0.00788562+0.00177825j 0.00479634-0.00120202j -0.0046418-0.00584769j 0.012848-0.00175086j 0.00550448-0.00446953j -0.00144741-0.00747582j -0.00453416+0.00889432j 0.01321+0.00570102j -0.00408173+0.00244623j -0.00306621-0.00634396j -0.0101269+0.00611369j -0.00415586-0.0111358j 
-0.0336705-0.00433902j -0.00742251-0.0455745j 0.0108929-0.0171662j 0.00427856-0.00649473j -0.0110196-0.0191097j 0.0185915-0.00459156j 0.0230721+9.65608e-05j -0.025995+0.0172336j 0.00432175-0.00414803j -0.011136-0.0271997j 0.024784-0.0015273j 0.0243944+0.0111505j 0.00437008+0.0166446j 0.00127853+0.00938501j 0.0171015+0.0118783j 0.00235259-0.0138179j 0.00292357+0.0143906j 0.0063654-0.00463217j 0.00949456-0.00382754j -0.0117871+0.00164628j 0.0234489-0.0142772j -0.00483916-0.0100035j 0.00481938-0.00640408j 0.00150731+0.00895201j 0.00495171+0.00428988j 0.00874978-0.00250833j 0.00753986-0.01395j -0.0035395-0.0101796j 0.00499759+0.0113151j 0.00466885-0.00204984j -0.0027429-0.0111778j -0.00408112-0.000115003j 0.00332884+0.0299222j 0.0166576-0.0135566j -0.0109547+0.0015817j -0.000929764-0.0183721j 0.0136485-0.000373458j 0.00165065-0.0174447j -0.0292963-0.0299859j 0.0084499+0.00337056j 0.00757301+0.0162006j 0.00289616+0.00969507j -0.00806332+0.00882755j -0.00944218-0.0119722j -0.00633955+0.0114126j 0.0126809-0.00430782j 2.77255e-05+0.0137657j -0.0136753-4.71736e-05j 0.0093799-0.00562512j -0.00511189+0.00401494j -0.00344187-0.0131082j 0.00236801-0.00179726j 0.00776059-0.000610302j -0.0128951-0.00241461j 0.00415657+0.0124633j -0.0013155+0.0001919j -0.0136861+0.00671052j -0.0362129-0.00835189j 0.00126148-0.00995637j 0.00692683+0.00979415j 0.0044391-0.00930868j -0.0118331-0.00869043j -0.00438171-0.00362712j -0.000554485+0.0097794j -0.00437691+0.00825905j 0.00115446-0.0201669j 0.0145477-0.000247883j -0.00890242+0.00574683j 0.0039573-0.00296352j -0.00150952+0.00335207j 0.0165311+1.12199e-05j -0.00355692+0.0113066j 0.00597503+0.00424126j 0.000683957-0.0143903j 0.00010013-0.00567882j 0.0120112-0.00227431j 0.0193574+0.0067863j -0.00318288-0.00297245j 0.0243355+0.0198938j 0.00208548+0.00390983j -0.00775643+0.0119833j 0.00174466+0.00220341j -0.0322202-0.00523588j -0.00239009+0.0051839j -0.000791952-0.00136088j -0.0104822-0.00388704j -0.0103692+0.00627042j -0.0134536+0.0164478j 0.016901+0.00792229j 0.00806943+0.017116j -0.00812629+0.0127896j -0.00592437-0.011373j 0.000727544-0.00639918j 0.00140956+0.00210636j 0.00659008+0.0015599j -0.000292789+0.00415704j 0.00146065-0.00499265j 0.015062+0.00976815j 0.00120974-0.00506072j -0.00428154+0.0181246j -0.00737372+0.00215044j 0.00514051-0.00656873j -0.0148309-0.00189929j -0.00430393-0.00592619j 0.0105172-0.0169726j -0.00864143-0.0130375j 0.00660067-0.00191424j 0.013017-0.00213361j 0.00693111+0.0130136j -0.00352353+0.00927162j -0.00954644+0.0085425j -0.00150261+0.00751529j -0.00356037-0.00983386j 0.0031759+0.000223194j -0.0107785+0.00271302j 0.0103924+0.00690167j 0.0065931-0.0017421j 0.0320989-0.0108076j -0.00435737+0.000294675j 0.0137718+0.00013818j -0.00906917-0.00473864j -0.00478878-0.00132439j -0.00482098+0.000382805j -0.0011926-0.00436115j 0.00736476-0.00728924j -0.00338497+0.0130123j 0.00881015+0.00837951j 0.0284499+0.010737j -0.0128477-0.0100429j 0.00634971-0.0049249j -0.00763972+0.00558991j 0.00130412-0.0155918j -0.00226091-0.00884457j -0.00185819-0.00207739j 0.00865888+0.019482j -0.00462977+0.0114111j -0.00101041+0.00302113j 0.00223159-0.00528984j -0.0105619+0.0046047j -0.00289877+0.0138862j -0.00654365+0.0151532j 0.00346563-0.00147472j 0.00625824+0.00838565j 0.0118565+0.00690952j -0.00609394+0.00342389j 0.0048773-0.0190971j -0.000964395+0.0169082j -0.00130933+0.00399549j -0.00731697-0.004765j 0.00701344+0.000797674j -0.00110856+0.0023799j 0.00610013-0.0091206j -0.00123095-0.000894467j 0.0025469-0.00541064j 0.00120735-0.00397097j -0.00177059-0.00881969j -0.00114187+0.017573j -0.00729594+0.00170398j -0.0145454+0.0110118j -0.010687+0.0126361j -0.0190693-0.0233766j 0.00140212-0.00352178j -0.0127243-0.00544668j 0.00647294+0.0203858j 0.0103872+0.00413996j 0.0165889-0.00321473j 0.00816547+0.00232121j -0.00199571+0.00839203j -0.00270776+0.0061135j -0.000800985-0.0268664j 0.00929426-0.00323889j 0.00631356-0.0122704j -0.00953462-0.000129101j 0.00680926-0.00360657j 0.0125824+0.00653458j -0.00350762+0.00136995j 0.00419145-0.0122023j 0.00116653-0.02252j -0.00718598+0.00594115j -0.00266365-0.00876538j 0.0101284-0.0132356j -0.00856222+0.00172562j -0.0128947-0.0232613j -0.0102746+0.00444679j -0.00861279-0.0170569j -0.00269644+0.00503163j 0.013071+0.0233279j 0.00244779-0.00801198j -0.0114806-0.0117691j 0.00028794-0.0245317j 0.00229563+0.0113959j -0.0201383-0.00349001j -0.0179783+0.013399j 0.00107416+0.0108019j -0.0180065-0.0160371j -0.0153806-0.0247437j 0.00999912-0.0107628j 0.005323-0.00393263j 0.00291141-0.00961701j -0.00506032-0.00479684j 0.00582232+0.00338143j 0.0123027+0.00191193j 0.00631119+0.00649919j -0.0109502-0.000532033j 0.00154433+0.019145j 0.0131064-0.0052996j -0.0179106-0.00236606j -0.00283824-0.0238275j -0.0104846-0.00785661j 0.000623232-0.0112037j 
0.000835581-0.00442162j 0.000767841+0.00445969j -0.00247819-0.000585941j 0.00421155-0.0054057j 0.00785352+0.0175488j -0.0116104-0.00394152j 0.00495275-0.0048904j -0.00517952-0.00566516j -0.0047472+0.00208931j 0.00834191+0.0114035j 0.0073108-0.000359948j -0.0125092+0.00493307j -0.000511373-0.00722473j -0.0117987+0.0134433j -0.00277545-0.00946903j -0.00824998+0.00636292j -0.000592223-0.0132892j -0.0108028-0.00294096j 0.000607828-0.00417453j -0.00366061-0.000969354j 0.0152033+0.001432j 0.00460929+0.00939605j 0.0148416+0.00252184j 0.00471698-0.0111657j -0.00407453+0.00375692j -0.00838831+0.0068285j -0.00663154+0.0102181j 0.00951435+0.00247603j 0.00994564-0.0118707j 0.00171995-0.0126085j 0.00284442-0.0020136j 0.000531095+0.00782505j 0.0057055+0.00308127j -0.0174892+0.000935716j -0.00644664+0.00927455j -0.00843311+0.00680793j 0.00429521-0.00213653j -0.00561784+0.00240795j 0.00188853-0.0161205j -0.000376233+0.000536042j -0.0113066-0.00178323j 0.00198426-0.00142492j 0.00515628-0.00241967j -0.00836666-0.00362376j 0.00621073+0.0122806j -0.00315513+0.0137436j -0.0112902-0.0234194j -0.0014321-0.000389316j -0.00420848-0.00849113j -0.00292354-0.00788582j 0.00955283-0.00804538j 0.000355611-0.00652109j 0.0100094-0.0107174j 0.0121969-0.000738684j -0.000572859-0.012447j 0.00601298+0.00335987j -0.00859773-0.00373605j -0.00592453+0.00917937j 0.00706964+0.0186635j -0.00480019-0.00950823j 0.0021805+0.00251092j 0.0120555+0.00265664j -0.0143379-0.010814j 0.0149341-0.00167118j -0.00154852-0.0118186j -0.00465389+0.0120222j 0.0061881+0.0134225j -0.00107565-0.00161504j -0.00182448-0.00430097j 0.016485-0.00450449j 0.00376947-1.91391e-05j 0.00437799-0.0107983j 0.00448026-0.00757048j -0.00308986+0.00437994j -0.0102582-0.00631154j -0.0135368+0.0114448j -0.00798189-0.0106329j 0.00894298-0.00880254j 0.0112763-0.000843374j 0.00587309+0.00801858j -0.00466646-0.00113933j 0.0114688-0.00182268j -0.000980436+0.00838354j -0.000414976-0.00558967j 0.0147753-0.00380508j -0.0115859+0.0072589j 0.000317902+0.00834522j -0.010245-0.000265496j 0.00453956-0.000202292j -0.00764228-0.00659192j -0.0078765-0.00104939j -0.00793231+0.00111119j 0.0200802-0.00912033j -0.00468436+0.00919823j -0.00873834+0.0133233j -0.00428856+0.00652514j 0.00120216+0.00386634j 0.00353132+0.00318146j -0.00578415+0.00349213j 0.00781852+0.000921648j 0.00315397+0.0138175j -0.00306246+0.00673426j 0.00318303-0.00210225j 0.00364139+0.0075396j -0.00816749+0.00366302j 0.00944634+0.00137423j -0.0243181-0.00117263j -0.00120496-0.00287712j -0.00636065+0.0149676j -0.00195294+0.00580886j 0.0053168+0.00593693j 7.37823e-06-0.00273011j -0.0121752+0.00289849j 0.00590198-0.0162605j 0.00769675-0.00693977j -0.000554138-0.0136106j -0.00637159-0.0190034j -0.00135652+0.0329388j 0.00417929-0.00664489j -0.0203284-0.0125529j -0.00389683-0.0108812j -0.0104829-0.00308512j -0.000862881-0.00432532j -0.00164687-0.00305273j -0.00636969-0.00253373j -0.0133095-0.0135344j 0.00628057+0.00570086j 0.00983236+0.00380277j -0.00615185+0.00404187j -0.0238311-0.0341124j 0.0120197+0.000712258j -0.00389509-0.00633721j -0.0117338-0.0041078j -0.00963921-0.00915956j 0.00372931+0.0165725j -0.00298809-0.00484612j 0.00691653-0.0210581j -0.00793193+0.003394j 0.000734349-0.0109787j -0.00649229-0.00628558j 0.016563-0.00306229j 0.0213295+0.0314447j 0.0117656-0.0315101j 0.0150009-0.0109693j 0.00494834-0.0022709j 0.0167655+0.000865038j -0.0166619+0.00691693j 0.0160645+0.00478994j -0.0129249+0.0124877j 0.00288362+0.00427794j -0.00518063-0.00404894j -0.0126559+0.00734114j 0.0113443-0.00223565j 0.00813732-0.0129592j 0.00363547-0.00156991j 0.00726578-0.00101999j 0.00192255-0.008355j 0.00228695+0.0084002j -0.00340173+0.00298206j 0.0060971+0.0017886j -0.00436171+0.0110487j 0.00901413-0.00340879j -0.0113907+0.010104j -0.00585527-0.0138551j 0.00679811-0.00406206j -0.00304748+0.00745881j -0.00284806+0.00306278j 0.00698115+0.00743858j 0.00337506-0.012318j 0.00421842-0.00600816j 0.0138242+0.00175658j -0.000188438-0.0119348j 0.00733188-0.000668534j -0.00874041-0.00163818j -0.00623584-0.00237295j -0.00567524-0.000734031j -0.00263173-0.00458729j 0.0140931-0.00955711j 0.00367106+0.00838045j 0.000174133+0.00325099j -0.00796956+0.00191343j 0.0105413-0.00274762j 0.000535696+0.00195874j -0.00337156-0.00408504j 0.00659214+0.00415292j 0.00158225+0.00193583j -0.00508487+0.00521973j 0.00567748+0.00341063j 0.00492929+0.000728733j 0.00462043-0.014825j 0.00596465+0.0108061j 0.000435606-0.0111875j 0.00362603+0.00226906j 0.0103788-0.000120102j -0.00434668+0.00538402j -0.000921023+0.00792515j -9.72076e-05-0.00532567j -0.00334639-0.00450822j -0.00526213+0.00407713j -0.0012045+0.00399037j 0.0167212-0.00458753j -0.000382897+0.00505131j 0.000645706-0.00365627j -0.00107608+0.00914512j -0.000874644-0.00485966j -0.00481432-0.00044268j 0.0107647-0.000403473j -0.00683815+0.00797964j 0.000348002-0.00221911j 0.00409374+0.00581217j 
-0.0227324-0.00762091j 0.0139887-0.0177841j 0.00471063-0.0142692j -0.00466908-0.00649293j -0.011777-0.0228453j 0.00965525+0.00941851j 0.0182051+0.0035533j 0.00290814+0.0154938j 0.00287373-0.00667441j -0.00895506-0.00716948j 0.000991976-0.00556062j 0.0157576+0.00504971j -0.00562485+0.0139448j 0.0106815-0.00837624j -0.00199985+0.00705469j -0.00128454-0.00301921j 0.00992033+0.0135632j -0.00113686-0.00827888j 0.00436544-0.0100635j -0.0145578+0.00644579j -0.00378449+0.0099155j -0.000694446-0.000836582j -0.00835992-0.00692155j -0.0193097+0.00489395j 0.00256012-0.0157437j 0.000976602+0.000783651j 0.000526177-0.00631405j -0.00194993+0.0103009j 0.00519048+0.00657842j 0.0117672-0.00462177j 0.00134379+0.00519268j 0.00400956+0.00758937j -0.00886215+0.00676187j 0.0111676-0.000806073j -0.00728995+0.00215433j 0.0113199+0.00355553j -0.00955087+0.00156176j -0.00814912-0.021411j -0.00625773-0.0119426j 0.00750913+0.00389332j 0.00776724+0.0122326j -0.00536918-0.00329736j -0.00600542+0.00243665j -5.55214e-05-0.00457038j 0.00811345+0.0094353j -0.00737543+0.0119076j -0.00558785+0.00525664j -0.0150943-5.02418e-05j 0.012627+0.0153124j -0.00838822+0.0134852j 0.00314837+0.0156313j 0.00440744+0.00508438j -0.00810205+0.0126076j 0.0025201+0.000152505j -0.00699773+0.001807j 0.00170582+0.00929579j 0.0140867+0.00527202j 0.00966417+0.00495913j -0.00321238-0.00649546j -0.00072867+0.0102303j -0.0108627-0.0030663j -0.018311+0.0148469j -0.00105344+0.0090684j 0.00383063-0.00255327j 0.00961185-0.00789145j 0.00260651+0.00234522j 0.00893678-0.000235576j 0.00382528+0.00369209j -0.000419253+0.00286498j -0.00212849+0.000388538j 0.00495293+0.00188638j -0.0174231+0.00597005j 0.00600851+0.0087725j -0.010163+0.00641124j -0.0121242+0.00297654j 0.0108387-0.00774651j 0.00420766+0.0104278j 2.94806e-05-0.00757766j -0.000621038+0.0120145j 0.00314982-0.0121735j -0.00621365-0.000222726j -0.000768321-0.000587533j -0.0117902+0.00712387j -0.00803385+0.0109803j 0.00443027+0.00660252j -0.00792018+0.000114507j 0.00217187-0.00356043j -0.00748028+0.0172084j 0.0120875-0.00558507j 0.00246256+0.0219134j 0.0022591+0.00538937j -0.0104686+0.010578j 0.0075308-0.00278549j -0.000993451+0.0151158j 0.000314462+0.0145168j -0.00337858+0.00701278j 0.00640223+0.000396671j 0.0136671+0.0192056j 0.0111165+0.00790587j 0.00337667+0.011418j 0.00184226-0.00254817j -0.00263381-0.0088911j -0.00140048+0.00591647j -0.00159637-0.00321673j 0.000875052-0.00590791j -0.00102132+0.00666026j 0.00329236-0.00365631j -0.00554853+0.00338256j 0.0110526+0.00956341j 0.00417077+0.00730017j -0.0058034-0.00132368j 0.00159939-0.0124338j -0.0232094-0.0133373j 0.00665837-0.0211794j -0.0168471-0.00712389j -0.011272-0.00635429j -0.0101311-0.018755j 0.00930205+0.00550132j -0.00448082-0.00957023j 0.000606586-0.0184911j 0.00892494-0.0205089j -0.000916991-0.0166358j 0.0044909+0.0214873j 0.00677148-0.00521316j 0.00916421-0.000957514j -0.0080953-0.0178172j 0.00143751+0.00865214j 0.0115345-0.00632938j -0.0143704-0.0042124j -0.00579188-0.0328886j 0.00246592+0.0100028j 0.0119447-0.00390912j -0.0119421-0.00615186j -0.0164005-0.00312317j 0.0299127+0.00956178j 0.00329142-0.00491912j 0.00295671-0.00979036j 0.0056345-0.00191146j 0.00431316+0.0124816j -0.00534075+0.000291849j -0.00858432-0.0118435j 0.00816397+0.0204085j 0.00645587+0.00415888j 0.00546535+0.00110027j -0.00134781-0.00480985j -0.00729636-0.0117366j 0.000248459+0.014719j 0.00435392+0.0125269j 0.00118528+0.00813398j 0.0176155+0.0100531j -0.018345+0.0116049j 0.000300094-0.0112807j 0.00940903+0.00666436j 0.00658762+0.00736567j 0.025109-0.00453339j -0.00308834-0.000270617j 0.00152366+0.0167495j -0.00113414+0.0020046j -0.000751005+0.0252545j -0.00264888+0.0108502j -0.0172753-0.011461j 0.00471175+0.00555619j -0.00824674-0.0128124j 0.00920319+0.0254775j -0.0159311+0.0133775j 0.0183825+0.00217646j -0.00985015-0.0109524j 0.00489187+0.0137049j -0.00178298-0.00955327j -0.000794579-0.0157069j 0.00966269+0.00346327j -0.0116321+0.00131288j 0.0010239-0.00365945j 0.00544342+0.00298121j -0.000182696+0.00355509j -0.00349855+0.00654567j 0.0022887+0.0014261j 0.0070075-0.000871041j -0.0121433+0.00147909j 0.000790537-0.00569509j 0.00290544+0.00840756j -0.0051028-0.00156897j -0.00242646+0.00614355j 0.00871753-0.00501838j -0.00747794+0.00245716j -0.0144659+0.00396518j 0.00110489-0.000798559j 0.000431214-0.00777134j 0.00756739-0.00867274j -0.00540365+0.0063662j 0.00446426-0.00238732j -0.0122322+0.000962156j -0.00545188+0.00741459j -0.00250113-0.0034642j -0.005067-0.0155285j -0.011202-0.00426834j -0.0130365-0.00380788j 0.0159572+0.00191466j 8.24373e-05-0.0209906j -0.00838407-0.00494945j -0.0111325-0.000342736j 0.00309164-0.00409412j -0.00837139+0.00205333j 0.000965773-0.00813819j 0.00632551+0.013946j 0.00757226-0.00792426j -0.0194415-0.00395133j 0.00611994-0.0101421j 0.0109113-0.00217057j 0.00371662-0.00079297j 
-0.0223284-0.0266408j 0.0192089-0.0230279j 0.000127004+0.00448425j -0.00956598-0.000744694j -0.00548775-0.00144186j -0.00178489+0.0114979j 0.0170564-0.00150807j -0.0120618+0.027407j 0.00127267-0.0118268j 0.0160778+0.0164038j 0.00938998-0.00901122j 0.00316292+0.00401288j -0.00675856-0.0325351j 0.00316698+0.0155251j 0.0142678-0.00199348j -0.0245577-0.00758945j 0.00845055+0.000867398j -0.000349445-0.00382645j 0.0107213-0.00128953j 0.000757911+0.00602446j 0.00527013+0.00385225j 0.0152694+0.00665615j 0.00224664-0.00327721j -0.00341782-0.00325593j -0.0100967-0.00763545j 0.0114195+0.00395164j -0.00539689+0.000638295j 0.00190639+0.0051319j 0.0162277-0.00605902j 0.0075661-0.0128983j -0.000292282+0.0172757j 0.00110921+0.0139568j -0.0224945+0.0165892j -0.0143167-0.0169034j 0.00307933-0.000278351j -0.000461646-0.00974126j -0.00655094+0.00512948j -0.00855049+0.00214663j -0.0120935+0.00842467j -0.0113833-0.00749054j -0.00957971+0.00380364j 0.00173959-0.0150301j 0.00338193+0.000462732j -0.00240353-0.00344199j -0.00272593-0.00286373j -7.47606e-05-9.30341e-05j -0.00133863+0.00563854j -0.0117495-0.00106698j -0.00460023+0.0134512j -0.00393194-0.000452207j -0.00733917-0.00483004j -0.00190974+0.00167378j 0.0110792+0.00250705j -0.00592163-0.000533025j 0.00106728+0.00165366j 0.00762933-0.000382259j -0.00517825+0.00403924j -0.00737833-0.00501579j -5.44305e-05+0.00386843j 0.0060257+0.00367237j 0.00175735-0.0114103j 0.000580643+0.00361354j 0.010387+0.0103243j -0.00603196+0.00272779j 0.000178602+0.00510215j 0.0133685+0.0161945j 0.0158532+0.00723331j 0.00335124+0.0101085j 0.00299476-0.00879207j 0.00175585+0.00835154j 0.00487685-0.00989318j -0.00975864-0.0201568j -0.00157777-0.0138781j -0.0161475+0.0129173j -0.0100477-0.00221512j 0.00913092+0.00960225j -0.00236242+0.0025638j 0.00480194-0.0130055j 0.0182903+0.00264352j 0.00883712-0.00393651j 0.0192125+0.00313378j 0.00299251-0.00215308j -0.0174874+0.00763077j -0.000479734-0.00749858j 0.0169143-0.00363171j -0.00932128-0.00927823j -0.00274575+0.0167473j -0.000341813-0.00589783j 0.00820685+0.0106754j -0.0133407+0.00362921j -0.0112625+0.00854238j -0.00207004-0.00583771j 0.00302691-0.0117045j 0.00511608+0.00447705j -0.00638804+0.00609665j 0.00238528-0.0107489j -0.00150871-0.00944094j -0.00178524-0.0135909j -0.000326695-0.000939461j 0.00651915+0.0102163j 0.00496127+0.00835726j 0.00716184+0.00843749j -0.00586647+0.00494552j -0.0105697-0.014134j -0.00811226-0.00914855j -0.00566137+0.00526879j -0.00987482-0.0108846j 0.00681991+0.000478316j -0.0113242+0.0174233j 0.00956971-0.00399352j -0.00957753+0.00618162j -0.00994595+0.00250693j -0.000571346-0.00736984j 0.00533146+0.00367469j -0.0171751+0.0118181j -0.00264311+0.00697798j -0.00919761-0.0105532j -0.0028262+0.00319447j -0.00407702+0.0111864j 0.0105775+0.00953174j 0.0060052-0.00698777j -0.0123876+0.014555j 0.0179926-0.00115609j 0.000539775-0.0149414j -0.00286254+0.015171j 0.00357127+0.0176607j -0.000437456-0.00601198j 0.00134219+0.0060852j 0.00393846-0.0104331j -0.00874455-0.00449516j -0.00292223+0.0309848j -0.0162509-0.0103135j 0.0135217+0.0140166j -0.00638265+0.0240733j -0.00074539-0.00454427j 0.000950666+0.00227737j -0.00158049+0.0151487j -0.00412771-0.00954214j -0.00254298+0.0130693j 0.0129061+0.00665529j 0.00868449+0.00475596j 0.00987014+0.00514589j 0.00969649-0.00791133j -0.0025317+0.0164031j 0.011469+0.00843044j 0.00779777-0.0104688j -0.010175+0.00950343j 0.00712018-0.00960527j 0.00898783+0.00911047j 0.0140726+0.0058425j -0.00485242+0.00380237j 0.00480263-0.00588895j 0.00522865+0.00473307j 0.0134374+0.00741191j 0.00816567+0.0126011j 0.00778051-0.0103849j 0.00556481+0.0137502j -0.00202804-0.000426598j 0.0102228+0.011087j 0.000161302-0.00458333j -0.0014967-0.0125788j -0.00815815-0.00141312j 0.000322132-0.00319185j 0.00966096+0.0034136j -0.00931745-0.00255666j 0.0108267-0.00190335j 0.00410789+0.0129672j -0.000360372-0.000735771j 0.00255829+0.000146343j -0.00763493-0.00906111j 0.00124779-0.0143222j 0.000641612+0.00940743j -0.00480613-0.00163907j -0.00405015-0.0053997j -0.00468237+0.011626j -0.00137217+0.0139003j 0.0055778-0.00444622j -0.00329-0.0218917j -0.0131596+0.000829243j -0.00985969+0.0102471j -0.00396936-0.00135535j -0.00690152+0.00967136j -0.0025497+0.00336138j 0.00338614-0.00372673j -0.0135107+0.000831339j -0.0084038-0.00606039j -0.0057032+0.0063652j 0.0116083+0.00501454j -0.00461152-0.0233532j 0.00657668-0.003662j -0.0117396-0.00114318j 0.0121745-0.000383913j -0.00110674+0.00945703j 0.000497462-0.00051892j 0.00130204+0.00284533j -0.00588573-0.0129599j 0.00881501-0.00223649j 0.0218796+0.00449032j 0.00488999-0.0154503j -0.00421693-0.00719236j -0.00127241+0.00484472j 0.00837232-0.00430966j 0.00676065+0.0148247j 0.0064677-0.00745417j 0.00368517+0.00208917j 0.00440891-0.00905633j -0.0106656-0.00427502j 0.0116233-0.0140566j -0.00209076+0.00390757j -0.000429207-0.00101149j 
0.00949207+0.0460901j -0.0420763-0.00395221j 0.0247736+0.0118205j -0.0116483+0.0182881j 0.0139557-0.011781j -0.0142167-0.00283447j -0.0272517+0.0332704j -0.0270809-0.0180275j 0.013076+0.0191508j -0.00901385-0.0145619j -0.00652081+0.0112195j -0.00676518+0.0237132j 0.0171498+0.00196029j -0.01755-0.0232398j 0.00151829+0.0149277j 0.00398986+0.0177013j 0.00614532+0.00529858j -0.00822918+0.00974576j -0.0127785+0.00385408j -0.0017808-0.00585896j -0.00987694-0.0041496j -0.00759809+0.00403275j 0.00329792-0.0113587j -0.00844597+0.000461093j 0.00263278+0.00418865j -0.00948187-0.00639911j -0.0112598-0.00847114j 0.0176227+0.00163356j -0.00819435-0.0041613j 0.00582032+0.00651988j -0.00740541+0.00562012j -0.0126942-0.0106722j 0.0146235-0.0125078j 0.0101728-0.0176522j -0.00677289+0.0044463j -0.00177381-8.17704e-05j 0.0154715-0.00771846j 0.00940326-0.00849468j 0.00556671-0.00753389j 0.000692951+0.00496011j 0.00535315+0.00154108j 0.00416703+0.0167521j -0.0150751+0.0163879j 0.0016977+0.0124664j 0.0172852-0.00639295j 0.0153432-0.0163741j -0.00835147-0.00209851j 0.00296417+0.00785493j 0.00126991-0.000460212j 0.0121254+0.00601828j -0.00073918+0.00453855j -0.00630522-0.00908215j -0.022231-0.0040344j 0.00344616-0.000937894j 0.00178007-0.00554407j -0.0111429+0.00195387j -0.0052534-0.00660947j -0.0107572-0.00685057j 0.00607526-0.00852509j 0.00710214+0.0110711j 0.0101063+0.010766j -0.00544423-0.00413321j -0.000591768+0.00569201j 0.00260444-0.010554j -0.00626775-0.00634226j -0.00494256-0.0105141j -0.00885633+0.00294613j 8.14469e-05+0.00313445j 0.0161099+0.00441163j -0.0076196-0.0101393j -0.00127108-0.0131368j 0.00185407+0.0085345j -0.0158187+0.00317712j 0.00688018-0.0128856j -0.0077959+0.00540699j -0.00548214+0.000851335j 0.00309337-0.00448897j -0.0108791-0.00774407j 0.00403325+0.016014j 0.00516612+0.00866709j -0.00942475-0.00303167j 0.00442943-0.0132905j 0.00511384-0.000253506j -0.00899009-0.002501j -0.00699142-0.00873744j -0.00649771-0.00442205j 0.0062692-0.00541845j -0.00103881-0.00622026j -0.0145417+0.00888877j 0.00775543+0.000816977j 0.00389228+0.000452984j 0.0113906-0.0328724j -0.00387062-0.00130069j 0.0132399+0.00449134j 0.0165529-0.00961649j -0.00455133-0.0098094j -0.0159178+0.0183516j -0.0150143+0.0119647j 0.0141166-0.00626565j 0.000370479+0.000228182j -0.0173613+0.00832911j 0.000507652+0.011988j 0.00123221+0.00277691j 0.0222725-0.0041192j 0.00674599+0.00789252j 0.0149114-0.00224683j -0.0138606-0.00520317j 0.00663297+0.00192348j 0.00852375+0.00899032j -8.95856e-05-0.0101661j 0.0122985+0.00105145j 0.0149557+0.00684408j 0.00116297-0.00631685j 0.00723707-0.000242056j 0.0129078-0.0064477j -0.007032-0.013272j 0.00541104+0.00530942j -0.00685752-0.0143931j -0.00652322-0.00553211j 0.00455978-0.00382649j 0.00729102+0.0133104j -0.0106119-0.00202166j -0.00808119+0.00626643j -0.00137795+0.00381221j -0.00491976+0.00134335j 0.00552663+0.0192104j 0.00705112+0.00339052j -0.00732124-0.000884425j 1.57881e-05+0.00454186j 0.00697698+0.00819384j 0.00112686-0.00763384j 0.00642417-0.00329927j -0.000172349+0.0307435j 0.000119674-0.00501333j -0.00824187-0.0209641j 0.00304992+0.0130572j 0.00700423-0.00799676j 0.00962285-0.0016824j 0.0133747-0.009797j -0.0126222-0.000244733j 0.0112533-0.00946328j -0.0231134-0.00958905j -0.0021437-0.0181729j 0.00530019-0.00390957j -0.00710155+0.000195949j 0.00079149+0.000107606j 0.00865183-0.0128552j -0.0140426+0.00398568j 0.0087285+0.00704255j 0.0015846+0.00849841j -0.0116617-0.00668957j -0.0172606-0.016956j 0.00855013-0.0172743j 0.00375246+8.35858e-05j 0.00255432+0.00518476j -0.00497027-0.00666077j 0.0118101+0.0147943j -0.0046411+0.0135981j 0.00473091+0.00302814j -0.00350209-0.0125092j 0.0138856-0.000190746j 0.0100859+0.00355292j 0.00578899+0.00938828j -0.00649755-0.004875j 0.00373511+0.00796051j -0.0142818+0.00743028j 0.00969397+0.000168999j -0.00134207+0.00214384j 0.0146641+0.0112432j -0.00767986+0.00208484j 0.00645153+0.0155734j 0.00299447-0.00745424j -0.00343524-0.0145307j -0.00472495-0.0297274j -0.0120457+0.000512846j 0.00590297-0.00630355j 0.00335801+0.00869058j -0.00606536-0.0122888j -0.000796868-0.0177998j 0.0175535+0.0107689j 0.0116449+0.0174304j -0.0163299-0.0106284j 0.010004-0.0216767j -0.00458513+0.00864006j 0.013781-0.0104547j 0.00972712+0.0122558j 0.00409824-0.000356957j -0.0031878-0.0113635j -0.00320647-0.00253738j 0.0031871-0.00765926j 0.0178613-0.00369952j -0.000733064-0.0279473j -0.00279439+0.00861663j 0.011993-0.00335921j 0.00070962+0.0125082j 0.0087173+0.0018283j -0.00722004+0.00455816j -0.000316229-0.004455j -0.00319647+0.00363625j -0.0135643-0.00383878j 0.00576192-0.017047j -0.0086998-0.00546584j 0.0171584+0.0128766j 0.00385785+0.00497847j -0.000592702-0.0204832j -0.0134144+0.00144942j 0.00848868+0.00506212j 0.00467644+0.00887337j 0.00764445+0.00641188j -0.0100913+0.00898713j 
0.0128616-0.0154868j 0.0211934+0.0177036j -0.00673159-0.00676357j 0.0126941+0.00448928j -0.00503553+0.014188j -0.00187183-0.00627504j -0.00650754-0.0148936j 0.0256502-0.0242289j -0.00940604-0.00547403j 0.000984144+0.00455669j -0.00233173+0.00120564j -0.00304103-0.00559437j 0.00113444+0.00386762j 0.0115166-0.0192805j 0.00803005-0.00942808j -0.00791035-0.00314925j -0.0142225-0.00743855j -0.00898351+0.0025105j 0.00360148-0.00606095j 0.00490959+0.00457704j 0.015195+0.0131255j -0.00444031-0.0139617j 0.00188567+0.0142122j -0.00292708-0.0163677j 0.00505572+0.00412275j 0.00976873-0.00161018j 0.00253981+0.0204189j -0.0012178+0.000492116j 0.00379538-0.00252189j -0.00294617+0.00837127j 0.00358432-0.00612413j 0.00860607-0.0113462j -0.0108182+0.00204562j -0.0114416-0.00131919j -0.00892862-0.00152423j 0.0135283-0.00585802j -0.00495299+0.00310691j -0.00647074+0.00563504j 0.00163692+0.0164043j 0.000174462+0.00765264j -0.000978995+0.00766853j -0.000556612+0.0015464j 0.00382942-0.00636039j 0.0287255+0.00792797j -0.00313819-0.000766774j -0.0189178+0.0020434j 0.0128401+0.00253326j 0.00220385+0.00460844j 0.00259886-0.00804916j -0.00672688+0.0109609j -0.00451092-0.000624087j -0.00192408-0.00146417j 0.0111128-0.0065554j -0.0128214-0.00691837j -0.0014209-0.00475436j 0.0143697+0.00541747j -0.00370339-0.00734647j 0.00888969+0.0129271j -0.0062961-0.00670851j -0.00567694+0.0173611j -0.00143991-0.00544034j -0.00198616+0.00522736j 0.011504+0.00320081j 0.00592047-0.000788402j -0.00454732+0.00360412j 0.00136225+0.0031659j 0.0123437-0.00459247j 0.0171443-0.00885626j -0.0156937+0.00913931j 0.0036601+0.0079778j -0.00709769+0.00435224j -0.00278459+0.000697323j -0.0167327+0.00737204j 0.00480929+0.00205439j -0.00303666-0.00974255j -0.00268664+0.0194619j -0.0012468+0.000935714j -0.00481961-0.0238138j -0.00373853-0.0105863j 0.00540365+0.002495j -0.00609022+0.0033227j 0.00710049-0.0173812j 0.0110302-0.00518638j 0.0108483-0.00566797j -0.00418873+0.0163857j -0.0249247-0.00476069j -0.00714915+0.00524733j 0.01191+0.00800691j 0.00739852-0.00498498j 0.00288429-0.00339922j -0.017956-0.0110644j 0.000219806+0.0083495j 0.00239995+0.00554553j 0.00398934+0.00268547j -0.00437815+0.00603921j -0.00398212+0.00320209j 0.00460367-0.00779209j 0.00825755-0.0111806j -0.0164588-0.0134692j 0.00716963-0.0158549j -0.0087637+0.012671j 0.012218+0.0138123j -0.00111434-0.00619836j 0.000106804-0.00881132j -0.00645372+0.00403716j -0.0107738+0.00866702j 0.0247152-0.000523702j 0.0116964-0.0131742j -0.00928383+0.00438784j 0.00208937-0.00759562j -0.0119632+0.00546018j -0.00539578+0.00774885j 0.00889461+0.00353503j -0.0180911+0.00271826j -0.0119888-0.00512577j 0.00666097+0.00376416j -0.00978571+0.0181359j 0.00957215+0.00435265j 0.00963521+0.00334619j 0.000701755+0.00121483j 0.00961228+0.0003574j -0.0101761+0.00166388j -0.00380537-0.00792683j 0.00562678-0.00801721j -0.00215105+0.00347791j 0.0133885+0.00703575j -0.00464701-0.00228301j 0.00520073-0.0190658j -0.00159129+0.0147718j -0.000469917-0.00789988j -0.00538788+0.00906699j -0.0151761+0.00167859j -0.0101078-0.0026532j 0.000702005-0.0187234j -0.0050789-0.00605282j 0.00329335+0.00205745j 0.00566579+0.0105347j 0.00577093-0.00068265j -0.00741419-0.00697471j -0.00131809-0.00114786j -0.000955315+0.0222958j -0.00970936-0.00033917j 0.00427769-0.00354521j -0.00859689+0.000964332j 0.0159819+0.00090151j 0.01343+0.0078004j -0.00717555+0.00983551j 0.017451+0.00434977j -0.00269921-0.00171507j -0.0151291-0.00831995j -0.000874027+0.0090842j 0.00686836-0.000608099j -0.00419918-0.00701695j -0.00677335-0.00161157j 0.000334789+0.000626494j 0.0020853-0.00958347j 0.00852823-0.00855814j 0.0177133-0.00285155j -0.00726409-0.00222204j 0.000291753-0.00281021j -0.00714828+0.00721976j 0.00400777+0.002089j 0.00633571-0.00489281j -0.00384176-0.00602491j 0.000922525-0.00705134j 0.00263871-0.0127877j 0.0119714+0.0105204j -0.00610822+0.00331503j 0.00301809+0.0122043j -0.00368845+0.000133494j 0.00600695-0.0154485j -0.00265492-0.00133824j 0.0125863+0.00229672j -0.00990159-0.00186723j 0.00620681-0.00418667j -0.00315076-0.00196726j -0.00125333-0.00332215j 0.00381304+0.0102521j 0.0066473-0.00101695j 0.00102692+0.00445913j -0.00208544-9.77071e-05j 0.000370163+0.00802292j 0.000178757+0.00941609j 0.00757479+0.00596862j -0.00555571+0.00732103j -0.00892669-0.0083737j -0.0106505-0.0041658j -0.00514852+0.00120464j -0.00599022+0.0102773j 0.000865168+0.00770731j 0.00378886+0.00737628j 0.0110017+0.00317093j -0.000105079-0.00432181j -0.00460959-0.000462365j -0.00774083-0.0175116j 0.00266734-2.17857e-05j 0.000820118+0.0131006j 3.11373e-07+0.00675382j 0.0073964-0.00111842j 3.71297e-05-0.00856798j -0.00336868+0.00041712j 4.11539e-05+0.00313171j -0.00252662+0.00666722j 0.000295143-0.00738661j 0.0124275+0.00536269j 0.000378451-0.00771997j -0.00271419-0.0047075j 0.00706233-0.00262622j 0.00660989-0.00421298j 0.00422287+0.000469653j 
-0.0170773+0.0130582j -0.0075783-0.0126058j 0.0122683+0.0111552j -0.0160008-0.00460464j -0.00785667-0.00392916j -0.00537585-0.0159306j 0.0134436+0.015714j -0.0188305+0.0162494j 0.00428122-0.00825479j -0.00235943+0.00567762j 0.00137366+0.0156116j -0.0104682+0.000185523j 0.00422247-0.0059255j -0.0168415-0.00348597j 0.00688787+0.0111565j -0.017419+0.00582015j 0.014874-0.00107511j 0.0213143+0.000297865j -0.0112706+0.022626j -0.00344358+0.0111766j -0.013449+0.00114909j 0.00182047-0.0164701j -0.00382513+0.00200742j 0.0056996-0.00804784j 0.0128294-0.0137698j -0.0117964-0.00111482j -0.0142611-0.00399319j 0.00326146-0.011264j -0.0118936-0.0139048j -0.00602537-0.023323j -3.3607e-05+0.00488483j -0.0129797+0.00767031j -0.00073067-0.0153198j -0.0104762-0.00780833j 0.0186754-0.00687413j -0.00517515+0.00732857j 0.00711925+0.00684255j 0.00694623-0.00305109j -0.00638598+0.0148342j 0.0211883-0.000273622j 0.0083651+0.010343j 0.0020227-0.0115642j -0.0206474+0.00528251j -0.0100878+0.0042127j 0.00737035-0.00461001j 0.0115869+0.0032528j 0.00904373+0.00950028j 0.00093654+0.00209816j 0.00630712-0.00155539j -0.0147211-0.00459978j -0.00943936+0.00993725j -0.0138064-0.00954535j -0.011066-0.0154194j 0.0116439+0.00423795j -0.00459976+0.00131905j -0.00160373-0.00534627j -0.00354372+0.00572542j 0.00578734-0.00262385j 0.00872901+0.0035633j 0.00610284+0.0134588j 0.00567261+0.00962654j 0.00135968-0.00815247j -0.00213722+0.00487738j -5.39823e-05-0.00302387j 0.00164245-0.00978295j -0.00974214+0.00284399j -0.00856854+0.00542539j -0.0035261+0.00176635j 0.00158112-0.010345j -0.0210268-0.00826373j -0.00529619+0.0021285j -0.00315834-0.00537184j 0.00690101-0.00653565j 0.00244893+0.00352821j -0.0114577-0.0120107j 0.00349814+0.00159486j 0.00537316-0.00873473j -0.00552981-0.00423147j -0.021774-0.0087847j 0.00597466-0.00841191j -0.00775404+0.0252835j 0.00687392-0.0106275j 0.00411211+0.00947642j 0.000207641-0.0112074j -0.00809279+0.00922607j -0.0113605-0.00506619j -0.00102832-0.00307515j 0.0277436+0.0037551j -0.00906516-0.0166252j -0.0176108+0.0054227j -0.00519343-0.0128111j -0.00221564-0.00951964j 0.0104671-0.00364282j 0.0172329+0.000586838j -0.00896237-0.0165433j -0.00681704+0.010473j -0.00337786+0.00724923j 0.00404363-0.0146625j 0.0146592-0.00168814j -0.00859491-9.11059e-05j -0.00433169+0.00193939j 0.0332444+0.00386484j -0.0179514-0.0190089j 0.00665999-0.0105522j -0.0106768+0.01406j -0.0159657+0.0304908j 0.00277786-0.00417858j 0.0213594+0.0204256j -0.0146163+0.00773348j 0.0109011-0.0131795j -0.00810289-0.00541648j -0.000469336+0.0143398j 0.017178+0.00510769j 0.00783279-0.000202777j -0.00290084-0.00433818j 0.00259418-0.0121889j 0.023318-0.0107806j -0.0279221-0.0116657j -0.00692916-0.013431j -0.0010136+8.51547e-05j 0.0104043-0.00764943j 0.00451802-0.00991544j 0.00496083+0.00742239j -0.013759+0.0169102j 0.00855578+0.0171633j -0.00693053-0.0102422j 0.0114206+0.00386528j -0.00309389+0.00601239j 0.00736043+0.0157998j -0.00182818+0.016576j -0.00526755-0.0147907j -0.00298478+0.00504488j -0.00784813+0.0141397j -0.0269289+0.0226955j -0.0175195-0.00779177j 0.00514703+0.0082538j 0.00810614+0.00281221j 0.00295324-0.00972098j -0.00595761-0.0127591j 0.00211682-0.00459844j -0.0178519+0.012276j -0.00639368-0.000655835j -0.0192093+0.0019592j -0.0190174-0.00426607j 0.00130788+0.0196043j -0.00549584+0.0123432j 0.0131204+0.00830576j 0.000818289+0.00290357j -0.0101084-0.0094905j 0.00531459+0.0155221j 0.0118013-0.0213913j -0.00304069-0.000969243j -0.00532553+0.00509777j 0.000300505+0.00776868j 0.00107134-0.0192846j 0.00420348+0.0185115j -0.00189963-0.00273543j -0.00730814-0.000588336j 0.0108546+0.00266956j -0.00343131+0.0022185j 0.01165-0.0112968j -0.0095901+0.00360751j 0.0124592+0.00328617j 0.00116969+0.00441702j 0.00341538+0.00958175j 0.00651051-0.000486973j 0.00721559-0.0126947j -0.00115503+0.00406871j -0.00833506-0.0027283j -0.000889331+0.00421844j -0.00261275+0.00680212j -0.0031117+0.013709j 0.00260569+0.00932893j 0.00872171+0.00583208j -0.0035298-0.0184732j 0.000278274-0.00456846j -0.00369788-0.00511083j 0.0108621+0.00847215j 0.012026-0.00980813j 0.00510035+0.00540483j 0.00998697+0.00523054j 0.00365391-0.00719815j 0.00354962-0.00308651j -0.00748965-0.000791416j 0.00420197+0.00777472j -0.00402543+0.00131266j 0.00385931+0.0102772j 0.00731479-0.000422843j 0.00881548+0.010129j 0.00779109+0.00769473j -0.00527278+0.00826879j -0.00830905-0.00862454j 0.00174024-0.0106393j 0.0101288+0.0140573j 0.00366365+0.00440458j 0.00723673+0.00449172j -0.00825431-0.0129785j -0.000788599-0.0177854j -0.00321101+0.0124243j -0.00687906+0.00037756j 0.00268705+0.00346089j -0.00346602+0.00154217j 0.0116546-0.00850479j -0.00212788-0.00104641j -0.00412151+0.00695293j 0.0132968+0.0121721j -0.00552356+0.00404393j -0.010105-0.00590626j -0.0125944+0.000880139j -0.000484375-0.013697j 
-0.0257338-0.00809368j 0.0157493-0.027902j 0.0103733-0.013123j 0.0114521+0.00799727j -0.0158528-0.0115432j -0.00117634-0.00470749j 0.0155312+0.000457978j -0.00991445+0.00717439j -0.00273128-0.00815187j -0.0130147-0.00574276j 0.0113821-0.00394551j -0.000195975+0.00160622j -0.0111901+0.0117847j 0.000639289+0.00570013j 0.007951+0.0126343j -0.0203138-0.00572268j -0.0258582-0.00832012j 0.009601+0.00824398j 0.00886418-0.00539878j -0.0103409-0.00155687j -0.00942625+0.0105588j -0.0133386+0.0103372j 0.00424825+0.00845285j -0.00339104+0.00469113j 0.00631922-0.00815366j 0.00816778-0.00821924j -0.00160258+0.0105016j -0.00516003-0.012927j 0.0167852+0.00023775j -0.0101905+0.00258725j 0.00298892+0.00841754j -0.00825839-0.0100006j -0.023455+0.0062579j -0.00818486-0.00369468j -0.00551876+0.0158166j 0.0185727-0.00611758j -0.00301815-0.00298154j -0.0251623-0.0138776j 0.00246089-0.0104811j -0.0112444+0.00361703j 0.00678447+0.00538284j 0.0196149-0.0163098j -0.00294759-0.014445j -0.00559822+0.00638773j 0.001317+0.00360407j -0.0124985-0.00294944j -0.01042-0.0162759j 0.00919417-0.0157484j 0.0189496-0.0141282j -0.0188095+0.00552068j -0.00815106-0.00611118j -0.0172084+0.00978356j -0.00982262-0.00889374j 0.00457964-0.0136976j 0.0141035+0.00339882j -0.0110996+0.00619678j 0.00284483-0.000888467j 0.0110538-0.00545631j 0.00047284-0.0165106j 0.010072-0.00437288j 0.00971+0.00977613j -0.0127939+0.00323095j 0.00716388+0.0154515j 0.0059257+0.000824794j -0.010505-0.00442073j -0.00314679-0.0120488j 0.0106597+0.0197221j -0.0122381-0.00145881j -0.00433397+0.0114362j 0.000991671-2.6711e-05j 0.000489167-0.00259452j 0.0055392+0.0105764j -0.0167433-0.0019364j -0.00913488+0.00484008j -0.00691873-0.00257981j -0.0150164+0.00364413j -0.000562442-0.00223632j -0.00484099+0.00664222j 0.0094791+0.00549879j 0.0121569-0.00447252j -0.00275294+0.0076285j 0.00365664-0.000730317j -0.00378464+0.00588472j 0.00471876+0.00429341j 0.00407293+0.00742099j 0.00426831+0.00993516j 0.000876784-0.00240098j -0.0110972+0.00158045j 0.00503466+0.00832032j -0.00935048+0.00969922j -0.00821261+0.00319653j -0.00473256-0.0133427j 0.00274223+0.000795801j 0.00132558+0.000623498j 0.00451675+0.0117265j 0.00310865-0.0136359j 0.00805225+0.00434327j 0.00504873-0.00180629j 0.00243138-0.00840658j 0.0210896-0.00382469j 0.0187651+0.00391243j -0.00991628+0.00410883j -0.0122477-0.0201924j 0.00584875+0.00298167j 0.000649419-0.00265302j 0.011032-0.00761991j -0.0100144+0.0161761j -0.00734215+0.00125016j 0.00930574+0.0172198j 0.0170581+0.00202427j 0.0051274+0.0123764j -0.00103863+0.000434789j 0.0136222+0.0288596j -0.00200695-0.00706319j 0.00283768+0.011826j -0.0173597+0.00476425j 0.00248179-0.00967594j 0.0143094+0.000820884j 0.00126437+0.0165679j 0.00499435+0.0203991j -0.0140478+0.00585966j -0.00419936-0.00248924j 0.00201232-0.00198004j -0.00523452-0.00563997j -0.0184528-0.00357401j 0.000986039+0.000571599j 0.00712488+0.0125417j 0.0383827-0.0163776j 0.0067296+0.000131127j -0.0124456-0.0211479j 0.0045832+0.0021266j -0.0044616+0.00498942j 0.00199527-0.00214094j -0.00567117+0.00821106j -0.00167984-0.00675229j 0.011353+0.0025046j 0.00775836-0.00429057j 0.00453455+0.00120838j -0.00114687+0.00117134j 0.00156346+0.0056347j 0.00506185+0.0132961j 0.00985851+0.0253583j 0.00506267-0.00962865j -0.00781945-0.000975136j 0.0182681-0.00941513j -0.0103676-0.0019088j 0.00327838+0.00138445j 0.00525172+0.0159578j -0.00144117-0.00301376j 0.00144253-0.0025027j 0.00560635-0.00519043j 0.0298758+0.00598032j -0.00163437-0.0205082j -0.00759916-0.0254145j -0.00352111-0.00314054j 0.00586865-0.00298159j -0.0106138+0.0126345j -0.00482459+0.0051524j 0.00143705-0.0028099j -0.013873-0.0179406j -0.00594463-0.0121573j -0.0218212+0.00179431j -0.00590534-0.0171376j -0.00853582-0.00971457j 0.0256815-0.0121671j 0.00118465-0.000774013j 0.00866539-0.01563j -0.00837431-0.00696409j 0.00352218+0.00665548j 0.00836234+0.0141876j -0.00178622-0.00233649j 0.00732086+0.00250176j -0.00706552+0.00191116j 0.00373228+0.00619094j 0.000384355-0.0134155j 0.00224953+0.0048035j 0.00754249-0.00474458j -0.000329199+0.00470318j 0.00972477-0.00570423j -0.00417228-0.0125486j -0.00627625+0.0117181j 0.0113523+0.00978915j 0.00384053+0.00748822j 0.0120034-0.00469374j 0.00100538-0.000540608j -0.00613094-0.0062135j -0.00598724-0.0103517j -0.00190056-0.000268899j 0.00448183+0.00526403j 0.00232432+0.00852443j -0.0148055+0.00841747j -0.0118508+0.00575667j 0.00464634-0.00589917j -0.00587803+0.0208416j -0.00118418-0.0106708j -0.000418013-0.00994631j 0.000455758+0.000604655j 0.00365998-0.00705726j -0.00658662+0.000393812j -0.0105829+0.00618617j -0.00647493+0.00890079j 0.00658421+0.00668168j -0.00141341+0.0062483j 0.00114431-0.00132576j 0.0122159+0.0280304j 0.0257248-0.00447015j -0.0320178+0.00424254j -0.00791495-0.0251336j -0.00866943-0.00626527j 0.00341666-0.0178375j 
0.0321589+0.0300277j -0.0265921+0.0232226j 0.00385031+0.0169754j -0.00359208+0.00733248j 0.00477852+0.0192169j -0.0035285-0.0262968j -0.0317191+0.0245635j 0.00213998-0.0133482j -0.00245125+0.0105531j -0.0125574-0.0189564j -0.0156388-0.000500695j -0.0281231+0.0247332j 0.00406677+0.0235107j -0.00705025-0.0246338j -0.0172403+0.00388388j -0.00150247+0.0326515j 0.00883736-0.0110429j -0.0140256+0.0186218j -0.0135625+0.00526624j 0.000839018+0.00721504j -0.0119434-0.00356768j -0.0019894-0.0186702j 0.0062469+0.00108805j 0.00659765-0.00023979j 0.00104544+0.0121611j -0.00555553+0.00654277j 0.00840704-0.000464868j 0.00941874-0.0298257j -0.00973529-0.00387578j 0.00134945+0.0138406j 0.000906321-0.0135407j 0.00281272+0.00653226j -0.000905909-0.0152591j 0.0234016-0.00626779j 0.0153426-0.0042115j -0.00863243+0.00287467j 0.000705549+0.0184133j 0.0122247+0.0115549j -0.0119359+0.0106631j -0.00876974-0.00139968j -0.00906565-0.00835649j 0.00507656+0.001498j -0.00791537+0.00585595j 0.00614405+0.0102698j -0.00295195-0.0225587j -0.0138202-0.00592332j 0.00701093-0.0141043j 0.0140832+0.0103322j 0.00210126-0.00621213j 0.011447+0.000229699j -0.00425045-0.00394138j -0.00592637-0.00734834j -0.0101711+0.00473077j -0.00553807-0.00369694j -0.00179811+0.00610468j -0.00376687-0.0105206j 0.00512222-0.00940907j -0.0155843-0.0115981j -0.00190313+0.00617858j 0.0043461-0.0112267j 0.00922548-0.00722497j -0.00548162-0.00876819j 0.00592458-0.00248246j -0.00913334+0.0107378j 0.0112298+0.00999087j 0.0152587-0.011635j -0.00125513-0.013766j 0.00425079+0.015351j -0.00357973+0.00967306j -0.00140052-0.000725959j -0.00700537-0.00222544j -0.000864065+0.0118156j -0.0152098+0.00896965j -0.00604798-0.000439945j 0.0125361+0.00632542j -0.00326343-0.010218j -0.00301362+0.000844121j -0.00749794-0.0109422j 0.0116102+0.000883646j 0.0187969-0.0024698j 0.00360076+0.0119399j 0.00748508-0.0212091j -0.00115707-0.00498002j -0.00121634+0.0111062j 0.00220658+0.0097917j -0.00700589+0.016573j -0.0105682-0.0128244j -0.0116762+0.0106932j -0.0225921+0.000466179j 0.00662374+0.0233536j -0.000910697-0.00254443j -0.00523448-0.00841779j 0.00323703-0.00449549j -0.00161345+0.012015j 0.000596969+0.0112486j 0.0140286+0.00137592j 0.00507874+0.0104664j 0.00799516-0.00305296j -9.08902e-05+0.00872108j 0.0164209+0.00501634j 0.0152097-0.0116983j -0.00467692+0.00187571j 0.000542132+0.0106368j 0.00922969+0.00143791j 0.00174014+0.0125005j -0.0158514-0.00138843j 0.00688311+0.00814508j -0.0148604+0.0239863j -0.000215705+0.0128941j -0.00788016+0.00288032j -0.0114145-0.000184765j -0.00487772+0.00468759j -0.0117338-0.00987475j 0.000146528-0.0210975j 0.00358717-0.00359647j -0.0224211-0.00709592j -0.0124755-0.0150439j -0.00217441+0.0147269j 0.0110886+0.00049939j -0.00126345-0.0121779j -0.0108281-0.0177661j -0.0184317-0.000435075j -0.00151065+0.00537798j 0.00847177+0.0057866j 0.0030404-0.0020245j 0.00133173-0.00439363j 0.00198569+0.0084927j -0.0138825-0.00688678j 0.0139916-0.00243529j 0.000797475-0.0252277j -0.000449327+0.00287801j -0.000997206+0.0102916j -0.00371827-0.0123213j -0.00409661+0.00615006j 0.00100548+0.00905168j 0.00185857-0.00326956j -0.000773543-0.00143004j 0.00257679-0.0171983j -0.0057202+0.0143144j -0.0121562-0.00361797j -0.0171816-0.000412583j 0.0118787+0.00154162j -0.00398253-0.0038352j -0.00520282+0.00819782j 0.00936711+0.00372492j -0.00760386-0.00273282j 0.0144057-0.00793843j 0.00175945+0.00253352j -0.013023+0.00555466j -0.0139342+7.24536e-05j 0.0102463+0.0117034j 0.0109557+0.0063722j 0.01031+0.00611538j -0.00108792+0.00255506j 0.00254779-0.00509702j -0.00939777-0.00504728j -0.000916083+0.0133045j 0.0003585-0.00203276j -0.0147087+0.02672j -0.0103497+0.00777991j -0.00795996-0.0046004j -0.00362171-0.00241074j -0.003148+0.000842895j 0.00291221+0.0260372j -0.00761331+0.00187278j 0.0116772-0.000421904j 0.0186402+0.00319307j 0.00167544+0.0159309j -0.00114809+0.00329591j -0.0143636-0.0102173j 0.000861606+0.0138874j -0.00340743+0.0110308j 0.00716178+0.00105104j 0.00527572-0.00092837j -0.00283917+0.00674061j -0.00645214-0.00651865j -0.0039923-0.00078478j -0.00132448+0.0150305j -0.00369485-0.00607463j 0.00565837+0.00341104j 0.0151946-0.0163231j -0.0095075+0.00357291j -0.0151897-0.0186743j 0.010881+0.0146872j -0.00383972+0.0160669j -0.00584073+0.0063962j 0.00040186+0.0144726j -0.00685144+0.00731097j -0.00368699+0.00441928j 0.00932082+0.0130056j 0.0110383-0.00504242j -0.00495745-0.00843509j -0.00292547-0.00726121j -0.000205079-0.00982206j -0.00590928+0.000992368j 0.014117+0.00470799j -0.00394194+0.0028598j -0.0175025-0.0270937j -0.000268637+0.0286186j 0.00222774+0.00435235j -0.00263495+0.0051428j -0.00446893-0.00614227j 0.0209393-0.0034157j 0.000253616-0.00540387j -0.00256974-0.00620179j 0.00741187+0.0199394j 0.0106724+0.00337342j 0.00467096+0.0016317j -0.0155584+0.00887437j -0.0114194-0.0118966j 
0.0269003+0.00703037j -0.00329378+0.0278416j -0.0162846+0.00491683j 0.000824592-0.0126197j 0.0109617+0.0043372j -0.00678487-0.00298878j -0.00394997-0.0106959j 0.0117232-0.0117687j -0.00537404+0.0233331j 0.0201418+0.00216991j 0.00278504+0.00651766j -0.00162649-0.011267j 0.000749686-0.00707985j 0.0172417-0.00805267j -0.0145534-0.00328983j 0.00894704+0.0183607j 0.00438843-0.000192702j 0.001973+0.00764458j -0.0059787-0.00971692j 0.00794985-0.00599643j 0.00407845+0.00097251j -0.00318967-0.00919021j -0.000255279+0.0140267j 0.00639367-0.00457045j 0.00354732+0.0209143j 0.00406531+0.0041881j -0.00416789-0.0220746j 0.00662638-0.0153326j 0.00229092-0.0031023j -0.00380081-0.00420438j 0.0038717+0.0102634j 0.00434533-0.00995814j -0.00566841+0.00476062j 0.00276443-0.0100641j 0.0101769-0.0134563j -0.0291568-0.00860019j -0.00574297+0.00988764j -0.00840664+0.0217608j -0.0161629+0.00589962j -0.00569462+0.00544235j -0.0154914+0.00861735j -0.00299444+0.0319187j 0.0118978-0.0192571j -0.00208862-0.0146692j 0.00249156-0.0119898j -0.0113666-0.00899742j 0.0171171-0.00595271j 0.00692697-0.00076692j -0.0119876+0.00991525j -0.0108802+0.00311217j 0.00870406+0.00778608j -0.00549033-4.64415e-05j 0.00164491+0.00525697j 0.00241775+0.00248613j -0.00254175-0.0178312j -0.00164578+0.00971356j -0.0250058-0.000739248j 0.00405688-0.00974854j 0.00518659+0.00405449j -0.021775-0.00337596j 0.00449928-0.0112874j 0.0262667-0.0120271j 0.00951534+0.0134048j -0.0119909-0.00885879j 7.76128e-05-0.00324102j 0.0125719+0.0119292j -0.00176609-0.00385479j 0.00671186+0.0155139j -0.0024626+0.00613566j 0.00237715-0.00829251j 0.00866812+0.000535451j 0.00511308+0.0180515j -0.0149692-0.00161826j 0.000694329+0.00574793j -0.00487484+0.0138315j -0.00216147+0.00676543j -0.00339646+0.0151398j -0.00817642-0.000645382j 0.0173995-0.00203j 0.0111562+0.00729509j -0.00711004-0.0042779j 0.00689-0.021122j 0.00996679-0.0101344j 0.008551+0.00402284j -0.0171842-0.00201337j -0.0164757+0.00448105j 0.00294683+0.017763j 0.00788282-0.00924933j 0.00143929+0.00598095j -0.00332879+0.00935485j -0.0161497-7.14256e-05j -0.00705203+0.0270733j -0.00187108-0.00295806j -0.0179496+0.0107727j -0.0186823+0.0126014j 0.013091+0.00839072j 0.00399591-0.00306625j 0.00683041-0.0140711j -0.0248785-0.00226798j 0.000366729+0.0133123j 0.000584817-0.000814727j -0.00483944-0.00986599j -0.00452748+0.009865j -0.00803767-0.0148396j -0.00174487+0.00235934j 0.00308212-0.00927598j 0.0273426-0.00929872j 0.000125128-0.0128339j -0.0148687-0.0136129j 0.0122324+0.00473824j -0.0129463-0.000937731j 0.00197571-0.00335265j -0.00805636+0.014691j -0.00398766+0.0136256j 0.0010499+0.00729932j -0.0100775+0.00518571j -0.00846681+0.00249373j 0.0113297-0.0168178j -0.00987882+0.00994765j -0.00654825+0.00796349j -0.0139124+0.00358147j -0.0125682+0.00506476j 0.00886213-0.00751779j -0.00180701-0.0102982j -0.00438635+0.00227837j -0.000967688-0.00237388j -0.000245757+0.00206562j -0.015596+0.000639695j 0.00966236-0.0134927j -0.000934938-0.0295665j 0.000498538+0.0128667j 0.00142331+0.0154346j -0.00164556-0.00212943j 0.00382036+0.00411655j -0.00161716-0.000494894j -0.01021+0.00122511j 0.00547743+0.0118585j -0.00879271+0.00455829j 0.000244301+0.00151154j 0.00961683-0.0142596j 0.00211808+0.000312627j 0.0158945+0.00906245j 0.0058341-0.00708027j -0.00967615+0.0184253j 0.00559665+0.0125337j -0.0110867-0.00973855j 0.00450457-0.010239j -0.00316713+0.0002359j 0.0036657+0.0043314j -0.025252-0.0154565j 0.0124551+0.0150854j 0.0146696+0.00566407j 0.00531862-0.00724885j -0.00747048-0.0279512j -0.00526568+0.0013775j -0.00542532-0.00320361j 0.000874532-0.00136808j -0.00226184-0.00129795j -0.0176456+0.0125691j -0.00985114+0.0106096j -0.016864-0.00108413j -0.013769-0.0088825j -0.0132184-0.00685193j 0.00506705+0.0143548j -0.00915907+0.00692306j -0.00426854-0.0109083j -0.00232274+0.0135987j -0.0101213-0.00589256j 0.00407037+0.00968439j -0.00119412-0.00552237j -0.00922001+0.00563033j 0.0133054-0.00275579j -0.00715941+0.00027265j 0.00606102-0.0142108j 0.00397225-0.00836189j 0.00215943-0.00788396j -0.000842658+0.00537583j -0.0033059+0.00994304j -0.00449136-0.00656094j 0.00460203+0.00604617j -3.67648e-05-0.0071739j 0.00208841+0.00513672j -0.0227335-0.000305439j 0.00253274+0.0033771j -0.0174073+0.000910262j -0.00750096-0.0115694j -0.00490807+0.00407232j 0.00919464+0.0103863j 0.0110409-0.00256437j 0.017555-0.00464317j -0.00668681+0.0126324j 0.00598014+0.00532132j 0.00520175-0.00167061j 0.00382778+0.00710935j 0.00138129+0.0108298j 0.00893347+0.0133573j -0.00777398-0.0189714j -0.00426712-0.00371739j -0.00132103+0.00954501j 0.017542+0.00562913j 0.0110256-0.00963471j -0.00654305+0.0141409j 0.00480414-0.018551j 0.00164856-0.00375418j -0.0139637-0.00467821j -0.001157+0.00546446j 0.0181921+0.000206431j -0.00283325+0.0143389j 0.00310464+0.000321659j 0.00396257+0.00279162j 
-0.000346274-0.00993592j 0.0155232-0.00291119j 0.00511836+0.00108271j 0.0082217+0.000771081j -0.0133927+0.0254827j -0.0084597-0.00111277j 0.00427079+0.0112837j 0.0119945+0.0128805j -0.0125319-0.000168543j -0.00958644+0.00095079j 0.0109997-0.00607262j 0.0031621-0.00521171j -0.00341926+0.00507692j 0.00813484+0.00678122j 0.00153852+0.00139326j 0.0084259-0.0059508j -0.0150668-0.00624496j -0.00363926+0.00304846j -0.00590395-0.00436778j -0.00164454-0.00209133j 0.0270986+0.00261158j 0.0102664+0.0179078j -0.0023815+0.00396206j -0.00564538+0.0235881j 0.00070453+0.00823538j -0.00815544+0.0115117j 0.00326973+0.00714777j -0.00616741+0.00955248j 0.00177962-0.00984841j -0.0211342-0.010426j 0.00157787-0.00668968j -0.00716653+0.00800633j 0.016111+0.0036317j -0.0122664-0.0106506j 0.00781948+0.00544266j -0.0074686-0.00252599j 0.00912401+0.010121j 0.000547627-0.010215j -0.00518348-0.00577231j 0.00794453-0.00643004j 0.0091706-0.0190006j -0.000811826-0.0106886j 0.0125315+0.0243932j 0.0073643-0.000320894j -0.00772038+0.00417561j -0.0133377-0.00615422j -0.00298483+0.00173958j -0.00403478-0.00907081j 0.00601091-0.0172662j 0.00985658+0.00143934j -0.0111506-0.00358013j 0.00128947-0.00442952j 0.00916704-0.00373981j 0.00375711-0.00808348j -0.00182808+0.00604989j 0.00429766-0.00376247j 0.0202309+0.00732093j -0.0114932-0.0145944j 0.00240118-0.00739354j -0.00619289+0.00268852j -0.00782239-0.00715557j 0.00992596-0.00613649j -0.0129404+0.0160347j -0.00242032+0.00998534j 0.0116533-0.00799484j 0.00203678+0.00440409j -0.00751695+0.00876572j 0.00425737-0.00691732j -2.40313e-05+0.00623346j 0.00610265+0.00423373j -0.0066184-0.00021993j 0.00934856-0.0117171j 0.0039889-0.0112567j 0.00689297-0.0044352j 0.00693015-0.00748573j 0.00532454+0.000957674j 0.0128706-0.0165179j 0.0113777-0.0123241j 0.00265576-0.0153798j 0.00203953+0.0107295j 0.0100255-0.0075661j 0.0129178-0.0118048j 0.00597823+0.016743j 0.00544151-0.00972247j 0.0166493+0.000550793j -0.00403643+0.00972742j 0.00726051+0.00225879j -0.00854363+0.00154174j -0.00418826-0.0158302j -2.6967e-05-0.00628647j 0.0047797+0.00318434j -0.0205768-0.00370845j 0.000529608-0.00447361j 0.00266755-0.00489815j -0.000950329-0.00182421j 0.0146433-0.00893935j -0.00315975-0.00324513j -0.0275011+0.0100458j -0.000156134+0.0224683j 0.010043-0.00985312j -0.00479791-0.00299295j -0.0101199-0.0272208j 0.0113265+0.00174182j 0.00550461+0.0024676j 0.00360367-0.00456019j -0.00244035-0.0192022j 0.00395875-0.00498552j -0.00413018-0.00650813j 0.00228397-0.00192289j -0.0170194-0.00703994j -0.00975583+0.00552567j 0.00366929+0.00763357j -0.0024624-0.0104524j -0.00296248+0.0152341j 0.00376356+0.00190369j 0.00773588-0.00558021j 0.000971913+0.0198378j -0.00154645+0.00317748j 0.0158672-0.00613572j 0.0224767+0.005208j -0.00644919-0.0215365j 0.00781118-0.00353674j 0.00701811+0.0191822j -0.00876207-0.00744348j -0.00476856-0.00536926j 0.00846346+0.00638925j -0.0168603-0.0135686j 0.0131149+0.0110807j 0.00318076+0.0101119j -0.00107286+0.00880132j 0.00146203-0.0117223j 0.0123429-0.0240852j 0.000199206-0.00177247j -0.0148767+0.00285114j 0.008436-0.00634928j 0.000901501+0.00806381j 0.00141743-0.00382123j 0.00623514-0.000684655j -0.00430285+0.0162361j 0.00400351+0.00937224j -0.0100467+0.00711921j 0.00738055+0.00372349j -0.00727547+0.0071585j -0.00717936-0.0183335j 0.00886923-0.00506603j 0.0109264+0.00127189j 0.00122973-0.00853512j -0.00478556-0.0213835j 0.00166056-0.0281524j -0.0009338+0.00258078j -0.0113509-0.0235147j -0.00451331-0.00177364j -0.00760355+0.0171307j -0.00402968+0.0203121j -0.00671517+0.00539658j -0.00281795+0.0091544j -0.0106706+0.00421947j -0.00647997+0.0101855j 0.00700921-0.00904329j -0.0102566-0.0002964j 0.00594526+0.000878999j 0.0102851+0.0063661j 0.00884244+0.0191446j -0.00881589-0.00183178j 0.00595566-0.00715703j 0.0013365+0.00235088j -0.00290603-0.00918155j 0.00839874+0.000256664j -0.0117713-0.0106376j 0.000920936-0.00242799j 0.00845177-0.0164553j -0.0100639-0.00848017j 0.00928468+0.0169121j 0.0045626+0.00319998j 0.00356583-0.00418347j -0.00654405+0.0100518j 0.0104203+0.00238326j -0.00174095+0.016656j 0.00135965+0.0112936j -0.00254146-0.00214979j 0.0039952+0.0159018j 0.0122145+0.00530203j 0.00735692+0.00252022j 0.00657591-0.00189081j 0.0174276+0.0101892j 0.00760716+0.0134386j 0.00776429+0.00487421j -0.0137744+0.000264117j -0.00211312+0.00922657j 0.0126587+0.00587942j -0.00248531-0.00982966j -0.00920236+0.00227201j 0.00893438+0.00888085j -0.00607887+0.0104152j -0.0114654-0.00573232j 0.0049961-0.0106282j 0.0114817-0.00259521j 0.00134928-0.012791j -0.0012499+0.0212161j 0.00729374+0.00759213j 0.00653509+0.0170885j 0.0168577-0.0051976j 0.0231593+0.0146355j 0.000320275-0.00903013j 0.0103624+0.0167195j 0.0168179+0.0057853j -0.009056-0.00627691j 0.0183682-0.00952556j -0.0133798+0.0172587j -0.0123182-0.0143866j 
-0.0108664+2.73912e-06j 0.00130281+0.00625999j 0.00217419-0.0186512j 0.00897059-0.0100494j 0.00387611-0.0150804j 0.00819806-0.000119383j -0.000884415-0.0146415j -0.000190846+0.000335709j 0.00627169+0.00451522j -0.0174435-0.015362j -0.00623877-0.00709299j 0.00950648+0.0192455j -0.0119444+0.0363156j 3.88588e-05-0.0156246j 0.00980198+0.00764123j 0.00963445-0.000989538j -0.0104309-0.00203884j 0.00995763+0.00788085j -0.0119677+0.00245621j -0.00301369-0.00293297j 0.00358023+0.00514268j -0.00119184+0.00123708j 0.00729073-0.00233447j 0.00274127-0.00854314j -0.0134846-0.00923444j -0.00123197+0.0168958j 4.32051e-05+0.00581229j -1.63974e-05-0.00162483j 0.00442545-0.00627045j -0.00302762-0.00174797j 0.00477532+0.00242149j -0.00811422-0.005647j 0.0142864-0.00262035j 0.0119262+0.0077194j -0.024968-0.0101192j 0.00586687+0.00230324j 0.0138922-0.00696622j 0.0176489+0.000419001j 0.000748573+0.00960944j 0.00931484+0.00720475j -0.00426167-0.0191217j 0.00676976-0.00558684j -0.0151194+0.0165018j 0.00633162-0.00230992j -0.0131022+0.0041734j 0.0141537-0.00862612j -0.00439475+0.00606553j 0.0048647+0.00850105j 0.00763161-0.00710442j -0.00687626-0.0125921j 0.00256068+0.0035328j 0.00229228+0.000220843j -0.00104917-0.00448006j -0.00876041-0.0186752j 0.011885-0.0145037j -0.0228533+0.0153999j -0.00663907+0.00245195j 0.00852383-0.00267461j 0.0025651-0.0181241j -0.000953613+0.00399931j 0.0175585+0.0115658j -0.0168181+0.0068845j -0.00247846-0.00509816j 0.00353687+0.00193117j -0.00448615-0.007089j 0.00155892-0.0129752j 0.00855101-0.00113487j 0.0111414+0.0133236j 0.00958168+0.012662j 0.0200645-0.00306521j -0.00426477+0.0230741j 0.00844923+0.0068035j -0.000484612-0.00154777j 0.00550569+0.00933972j -0.00534791+0.00701762j 0.00722892-0.00173082j 0.00660873+0.0024916j -0.0144445-0.000876787j 0.00763797-0.00529635j 0.00865524+0.0191678j -0.00994817-0.0122737j -0.00602252+0.0168204j 0.00290016-0.0102041j 0.0207346-0.00921309j -0.00305937-0.00506354j 0.00489218+0.00501641j -0.00344443-0.00542594j -0.0029747+0.0166146j -0.0103053-0.0164193j 0.00724381+0.0128677j 0.000463997-0.00877643j -0.00838902-0.00651318j 0.00458273-0.0111147j 0.00201558+0.00162876j 0.0124664-0.00993166j 0.000728946-0.00603928j -0.0167492+0.0044926j -0.0145246-0.000852089j 0.00282385+0.00686657j 0.00663964-0.00548072j -0.00181665-0.00300971j 0.00651909-0.00159183j -0.00115309+0.00136266j -0.00346739+0.0117988j 0.013834+0.00728545j 0.00206359+0.000411751j 0.0158073+0.00809707j 0.0193312-0.0144455j 0.0045138+0.00580903j -0.00175007-0.00991558j -0.00212499+0.0100283j 0.00424161+0.0057099j -0.010972-0.0157528j -1.1474e-05-0.0156073j -0.0128708-0.00913862j 0.00451492-0.013142j 0.0113852+0.0126374j -0.00245969+0.00637505j -0.00582868-0.0202996j 0.00157271-0.0102108j 0.00239895-0.00458509j -0.000362554-0.0207221j -0.00989532+0.0143452j -0.006988-0.0025822j -0.00365731+0.00783253j 0.0115367-0.00103459j 0.00776279-0.0158246j 0.0239411-0.00809886j 0.00642156-0.000673837j 0.00198775+0.0107607j -0.0107351+0.0125885j -0.012579-0.00461161j 0.00603729+0.000425829j -0.00566333+0.012269j 0.0109625-0.0162532j 0.015372+0.00611207j -0.0151507+0.00795039j 0.0241124-0.00225704j -0.00069245-0.0107957j 0.00165755+0.014411j 0.00245253+0.0126004j -0.0114207-0.00666418j -0.00626825+0.014332j 0.0107815-0.00692271j -0.000828979-0.0131095j 0.00327437+0.0136532j 0.00160842-0.000973134j -0.00563891-0.0109875j -0.000753008-0.00140721j -0.00324447+0.00482167j 0.000447491-0.00755924j -0.00382427-0.00112412j -0.00542967+0.00151286j -0.00493565+0.000369728j -0.00568585+0.00639638j 0.00910296+0.00834053j 0.00237119-0.00574516j 0.00923495-0.00111499j -0.0030064+0.013152j 0.00617531+0.0100992j 0.00180459+0.0072611j 0.00356681+0.0118476j 0.00599661-0.000238359j -0.00574127+0.00249973j 0.00311563+0.00299076j 0.00300317-0.0113944j -0.00647769-0.0192296j 0.00095646+0.00419293j -0.0062229-0.00982211j 0.00707234-0.00744959j 0.00454657-0.00342435j -0.000671274-0.00138873j -0.00254236+0.00392692j 0.00964261+0.016451j -0.00565554-0.00693656j -0.00258371+0.00416066j 0.00294186-0.0131347j -0.000340074+0.0141577j 0.00346426-0.000404511j -0.00773895-0.00965131j 0.00219755+0.0033458j -0.00251568-0.000416948j 0.0126857+0.00697656j -0.00842794-0.00593284j -0.00249555-0.0105018j -0.00127089-0.0042895j 0.00160853-0.00260754j -7.12302e-05-0.00851115j 0.010478+0.00619143j -0.0187851-0.0051729j -0.00504425+0.0132347j -0.00563149-0.00320582j -0.00387898+0.00412506j -0.000702165-0.00313186j -0.00126672-0.013284j -0.00645978+0.00888645j -0.0186998+0.021443j 0.000854635-0.00955001j -0.0161563-0.0146112j -0.00301823+0.0128619j -0.0221901-0.00714066j -0.00685482+0.022536j -0.0209861-0.0112225j 0.00851299+0.0030767j 0.00418879+0.0158908j 0.00420414-0.00734775j -0.0131108+0.00905979j -0.0145176-0.00214071j 0.013778-0.00126362j 0.00404611+0.00183671j 
0.00301516+0.014933j -0.010672+0.012074j 0.00478534-0.00961595j 0.00921523+0.00733514j 0.00267174-0.0157239j -0.00870271-0.00308796j -0.0156438-0.0139479j -0.00583494-0.00504899j -0.0113037-0.00307451j 0.0112846-0.00735053j -0.0171332-0.00375289j -0.00995212-0.00171337j 0.00100074+0.00964701j -0.0106175-0.0144268j -0.0011436+0.00282212j 0.00535464+0.0134813j 0.0158007+0.00973671j 0.000763306+0.00662972j -0.000569937-0.00383496j -0.00156855-0.00514043j -0.00936065+0.0121454j -0.0146694+0.0156646j 0.00183025-0.00552244j -0.00285289+0.00333464j 0.00982008+0.00773038j -0.010717-0.0165735j 0.00851661-0.0321698j 0.00591324-0.0145948j -0.00324976+0.0064004j -0.00666311+0.00275281j -0.00765431+0.00815199j 0.00105192-0.000808986j -0.000329136-0.000568364j 0.0154271+0.000901357j 0.00490011+0.00328692j 0.01521+0.00466907j -0.00133465-0.0112001j -0.00316815+0.0186576j 0.00384612+0.00243815j 0.00100807+0.00908149j 0.0158598+0.0127556j 0.0111789+0.00351514j -0.00274211+0.0040871j -0.0116245-0.0123034j -0.00463703-0.00117923j 0.005202-0.0131183j 0.012136+0.00292966j 0.00287062-0.00563593j 0.0115497+0.00431972j 0.0109474-0.00122605j 0.0046567+0.00267199j -0.00384205-0.00328753j -0.00560684+0.00851034j 0.0087322-0.00333611j -0.0033746+0.00221844j -0.00689038-0.000135668j 0.0141724-0.00765318j 0.0203144+0.0113431j -0.0213669-0.0133719j 0.00575821-0.0124254j 0.00200416-0.0113709j -0.00758673+0.00222065j 0.00689422-0.014136j -0.00392479-0.0023486j 0.00601241+0.0171277j 0.015049+0.00200407j -0.0163167-0.0152463j 0.00178223+0.0137031j -0.00844254+0.0259388j -0.00706048-0.00738144j -0.00351607+0.00742375j 0.00350135-0.0139269j -0.00575699+0.0245033j -0.0151828+0.0162632j 0.0079734-0.00313321j -0.0119301+0.000991273j -0.001265-0.00711257j 0.00175771-0.00624614j -0.00659108+0.000530887j -0.0020151-0.0110881j 0.00603728+0.0123353j -0.00945914-0.00519918j -0.00435091-0.00904074j -0.00966038+0.0040973j -0.0230015+0.0081504j -0.00187301-0.00067893j 0.0198176-0.00535414j -0.0127211+0.00211134j -0.00865606-0.00520237j 0.0119182-0.00556001j -0.00155812-0.00636488j 0.00727221+0.0107266j 0.00110819-0.00479035j -0.000817207+0.013985j 0.010412+0.00135315j -0.0149115+0.000307994j 0.00399542+0.00406803j 0.0027924+0.0150449j 0.014212+0.00841274j 0.0147044-0.000244973j 0.00670678-0.0200713j -0.0225004+0.0121151j -0.00113701+0.0104379j 0.0107314+0.00947151j 0.00538161-0.00408887j -0.0114205-0.0225856j -0.00363779-0.00375528j -0.00800162-0.00195383j -0.00636775-0.00555722j 0.00761037-0.00430122j 0.00726981-0.00558321j -0.000624597-0.012545j -0.0221187+0.00447041j 0.00188999-0.00871692j -0.00141521+0.00846832j -0.00466615+0.00515617j 0.00887793-0.0140113j -0.00555926+0.00131901j 0.00456882+0.00426514j -0.0101816-0.00867478j 0.0041816+0.00116839j -0.00414297-0.0039284j 0.0127706+0.0102741j -0.000208474-0.000645337j -0.00822219-0.00631346j -0.00740461-0.0238266j 0.00590723-0.00374506j 0.0063229-0.014918j 0.00539405-0.00278819j 0.00432973-0.0127715j -0.0071306+0.0118375j -0.00181155-0.00373814j -0.0182338-0.00237696j -0.00875741-0.0112388j 0.00620706-0.00131257j 0.0124194-0.00449182j -0.00939437-0.00510168j 0.00938827-0.00197265j 0.000867358+0.00791981j 0.00273498+0.000109363j 0.000266467+0.00424123j -0.00020482-0.00289424j -0.00155504+0.00829761j -0.00522004+0.007355j 0.00225107-0.00588013j -0.00954571-0.0108939j -0.00873458-0.0076154j -0.0113012-0.00132319j 0.00614087+0.000211542j 0.00046368+0.00336226j 0.00862591+0.0113687j 0.00867221+0.00390873j -0.00823058-0.00256448j -0.00636221-0.00830457j -0.00113717-0.00190644j 0.000838547+0.00281826j -0.00734719-0.00443286j 0.00122306-0.00242765j 0.00150295+0.011266j 0.00237606-0.00728658j 0.000242197-0.00050759j -0.0125012+0.00367543j -0.000921061+0.00071392j 0.00335212+0.000195499j -0.00433114+0.012241j 0.00950432-0.00336147j -0.00311364-0.003053j -0.00849789+0.00662902j 0.00847349-0.0131627j 0.00162181+0.0087768j -0.00882928+0.00178912j 0.00417284-0.000896699j 9.92669e-05-0.00204684j -0.00271474-0.00298938j -0.00725755-0.0121422j 0.0108807+0.00615101j 0.00662929+0.0131368j 0.000986279-0.00298125j 0.00143611-0.00785215j 0.00372919-0.00507875j 0.000269913-0.000252914j -0.00473518-0.00610802j 0.00616047+0.00793577j -0.00261619+0.000250767j -0.000257039-0.00198758j -0.00403674-0.0135294j -0.00743768-0.00302441j 0.0163773+0.00878159j 0.00957223-0.00124686j 0.00508166-0.00601968j -0.00058578+9.07241e-05j -0.00414366-0.00771115j 0.00307023+0.00744612j 4.13115e-05+0.00198708j 0.012479+0.00570404j -0.00345625+0.0105553j -0.00516015+0.00883077j -0.00166681-7.35768e-05j -0.0102388-0.00643977j -0.00289275+0.0132855j 0.00467829-0.0169074j -0.0107072+0.00801274j -0.00561109+0.000523473j 0.0156756+0.00977968j -0.00158706+0.000570609j 0.0029006-0.000486042j -0.00524601+0.00937115j -0.0122577+0.00390136j 0.00597721+0.00292818j 0.000433987+0.00640404j 
-0.0194201+0.00157409j 0.00634945-0.0293104j -0.00598445+0.00249986j -0.00458138+0.00405703j 0.00116842-0.0140441j -0.01354+0.0275103j 0.0111-0.00244366j -0.0349628+0.030454j 0.0145131-0.00788568j -0.00852459-0.0053643j 0.0014861-0.00640467j 0.0250551-0.0228973j -0.000882649-0.0249514j -0.010575+0.0041302j 0.00294653+0.0126432j -0.0101528-0.0151091j 0.0181362+0.0108264j 0.0127928-0.00455993j 0.013565-0.00377266j 0.00924039-0.00956311j 0.0148914-0.0156899j 0.00612332-0.00704261j 0.00849601-0.000844349j 0.0135661+0.00314821j -0.00140497-0.00486398j 0.00538454-0.00203294j -0.0222734-0.00439912j -0.00821966-0.0173228j 0.0117729+0.0173708j -0.00410313-0.0097428j -0.0108367+0.0143648j -0.000828598+0.0141303j -0.007815+0.00556667j -0.021725-0.00687209j -0.0110899+0.00688538j -0.00368365-0.0143365j -0.00152701-0.00211879j 0.0118725-0.000936125j -0.00216685+0.0135631j -0.0092452+0.0188802j -0.00991266+0.013953j 0.0144919-0.017123j -0.00818048-0.00691136j 0.00413887-0.0208566j -0.00198879+0.000822304j -0.00336821-0.00219341j 0.000395366+0.00881423j -0.00157546-0.00086689j -0.0017179-0.00726031j -0.00683197+0.000746694j -0.00770449-0.00757476j -0.014116-0.0200602j -0.00170411-0.00235069j -0.0166263-0.00521423j 0.00612906-0.00483756j -0.000993966+0.00334013j -0.00979964+0.00390274j 0.00281365-0.012461j 0.000346064+0.00580221j 0.00963659+0.0159064j -0.00793046-0.0071426j -0.00199584+0.0139191j -0.00791589+0.00780936j -0.00631431+0.00119397j -0.0174774+0.00255371j 0.0236242-0.0223571j -0.00109604-0.0074873j -0.0103405+0.0171965j 0.00841035+0.00360599j 0.00324802-0.0155398j 0.0152825+0.0275659j 0.00846177-0.00758532j 0.016206+0.000536302j -0.0132369+0.00734634j -0.0098786+0.0290497j 0.0154134+0.0228596j 0.00907604+0.0161885j -0.00461463+0.00268389j 0.0163173+0.0104956j -0.00729736-0.00429263j 0.000313774+0.0118225j 0.00559089-0.00760108j -0.00914719-0.00139074j 0.0106368-0.003046j 0.00767114-0.0183914j -0.00790666-0.0137473j 0.00251756+0.0168319j 0.00306005+0.00208326j 0.0145928+6.82572e-06j -0.0101226+0.0221173j -4.58971e-05-0.0244702j 0.00549087-0.00356j 0.00162117+0.00272003j 0.0133491-0.00769036j 0.0162518+0.00888433j -0.00911237+0.00414225j -0.00258613-0.00372265j 0.00021671-0.0185955j 0.0178675+0.00379465j -0.0144867-0.000629959j 0.00605624+0.0046767j 0.0152494+0.00759204j 0.000471931+0.0043168j -0.00928138+0.00119659j -0.00800992-0.00660888j 0.013441+0.0119591j -0.00144072-0.00755785j 0.00677188-0.0148625j 0.0111037+0.00803538j 0.0147393-0.0108437j 0.00372839-0.00059894j 0.00484402-0.010312j 0.00680354-0.00166391j -0.000630277+0.000542098j 0.0051789+0.000369865j -0.000900004-0.0123358j 0.000775513-0.008141j -0.000879748+0.00547202j -0.0120357-0.010109j -0.0128464-0.0162325j -0.016415-0.0192286j 0.00646943-0.0180813j -0.0016109+0.0101406j 0.000585795+0.00879491j 0.0123068+0.00594035j -0.0188786+0.000321775j 0.00651296+0.00444438j -0.00527808+0.000893621j -0.00357757-0.00885111j 0.0159333-0.0162954j -0.00433763+0.00920823j -0.00608019-0.0113615j 0.0192375+0.0109007j 0.0013661+0.00248576j 0.00269712+0.0024865j 0.00293623-0.00469155j 0.000407975-0.00674347j -0.00625744+0.0091637j 0.00121147-0.0182618j 0.0102399-0.00834739j -0.0104256+0.0134161j -0.00177897-0.0109013j -0.000599249+0.000130129j -0.00922887+0.000853414j 0.000490557+0.00664857j -0.014039-0.0188966j -0.0147643-0.0107679j 0.00376336+0.0126817j 0.0125593+0.00775998j 0.00509834-0.0135128j 0.000469772-0.00256962j 0.0154567-0.00188827j -0.00737009-0.0164028j -0.0087907-0.00484589j -0.00489461+0.00668997j -0.00602077-0.00059673j -0.000822721+0.000146651j -0.000713136+0.00491706j 0.00182505-0.0197321j -0.000339521+0.00360932j -0.00474813-0.0068173j 0.00340573+0.00519075j -0.00262455-0.00437875j 0.00923263-0.00332797j 0.00926366-0.00236173j 0.00106504-0.00626902j -0.00658885-0.00756799j -0.0180099-0.000933838j 0.00937096-0.0101906j 0.00271155+0.00335895j -0.0117475+0.00797376j 0.00439633-0.0027065j -0.0120672+0.00466049j 0.00122077+0.00603393j -0.00234379-0.00826267j 0.0177111-0.00341451j 0.00797309+0.00147689j 0.00219267-0.00165915j 0.00930624-0.0125765j 0.00124775-0.0119088j 0.000490179+0.00714162j -0.00162121-0.0103648j 0.0044263+0.0079653j -0.00196483-0.000948468j -0.00152933-0.00476j 0.00450217+0.00728201j 0.000823671-0.00678476j -0.000657988+9.22459e-05j 0.00946971+0.00555011j -0.00761412-0.00868716j 0.000507254-0.000595432j -0.00346687+0.00923675j 0.00247972-0.00619799j -0.0013135+0.000489321j 0.00321012+0.00463052j -0.00603515-0.00929332j 0.00411931-0.00862814j 0.00701991+0.00202259j -0.00185139-0.00185467j -0.00132034+0.00154033j -0.00275793-0.0040776j 0.0107955-0.00605153j -0.00512337+0.00340464j -0.00643437+0.00505576j -0.000727065-0.00268258j -0.00350182-0.00390564j -0.0106855-0.000865486j 0.00396863-0.00670124j -0.000787332-0.0029289j -0.00149811+0.000479119j 
0.0239127+0.0222412j -0.0147553+0.027113j -0.00631862-0.00597874j 0.00550304+0.00197629j 0.0240533+0.00698379j -0.0217457+0.00825599j -0.0245234-0.00568146j -0.00194321-0.0186113j -0.0106832+0.00900202j 0.0204995+0.00796711j 0.00965518+0.0107137j 0.0100104-0.0112858j -0.0108588+0.0160267j -0.0098237-0.0101516j -0.00135297+0.00655347j 0.000486098-0.0169468j 0.0149156-0.0284825j -0.00324288+0.00713092j -0.00884747-0.00500896j 0.00537859-0.0149838j 0.00538439-0.0138954j -0.025605+0.0117868j -0.0153377+0.0122125j -0.00540007-0.00616949j 0.00641181-0.00372042j -0.00808365+0.00433815j 0.0281743-0.00682152j 0.00115433-0.00386623j -0.0207498-6.43217e-05j 0.0147001+0.0143581j 0.00411169-0.0258374j -0.00853537-0.00714011j 0.0107009-0.00300493j -0.00469064+0.030074j -0.0284053+0.0200835j -0.010267+0.0185577j 0.00139703-0.00820967j 6.91962e-05+0.0264547j 0.0073424+0.0100179j 0.0013786+0.00262248j -0.00124496-3.53575e-05j -0.00390071+0.0136584j -0.0151984+0.0126489j -0.00374075-0.00644512j 0.0144215+0.000122457j -0.00676576-0.00722679j -0.0176041+0.00451094j 0.00583491-0.00505824j 0.00239986+0.0165004j 0.0051856+0.00345044j 0.00924442+0.00608913j -0.000904199-0.00666944j -0.00633817-0.0131564j 0.0114572-0.00624438j -0.00271316-0.00938137j -0.0038125+0.0016372j -0.00933163-0.0061371j 0.0102136-0.00764365j -0.0196387+0.000246749j -0.00191096-0.00132871j -0.00717695+0.00322699j -0.010026+0.00744371j 0.0127677-0.00631503j 0.0090116+0.00564278j 0.0113266+0.00468094j -0.00192201+0.00815979j 0.00722864+0.0108677j -0.00188392-0.00137444j 0.00329122-0.0013656j 0.00991172-0.0012755j -0.000297972-0.0160107j -0.00380502+0.00684561j 0.00113094-0.0115812j 0.0148953-0.0093503j -0.0106378+0.00112566j 0.00449384-0.0208736j 0.00780204-0.0241412j -0.0143196+0.0238601j -0.00658862+0.00562394j -0.00346901+0.0203179j 0.0224073-0.0188488j -0.00506736+0.00467135j 0.0222055-0.000644928j 0.0134174-0.000868677j 0.0030028-0.0102613j 0.0133388-0.00252653j -0.0171334-0.0106782j -0.000908438-0.00398035j -0.0121918-0.00940792j 0.00344257-0.011654j -0.00317975-0.00466967j 0.00239948+0.0282381j 0.00244915+0.0220009j -0.00289324+0.00203615j 0.00236081-0.00911706j 0.0014048-0.0143633j -0.026213-0.00642874j -0.00211285+0.000253845j 0.000504973-0.00932505j -0.00179407-0.0217171j 0.0113839-0.00301433j -0.00443849+0.00719749j 0.0126096-0.0101507j 0.00167251-0.000156817j 0.0143056-0.00996556j -0.00857878-0.00472586j 0.0122959+0.0102136j 0.0107008-0.020949j -0.000757698+0.00160726j -0.00493771-0.0103641j 0.00212844+0.0034116j -0.00552644+0.00285388j 0.0198115-0.000352543j -0.0111014-0.0152472j 0.00813189-0.0130108j 0.00955468-0.0111376j -0.00304509-0.0116935j -0.00664735-0.0128715j 0.00141236+0.000808715j 0.00527592+0.0222234j -0.00838316+0.0122662j -0.00825837-0.0185827j -0.0136887+0.00306168j -0.00256354+0.00418039j 0.00775544+0.00318475j 0.0127556+0.0212853j 0.00967245-0.0247j -0.00316237+0.00243784j -0.00791251-0.00684331j -0.00661627+0.0292423j 0.00239203+0.003191j -0.000269041+0.0199826j 0.00660927-0.00177109j 0.00380789+0.00326876j 0.0134639+0.0060779j 0.0125329-0.00412291j -0.00163166+0.00518726j 0.00976818-0.00530348j 0.0020365-0.00476315j -0.0124203-0.000784163j -0.00741216+0.00527645j -0.00591832+0.0162201j 0.0116625-0.00112644j 0.00774024-0.0288206j -0.00353221-0.00693964j 0.0115383+0.0233776j -0.00378826+0.00226709j -0.00615247+0.00581956j -0.0135792+0.00961396j -0.00110712-0.0048271j -0.0137506-0.0303442j -0.0150416-0.00210118j -0.00294279+0.00818358j -0.00127011-0.0107867j -0.00758531+0.00244066j -0.00364399+0.00437212j 0.00259462-0.0113934j 0.00535267-0.0186867j -0.00743276-0.0147737j 0.0133597+0.00156407j -0.0117686+0.00784527j 0.0108479-0.0211791j -0.00446007-0.00195481j -0.00276385-0.000219434j 0.00161966+0.0105844j 0.0144938+0.0119655j -0.0200901+0.00285973j 0.012131+0.0013945j -0.00290417-0.0168348j 0.0124135+0.0114733j 0.000902928-0.0132022j 0.00381983+0.0316819j -0.00373309-0.0194253j -0.0015308+0.0115336j -0.00565835-0.0121283j 0.00323704+0.00848599j -0.0020373+0.00951418j 0.0055027+0.0131146j 0.00488156-0.00397249j -0.0165271-0.00576074j -0.0103902+0.00914798j -0.00266728-0.00302175j -0.000871231+0.0226343j 0.00644099+0.00239062j -0.0036759+0.00263409j -0.00682741-0.0173513j -0.0194147-0.0113541j 0.0111698+0.0198049j 0.0171727+0.00318186j 0.00971574-0.0147851j -0.00975792-0.000466998j -0.0057752+0.00308159j 0.00663165-0.00415125j 0.00423792-0.00613226j 0.0116377+0.0112434j 0.0153831+0.0169969j -0.00591431+0.00114624j -0.013977-0.0105705j -0.00779563+0.00931932j 0.00748048+0.012916j -0.00147574-0.0183896j -0.00703255+0.0135177j 0.000776787-0.0100292j 0.00970776+0.00609719j -0.00173032+0.000558859j 0.00532054-0.000697618j -0.00237983+0.00271955j -0.00589984-0.000533319j 0.00503647-0.00708701j 0.0087122+0.0033681j 
0.00493211-0.0367895j 0.0372834+0.0103363j -0.0131007-0.0234498j 0.0284581-0.00991876j -0.00729298+0.0152908j 0.0173594+0.00879094j 0.0247079-0.023618j 0.0293779+0.00428073j -0.0132777+0.00157532j 0.0229733+0.000508037j 0.00202382-0.00374651j 0.0217458-0.0316784j -0.0128497-0.00194224j 0.014177+0.0406972j 0.00159355-0.00647416j -0.00266732+0.016522j -0.0115679+0.00544698j 0.00280062-0.00971588j 0.0215888-0.00126144j -0.00367935+0.017363j 0.0129269+0.0116052j -0.0215731-0.0167815j 0.0101719-0.00710969j -0.0274406+0.00848757j -0.0277527+0.0199339j -0.018184+0.00498921j -0.0219264+0.0292302j -0.0275699+0.0179744j -0.0137677+0.00708525j -0.0146944-0.00215032j -0.0017021+0.0081604j 0.0161306+9.93733e-06j 0.0169145-0.0134824j -0.0143972+0.00189979j 0.0101266-0.00426115j -0.0130419+0.00558527j -0.00442803+0.00346772j 0.0105777-0.00377821j -0.0111911-0.00802179j -0.00206995+0.00329326j 0.0151459-0.0156146j 0.0110873-0.00326271j -0.00716145+0.00273622j 0.0211466+0.00876614j -0.011137+0.00147681j -0.0123796+0.0119219j -0.0092243-0.0139353j 0.014511+0.00350775j 0.00980983-0.0114129j -0.0069085+0.00459209j 0.0131867-0.00112177j -0.0120198+0.0119599j -0.0263047-0.00744546j 0.00874993-0.0069756j -0.0162139+0.017387j -0.00113885-0.011875j -0.00243953+0.013315j -0.00239841+0.00776262j 0.0175323+0.00723296j 0.00367651+0.00542426j 0.0038593-0.00638107j 0.0154445-0.0027326j -0.00840866+0.00342183j -0.00101866-0.00327859j -0.00617495-0.000895762j -0.00389045+0.00913382j -0.0101584+0.0158337j -0.0134531-0.0179898j -0.015216-0.00985234j -0.00293213+0.0105206j -0.00670441-0.00614588j 0.00247367+0.00947095j -0.00158386-0.0197061j -0.00300366+0.00300626j -0.00425803-0.0132406j -0.00197285+0.00240019j -0.0117088-0.0116126j 0.00382194-0.00522434j 0.0130452-0.0086455j -0.00561139+0.0154731j -0.00668474+0.00726822j -0.0034421-0.00599196j 0.0108634+0.000948928j -0.00745915-0.0170177j -0.00444195+0.0147532j -0.0223668+0.00378974j 0.0026576+0.00282543j 0.013052-0.00113092j 0.002087+0.00466403j -0.0111948-0.0282078j 0.0133054-0.0152802j 0.0118896+0.000451176j 0.0181961-4.25878e-05j 0.0175844+0.00346022j -0.0146728+0.0104869j -0.0115981+0.0109938j -0.00187768-0.00317859j 0.00110872+0.0179138j 0.00428803-0.00308262j 0.00196581+0.00328865j 0.00306952+0.00457214j 0.00201097+0.00288787j -0.00455967-0.0189191j 0.00972731-0.0153727j -0.00414031-0.010245j 0.00126792+0.003416j -0.00154498-0.0108134j -0.00676277-0.0147642j -0.00751746+0.00602141j 0.0131234+0.00511399j -0.0088133-0.0139458j -0.00416431-0.010173j 0.0230113+0.0223821j 0.0161427+0.0236058j -9.01104e-05-0.0160341j -0.0127992+0.0179524j 0.00144999-0.0108724j 0.000429926-0.0201011j 0.0131056-0.00784152j 0.00915652+0.0175265j -0.00246997-0.00881012j 0.00947079-0.0017194j -0.00512986-0.00831416j 0.00711396-0.0120983j -0.00291046-0.00588421j 0.00960788+0.000354768j -0.0048338+0.0078523j 0.00837266+0.0028125j -0.0123804-0.00328558j 0.00133298+0.000848069j 0.00529499+0.00837178j 0.0101333-0.0378619j -0.0168742+0.00343551j -0.00591327-5.55495e-06j -0.00762222+0.00291077j -0.00948834+0.000751892j -0.0144632-0.0105341j -0.00924094+0.0063214j 0.00124682+0.00135067j 0.00525437+0.0110019j 0.0102892-0.0200602j -0.00430234+0.00297443j 0.00209969+0.0120859j 0.00659454-0.0055662j 0.0110238+0.00537131j 0.00712081+0.00762122j -0.0108493+0.000641305j 0.00263512+0.0131241j 0.00525818+0.00268922j -0.00156079-0.00792529j -0.00441774+0.00563676j -4.78503e-05+0.00468705j -0.00558632+0.00155185j -0.0132162+0.0109753j 0.00496861-0.00338883j 0.0113473+0.0045152j 0.00540522-0.00348341j 0.0136399-0.00832279j 0.00758943-0.00818859j 0.00894702-0.00404418j -0.00177521+0.00882378j -0.00355955-0.016395j -0.00214792+8.71608e-05j 0.00196155-0.00450808j 0.0150817-0.0162398j -0.00514256+0.00524793j -0.0127369+0.00719162j -0.00626213-0.0140492j -0.00756422+0.00917405j -0.00109437-0.00387792j -0.0139039+0.00903527j -0.0103329-0.00621839j 0.00491942+0.0138027j 0.000907054+0.00600583j 0.0159012+0.0200843j -0.00851762+0.00308555j -0.0139763-0.0136223j 0.00429379-0.0185691j -0.0174383+0.0138277j -0.00532038-0.005188j -0.00840521-0.00459071j 0.0233355+0.00536115j -0.00732975+0.00954889j -0.00305829-0.0201319j -0.00661509+0.00274965j 0.00412948+0.00334649j 0.00891844-5.23514e-05j -0.0139857+0.000979906j -0.000416913-0.0163184j -0.00913739+0.0214622j -0.00254677-0.00869491j -0.00066684+0.0188372j -0.00339559-0.00193218j 0.00339788+0.00468633j -0.0129598-0.00373958j -0.0202822-0.020983j 0.0175927-0.0360634j 0.0255145+0.0169436j 0.0120959-0.0115189j 0.0120479-0.0193981j 0.00717491+0.019372j 0.0197647-0.0251829j 0.000816535+0.00793211j -0.00664537-0.0107654j 0.00150303-0.000623371j -0.00565779+0.000455723j 0.000964498+0.00477689j 0.000724686+0.00236244j -0.0129148+0.00364586j -0.00109875-0.0124353j 
0.00379573-0.0130543j 0.00261488+0.00215032j 0.00145505-0.014017j 0.0393474+0.00695058j -0.0161833+0.00814997j 0.00926296-0.0266902j 0.00735991-0.00884731j 0.0154381-0.0158717j 0.00255399+0.00539085j 0.0162045+0.00544742j -0.00182281-0.00272667j 0.0138728-0.00317652j -0.0297163-0.0103867j 0.007009+0.00299893j -0.0154241-0.00913511j 0.00311858-0.0113183j -0.00789331-0.0294409j 0.00236267+0.00205025j -0.00646355-0.0117792j 0.0157461-0.0176402j 0.00746981+0.0110122j -0.0171555-0.00563817j -0.00812265+0.0177597j -0.0172507-0.0202327j -0.0046076+0.0104718j -0.00881345-0.00331601j 0.0135938-0.0118092j -0.00680458+0.0084775j -0.0164049+0.00478377j -0.000763056-0.0201972j 0.00209992-0.00266885j 0.00123848-0.000180508j 0.00872856-0.00375178j 0.00875329-0.00644584j 0.00613551-0.00211572j -0.0051696+0.0117744j 0.000952353-0.00660137j 0.00664259+0.0128746j 0.00542986+0.0185369j 0.0116088-0.0040947j -0.00190503-0.0247104j 0.0189161+0.00620699j -0.00460735+0.00650068j 0.0133661+0.00141362j -0.00425126+0.00760518j -0.00726205-0.00999436j -0.00701443+0.0149386j -0.00326155+0.00888942j 0.00136736+0.00976388j -3.49475e-05+0.00241037j 0.00572063+0.0121056j 0.00226606-0.00906j -0.00466823+0.0183268j 0.00788156+0.00753394j -0.0108164-0.00283069j 0.00534673-0.006861j 0.00308069-0.0117172j -0.0036124+0.00942821j -0.00617168+0.000498262j 0.00141412+0.000922497j 0.00812556+0.00987564j 0.0125133+0.000285317j -0.00305919+0.00153358j -0.0153289+0.00609234j 0.00465372-0.0101443j -0.0169087+0.00516054j 0.0158929-0.0233646j 0.000816935-0.00388721j 0.000205101-0.00455974j 0.00484266+0.0151403j 0.00149513-0.00123658j -0.00354159-0.00406915j 0.000906761+0.00885391j 0.00489722+0.0190664j 0.0116981-0.00775528j -0.000529547-0.00147342j -0.000219968-0.00315901j 0.0112602-0.00771249j -0.00623894-0.0149666j 0.00498354-0.00508262j 0.00380821+0.00211834j -0.00657246-0.00401216j 0.0163927-0.0022584j 0.00946544+2.21952e-05j 0.0111085-0.00188424j 0.00119458+0.000117183j 0.00381385-0.00416031j 0.00613725+0.00674735j -0.011745-0.00596769j -0.0134933-0.00928969j -0.00506749+0.00766891j 0.00411831+0.0230751j 0.00516663-0.016876j 0.00681279+0.0129636j 0.0158427-0.013388j -0.00154088+0.00853282j -0.0213449+0.00342983j -0.00222029+0.0268861j 0.00568537+0.00107624j -0.0110188-0.0194784j -0.00892318-0.00131997j -0.0109728+0.00569954j -0.00351271+0.0108475j -0.000318026-0.00893494j -0.00590461+0.00106424j -0.00539974+0.00310483j -0.00736991-0.00281054j 0.0139769-0.0229726j -0.0152862+0.00370301j -0.00412414-0.00781827j 0.002812-0.00820477j -0.00844749-0.0107803j -0.00602766-0.0078096j -0.00245818-0.00392695j -0.000871941+0.000118608j -0.0049908-0.0161411j -0.00299519-0.0100881j -0.00299753+0.0191505j 0.00418907-0.019655j 0.00184288+0.000671398j 0.000796244-0.00432342j 0.0119027+0.00753974j -0.00338419+0.0129053j -0.00194583+0.00762638j -0.00597634-0.00705218j 0.0137049-0.00987932j -0.00634753-0.014535j -0.00940317+0.00322733j -0.00719892+0.0116063j 0.0108758-0.00672825j 0.00313898+0.0108362j 0.000480801-0.00424835j -0.00654846+0.0130737j 0.00357887+0.000293886j -0.0153159-0.00741918j 0.00275303+0.00209913j -0.00939142-0.0100224j 0.00109445-0.00639345j -0.0089951+0.00645433j -0.00175038+0.0140583j -0.0024892-0.0130938j 0.00113117-0.00602039j 0.00284425+0.017936j 0.00114565-0.00762483j -0.0153238+0.00816596j -0.000472014+0.0182033j 0.00553108+0.00765756j 0.00166349-0.00605925j 0.0101105-0.00048839j -0.0139837-0.0066696j -0.00502178-0.00851496j -0.0137252+4.11516e-06j -0.0104661-0.0043196j -0.00443501-0.00524687j -0.00661063+0.0058792j -0.00658781+0.00918505j 3.60802e-05-0.00600211j 0.002719+0.00754247j -0.000393962+0.00167739j 0.00876209+0.000631357j 0.00890559+0.0185106j 0.0150534+0.00439292j -0.00467973+0.0213105j -0.0022926+0.00441357j -0.0236757-0.0015868j -0.00463528-0.000760138j -0.0180925+0.00281906j 0.00782499+0.00577376j -0.00466174-0.00373683j 0.0101735-0.00981003j 0.0111524+0.0118605j 0.0120718-0.00477178j 0.00310938+0.00133919j 0.00337567-0.00432345j 0.00732821+0.00389058j 0.00138307-0.00767648j -0.0153239-0.000273279j -0.0127137-0.00542345j 0.000325179-0.000330483j -0.00478003+0.006102j -0.0116461+0.00601307j 0.00450827-0.00581524j -0.0124238+0.0103003j -0.016186-0.00995097j 0.00398323-0.0043315j 0.0150783+0.00485219j 0.0098457-0.0128085j -0.00727682-0.0206784j -0.0100147-0.00824679j 0.00785774+0.00374446j -0.00471418+0.0155065j 0.00750387+0.0116517j -0.00137794-0.00493478j 0.0102106+0.0173983j 0.00419179+0.0170792j 0.00631474+0.0025961j 0.00912145-0.0130547j -0.00955364+0.0128617j 0.00596367+0.00230975j -0.00429013+0.00437518j 0.0094507+0.00682723j 0.00553342+0.016845j -0.00561339-0.0211892j -0.0196313+0.00673022j -0.0144254-0.00180072j -0.00541906-0.00306104j -0.00246183-0.00101504j -0.016667-0.00527647j -0.00762682-0.0217011j 0.0209143-0.00612661j 
-0.0104008+0.00787156j -0.00618474-0.0154563j 0.00671715+0.0142312j -0.0139039-0.00380098j 0.00311708-0.00135868j -0.0166828-0.00923184j 0.0155223+0.0144014j -0.0146161+0.00867095j 0.0240964-0.00397374j -0.0115822+0.000147144j 0.00222619+0.00197339j -0.0260383-0.0046644j 0.00892904-0.0155147j -0.00737773-0.0224522j 0.00781325+0.0160359j -0.00369416-0.0207788j 0.0235881+0.00979749j -0.00969412+0.00228833j -0.0200426-0.00354952j -0.0164945-0.00618734j 0.0282865+0.00123596j 0.00772106-0.0215594j -0.0133544+0.00990266j 0.0214455+0.00203965j -0.0135598+0.0063275j 0.00626633-0.0151331j 0.00555409-0.00871056j -0.0118889-0.000413556j 0.0206205+0.00750876j 0.00684167-0.00699846j -0.00801367-0.00368329j -0.0027611+0.0203612j -0.00245458-5.39914e-05j -0.0073493-0.000192528j -0.00401525+0.0081966j -0.00125571+0.000792729j -0.00482711+0.0141462j 0.0126915-0.0110188j -0.00772489-0.0128196j 0.00452093-0.00234899j -0.00420677+0.0100159j 0.00667491-0.00232815j -0.0145275+0.0156102j -0.00105311-0.0102295j 0.00076436+0.0197312j 0.0181865-0.00700655j 0.00125521-0.00361953j -0.0110803-0.0112273j 0.0189374+0.00106045j -0.00256845-0.00283846j 0.000565922-0.00695171j -0.00168021-0.000188563j 0.0122553-0.015029j -0.00662503-0.00917314j 0.00499513-0.00238673j 0.000338652+0.00144414j 0.000685349-0.00041791j -0.00724687+0.00139407j 0.0004866+0.00141979j 0.00537056-0.00596682j 0.00495899-0.0165799j 0.00297854+0.00907052j 0.00854653+0.00791367j -0.00695192+0.00638428j 0.0015334+0.00163987j -0.000694783-0.00806695j 0.0113709+0.0021471j 0.00596394-0.00585055j -0.00299152-0.0089808j -0.000977653-0.00723817j -0.00410551+0.00209757j 0.0019099-0.00465354j 0.00374931-0.00759293j -0.00325243-0.00157119j -0.00447566+0.00022829j 0.00382959+0.00910448j 0.0139517-0.00439671j 0.0153575+0.00942028j 0.00552532-0.00600059j 0.00249237+0.00888031j -0.00579757+0.0123165j 0.00159037-0.0108966j -0.0017456+0.00345001j -0.00646506-0.00471857j 0.0158868-0.0241523j -0.00382441+0.00167832j 0.00620605+0.0123434j -0.0060459-0.0243277j -0.0198344-0.0014335j -0.00413901-0.000395801j -0.00455092+0.00139612j -0.00566426-0.00256434j 0.00959627+0.00470298j 0.00526676+0.000654584j 0.0030528+0.00159611j 0.00111722-0.00729039j -0.00472497-0.0139585j -0.005328-0.00105426j -0.00391049-0.00680107j -0.00403114-0.0135564j -0.00904522-0.00718684j 0.00843659+0.00562022j 0.00208224+0.00440144j -0.0112574-0.00296853j -0.00302516-0.00276554j -0.00272481+0.0115476j 0.00832122-0.0105957j 0.00253617+0.0015283j -0.00234239-0.0031698j -0.00302371-0.00330749j -0.0143248+0.00523892j -0.00175256+0.00384396j -0.0029572+0.00214724j 0.00808067+0.00941714j -0.00594997-0.010487j -0.00136713-0.0122303j -0.0129405+0.0151422j 0.0148954-0.000877654j 0.00426188-0.00219468j 0.00329118+0.00315735j -0.00727338-0.00187385j 0.00530875+0.0128236j -0.00215986-0.00213755j -0.0043986-0.00749823j -0.00740699-0.00504073j 0.00218866+0.00329922j -0.00402838-0.00448036j 0.00617681+0.00956765j -0.00416926-0.014277j 0.00319158+0.00207719j 0.00185611-0.0027109j -0.00805751-0.00410305j -0.0109859+0.00137491j -0.00892518-0.0104502j 0.0049687+0.00342276j -0.0159603-0.00671292j -0.0057005-0.00286161j -0.00811037+0.00622115j -0.00900252+0.00394782j -0.00481343-0.00115769j 0.0101034+0.0147485j -0.0014056+0.00551682j 0.00142878-0.00369216j -0.00553907-0.000525712j -0.00479246-0.00716774j -0.00538049-0.00326124j -0.00998343+0.00666995j -0.00193733+0.0110179j -0.00041545+0.00348775j 0.00832559+0.0124608j -0.00614078+0.00385249j -0.00650146+0.00457452j 0.0022957-0.00766363j 0.00923034+0.0166548j -0.00859552+0.012631j -0.000976504-0.00940373j -0.00203024+0.00145058j -0.00917897+0.00788642j 0.00877858+0.000833784j -0.00579254+0.00264192j -0.00928432-0.0105329j -0.0105602+0.00467163j 0.00131776+0.00244911j -0.00385298-0.00512113j -0.0123958+0.0181959j 0.00801058-0.000973775j 0.00193329+0.00485695j 0.0072847+0.00365905j 0.00355963-0.000386851j -0.00554219-0.00484665j 0.00043516-0.000630381j 0.00688788-0.00308377j -0.000171464-0.012123j -0.0089746+0.000421743j -0.0145088-0.00541575j 0.00248895+0.00442745j 0.00890963+0.00780346j 0.0107252-0.00162622j 0.00988913-0.000323744j 0.0185041-0.00891117j 0.00527355-0.0146972j -0.0132157-0.0083732j 0.00058643-0.0112884j -0.00449604+0.0105632j 0.0119635-0.00701036j 0.00467097+0.0014813j 0.000304928+0.0101694j -0.00370489-0.00230722j -0.00222204+0.00603598j 0.00863039-0.00465672j 0.0156132+0.00137963j -0.0166379-0.0135193j 0.00437806-0.0080706j -0.00072116+0.000777822j 0.00925537+0.00856423j -0.00335544+0.0093086j -0.00810412+0.00911232j -0.0114856-0.00153966j -0.00682785+0.0111734j -0.00869155+0.00696733j 0.0160569+0.000287473j -0.000156894-0.000387124j -0.0101402+0.00248569j 3.28967e-05+0.0193518j -0.00398332-0.00422892j -0.0128547+0.00935375j 0.000277743+0.0144463j -0.0198651+0.00632908j -0.000531006-0.000303892j -0.00732543+0.00701363j 
0.0155861-0.00306369j -0.00945304+0.00311562j 0.0127855+0.0101921j -0.00627643+0.0108746j 0.0258382-0.0066068j -0.00895478+0.0297203j -0.0221619-0.0433153j 0.0147519-0.0348718j -0.0128869+6.39728e-05j 0.00744178+0.00224755j 0.0160895-0.000157995j 0.00452493+0.0116415j 0.00435631+0.00282318j -0.0457347-0.0134625j 0.0110049-0.00848437j -0.00924861+0.0037055j 0.00456197+0.00299738j -0.00233331+0.00163252j 0.0107666+0.00371037j -0.00110377+0.0170208j -0.00186454+0.0087222j -0.00749691-0.00085491j 0.00832591-0.00188896j 0.00113439+0.0117562j 0.00540925-0.0108514j -0.0134714+0.00665034j -0.00866696-0.00333007j -0.000921843-0.0192828j -0.0111304-0.0057971j -0.00467823-0.000372906j -0.0250756-0.00122758j 0.00300785-0.00592078j -0.00295405-0.00261494j 0.0214127-0.000656439j -0.0328698-0.00249074j 0.00998665-0.0101026j 0.00238168+0.00304339j 0.00379067-0.00603061j 0.00231162-0.00241989j 0.00335375+0.00159388j 0.00284092-0.010271j 0.00867925+0.000842605j 0.00211301-0.0119721j 0.0157419+0.0110276j 0.0057271-0.00660375j 0.00554235-0.00324361j 0.00350795+0.00352322j 0.018839+0.0119206j -0.00763224+0.0157514j 0.0145858-0.0161718j -0.0140915+0.00782587j -0.00395852+0.00366742j -0.00298884-0.00288837j -0.00354122+0.0126347j 0.000532877+0.0121982j -0.00103837-0.00220845j -0.0126066-0.0133298j -0.00802275-0.0028389j 0.00660476+0.0016557j 0.00789821-0.00227774j -0.0218444+0.00637217j -0.00702066+0.003797j -0.00903521-0.0105408j 0.0137093-0.00302828j -0.0244033+0.0121481j 0.00285927-0.0134753j -0.00946865+0.00155836j 0.00733157+0.00596086j 0.00828357+0.00370967j 0.00707838+0.0038903j 0.00851937-0.0047315j 0.0031501+0.0122919j 0.00350794-0.00549559j -0.00295291-0.0107326j 0.00994774+0.0162224j 0.00172658-0.00526666j -0.0108808+0.010739j -0.00943713-0.0168835j 0.00600544+0.00456423j -0.00136091+0.00910468j -0.00531284-0.00502319j 0.00309033+0.0107519j -0.00184899-0.00329134j 0.00401523+0.00313097j 0.00847928-0.00285196j -0.0053783+0.0143962j -0.0147633-0.0170655j 0.00854856+0.0141078j 0.0190015-0.00800587j 0.00754852+0.0154194j 0.00261043-0.000116608j 0.000577844-0.0161853j -0.00432018+0.0181918j -0.000645787-0.00747336j 0.00775229+4.66661e-05j -0.00421734+0.00769643j 0.000712835+0.00262069j 0.00428673+0.00181765j 0.000722667+0.000158488j 0.00404589+0.00453668j 0.00738699+0.00134477j 0.025729+0.00260272j -0.00584721-0.0138236j 0.0133546-0.00504189j 0.00887542+0.0105082j 0.0100203+0.0206048j -0.00309112+0.0121403j -0.00682311-0.0151813j 0.0123998+0.0134578j -0.00241776-0.00629801j 0.00907904+0.00902733j -0.00765226+0.000677423j 0.00412931+0.000730968j -0.00321851-0.00202902j 0.00337497-0.00450848j 0.00717877+0.00113908j 9.10448e-05-0.00758623j -0.00855076+0.0043841j 0.00458016+0.0065005j -0.00874308-0.0137245j 0.00790639+0.0104678j -0.00904442-0.00645405j -0.00749465-0.0107278j 0.00160293+0.00849654j 0.0242399-0.0130295j 0.000491719-0.00511497j -0.00311841+0.0148417j 0.0147456+0.00317036j -0.0102326+0.00575403j 0.00521828+0.00538271j -0.00714196+0.0034134j -0.00134628-0.00214023j -0.00634821-0.00887006j 0.0140148-0.0136868j -0.00150562-0.000995266j 0.0265682+0.0127513j 0.0113809-0.0109523j 0.0199813-0.00170712j -0.0010905-0.00064214j -0.00145303+0.00360796j -0.00497388-0.00694084j 0.00230223-0.0112476j -0.00765879+0.000243725j -0.0101604+0.00794418j 0.00510321-0.00137333j -0.00558099-0.0163057j -0.00541502+0.00967392j -0.0031757+0.00674301j -0.00702097+0.000175457j -0.00315831+0.00154733j 0.00261599+0.00976841j 0.00265855-0.00583304j -0.00945766+0.0092848j -0.010748+0.000246673j 0.0028608-0.0236622j 0.00497081+0.0063194j 0.000729544-0.0148297j 0.00921507-0.00574775j 0.000662896-0.00785342j 0.0122741-0.00449872j 0.00269747+0.00475006j 0.00463668+0.000791798j -0.000680028+0.00152023j 0.00132583-0.01301j 0.00393412-0.012459j 0.00605238+0.00406755j 0.00134136-0.011936j -0.00931396-0.00264696j 0.00462155-0.00665547j 0.00400338+0.00258409j -0.0135699-0.00508183j -0.00958902-0.00211018j 0.00132734-0.00904487j 0.00745052-0.00319233j 0.0124149+0.0027206j -0.00893073+0.00359792j -0.00756143+0.000750387j -0.00250757-0.029174j -0.015827+0.00419647j 0.0115876-0.00211456j 0.0018628-0.00816159j 0.00789409+0.00846122j 0.00610087+0.00874653j 0.0025462+0.00102347j -0.00684449-0.00462124j -0.00119098-0.0162269j -0.00707659-0.00349108j -0.014158+0.00547417j -0.0104494+0.00389143j -0.00505104-0.00642416j -0.00251268-0.00912018j 0.0110695-0.00533983j -0.00221052+0.00706931j -0.0126082-0.00556438j 0.0142511-0.00225601j -0.00434202-0.00186276j 0.00574805+0.0111584j 0.000646419+0.0160661j -0.00066469-0.0153233j 0.00312336-0.0109405j 0.00668669-0.0201637j -0.0029565-0.00516385j -0.0121506+0.0230827j 0.0197667+0.00113524j 0.00897544-0.0184716j -0.0221267-0.00588845j 0.0221014+0.00858995j 0.000802969+0.0274167j 0.0219154+0.0141132j -0.0141647+0.0271809j 
0.0227646-0.0086532j -0.00813966+0.00490336j 0.0035604+0.0101986j -0.0117347-0.00546231j -0.00339996+0.00101354j -0.000543848-0.00413985j -0.0125133-0.0103168j 0.0221341-0.00848618j -0.0212042-0.00171499j 0.0178376-0.010183j -0.0361588-0.0189577j -0.0226044+0.0155257j 0.0141602+0.0185487j -0.0226518+0.0154142j -0.0151221-0.00971609j 0.00605082+0.000938367j -0.0051214+0.000302929j -0.00903508+0.0118723j -0.000773551-0.00572925j 0.0211574-0.0024641j 0.00814525+0.0256147j 0.0124988-0.000802574j -0.00956932-0.0183276j 0.00560956-0.0103934j -0.00866354+0.0235894j -0.00449914-0.00634665j 0.00365487+0.00651245j 0.00687549-0.0178631j -0.00456165-0.00420965j -0.00158434-0.00141958j -0.00671215-0.00316272j -0.00594313-0.00382645j 0.00324913-0.00510079j 0.0112791-0.0127403j 0.0069396+0.00598674j -0.00218947+0.00285372j -0.0116659+0.000442732j -0.00961605-0.000248496j 0.016279+0.00188497j -0.00430069+0.00663105j 0.00855434-0.00590376j -0.0109574+0.0159472j 0.00999119+0.00566723j -0.00171033+0.00351692j -0.00163213+0.00162476j -0.00135585-0.00673598j 0.00803682-0.0107458j 0.00859911+0.00174432j -0.00149239+0.00251954j 0.026804-0.00541827j 0.00459682+0.00505503j 0.0116353+0.0110668j 0.00980936-0.0129177j -0.0103905-0.0105807j -0.0094792+0.013065j 0.00929687-0.00240754j 0.0180366+0.00487477j 0.0163524+0.0198274j -0.00566752-0.00182078j 0.0048502+0.0123501j -0.00141706+0.0144728j 0.00908633-0.00311995j -0.0110959-0.00333293j -0.00655591+0.00739723j 0.00586226-0.00163722j 0.00881639-0.00746581j 0.00606231+0.0119874j -0.00245823+0.000770985j 0.00345528-0.00013439j -0.00822686+0.00192316j -0.0021872-0.0238561j 0.00111555-0.0099642j 0.00180154+0.0254179j -0.000658995+0.00719264j 0.0147182-0.00318598j -0.0189715-0.00564796j -0.0113765-0.00583652j 0.0147666-0.0113776j -0.0171289+0.00563715j 0.0184476+0.00503551j 0.00562006+0.007411j -0.00818369-0.0219571j 0.0183468-0.00991116j -0.00716504+0.0164632j 0.00226303+0.00244592j -0.00497403+0.0197898j 0.0166209-0.0128934j -0.0063372-0.00122486j 0.00137079+0.0141208j 0.00923026-0.0129331j 0.00577227+0.00900401j -0.00246559-0.016146j -0.00465171+0.00466242j 0.000487669+0.0108606j 0.00276758-0.00808793j -0.00169614-0.00223076j -0.00459322-0.000147335j 0.00317968+0.00640851j -0.00159037+0.00792038j 0.00271147-0.00467649j -0.00435542-0.0130848j -0.00948953+0.00461278j -0.00677027-0.000882125j 0.0115385-0.005852j 0.00620796+0.00507229j -0.00378156-0.0111323j -0.00816289+0.00502988j -0.00834065+0.00374917j 0.00158637-0.00215985j -0.00478216-0.000110881j -0.00330844+0.000295534j 0.00374861-0.0010526j -0.0151661-0.0155698j 0.0014736+0.00839692j 0.00388669-0.00222348j 0.0116336-0.000927818j -0.0212164+0.0150479j 0.00987913+0.000911016j -0.00174505-0.0070656j 0.000142323+0.0113147j 0.0110491+0.00994248j 0.00180202+0.00869788j 0.00530221-0.0139333j -0.0111754+0.00920094j 0.00364128-0.00793702j 0.00803623+0.00193796j 0.0048253+0.0119869j 0.00209081+0.0200087j 0.00858931-0.00497635j 0.00601841+0.00497233j 0.00432512+0.00509957j 0.00769385-0.0048044j 0.00340071-0.00147783j 0.0028436-0.00795803j 0.00263211-0.00118556j 0.0108173-0.0139039j 0.00723966-0.00599794j -0.0028518-0.000874093j -0.00119835-0.00501958j 0.00160488-0.00574243j 0.00221574-0.00624809j 0.00757902-0.00735477j -0.00577783-0.00193078j -0.00274373+0.00969386j -0.00105327-0.00276183j -0.00563693-0.000612063j -0.00236781+0.00190943j 0.000579834+0.00453445j -0.00414195+0.00646516j -0.00732178-0.00345203j -0.00594107+0.0164417j -0.00817099+0.00125196j 0.00224527+0.0044312j 0.00180784+0.00270618j -0.00350433+0.00190649j 0.00326084+0.0169156j 0.00414699-0.00403239j 0.00309586-0.00537798j 0.000322286-0.00290425j 0.00173231+0.0113068j 0.00604357+0.010525j -0.00624209+0.00182006j 0.00303726+0.00385885j -0.0017001-0.00364393j 0.000971221-0.00557622j -0.00124859+9.2577e-05j 0.000508915+0.00136j 0.00276749-0.00775415j -0.00210473-0.000139887j -0.0109183-0.0243264j -0.0005374+0.00288921j -0.00996024-0.0124626j 0.00611606-0.00768823j 0.000869103+0.00390542j 0.0045519+0.011224j -0.0159779-0.00132939j 0.00180125-0.00113268j 0.00650149-0.00988699j -0.00627091+0.00796875j 0.0139063-0.00448268j 0.00149086-0.0173738j 0.00813222+0.00144504j 0.00515194+0.00119014j -0.000480901-0.00163254j -0.00445111-0.00464228j 0.0058984-0.0077364j -0.00153842+0.00286331j -0.0153052+0.0056596j 0.00454435+0.00969755j -0.00894433+0.00890167j 0.0107825+0.00125586j 0.00969641-0.000966823j 0.00770259+0.00959029j -0.010165-0.00881722j 0.00255972+0.00422183j -0.0138569+0.0101141j -0.00465116+0.0051492j 0.00880899+0.0146404j -0.0158204-0.0059928j 0.0105232-0.000217828j 0.00572754+0.00390883j 0.0109786+0.00569513j -0.0314738+0.0108124j 0.00561423+0.013883j 0.0036098-0.00996742j -0.0304239-0.00145672j 0.0194615+0.00917649j -0.00400117+0.0251581j 0.0269953+0.0134018j -0.0226308+0.032643j 
-0.00723183+0.0263427j -0.0200935+0.00106161j -0.00686362-0.00292137j -0.00816666-0.0206467j 0.00309009-0.0114199j 0.0154126+0.00290338j -0.00807445+0.0231966j -0.0478316+0.000140749j 0.0289838-0.00550284j -0.00227451+0.00795354j -0.0137748+0.00395452j -0.0107074+0.00956877j -0.0202772-0.00194019j -0.00709046-0.000442884j -0.000749656-0.0069923j 0.00812074+0.0235504j 0.0232616-0.00955666j -0.0151811+0.0028224j -0.00790212+0.006176j 0.00767658+0.00532768j 0.0281749-0.0183199j -0.0110474+0.0022311j 0.00171785-0.00457818j 0.00248507-0.0153521j 0.00870671-0.00562821j 0.00532136-0.0123595j 0.00980099-0.00448384j 0.0117857-0.00525149j -0.00254349-0.00187821j -0.00444994+0.00379112j 0.00516811-0.00316307j -0.00158077+0.000771311j -0.00917497-0.00223738j 0.0240105+0.0231416j -0.00369102-0.00142056j -0.00870324+0.0223441j -0.00260804-0.0105186j 0.00771377-0.0108217j -0.00149872+0.00671128j -0.01562-0.00322303j -0.0136705+0.00446241j -0.00447318-0.00412865j -0.0179739+0.0243792j -0.0140587-0.0085094j 0.00455571-0.00407025j 0.00510177+0.014496j -0.00252487-0.0157991j -0.0178124-0.00294427j 0.00231878-0.0105852j -0.00387414+0.00174877j 1.26789e-05-0.00664365j 0.000880279+0.00904899j 0.00351354-0.000715687j -0.00396621-0.00334757j 0.00482811+0.0140893j -0.015447-0.00416518j 0.0198029+0.0124468j -0.0062983-0.00427151j -0.014241-0.00116032j -0.00865346-0.0112058j 0.0171136+0.00763028j -0.0108499+0.0136759j -0.00374393-0.007304j -0.00569051-0.00738878j 0.000528715-0.00565847j -0.00293159+0.00662428j -0.00275383+0.0104779j 0.00154361-0.00724376j -0.00204917-0.0084209j 0.0139766-0.00579603j -0.000819386+0.00202946j -0.0117647+0.0101433j 0.00322172+0.00789157j 0.0188644-0.00123826j -0.0053573+0.00490402j 0.000996617+0.00405395j 0.00849114+0.00191029j 0.0041787-0.000681999j -0.000513957+0.0100102j -0.000236035-0.0159953j 0.00727717-0.0137879j 0.000523311+0.00331779j -0.00846719+0.000222398j 0.0029718-0.00642351j 0.007968-0.0130593j 0.014506-0.0209336j 0.00688663+0.00382513j -0.00884222-0.00394376j -0.0091499+0.00905604j 0.000838731-0.00314547j -0.00450665-7.31455e-05j 0.00574556-0.0135163j -0.0101779-0.00659961j 0.00323005-0.0026652j 0.00769392-0.00314099j -0.0083334-0.0111047j 0.00845265+0.0114952j 0.00459767-0.00853479j 0.000684295-0.00702912j -0.00401349+0.00344569j 0.00106378-0.00240302j 0.00568519+0.00530939j 0.00228198+0.0148135j -0.0247617+0.0139137j -0.0109551-0.0136098j -0.00120867+0.00179269j -0.0147922-0.00888538j 0.00478113+0.0137005j 0.000442019+0.00433343j 0.0150259+0.000172803j 0.00503417-0.00965255j 0.0142585+0.00801827j 0.015417-0.0220353j 0.00805385-0.00942794j 0.00509246-0.00556821j -0.00527299+5.91699e-05j -0.00779697-0.0168535j 0.0104194+0.00533313j -0.00587436-0.00995213j -0.0186326-0.00611315j -0.0125886+0.003071j -0.000500295-0.00174035j -0.00600307-0.00135556j 0.0012704-0.0156054j -0.0257386+0.00686853j 0.0173653+0.0163872j 0.00502391+0.00278384j -0.00588862+0.00470783j -0.0023935-0.00885868j 0.00168099+0.0234937j 0.00309555+0.0167728j 0.00629662+0.0111385j 0.00631384-0.000950399j -0.00326576+0.0114661j 0.00152236+0.00155198j -0.00715547-0.00732281j -0.00823153-0.00831817j -0.0109101+0.00561049j 0.00653386-0.00102427j 0.006683+0.00465829j 0.00592058+0.0111301j 6.60411e-05+0.00409357j 0.00580266-0.00316066j 0.0119861-0.00167576j -0.011621+0.00370701j -0.000167935+0.0168391j 0.00653268-0.00926592j -0.00384832-0.00450645j 0.00654313-0.000843783j 0.00448987-0.00641614j 0.00159525+0.00925416j -0.00808507+0.000738018j 0.00248362-0.00294191j 0.00508897-0.00109119j -0.00892318+0.0170822j 0.00505626+0.0140801j 0.0047426+0.00641116j 0.00429823+0.00477404j -0.00782426+0.0113781j -0.000625806+0.00607757j -0.00640458+0.00337571j 8.80007e-05-0.00392308j -0.00980875+0.00548826j -0.0107041+0.00268182j -0.0100948+0.0110714j 0.00460244+0.000442091j -0.0170746+0.00623933j -0.000729655-0.000150326j -0.00471639+0.00102037j -0.0076005-0.00274338j 0.00508723+0.011209j 0.00269534-0.00255313j 0.00206183+0.00610319j 0.00271689-0.00411053j -0.0123699-0.00480093j 0.00444791+0.000897956j -0.00342004+0.00222092j 0.00246587+0.0154981j 0.00526955-0.00700361j -0.00435768+0.0101601j 0.00743155+0.000668723j -0.00985207-0.00914741j -0.00765332-0.018712j -0.0168493+0.00830446j 0.000790138-0.00703895j 0.0120969+0.00690155j 0.00612163+0.00492943j 0.00428179-0.00720734j 0.00332467-0.00265094j -0.00361924-0.00739905j 0.0114084+0.00797916j -0.0184969+0.00104908j -0.00353088+0.000646026j 0.0190779+0.00168322j -0.00567717+0.0162178j 0.00846516+0.00852056j -0.0106601-0.00129297j -0.0171276-0.00962393j -0.0132395+0.0130721j -0.00864674+0.0182685j -0.0125595-0.0106055j -0.0112846+0.0164845j 0.0120055-0.0263048j -0.00992756+0.00407971j -0.0232253-0.000435751j 0.00309597+0.0176783j 0.00526982+0.00469468j -0.00607902+0.00809184j -0.00911309+0.00374892j -0.00184896-0.0112335j 
0.0109061+0.0131026j 0.00206172+0.0151075j -0.0297064+0.0345243j -0.0275739+0.00881402j 0.0178632+0.00969283j -0.00170395-0.00431373j -0.0249547-0.0185354j 0.00372973+0.030618j 0.00572547-0.0130027j 0.00581876-0.00248156j 0.0341289-0.00594784j 0.0371497-0.0122719j -0.0110233-0.0120602j 0.0198059+0.0182133j -0.000159044+0.00143089j -0.000625853-0.000849335j 0.00387561+0.00913946j 0.00202608-0.0172272j 0.025267-0.00160337j 0.015241+0.0161868j 0.0170841-0.0128278j -0.0142573+0.000934005j -0.00948454+0.00535138j -0.0155447+0.0243856j -0.0199052+0.0290017j -0.0087139-0.00300689j 0.0192592-0.00371534j -0.0118049+0.0220811j -0.0192631+0.0185182j -0.00053372-0.00390074j -0.0012294+0.0111947j 0.00521564+0.0146933j -0.00604015-0.008843j 0.00700344-0.0221384j -0.00517526-0.00242374j -0.0208986+0.000292107j 0.00282828-0.0030613j 0.00502669+0.0171292j -0.0172274+0.00674589j 0.00213342-0.00192205j -0.00590148+0.0133772j 0.00890438-0.00669271j -0.00646617+0.00428146j -0.0141281-0.0182729j -0.000531317+0.013727j -0.0146602+0.00799537j -0.00372077+0.0142785j 0.0113514-0.0233447j -0.00464415+0.01454j -0.0234638+0.0128388j -0.0125599-0.00441142j -0.00998379-0.00186848j -0.00325563+0.0189791j -0.00432789+0.0100619j -0.00245762-0.00439884j 0.00559577+0.00566637j -0.0255854-0.0105826j -0.0134273-0.00548905j 0.0057021+0.0220042j -0.000657668+0.0048548j 0.00838195-0.0167888j 0.00279015-0.0103839j 0.00329222+0.0057479j -0.00596347-0.000983766j 0.00244021+0.00689308j 0.00997535-0.00410426j -0.0107017+0.00580696j 0.00225505-0.00122028j 0.00164734+0.00428364j 0.00256022-0.00655766j -0.000914337+0.00208532j 0.00300586-0.0100488j -0.00642087-0.0111268j 0.0100332+0.0063152j -0.0047528+0.0174882j 0.0259856+0.00204138j -0.0141433+0.00828594j -0.00752523+0.0116819j 0.0115715-0.013626j -0.00826513+0.0033541j 0.00148038+0.00517811j 0.00390424+0.00318628j -0.014917+0.0129878j -0.00757332-0.00818524j 0.00370775-0.0117695j -0.0106157-0.0101387j -0.0141602+0.0275079j 0.00195639-0.00531129j 0.00558281-0.00660312j -0.0113702+0.0012213j 0.00372353+0.00111609j 0.00716138+0.0150995j 0.00403039+0.00855599j -0.00317811+0.019598j 0.00870167+0.0160098j -0.000331852-0.0171201j -0.00714883-0.00340285j -0.00873172+0.00522356j 0.00473068-0.0176475j -0.0118752-0.0112032j -0.0101985+0.00379981j 0.000643776+0.00152021j 0.0105341-0.0148204j -0.0123801-0.0126137j -0.0191175-0.00836106j -0.0135512-0.00580941j 0.00195631+0.000240882j 0.0082608+0.00333642j -0.0017343-0.00291583j 0.00417946-0.00467944j -0.0012965-0.00728131j 0.000637626-0.00139846j 0.00330553+0.00349198j 0.00915943+0.00583757j 0.0130854-0.0068276j 0.0113115-0.00556614j -0.00854976-0.0235218j -0.0168346-0.00129191j -0.0179652-0.00745609j -0.0019832+0.00168309j -0.00940147-0.0207601j -0.00980564-0.00310806j 0.0113986+0.00687045j 0.000808883-0.00386669j 0.0015466+0.00675007j -0.0159352+0.00881057j 0.00271613-0.0087709j -0.0132058+0.00858458j 0.00600283-0.0117079j -0.00382365-0.00379749j -0.00644958-0.00914073j 0.000350076+0.00506796j 0.0186169+0.000736772j -0.004995+0.0099101j 0.0152833-0.00148485j -0.00698058-0.00921286j 0.00330323+0.00568938j -0.0190619-0.000547856j 0.00380021-0.0154161j -0.000919059+0.00269831j -0.00627887+0.00113434j 0.00172193+0.00387286j 0.00258601-0.00340001j -0.00961193-0.00258022j -0.000169525+0.00557366j 0.00248681-0.00553744j -0.0090049-0.0167206j -0.00424744+0.00516843j -0.00699907+0.0109919j -0.00811064-0.00701936j -0.00260303-0.00731409j -0.00477785-0.000889094j 0.00213595-0.0149589j -0.00320461-0.00460444j 0.00385175-0.0104543j -0.00240503-0.00998498j 0.00945502-0.000347127j 0.00291404-0.00715303j -0.00687139-0.00185519j -0.0125886+0.00536211j -0.000178755-0.00081656j -0.00549257-0.0126099j 0.00293707-0.00276356j 0.0104724+0.00597446j 0.0104172+0.00750777j -0.00294562-0.00396665j 0.00269823+0.0069189j -0.00627519+0.00729906j -0.00340498+0.00625285j 0.00295055+0.0118131j -0.00141471+0.00194793j -0.00510774+0.0178282j -0.0175547+0.00679748j -0.0100274+0.000413804j 0.0137492+0.00982023j 0.00777868-0.00144236j 0.00831694+0.00858576j 0.0101874-0.000962j -0.0185906+0.00421669j 0.000770974+0.000335345j 0.000693991-0.00394477j 0.00580443+0.0138563j -0.00946248-0.0068742j 0.01721-0.00990746j -0.000114901+0.0167979j -0.00643894+0.0011434j -0.0021643+0.00216267j -0.00122773+0.0189729j -0.0016972+0.0067305j 0.00499523+0.013966j -0.0124226-0.0248229j 0.00330523-0.00528164j 0.00886485-0.0106668j 0.00313612-0.00749576j -0.00703599-0.00199259j 0.0118357-0.00873304j 0.0146106-0.0148382j 0.00331104-0.00499578j 0.0199694+0.0122897j 0.0111879-0.0298124j 0.00184486+0.00579793j 0.00375679-0.0208321j 0.0266246+0.00236601j 0.00237069-0.0284488j 0.00902318-0.00165698j 0.00922062+0.00784785j 0.0230716-0.00913154j 0.0170373+0.0107255j -0.0154237+0.0144617j -0.00717776-0.0103671j 
0.00801979-0.00898288j 0.0237526+0.0281083j -0.00108701-0.0331015j 0.00615383+0.0244386j -0.00580891+0.0362638j 0.00907073-0.0154834j 0.0291146-0.0130067j 0.0143056+0.00582567j -0.0104029+0.00792137j 0.00748592-0.0429135j -0.00692553-0.0327798j -0.0411406+0.051327j -0.00415853-0.0137259j 0.00205123-0.0211221j 0.000711673-0.0090467j 0.0208823+0.00167717j 0.0101564+0.0183168j 0.00201795+0.0190876j 0.00125171+0.00833857j 0.0141235-0.000860975j -0.00127565-0.00664472j -0.0134843-0.0300851j 0.0151552-0.0131484j 0.0078394-0.0155431j 0.00312093-0.00815846j 0.00604904-0.00484421j -0.00455544-0.0388204j -0.0126163-0.00764268j 0.00459823-0.0115693j 0.00117582-0.0138391j -0.00646314+0.0141684j -0.00259541-0.00946926j -0.0102984-0.00605899j -0.0046637-0.0209367j 0.0153042+0.00141439j -0.0050759+0.00474424j -0.00641975+0.0274874j 0.0105139-0.0151637j -0.00608604+0.00552342j -0.00228657-0.00656451j -0.00993948-0.0185386j -0.00938593+0.0053713j -0.00538764-0.0134199j -0.00306857-0.0190128j -0.000152806+0.0100511j -0.0100917+0.0126373j 0.00460996+0.00717542j -0.000610338-0.00835447j 0.0106032-0.00871217j -0.0094785-0.0146445j 0.00520532+2.87445e-05j -0.00559566+0.000676744j -0.00376418-0.00996816j 0.0042567-0.0068553j -0.00274885+0.0176308j -9.09017e-05-0.00576935j 0.00288041+0.0183542j -0.00222207+0.0135849j 0.0100325+0.00911944j -0.00268015-0.00639823j 0.0196818-0.02337j 0.00607931+0.00485005j 0.00316023-0.00028935j -0.0208473+0.0050222j -0.00786038+0.00147368j 0.000563967-0.0301676j -0.00960686-0.00951972j 0.00549734+0.0216255j 0.00797576+0.00974545j -0.00342551-0.00135689j 0.0056986+0.00143842j 0.00752648-0.00829315j 0.00230244+0.016542j -0.0142675+0.00232573j 0.0167439-0.0106862j -0.00404032-0.0116592j -0.00514643+0.0032534j -0.00193945-0.00239028j -0.00573978+0.00567983j 0.00485232+0.00157273j 0.00373874+0.00125324j 0.0107039-0.00399997j -0.00841161+0.00518904j -0.0196165+0.0108951j -0.000630823+0.0126198j 0.000424326+0.000660416j -0.00371368+0.00609367j 0.00871735-0.0163154j -0.0156321-0.00120364j -0.0142068-0.00845381j -0.00307288+0.00532304j 0.00183242+0.00622132j -0.0181927-0.0114299j 0.0118059+0.000142503j 0.00275262-0.00403159j 0.00350444+0.00934207j 0.00881577-0.00860064j 0.00726332+0.00546901j -0.0166849+0.00342594j -0.00316678+0.00274084j -0.000829907-0.000407232j -0.00303421-0.0133604j 0.00487553+0.0174249j 0.0125765+0.00474928j -0.00062123+0.0114102j 0.00167062-0.00577193j 0.00815778-0.0117426j -0.00570239-9.1619e-05j -0.00853727-0.00630145j -0.00900257+0.0178369j -0.00475454-0.0202227j 0.00197792-0.0115417j -0.000342805+0.0116736j -0.0146238-0.0169401j 0.00968705-0.0116249j -0.0107868+0.0203866j 0.0038891+0.0148365j -0.00293881+0.0100167j 0.0109552-0.00760227j -0.00336058+0.0215034j 0.00839306-0.00609114j -0.00220224+0.0231485j 0.0105906+0.000740846j 0.0141585-0.00590332j -0.00508463+0.00613125j 0.00072536-0.00165602j -0.0103993+0.0119594j 0.00980323+0.00129126j -0.000984367-0.0135144j 0.00448002+0.000340426j 0.0161015+0.0117365j -0.0129434-0.012718j -0.0113768+0.005711j -0.0130863+0.00284306j -0.0139778+0.00408884j -0.00916817+0.0108836j -0.00458749+0.00572049j 0.0101917-0.00416696j 0.0154685+0.0272271j -0.00708653-0.00544561j 0.00327011+0.00069565j 0.0232322-0.00161587j -0.00120941-0.00565945j -0.0170869+0.0121463j 0.0113188-0.00594533j 0.000745691-0.0103838j -0.00357703+0.00585618j 0.00699333+0.00681322j 0.00537788+0.00483102j -0.00507506+8.10444e-05j 0.00880697+0.0252076j 0.00598605+0.0196513j 0.00554146+0.00845329j -7.6928e-05+0.0161212j 0.000211696+0.0115492j 0.00945701-0.00305149j -0.00550075+0.00358673j 0.000844773-0.0073142j 0.00104097+0.00292795j 0.0186463+0.0087634j -0.0153855-5.29917e-06j -0.00563465-0.00227976j -0.00709085-0.00794976j -0.00236476-0.000659603j -0.00517919-0.00265551j 0.00453463-0.0131561j 0.0142586+0.00822288j -0.0145421+0.00468769j 0.00475687+0.00681487j -0.0183405-0.0108981j -0.0114291+0.0136903j 0.00547172+0.0069081j 0.00834909+0.00977697j 0.0114786-0.00425504j -0.0096402-0.00477294j -0.00985659+0.00134895j -0.0184062-0.0184075j 0.00653318+0.0103914j 0.00550747-0.00170298j -0.00276034-0.00249642j 0.00866958-0.0129376j 0.0153145-0.000736813j -0.00328208-0.00529116j -0.00863939+0.00161403j -0.0162773-0.000422121j -0.000301194+0.00351619j 0.00418545-0.00102147j -0.0123968+0.00495982j 0.00699169-0.00955771j -0.00648091+0.0081189j 0.0123979-0.00661312j -0.00621093+0.000382528j -0.00639878+0.0143841j 0.0031602-0.0020825j -0.0183657+0.000430549j -0.0180753-0.00360206j 0.0053197+0.00297593j 0.00580008-0.00953543j -0.00906779+0.00390402j 0.00064355+0.0144478j 0.000785788+0.0194659j 0.00485835-0.00337686j 0.00785211+0.00529258j -0.00160619+0.00139001j 0.00106572+0.00167654j -0.000812501+0.0084387j -0.003431+0.000757726j 0.00846593-0.00104822j -0.00946563+0.0130037j -0.0103919-0.0138646j 
0.0426044+0.0173598j -0.00720815-0.00980721j -0.0200598+0.00563936j 0.0157516-0.0232526j 0.00681262-0.00142434j 0.000906421-0.0203406j -0.0212579-0.039795j 0.00543144-0.0204451j -0.00496544+0.0183683j 0.055585-0.0133534j 0.0273472+0.0114852j -0.0164169+0.00972386j -0.0211667-0.0213964j -0.00912619+0.0371769j -0.0112426+0.0015207j -0.0459643-0.0158551j -0.0452384-0.0383026j -0.0108944-0.00397871j -0.0105508+0.000853766j 0.00520845-0.00445173j -0.0135159+0.0116615j -0.00094491+0.00764104j 0.00973956+0.0211607j -0.0169364-0.00383467j 0.0173939+0.0159328j 0.00617459-0.0036809j -0.0192683+0.0253217j -0.0126556+0.0258542j 0.000647099+0.00237221j -0.00621714+0.000722916j -0.00296063+0.00905017j -0.00195159-0.00410612j 0.01314+0.00622137j -0.00706219-0.00958709j -0.00194659-0.00934968j -0.0189973+0.000979289j -0.0100208-0.0119977j 0.00485948+0.014383j -0.0023531+0.000351268j -0.0104508-0.00336783j 0.00955423+0.00447088j 0.0303234+0.00871411j 0.00285294+0.000833024j -0.00216331+0.0315144j -0.0183707+0.00711601j -0.0313393+0.00825614j -0.000679514+0.0104505j 0.00659276-0.0133978j 0.00349945-0.00576012j -0.00601097-0.00666007j 0.00754819+0.00149343j 0.00586237-0.0110482j 0.0053032+0.003695j 0.0064027-0.00952096j -0.0123464-0.0112353j 0.011427+0.000599675j -0.00632469-0.0148924j -0.000355621+0.00200705j 0.000109274-0.0109696j -0.0156313-0.00727098j -0.00807584-0.00607252j 0.000936449-0.00687169j -0.000236906+0.00836063j -0.0171348-0.0110447j 0.00970005+0.0129905j -0.00206474+0.021745j 0.00129428-0.00458291j -0.0061289+0.000286848j -0.00472992-0.00420096j -0.00965773-0.000839069j -0.0119844-0.0160923j -0.000290466-0.0186772j -0.00789069+0.000496127j 0.00141605+0.0111019j 0.000880334-0.00388641j 0.00653335-0.00270866j -0.00451765-0.00121345j -0.0157717+0.00935639j -0.00146676-0.0120493j 0.000114744-0.00848817j -0.00204139+0.00940456j -0.0204951-0.00721834j 0.00939691-0.00306556j -0.00231015+0.00186022j -0.01764+0.0188357j -0.0151048-0.00662069j 0.00274704-0.00119642j -0.000494135+0.0217357j -0.00763524+0.00332181j 0.00272317-0.0119093j 0.0134437+0.000194412j 0.00685263-0.00463889j 0.0146434-0.00028611j -0.00209262+0.00221396j 0.0122965+0.00444742j 0.00420886+0.00584912j 0.00377771+0.000876709j -0.0164455-0.00925841j -0.00384059-4.98273e-05j -0.00711684-0.00701458j 0.00026871+0.034025j -0.0171812-0.00795904j -0.00669409-0.00305171j -0.00629979+0.00368019j -0.00185496+0.00464727j -0.00733259+0.00410609j 0.00431601+0.00661946j 0.00732751-0.0112071j -0.00634434-0.0075885j -0.00750624+0.0151184j 0.00150965-0.0116273j 0.00313154-0.0149241j 0.00758196+0.0064661j -0.000804878-0.0178439j -0.0053098-0.00207014j 0.00662147-0.00892975j -0.0174776-0.0108639j -0.00477262+0.018185j 0.0077326-0.0021292j 0.00207313+0.0225547j -0.00767214-0.0131825j 0.000236073+0.00261655j -0.00197698+0.00930235j -0.0164484+0.00621154j 0.00217933-0.0029421j 0.0119703+0.0062604j -0.0122494-0.0121744j -0.0178711-0.00655538j 0.01331-0.00356379j 0.00493586-0.00571844j -0.00291614+0.0126222j -0.00790502-0.0026917j -0.000346706+0.00403346j 0.00593585+0.00110183j 0.00107542+0.00538648j 0.00858251+0.0052505j -0.0030607-0.00188021j -0.00267165-0.00258726j -0.00899122-0.0120112j -0.00370427+0.00881167j -0.00155087-0.0115837j -0.006055+0.0053068j -0.00275299+0.0143001j 0.00186267-0.0146757j 0.00417402+0.0117451j 0.00920676+0.0152373j -0.00693724-0.0116992j 0.00424249+0.0045674j -0.00931879+0.0147939j -0.0108368-0.02244j 0.00579185-0.013857j 0.000993544-0.00143125j -0.00375552-0.00806465j -0.00918489-0.0121933j 0.00808078-0.0110745j 0.0039059-0.00712004j 0.0135148-0.00987133j 0.0195842-0.00155522j 0.00189281+0.0110278j 0.00391521+0.0050015j 0.0012839+0.00602588j 0.011553-0.0104385j -0.00182318+0.00397071j 0.00175575+0.00436761j 0.00449489-0.00905168j -0.00861988-0.00200996j -0.0148612+0.00786397j -0.00473857+0.00207459j 0.00155874+0.0111366j 0.000743083+0.017825j 0.00811683+4.73319e-05j -0.0141086+0.00602056j -0.00489716-0.00521538j -0.0112717+0.000799277j 0.0178652+0.0165488j 0.011099+0.0108118j -0.00461421+0.00269069j 0.00526774-0.0170484j -0.024242+0.00164671j -0.00768172-0.0141775j -0.0179206+0.00350537j 0.00975006-0.00529044j -0.0295775+0.00668211j 0.018037-0.0144375j 0.00305361+0.00773191j 0.0017768-0.0013271j 0.00317812-0.0137661j 0.00489888+0.0217953j 0.010715+0.00390538j 0.0153947+0.0078202j -0.0120215-0.0119442j -0.00368401+0.0113953j 0.00905649-0.0149708j -0.00208982+0.00760992j -0.0124502-0.00118754j -0.000797226+0.000511964j 0.0271432-0.0380925j 0.0158154+0.00549191j 0.0306828+0.00706639j 0.0233675-0.0258516j 0.010738-0.00945159j 0.00859632-0.0160324j 0.0144086-0.00767641j 0.00577981-0.0151721j 0.00698154+0.00693263j 0.0173162-0.00112744j -0.000165307+0.0169475j -0.0112958-0.0100979j -0.0311247-0.015863j 0.0119569-0.0305418j 
0.00426926+0.0351251j -0.00618283-0.00759391j 0.0272919+0.00190488j 0.0347847+0.0280914j -0.00596251-0.0156976j 0.0361654-0.00977043j -0.018661+0.0243884j -0.000177647-0.0236927j -0.00391646-0.000767103j 0.0118188+0.00702677j -0.0145576+0.0124315j -0.00939402+0.00869463j 0.0201115-0.0112131j 0.00787529-0.00652596j -0.0267505+0.00189094j -0.0257548+0.0158997j -0.010821-0.00221493j 0.0016991+0.00767389j 0.00132012+0.00562017j 0.00683608+0.00769239j 0.00518084-0.00651464j -0.0133539+0.00675731j 0.0206599+0.00285671j -0.013513+0.00838122j 0.0174696+0.0160739j -0.00732001-0.00534893j -0.00964618+0.0124587j -0.000475999-0.0143609j -0.00577496-0.0103584j 0.000196721+0.0120381j -0.00212059-0.00267852j -0.0042928-0.0239972j -0.00478446-0.00653454j 0.0122994+0.00503191j -0.0112439-0.0226807j 0.0239536+6.00873e-06j 4.59093e-05-0.0100807j 0.0109025+0.00598182j 0.0123426-0.00876798j 0.00440522+0.00301731j 0.00135628+0.0100873j -0.00114243-0.00726448j 0.0114226-0.0107127j 0.00321796+0.019581j -0.000639922-0.00624069j -0.0131919+0.00858441j 0.00374524+0.011468j 0.00579716+0.0122672j -0.00894209-0.00216954j 0.0119645+0.00151176j -0.00769176-0.00250396j 0.0012742+0.00301912j -0.00646321+0.00168303j -0.01434+0.00536292j -0.0104876+0.00956488j 0.00146164-0.0080655j 0.00190369-0.0192563j 0.00638489+0.010747j -0.0159754-0.010429j -0.00124097-0.0145253j -0.00717218-0.00117417j -0.00487995-0.0111212j -0.0122542-0.0146642j 0.00969707-0.00593767j -0.00374576+0.011091j 0.0118592-0.00173825j -0.014739-0.00103474j 0.00259546+0.0102336j 0.00822193+0.0160076j -0.00156101-0.000710156j -0.00279279-0.0013133j 0.0113549-0.00439126j 0.00354455+0.0144921j -0.0142554-0.00180979j 0.00411859+0.0187464j -0.00756957-0.00820137j -0.0166185-0.00169592j -0.000726624-0.028347j -0.00160685+0.00563391j 0.00293296+0.0180245j 0.0237466+0.00759717j -0.00774228+0.00491752j 0.0101652-0.0103047j -0.0125146+0.000780853j -0.0100166+0.0267564j -0.00531936-0.0114194j 0.0011958-0.012077j 0.00113246+0.0144603j -0.00750754+0.015685j 0.0220338+0.00152238j 0.00271752+0.00584176j -0.00205691-0.0182617j 0.00814603-0.00492509j -0.00110158-0.0107082j 0.0123465-0.00455783j -0.00622065+0.00266632j 0.0117202+0.0026593j -0.00686427-0.013053j 0.000143038+0.00713909j 0.0011+0.0246164j 0.0095971+0.00569178j -0.00894064+0.0127187j -0.00648585+0.000809168j 0.0237746-0.00293765j 0.0133776+0.0170112j 0.00260538-0.00520122j -0.00357979+0.00134065j -0.00438347-0.000482758j -0.00403207-0.00598843j 0.0114024+0.0151493j 0.0119327-0.00527487j -0.00119383-0.00154313j 0.00440736+0.0122361j -0.0056829+0.0072201j -0.000369227+0.00454667j -0.00667751+0.0114363j 0.00106598-0.00931262j -0.000241045-0.0126651j 0.0172212+0.0142085j -0.00738131-0.0141972j 0.00290631+0.00761527j -0.00656898-0.00308336j -0.00407705-0.000293991j 0.00550625-0.00420119j -0.00280631-0.01666j 0.00847432+0.00867761j 0.000536822-0.00953776j -0.0268041-0.0153784j 0.00127246+0.0112859j 0.00605923-0.00440722j -0.00378373+0.0154064j -0.00701885-0.0180343j 0.00491027+0.00569503j 0.0167502-0.00269984j 0.000569824+0.0106309j 0.0146725+0.00834903j 0.00425755-0.0050981j 0.0144617-0.00467049j -0.00801806+0.000264903j -0.00203207-0.0134324j 0.00782224-0.00877126j 0.00256064+0.00304143j -0.00146512+0.00873979j 0.000874384-0.00689298j -0.00707928+0.00201063j 0.00105344+0.00802404j -0.00346757-0.00527858j -0.000591991+0.000733503j -0.00296967-0.000290626j -0.00505099-0.00575163j 0.00430607+0.018185j -0.00265993-0.00529409j 0.00182814-0.00578701j 0.00811507+0.0152704j -0.0104489+0.0135913j 0.00305327-0.0040406j 0.0175649+0.00998399j 0.0154508-0.00266618j 0.0143076-0.000132758j 0.00971851-0.0106958j -0.00215781-0.000692755j 0.000808637-0.018694j -0.00450788-0.000906172j 0.00570017-0.00140964j -0.0163571+0.000957423j 0.00515001+0.00544824j 0.00107729+0.0106991j -0.00775001-0.00303256j 0.0243384+0.00270694j -0.0105535-0.0061099j 0.00915412+0.00493756j -0.00102165-0.00302685j 0.00444984-0.0164186j -0.00994365-0.00248463j 0.00619471+0.01407j -0.00155573-0.00625956j -0.0171895+0.000824606j 0.00692999-0.0182528j -0.0106912-0.0146854j 0.00435255+0.00196067j -0.0159856+0.00595971j -0.0143743+0.00786792j -0.0137109+0.0115788j 0.00131729+0.00203634j -0.0041545+0.00485661j 0.00531476-0.00128132j 0.00333012-0.0036197j -0.00573199-0.0205236j -0.0098608-0.0139083j 0.000610605+0.00503565j 0.0118513-0.000236252j -0.00312948+0.00885068j -0.00774156-0.0162925j 0.0182735+0.00219167j 0.010734+0.0170423j 0.00604491-0.00743531j 0.00905646-0.0328612j 0.00158077+0.0273831j 0.0171208-0.00556205j -0.00572951-0.0243073j 0.0116506-0.00970189j 0.00957909-0.000865454j -0.00663034-0.00900981j -0.0231168+0.00177615j -0.00979667-0.0134078j -0.0222079-0.00773006j 0.0020827+0.0042285j -0.0123276+0.00904274j 0.00724304-0.0211021j 0.0184121+0.00771649j 
0.0138838+0.0168869j -0.0129646+0.0350131j -0.0234653+0.0230523j -0.0189203+0.0194443j -0.0242449-0.00393017j 0.062319-0.0153742j -0.0351665-0.038187j 0.0215635-0.0359128j -0.00149123+0.0260138j -0.0204993-0.0193457j -0.0259362+0.0221525j 0.0123513+0.0105063j -0.00204618+0.00055833j 0.0116722-0.0285481j 0.00796445+0.00783559j -0.0226404-0.0151779j -0.00733117+0.000939589j 0.0079782-0.00889379j 0.00723428+0.0076329j 0.00836099+0.00608636j 0.00839684+0.00644489j -0.0238479+0.016029j 0.0104394+0.00384471j -0.00119332+0.00345635j -0.00186812+0.00493904j -0.0129089+0.00700747j 0.0177271-0.0101305j 0.0162515+0.0028224j -0.0188171+0.00179692j 0.00406201+0.00530781j 0.00986535-0.00794025j 0.00332371-0.0115556j -0.0194824+0.0214892j 0.0161649+0.000247597j -0.00249319-0.025983j 0.0114887-0.0150569j -0.00339841-0.0212694j 0.00304528+0.00696339j 0.0116094+0.0012279j -0.013941-0.0114238j -0.00341216+0.00080304j -0.026666-0.00117871j 0.00107273-0.000789858j 0.00350964+0.01128j -0.0170386-0.0130822j 0.00726498+0.00602083j -0.000331396-3.18763e-05j 0.00498742+0.00720586j -0.00911815-0.0001289j -0.00335943-0.000770292j -0.00744793+0.0103641j 0.0008621+0.00686444j 0.00337063+0.00225893j -0.000447383+0.00722805j -0.00916099-0.0043598j 7.52655e-05+0.00458578j -0.000976021-0.00858942j -6.48959e-05-0.000152555j -0.00958942-0.00456107j -0.00838463-0.00624704j -0.00625866+0.00208151j -0.0172377-0.015806j -0.00401619-0.0141476j -0.0169874-0.00833005j 0.00121224+0.0190298j 0.0185064-0.000987778j -0.0159929+0.0145396j 0.010963-0.012505j 0.00221807+0.00925938j 0.00279204+0.00796329j 0.00864034+0.00190476j -0.0133908-0.000594818j -0.00929563+0.0208474j 0.00909396+0.00522122j 0.0132283+0.0163704j -0.00540326-0.00980482j -0.00727586+0.00744761j -0.0130467-0.0155301j -0.0201288+0.0236902j 0.000138988-0.0132926j 0.00995895-0.0140983j -0.0229373-0.00499426j 0.0118135-0.0221557j 0.0094328+0.0226008j -0.00745188+0.00289892j 0.0112446-0.000415325j -0.00663085+0.000546839j 0.00930975+0.00397323j 0.0172079+0.00435769j 0.00853346-6.1944e-05j 0.00955663+0.00931729j 0.00189251-0.0053239j -0.0081474-0.0036137j 0.00596888+0.00471065j 0.0112028-0.00918589j 0.00161589-0.0083243j 0.0125811+0.00703219j -0.00159669+0.00138487j -0.00859534+0.00180483j -0.0124148+0.0152648j 9.87409e-05+0.00314767j 0.00021814+0.00715898j -0.0115087-0.00953176j 0.00100492+0.00460656j 0.0039135+0.0126085j -0.00494091+0.00441346j 0.0148308-0.00134866j 0.00519748-0.0182131j 0.00416221-0.0176836j 0.0131106+0.00920739j 0.0270997-0.00472117j 0.0135554+0.00379377j -0.0031127-0.012531j -0.004723-0.00303552j -0.00434055-0.00211012j 0.00443889+0.00230404j -0.00386381-0.00679855j 0.00188888+0.00341825j -0.0152633+0.00118449j -0.0111025-0.00170392j 0.00624326+0.00494188j -0.00978246+0.00464083j 0.000951496+0.000664127j -0.00436319-0.0120424j -0.00403931+0.000128814j 0.0022864-0.00371211j 0.0096652-0.00152352j -0.00873238+0.00662803j 0.00732994+0.00254665j 0.000202558+0.00186264j -0.000990704+0.00374017j 0.00468249+0.00147389j 0.000553426-0.00328073j -0.000896394-0.00291928j 0.0106239-0.000753889j 0.0158476+0.00539341j 0.016727-0.00980311j 0.00945055-0.00122191j -0.00457364-0.00139812j -0.00586573-0.00934525j -0.00578264-0.00379919j 0.00400975-0.00343311j -0.0063234+0.00773139j -0.00760105+0.00607483j 0.00340466-0.000881334j -0.00292824+0.010487j 0.00501579-0.0032891j -0.00519323+0.00733211j -0.0160973+0.00488316j -0.00174081-0.00846281j -0.00409892+0.011429j -0.0182934-0.00883108j 0.00293664-0.00304023j 0.0019438-0.000619311j 0.00250134-0.000230335j -0.00713684+0.000111097j 0.0134085-0.00648967j 0.0186103+0.00367853j -0.00151283+0.00366185j -0.00102957+0.00517063j -0.00931968+0.000933263j -0.00146486-0.0111707j -0.000387493+0.0022383j 0.000473028-0.00266119j 0.00278823+0.000858082j 0.00169992-0.0022791j -0.0054464+0.00150094j -0.00343458-0.00209732j -0.00131695-5.27854e-05j 0.000937592+0.00264986j -0.00605722-0.00314664j -0.00606596+0.000875374j -0.0137396+0.00245457j -0.00695659+0.00163735j 0.00186259+0.0112567j -0.00478602+0.000557105j -0.000462219+0.00224886j 0.00786965-0.00681301j -0.0147946+0.00416263j 0.00980212-0.00379593j -0.000509681-0.0144126j 0.00388175+0.0146519j -0.00995902-0.00335948j 0.00743244-0.00615598j -0.00447531-0.00116052j 0.00293246-0.00477997j 0.000812763+0.00266547j -0.00582185+0.00211866j 0.00154724+0.00196585j -0.0116655+0.0134442j -0.00162025-0.00992526j -0.000683852-0.00209524j 0.00331141-0.00434737j 0.00302449-0.00374184j 0.0067118+0.0011409j 0.00714923-0.000865681j -0.000454108+0.0023105j -0.00248597+0.00443752j 0.00691689+0.000526927j 0.00436251-0.0153452j -0.00774429-0.00647063j 0.00416271-0.00411319j 0.000341698-0.00454749j 0.00366579-0.0074455j -0.0126633-0.00963051j -0.013046+0.0176934j 0.0269834-0.000780108j 0.00382031+0.0254948j 0.00960988+0.0219977j -0.0191694+0.0152963j 
-0.00485862+0.0422572j -0.0400333-0.0278026j -0.0214969+0.0278262j -0.00863793-0.0131192j 0.0646681-0.0674083j 0.0301902+0.036328j -0.0122158+0.0243066j -0.0218405+0.00704245j -0.000669176+0.00450779j 0.00428074-0.00616174j 0.00237006+0.0190342j 0.0185184-0.0161263j 0.0167379+0.0043618j 0.0146782+0.00248961j 0.00268028+0.0227009j 0.00665708-0.00729256j 0.00854648+0.0101718j 0.0127941-0.00965035j 0.00523275+7.61684e-05j -0.0175722-0.000294612j -0.0187294+0.0045551j 0.00179918+0.0265828j 0.00547149-0.0110394j -0.00771242+0.0232244j 0.00292307-0.00426248j 0.0113298+0.00273637j -0.00466998-0.0249542j -0.0115681+0.0195138j 0.00874811-0.00212981j 0.00462026-0.0142013j -0.00980129+0.0198186j -0.00396106-0.0190834j 0.00334976+0.00908979j 0.0289964-0.00958628j -0.0425019+0.00278719j 0.00195265-0.00353178j -0.00831173-0.0105917j 0.00850796-0.0282928j 0.00769664-0.017951j -0.0251405+0.0198543j 0.0091601+0.00090852j 0.0122913-0.00587126j -0.00467738+0.00955582j 0.00884242-0.00590844j -0.0075365+0.0139537j 0.00316317-0.00731767j -0.00250035+0.0013823j -0.000829338-0.00530173j 0.012325+0.0101644j 0.00381684+0.0117096j -0.00291892-0.0112704j 0.000563376-0.000397322j -0.000906405+0.00306063j -0.0110418-0.000168498j 0.00818108+0.00127648j -0.0121967-0.00773366j -0.0100981-0.0129591j -0.0101753-0.0185417j 0.00054396-0.0120557j -0.00611585-0.00988407j -0.0179951+0.022802j -0.0132356-0.00423354j 0.00338346-0.00750605j 0.00914534-0.000678133j -0.019701+0.0123908j 0.00352759-0.0169601j 0.0123965+0.0156486j -0.00555776-0.00709303j 0.00110473+0.000445729j 0.0105499-0.00485073j 0.00832752+0.0103619j -0.016053+0.0174753j 0.0134266-0.00685532j 0.000330776-0.0112224j 0.00310717+0.0220169j 0.00673096-0.00777513j 0.012201+0.0251448j -0.00797547-0.00470517j 0.0136318+0.0215603j -0.0147121-0.00785741j -0.00287265-0.00199395j -0.00389664+0.0329273j -0.0384775+0.00855235j 0.00936962-0.0113473j 0.00485196-0.00113538j 0.0108241-0.0126149j -0.0139728-0.0122879j 0.00309399+0.00649865j 0.00993226+0.0129773j 0.0116605+0.00479166j -0.00282494-0.00966559j -0.00356527-0.0151613j 0.00207002-0.00497535j 0.00909319-0.000744758j 0.0148028+0.00273483j -0.0144227-0.0182017j 0.00668005-0.00271119j 0.00183366-0.00261647j 0.00730605+0.00361045j 0.00280691+0.0232166j 0.0121064+0.000599097j 0.00701388-0.00426045j -0.00369114-0.00589114j -0.00995998+0.0245293j -0.000610587-0.0115384j 0.0134119+0.0107374j -0.00542805-0.00128287j -0.00573083-0.00379969j -0.000983186+0.00245007j 0.0168946-0.00777241j 0.00280811-0.00581439j 0.00258522-0.0037156j -0.00804713-8.52852e-05j 0.0135425+0.0113575j -0.0136715+0.0145466j 0.00561616-0.00359684j -0.00360289-0.00880259j -0.00730799-0.0167255j 0.00503085+0.0142433j -0.017629-0.0102158j -0.00124139+0.0101239j -0.00190272-0.0236921j 0.00846546+0.0115771j -0.0123204-0.00136568j 0.019428-0.00853917j 0.000766186+0.0145794j -0.00242704+0.00102501j 0.0044372+0.0019179j -0.00174129+0.00434017j -0.00149156+0.00376098j -0.0188082+0.00634638j -0.000938007+0.0126749j 0.00842247-0.00151977j 0.0156938+0.0087471j 0.00587371-0.0108445j 0.00862606+0.0161281j -0.00471378+0.00213467j 0.0154077+0.00639377j -0.00708488-0.0107133j 0.00133939+0.00302464j 0.0123607-0.00356274j -0.00711033+0.00279833j -0.00119136+0.00735686j 0.00994858-0.00157703j -0.00357619-0.00163699j -0.000753285+0.00686158j -0.00125499-0.00274352j -0.00247537+0.0076302j -0.00189451+0.00796952j 0.0209874-0.00779303j 0.00248845-0.0048557j -0.00337163-0.00965692j -0.0013486-0.0164911j 0.00412771+0.00120777j -0.00104818+0.00452401j 0.011275-0.00542817j 0.0142765+0.00418745j 0.0101623+0.00427952j -0.00151806+0.00742152j -0.0153803+0.00284013j -0.00194692-0.00659796j -0.00384587+0.0141294j 0.00485738-0.00504022j 0.0072197+0.00288411j 0.0128807+0.0134003j -0.00573133-0.00150984j -0.0179037-0.00771697j -0.0071898-0.00112784j 0.00697335+0.00536844j 0.00744599+0.00947459j 0.00801023+0.00500951j -0.00362561+0.00830238j -0.00129456-0.0225242j -0.00355767-0.00298428j 0.00561384+0.0064598j -0.00227409+0.00326295j 0.00295889+0.00818206j 0.0111888-0.0119198j -0.00138262-0.00414787j 0.0155635-0.00366333j -0.00340026-0.00817624j -0.0138294-0.0160927j -0.00601981-0.00594475j -0.0101291+0.0155632j 0.0070737-0.00486462j 0.00587973+0.00202601j 0.0054604+0.00310994j 0.00340859+0.00416351j -0.00335662+0.00498195j 0.00591901-0.00378789j -0.00272392+0.00205605j -0.00267646-0.00596365j 0.00601467-0.0172749j 0.0150657-0.00852658j 0.0178361+0.0168796j 0.0143083+0.00386122j -0.00903963-0.00446407j 0.00247992-0.00703087j -0.000904623+0.0117561j -0.00253942-0.00946581j 0.00859876-0.0236254j -0.00386719-0.00612279j 0.0133477+0.000815254j 0.00413585+0.0114385j 0.000376458-0.0274948j -0.0307385+0.00805853j 0.00839752+0.0216532j -0.0160627+0.00695453j -0.0110847-0.000682888j -0.00710269-0.00615557j 
-0.0276663-0.0206263j 0.0279041-0.0331056j 0.0304336-0.0135007j 0.0120296+0.0471071j 0.0458441+0.0201123j 0.0113485+0.0107366j -0.0152019-0.0285005j -0.00441783+0.0121399j -0.00623097-0.00676668j 0.000122951-0.006909j 0.0194346-0.00462325j 0.00468001+0.00260131j -0.0098714+0.00056498j -0.0252941+0.0160824j 0.0340111+0.00516894j 0.000168909-0.0104443j 0.00123515+0.0141106j -0.00303302-0.00342341j 0.00529026+0.00680954j -0.03318+0.00258224j -0.0039983+0.0152533j 0.0200122+0.0254085j -0.00874556-0.00532271j 0.00262976+0.0322499j -0.0327404-0.027597j 2.58287e-05+0.00898265j 0.000413955-0.00954117j 0.00385467+0.000407766j 0.00340555+0.00466286j 0.00532391-0.019864j -0.0179397+0.0261543j -0.00492296+0.00141242j 0.00454338-0.0105144j -0.0199111-0.0262855j -0.00914622+0.0216542j 0.0134211-0.0318454j -0.00374243-0.00995518j -0.010856-0.00796903j -0.0254455-0.0103437j 0.00578765-0.00966335j 0.00424246-0.00914979j 0.00274637+0.00283541j -0.00226392-0.00886443j 0.0158135-0.00014818j 0.0141633+0.0050239j 0.00234954+0.0092773j 0.00334487+0.00712577j 0.004031-0.000276822j 0.00456804+0.0170152j 0.00843375-0.00348873j -0.0207555+0.0122489j -0.00941188+0.00825452j -0.00706891+0.00814073j -0.00304065+0.0301264j 0.000401023-0.00191838j -0.00204181+0.0131666j -0.0151229+0.011552j -0.00334767-0.00394488j 0.00820135-0.00772237j 0.00629153-0.00185141j -0.0135619-0.00270331j 0.0103958+0.0106056j 0.000782217+0.0105581j 0.024348+0.00500275j -0.0174316+0.00758756j -0.00705282-0.00520831j 0.00449262-0.00657252j 0.00518286+0.0120623j -0.0132924-0.0207234j -0.00849681-0.0115907j 0.00792476-0.0190556j -0.00940675-0.00395821j -0.00307076+0.00705968j -0.0263825+0.00360073j 0.00151979-0.00175357j 0.0037704+0.0113332j 0.0068003+0.00640927j 0.0069885-0.0130435j 0.0125717-0.00420455j -0.012664+0.00205239j 0.00251944-0.00249569j -0.00228521+0.00844037j -0.0211212+0.00360516j -0.00112056-0.0217957j 0.0154422-0.00347442j -0.0131135+0.000729161j -0.0102149-0.00311422j 0.00790157+0.0109263j 0.00612276+0.00687027j -0.00286639+0.0109212j 7.25972e-05+0.00328689j -0.0066045-0.008286j 0.0133363-0.00168921j 0.00806019-0.00240107j 0.00694964+0.00182858j -0.00606376-0.00597867j -0.00452114-0.00391974j 0.00644456-0.00260824j 0.00256313-0.00547145j 0.00183452+0.0115543j -0.00266878-0.00117106j 0.0106489+0.00155191j 0.00080302-0.0128942j 0.00610994-6.03923e-05j 0.00169499+0.00135516j 0.00512987+0.000929688j -0.00975431+0.0138748j -0.000497077-0.00399013j 0.0076072+0.00500181j -0.00823427-0.00582791j 0.0146823+0.0135862j -0.0136449-0.00399986j -0.0106371+0.0148999j 0.00958526-0.00301057j 0.00235707+0.00910861j 0.00429284+0.00765279j -0.00463546-0.00430872j -0.00831434-0.00493616j 0.00648811+0.00742141j 0.0103104+0.00278991j 0.00119075+0.013604j -0.00465187-0.00399397j 0.00522294-0.00666062j -0.00404129+0.00342796j 0.0124479-0.00455806j -0.0149641+0.00233j -0.0028109+0.00212744j 0.00640497+0.000921648j -0.00240296+0.00245431j -0.00426991-0.00536182j -0.0127576-0.0121609j -0.00927984-0.0175526j 0.00916535+0.00159145j 0.0187032+0.00804153j 0.00130986-0.0022792j 0.00767331+0.00864923j 0.00271526+0.00274778j 0.0064557-0.00324431j -0.00285019+0.000660962j 0.00491619-0.000890242j 0.00379188-0.00151464j 0.00313969+0.00290894j -0.0027632-0.00360535j -0.00570703-0.000139156j 0.00457859-0.00725955j 0.00227619-0.014969j -0.00556988+0.0126789j -0.00162166+0.00311891j -0.00687826-0.0127071j 0.0184596+0.0215944j 0.00091267+0.0097605j 0.0196461-0.0081096j 0.00380897+0.0025571j 0.00438249+0.00847198j -0.00190179+0.003736j 0.00848907+0.00263549j 0.00847211+0.0111455j -0.00685352+0.00292082j 0.0195205-0.0149218j -0.00309358-0.0125325j 0.0136165-0.0165714j -0.00691619+0.00350815j 0.00949158-0.00468988j 0.0145486-0.00697537j 0.00522112-0.00516782j 0.00606221+0.00507553j 0.0118655-0.00723808j -0.00215472-0.00694763j 0.0145934-0.0131705j -0.00482432-0.00947693j -0.00259374-0.0128062j 0.00101522-0.0119903j -0.00436586-0.0204281j 0.000133417-0.00340744j 0.00022224+0.00341671j -0.0136808+0.00306473j -0.00104633+0.000750635j 0.00277406-0.0217045j -0.00119097-0.00600297j 0.00343907-0.00829807j -0.00906813+0.00523853j -0.00481684+0.00820359j 0.0196272+0.0305608j -0.000306671+0.00607754j -0.0125422+0.000152389j -0.0103335-0.0152767j -0.0128306+0.0027523j -0.00893534-0.00308373j -0.0154148+0.00106766j -0.00449297-0.00268708j -0.00318412+0.00874714j 0.012852+0.00619512j 0.00214176+0.00120796j 0.00515252+0.0057817j 0.0198132+0.00925073j -0.000992984-0.0059624j -0.00390873-0.00514659j 0.0154498+0.0263795j -0.0121271-0.0136532j -0.00857869-0.0160684j 0.00887898+0.00198609j 0.0199727+0.0013169j -0.0255958+0.027867j -0.0040834+0.0187238j 0.00825657-0.0108028j -0.0345628-0.016015j -0.0025642+0.00180322j -0.00106907+0.00623737j 0.0354838-0.000952833j -0.00668958+0.0366403j 
-0.0415215-0.0120165j -0.0190901-0.0134239j -0.020663-0.121196j 0.0668024+0.00459781j -0.0512701+0.00293311j 0.033279-0.0156033j -0.0334055-0.0435104j 0.00799649+0.00885994j 0.00518344+0.0100942j -0.00545283-0.0407248j 0.0107308+0.0229947j 0.012258+0.0175995j 0.0160541+0.049333j -0.000492353-0.0261675j -0.00877691+0.0394333j 0.0123896+0.000672626j 0.00753633-0.0105037j -0.0116913+0.00260488j 0.00472718+0.00924805j -0.0173046-0.0398906j 0.00454242-0.00645261j -0.00292572+0.00842979j 0.00805146-0.0056982j -0.0269758-0.0198028j 0.0193108-0.0134831j 0.000960874-0.0161267j -0.0158777-0.00142274j 0.0118178-0.00685488j 0.014966-0.00212683j -0.0271729+0.00775099j 0.000977945-0.0154436j 0.0166796+0.00698774j 0.00163344-0.00561091j 0.0255309+0.00062182j 0.00565079+0.0134559j 0.0251247+0.0281643j 0.0036672+0.0060391j 0.00835181-0.0154435j 0.0174024-0.00804634j -0.00188783+0.00665407j 0.0219357+0.018722j 0.00105734-0.00140027j 0.00845074+0.00279912j 0.0110167+0.00754266j -0.0193313-0.00995636j -0.00430595-0.00382201j -0.014075-0.00226517j -0.0166729+0.00200525j 0.0086598-0.0157875j -0.0188729-0.0108085j 0.00213711-2.79206e-05j -0.00270803-0.00314293j -0.000671338-0.00903614j -0.000457729-0.00631309j 0.00396116+0.00811882j -0.00421923-0.00905471j 0.00655233+0.000965871j -0.002089+0.0133698j -0.00197734-0.012028j 0.0111107-0.0119477j 0.00629669+0.0116795j -0.0161533-0.000319275j -0.0191406-0.00910323j -0.00157031+0.00118593j 0.00311675+0.00393394j -0.0094144-0.0102711j -0.00579837+0.000410696j -0.00667677+0.00894171j -0.00857058+0.0213601j 0.00534993-0.00254265j 0.00567193-0.00693114j -0.00534305-0.0113762j -0.0228608-0.00252388j 0.000313945-0.00194769j 0.0151096+0.00454772j -0.0180533-0.0124727j 0.000810752-0.0102212j 0.00889865-0.000287664j 0.000649789+0.00522519j -0.000943838+0.0046823j -0.00833561+0.0001987j -0.00170325-0.00345015j 0.0114428-0.0132461j 0.0106592+0.0091467j 0.00121276+0.0226616j 0.00713316+0.00692314j 0.00401435-0.0176107j -0.00210359-0.000700057j -0.00786985+0.00566169j -0.00138632-0.00983477j -0.00325954-0.00567005j -0.00108129-0.0121778j 0.01102-0.00794124j 0.0131075-0.00362553j 0.00728656-0.00758717j -0.00241633+0.00800543j 0.0315706+0.0158394j -0.00629355-0.00821308j 0.00533871+0.00975622j 0.00695128+0.0107281j 0.00022648-0.00213976j -0.0107919+0.00411385j -0.00797178+0.00631496j 0.00478301+0.00122182j 0.00971806+0.0229204j -0.00854663-0.00984737j 0.000987317-0.00197342j 0.00712243+0.00789174j 0.000478964-0.00186194j 0.00216719+0.00432646j 0.00594625+0.00323806j 0.00707096+0.00770638j -0.00196152+0.00684992j -0.00677009-0.00752172j -0.00607832-0.00210629j -0.00858453+0.0083607j 0.0201996+0.013384j 0.00559307+0.000719196j -0.00302772-0.00259842j -0.00544038-0.000391094j 0.0104531+0.00494664j -0.0107952+0.00470167j -0.00049813+0.00365588j 0.0119065+0.00546168j -0.0122385-0.0178165j 0.0191052+0.00973057j 0.00322654-0.00148205j 0.0115703-0.0108242j -0.00714842-0.00166802j -0.0030389+0.000741258j 0.00198504+0.0195146j 0.00630546-0.00654712j -0.0177896+0.00357252j -0.00501496-0.0144441j -0.0143151+0.0129264j 0.0116305+0.016107j 0.019493+0.00368151j 0.0136255-0.00475332j -0.00228013+0.00183769j 0.00913442-0.0039412j -0.00535377-0.00609527j 0.00389921-0.00198778j 0.0054154-0.00139782j 0.00716771-0.000340971j -0.0131976+0.00305921j -0.0050637-0.000225614j 0.00479324-0.000435381j 0.000510235+0.00231074j 0.00503555-0.00122238j 0.000184392-0.000626548j -0.00489865+0.00968795j 0.00987082+0.0253988j -0.0174127+0.00996655j 0.0160216+0.0159587j -0.00324065+0.00950235j -0.0223967+0.00498106j -0.000194802+0.00371184j 0.0097242-0.00722543j 0.00659597+0.00461871j 0.00349607-0.00156816j -0.000518361+0.0180755j 0.011266+0.00681793j -0.010148-0.000779194j -0.00953277-0.00260259j -0.0142657+0.000286429j 0.00173704+0.00222708j 0.00441397-0.00355658j 0.00106606-0.0034836j 0.000788103+0.0123773j 0.0112526-0.011936j 0.00849635+0.0221977j 0.00218677-0.0123907j 0.00650783+0.00903355j 0.00562781+0.00970538j 6.42721e-05-0.000841675j 0.0163423+0.00409229j -0.0145618-0.0118408j -0.010343-0.00488972j 0.00593243+0.00131996j -0.010149-0.00748613j -0.00183923+0.00758121j -0.0162565-0.0184013j -0.0117754-0.00400634j -0.00237056-0.000462488j 0.017402-0.00325288j 0.0135928+0.00818115j 0.0223274-0.00743073j 0.00900417-0.00897321j 0.00291888+0.000535741j -0.008746-0.0133494j 0.0115638+0.0158363j -0.0232519+0.00544047j -0.0299749-0.00327184j 0.00196787+0.00025739j -0.0118776-0.0185188j -0.012353-0.000881103j 0.00573339-0.0196777j -0.00477708+0.0197508j 0.0225913-0.0160221j -0.00611405-0.00378574j -0.0118436+0.00326275j -0.0115274+0.0119075j -0.0132506-0.0334506j -0.0222166+0.00711279j -0.00499518+0.0355595j 0.0346497-0.0171351j -0.0346973-0.00157695j -0.0221857-0.0366053j -0.0158355-0.0466334j 0.0493724-0.018524j 
0.068454-0.0659636j 0.0535916+0.0737377j -0.0618838-0.0416249j 0.0113535-0.00266388j 0.00937807+0.0453038j -0.0082194+0.0386314j -0.0317748-0.0469263j 0.0731687-0.0535367j -0.0298462+0.015218j -0.00141312+0.0325936j -0.0148617-0.00592618j -0.0202799-0.0134659j -0.03432-0.000592708j 0.0379492-0.0154339j -0.0110312-0.0329254j -0.00943356+0.0308555j 0.0125413-0.0161141j -0.0168569+0.000367657j 0.00353945-0.027963j 0.0202798-0.00597924j -0.00951177+0.0121565j -0.0086122+0.00395986j -0.00216744+0.0139994j -0.00507145-0.0257215j -0.0221267+0.0273795j -0.00960996+0.0126653j 0.0139847+0.00502388j 0.0136442-0.00211485j -0.0134275-0.00809525j -0.00521491-0.0120036j 0.0243513-0.0083256j 0.0115538-0.0216254j 0.0137853+0.0105603j -0.00623706+0.00483347j 0.00621965-0.00337493j -0.00432226-0.00418468j -0.00936141+0.0142958j -0.00783312+0.0234962j 0.00456533+0.0125024j 0.00615156-0.0141968j -0.00222215-0.00962207j -0.0148584+0.0123569j 0.00228004-0.0132515j 0.00150045+0.0125306j -0.00626572-0.0055243j -0.00295977+0.0042142j 0.00304003-0.00390645j 0.0143842+0.00458922j -0.0122268-0.0046241j 0.00278705-0.0150214j 0.00626892+0.00334873j 0.00494672-0.00547483j -0.00495722-0.00257426j 0.00233773-0.00458898j -0.003579-0.00581757j -0.000548291+0.00894408j 0.0101463-0.00218478j -0.00690288+0.00984273j -0.00776799+0.0182137j -0.0177308+0.00910915j 0.0101345-0.0167927j 0.0191086+0.00191997j 0.00352991-0.00276288j -0.013758-0.00428972j -7.25279e-05-0.0072928j 0.00221793+0.003972j -0.0035627-0.0133733j 0.000773199-0.00633048j -0.0124503+0.00407036j 0.00457324-0.0105214j 0.00132417-9.70647e-05j 0.00761909+0.00171037j -0.0185901+0.00639711j 0.0185713+0.0107635j -0.00130981-0.00373696j -0.000803379-0.00154143j -0.00621371-0.00996985j -0.00283127-0.00241165j -0.00322268-0.00967557j 9.39649e-05+0.0241256j 0.00854441-0.00908071j -0.00453141-0.0143724j 0.0319924-0.00547254j -0.000417915+0.00583191j -0.00774728+0.00758855j -0.00890902+0.00433783j 0.00290603-0.00117837j 0.0019859+0.0060111j 0.0075788-0.00144903j -0.00167888-0.0120135j 0.0102935+0.00922204j -0.00489234+0.0122633j 0.0001921+0.00936234j -0.0196405-0.00414019j -0.00801992-0.00288281j 0.0122215+0.0234169j 0.00867031-0.0107343j -0.00538619+0.00868726j -0.00493968+0.00332936j -0.00315244-0.0199587j -0.00204557+0.00501118j -0.0145806-0.00389823j 0.00336582+0.00563972j 0.00162326-0.00425209j -0.000191841+0.00756707j -0.0085371-0.00558479j 0.0122705-0.00948226j -0.00745147-0.0157318j -0.00296841-0.000420758j -0.0144406+0.00139231j -0.0152002+0.000849818j 0.00385605-0.00531807j 0.0119468-0.000989408j -0.0031211-0.00859172j 0.0203146-0.010402j -0.00745548-0.00366703j -0.00274835+0.00375984j -0.00811295+0.0125622j 0.0137436-0.00166624j -0.000881638+0.0107767j -0.00284141-0.0116711j 0.00156944+0.00510275j -0.00945366-0.0181056j 0.000269528-0.00409116j 0.00301012+0.00678196j -0.00328014+0.000449216j -0.012938-0.00341362j -0.0102182+0.002353j 0.0125776+0.000949427j 0.00179295+0.00212327j 0.0117302+0.00513675j -0.00145808-0.00429714j -0.017821-0.00480186j -0.00682672-0.00926884j -0.0199503-0.00413076j -0.0117206-0.00430597j -0.0153299-0.00303349j -0.00264741-0.00137272j 0.0189864+0.0189823j -0.0117741+0.00523565j -0.00238855-0.0085369j 0.0113198-0.0039538j 0.00168577-0.00212017j -0.0103248+0.00654203j 0.0124818+0.0122036j 0.00982137+0.00827491j 0.00301028+0.000259117j 0.0055331-0.00256322j -0.00141275-0.00777552j -0.0182194-0.0107369j 0.00419119+0.00499995j -0.0222293+0.00321103j 0.00295555+0.0043013j -0.016582-0.0138437j 0.00603407-0.00314968j 0.00711355-0.00305184j -0.00898534-0.0131804j 0.0102698-0.00221892j -0.0130653+0.00124528j 0.0258163+0.00975189j -0.0143468+0.0143472j 0.0028955-0.0190246j -0.00297138+0.00619157j -0.00618286+0.000212885j 0.010989-0.0185644j -0.00442625-0.00854405j -0.00333956+0.0149324j -0.00183951+0.0052195j -0.010198-0.0132521j -0.00979143-0.00338458j -0.0167101-0.00846025j 0.00327372+0.000182734j -0.00924338+0.0147255j -0.0011811-0.0123205j -0.00850269-0.00167741j -0.0105101+0.00210981j -0.012522-0.000268683j -0.00292849+0.00966632j -0.00340429+0.00558102j -0.00885301-0.00103335j 0.000973395-0.00902198j 0.0301703+0.00479024j -0.00211672+0.00482992j 0.00548323-0.00270307j -0.0310476+0.00219595j -0.00622789-0.00385768j -0.0125861-0.00347558j -0.0162682+0.0163929j 0.00291846-0.00204129j -0.012158+0.0158503j -0.00886657-0.0110003j 0.0189618+0.0083714j 0.013202+0.0200411j -0.009216+0.00309647j -0.00392657+0.00443966j -0.00668903-0.00161357j 0.00613391+0.0123598j -0.00606631-0.0103429j -0.0172885+0.0105622j 0.0118807+0.0173675j -0.00307652+0.0184974j 0.00772955-0.00674393j 0.0122097+0.0158849j 0.00858429+0.000102687j -0.00552143-0.013724j -0.0176752+0.019109j 0.026998-0.00508831j 0.0258588+0.0189882j 0.00341099+0.0370058j -0.0410332+0.00974487j 
-0.079031-0.077863j 0.0873562-0.0646862j -0.00388611-0.0366114j -0.00482567-0.0500076j -0.0514126-0.0191519j 0.0101197-0.000972663j 0.0483893-0.0360986j 0.0405346+0.0597543j -0.0148219-0.0316775j 0.00150784+0.0287769j 0.023578-0.0198412j 0.00771267+0.0121544j 0.00882899-0.0206268j 0.0059854+0.0335867j 0.041123-0.0268388j -0.00807091+0.00696247j -0.0220232+0.00109847j -0.00387034-0.0212361j 0.0194713-0.00381985j -0.013392+0.000869376j 0.0283486+0.0133418j 0.0132388-0.0110892j -0.0020769+0.0110224j -0.00134881-0.0177452j -0.0154658-0.016603j -0.000273594+0.0198506j 0.00299968+0.00361048j -0.00943941-0.0101278j 0.0143267+0.0157124j -0.00128952-0.0086479j 0.00700569+0.0200724j 0.0161753+0.00960972j -0.00268076+0.0120272j -0.0391365+0.000433857j -0.000652782+0.010957j 0.00458604-0.0132682j -0.00719252+0.0114721j -0.0120777+0.0122649j -0.0243942-0.00132597j 0.0106659-0.0115377j 0.025929-0.0117731j 0.0173427-0.00514734j 0.0208424-0.00830435j 0.0146166-0.00934682j -0.00999998+0.00025038j 0.00199824-0.00192041j -0.0111015-0.00552502j -0.0175751-0.00728846j 0.00510738+0.0132213j -0.00906863-0.0213021j -0.00415179+0.00306964j -0.004649+0.00704876j 0.00908402+0.00321789j 0.000546101+0.0112663j -0.000811747+0.0183334j 0.00574163+0.00452934j -0.00113348+0.014273j 0.0100292+0.00915024j 0.0100364-0.00205474j 0.0146391+0.0133684j 0.0126627-0.0117375j 0.00813012+0.0139811j -0.00187581+0.00607912j 0.0109151+0.0156889j -0.000482147-0.00907441j -0.00439156-0.00545955j 0.0147923-0.00300926j -0.00183748+0.000391097j -0.00207622-0.0170466j 0.000562883+0.000709587j -0.00151021-0.00533935j 0.00486025+0.00112773j 0.00813959-0.0131797j -0.0130756+0.00854924j -0.00890851-0.0174039j 0.00098447+0.00893799j 0.00504306+0.00621869j 0.0184013-0.00360936j 0.00897352-0.0154609j -0.00720751+0.00469866j 0.00100909+0.0154593j 0.0078505+0.00777155j -0.0157268+0.014305j -0.0054666-0.0145546j 0.00460955-0.00137788j -0.0117815-0.00286123j 0.0125232+0.00494751j 0.00879975+0.00340255j 0.0107964-0.00793986j -0.00233883-0.00594972j -0.00651805+0.00371588j -0.019596+0.0100386j 0.0125897+0.00754212j -0.00510659-0.00173882j -0.00825369+0.00126032j -0.00248963+0.0114149j 0.0127546-0.00586736j -0.0150536+0.00502539j 0.00162157+0.00367642j -0.00363307+0.000633384j 0.00143397+0.00559909j 0.00948026-0.00523846j 0.00996642+0.00925543j -0.0162799-0.0118361j -0.00117632-0.0148344j -0.00703895-0.000645149j -0.00983392+0.00433309j 0.00787335-0.0172357j -0.00023306+0.0168228j -0.00779299+0.00606615j -0.00857233+0.00172117j -0.00341594-0.0173988j 0.00101135+0.0139673j -0.0123015-0.00181496j 0.00495649-0.00083343j 0.00854204+0.0205265j 0.00322775+0.008273j 0.00903755-0.00171249j -0.0172659-0.0145489j 0.0182455+0.00772193j 0.000102946-0.00790702j -0.00349903-0.00810874j 0.000788286-0.0153956j 0.00649991-0.00448833j -0.00217021+0.00174124j -0.00712998-0.00841898j -0.00470492+0.0114503j 0.0216697-0.00176225j -0.00651617-0.00776363j -0.00653745+0.00268646j -0.00674152-0.00127138j 0.00808896-0.0237034j 0.00217124+0.00702209j -0.000844999+0.0104559j -0.00441172+0.00658606j -0.00918651-0.00399842j 0.00299806+0.00539481j -0.0163515+0.00307301j 0.00537431+0.0164447j 0.00378411+0.0178432j -0.00719416-0.00297809j -0.00085534+0.00148863j 0.00544155+0.00737303j -0.00135338-0.00353951j 0.000142692-0.0155763j 0.00937695-0.00539301j -0.00841291+0.0193489j 0.00793034+0.0059596j 0.00511186+0.00220567j 0.00864251+0.0033859j -0.00263591+0.0139008j 0.016982+0.0020827j -0.0061917+0.0116584j -0.00449902+0.000914643j 0.00442481+0.00277942j -0.00321767+0.0112864j -0.00476732-0.00248617j -0.00797986+0.00596209j 0.014129-0.00486513j -0.00435156+6.70413e-05j 0.00709828-0.011696j -0.00729151+0.0115624j 0.00958876-0.00527156j 0.00485136-0.0165008j 0.0174255-0.0143624j 0.00551871+0.0014187j 0.016751+0.000741294j 0.00310612-0.0103248j 0.000995211-0.00651577j -0.000665017-0.0217805j -0.00963527-0.0120394j -0.00557403-0.0232727j 0.00510142+0.00856218j 0.00448551+0.0105733j -0.00398339-0.00308737j -0.00461583+0.00554434j 0.00543653-0.0172884j -0.00644424-0.0156114j 0.00379229+0.00572635j -0.0110473-0.0170879j -0.00818502+0.00595884j 0.0102386+0.0120912j 0.018394+0.026518j 0.00933093-0.00545117j -0.00784804-0.00784188j -0.0112265-0.0124022j -0.00404099-0.0054657j 0.000749847-0.00840256j 0.00790971+4.4438e-05j -0.0141638+0.00202067j -0.00129098+0.0201562j -0.000751685+0.0177468j -0.0105052+0.0133043j -0.016348+0.0068068j 0.00397091-0.0226389j -0.0289411-0.0111385j 0.00784101-0.000697111j 0.0192558+0.0288437j -0.00696311-0.0273106j -0.00217298+0.0024989j -0.0132075+0.0168554j 0.0190372+0.00917995j -0.0470804+0.00951189j -0.00758959+0.0132207j -0.000920225+0.0278808j 0.0088004-0.0178392j -0.0310138-0.00756652j 0.00187206-0.0156896j 0.0364563-0.0121616j 0.00740664+0.025158j 
