0.979232-0j -0.0147908-0j 0.203458-0j -0.0085127-0j -0.00860092-0j 0.0709551-0j 0.0179896-0j 0.0716904-0j 0.018176-0j -0.00600051-0j -0.00742525-0j 0.047155-0j -0.0043314-0j -0.000612424-0j 0.0119138-0j 0.0583514-0j -0.000757836-0j 0.00141142-0j 0.0340383-0j 0.0147425-0j -0.000442071-0j 0.00174654-0j 0.00859981-0j 0.00101881-0j -0.00463339-0j -0.00540563-0j 0.0352553-0j -0.00331026-0j -0.00472992-0j -0.000610503-0j -0.00195099-0j 0.00839788-0j 0.0411312-0j 0.00359823-0j 0.0251876-0j -0.000712254-0j 0.00129015-0j 0.0359898-0j -0.000436165-0j 0.00979753-0j 0.014845-0j 9.84191e-05-0j -0.000623222-0j 0.00599974-0j 0.00419794-0j 0.0025707-0j -0.000257066-0j 0.00150518-0j 0.00857284-0j 0.0036732-0j 0.000921731-0j 0.00353612-0j 0.000114822-0j 0.00131703-0j 7.0314e-05-0j 0.00151512-0j 0.000100469-0j 0.000543248-0j 4.14415e-05-0j 
0.0147908-0j -0.0174488-0j 2.63429e-05-0j 0.00606269-0j -0.00591326-0j -0.102464-0j 8.93119e-05-0j 0.0999385-0j -8.71105e-05-0j 0.00427352-0j 9.16228e-05-0j 0.000712254-0j -0.00600924-0j -0.0838353-0j -0.00851189-0j 1.52705e-05-0j -0.0017974-0j 5.24625e-06-0j -0.00100154-0j -0.000182492-0j 0.117886-0j 1.12478e-07-0j 0.011969-0j -7.37704e-06-0j 0.00329987-0j 6.6702e-05-0j 0.000532515-0j 0.00235754-0j -0.00325189-0j -0.0415688-0j -0.00407216-0j 6.27575e-05-0j 1.0764e-05-0j -0.0104465-0j 0.000380447-0j -0.00084025-0j -0.000612366-0j -0.000524772-0j -0.0296982-0j 1.26855e-06-0j -0.000657142-0j 2.92354e-07-0j 0.0409643-0j 4.48361e-05-0j -0.000211161-0j -0.00746337-0j 0.0512973-0j -1.2378e-05-0j -6.1845e-05-0j 0.0102946-0j -0.000437495-0j -7.74449e-05-0j 5.9095e-09-0j 0.000603462-0j 2.08868e-07-0j 0.0128914-0j -2.88103e-07-0j 0.000755681-0j -3.60775e-07-0j 
0.203458-0j -2.63429e-05-0j -0.0169028-0j -0.000875074-0j 0.000853505-0j 0.0147425-0j -0.175618-0j -0.0143792-0j 0.171289-0j -0.00061683-0j -1.32246e-05-0j 0.00979753-0j 0.00086736-0j -6.29549e-05-0j -0.0571267-0j 0.000210055-0j -1.34973e-06-0j -0.0207769-0j -0.0137769-0j -0.00122478-0j 8.85245e-05-0j -0.00044545-0j 0.0803291-0j 0.0292156-0j -0.000476296-0j -9.6276e-06-0j 0.0073251-0j -0.000340282-0j 0.00046937-0j -6.27575e-05-0j 0.000587766-0j -0.040268-0j 0.000148066-0j 0.000747615-0j 0.0052333-0j -1.26855e-06-0j -0.0125947-0j -0.00721859-0j -4.48361e-05-0j -0.000813956-0j -0.00903943-0j -0.00193645-0j 6.1845e-05-0j -0.0287688-0j 1.51119e-05-0j 0.000534122-0j 7.74449e-05-0j -0.000254584-0j 0.0396825-0j -0.000736744-0j -0.00899812-0j 0.0496921-0j -3.91424e-05-0j 0.0124116-0j -0.00138347-0j -0.000922583-0j 0.00190829-0j 0.0155424-0j 0.00238965-0j 
0.0085127-0j 0.00606269-0j 0.000875074-0j 0.48939-0j -0.508951-0j -0.00059927-0j -4.99392e-05-0j 0.000623222-0j 5.19352e-05-0j 0.00245958-0j -0.00295693-0j -0.059179-0j 0.00177542-0j 0.00025103-0j 5.12413e-05-0j 0.0711456-0j -0.000301791-0j 3.01942e-06-0j -0.0427176-0j -6.16028e-05-0j 0.000181203-0j -3.62998e-06-0j 3.69879e-05-0j 2.17953e-06-0j 0.00189921-0j 0.00221574-0j 0.000306483-0j -0.00399332-0j -0.00188358-0j -0.0361259-0j 0.000799703-0j -0.00521433-0j 0.000357564-0j 3.12803e-05-0j -0.00064442-0j -0.0421469-0j 3.68642e-06-0j -0.000303962-0j 0.0759593-0j -0.00608338-0j 0.000129052-0j 1.68261e-07-0j 0.0358287-0j 0.0109638-0j 3.64937e-05-0j -6.57708e-05-0j -0.0152116-0j 4.30082e-06-0j 0.00517143-0j -3.1023e-05-0j -7.75117e-06-0j -0.00219561-0j 1.96305e-07-0j -3.65609e-06-0j -3.53791e-07-0j 1.31713e-05-0j -1.66877e-07-0j 1.55225e-06-0j 7.08502e-08-0j 
-0.00860092-0j 0.00591326-0j 0.000853505-0j 0.508951-0j -0.513916-0j -0.000623222-0j -5.19352e-05-0j 0.000629303-0j 5.24419e-05-0j -0.00248507-0j 0.00296856-0j 0.0597923-0j -0.00161057-0j -0.000253631-0j -5.17723e-05-0j -0.0714253-0j 0.000302977-0j -3.05071e-06-0j 0.0387513-0j 6.1845e-05-0j -0.000164378-0j 3.64425e-06-0j -3.35536e-05-0j -1.97716e-06-0j -0.00191889-0j 0.00216113-0j -0.000309659-0j -0.00137092-0j 0.00195769-0j 0.0365003-0j -0.00381888-0j 0.00526836-0j 0.000348751-0j -3.16045e-05-0j -0.000221231-0j -0.0411081-0j -3.72462e-06-0j 0.000315921-0j 0.0260771-0j -0.00593344-0j -0.000616269-0j -1.70005e-07-0j -0.0372383-0j 0.0037639-0j 3.55942e-05-0j -2.25793e-05-0j 0.0726411-0j 4.19482e-06-0j -0.00537489-0j 3.22435e-05-0j -2.661e-06-0j 0.0104848-0j 1.91466e-07-0j 3.79994e-06-0j -1.21457e-07-0j -6.28977e-05-0j 1.73443e-07-0j -7.41256e-06-0j -3.38336e-07-0j 
0.0709551-0j 0.102464-0j 0.0147425-0j 0.00059927-0j -0.000623222-0j 0.477551-0j -0.00126642-0j -0.496638-0j 0.00131703-0j -0.000434797-0j 0.000522717-0j 0.00341685-0j -0.000313853-0j 0.00852956-0j -0.0825331-0j -0.00410777-0j -0.0102543-0j 0.000102271-0j 0.00246641-0j 0.0992221-0j 0.00615697-0j -0.000122951-0j -0.0595755-0j 7.38233e-05-0j -0.000335736-0j -0.000391692-0j 0.0025546-0j 0.000705927-0j 0.000332973-0j 0.00422929-0j -0.000141369-0j 0.00060851-0j 0.00298037-0j -0.0501145-0j -0.00537137-0j 0.00493417-0j -0.0089376-0j -0.00253358-0j -0.00889261-0j 0.000709928-0j 0.00107567-0j 7.13144e-06-0j -0.00419449-0j -0.00127947-0j -0.058467-0j 0.105372-0j 0.00178084-0j -0.0104272-0j -0.000603504-0j 0.0497022-0j 0.0187924-0j 0.000256227-0j 8.32001e-06-0j 0.00886406-0j -1.49948e-05-0j -0.0211018-0j -7.07277e-06-0j -0.00376337-0j 3.00285e-06-0j 
-0.0179896-0j 8.93119e-05-0j 0.175618-0j -4.99392e-05-0j 5.19352e-05-0j 0.00126642-0j 0.462396-0j -0.00131703-0j -0.480877-0j 3.6233e-05-0j -4.35597e-05-0j -0.000866291-0j 2.61544e-05-0j 3.69802e-06-0j 0.0102836-0j 0.00104146-0j -4.4458e-06-0j -0.115491-0j -0.000625322-0j -0.012363-0j 2.66937e-06-0j 0.138844-0j 0.00742307-0j -0.0833657-0j 2.7978e-05-0j 3.2641e-05-0j -0.00064768-0j -5.88272e-05-0j -2.77478e-05-0j 3.68642e-06-0j 1.17807e-05-0j 0.00724877-0j -0.000755627-0j -6.61036e-05-0j 0.00136183-0j 4.30082e-06-0j -0.0341333-0j 0.000642351-0j -7.75117e-06-0j 0.0084569-0j -0.00027272-0j -0.0162603-0j -3.65609e-06-0j -0.0152415-0j -7.71208e-05-0j 0.000138991-0j 1.55225e-06-0j -0.0398221-0j -0.00718913-0j 6.55597e-05-0j 0.0717695-0j 0.00305226-0j -0.0189704-0j 0.0338524-0j 0.0341894-0j -2.78344e-05-0j 0.0161266-0j -0.0143726-0j -0.00684678-0j 
-0.0716904-0j 0.0999385-0j 0.0143792-0j 0.000623222-0j -0.000629303-0j 0.496638-0j -0.00131703-0j -0.501484-0j 0.00132988-0j 0.000439302-0j -0.000524772-0j -0.00345226-0j 0.000284712-0j -0.00861796-0j 0.0833884-0j 0.00412392-0j 0.0102946-0j -0.000103331-0j -0.00223741-0j -0.0996122-0j -0.00558529-0j 0.000123435-0j 0.054044-0j -6.69688e-05-0j 0.000339215-0j -0.000382037-0j -0.00258107-0j 0.000242347-0j -0.000346074-0j -0.00427311-0j 0.000675089-0j -0.000614816-0j 0.00290691-0j 0.0506339-0j -0.00184401-0j 0.00481255-0j 0.00903022-0j 0.00263326-0j -0.00305286-0j 0.00069243-0j -0.00513673-0j -7.20534e-06-0j 0.00435952-0j -0.000439246-0j -0.0570259-0j 0.0361746-0j -0.00850414-0j -0.0101702-0j 0.000627248-0j -0.0516577-0j 0.0064515-0j -0.00122358-0j 8.11494e-06-0j -0.00921281-0j -5.14775e-06-0j 0.100769-0j 7.35104e-06-0j 0.0179715-0j -1.43397e-05-0j 
0.018176-0j 8.71105e-05-0j 0.171289-0j -5.19352e-05-0j 5.24419e-05-0j 0.00131703-0j 0.480877-0j -0.00132988-0j -0.485569-0j -3.66085e-05-0j 4.3731e-05-0j 0.000875268-0j -2.3726e-05-0j -3.73634e-06-0j -0.0103901-0j -0.00104556-0j 4.46328e-06-0j 0.116688-0j 0.000567261-0j 0.0124116-0j -2.42152e-06-0j -0.13939-0j -0.00673384-0j 0.0756252-0j -2.82679e-05-0j 3.18364e-05-0j 0.000654392-0j -2.01956e-05-0j 2.88395e-05-0j -3.72462e-06-0j -5.62574e-05-0j -0.00732389-0j -0.000737002-0j 6.67886e-05-0j 0.00046752-0j 4.19482e-06-0j 0.034487-0j -0.000667624-0j -2.661e-06-0j 0.00824845-0j 0.00130234-0j 0.0164288-0j 3.79994e-06-0j -0.00523244-0j -7.522e-05-0j 4.77161e-05-0j -7.41256e-06-0j -0.0388406-0j 0.00747198-0j -6.81391e-05-0j 0.0246387-0j -0.0145756-0j -0.0185028-0j -0.0351843-0j 0.0117373-0j 0.000132919-0j -0.016761-0j 0.0686343-0j 0.0326959-0j 
0.00600051-0j 0.00427352-0j 0.00061683-0j 0.00245958-0j 0.00248507-0j 0.000434797-0j 3.6233e-05-0j 0.000439302-0j 3.66085e-05-0j 0.659505-0j -0.414977-0j -0.00056826-0j -0.24207-0j -0.000347987-0j -7.10325e-05-0j 0.000357564-0j 0.000218962-0j -4.18563e-06-0j 0.000208579-0j 4.46955e-05-0j 0.000127728-0j 2.63371e-06-0j 2.60724e-05-0j 1.53633e-06-0j 0.00133873-0j -0.00307154-0j -0.0417875-0j 0.000956435-0j 0.00136662-0j 0.000176393-0j 0.000563702-0j 2.54602e-05-0j 0.0958761-0j 2.20491e-05-0j -0.0298544-0j -0.000404711-0j 2.59852e-06-0j -0.0426581-0j 0.000126021-0j -5.84151e-05-0j -0.0175956-0j 1.18606e-07-0j 0.000180068-0j 1.81896e-05-0j -5.05889e-05-0j 1.57527e-05-0j 7.42743e-05-0j -5.96196e-06-0j 2.59906e-05-0j 2.25085e-05-0j 1.85647e-06-0j 1.07206e-05-0j -2.72125e-07-0j 2.65265e-06-0j 8.47359e-08-0j 9.28428e-06-0j 1.21076e-07-0j 1.09416e-06-0j 4.99415e-08-0j 
-0.00742525-0j -9.16228e-05-0j -1.32246e-05-0j 0.00295693-0j 0.00296856-0j 0.000522717-0j 4.35597e-05-0j 0.000524772-0j 4.3731e-05-0j 0.414977-0j -0.00864368-0j -0.000357564-0j -0.583523-0j -0.000218962-0j -4.46955e-05-0j 7.4478e-06-0j 4.56083e-06-0j -2.63371e-06-0j 0.000502791-0j 9.30976e-07-0j 0.000307895-0j 5.48583e-08-0j 6.28489e-05-0j 3.7034e-06-0j -0.00165659-0j -3.34855e-05-0j 0.0517094-0j 0.0034832-0j -0.00158603-0j -0.000218275-0j 0.00204429-0j -3.15053e-05-0j 0.00104523-0j -2.72844e-05-0j -0.108726-0j -4.41211e-06-0j -3.2155e-06-0j 0.0495069-0j 0.000458952-0j -6.36833e-07-0j -0.0638112-0j -1.46767e-07-0j -0.000208978-0j 6.6244e-05-0j -5.51513e-07-0j 5.7369e-05-0j 0.000269359-0j -6.49965e-08-0j -3.01634e-05-0j -2.61223e-05-0j 6.761e-06-0j 3.88787e-05-0j -2.96667e-09-0j -3.07854e-06-0j 3.08596e-07-0j 3.36699e-05-0j -1.40515e-07-0j 3.96804e-06-0j 1.81115e-07-0j 
0.047155-0j -0.000712254-0j 0.00979753-0j 0.059179-0j 0.0597923-0j 0.00341685-0j 0.000866291-0j 0.00345226-0j 0.000875268-0j 0.00056826-0j -0.000357564-0j 0.644681-0j -0.000208579-0j 5.79978e-05-0j -0.00112826-0j -0.40565-0j -3.64937e-05-0j -0.000133664-0j -0.236629-0j 0.000709928-0j -2.1288e-05-0j 8.41048e-05-0j 0.000414125-0j 4.90611e-05-0j -0.000223122-0j 0.000511924-0j 0.00169772-0j -0.000159406-0j -0.00022777-0j 0.00424412-0j -9.39503e-05-0j -0.0583808-0j -0.00389521-0j 0.000173273-0j 0.00121291-0j -0.0097376-0j 6.21275e-05-0j 0.00173309-0j 0.00303215-0j 0.133947-0j 0.000714865-0j 4.73938e-06-0j 0.00433254-0j -0.0417092-0j -0.000397553-0j 0.000123792-0j 0.00178708-0j -0.000142544-0j -0.059597-0j 0.000176883-0j 4.43861e-05-0j -0.0245825-0j -1.08739e-05-0j 6.34219e-05-0j 3.38598e-06-0j 7.29606e-05-0j 4.83812e-06-0j 2.61602e-05-0j 1.99562e-06-0j 
0.0043314-0j -0.00600924-0j -0.00086736-0j 0.00177542-0j 0.00161057-0j 0.000313853-0j 2.61544e-05-0j 0.000284712-0j 2.3726e-05-0j -0.24207-0j 0.583523-0j 0.000208579-0j -0.6717-0j 0.000127728-0j 2.60724e-05-0j -0.000502791-0j -0.000307895-0j 1.53633e-06-0j 0.000578768-0j -6.28489e-05-0j 0.000354422-0j -3.7034e-06-0j 7.2346e-05-0j 4.26303e-06-0j 0.000966346-0j -0.00219621-0j -0.0301638-0j 0.000690391-0j 0.000885706-0j 0.000127327-0j 0.000487154-0j 1.83781e-05-0j 0.0685531-0j 1.59159e-05-0j -0.0215501-0j -0.000289376-0j 1.87571e-06-0j -0.0276467-0j 9.0967e-05-0j -4.17678e-05-0j -0.0152062-0j 8.5614e-08-0j 0.000116702-0j 1.313e-05-0j -3.6172e-05-0j 1.13709e-05-0j 6.41882e-05-0j -4.26291e-06-0j 1.68445e-05-0j 1.45877e-05-0j 1.34007e-06-0j 9.26477e-06-0j -1.94574e-07-0j 1.71918e-06-0j 6.11656e-08-0j 8.02352e-06-0j 7.84696e-08-0j 9.45581e-07-0j 4.31597e-08-0j 
-0.000612424-0j 0.0838353-0j -6.29549e-05-0j -0.00025103-0j -0.000253631-0j 0.00852956-0j -3.69802e-06-0j 0.00861796-0j -3.73634e-06-0j 0.000347987-0j -0.000218962-0j 5.79978e-05-0j -0.000127728-0j 0.649226-0j -0.00139347-0j -3.64937e-05-0j -0.408509-0j 4.27194e-07-0j -2.1288e-05-0j 0.000876808-0j -0.238297-0j -2.68801e-07-0j 0.000511471-0j -1.56801e-07-0j -0.000136634-0j 0.000313488-0j -2.20491e-05-0j -9.76157e-05-0j -0.00013948-0j 0.00346037-0j -5.75326e-05-0j -2.59852e-06-0j 5.05889e-05-0j -0.0411362-0j -1.57527e-05-0j -0.00793937-0j 5.09761e-05-0j -2.25085e-05-0j 0.00247221-0j 5.96196e-06-0j -9.28428e-06-0j -1.21051e-08-0j 0.00353246-0j -1.85647e-06-0j 0.0943817-0j -0.0293891-0j 0.00145707-0j -0.000116958-0j -2.65265e-06-0j -0.0419932-0j 3.64191e-05-0j -1.09416e-06-0j 2.77736e-08-0j 5.20381e-05-0j -8.64832e-09-0j -0.0173213-0j -1.23573e-08-0j 2.14646e-05-0j -5.09713e-09-0j 
-0.0119138-0j -0.00851189-0j 0.0571267-0j 5.12413e-05-0j 5.17723e-05-0j 0.0825331-0j 0.0102836-0j 0.0833884-0j 0.0103901-0j -7.10325e-05-0j 4.46955e-05-0j 0.00112826-0j 2.60724e-05-0j 0.00139347-0j 0.628944-0j -0.000709928-0j -0.000876808-0j -0.00239262-0j -0.000414125-0j -0.395747-0j -0.000511471-0j 0.0015055-0j -0.230853-0j 0.000878206-0j 2.78902e-05-0j -6.39905e-05-0j -0.000428932-0j 1.99257e-05-0j 2.84713e-05-0j -0.000351335-0j 1.17438e-05-0j 0.00235795-0j 0.000984129-0j 0.00841452-0j -0.000306444-0j 0.000806093-0j -0.0705091-0j -0.000437868-0j -0.000251006-0j -0.00541001-0j -0.000180611-0j 0.000113392-0j -0.000358655-0j 0.0016846-0j -0.019306-0j 0.00601162-0j -0.000147937-0j 0.161774-0j 0.00240707-0j 0.00858982-0j -0.0503741-0j 0.000992867-0j -0.000260162-0j -0.071978-0j 8.10109e-05-0j 0.00354312-0j 0.000115754-0j -0.0296894-0j 4.77461e-05-0j 
-0.0583514-0j 1.52705e-05-0j -0.000210055-0j 0.0711456-0j 0.0714253-0j 0.00410777-0j 0.00104146-0j 0.00412392-0j 0.00104556-0j 0.000357564-0j -7.4478e-06-0j 0.40565-0j -0.000502791-0j 3.64937e-05-0j -0.000709928-0j -0.0084494-0j -7.60138e-07-0j -8.41048e-05-0j -0.570407-0j 1.47873e-05-0j -5.13159e-05-0j 1.75184e-06-0j 0.000998271-0j 0.000118265-0j 0.000276099-0j 5.58092e-06-0j -0.00210083-0j -0.000580533-0j 0.000264339-0j -0.00525184-0j -0.000340716-0j 0.0722425-0j -4.2465e-05-0j -0.000214415-0j 0.00441726-0j -0.000106158-0j -7.68789e-05-0j -0.00201134-0j 0.0110427-0j 0.00146027-0j 0.00259249-0j -5.86468e-06-0j -0.00502814-0j -0.151899-0j -4.33407e-06-0j 0.000450834-0j 0.00648095-0j -1.55399e-06-0j 0.0691654-0j -0.000205282-0j 0.000161648-0j -0.0891498-0j -1.18546e-07-0j -7.36043e-05-0j 1.23312e-05-0j 0.000264595-0j -5.61488e-06-0j 9.48713e-05-0j 7.23723e-06-0j 
0.000757836-0j -0.0017974-0j 1.34973e-06-0j -0.000301791-0j -0.000302977-0j 0.0102543-0j -4.4458e-06-0j 0.0102946-0j -4.46328e-06-0j 0.000218962-0j -4.56083e-06-0j 3.64937e-05-0j -0.000307895-0j 0.408509-0j -0.000876808-0j -7.60138e-07-0j -0.00850896-0j 2.68801e-07-0j -5.13159e-05-0j 1.82633e-05-0j -0.574428-0j -5.59895e-09-0j 0.00123293-0j -3.77977e-07-0j 0.000169075-0j 3.4176e-06-0j 2.72844e-05-0j -0.000355502-0j 0.000161874-0j -0.00428199-0j -0.000208645-0j 3.2155e-06-0j 5.51513e-07-0j 0.0509035-0j -5.7369e-05-0j -8.65539e-05-0j -6.30797e-05-0j 2.61223e-05-0j 0.00900343-0j 6.49965e-08-0j -3.36699e-05-0j 1.49793e-08-0j -0.0040996-0j -6.761e-06-0j 0.00102894-0j -0.107031-0j 0.00528412-0j -1.27506e-06-0j 3.07854e-06-0j 0.0487353-0j 0.000132633-0j -3.96804e-06-0j 3.02784e-10-0j -6.03928e-05-0j -3.14959e-08-0j -0.0628167-0j 1.43413e-08-0j 7.78425e-05-0j -1.8485e-08-0j 
0.00141142-0j -5.24625e-06-0j -0.0207769-0j -3.01942e-06-0j -3.05071e-06-0j 0.000102271-0j 0.115491-0j 0.000103331-0j 0.116688-0j 4.18563e-06-0j -2.63371e-06-0j -0.000133664-0j -1.53633e-06-0j 4.27194e-07-0j 0.00239262-0j 8.41048e-05-0j -2.68801e-07-0j 0.608698-0j 4.90611e-05-0j -0.0015055-0j -1.56801e-07-0j -0.383008-0j -0.000878206-0j -0.223422-0j -1.64345e-06-0j 3.77068e-06-0j 5.08153e-05-0j -1.17413e-06-0j -1.67768e-06-0j -2.16543e-07-0j -6.9201e-07-0j -0.000857585-0j -0.000116589-0j 5.18632e-06-0j 3.63042e-05-0j 4.9683e-07-0j 0.00828263-0j 5.1874e-05-0j -1.54706e-07-0j 0.00196762-0j 2.13969e-05-0j -0.090062-0j -2.21054e-07-0j -0.000612688-0j -1.18993e-05-0j 3.70528e-06-0j -9.11803e-08-0j -0.0190034-0j -0.000875451-0j 5.29437e-06-0j 0.0059174-0j -0.000361105-0j 0.206636-0j 0.00845518-0j -0.0643434-0j 2.18381e-06-0j -0.0919383-0j 0.00348759-0j -0.0379226-0j 
0.0340383-0j 0.00100154-0j -0.0137769-0j 0.0427176-0j 0.0387513-0j 0.00246641-0j 0.000625322-0j 0.00223741-0j 0.000567261-0j -0.000208579-0j 0.000502791-0j -0.236629-0j -0.000578768-0j -2.1288e-05-0j 0.000414125-0j 0.570407-0j 5.13159e-05-0j 4.90611e-05-0j -0.656602-0j -0.000998271-0j -5.90703e-05-0j -0.000118265-0j 0.00114912-0j 0.000136136-0j -0.000161058-0j 0.000366035-0j 0.00122548-0j -0.000115065-0j -0.000147618-0j 0.00306357-0j -8.11924e-05-0j -0.0421415-0j -0.00278515-0j 0.000125075-0j 0.000875527-0j -0.00696256-0j 4.4846e-05-0j 0.00112322-0j 0.00218872-0j 0.0957746-0j 0.00061779-0j 3.42107e-06-0j 0.00280792-0j -0.0301073-0j -0.000284258-0j 8.93581e-05-0j 0.00154441-0j -0.000101921-0j -0.0386248-0j 0.000114638-0j 3.20396e-05-0j -0.0212443-0j -7.77503e-06-0j 4.11037e-05-0j 2.44413e-06-0j 6.30529e-05-0j 3.13558e-06-0j 2.26078e-05-0j 1.72463e-06-0j 
0.0147425-0j 0.000182492-0j -0.00122478-0j 6.16028e-05-0j 6.1845e-05-0j 0.0992221-0j 0.012363-0j 0.0996122-0j 0.0124116-0j -4.46955e-05-0j 9.30976e-07-0j 0.000709928-0j 6.28489e-05-0j 0.000876808-0j 0.395747-0j -1.47873e-05-0j -1.82633e-05-0j -0.0015055-0j -0.000998271-0j -0.00824314-0j -0.00123293-0j 3.13584e-05-0j -0.556483-0j 0.00211696-0j -3.45124e-05-0j -6.97615e-07-0j 0.000530776-0j 7.25666e-05-0j -3.30424e-05-0j 0.000434755-0j 4.25895e-05-0j -0.00291781-0j 1.07288e-05-0j -0.0104124-0j -0.00111602-0j 8.78791e-06-0j 0.0872506-0j 0.000508168-0j -0.000914127-0j -5.89792e-05-0j -0.000654997-0j -0.000140315-0j 0.000416237-0j 0.00613508-0j -0.000210472-0j 0.0218935-0j -0.000536503-0j 0.00176364-0j -0.00279353-0j -0.00996893-0j -0.183455-0j 0.00360069-0j -2.83626e-06-0j 0.0835342-0j 0.00029503-0j 0.0128493-0j -0.000134338-0j -0.10767-0j 0.000173154-0j 
-0.000442071-0j -0.117886-0j 8.85245e-05-0j -0.000181203-0j -0.000164378-0j 0.00615697-0j -2.66937e-06-0j 0.00558529-0j -2.42152e-06-0j -0.000127728-0j 0.000307895-0j -2.1288e-05-0j -0.000354422-0j -0.238297-0j 0.000511471-0j 5.13159e-05-0j 0.574428-0j -1.56801e-07-0j -5.90703e-05-0j -0.00123293-0j -0.661231-0j 3.77977e-07-0j 0.00141924-0j -4.35094e-07-0j -9.86273e-05-0j 0.00022415-0j -1.59159e-05-0j -7.04628e-05-0j -9.0397e-05-0j 0.00249783-0j -4.972e-05-0j -1.87571e-06-0j 3.6172e-05-0j -0.0296937-0j -1.13709e-05-0j -0.00567679-0j 3.67965e-05-0j -1.45877e-05-0j 0.00178453-0j 4.26291e-06-0j -8.02352e-06-0j -8.73794e-09-0j 0.00228939-0j -1.34007e-06-0j 0.0674846-0j -0.0212142-0j 0.0012592-0j -8.36271e-05-0j -1.71918e-06-0j -0.0272158-0j 2.62887e-05-0j -9.45581e-07-0j 1.98587e-08-0j 3.37258e-05-0j -6.24269e-09-0j -0.0149692-0j -8.00877e-09-0j 1.85498e-05-0j -4.40497e-09-0j 
-0.00174654-0j 1.12478e-07-0j 0.00044545-0j -3.62998e-06-0j -3.64425e-06-0j 0.000122951-0j 0.138844-0j 0.000123435-0j 0.13939-0j 2.63371e-06-0j -5.48583e-08-0j -8.41048e-05-0j -3.7034e-06-0j 2.68801e-07-0j 0.0015055-0j 1.75184e-06-0j -5.59895e-09-0j 0.383008-0j 0.000118265-0j -3.13584e-05-0j -3.77977e-07-0j -0.0079778-0j -0.00211696-0j -0.53857-0j 2.03366e-06-0j 4.11074e-08-0j -6.28808e-05-0j -4.27603e-06-0j 1.94704e-06-0j 2.67958e-07-0j -2.50961e-06-0j 0.00106121-0j -1.27104e-06-0j -6.41774e-06-0j 0.000132215-0j 5.41637e-09-0j -0.0102492-0j -6.02024e-05-0j -5.63416e-07-0j 2.14507e-05-0j 7.75971e-05-0j 0.111446-0j 2.56545e-07-0j -0.00223132-0j -1.29725e-07-0j 1.34941e-05-0j -3.3067e-07-0j -0.000207173-0j 0.00101601-0j -6.14438e-06-0j 0.0215503-0j -0.00130957-0j 0.00225271-0j -0.00981268-0j -0.234329-0j 7.91972e-06-0j 0.106699-0j 0.0126479-0j -0.137528-0j 
-0.00859981-0j 0.011969-0j -0.0803291-0j 3.69879e-05-0j 3.35536e-05-0j 0.0595755-0j 0.00742307-0j 0.054044-0j 0.00673384-0j 2.60724e-05-0j -6.28489e-05-0j -0.000414125-0j 7.2346e-05-0j -0.000511471-0j -0.230853-0j 0.000998271-0j 0.00123293-0j 0.000878206-0j -0.00114912-0j 0.556483-0j -0.00141924-0j -0.00211696-0j -0.640574-0j 0.00243686-0j 2.01322e-05-0j -4.57543e-05-0j -0.000309619-0j 1.43831e-05-0j 1.84522e-05-0j -0.000253607-0j 1.0149e-05-0j 0.00170206-0j 0.00070367-0j 0.00607392-0j -0.000221203-0j 0.000576371-0j -0.0508962-0j -0.000283782-0j -0.000181186-0j -0.00386826-0j -0.000156085-0j 8.18504e-05-0j -0.000232444-0j 0.00121601-0j -0.0138042-0j 0.00433942-0j -0.000127848-0j 0.115671-0j 0.00156002-0j 0.00556706-0j -0.036362-0j 0.000858041-0j -0.000186021-0j -0.0466489-0j 5.84768e-05-0j 0.00306198-0j 7.50201e-05-0j -0.0256578-0j 4.12624e-05-0j 
0.00101881-0j 7.37704e-06-0j 0.0292156-0j -2.17953e-06-0j -1.97716e-06-0j 7.38233e-05-0j 0.0833657-0j 6.69688e-05-0j 0.0756252-0j -1.53633e-06-0j 3.7034e-06-0j 4.90611e-05-0j -4.26303e-06-0j -1.56801e-07-0j -0.000878206-0j -0.000118265-0j 3.77977e-07-0j -0.223422-0j 0.000136136-0j 0.00211696-0j -4.35094e-07-0j 0.53857-0j -0.00243686-0j -0.619954-0j -1.1863e-06-0j 2.6961e-06-0j 3.66804e-05-0j -8.47535e-07-0j -1.08731e-06-0j -1.56309e-07-0j -5.98038e-07-0j -0.000619037-0j -8.33634e-05-0j 3.74368e-06-0j 2.62058e-05-0j 3.55242e-07-0j 0.00597872-0j 3.36195e-05-0j -1.11673e-07-0j 0.00140688-0j 1.84913e-05-0j -0.0650102-0j -1.43265e-07-0j -0.000442262-0j -8.50824e-06-0j 2.67462e-06-0j -7.87985e-08-0j -0.0135878-0j -0.000567379-0j 3.43128e-06-0j 0.0042714-0j -0.000312069-0j 0.147748-0j 0.0054798-0j -0.0464455-0j 1.88726e-06-0j -0.0595852-0j 0.00301399-0j -0.0327729-0j 
0.00463339-0j 0.00329987-0j 0.000476296-0j 0.00189921-0j 0.00191889-0j 0.000335736-0j 2.7978e-05-0j 0.000339215-0j 2.82679e-05-0j 0.00133873-0j 0.00165659-0j 0.000223122-0j 0.000966346-0j 0.000136634-0j 2.78902e-05-0j 0.000276099-0j 0.000169075-0j 1.64345e-06-0j 0.000161058-0j 3.45124e-05-0j 9.86273e-05-0j 2.03366e-06-0j 2.01322e-05-0j 1.1863e-06-0j 0.744911-0j -0.292819-0j -0.000495097-0j -0.179314-0j -0.256217-0j -0.000404245-0j -0.105684-0j -5.83478e-05-0j 0.000194619-0j -5.05306e-05-0j 0.000119179-0j 0.000158906-0j -5.95509e-06-0j 0.000170292-0j 9.73095e-05-0j 2.29361e-05-0j 7.02417e-05-0j -2.71812e-07-0j 0.000139043-0j 1.40454e-05-0j 1.98632e-05-0j 1.21637e-05-0j 5.73521e-05-0j 2.3409e-06-0j 2.00691e-05-0j 1.73803e-05-0j 1.4335e-06-0j 8.27807e-06-0j 1.06847e-07-0j 2.04829e-06-0j 6.54302e-08-0j 7.16902e-06-0j 9.34913e-08-0j 8.44877e-07-0j 3.85632e-08-0j 
-0.00540563-0j -6.6702e-05-0j -9.6276e-06-0j -0.00221574-0j 0.00216113-0j -0.000391692-0j -3.2641e-05-0j 0.000382037-0j 3.18364e-05-0j 0.00307154-0j -3.34855e-05-0j 0.000511924-0j 0.00219621-0j 0.000313488-0j 6.39905e-05-0j -5.58092e-06-0j -3.4176e-06-0j 3.77068e-06-0j 0.000366035-0j -6.97615e-07-0j 0.00022415-0j -4.11074e-08-0j 4.57543e-05-0j 2.6961e-06-0j 0.292819-0j -0.0116401-0j -0.000194619-0j 0.2092-0j -0.288561-0j -0.000158906-0j -0.361349-0j -2.29361e-05-0j 7.73648e-06-0j -1.98632e-05-0j -0.000139043-0j 6.31681e-06-0j -2.3409e-06-0j 0.000191789-0j -0.000113528-0j 9.11753e-07-0j 0.000240167-0j -1.06847e-07-0j 0.000156595-0j -1.63863e-05-0j 7.89601e-07-0j -1.4191e-05-0j 0.000196095-0j 9.30554e-08-0j 2.26026e-05-0j 1.95744e-05-0j -1.67242e-06-0j 2.83039e-05-0j 4.24738e-09-0j 2.30687e-06-0j -7.63353e-08-0j 2.45119e-05-0j 1.05294e-07-0j 2.88876e-06-0j 1.31853e-07-0j 
0.0352553-0j -0.000532515-0j 0.0073251-0j -0.000306483-0j -0.000309659-0j 0.0025546-0j 0.00064768-0j 0.00258107-0j 0.000654392-0j 0.0417875-0j 0.0517094-0j 0.00169772-0j 0.0301638-0j -2.20491e-05-0j 0.000428932-0j 0.00210083-0j -2.72844e-05-0j 5.08153e-05-0j 0.00122548-0j 0.000530776-0j -1.59159e-05-0j 6.28808e-05-0j 0.000309619-0j 3.66804e-05-0j 0.000495097-0j -0.000194619-0j 0.728677-0j -0.000119179-0j -0.000170292-0j 6.52348e-05-0j -7.02417e-05-0j -0.000897348-0j -0.286438-0j -0.000384486-0j -0.175407-0j -2.56433e-05-0j -0.000137858-0j -0.250633-0j -1.57033e-05-0j 0.000352741-0j -0.103381-0j -1.05165e-05-0j -2.24379e-05-0j 0.000216009-0j 0.000151139-0j 9.25531e-05-0j -9.25516e-06-0j 5.41911e-05-0j 0.000308648-0j 0.000132246-0j 3.31851e-05-0j 0.000127311-0j 4.13395e-06-0j 4.74172e-05-0j 2.53152e-06-0j 5.45488e-05-0j 3.61721e-06-0j 1.95586e-05-0j 1.49202e-06-0j 
-0.00331026-0j -0.00235754-0j -0.000340282-0j 0.00399332-0j -0.00137092-0j 0.000705927-0j 5.88272e-05-0j -0.000242347-0j -2.01956e-05-0j -0.000956435-0j 0.0034832-0j -0.000159406-0j -0.000690391-0j -9.76157e-05-0j -1.99257e-05-0j 0.000580533-0j 0.000355502-0j -1.17413e-06-0j -0.000115065-0j 7.25666e-05-0j -7.04628e-05-0j 4.27603e-06-0j -1.43831e-05-0j -8.47535e-07-0j 0.179314-0j 0.2092-0j -0.000119179-0j 0.113728-0j -0.538728-0j -9.73095e-05-0j 0.0755042-0j -1.40454e-05-0j -0.000139043-0j -1.21637e-05-0j -7.55882e-05-0j -0.000113528-0j -1.4335e-06-0j 0.00035806-0j -6.17175e-05-0j -1.63863e-05-0j -5.01831e-05-0j -6.54302e-08-0j 0.000292355-0j -8.90816e-06-0j -1.4191e-05-0j -7.71469e-06-0j -4.09743e-05-0j -1.67242e-06-0j 4.21978e-05-0j 3.65443e-05-0j -9.09185e-07-0j -5.91414e-06-0j -7.63353e-08-0j 4.30679e-06-0j -4.14984e-08-0j -5.12179e-06-0j 1.96577e-07-0j -6.03609e-07-0j -2.75509e-08-0j 
0.00472992-0j -0.00325189-0j -0.00046937-0j -0.00188358-0j -0.00195769-0j -0.000332973-0j -2.77478e-05-0j -0.000346074-0j -2.88395e-05-0j 0.00136662-0j 0.00158603-0j 0.00022777-0j 0.000885706-0j 0.00013948-0j 2.84713e-05-0j 0.000264339-0j 0.000161874-0j 1.67768e-06-0j 0.000147618-0j 3.30424e-05-0j 9.0397e-05-0j 1.94704e-06-0j 1.84522e-05-0j 1.08731e-06-0j -0.256217-0j 0.288561-0j 0.000170292-0j 0.538728-0j -0.253956-0j 0.000139043-0j -0.50991-0j 2.00691e-05-0j -0.000191789-0j 1.73803e-05-0j -0.00035806-0j -0.000156595-0j 2.04829e-06-0j 0.000168789-0j -0.000292355-0j -2.26026e-05-0j 0.000338906-0j 9.34913e-08-0j 0.000137816-0j -4.21978e-05-0j -1.95744e-05-0j -3.65443e-05-0j 0.000276716-0j -2.30687e-06-0j 1.9892e-05-0j 1.7227e-05-0j -4.30679e-06-0j 3.99405e-05-0j -1.05294e-07-0j 2.03022e-06-0j -1.96577e-07-0j 3.45895e-05-0j 9.26664e-08-0j 4.07641e-06-0j 1.86062e-07-0j 
-0.000610503-0j 0.0415688-0j -6.27575e-05-0j 0.0361259-0j 0.0365003-0j 0.00422929-0j -3.68642e-06-0j 0.00427311-0j -3.72462e-06-0j -0.000176393-0j -0.000218275-0j 0.00424412-0j -0.000127327-0j 0.00346037-0j 0.000351335-0j 0.00525184-0j 0.00428199-0j -2.16543e-07-0j 0.00306357-0j 0.000434755-0j 0.00249783-0j -2.67958e-07-0j 0.000253607-0j -1.56309e-07-0j 0.000404245-0j -0.000158906-0j 6.52348e-05-0j -9.73095e-05-0j -0.000139043-0j 0.735144-0j -5.73521e-05-0j -0.00110987-0j -2.56433e-05-0j -0.00127973-0j -1.57033e-05-0j -0.28898-0j -7.50168e-05-0j -2.24379e-05-0j -0.176963-0j 0.00043628-0j -9.25516e-06-0j 3.58143e-08-0j -0.252857-0j 0.000267166-0j 0.000503054-0j 0.000308057-0j -0.104298-0j 2.94885e-05-0j 0.000381745-0j 0.000440173-0j 1.8058e-05-0j 0.000157462-0j -1.40783e-08-0j 2.58025e-05-0j -8.62119e-09-0j 0.000181562-0j -1.23186e-08-0j 1.0643e-05-0j -5.08114e-09-0j 
-0.00195099-0j 0.00407216-0j 0.000587766-0j -0.000799703-0j -0.00381888-0j -0.000141369-0j -1.17807e-05-0j -0.000675089-0j -5.62574e-05-0j -0.000563702-0j 0.00204429-0j -9.39503e-05-0j -0.000487154-0j -5.75326e-05-0j -1.17438e-05-0j 0.000340716-0j 0.000208645-0j -6.9201e-07-0j -8.11924e-05-0j 4.25895e-05-0j -4.972e-05-0j 2.50961e-06-0j -1.0149e-05-0j -5.98038e-07-0j 0.105684-0j -0.361349-0j -7.02417e-05-0j 0.0755042-0j 0.50991-0j -5.73521e-05-0j -0.619126-0j -8.27807e-06-0j 0.000240167-0j -7.16902e-06-0j -5.01831e-05-0j 0.000196095-0j -8.44877e-07-0j -0.000338906-0j -4.09743e-05-0j 2.83039e-05-0j 0.000411495-0j -3.85632e-08-0j -0.000276716-0j -5.91414e-06-0j 2.45119e-05-0j -5.12179e-06-0j 0.000335985-0j 2.88876e-06-0j -3.99405e-05-0j -3.45895e-05-0j -6.03609e-07-0j 4.84952e-05-0j 1.31853e-07-0j -4.07641e-06-0j -2.75509e-08-0j 4.19981e-05-0j -1.86062e-07-0j 4.94952e-06-0j 2.25914e-07-0j 
-0.00839788-0j 6.27575e-05-0j 0.040268-0j -0.00521433-0j -0.00526836-0j -0.00060851-0j 0.00724877-0j -0.000614816-0j 0.00732389-0j 2.54602e-05-0j 3.15053e-05-0j 0.0583808-0j 1.83781e-05-0j 2.59852e-06-0j 0.00235795-0j 0.0722425-0j 3.2155e-06-0j 0.000857585-0j 0.0421415-0j 0.00291781-0j 1.87571e-06-0j 0.00106121-0j 0.00170206-0j 0.000619037-0j -5.83478e-05-0j 2.29361e-05-0j 0.000897348-0j 1.40454e-05-0j 2.00691e-05-0j 0.00110987-0j 8.27807e-06-0j 0.712139-0j -0.000352741-0j 9.15852e-05-0j -0.000216009-0j -0.00043628-0j -0.0015429-0j -0.000308648-0j -0.000267166-0j -0.279937-0j -0.000127311-0j -0.000237221-0j -0.000381745-0j -0.171425-0j -3.60015e-05-0j -2.20463e-05-0j -0.000157462-0j 0.000606501-0j -0.244945-0j -3.15013e-05-0j 0.000371405-0j -0.101034-0j 9.32499e-05-0j 0.000530689-0j 5.71037e-05-0j -1.29936e-05-0j 8.15937e-05-0j 0.000218898-0j 3.36557e-05-0j 
-0.0411312-0j 1.0764e-05-0j -0.000148066-0j 0.000357564-0j -0.000348751-0j -0.00298037-0j -0.000755627-0j 0.00290691-0j 0.000737002-0j 0.0958761-0j -0.00104523-0j 0.00389521-0j 0.0685531-0j -5.05889e-05-0j 0.000984129-0j -4.2465e-05-0j 5.51513e-07-0j 0.000116589-0j 0.00278515-0j -1.07288e-05-0j -3.6172e-05-0j -1.27104e-06-0j 0.00070367-0j 8.33634e-05-0j 0.000194619-0j -7.73648e-06-0j 0.286438-0j 0.000139043-0j -0.000191789-0j 2.56433e-05-0j -0.000240167-0j -0.000352741-0j -0.0113865-0j -0.000151139-0j 0.204641-0j -1.01937e-06-0j -5.41911e-05-0j -0.282273-0j 1.83205e-05-0j 1.40221e-05-0j -0.353474-0j -4.13395e-06-0j -2.52705e-05-0j -0.00025201-0j 6.00805e-06-0j -0.000107979-0j -3.16447e-05-0j 2.1542e-06-0j 0.000347612-0j 0.000148941-0j -3.8716e-05-0j 0.000435295-0j 1.64332e-07-0j 5.34031e-05-0j -2.95344e-06-0j 0.00018651-0j 4.07384e-06-0j 6.68737e-05-0j 5.10144e-06-0j 
-0.00359823-0j -0.0104465-0j -0.000747615-0j 3.12803e-05-0j 3.16045e-05-0j 0.0501145-0j -6.61036e-05-0j 0.0506339-0j -6.67886e-05-0j 2.20491e-05-0j 2.72844e-05-0j -0.000173273-0j 1.59159e-05-0j 0.0411362-0j 0.00841452-0j -0.000214415-0j 0.0509035-0j -5.18632e-06-0j -0.000125075-0j 0.0104124-0j 0.0296937-0j -6.41774e-06-0j 0.00607392-0j -3.74368e-06-0j -5.05306e-05-0j 1.98632e-05-0j 0.000384486-0j 1.21637e-05-0j 1.73803e-05-0j 0.00127973-0j 7.16902e-06-0j 9.15852e-05-0j -0.000151139-0j 0.71732-0j -9.25531e-05-0j -0.000503054-0j -0.00270442-0j -0.000132246-0j -0.000308057-0j -3.60015e-05-0j -5.45488e-05-0j 1.07333e-06-0j -0.000440173-0j -2.20463e-05-0j -0.281973-0j -0.172673-0j -0.000181562-0j 0.00106309-0j -3.15013e-05-0j -0.246727-0j 0.000651005-0j -1.29936e-05-0j -4.2192e-07-0j 0.000930201-0j -2.58372e-07-0j -0.10177-0j -3.6918e-07-0j 0.000383688-0j -1.52279e-07-0j 
-0.0251876-0j 0.000380447-0j -0.0052333-0j -0.00064442-0j 0.000221231-0j 0.00537137-0j 0.00136183-0j -0.00184401-0j -0.00046752-0j -0.0298544-0j 0.108726-0j -0.00121291-0j -0.0215501-0j 1.57527e-05-0j -0.000306444-0j 0.00441726-0j -5.7369e-05-0j -3.63042e-05-0j -0.000875527-0j 0.00111602-0j 1.13709e-05-0j 0.000132215-0j -0.000221203-0j -2.62058e-05-0j 0.000119179-0j 0.000139043-0j 0.175407-0j 7.55882e-05-0j -0.00035806-0j 1.57033e-05-0j 5.01831e-05-0j -0.000216009-0j 0.204641-0j -9.25531e-05-0j 0.11125-0j 1.83205e-05-0j -3.31851e-05-0j -0.526988-0j 9.95962e-06-0j -0.00025201-0j 0.0738589-0j -2.53152e-06-0j -4.71785e-05-0j -0.000137001-0j -0.000107979-0j -5.87008e-05-0j 6.61221e-06-0j -3.8716e-05-0j 0.000648972-0j 0.000278065-0j -2.10473e-05-0j -9.09553e-05-0j -2.95344e-06-0j 9.97007e-05-0j -1.60559e-06-0j -3.89715e-05-0j 7.60564e-06-0j -1.39733e-05-0j -1.06595e-06-0j 
0.000712254-0j -0.00084025-0j 1.26855e-06-0j -0.0421469-0j 0.0411081-0j -0.00493417-0j 4.30082e-06-0j 0.00481255-0j -4.19482e-06-0j -0.000404711-0j 4.41211e-06-0j 0.0097376-0j -0.000289376-0j 0.00793937-0j 0.000806093-0j -0.000106158-0j -8.65539e-05-0j -4.9683e-07-0j 0.00696256-0j -8.78791e-06-0j 0.00567679-0j 5.41637e-09-0j 0.000576371-0j -3.55242e-07-0j 0.000158906-0j -6.31681e-06-0j 2.56433e-05-0j 0.000113528-0j -0.000156595-0j 0.28898-0j -0.000196095-0j -0.00043628-0j -1.01937e-06-0j -0.000503054-0j 1.83205e-05-0j -0.0114875-0j -2.94885e-05-0j -2.52705e-05-0j 0.206457-0j 1.7343e-05-0j -3.16447e-05-0j 1.40783e-08-0j -0.284778-0j -0.000311694-0j 1.99974e-05-0j -0.000359399-0j -0.356611-0j 1.17223e-06-0j 0.000429937-0j 0.00049574-0j -2.10676e-05-0j 0.000538385-0j -5.59641e-10-0j 2.90598e-05-0j 1.00581e-08-0j 0.000620787-0j -1.38736e-08-0j 3.63899e-05-0j -1.73732e-08-0j 
0.00129015-0j 0.000612366-0j -0.0125947-0j -3.68642e-06-0j -3.72462e-06-0j -0.0089376-0j 0.0341333-0j -0.00903022-0j 0.034487-0j -2.59852e-06-0j -3.2155e-06-0j 6.21275e-05-0j -1.87571e-06-0j 5.09761e-05-0j 0.0705091-0j 7.68789e-05-0j 6.30797e-05-0j 0.00828263-0j 4.4846e-05-0j 0.0872506-0j 3.67965e-05-0j 0.0102492-0j 0.0508962-0j 0.00597872-0j 5.95509e-06-0j -2.3409e-06-0j -0.000137858-0j -1.4335e-06-0j -2.04829e-06-0j -7.50168e-05-0j -8.44877e-07-0j 0.0015429-0j 5.41911e-05-0j 0.00270442-0j 3.31851e-05-0j 2.94885e-05-0j 0.694594-0j 4.74172e-05-0j 1.8058e-05-0j -0.000606501-0j 1.95586e-05-0j -0.003461-0j 2.58025e-05-0j -0.000371405-0j -0.00106309-0j -0.000651005-0j 1.0643e-05-0j -0.27304-0j -0.000530689-0j -0.000930201-0j -0.167202-0j -0.000218898-0j 0.00136049-0j -0.23891-0j 0.00083313-0j -0.000383688-0j 0.00119043-0j -0.0985453-0j 0.000491029-0j 
0.0359898-0j 0.000524772-0j -0.00721859-0j 0.000303962-0j 0.000315921-0j -0.00253358-0j -0.000642351-0j -0.00263326-0j -0.000667624-0j 0.0426581-0j 0.0495069-0j 0.00173309-0j 0.0276467-0j -2.25085e-05-0j 0.000437868-0j 0.00201134-0j -2.61223e-05-0j 5.1874e-05-0j 0.00112322-0j 0.000508168-0j -1.45877e-05-0j 6.02024e-05-0j 0.000283782-0j 3.36195e-05-0j -0.000170292-0j 0.000191789-0j -0.250633-0j 0.00035806-0j -0.000168789-0j -2.24379e-05-0j -0.000338906-0j 0.000308648-0j 0.282273-0j 0.000132246-0j 0.526988-0j 2.52705e-05-0j 4.74172e-05-0j -0.248422-0j 4.71785e-05-0j -0.000347612-0j -0.498798-0j 3.61721e-06-0j -2.22399e-05-0j -0.000648972-0j -0.000148941-0j -0.000278065-0j -4.46548e-05-0j -5.34031e-05-0j 0.000305925-0j 0.000131079-0j -9.97007e-05-0j 0.000614257-0j -4.07384e-06-0j 4.69988e-05-0j -7.60564e-06-0j 0.00026319-0j 3.58529e-06-0j 9.43674e-05-0j 7.19879e-06-0j 
0.000436165-0j -0.0296982-0j 4.48361e-05-0j 0.0759593-0j -0.0260771-0j 0.00889261-0j -7.75117e-06-0j -0.00305286-0j 2.661e-06-0j 0.000126021-0j -0.000458952-0j -0.00303215-0j 9.0967e-05-0j -0.00247221-0j -0.000251006-0j 0.0110427-0j 0.00900343-0j 1.54706e-07-0j -0.00218872-0j 0.000914127-0j -0.00178453-0j -5.63416e-07-0j -0.000181186-0j 1.11673e-07-0j 9.73095e-05-0j 0.000113528-0j 1.57033e-05-0j 6.17175e-05-0j -0.000292355-0j 0.176963-0j 4.09743e-05-0j -0.000267166-0j 1.83205e-05-0j -0.000308057-0j 9.95962e-06-0j 0.206457-0j -1.8058e-05-0j -4.71785e-05-0j 0.112237-0j -0.000311694-0j 6.61221e-06-0j 8.62119e-09-0j -0.531664-0j -0.000169447-0j -0.000359399-0j -0.000195382-0j 0.0745143-0j -2.10676e-05-0j 0.000802668-0j 0.000925519-0j -1.14531e-05-0j -0.000112496-0j 1.00581e-08-0j 5.4253e-05-0j 5.4679e-09-0j -0.000129714-0j -2.59013e-08-0j -7.60371e-06-0j 3.63014e-09-0j 
0.00979753-0j -1.26855e-06-0j -0.000813956-0j 0.00608338-0j -0.00593344-0j 0.000709928-0j -0.0084569-0j -0.00069243-0j 0.00824845-0j 5.84151e-05-0j -6.36833e-07-0j 0.133947-0j 4.17678e-05-0j 5.96196e-06-0j 0.00541001-0j -0.00146027-0j -6.49965e-08-0j 0.00196762-0j 0.0957746-0j -5.89792e-05-0j 4.26291e-06-0j -2.14507e-05-0j 0.00386826-0j 0.00140688-0j -2.29361e-05-0j 9.11753e-07-0j 0.000352741-0j -1.63863e-05-0j 2.26026e-05-0j 0.00043628-0j 2.83039e-05-0j 0.279937-0j -1.40221e-05-0j 3.60015e-05-0j 0.00025201-0j -1.7343e-05-0j -0.000606501-0j -0.000347612-0j 0.000311694-0j -0.011128-0j -0.000435295-0j -9.32499e-05-0j -0.000429937-0j 0.199996-0j -1.43113e-06-0j 2.57207e-05-0j -0.000538385-0j 2.41096e-05-0j -0.275866-0j -3.5478e-05-0j -0.000433305-0j -0.345452-0j 3.70686e-06-0j 0.000597682-0j -6.6621e-05-0j -4.44271e-05-0j 9.1894e-05-0j 0.000748444-0j 0.000115074-0j 
-0.014845-0j -0.000657142-0j 0.00903943-0j 0.000129052-0j 0.000616269-0j -0.00107567-0j -0.00027272-0j -0.00513673-0j -0.00130234-0j -0.0175956-0j 0.0638112-0j -0.000714865-0j -0.0152062-0j 9.28428e-06-0j -0.000180611-0j 0.00259249-0j -3.36699e-05-0j -2.13969e-05-0j -0.00061779-0j 0.000654997-0j 8.02352e-06-0j 7.75971e-05-0j -0.000156085-0j -1.84913e-05-0j 7.02417e-05-0j -0.000240167-0j 0.103381-0j 5.01831e-05-0j 0.000338906-0j 9.25516e-06-0j -0.000411495-0j -0.000127311-0j -0.353474-0j -5.45488e-05-0j 0.0738589-0j -3.16447e-05-0j -1.95586e-05-0j 0.498798-0j 6.61221e-06-0j 0.000435295-0j -0.605634-0j -1.49202e-06-0j 4.46548e-05-0j -9.09553e-05-0j 0.00018651-0j -3.89715e-05-0j -5.42193e-05-0j 6.68737e-05-0j -0.000614257-0j -0.00026319-0j -1.39733e-05-0j 0.000745823-0j 5.10144e-06-0j -9.43674e-05-0j -1.06595e-06-0j 0.000319562-0j -7.19879e-06-0j 0.00011458-0j 8.74067e-06-0j 
-9.84191e-05-0j 2.92354e-07-0j 0.00193645-0j 1.68261e-07-0j 1.70005e-07-0j -7.13144e-06-0j -0.0162603-0j -7.20534e-06-0j -0.0164288-0j 1.18606e-07-0j 1.46767e-07-0j -4.73938e-06-0j 8.5614e-08-0j 1.21051e-08-0j 0.000113392-0j -5.86468e-06-0j 1.49793e-08-0j 0.090062-0j -3.42107e-06-0j 0.000140315-0j 8.73794e-09-0j 0.111446-0j 8.18504e-05-0j 0.0650102-0j -2.71812e-07-0j 1.06847e-07-0j 1.05165e-05-0j 6.54302e-08-0j 9.34913e-08-0j -3.58143e-08-0j 3.85632e-08-0j -0.000237221-0j -4.13395e-06-0j 1.07333e-06-0j -2.53152e-06-0j 1.40783e-08-0j 0.003461-0j -3.61721e-06-0j 8.62119e-09-0j 9.32499e-05-0j -1.49202e-06-0j 0.671911-0j 1.23186e-08-0j 5.71037e-05-0j -4.2192e-07-0j -2.58372e-07-0j 5.08114e-09-0j -0.00136049-0j 8.15937e-05-0j -3.6918e-07-0j -0.00083313-0j 3.36557e-05-0j -0.264123-0j -0.00119043-0j -0.161742-0j -1.52279e-07-0j -0.231108-0j -0.000491029-0j -0.0953271-0j 
-0.000623222-0j -0.0409643-0j 6.1845e-05-0j -0.0358287-0j -0.0372383-0j -0.00419449-0j 3.65609e-06-0j -0.00435952-0j 3.79994e-06-0j -0.000180068-0j -0.000208978-0j 0.00433254-0j -0.000116702-0j 0.00353246-0j 0.000358655-0j 0.00502814-0j 0.0040996-0j -2.21054e-07-0j 0.00280792-0j 0.000416237-0j 0.00228939-0j -2.56545e-07-0j 0.000232444-0j -1.43265e-07-0j -0.000139043-0j 0.000156595-0j -2.24379e-05-0j 0.000292355-0j -0.000137816-0j -0.252857-0j -0.000276716-0j 0.000381745-0j 2.52705e-05-0j 0.000440173-0j 4.71785e-05-0j 0.284778-0j 2.58025e-05-0j -2.22399e-05-0j 0.531664-0j -0.000429937-0j -4.46548e-05-0j -1.23186e-08-0j -0.250626-0j -0.000802668-0j -0.00049574-0j -0.000925519-0j -0.503224-0j -2.90598e-05-0j 0.000378377-0j 0.000436289-0j -5.4253e-05-0j 0.000759731-0j 1.38736e-08-0j 2.55748e-05-0j 2.59013e-08-0j 0.00087601-0j -1.22099e-08-0j 5.13508e-05-0j -2.45158e-08-0j 
0.00599974-0j -4.48361e-05-0j -0.0287688-0j -0.0109638-0j 0.0037639-0j -0.00127947-0j 0.0152415-0j 0.000439246-0j -0.00523244-0j -1.81896e-05-0j 6.6244e-05-0j -0.0417092-0j -1.313e-05-0j -1.85647e-06-0j -0.0016846-0j 0.151899-0j 6.761e-06-0j -0.000612688-0j -0.0301073-0j 0.00613508-0j -1.34007e-06-0j 0.00223132-0j -0.00121601-0j -0.000442262-0j -1.40454e-05-0j -1.63863e-05-0j 0.000216009-0j -8.90816e-06-0j 4.21978e-05-0j 0.000267166-0j -5.91414e-06-0j 0.171425-0j 0.00025201-0j 2.20463e-05-0j 0.000137001-0j 0.000311694-0j -0.000371405-0j -0.000648972-0j 0.000169447-0j 0.199996-0j 9.09553e-05-0j -5.71037e-05-0j -0.000802668-0j 0.108725-0j 2.57207e-05-0j 1.39826e-05-0j 0.000112496-0j -0.000433305-0j -0.515027-0j -6.62355e-05-0j -0.000235559-0j 0.0721825-0j -6.6621e-05-0j 0.00111584-0j -3.62174e-05-0j 9.28309e-06-0j 0.000171561-0j -0.000156388-0j -2.40448e-05-0j 
0.00419794-0j 0.000211161-0j 1.51119e-05-0j -3.64937e-05-0j 3.55942e-05-0j -0.058467-0j 7.71208e-05-0j 0.0570259-0j -7.522e-05-0j 5.05889e-05-0j -5.51513e-07-0j -0.000397553-0j 3.6172e-05-0j 0.0943817-0j 0.019306-0j 4.33407e-06-0j -0.00102894-0j -1.18993e-05-0j -0.000284258-0j -0.000210472-0j 0.0674846-0j 1.29725e-07-0j 0.0138042-0j -8.50824e-06-0j -1.98632e-05-0j 7.89601e-07-0j 0.000151139-0j -1.4191e-05-0j 1.95744e-05-0j 0.000503054-0j 2.45119e-05-0j 3.60015e-05-0j -6.00805e-06-0j 0.281973-0j 0.000107979-0j -1.99974e-05-0j -0.00106309-0j -0.000148941-0j 0.000359399-0j -1.43113e-06-0j -0.00018651-0j 4.2192e-07-0j -0.00049574-0j 2.57207e-05-0j -0.011209-0j 0.201451-0j -0.000620787-0j 4.22597e-05-0j -3.5478e-05-0j -0.277873-0j -0.000759506-0j -4.44271e-05-0j -1.67721e-08-0j 0.00104763-0j 3.01434e-07-0j -0.347965-0j -4.15785e-07-0j 0.00131189-0j -5.20664e-07-0j 
