0.997115-0j 0.000219102-0j 0.000328653-0j -1.76515e-05-0j 0.000415717-0j -4.9926e-05-0j -4.32372e-05-0j 4.02219e-06-0j 3.79215e-06-0j -3.05507e-07-0j 1.03776e-08-0j -0.00269365-0j 0.000270657-0j 0.000296489-0j -2.51781e-05-0j -0.13231-0j -2.90732e-05-0j -4.36098e-05-0j 2.34222e-06-0j -3.90058e-05-0j 4.68444e-06-0j 3.3124e-06-0j -3.0814e-07-0j -2.51595e-07-0j 1.81293e-08-0j -5.20465e-10-0j -0.00179703-0j 0.000118208-0j 0.000172653-0j -0.0667248-0j -1.46619e-05-0j -1.55512e-05-0j 5.90601e-07-0j 0.000252739-0j -2.53951e-05-0j -2.78189e-05-0j 2.3624e-06-0j 0.00877823-0j 1.92889e-06-0j 2.89334e-06-0j -1.55397e-07-0j 2.113e-06-0j -2.53763e-07-0j -1.55397e-07-0j 1.4456e-08-0j 1.05572e-08-0j -6.94444e-10-0j 1.72654e-11-0j -0.00178168-0j 0.000117198-0j 0.000171178-0j -0.0661548-0j -1.45366e-05-0j -1.54184e-05-0j 5.85555e-07-0j 0.000250579-0j -2.51781e-05-0j -2.75812e-05-0j 2.34222e-06-0j 0.00870324-0j 1.91242e-06-0j 2.86862e-06-0j -1.5407e-07-0j 2.09495e-06-0j -2.51595e-07-0j -1.5407e-07-0j 1.43325e-08-0j 1.0467e-08-0j -6.88511e-10-0j 1.71179e-11-0j -8.09383e-08-0j 9.72038e-09-0j 5.32407e-09-0j -4.95277e-10-0j -3.30185e-10-0j 2.01082e-11-0j -4.40901e-13-0j 8.70705e-05-0j -0.0317254-0j -4.02483e-06-0j 0.000104069-0j -1.04568e-05-0j -8.09982e-06-0j 5.61622e-07-0j 0.000137671-0j -9.05588e-06-0j -1.3227e-05-0j 0.00511178-0j 1.12324e-06-0j 1.19138e-06-0j -4.52459e-08-0j -1.36912e-05-0j 1.37569e-06-0j 1.50699e-06-0j -1.27975e-07-0j -0.000388268-0j -8.53165e-08-0j -1.27975e-07-0j 6.87334e-09-0j 0.000149522-0j -0.0544806-0j -6.91166e-06-0j 0.000178713-0j -1.7957e-05-0j -1.39095e-05-0j 9.64447e-07-0j 0.000236415-0j -1.55512e-05-0j -2.2714e-05-0j 0.00877823-0j 1.92889e-06-0j 2.0459e-06-0j -7.76987e-08-0j -2.35113e-05-0j 2.3624e-06-0j 2.58788e-06-0j -2.19765e-07-0j -0.000666754-0j -1.4651e-07-0j -2.19765e-07-0j 1.18033e-08-0j -1.38992e-07-0j 1.66924e-08-0j 9.14278e-09-0j -8.50517e-10-0j -5.67011e-10-0j 3.45309e-11-0j -7.5714e-13-0j 0.000121041-0j -0.0441032-0j -5.59514e-06-0j 0.000144672-0j -1.45366e-05-0j -1.126e-05-0j 7.8074e-07-0j 0.000191383-0j -1.25891e-05-0j -1.83875e-05-0j 0.00710616-0j 1.56148e-06-0j 1.6562e-06-0j -6.28987e-08-0j -1.90329e-05-0j 1.91242e-06-0j 2.09495e-06-0j -1.77904e-07-0j -0.000539752-0j -1.18603e-07-0j -1.77904e-07-0j 9.555e-09-0j -1.12517e-07-0j 1.35128e-08-0j 7.40127e-09-0j -6.88511e-10-0j -4.59007e-10-0j 2.79535e-11-0j -6.12921e-13-0j 
-0.000219102-0j 0.988478-0j 2.4963e-05-0j -1.34073e-06-0j 3.1576e-05-0j 0.00131082-0j -3.2841e-06-0j 3.05507e-07-0j -9.9564e-05-0j -2.32049e-08-0j 7.88232e-10-0j -0.000204597-0j -0.00710616-0j 2.252e-05-0j 0.000661058-0j 2.90732e-05-0j -0.131163-0j -3.3124e-06-0j 1.77904e-07-0j -2.9627e-06-0j -0.000122991-0j 2.51595e-07-0j -2.34049e-08-0j 6.60569e-06-0j 1.37702e-09-0j -3.95322e-11-0j -0.000136494-0j 8.97851e-06-0j -0.00453306-0j 1.46619e-05-0j -0.0661468-0j -1.1812e-06-0j 4.48593e-08-0j 1.91969e-05-0j 0.000666754-0j -2.113e-06-0j -6.20255e-05-0j -1.92889e-06-0j 0.00870219-0j 2.19765e-07-0j -1.18033e-08-0j 1.60494e-07-0j 6.66261e-06-0j -1.18033e-08-0j 1.09801e-09-0j -2.77181e-07-0j -5.27468e-11-0j 1.3114e-12-0j -0.000135328-0j 8.90181e-06-0j -0.00449433-0j 1.45366e-05-0j -0.0655817-0j -1.17111e-06-0j 4.44761e-08-0j 1.90329e-05-0j 0.000661058-0j -2.09495e-06-0j -6.14956e-05-0j -1.91242e-06-0j 0.00862785-0j 2.17888e-07-0j -1.17024e-08-0j 1.59123e-07-0j 6.60569e-06-0j -1.17024e-08-0j 1.08863e-09-0j -2.74813e-07-0j -5.22962e-11-0j 1.3002e-12-0j -6.14771e-09-0j -2.55211e-07-0j 4.04392e-10-0j -3.7619e-11-0j 8.66909e-09-0j 1.52733e-12-0j -3.34889e-14-0j 6.61348e-06-0j -0.00240972-0j -0.0547914-0j 7.90462e-06-0j 0.000274547-0j -6.15226e-07-0j -1.47455e-05-0j 1.04568e-05-0j -6.87843e-07-0j 0.000347277-0j -1.12324e-06-0j 0.0050675-0j 9.04918e-08-0j -3.43667e-09-0j -1.03992e-06-0j -3.6119e-05-0j 1.14464e-07-0j 3.36001e-06-0j 8.53165e-08-0j -0.000384905-0j -9.72038e-09-0j 5.22068e-10-0j 1.1357e-05-0j -0.0041381-0j -0.0940907-0j 1.35742e-05-0j 0.000471467-0j -1.0565e-06-0j -2.53218e-05-0j 1.7957e-05-0j -1.1812e-06-0j 0.000596363-0j -1.92889e-06-0j 0.00870219-0j 1.55397e-07-0j -5.90164e-09-0j -1.78581e-06-0j -6.20255e-05-0j 1.96564e-07-0j 5.76999e-06-0j 1.4651e-07-0j -0.000660979-0j -1.66924e-08-0j 8.96523e-10-0j -1.05572e-08-0j -4.38262e-07-0j 6.94444e-10-0j -6.46014e-11-0j 1.4887e-08-0j 2.62281e-12-0j -5.75089e-14-0j 9.19375e-06-0j -0.00334988-0j -0.0761684-0j 1.09886e-05-0j 0.000381662-0j -8.55258e-07-0j -2.04985e-05-0j 1.45366e-05-0j -9.56208e-07-0j 0.000482769-0j -1.56148e-06-0j 0.00704461-0j 1.25797e-07-0j -4.7775e-09-0j -1.44565e-06-0j -5.0211e-05-0j 1.59123e-07-0j 4.67093e-06-0j 1.18603e-07-0j -0.000535076-0j -1.35128e-08-0j 7.25754e-10-0j -8.54625e-09-0j -3.54783e-07-0j 5.62167e-10-0j -5.22962e-11-0j 1.20514e-08-0j 2.12322e-12-0j -4.65547e-14-0j 
-0.000328653-0j 2.4963e-05-0j 0.987057-0j 0.000695168-0j 4.7364e-05-0j 0.000651619-0j 0.00113356-0j -0.000105451-0j 4.32052e-07-0j 3.98738e-06-0j 1.18235e-09-0j -0.000306896-0j -0.00709588-0j -0.00386969-0j 0.000660102-0j 4.36098e-05-0j -3.3124e-06-0j -0.130975-0j -9.22435e-05-0j -4.44405e-06-0j -6.11398e-05-0j -8.68422e-05-0j 8.07858e-06-0j -2.8665e-08-0j -2.36618e-07-0j -5.92983e-11-0j -0.000204742-0j -0.00621163-0j 1.96709e-05-0j -0.00251939-0j 0.000191362-0j -0.0938189-0j -3.10352e-05-0j 2.87953e-05-0j 0.00066579-0j 0.000363083-0j -6.19358e-05-0j -2.89334e-06-0j 2.19765e-07-0j 0.00868968-0j 6.12e-06-0j 2.40741e-07-0j 3.31203e-06-0j 4.0741e-06-0j -3.78997e-07-0j 1.20281e-09-0j 9.06366e-09-0j 1.96711e-12-0j -0.000202992-0j -0.00615857-0j 1.95029e-05-0j -0.00249787-0j 0.000189727-0j -0.0930174-0j -3.07701e-05-0j 2.85493e-05-0j 0.000660102-0j 0.000359982-0j -6.14067e-05-0j -2.86862e-06-0j 2.17888e-07-0j 0.00861544-0j 6.06771e-06-0j 2.38684e-07-0j 3.28374e-06-0j 4.03929e-06-0j -3.75759e-07-0j 1.19254e-09-0j 8.98623e-09-0j 1.9503e-12-0j -9.22156e-09-0j -1.26867e-07-0j -1.39583e-07-0j 1.29848e-08-0j -3.7619e-11-0j -2.62446e-10-0j -5.02333e-14-0j -0.00228275-0j 1.04568e-05-0j -4.58562e-07-0j -0.00135828-0j -0.0314054-0j 0.000212355-0j -2.21183e-05-0j 1.56852e-05-0j 0.000475873-0j -1.50699e-06-0j 0.000193011-0j -1.46602e-05-0j 0.00718746-0j 2.3776e-06-0j -1.55988e-06-0j -3.60668e-05-0j -1.96687e-05-0j 3.35515e-06-0j 1.27975e-07-0j -9.72038e-09-0j -0.000384351-0j -2.70692e-07-0j -0.00392006-0j 1.7957e-05-0j -7.87468e-07-0j -0.00233251-0j -0.053931-0j 0.000364668-0j -3.79827e-05-0j 2.69355e-05-0j 0.000817195-0j -2.58788e-06-0j 0.000331448-0j -2.51753e-05-0j 0.0123427-0j 4.08295e-06-0j -2.67871e-06-0j -6.19358e-05-0j -3.37762e-05-0j 5.76164e-06-0j 2.19765e-07-0j -1.66924e-08-0j -0.000660028-0j -4.64847e-07-0j -1.58358e-08-0j -2.17863e-07-0j -2.39699e-07-0j 2.22982e-08-0j -6.46014e-11-0j -4.50686e-10-0j -8.62633e-14-0j -0.00317338-0j 1.45366e-05-0j -6.37472e-07-0j -0.00188821-0j -0.0436583-0j 0.000295207-0j -3.07478e-05-0j 2.18049e-05-0j 0.000661536-0j -2.09495e-06-0j 0.000268314-0j -2.03799e-05-0j 0.00999167-0j 3.30523e-06-0j -2.16848e-06-0j -5.01383e-05-0j -2.73426e-05-0j 4.66417e-06-0j 1.77904e-07-0j -1.35128e-08-0j -0.000534307-0j -3.76304e-07-0j -1.28194e-08-0j -1.76365e-07-0j -1.94041e-07-0j 1.80509e-08-0j -5.22962e-11-0j -3.6484e-10-0j -6.9832e-14-0j 
-1.76515e-05-0j 1.34073e-06-0j -0.000695168-0j 0.974151-0j 2.54385e-06-0j 0.000105604-0j -2.64577e-07-0j 0.00195488-0j 2.32049e-08-0j 6.46209e-07-0j 6.35023e-11-0j -1.64829e-05-0j 1.6562e-06-0j -0.000627135-0j -0.0122372-0j 2.34222e-06-0j -1.77904e-07-0j 9.22435e-05-0j -0.129262-0j -2.38684e-07-0j -9.90854e-06-0j 2.02692e-08-0j -0.000149763-0j -1.53956e-09-0j -3.83472e-08-0j -3.18483e-12-0j -1.09964e-05-0j 7.23335e-07-0j 1.0565e-06-0j -0.000408302-0j 3.10128e-05-0j -0.00755828-0j -0.132103-0j 1.54656e-06-0j -1.55397e-07-0j 5.88426e-05-0j 0.00114819-0j -1.55397e-07-0j 1.18033e-08-0j -6.12e-06-0j 0.00857606-0j 1.29298e-08-0j 5.36759e-07-0j -9.50906e-10-0j 7.02597e-06-0j 6.46014e-11-0j 1.46889e-09-0j 1.05651e-13-0j -1.09024e-05-0j 7.17156e-07-0j 1.04747e-06-0j -0.000404814-0j 3.07478e-05-0j -0.00749371-0j -0.130975-0j 1.53334e-06-0j -1.5407e-07-0j 5.83399e-05-0j 0.00113838-0j -1.5407e-07-0j 1.17024e-08-0j -6.06771e-06-0j 0.00850279-0j 1.28194e-08-0j 5.32174e-07-0j -9.42783e-10-0j 6.96594e-06-0j 6.40495e-11-0j 1.45634e-09-0j 1.04748e-13-0j -4.95277e-10-0j -2.05606e-08-0j 3.2579e-11-0j -2.40717e-07-0j -2.02046e-12-0j -4.25329e-11-0j -2.69796e-15-0j 5.32801e-07-0j 5.61622e-07-0j -2.46287e-08-0j -0.000220127-0j 2.21183e-05-0j -0.00393671-0j -0.0309947-0j 8.42433e-07-0j -5.54147e-08-0j -8.09383e-08-0j 3.128e-05-0j -2.37589e-06-0j 0.000579039-0j 0.0101204-0j -8.37791e-08-0j 8.41809e-09-0j -3.18759e-06-0j -6.21988e-05-0j 6.87334e-09-0j -5.22068e-10-0j 2.70692e-07-0j -0.000379326-0j 9.14955e-07-0j 9.64447e-07-0j -4.22938e-08-0j -0.000378014-0j 3.79827e-05-0j -0.00676033-0j -0.0532258-0j 1.44667e-06-0j -9.5161e-08-0j -1.38992e-07-0j 5.37157e-05-0j -4.08e-06-0j 0.000994357-0j 0.0173794-0j -1.4387e-07-0j 1.4456e-08-0j -5.47389e-06-0j -0.000106811-0j 1.18033e-08-0j -8.96523e-10-0j 4.64847e-07-0j -0.000651398-0j -8.50517e-10-0j -3.53077e-08-0j 5.59464e-11-0j -4.13372e-07-0j -3.46965e-12-0j -7.30398e-11-0j -4.63308e-15-0j 7.40675e-07-0j 7.8074e-07-0j -3.42377e-08-0j -0.00030601-0j 3.07478e-05-0j -0.00547263-0j -0.0430874-0j 1.17111e-06-0j -7.70349e-08-0j -1.12517e-07-0j 4.3484e-05-0j -3.30285e-06-0j 0.000804953-0j 0.014069-0j -1.16466e-07-0j 1.17024e-08-0j -4.43123e-06-0j -8.64659e-05-0j 9.555e-09-0j -7.25754e-10-0j 3.76304e-07-0j -0.000527321-0j -6.88511e-10-0j -2.85823e-08-0j 4.52898e-11-0j -3.34633e-07-0j -2.80876e-12-0j -5.91272e-11-0j -3.75058e-15-0j 
-0.000415717-0j 3.1576e-05-0j 4.7364e-05-0j -2.54385e-06-0j 0.979291-0j 0.000408522-0j 0.000713812-0j -6.64031e-05-0j -9.41815e-05-0j 1.01314e-05-0j -5.16967e-07-0j -0.000388196-0j 3.90058e-05-0j -0.0123011-0j -3.62855e-06-0j -0.003132-0j 0.000237893-0j 0.000356839-0j -1.91653e-05-0j -0.185387-0j -7.73364e-05-0j -8.22664e-05-0j 7.65292e-06-0j 8.34353e-06-0j -7.52172e-07-0j 3.02612e-08-0j -0.00025898-0j 1.70355e-05-0j -0.00716325-0j 2.78189e-05-0j -2.113e-06-0j -2.24117e-06-0j 8.51146e-08-0j -0.00206805-0j 0.000207796-0j -0.065532-0j -1.93305e-05-0j 0.000419253-0j -3.18445e-05-0j -4.77668e-05-0j 2.56549e-06-0j 0.0151079-0j 6.30242e-06-0j 5.15337e-06-0j -4.79398e-07-0j -4.38009e-07-0j 3.45943e-08-0j -1.14762e-09-0j -0.000256767-0j 1.689e-05-0j -0.00710205-0j 2.75812e-05-0j -2.09495e-06-0j -2.22203e-06-0j 8.43875e-08-0j -0.00205038-0j 0.000206021-0j -0.0649722-0j -1.91653e-05-0j 0.000415671-0j -3.15725e-05-0j -4.73587e-05-0j 2.54357e-06-0j 0.0149788-0j 6.24858e-06-0j 5.10934e-06-0j -4.75302e-07-0j -4.34267e-07-0j 3.42988e-08-0j -1.13782e-09-0j -0.000772728-0j -3.22352e-07-0j -2.20891e-07-0j 2.05487e-08-0j 1.64484e-08-0j -1.16914e-09-0j 3.29776e-11-0j -0.00361249-0j 1.3227e-05-0j -5.8004e-07-0j 1.4998e-05-0j -1.50699e-06-0j 0.000336055-0j 8.09383e-08-0j -0.0011265-0j 7.41002e-05-0j -0.0311583-0j 0.000121005-0j -9.19099e-06-0j -9.74852e-06-0j 3.70227e-07-0j 0.000226031-0j -2.27115e-05-0j 0.00716245-0j 2.11276e-06-0j -2.78967e-05-0j 2.11891e-06-0j 3.17836e-06-0j -1.70706e-07-0j -0.00620355-0j 2.2714e-05-0j -9.96077e-07-0j 2.57553e-05-0j -2.58788e-06-0j 0.000577092-0j 1.38992e-07-0j -0.00193448-0j 0.000127249-0j -0.0535067-0j 0.000207796-0j -1.57833e-05-0j -1.67407e-05-0j 6.35773e-07-0j 0.000388152-0j -3.90014e-05-0j 0.0122997-0j 3.62815e-06-0j -4.79058e-05-0j 3.6387e-06-0j 5.45806e-06-0j -2.93145e-07-0j -0.00132697-0j -5.53561e-07-0j -3.79327e-07-0j 3.52873e-08-0j 2.82461e-08-0j -2.00771e-09-0j 5.66309e-11-0j -0.00502191-0j 1.83875e-05-0j -8.06345e-07-0j 2.08495e-05-0j -2.09495e-06-0j 0.000467168-0j 1.12517e-07-0j -0.001566-0j 0.000103011-0j -0.0433148-0j 0.000168216-0j -1.27769e-05-0j -1.35519e-05-0j 5.14672e-07-0j 0.000314218-0j -3.15725e-05-0j 0.0099569-0j 2.93706e-06-0j -3.87807e-05-0j 2.94561e-06-0j 4.41841e-06-0j -2.37307e-07-0j -0.00107421-0j -4.48119e-07-0j -3.07073e-07-0j 2.85658e-08-0j 2.28659e-08-0j -1.62529e-09-0j 4.58439e-11-0j 
-4.9926e-05-0j -0.00131082-0j -0.000651619-0j 0.000105604-0j -0.000408522-0j 0.968568-0j 8.57261e-05-0j 0.00183508-0j 0.00194923-0j -0.000139384-0j -6.20857e-08-0j -4.66208e-05-0j -0.000807285-0j -0.000587847-0j -0.017281-0j -0.000376141-0j -0.0098757-0j -0.00490928-0j 0.000795615-0j 7.73364e-05-0j -0.183357-0j -9.87987e-06-0j -0.000211492-0j -0.000172682-0j 1.03481e-05-0j 3.63425e-09-0j -3.11025e-05-0j 2.0459e-06-0j -0.000514972-0j -0.000382724-0j -0.0100485-0j 6.19358e-05-0j -4.71458e-06-0j -0.000248364-0j -0.00430067-0j -0.00313165-0j -0.0920616-0j 5.03506e-05-0j 0.00132197-0j 0.00065716-0j -0.000106502-0j -6.30242e-06-0j 0.0149425-0j 6.189e-07-0j 1.32484e-05-0j 9.06527e-06-0j -4.75938e-07-0j -1.37825e-10-0j -3.08368e-05-0j 2.02842e-06-0j -0.000510572-0j -0.000379454-0j -0.00996266-0j 6.14067e-05-0j -4.67431e-06-0j -0.000246242-0j -0.00426393-0j -0.0031049-0j -0.0912751-0j 4.99205e-05-0j 0.00131068-0j 0.000651546-0j -0.000105592-0j -6.24858e-06-0j 0.0148148-0j 6.13612e-07-0j 1.31352e-05-0j 8.98783e-06-0j -4.71872e-07-0j -1.36647e-10-0j 3.22352e-07-0j -0.000764267-0j -2.65282e-08-0j -5.67871e-07-0j -3.40426e-07-0j 1.60847e-08-0j 3.96048e-12-0j 1.50699e-06-0j -0.000273753-0j 3.61539e-05-0j -0.000206337-0j -0.00357293-0j 3.22591e-05-0j 0.000579042-0j -0.000135288-0j 8.89914e-06-0j -0.00223999-0j -0.00166475-0j -0.0437084-0j 0.000269405-0j -2.05072e-05-0j 2.71454e-05-0j 0.00047005-0j 0.00034228-0j 0.010062-0j -3.35029e-06-0j -8.79628e-05-0j -4.37269e-05-0j 7.08654e-06-0j 2.58788e-06-0j -0.000470103-0j 6.20853e-05-0j -0.000354333-0j -0.00613563-0j 5.53971e-05-0j 0.000994362-0j -0.000232323-0j 1.52821e-05-0j -0.00384664-0j -0.0028588-0j -0.0750584-0j 0.000462636-0j -3.52161e-05-0j 4.66156e-05-0j 0.000807195-0j 0.000587782-0j 0.0172791-0j -5.7533e-06-0j -0.000151054-0j -7.50902e-05-0j 1.21694e-05-0j 5.53561e-07-0j -0.00131244-0j -4.55556e-08-0j -9.75179e-07-0j -5.84598e-07-0j 2.76215e-08-0j 6.80115e-12-0j 2.09495e-06-0j -0.000380558-0j 5.02594e-05-0j -0.00028684-0j -0.00496692-0j 4.48451e-05-0j 0.000804957-0j -0.000188071-0j 1.23712e-05-0j -0.00311393-0j -0.00231426-0j -0.0607614-0j 0.000374514-0j -2.85082e-05-0j 3.77363e-05-0j 0.000653442-0j 0.000475822-0j 0.0139878-0j -4.65742e-06-0j -0.000122282-0j -6.07871e-05-0j 9.85137e-06-0j 4.48119e-07-0j -0.00106245-0j -3.68783e-08-0j -7.89428e-07-0j -4.73245e-07-0j 2.23602e-08-0j 5.50568e-12-0j 
-4.32372e-05-0j 3.2841e-06-0j -0.00113356-0j -2.64577e-07-0j -0.000713812-0j 8.57261e-05-0j 0.961357-0j 0.000388644-0j 0.00111884-0j -0.000181328-0j 1.54702e-05-0j -4.03748e-05-0j -0.000933525-0j 4.44405e-06-0j -3.77392e-07-0j -0.000657233-0j 4.99205e-05-0j -0.0172309-0j -4.02174e-06-0j -0.00376893-0j 0.000452634-0j -0.224886-0j -9.09138e-05-0j -0.000149329-0j 1.7986e-05-0j -1.08748e-06-0j -2.69355e-05-0j -0.000817195-0j 2.58788e-06-0j 2.89334e-06-0j -2.19765e-07-0j 5.3638e-05-0j 8.85246e-09-0j -0.000433968-0j -0.010034-0j 4.77668e-05-0j -4.05639e-06-0j -0.0024538-0j 0.000186379-0j -0.0643319-0j -1.50153e-05-0j 0.000623421-0j -7.48704e-05-0j 0.0212239-0j 8.58009e-06-0j 1.04737e-05-0j -1.03523e-06-0j 4.81401e-08-0j -2.67054e-05-0j -0.000810213-0j 2.56577e-06-0j 2.86862e-06-0j -2.17888e-07-0j 5.31797e-05-0j 8.77683e-09-0j -0.00043026-0j -0.00994825-0j 4.73587e-05-0j -4.02174e-06-0j -0.00243283-0j 0.000184787-0j -0.0637823-0j -1.4887e-05-0j 0.000618095-0j -7.42308e-05-0j 0.0210426-0j 8.50679e-06-0j 1.03842e-05-0j -1.02639e-06-0j 4.77288e-08-0j -4.80394e-05-0j 5.76935e-06-0j -0.00121544-0j -4.91362e-07-0j -4.92217e-07-0j 4.2015e-08-0j -1.58155e-09-0j -0.000300316-0j 1.37569e-06-0j -6.03279e-08-0j 1.55988e-06-0j 3.60668e-05-0j -1.21407e-07-0j 8.41809e-09-0j -0.000236389-0j -0.00717178-0j 2.27115e-05-0j 2.53922e-05-0j -1.92868e-06-0j 0.000470732-0j 7.769e-08-0j -0.00132291-0j -0.0305877-0j 0.000145613-0j -1.23655e-05-0j 0.000331403-0j -2.51719e-05-0j 0.00868848-0j 2.02792e-06-0j -0.000515719-0j 2.3624e-06-0j -1.03598e-07-0j 2.67871e-06-0j 6.19358e-05-0j -2.08487e-07-0j 1.4456e-08-0j -0.00040594-0j -0.0123158-0j 3.90014e-05-0j 4.36049e-05-0j -3.31203e-06-0j 0.000808366-0j 1.33413e-07-0j -0.00227177-0j -0.0525268-0j 0.000250054-0j -2.12348e-05-0j 0.000569103-0j -4.32265e-05-0j 0.0149203-0j 3.48245e-06-0j -8.24958e-05-0j 9.90743e-06-0j -0.00208722-0j -8.43793e-07-0j -8.45262e-07-0j 7.21504e-08-0j -2.71593e-09-0j -0.000417485-0j 1.91242e-06-0j -8.3865e-08-0j 2.16848e-06-0j 5.01383e-05-0j -1.68775e-07-0j 1.17024e-08-0j -0.000328617-0j -0.00996987-0j 3.15725e-05-0j 3.52991e-05-0j -2.68116e-06-0j 0.00065439-0j 1.08001e-07-0j -0.00183905-0j -0.0425215-0j 0.000202424-0j -1.719e-05-0j 0.000460701-0j -3.49927e-05-0j 0.0120783-0j 2.81912e-06-0j -6.67821e-05-0j 8.02027e-06-0j -0.00168965-0j -6.83069e-07-0j -6.84258e-07-0j 5.84073e-08-0j -2.1986e-09-0j 
-4.02219e-06-0j 3.05507e-07-0j -0.000105451-0j -0.00195488-0j -6.64031e-05-0j -0.00183508-0j -0.000388644-0j 0.948859-0j 0.000104081-0j 0.00388157-0j 1.43913e-06-0j -3.75591e-06-0j 3.77392e-07-0j -9.51308e-05-0j -0.00092139-0j -6.11398e-05-0j 4.6439e-06-0j -0.00160292-0j -0.0297154-0j -0.000350609-0j -0.00968923-0j 9.09138e-05-0j -0.221963-0j -1.38915e-05-0j -0.000385015-0j -1.01164e-07-0j -2.50571e-06-0j 1.64824e-07-0j 2.40741e-07-0j -6.19358e-05-0j 4.70436e-06-0j -0.000569096-0j 0.000131196-0j -4.03703e-05-0j 4.05639e-06-0j -0.00102251-0j -0.00990354-0j -0.000228267-0j 1.73381e-05-0j -0.00598454-0j -0.110943-0j 5.79944e-05-0j 0.0016027-0j -8.58009e-06-0j 0.020948-0j 9.74329e-07-0j 2.21605e-05-0j 4.47828e-09-0j -2.4843e-06-0j 1.63416e-07-0j 2.38684e-07-0j -6.14067e-05-0j 4.66417e-06-0j -0.000564234-0j 0.000130075-0j -4.00254e-05-0j 4.02174e-06-0j -0.00101378-0j -0.00981893-0j -0.000226317-0j 1.719e-05-0j -0.00593342-0j -0.109996-0j 5.74989e-05-0j 0.00158901-0j -8.50679e-06-0j 0.020769-0j 9.66005e-07-0j 2.19712e-05-0j 4.44002e-09-0j -4.46892e-06-0j -0.0001235-0j 4.91362e-07-0j -0.00119964-0j -4.5789e-08-0j -8.99387e-07-0j -1.47126e-10-0j 1.21407e-07-0j 1.27975e-07-0j -5.61206e-09-0j -3.33913e-05-0j 3.35515e-06-0j -0.000296412-0j 6.21988e-05-0j -2.19903e-05-0j 1.44651e-06-0j 2.11276e-06-0j -0.000543554-0j 4.12859e-05-0j -0.00499444-0j 0.00115139-0j -0.000123065-0j 1.23655e-05-0j -0.00311703-0j -0.03019-0j 3.08291e-05-0j -2.34164e-06-0j 0.000808255-0j 0.0149837-0j 2.08487e-07-0j 2.19765e-07-0j -9.63733e-09-0j -5.73414e-05-0j 5.76164e-06-0j -0.000509015-0j 0.000106811-0j -3.7763e-05-0j 2.48402e-06-0j 3.62815e-06-0j -0.000933421-0j 7.08984e-05-0j -0.00857671-0j 0.00197723-0j -0.000211334-0j 2.12348e-05-0j -0.00535274-0j -0.051844-0j 5.29414e-05-0j -4.02119e-06-0j 0.00138798-0j 0.0257308-0j -7.67426e-06-0j -0.000212082-0j 8.43793e-07-0j -0.00206009-0j -7.86314e-08-0j -1.54448e-06-0j -2.52652e-10-0j 1.68775e-07-0j 1.77904e-07-0j -7.80163e-09-0j -4.64191e-05-0j 4.66417e-06-0j -0.000412058-0j 8.64659e-05-0j -3.05699e-05-0j 2.01087e-06-0j 2.93706e-06-0j -0.000755624-0j 5.73938e-05-0j -0.00694303-0j 0.00160061-0j -0.00017108-0j 1.719e-05-0j -0.00433315-0j -0.0419688-0j 4.28572e-05-0j -3.25524e-06-0j 0.0011236-0j 0.0208296-0j -6.21248e-06-0j -0.000171685-0j 6.83069e-07-0j -0.00166769-0j -6.36538e-08-0j -1.25029e-06-0j -2.04527e-10-0j 
-3.79215e-06-0j -9.9564e-05-0j 4.32052e-07-0j -2.32049e-08-0j -9.41815e-05-0j -0.00194923-0j -0.00111884-0j 0.000104081-0j 0.943053-0j 0.00181116-0j -0.000311675-0j -3.54111e-06-0j -6.13177e-05-0j 3.89769e-07-0j 5.70415e-06-0j -8.67164e-05-0j -0.00227676-0j 9.87987e-06-0j -5.30634e-07-0j -0.00100934-0j -0.02089-0j -0.00477995-0j 0.00044466-0j -0.257043-0j -0.000271059-0j 2.74266e-05-0j -2.3624e-06-0j 1.55397e-07-0j -3.91149e-05-0j 2.53763e-07-0j 6.66261e-06-0j -2.04439e-08-0j 7.76412e-10-0j -5.72584e-05-0j -0.000991485-0j 6.30242e-06-0j 9.22339e-05-0j -0.000657143-0j -0.0172535-0j 7.48704e-05-0j -4.02119e-06-0j -0.00304916-0j -0.0631071-0j 0.000921252-0j -8.57004e-05-0j 0.0272019-0j 2.08566e-05-0j -1.45825e-06-0j -2.34222e-06-0j 1.5407e-07-0j -3.87807e-05-0j 2.51595e-07-0j 6.60569e-06-0j -2.02692e-08-0j 7.69779e-10-0j -5.67692e-05-0j -0.000983015-0j 6.24858e-06-0j 9.1446e-05-0j -0.000651529-0j -0.0171061-0j 7.42308e-05-0j -3.98683e-06-0j -0.00302311-0j -0.0625679-0j 0.000913381-0j -8.49682e-05-0j 0.0269695-0j 2.06785e-05-0j -1.44579e-06-0j 0.000479832-0j 0.00993086-0j -7.96024e-05-0j 7.4051e-06-0j -0.00170897-0j -1.05963e-06-0j 5.59276e-08-0j 1.14464e-07-0j -2.0793e-05-0j 2.74608e-06-0j 1.36811e-07-0j 2.36901e-06-0j -1.06481e-08-0j -1.27236e-07-0j -3.11895e-05-0j 2.05163e-06-0j -0.000516412-0j 3.35029e-06-0j 8.79628e-05-0j -2.69909e-07-0j 1.02505e-08-0j -0.000354285-0j -0.00613479-0j 3.89961e-05-0j 0.000570695-0j -0.00162089-0j -0.042557-0j 0.000184674-0j -9.91857e-06-0j 1.96564e-07-0j -3.57069e-05-0j 4.71572e-06-0j 2.34939e-07-0j 4.0682e-06-0j -1.82856e-08-0j -2.18497e-07-0j -5.35603e-05-0j 3.52316e-06-0j -0.000886811-0j 5.7533e-06-0j 0.000151054-0j -4.63502e-07-0j 1.76028e-08-0j -0.000608396-0j -0.010535-0j 6.69661e-05-0j 0.000980028-0j -0.00278349-0j -0.0730812-0j 0.000317132-0j -1.70327e-05-0j 0.000823992-0j 0.0170538-0j -0.000136698-0j 1.27164e-05-0j -0.00293473-0j -1.81965e-06-0j 9.60419e-08-0j 1.59123e-07-0j -2.89055e-05-0j 3.81748e-06-0j 1.90188e-07-0j 3.29329e-06-0j -1.48025e-08-0j -1.76878e-07-0j -4.33582e-05-0j 2.85207e-06-0j -0.000717892-0j 4.65742e-06-0j 0.000122282-0j -3.75215e-07-0j 1.42498e-08-0j -0.00049251-0j -0.00852829-0j 5.42105e-05-0j 0.000793353-0j -0.00225329-0j -0.0591608-0j 0.000256725-0j -1.37883e-05-0j 0.000667039-0j 0.0138054-0j -0.00011066-0j 1.02942e-05-0j -0.00237573-0j -1.47304e-06-0j 7.7748e-08-0j 
-3.05507e-07-0j 2.32049e-08-0j -3.98738e-06-0j 6.46209e-07-0j -1.01314e-05-0j -0.000139384-0j -0.000181328-0j -0.00388157-0j -0.00181116-0j 0.923602-0j 0.00430825-0j -2.85282e-07-0j 2.8665e-08-0j -3.59715e-06-0j 6.13612e-07-0j -9.32834e-06-0j 7.08539e-07-0j -0.000121751-0j 1.97313e-05-0j -0.000163582-0j -0.00225051-0j -0.00158202-0j -0.0338653-0j -0.00663971-0j -0.284047-0j -0.000507113-0j -1.90322e-07-0j 1.25193e-08-0j 1.82856e-08-0j -2.34196e-06-0j 1.77885e-07-0j 3.78997e-07-0j -2.88495e-08-0j -6.15946e-06-0j 6.189e-07-0j -7.76653e-05-0j 1.32484e-05-0j -0.000106502-0j 8.08938e-06-0j -0.00139003-0j 0.000225272-0j -0.00100918-0j -0.013884-0j -0.00410101-0j -0.0877876-0j 0.00144391-0j 0.0330262-0j 3.37625e-05-0j -1.88696e-07-0j 1.24123e-08-0j 1.81293e-08-0j -2.32195e-06-0j 1.76365e-07-0j 3.75759e-07-0j -2.8603e-08-0j -6.10684e-06-0j 6.13612e-07-0j -7.70018e-05-0j 1.31352e-05-0j -0.000105592-0j 8.02027e-06-0j -0.00137815-0j 0.000223348-0j -0.00100056-0j -0.0137654-0j -0.00406598-0j -0.0870376-0j 0.00143157-0j 0.0327441-0j 3.34741e-05-0j -0.002136-0j -0.0293864-0j 0.000728176-0j 0.0155876-0j -0.000137076-0j -0.00224441-0j -1.55553e-06-0j 9.22156e-09-0j 9.72038e-09-0j -4.26267e-10-0j -1.26262e-06-0j 1.26867e-07-0j 1.974e-07-0j -2.05606e-08-0j -3.35515e-06-0j 2.207e-07-0j 3.22352e-07-0j -4.12859e-05-0j 3.13589e-06-0j 6.68126e-06-0j -5.08581e-07-0j -5.74181e-05-0j 5.76935e-06-0j -0.000723991-0j 0.0001235-0j -0.000536468-0j 4.07477e-05-0j -0.00700181-0j 0.00113474-0j 1.58358e-08-0j 1.66924e-08-0j -7.32008e-10-0j -2.16823e-06-0j 2.17863e-07-0j 3.38985e-07-0j -3.53077e-08-0j -5.76164e-06-0j 3.78997e-07-0j 5.53561e-07-0j -7.08984e-05-0j 5.38512e-06-0j 1.14734e-05-0j -8.73363e-07-0j -9.86014e-05-0j 9.90743e-06-0j -0.00124328-0j 0.000212082-0j -0.000921252-0j 6.99741e-05-0j -0.0120239-0j 0.00194863-0j -0.00366806-0j -0.0504639-0j 0.00125046-0j 0.0267678-0j -0.000235395-0j -0.00385422-0j -2.67124e-06-0j 1.28194e-08-0j 1.35128e-08-0j -5.92576e-10-0j -1.75523e-06-0j 1.76365e-07-0j 2.74416e-07-0j -2.85823e-08-0j -4.66417e-06-0j 3.06806e-07-0j 4.48119e-07-0j -5.73938e-05-0j 4.35937e-06-0j 9.28798e-06-0j -7.07006e-07-0j -7.98199e-05-0j 8.02027e-06-0j -0.00100646-0j 0.000171685-0j -0.000745773-0j 5.66455e-05-0j -0.00973358-0j 0.00157746-0j -0.00296937-0j -0.0408516-0j 0.00101228-0j 0.0216691-0j -0.000190557-0j -0.00312008-0j -2.16243e-06-0j 
-1.03776e-08-0j 7.88232e-10-0j 1.18235e-09-0j -6.35023e-11-0j -5.16967e-07-0j 6.20857e-08-0j -1.54702e-05-0j 1.43913e-06-0j -0.000311675-0j -0.00430825-0j 0.898383-0j -9.69054e-09-0j 9.73702e-10-0j 1.06664e-09-0j -9.05796e-11-0j -4.75991e-07-0j 3.61541e-08-0j 5.42311e-08-0j -2.91268e-09-0j -1.39562e-05-0j 1.67608e-06-0j -0.000272245-0j 2.53258e-05-0j -0.00354798-0j -0.0289428-0j -0.333104-0j -6.46492e-09-0j 4.25258e-10-0j 6.21129e-10-0j 6.94444e-10-0j -5.27468e-11-0j -5.59464e-11-0j 2.12472e-12-0j -3.14294e-07-0j 3.15802e-08-0j 3.45943e-08-0j -2.93778e-09-0j -9.0863e-06-0j 6.90154e-07-0j 1.03523e-06-0j -5.56008e-08-0j -0.000173666-0j 2.08566e-05-0j -0.00219141-0j 0.000203858-0j -0.0168541-0j -0.0601179-0j 0.0449892-0j -6.40969e-09-0j 4.21625e-10-0j 6.15823e-10-0j 6.88511e-10-0j -5.22962e-11-0j -5.54685e-11-0j 2.10657e-12-0j -3.11609e-07-0j 3.13104e-08-0j 3.42988e-08-0j -2.91268e-09-0j -9.00867e-06-0j 6.84258e-07-0j 1.02639e-06-0j -5.51258e-08-0j -0.000172183-0j 2.06785e-05-0j -0.00217269-0j 0.000202117-0j -0.0167102-0j -0.0596043-0j 0.0446049-0j -0.00114139-0j 0.000137076-0j -0.00849969-0j 0.000790692-0j -0.028584-0j 0.0128695-0j -0.00347697-0j 3.13241e-10-0j 3.30185e-10-0j -1.44796e-11-0j 3.74394e-10-0j -3.7619e-11-0j -2.91396e-11-0j 2.02046e-12-0j -1.71201e-07-0j 1.12615e-08-0j 1.64484e-08-0j 1.83899e-08-0j -1.39681e-09-0j -1.48155e-09-0j 5.62657e-11-0j -4.89868e-06-0j 4.92217e-07-0j 5.39197e-07-0j -4.5789e-08-0j -9.23188e-05-0j 7.01212e-06-0j 1.05182e-05-0j -5.64917e-07-0j 5.37914e-10-0j 5.67011e-10-0j -2.48651e-11-0j 6.4293e-10-0j -6.46014e-11-0j -5.004e-11-0j 3.46965e-12-0j -2.93995e-07-0j 1.93388e-08-0j 2.82461e-08-0j 3.15802e-08-0j -2.39868e-09-0j -2.54419e-09-0j 9.66225e-11-0j -8.41228e-06-0j 8.45262e-07-0j 9.25938e-07-0j -7.86314e-08-0j -0.000158535-0j 1.20416e-05-0j 1.80624e-05-0j -9.70105e-07-0j -0.00196006-0j 0.000235395-0j -0.0145961-0j 0.00135782-0j -0.049086-0j 0.0221001-0j -0.00597085-0j 4.35453e-10-0j 4.59007e-10-0j -2.01288e-11-0j 5.20465e-10-0j -5.22962e-11-0j -4.05084e-11-0j 2.80876e-12-0j -2.37995e-07-0j 1.56552e-08-0j 2.28659e-08-0j 2.55648e-08-0j -1.94179e-09-0j -2.05958e-09-0j 7.8218e-11-0j -6.80992e-06-0j 6.84258e-07-0j 7.49567e-07-0j -6.36538e-08-0j -0.000128337-0j 9.74792e-06-0j 1.46219e-05-0j -7.85321e-07-0j -0.00158671-0j 0.000190557-0j -0.0118159-0j 0.00109918-0j -0.0397362-0j 0.0178905-0j -0.00483353-0j 
0.00269365-0j -0.000204597-0j -0.000306896-0j 1.64829e-05-0j -0.000388196-0j 4.66208e-05-0j 4.03748e-05-0j -3.75591e-06-0j -3.54111e-06-0j 2.85282e-07-0j -9.69054e-09-0j -0.0172649-0j -4.2999e-06-0j -4.7103e-06-0j 4.00003e-07-0j -6.08098e-06-0j 4.61883e-07-0j 6.92825e-07-0j -3.72107e-08-0j 6.19681e-07-0j -7.44213e-08-0j -5.26238e-08-0j 4.89539e-09-0j 3.99707e-09-0j -2.88019e-10-0j 8.26859e-12-0j -0.00162097-0j 0.000106626-0j 0.000155737-0j 0.00017412-0j -1.32253e-05-0j -1.40276e-05-0j 5.32736e-07-0j -0.0919757-0j -2.2907e-05-0j -2.50933e-05-0j 2.13094e-06-0j -2.2907e-05-0j 1.73991e-06-0j 2.60986e-06-0j -1.40172e-07-0j 1.90597e-06-0j -2.289e-07-0j -1.40172e-07-0j 1.30397e-08-0j 9.52282e-09-0j -6.26405e-10-0j 1.55738e-11-0j 0.00166373-0j -0.000109439-0j -0.000159846-0j -0.000178713-0j 1.35742e-05-0j 1.43977e-05-0j -5.4679e-07-0j 0.0944021-0j 2.35113e-05-0j 2.57553e-05-0j -2.18716e-06-0j 2.35113e-05-0j -1.78581e-06-0j -2.67871e-06-0j 1.4387e-07-0j -1.95626e-06-0j 2.34939e-07-0j 1.4387e-07-0j -1.33837e-08-0j -9.77404e-09-0j 6.4293e-10-0j -1.59847e-11-0j -1.47302e-07-0j 1.76904e-08-0j 9.68946e-09-0j -9.01372e-10-0j -6.00915e-10-0j 3.65956e-11-0j -8.02412e-13-0j 0.000158463-0j 0.000167034-0j -7.32494e-06-0j -0.076412-0j -1.90307e-05-0j -1.47411e-05-0j 1.02211e-06-0j 0.000250551-0j -1.64811e-05-0j -2.40722e-05-0j -2.69135e-05-0j 2.04423e-06-0j 2.16823e-06-0j -8.23446e-08-0j 0.0100527-0j 2.50366e-06-0j 2.74262e-06-0j -2.32906e-07-0j 2.04423e-06-0j -1.5527e-07-0j -2.32906e-07-0j 1.2509e-08-0j -2.37545e-06-0j -2.50394e-06-0j 1.09805e-07-0j 0.00114546-0j 2.85282e-07-0j 2.20978e-07-0j -1.53221e-08-0j -3.75591e-06-0j 2.47061e-07-0j 3.60856e-07-0j 4.03449e-07-0j -3.06442e-08-0j -3.25031e-08-0j 1.23439e-09-0j -0.000150695-0j -3.75313e-08-0j -4.11135e-08-0j 3.49139e-09-0j -3.06442e-08-0j 2.32759e-09-0j 3.49139e-09-0j -1.87518e-10-0j 2.20815e-09-0j -2.6519e-10-0j -1.45251e-10-0j 1.35121e-11-0j 9.00806e-12-0j -5.48589e-13-0j 1.20286e-14-0j -0.000113028-0j -0.000119142-0j 5.22473e-06-0j 0.0545031-0j 1.35742e-05-0j 1.05146e-05-0j -7.29053e-07-0j -0.000178713-0j 1.17556e-05-0j 1.71702e-05-0j 1.91969e-05-0j -1.45811e-06-0j -1.54656e-06-0j 5.87347e-08-0j -0.00717036-0j -1.78581e-06-0j -1.95626e-06-0j 1.66127e-07-0j -1.45811e-06-0j 1.10751e-07-0j 1.66127e-07-0j -8.92244e-09-0j 1.05068e-07-0j -1.26182e-08-0j -6.91129e-09-0j 6.4293e-10-0j 4.2862e-10-0j -2.61029e-11-0j 5.72344e-13-0j 
0.000270657-0j 0.00710616-0j 0.00709588-0j 1.6562e-06-0j -3.90058e-05-0j -0.000807285-0j -0.000933525-0j -3.77392e-07-0j 6.13177e-05-0j 2.8665e-08-0j -9.73702e-10-0j 4.2999e-06-0j -0.0171334-0j -4.7329e-07-0j -6.92644e-06-0j -6.11014e-07-0j -1.60423e-05-0j -1.60191e-05-0j -3.73891e-09-0j 6.22654e-08-0j 1.28868e-06-0j 1.21674e-06-0j 4.91887e-10-0j -6.92132e-08-0j -2.89401e-11-0j 8.30825e-13-0j -0.000162874-0j -0.00494142-0j -0.00269675-0j 1.74955e-05-0j 0.000459348-0j 0.000324339-0j 5.35291e-08-0j 2.2907e-05-0j -0.0912751-0j -2.52137e-06-0j -3.68994e-05-0j -2.30168e-06-0j -6.04313e-05-0j -6.03439e-05-0j -1.40844e-08-0j 1.91512e-07-0j 3.96363e-06-0j 3.24099e-06-0j 1.31022e-09-0j -1.64897e-07-0j -6.29409e-11-0j 1.56485e-12-0j 0.000167171-0j 0.00507178-0j 0.00276789-0j -1.7957e-05-0j -0.000471467-0j -0.000332895-0j -5.49413e-08-0j -2.35113e-05-0j 0.093683-0j 2.58788e-06-0j 3.78728e-05-0j 2.3624e-06-0j 6.20255e-05-0j 6.19358e-05-0j 1.4456e-08-0j -1.96564e-07-0j -4.0682e-06-0j -3.32649e-06-0j -1.34478e-09-0j 1.69247e-07-0j 6.46014e-11-0j -1.60614e-12-0j -1.48009e-08-0j -3.06328e-07-0j -2.24035e-07-0j -9.05695e-11-0j 1.04054e-08-0j 3.67711e-12-0j -8.0626e-14-0j -0.00366389-0j -0.00289236-0j 0.000381988-0j 1.90307e-05-0j -0.0758299-0j -1.48119e-06-0j -1.76989e-05-0j 2.51753e-05-0j 0.000763791-0j 0.000416834-0j -2.70426e-06-0j -7.10011e-05-0j -5.01327e-05-0j -8.27395e-09-0j -2.50366e-06-0j 0.00997609-0j 2.75578e-07-0j 4.03299e-06-0j 2.05403e-07-0j 5.39292e-06-0j 5.38512e-06-0j 1.2569e-09-0j 5.49238e-05-0j 4.33582e-05-0j -5.72621e-06-0j -2.85282e-07-0j 0.00113673-0j 2.22038e-08-0j 2.65317e-07-0j -3.77392e-07-0j -1.14497e-05-0j -6.24858e-06-0j 4.05384e-08-0j 1.06435e-06-0j 7.51519e-07-0j 1.24031e-10-0j 3.75313e-08-0j -0.000149547-0j -4.13107e-09-0j -6.04568e-08-0j -3.07912e-09-0j -8.0843e-08-0j -8.07261e-08-0j -1.88417e-11-0j 2.21874e-10-0j 4.59203e-09-0j 3.35841e-09-0j 1.35769e-12-0j -1.55983e-10-0j -5.5122e-14-0j 1.20863e-15-0j 0.00261338-0j 0.00206306-0j -0.000272464-0j -1.35742e-05-0j 0.0540879-0j 1.0565e-06-0j 1.26243e-05-0j -1.7957e-05-0j -0.000544796-0j -0.000297319-0j 1.92889e-06-0j 5.06436e-05-0j 3.57587e-05-0j 5.90164e-09-0j 1.78581e-06-0j -0.00711574-0j -1.96564e-07-0j -2.87665e-06-0j -1.4651e-07-0j -3.84666e-06-0j -3.8411e-06-0j -8.96523e-10-0j 1.05572e-08-0j 2.18497e-07-0j 1.59799e-07-0j 6.46014e-11-0j -7.42198e-09-0j -2.62281e-12-0j 5.75089e-14-0j 
0.000296489-0j -2.252e-05-0j 0.00386969-0j -0.000627135-0j 0.0123011-0j -0.000587847-0j 4.44405e-06-0j 9.51308e-05-0j -3.89769e-07-0j -3.59715e-06-0j -1.06664e-09-0j 4.7103e-06-0j -4.7329e-07-0j -0.0170985-0j -1.01314e-05-0j -6.69332e-07-0j 5.08394e-08-0j -8.73591e-06-0j 1.41577e-06-0j -1.96364e-05-0j 9.38387e-07-0j -5.7923e-09-0j -1.23992e-07-0j 4.39957e-10-0j 3.63167e-09-0j 9.10123e-13-0j -0.00017842-0j 1.17363e-05-0j -0.00493499-0j -0.0021955-0j 0.00016676-0j 0.000355295-0j -2.70452e-05-0j 2.50933e-05-0j -2.52137e-06-0j -0.0910894-0j -5.39732e-05-0j -2.52137e-06-0j 1.91512e-07-0j -3.29081e-05-0j 5.3332e-06-0j -6.03963e-05-0j 2.88623e-06-0j -1.54287e-08-0j -3.30272e-07-0j 1.04818e-09-0j 7.89841e-09-0j 1.71421e-12-0j 0.000183126-0j -1.20459e-05-0j 0.00506518-0j 0.00225342-0j -0.000171159-0j -0.000364668-0j 2.77587e-05-0j -2.57553e-05-0j 2.58788e-06-0j 0.0934924-0j 5.53971e-05-0j 2.58788e-06-0j -1.96564e-07-0j 3.37762e-05-0j -5.47389e-06-0j 6.19896e-05-0j -2.96237e-06-0j 1.58358e-08-0j 3.38985e-07-0j -1.07583e-09-0j -8.10678e-09-0j -1.75943e-12-0j 4.6677e-06-0j -2.23061e-07-0j 1.06652e-09-0j 2.28302e-08-0j -6.61426e-11-0j -4.61438e-10-0j -8.83214e-14-0j -0.00502135-0j 1.83854e-05-0j -8.06255e-07-0j -0.00238815-0j 0.000239961-0j -0.107489-0j -3.88889e-05-0j 2.75782e-05-0j -1.81407e-06-0j 0.000762797-0j 0.000339356-0j -2.57759e-05-0j -5.49177e-05-0j 4.18036e-06-0j -2.74262e-06-0j 2.75578e-07-0j 0.00995579-0j 5.8991e-06-0j 2.25008e-07-0j -1.70906e-08-0j 2.93673e-06-0j -4.75938e-07-0j 7.52729e-05-0j -2.75608e-07-0j 1.20862e-08-0j 3.57998e-05-0j -3.59715e-06-0j 0.00161132-0j 5.82967e-07-0j -4.13413e-07-0j 2.7194e-08-0j -1.14348e-05-0j -5.08714e-06-0j 3.86396e-07-0j 8.23248e-07-0j -6.2666e-08-0j 4.11135e-08-0j -4.13107e-09-0j -0.000149243-0j -8.8431e-08-0j -3.373e-09-0j 2.56198e-10-0j -4.40233e-08-0j 7.13458e-09-0j -6.99716e-08-0j 3.34381e-09-0j -1.59877e-11-0j -3.42238e-10-0j 9.91516e-13-0j 6.91723e-12-0j 1.32399e-15-0j 0.00358162-0j -1.3114e-05-0j 5.75085e-07-0j 0.00170342-0j -0.000171159-0j 0.0766694-0j 2.77387e-05-0j -1.96709e-05-0j 1.29394e-06-0j -0.000544088-0j -0.000242056-0j 1.83854e-05-0j 3.91716e-05-0j -2.98176e-06-0j 1.95626e-06-0j -1.96564e-07-0j -0.00710126-0j -4.20771e-06-0j -1.60494e-07-0j 1.21904e-08-0j -2.09471e-06-0j 3.39476e-07-0j -3.32938e-06-0j 1.59105e-07-0j -7.60725e-10-0j -1.62843e-08-0j 4.71782e-11-0j 3.29135e-10-0j 6.29978e-14-0j 
2.51781e-05-0j 0.000661058-0j 0.000660102-0j 0.0122372-0j -3.62855e-06-0j 0.017281-0j 3.77392e-07-0j -0.00092139-0j 5.70415e-06-0j -6.13612e-07-0j -9.05796e-11-0j 4.00003e-07-0j 6.92644e-06-0j 1.01314e-05-0j -0.0169107-0j -5.68402e-08-0j -1.49236e-06-0j -1.4902e-06-0j -2.76257e-05-0j 5.7923e-09-0j -2.75859e-05-0j -4.91887e-10-0j 1.20092e-06-0j -6.43863e-09-0j 6.19501e-10-0j 7.72884e-14-0j -1.51515e-05-0j 9.96658e-07-0j -0.000250868-0j -0.000374514-0j -0.00983296-0j -0.00344121-0j 0.000793318-0j 2.13094e-06-0j 3.68994e-05-0j 5.39732e-05-0j -0.0900886-0j -2.14116e-07-0j -5.62168e-06-0j -5.61355e-06-0j -0.000104066-0j 1.78156e-08-0j -8.48468e-05-0j -1.31022e-09-0j 3.19885e-06-0j -1.53397e-08-0j 1.34733e-09-0j 1.45572e-13-0j 1.55512e-05-0j -1.02295e-06-0j 0.000257486-0j 0.000384394-0j 0.0100924-0j 0.00353199-0j -0.000814247-0j -2.18716e-06-0j -3.78728e-05-0j -5.53971e-05-0j 0.0924652-0j 2.19765e-07-0j 5.76999e-06-0j 5.76164e-06-0j 0.000106811-0j -1.82856e-08-0j 8.70851e-05-0j 1.34478e-09-0j -3.28324e-06-0j 1.57444e-08-0j -1.38288e-09-0j -1.49412e-13-0j -1.37687e-09-0j 6.55735e-06-0j 9.05695e-11-0j -2.21122e-07-0j 9.67976e-10-0j -7.87135e-11-0j -7.50032e-15-0j 1.48119e-06-0j -0.000269065-0j 3.55348e-05-0j -0.000407378-0j -0.00705416-0j -0.00361626-0j -0.130772-0j 2.34196e-06-0j -1.54053e-07-0j 3.87764e-05-0j 5.78883e-05-0j 0.00151987-0j 0.000531905-0j -0.000122623-0j -2.32906e-07-0j -4.03299e-06-0j -5.8991e-06-0j 0.0098464-0j 1.91079e-08-0j 5.01682e-07-0j 5.00957e-07-0j 9.28689e-06-0j -2.22038e-08-0j 4.03344e-06-0j -5.32687e-07-0j 6.10684e-06-0j 0.000105746-0j 5.42098e-05-0j 0.00196035-0j -3.51073e-08-0j 2.30934e-09-0j -5.81281e-07-0j -8.67779e-07-0j -2.27838e-05-0j -7.97357e-06-0j 1.83818e-06-0j 3.49139e-09-0j 6.04568e-08-0j 8.8431e-08-0j -0.000147603-0j -2.86438e-10-0j -7.5205e-09-0j -7.50963e-09-0j -1.39216e-07-0j 2.06401e-11-0j -9.82984e-08-0j -1.35769e-12-0j 3.31475e-09-0j -1.45105e-11-0j 1.17996e-12-0j 1.12434e-16-0j -1.0565e-06-0j 0.000191919-0j -2.53462e-05-0j 0.000290575-0j 0.00503159-0j 0.0025794-0j 0.0932771-0j -1.67047e-06-0j 1.09883e-07-0j -2.76584e-05-0j -4.12905e-05-0j -0.00108409-0j -0.000379397-0j 8.74641e-05-0j 1.66127e-07-0j 2.87665e-06-0j 4.20771e-06-0j -0.00702323-0j -1.36292e-08-0j -3.5784e-07-0j -3.57322e-07-0j -6.62414e-06-0j 9.82092e-10-0j -4.67722e-06-0j -6.46014e-11-0j 1.57722e-07-0j -6.90437e-10-0j 5.61447e-11-0j 5.34982e-15-0j 
-0.13231-0j -2.90732e-05-0j -4.36098e-05-0j 2.34222e-06-0j 0.003132-0j -0.000376141-0j -0.000657233-0j 6.11398e-05-0j 8.67164e-05-0j -9.32834e-06-0j 4.75991e-07-0j 6.08098e-06-0j -6.11014e-07-0j -6.69332e-07-0j 5.68402e-08-0j -0.0169591-0j -3.72652e-06-0j -5.58978e-06-0j 3.00219e-07-0j -1.00874e-05-0j 1.21145e-06-0j 1.28868e-06-0j -1.19881e-07-0j -1.30699e-07-0j 1.17826e-08-0j -4.74033e-10-0j -0.000230339-0j 1.51515e-05-0j 2.21302e-05-0j -0.0085526-0j -1.87932e-06-0j -1.99332e-06-0j 7.57016e-08-0j -0.00183933-0j 0.000184816-0j 0.000202455-0j -1.71927e-05-0j -0.128894-0j -2.83228e-05-0j -4.24841e-05-0j 2.28176e-06-0j -4.66745e-05-0j 5.60542e-06-0j 4.58345e-06-0j -4.2638e-07-0j -3.89568e-07-0j 3.07684e-08-0j -1.0207e-09-0j 0.000236415-0j -1.55512e-05-0j -2.2714e-05-0j 0.00877823-0j 1.92889e-06-0j 2.0459e-06-0j -7.76987e-08-0j 0.00188786-0j -0.000189691-0j -0.000207796-0j 1.76462e-05-0j 0.132295-0j 2.90699e-05-0j 4.36049e-05-0j -2.34196e-06-0j 4.79058e-05-0j -5.7533e-06-0j -4.70436e-06-0j 4.37628e-07-0j 3.99845e-07-0j -3.15802e-08-0j 1.04763e-09-0j 4.8166e-06-0j -5.78455e-07-0j -3.96385e-07-0j 3.68741e-08-0j 2.95164e-08-0j -2.098e-09-0j 5.91776e-11-0j 2.25175e-05-0j -0.00820457-0j -1.04087e-06-0j 2.69135e-05-0j -2.70426e-06-0j -2.09471e-06-0j 1.45242e-07-0j -0.00202147-0j 0.000132971-0j 0.000194217-0j -0.0750584-0j -1.64931e-05-0j -1.74935e-05-0j 6.64364e-07-0j 0.000405608-0j -4.07553e-05-0j -4.46452e-05-0j 3.79131e-06-0j 0.0173041-0j 3.80234e-06-0j 5.70351e-06-0j -3.06328e-07-0j -3.3755e-07-0j 0.000122991-0j 1.56033e-08-0j -4.03449e-07-0j 4.05384e-08-0j 3.14009e-08-0j -2.17726e-09-0j 3.03031e-05-0j -1.99332e-06-0j -2.91142e-06-0j 0.00112517-0j 2.4724e-07-0j 2.62238e-07-0j -9.9592e-09-0j -6.0803e-06-0j 6.10946e-07-0j 6.69258e-07-0j -5.68339e-08-0j -0.000259399-0j -5.69993e-08-0j -8.54989e-08-0j 4.59203e-09-0j -7.22036e-08-0j 8.67137e-09-0j 5.94204e-09-0j -5.52765e-10-0j -4.42468e-10-0j 3.14502e-11-0j -8.87107e-13-0j -1.60613e-05-0j 0.00585215-0j 7.42432e-07-0j -1.91969e-05-0j 1.92889e-06-0j 1.49411e-06-0j -1.03598e-07-0j 0.00144188-0j -9.48456e-05-0j -0.000138531-0j 0.0535376-0j 1.17642e-05-0j 1.24778e-05-0j -4.73877e-07-0j -0.000289312-0j 2.90699e-05-0j 3.18445e-05-0j -2.70426e-06-0j -0.0123427-0j -2.71213e-06-0j -4.0682e-06-0j 2.18497e-07-0j -3.43558e-06-0j 4.126e-07-0j 2.82733e-07-0j -2.63016e-08-0j -2.10534e-08-0j 1.49646e-09-0j -4.22102e-11-0j 
