-0.234941-0j 0.186446-0j 0.184679-0j 0.00581097-0j -0.41834-0j -0.0805018-0j 0.00940821-0j 0.258944-0j 0.0141123-0j -0.0874319-0j 0.0161563-0j 0.0339931-0j 0.00377664-0j -0.0200275-0j -0.0280547-0j -0.00108114-0j 0.00611455-0j 0.076172-0j 0.0476628-0j -0.0496016-0j 0.00917182-0j -0.00151591-0j -0.0304699-0j -0.00166059-0j 0.0105002-0j -0.00196783-0j -0.000192768-0j 2.53603e-05-0j -0.0286375-0j 0.00376751-0j 0.0176433-0j 0.0277553-0j -0.00365144-0j 0.00377664-0j -0.00049685-0j -0.00874691-0j -0.0114533-0j 0.00150678-0j -0.000624198-0j 8.21187e-05-0j 0.00115073-0j -0.0122643-0j 0.00161348-0j -0.0171799-0j 0.00226017-0j -0.000662062-0j 8.71001e-05-0j -0.00232113-0j 0.00529535-0j -0.00069665-0j -0.000656406-0j 8.63559e-05-0j 0.0155875-0j 0.0301446-0j -0.00396579-0j -0.00707412-0j 0.00580077-0j -0.000763142-0j -0.000958743-0j 0.000126131-0j -0.00205067-0j 0.000930661-0j -0.0196682-0j 0.00258752-0j -0.00107191-0j 0.000141019-0j 0.00687401-0j -0.000904336-0j -0.0013016-0j 0.000171236-0j -2.94032e-06-0j 0.00436615-0j -0.0144421-0j 0.000777547-0j -0.000125283-0j -0.0202498-0j 0.00326276-0j -0.000247825-0j 0.002327-0j -0.000176748-0j 9.51592e-06-0j -0.00824666-0j 0.0196259-0j -0.00316224-0j 0.00024019-0j 0.00132875-0j -0.000100926-0j 0.00267049-0j -0.000430285-0j 3.26825e-05-0j 0.031365-0j -0.0270978-0j 0.000383857-0j -0.0114533-0j 0.00184542-0j -0.00014017-0j -0.000624198-0j 0.000100574-0j -7.63918e-06-0j -0.00816848-0j 0.00131615-0j 0.00264768-0j -0.000426609-0j 3.24033e-05-0j -9.99691e-05-0j -0.00505372-0j -0.000257024-0j 4.14132e-05-0j -0.00895659-0j 0.00144314-0j -0.000109614-0j -3.14555e-06-0j -0.000331633-0j -0.0013021-0j -0.0125465-0j 0.00202156-0j -0.000153548-0j -0.000483502-0j 7.79047e-05-0j -5.91728e-06-0j 9.8902e-05-0j 0.0103916-0j 0.00386718-0j -0.000623103-0j 4.7328e-05-0j -0.000677933-0j 0.000109233-0j -8.29681e-06-0j 0.013084-0j -0.00210816-0j 0.000160126-0j -0.00167436-0j 0.0224685-0j -0.00362025-0j 0.000274978-0j 0.000127177-0j 0.00251776-0j 0.00432364-0j -0.00069665-0j 5.29144e-05-0j -0.000714605-0j 0.000115141-0j -8.74561e-06-0j 0.00808129-0j -0.000405677-0j 3.08134e-05-0j -0.0148678-0j 0.00239558-0j -0.000181957-0j -0.000810285-0j 0.000130558-0j -9.91659e-06-0j -0.000240254-0j 3.87111e-05-0j 0.00525011-0j -0.000845929-0j 6.42529e-05-0j 
-0.186446-0j -0.305491-0j 0.540739-0j 0.10929-0j -0.0438764-0j -0.178745-0j -0.0361265-0j -0.258595-0j 0.0523459-0j 0.200971-0j -0.0620384-0j -0.0104532-0j 0.0425189-0j -0.0339709-0j -0.0270636-0j -0.0121719-0j -0.0140549-0j 0.0603045-0j 0.00499898-0j 0.0242365-0j 0.020365-0j 0.00582092-0j 0.0304288-0j -0.00615953-0j -0.0241359-0j 0.00755626-0j -0.00508071-0j 0.000668412-0j -0.0144859-0j 0.00190574-0j 0.0438239-0j -0.00281198-0j 0.00036994-0j 0.0254522-0j -0.00334846-0j 0.0435001-0j 0.0114379-0j -0.00150475-0j -0.0023153-0j 0.000304598-0j -0.00572282-0j -0.0208029-0j 0.0027368-0j -0.016573-0j 0.00218032-0j -0.00745374-0j 0.000980605-0j -0.00576541-0j -0.0121719-0j 0.00160132-0j 0.00252053-0j -0.000331598-0j -0.0119491-0j 0.00316163-0j -0.00041594-0j -0.0346018-0j 0.01288-0j -0.00169447-0j 0.00368147-0j -0.00048433-0j 0.00157201-0j 0.00455217-0j 0.0196417-0j -0.00258404-0j -0.00397596-0j 0.000523072-0j -0.0158006-0j 0.00207871-0j 0.004998-0j -0.00065753-0j 1.12905e-05-0j -0.00427085-0j 0.0214189-0j 0.0122676-0j -0.00197663-0j -0.010243-0j 0.00165042-0j -0.000125358-0j -0.00345113-0j 0.000262132-0j 0.000150136-0j 0.0135121-0j -0.00198837-0j 0.000320378-0j -2.43344e-05-0j -0.00217715-0j 0.000165366-0j 0.0179975-0j -0.00289986-0j 0.00022026-0j -0.0239864-0j 0.0265063-0j -0.000293555-0j 0.0114379-0j -0.00184294-0j 0.000139981-0j -0.0023153-0j 0.000373055-0j -2.83355e-05-0j -0.0239173-0j 0.0038537-0j -0.00608596-0j 0.000980605-0j -7.44823e-05-0j -0.000292709-0j 0.00386483-0j -0.00483397-0j 0.000778878-0j -0.0151923-0j 0.00244787-0j -0.000185929-0j -5.916e-05-0j 0.000324394-0j 0.000668897-0j -0.0121032-0j 0.00195014-0j -0.000148124-0j -0.00544344-0j 0.00087708-0j -6.6619e-05-0j -5.08064e-05-0j 0.00824666-0j -0.00888911-0j 0.00143226-0j -0.000108788-0j 0.00260319-0j -0.000419442-0j 3.18589e-05-0j 0.00137227-0j -0.000221109-0j 1.67944e-05-0j -0.00132875-0j 0.00235654-0j -0.000379699-0j 2.88402e-05-0j 0.000100926-0j 0.00559041-0j 0.00960016-0j -0.00154683-0j 0.00011749-0j 0.00274401-0j -0.00044213-0j 3.35822e-05-0j -0.00415139-0j -0.00090076-0j 6.84176e-05-0j 0.0148477-0j -0.00239236-0j 0.000181712-0j -0.00300554-0j 0.00048427-0j -3.6783e-05-0j 0.00092255-0j -0.000148647-0j -0.0120679-0j 0.00194445-0j -0.000147692-0j 
0.184679-0j -0.540739-0j -0.057951-0j 0.474931-0j 0.0567793-0j 0.306951-0j 0.0620384-0j -0.0938051-0j -0.27284-0j -0.113704-0j 0.106536-0j -0.00399645-0j 0.0608754-0j -0.019811-0j -0.0297977-0j -0.00617533-0j 0.00795191-0j -0.0141647-0j -0.00646905-0j 0.071182-0j -0.0349719-0j -0.00999599-0j 0.011038-0j 0.032105-0j 0.0136555-0j -0.012976-0j -0.0402347-0j 0.00529323-0j -0.014017-0j 0.00184405-0j -0.00505599-0j 0.0110449-0j -0.00145305-0j 0.00425438-0j -0.000559701-0j -0.00749472-0j 0.00414907-0j -0.000545847-0j 0.0120679-0j -0.00158764-0j 0.000985996-0j -0.0121317-0j 0.00159603-0j -0.0182473-0j 0.00240059-0j -0.0037816-0j 0.000497503-0j 0.00066516-0j 0.00688656-0j -0.000905987-0j -0.00432839-0j 0.000569438-0j 0.0359243-0j -0.00409139-0j 0.000538257-0j 0.031763-0j -0.0221182-0j 0.00290984-0j -0.00632202-0j 0.000831717-0j -0.00472616-0j -0.00417869-0j 0.00712501-0j -0.000937357-0j 0.0207237-0j -0.00272638-0j 0.00893959-0j -0.00117608-0j -0.00858283-0j 0.00112915-0j -1.93887e-05-0j 0.000300256-0j -0.00612312-0j 0.0320071-0j -0.00515718-0j -0.00991148-0j 0.001597-0j -0.000121301-0j 0.000986593-0j -7.49371e-05-0j 0.000391716-0j 0.0239173-0j 0.00780993-0j -0.00125838-0j 9.55809e-05-0j -0.0038537-0j 0.000292709-0j 0.0030083-0j -0.000484715-0j 3.68168e-05-0j 0.0171007-0j -0.00186348-0j 0.000209286-0j 0.00414907-0j -0.000668523-0j 5.0778e-05-0j 0.0120679-0j -0.00194445-0j 0.000147692-0j 0.00256322-0j -0.000413001-0j 0.00344328-0j -0.000554801-0j 4.21402e-05-0j 3.13696e-05-0j -0.00275537-0j -0.0210066-0j 0.0033847-0j -0.00885974-0j 0.00142753-0j -0.000108429-0j -0.000257086-0j -2.2806e-05-0j 0.00219046-0j -0.0133259-0j 0.00214715-0j -0.000163088-0j -0.00276169-0j 0.00044498-0j -3.37986e-05-0j -0.000166377-0j -0.00816848-0j 0.00502923-0j -0.000810339-0j 6.15497e-05-0j -0.00447034-0j 0.000720288-0j -5.47098e-05-0j -0.00177582-0j 0.000286131-0j -2.17332e-05-0j 0.00131615-0j -0.00304954-0j 0.000491359-0j -3.73214e-05-0j -9.99691e-05-0j -0.00960016-0j -0.0164859-0j 0.00265631-0j -0.000201761-0j -0.00471216-0j 0.00075925-0j -5.76692e-05-0j -0.0135947-0j 0.00154683-0j -0.00011749-0j 0.005386-0j -0.000867824-0j 6.5916e-05-0j 0.0156656-0j -0.00252414-0j 0.000191722-0j -0.00158425-0j 0.000255264-0j 0.00682773-0j -0.00110012-0j 8.35604e-05-0j 
-0.00581097-0j 0.10929-0j -0.474931-0j -0.159802-0j -0.0361265-0j 0.303859-0j -0.0355119-0j -0.0537268-0j 0.260902-0j -0.0673791-0j -0.0609829-0j 0.0363844-0j 0.0212045-0j 0.00239686-0j -0.0285104-0j 0.0505799-0j 0.00471216-0j 0.000291437-0j 0.00411601-0j -0.00648546-0j -0.0346197-0j 0.00572189-0j 0.00632202-0j -0.0307002-0j 0.00809197-0j 0.0074277-0j -0.0478887-0j 0.00630017-0j 0.000764484-0j -0.000100574-0j 7.34872e-05-0j -0.0117396-0j 0.00154445-0j 0.0360736-0j -0.0047458-0j 0.0129747-0j 0.00237638-0j -0.000312633-0j -0.0115399-0j 0.00151817-0j -0.00170693-0j 0.00146777-0j -0.000193098-0j -0.017459-0j 0.00229688-0j 0.0309738-0j -0.00407487-0j -9.66788e-06-0j 0.00408085-0j -0.000536871-0j 0.00247765-0j -0.000325956-0j -0.00188832-0j 0.00260319-0j -0.000342473-0j 0.0106936-0j -0.0218954-0j 0.00288053-0j 0.00361884-0j -0.00047609-0j 0.000248425-0j -0.00140684-0j 0.00408085-0j -0.000536871-0j -0.0198169-0j 0.00260709-0j 0.00529744-0j -0.000696924-0j 0.00491296-0j -0.000646343-0j 1.10984e-05-0j -3.25039e-06-0j 0.00477851-0j -0.0394379-0j 0.00635446-0j 0.000540572-0j -8.71001e-05-0j 6.61572e-06-0j -0.000769941-0j 5.84812e-05-0j -0.000482656-0j -0.00483397-0j -0.00830116-0j 0.00133753-0j -0.000101593-0j 0.000778878-0j -5.916e-05-0j 0.0255079-0j -0.00410998-0j 0.000312175-0j -0.00058777-0j 2.0173e-05-0j -7.19336e-06-0j 0.00237638-0j -0.000382896-0j 2.90831e-05-0j -0.0115399-0j 0.00185937-0j -0.00014123-0j 0.0210066-0j -0.0033847-0j 0.00204042-0j -0.000328765-0j 2.49715e-05-0j 0.000257086-0j 9.4705e-05-0j 0.00706818-0j -0.00113887-0j 0.00107191-0j -0.000172712-0j 1.31184e-05-0j 8.65031e-05-0j 2.46885e-07-0j -0.000819238-0j -0.0127502-0j 0.00205439-0j -0.000156042-0j 0.02262-0j -0.00364467-0j 0.000276833-0j 6.22256e-05-0j 0.000257024-0j 0.00298023-0j -0.000480192-0j 3.64732e-05-0j 0.0025589-0j -0.000412306-0j 3.13169e-05-0j 0.00112989-0j -0.000182054-0j 1.3828e-05-0j -4.14132e-05-0j 0.00194031-0j -0.000312633-0j 2.37462e-05-0j 3.14555e-06-0j -0.00950346-0j -0.0163199-0j 0.00262955-0j -0.000199729-0j 0.00269732-0j -0.000434608-0j 3.30109e-05-0j 0.00508446-0j 0.00153125-0j -0.000116307-0j 0.00308483-0j -0.000497046-0j 3.77533e-05-0j -0.0149802-0j 0.00241369-0j -0.000183333-0j 0.000906855-0j -0.000146118-0j 0.00404598-0j -0.000651913-0j 4.95163e-05-0j 
-0.41834-0j 0.0438764-0j 0.0567793-0j 0.0361265-0j -0.44612-0j 0.38813-0j -0.286481-0j 0.0796121-0j 0.0877356-0j -0.216291-0j 0.100443-0j -0.0185999-0j 0.00934276-0j 0.00918561-0j 0.0168106-0j 0.0130998-0j -0.0740875-0j 0.0467327-0j -0.0260795-0j 0.0278251-0j 0.0226895-0j 0.0183676-0j -0.00936793-0j -0.0103238-0j 0.0259757-0j -0.0122339-0j -0.00119843-0j 0.000157664-0j -0.0313097-0j 0.00411907-0j 0.0217143-0j 0.0295984-0j -0.00389392-0j -0.0182087-0j 0.00239551-0j -0.00205841-0j 0.0172471-0j -0.002269-0j 0.0190069-0j -0.00250053-0j 0.000270802-0j -0.00288616-0j 0.000379699-0j -0.00528196-0j 0.000694887-0j -0.00411601-0j 0.000541497-0j -0.0028567-0j -0.0255309-0j 0.00335882-0j -0.00408085-0j 0.000536871-0j 0.0277553-0j -0.0164941-0j 0.00216994-0j -0.00217493-0j 0.0143501-0j -0.00188788-0j 0.0116167-0j -0.00152828-0j -0.00365144-0j 0.000286131-0j -0.00604697-0j 0.000795532-0j -0.006664-0j 0.000876707-0j 0.0170051-0j -0.00223717-0j -0.00809197-0j 0.00106457-0j 0.00014344-0j -0.0015822-0j 0.00810164-0j 0.00192351-0j -0.000309928-0j 0.0113596-0j -0.00183032-0j 0.000139023-0j -0.00130538-0j 9.91509e-05-0j 2.35407e-05-0j 0.00378232-0j -0.0107386-0j 0.00173027-0j -0.000131424-0j -0.00060943-0j 4.62895e-05-0j 0.00660633-0j -0.00106445-0j 8.08508e-05-0j 0.019243-0j 0.00981965-0j 0.000235503-0j 0.00686288-0j -0.00110579-0j 8.39906e-05-0j 0.00756316-0j -0.00121862-0j 9.25609e-05-0j 0.00489461-0j -0.000788647-0j 0.00654989-0j -0.00105536-0j 8.01601e-05-0j 5.99021e-05-0j -0.00310054-0j 0.00311425-0j -0.000501787-0j -0.00210775-0j 0.000339614-0j -2.57955e-05-0j 3.81134e-05-0j 0.000120177-0j 0.000712468-0j -0.0038574-0j 0.000621526-0j -4.72083e-05-0j -0.00300591-0j 0.00048433-0j -3.67875e-05-0j -5.41158e-05-0j -0.0360626-0j -0.0186452-0j 0.00300422-0j -0.000228187-0j -0.00421468-0j 0.000679094-0j -5.15809e-05-0j 0.0350647-0j -0.00564983-0j 0.000429135-0j 0.00581062-0j -0.012294-0j 0.00198088-0j -0.000150459-0j -0.000441348-0j -0.0305067-0j 0.0106959-0j -0.00172339-0j 0.000130901-0j 0.00865858-0j -0.00139512-0j 0.000105967-0j -0.00442181-0j 0.00491542-0j -0.000373353-0j -0.00457108-0j 0.000736519-0j -5.59427e-05-0j -0.00503751-0j 0.000811673-0j -6.1651e-05-0j 0.0117205-0j -0.00188847-0j 0.0129879-0j -0.00209268-0j 0.00015895-0j 
0.0805018-0j -0.178745-0j -0.306951-0j 0.303859-0j -0.38813-0j -0.00562032-0j 0.491961-0j 0.146792-0j 0.145538-0j -0.00324233-0j -0.172486-0j 0.0474451-0j -0.00068597-0j 0.0387388-0j -0.0299413-0j 0.065956-0j -0.00111061-0j -0.00484769-0j -0.0226895-0j 0.0141633-0j -0.000328555-0j -0.0315418-0j -0.0172729-0j -0.0171254-0j 0.000389391-0j 0.0210087-0j -0.0141259-0j 0.00185839-0j 0.0164984-0j -0.0021705-0j -0.00142668-0j -0.0248747-0j 0.00327249-0j 0.000800299-0j -0.000105286-0j 0.0254522-0j 0.0318008-0j -0.00418367-0j 0.0315291-0j -0.00414793-0j -0.00334846-0j -0.0121719-0j 0.00160132-0j 0.00940768-0j -0.00123766-0j -0.0207237-0j 0.00272638-0j 0.000187692-0j -0.000382724-0j 5.03506e-05-0j 0.00700785-0j -0.000921944-0j 0.00515925-0j -0.0143501-0j 0.00188788-0j 0.0196417-0j -0.000207796-0j 2.73374e-05-0j -0.0199488-0j 0.00262444-0j -0.000678744-0j -0.00258404-0j -0.0111496-0j 0.00146683-0j -0.0110544-0j 0.0014543-0j 0.000254916-0j -3.35365e-05-0j 0.013896-0j -0.00182813-0j -0.000246322-0j 7.21403e-05-0j 0.0125167-0j -0.000197918-0j 3.18896e-05-0j -0.00598581-0j 0.000964468-0j -7.32566e-05-0j -0.00201676-0j 0.000153184-0j -2.42219e-06-0j -0.0154086-0j 0.00902486-0j -0.00145414-0j 0.00011045-0j 0.00248272-0j -0.000188576-0j -0.000290358-0j 4.67842e-05-0j -3.55352e-06-0j 0.00192819-0j -0.000447727-0j 2.3598e-05-0j 0.012654-0j -0.00203889-0j 0.000154865-0j 0.0125459-0j -0.00202147-0j 0.000153542-0j -0.0264604-0j 0.00426345-0j 9.81866e-05-0j -1.58204e-05-0j 1.20165e-06-0j -0.000323833-0j -0.000310682-0j 0.0261939-0j -0.00422051-0j -0.00888911-0j 0.00143226-0j -0.000108788-0j 0.000320571-0j -5.47945e-06-0j -0.00303601-0j 0.0068704-0j -0.001107-0j 8.40826e-05-0j -0.0151344-0j 0.00243855-0j -0.000185221-0j 0.000230601-0j 0.00693957-0j -0.000279502-0j 4.5035e-05-0j -3.42065e-06-0j 0.00723768-0j -0.00116618-0j 8.85775e-05-0j 0.0305067-0j -0.00491542-0j 0.000373353-0j -0.00111814-0j -0.0106959-0j 0.00172339-0j -0.000130901-0j 8.49292e-05-0j 0.000441753-0j -0.000154882-0j 2.49555e-05-0j -1.89551e-06-0j -0.014869-0j 0.00239578-0j -0.000181972-0j 0.0188424-0j -7.11777e-05-0j 5.40634e-06-0j -0.00842833-0j 0.00135802-0j -0.000103149-0j -0.00835633-0j 0.00134642-0j -0.000102268-0j -0.020127-0j 0.00324299-0j 0.000194696-0j -3.13705e-05-0j 2.38276e-06-0j 
0.00940821-0j 0.0361265-0j 0.0620384-0j 0.0355119-0j -0.286481-0j -0.491961-0j 0.37929-0j 0.086986-0j 0.0862429-0j 0.10909-0j 0.098734-0j -0.00475276-0j -0.00471216-0j 0.0190069-0j 0.0461595-0j 0.0323609-0j -0.0503289-0j -0.00047185-0j -0.006664-0j -0.00214381-0j -0.0114438-0j 0.0453742-0j -0.0102356-0j -0.0101482-0j -0.0131012-0j -0.0120258-0j -0.00117804-0j 0.000154981-0j 0.00606231-0j -0.00079755-0j -0.000118979-0j 0.0190069-0j -0.00250053-0j 0.0230798-0j -0.00303634-0j -0.00169483-0j -0.0253813-0j 0.00333913-0j -0.0251644-0j 0.0033106-0j 0.00022297-0j -0.00237638-0j 0.000312633-0j -0.00577119-0j 0.00075925-0j -0.00404598-0j 0.000532284-0j 1.56527e-05-0j 0.0323609-0j -0.00425735-0j -0.00401142-0j 0.000527737-0j -0.000624198-0j -0.00421468-0j 0.000554478-0j -0.00237638-0j -0.00723768-0j 0.000952179-0j 0.0286972-0j -0.00377536-0j 8.21187e-05-0j 0.000312633-0j -0.00660706-0j 0.000869217-0j -0.00655062-0j 0.000861791-0j -0.00857677-0j 0.00112835-0j -0.0079543-0j 0.00104646-0j -0.000637614-0j 5.26253e-06-0j -0.000624198-0j -0.000970153-0j 0.000156317-0j -0.000875208-0j 0.000141019-0j -1.07111e-05-0j 0.000100574-0j -7.63918e-06-0j -1.18731e-05-0j 0.00782641-0j -0.00274401-0j 0.00044213-0j -3.35822e-05-0j -0.00126104-0j 9.57826e-05-0j -0.003332-0j 0.000536871-0j -4.07783e-05-0j -0.000194292-0j -3.2661e-05-0j -2.37782e-06-0j 0.0188446-0j -0.00303634-0j 0.000230627-0j 0.0186836-0j -0.0030104-0j 0.000228657-0j 0.0134399-0j -0.00216552-0j -0.00330353-0j 0.000532284-0j -4.04299e-05-0j 0.000164483-0j 3.13054e-05-0j 0.00769326-0j -0.00123958-0j -0.00173546-0j 0.000279628-0j -2.12393e-05-0j 9.4153e-05-0j -3.99717e-07-0j 0.000182054-0j -0.00421468-0j 0.000679094-0j -5.15809e-05-0j -0.00295477-0j 0.00047609-0j -3.61616e-05-0j -1.3828e-05-0j 0.00203818-0j 0.023633-0j -0.00380789-0j 0.00028923-0j -0.00414298-0j 0.00066754-0j -5.07033e-05-0j -0.0120679-0j 0.00194446-0j -0.000147692-0j -0.000328404-0j -0.00314144-0j 0.000506167-0j -3.84461e-05-0j 2.49441e-05-0j -0.0207237-0j -0.00539465-0j 0.000869217-0j -6.60218e-05-0j 0.0213896-0j -0.00344642-0j 0.000261774-0j -0.00112989-0j 0.00333913-0j -0.000253625-0j -0.00499447-0j 0.000804738-0j -6.11243e-05-0j -0.0049518-0j 0.000797863-0j -6.06021e-05-0j -0.0520995-0j 0.00839458-0j -0.00655062-0j 0.00105547-0j -8.0169e-05-0j 
-0.258944-0j -0.258595-0j 0.0938051-0j -0.0537268-0j -0.0796121-0j 0.146792-0j -0.086986-0j -0.385631-0j 0.382558-0j 0.159429-0j -0.149377-0j 0.00646905-0j -0.00688656-0j 0.0277776-0j -0.01425-0j 0.00999599-0j -0.0111496-0j 0.0198608-0j -0.0265941-0j 0.0340411-0j 0.0490352-0j -0.0410933-0j -0.0154768-0j 0.0153534-0j -0.0191467-0j 0.0181941-0j 0.00178228-0j -0.000234475-0j 0.0196536-0j -0.0025856-0j 0.00708917-0j 0.00528196-0j -0.000694887-0j -0.00688656-0j 0.000905987-0j 0.0121317-0j -0.00581755-0j 0.000765349-0j 0.00577119-0j -0.00075925-0j -0.00159603-0j -0.0498731-0j 0.00656124-0j 0.0255851-0j -0.00336594-0j -0.0179472-0j 0.00236112-0j -0.000932642-0j 0.0283105-0j -0.00372449-0j -0.0416568-0j 0.00548032-0j 0.0171799-0j 0.00573666-0j -0.000754708-0j -0.0035932-0j -0.0105775-0j 0.00139156-0j 0.00886431-0j -0.00116618-0j -0.00226017-0j 0.000472717-0j -0.00999021-0j 0.0013143-0j 0.0099106-0j -0.00130383-0j -0.0125345-0j 0.00164902-0j 0.0120343-0j -0.00158321-0j 2.71855e-05-0j -0.000420998-0j 0.00991148-0j -0.00141783-0j 0.000228448-0j -0.0407459-0j 0.00656521-0j -0.000498664-0j -0.001597-0j 0.000121301-0j -1.73519e-05-0j 0.0114379-0j -0.0109505-0j 0.00176442-0j -0.000134017-0j -0.00184294-0j 0.000139981-0j 0.0142772-0j -0.00230043-0j 0.00017473-0j 0.00817801-0j 0.00261285-0j 0.000100086-0j 0.0170567-0j -0.00274828-0j 0.000208747-0j -0.0169208-0j 0.00272638-0j -0.000207084-0j -0.00414907-0j 0.000668523-0j 0.0331384-0j -0.00533946-0j 0.000405561-0j -5.0778e-05-0j -0.00131769-0j 0.00237638-0j -0.000382896-0j 0.0124225-0j -0.00200159-0j 0.000152032-0j 2.90831e-05-0j 3.19771e-05-0j -0.000247797-0j -0.0063728-0j 0.00102682-0j -7.79929e-05-0j 0.00447034-0j -0.000720288-0j 5.47098e-05-0j 1.88215e-05-0j 0.0114533-0j -0.00705165-0j 0.0011362-0j -8.63008e-05-0j -0.0183775-0j 0.00296109-0j -0.000224911-0j 0.00248994-0j -0.000401193-0j 3.04728e-05-0j -0.00184542-0j 0.00427586-0j -0.000688951-0j 5.23296e-05-0j 0.00014017-0j -0.00459104-0j -0.00788398-0j 0.00127031-0j -9.64872e-05-0j 0.00660706-0j -0.00106457-0j 8.08598e-05-0j 0.00153791-0j 0.000739735-0j -5.61869e-05-0j -0.00755189-0j 0.0012168-0j -9.24229e-05-0j 0.00749171-0j -0.00120711-0j 9.16864e-05-0j 0.00222133-0j -0.000357914-0j -0.00957337-0j 0.00154252-0j -0.000117163-0j 
0.0141123-0j -0.0523459-0j -0.27284-0j -0.260902-0j 0.0877356-0j -0.145538-0j 0.0862429-0j -0.382558-0j 0.366384-0j 0.163634-0j 0.148101-0j 0.0209023-0j 0.0346197-0j -0.00582092-0j 0.0136555-0j 0.0290573-0j -0.0114438-0j -0.000707774-0j 0.0293077-0j 0.0031063-0j -0.0486163-0j 0.0407422-0j -0.0153534-0j 0.0147043-0j -0.0196519-0j -0.0180387-0j 0.0121289-0j -0.00159566-0j -0.0018566-0j 0.000244251-0j -0.000178468-0j 0.00562285-0j -0.000739735-0j 0.0207237-0j -0.00272638-0j 0.00745374-0j -0.00577119-0j 0.00075925-0j 0.00552719-0j -0.00072715-0j -0.000980605-0j 0.0104511-0j -0.00137494-0j -0.0245176-0j 0.0032255-0j -0.0521708-0j 0.00686353-0j 2.34791e-05-0j 0.0290573-0j -0.00382275-0j 0.0413009-0j -0.0054335-0j 0.000904439-0j -0.00632202-0j 0.000831717-0j 0.017459-0j 0.0104871-0j -0.00137967-0j -0.00878858-0j 0.00115621-0j -0.000118987-0j -0.00229688-0j -0.0099106-0j 0.00130383-0j 0.00949159-0j -0.0012487-0j -0.0128652-0j 0.00169252-0j -0.0119314-0j 0.00156969-0j -2.69533e-05-0j 7.89379e-06-0j 0.00274517-0j 0.00998854-0j -0.00160941-0j 0.0038491-0j -0.000620189-0j 4.71067e-05-0j -0.000442319-0j 3.35965e-05-0j 0.000122244-0j 0.0023153-0j -0.0116573-0j 0.00187829-0j -0.000142667-0j -0.000373055-0j 2.83355e-05-0j -0.0429643-0j 0.00692267-0j -0.000525814-0j 0.000281521-0j -4.89914e-05-0j 3.44536e-06-0j 0.0169208-0j -0.00272638-0j 0.000207084-0j -0.0162054-0j 0.00261111-0j -0.000198328-0j 0.0120679-0j -0.00194445-0j 0.0340126-0j -0.00548032-0j 0.00041626-0j 0.000147692-0j -4.53603e-05-0j 0.0115399-0j -0.00185937-0j -0.00260319-0j 0.000419442-0j -3.18589e-05-0j 0.00014123-0j -5.99576e-07-0j -0.00133753-0j 0.00610691-0j -0.00098398-0j 7.47387e-05-0j 0.0129948-0j -0.0020938-0j 0.000159036-0j 0.000101593-0j -0.000624198-0j -0.00723768-0j 0.00116618-0j -8.85775e-05-0j 0.0182205-0j -0.00293579-0j 0.000222989-0j -0.00274401-0j 0.00044213-0j -3.35822e-05-0j 0.000100574-0j -0.00471216-0j 0.00075925-0j -5.76692e-05-0j -7.63918e-06-0j 0.00455182-0j 0.00781663-0j -0.00125946-0j 9.56629e-05-0j -0.00655062-0j 0.00105547-0j -8.0169e-05-0j 0.00830116-0j -0.000733416-0j 5.57069e-05-0j -0.00749171-0j 0.00120711-0j -9.16864e-05-0j 0.00717497-0j -0.00115607-0j 8.781e-05-0j -0.00220235-0j 0.000354856-0j -0.00982593-0j 0.00158321-0j -0.000120254-0j 
-0.0874319-0j -0.200971-0j -0.113704-0j 0.0673791-0j -0.216291-0j 0.00324233-0j 0.10909-0j -0.159429-0j 0.163634-0j -0.0137862-0j 0.187335-0j 0.0175752-0j -0.00015211-0j 0.0215878-0j 0.0172729-0j -0.012536-0j -0.000246273-0j 0.00526501-0j 0.0246427-0j 0.0159244-0j -0.000369409-0j -0.0175772-0j -0.0734438-0j 0.0753813-0j -0.000422912-0j -0.0228173-0j -0.00223517-0j 0.000294056-0j 0.00919395-0j -0.00120954-0j 0.0015495-0j 0.0143501-0j -0.00188788-0j -0.00015211-0j 2.00114e-05-0j 0.00942832-0j 0.00705165-0j -0.000927705-0j -0.00723768-0j 0.000952179-0j -0.00124038-0j 0.0132197-0j -0.00173917-0j 0.0105775-0j -0.00139156-0j -0.00767671-0j 0.00100994-0j -0.00020385-0j -0.000213278-0j 2.80586e-05-0j -0.00761113-0j 0.00100131-0j 0.00580077-0j -0.0610159-0j 0.00802718-0j 0.00435544-0j 0.000914664-0j -0.000120332-0j 0.0435214-0j -0.00572562-0j -0.000763142-0j -0.000572996-0j 0.0121095-0j -0.00159311-0j -0.0124289-0j 0.00163513-0j -0.000276861-0j 3.64235e-05-0j -0.0150922-0j 0.00198551-0j -3.40935e-05-0j -7.83506e-05-0j 0.00463659-0j -3.13169e-05-0j 5.04596e-06-0j 0.0065011-0j -0.0010475-0j 7.9563e-05-0j -0.000747074-0j 5.67443e-05-0j -3.83268e-07-0j 0.00888911-0j 0.010147-0j -0.00163495-0j 0.000124183-0j -0.00143226-0j 0.000108788-0j -0.000107558-0j 1.73304e-05-0j -1.31634e-06-0j 0.00216795-0j 0.00048627-0j 2.65322e-05-0j 0.00705165-0j -0.0011362-0j 8.63008e-05-0j -0.00723768-0j 0.00116618-0j -8.85775e-05-0j 0.00502923-0j -0.000810339-0j -0.000106639-0j 1.71823e-05-0j -1.30509e-06-0j 6.15497e-05-0j -0.000349313-0j -0.00298023-0j 0.000480192-0j -0.0377961-0j 0.00608993-0j -0.000462563-0j -3.64732e-05-0j 5.95116e-06-0j -0.000673217-0j -0.0302417-0j 0.00487271-0j -0.000370109-0j 0.0219482-0j -0.00353642-0j 0.000268611-0j 5.11345e-05-0j 0.00386718-0j 0.000609776-0j -9.82507e-05-0j 7.46268e-06-0j 0.0307743-0j -0.00495853-0j 0.000376628-0j 0.00676469-0j -0.00108997-0j 8.2789e-05-0j -0.000623103-0j 0.0116167-0j -0.00187175-0j 0.00014217-0j 4.7328e-05-0j -0.000101407-0j -0.000174141-0j 2.80586e-05-0j -2.1312e-06-0j -0.00828595-0j 0.00133508-0j -0.000101407-0j 0.00417821-0j 1.63392e-05-0j -1.24105e-06-0j 0.0091539-0j -0.00147493-0j 0.000112029-0j -0.00939539-0j 0.00151384-0j -0.000114984-0j -0.00278578-0j 0.000448862-0j -0.000211456-0j 3.40711e-05-0j -2.58788e-06-0j 
-0.0161563-0j -0.0620384-0j -0.106536-0j -0.0609829-0j -0.100443-0j -0.172486-0j -0.098734-0j -0.149377-0j -0.148101-0j -0.187335-0j 0.830449-0j 0.00816169-0j 0.00809197-0j 0.006664-0j 0.0161839-0j 0.011346-0j 0.0131012-0j 0.000810285-0j 0.0114438-0j 0.00368147-0j 0.0196519-0j 0.0159086-0j 0.0175772-0j 0.017427-0j -0.110194-0j 0.0206513-0j 0.00202299-0j -0.000266142-0j 0.0021255-0j -0.000279628-0j 0.000204317-0j 0.006664-0j -0.000876707-0j 0.00809197-0j -0.00106457-0j 0.00291046-0j 0.00660706-0j -0.000869217-0j 0.00655062-0j -0.000861791-0j -0.000382896-0j 0.00408085-0j -0.000536871-0j 0.0099106-0j -0.00130383-0j 0.00694798-0j -0.000914067-0j -2.68797e-05-0j 0.011346-0j -0.00149267-0j 0.00688862-0j -0.000906258-0j 0.00107191-0j 0.00723768-0j -0.000952179-0j 0.00408085-0j 0.0124289-0j -0.00163513-0j 0.0100615-0j -0.00132368-0j -0.000141019-0j -0.000536871-0j -0.0555718-0j 0.00731096-0j -0.0550971-0j 0.0072485-0j 0.0147285-0j -0.00193766-0j 0.0136595-0j -0.00179703-0j 3.08571e-05-0j -9.03709e-06-0j 0.00107191-0j 0.001666-0j -0.000268435-0j 0.00150295-0j -0.000242165-0j 1.83937e-05-0j -0.000172712-0j 1.31184e-05-0j 2.03891e-05-0j 0.00274401-0j 0.00471216-0j -0.00075925-0j 5.76692e-05-0j -0.00044213-0j 3.35822e-05-0j 0.00572189-0j -0.000921944-0j 7.00266e-05-0j 0.000333648-0j 5.60872e-05-0j 4.08331e-06-0j 0.00660706-0j -0.00106457-0j 8.08598e-05-0j 0.00655062-0j -0.00105547-0j 8.0169e-05-0j 0.00471216-0j -0.00075925-0j 0.005673-0j -0.000914067-0j 6.94284e-05-0j 5.76692e-05-0j -5.37593e-05-0j 0.00269732-0j -0.000434608-0j 0.00298023-0j -0.000480192-0j 3.64732e-05-0j 3.30109e-05-0j 6.86416e-07-0j -0.000312633-0j 0.00723768-0j -0.00116618-0j 8.85775e-05-0j 0.00507409-0j -0.000817567-0j 6.20987e-05-0j 2.37462e-05-0j 0.000714605-0j 0.00828595-0j -0.00133508-0j 0.000101407-0j 0.00711454-0j -0.00114634-0j 8.70705e-05-0j 0.00314144-0j -0.000506167-0j 3.84461e-05-0j -0.000115141-0j -0.0264225-0j 0.00425735-0j -0.000323369-0j 8.74561e-06-0j 0.00539465-0j -0.0453742-0j 0.00731096-0j -0.000555307-0j -0.0367314-0j 0.00591838-0j -0.000449533-0j 0.00194031-0j -0.000869217-0j 6.60218e-05-0j 0.00857677-0j -0.00138194-0j 0.000104966-0j 0.0085035-0j -0.00137013-0j 0.000104069-0j 0.00252133-0j -0.000406252-0j 0.0112491-0j -0.00181252-0j 0.000137671-0j 
0.0339931-0j 0.0104532-0j -0.00399645-0j -0.0363844-0j -0.0185999-0j -0.0474451-0j -0.00475276-0j -0.00646905-0j 0.0209023-0j 0.0175752-0j -0.00816169-0j -0.0743315-0j 0.534248-0j -0.0217443-0j 0.116674-0j -0.0268611-0j 0.0697868-0j 0.215606-0j -0.12032-0j -0.376386-0j -0.306917-0j -0.04348-0j -0.0432199-0j 0.139648-0j 0.119842-0j -0.0564423-0j 0.00308238-0j 0.0464539-0j -0.00130538-0j -0.0196731-0j -0.00176444-0j -0.00361811-0j -0.0545278-0j -0.000657596-0j -0.00991049-0j 0.000144883-0j 0.000286131-0j 0.00431222-0j -0.000924523-0j -0.0139333-0j 0.00218349-0j 0.000234521-0j 0.00353442-0j -0.00125838-0j -0.0189648-0j 0.000289708-0j 0.00436613-0j -0.0265915-0j -0.00106445-0j -0.0160421-0j 0.000331598-0j 0.00499744-0j 0.00661245-0j 0.00134026-0j 0.0201988-0j 0.00219046-0j 0.00341879-0j 0.0515238-0j 0.00048433-0j 0.00729923-0j 0.0996548-0j 0.0330119-0j 0.000491359-0j 0.00740517-0j -0.00158764-0j -0.023927-0j -0.00138179-0j -0.0208246-0j 0.00065753-0j 0.00990949-0j -0.000255978-0j -0.00729963-0j -0.000570239-0j -0.00494731-0j -0.0452599-0j -0.000923045-0j -0.00844436-0j 0.00194678-0j -0.00521676-0j 0.00120268-0j 0.0104343-0j -0.000462352-0j -0.00255839-0j -0.0234051-0j 0.00539586-0j -0.00422977-0j 0.000975138-0j -0.000464991-0j -0.00425391-0j 0.000980704-0j 0.00458447-0j -0.000797917-0j -0.00966902-0j 0.000286131-0j 0.00261763-0j -0.000603474-0j -0.000924523-0j -0.00845788-0j 0.00194989-0j 0.000176766-0j 0.00161712-0j -0.000532225-0j -0.00486899-0j 0.00112251-0j -0.000372814-0j 0.0419404-0j 0.00160931-0j 0.0147226-0j 0.00017127-0j 0.00156684-0j -0.000361222-0j -0.00339417-0j 0.00168287-0j 0.0407411-0j -0.000918992-0j -0.00840727-0j 0.00193823-0j 0.000211573-0j 0.00193555-0j -0.000446225-0j -0.00939254-0j -0.00150354-0j -0.000777364-0j -0.00711161-0j 0.00163953-0j 0.000342473-0j 0.00313307-0j -0.000722303-0j 0.000581728-0j 0.00532186-0j -0.00122691-0j -0.0137549-0j 0.000998974-0j 0.00913898-0j -0.00210692-0j 0.00317109-0j 0.00148389-0j 0.00254821-0j 0.023312-0j -0.00537439-0j 0.000360998-0j 0.00330254-0j -0.000761374-0j 0.00445338-0j 0.0135752-0j -0.00312964-0j 0.000371433-0j 0.003398-0j -0.000783382-0j -0.00120014-0j -0.0109794-0j 0.0025312-0j 0.00012137-0j 0.00111033-0j -0.00105536-0j -0.00965479-0j 0.00222583-0j 
-0.00377664-0j 0.0425189-0j -0.0608754-0j 0.0212045-0j -0.00934276-0j -0.00068597-0j 0.00471216-0j -0.00688656-0j -0.0346197-0j 0.00015211-0j 0.00809197-0j -0.534248-0j 0.00271794-0j -0.0529447-0j 0.207488-0j 0.381068-0j 0.000603991-0j -0.0129126-0j -0.0604371-0j 0.191289-0j -0.00443745-0j 0.0431085-0j -0.0460093-0j -0.231295-0j 0.00103721-0j 0.0559601-0j 0.00635446-0j 0.0957666-0j 0.000397135-0j 0.00598514-0j 6.69311e-05-0j -0.00303601-0j -0.045755-0j -8.14371e-05-0j -0.00122732-0j 0.00504776-0j 0.000304598-0j 0.00459053-0j 0.00153125-0j 0.0230772-0j 0.0760737-0j 0.000571031-0j 0.00860588-0j -0.00223784-0j -0.0337261-0j -0.00410998-0j -0.0619406-0j 0.0010087-0j -9.21261e-06-0j -0.000138841-0j -0.000328765-0j -0.00495474-0j -0.00122725-0j 0.000673217-0j 0.0101459-0j 0.00137068-0j 4.94294e-05-0j 0.00074494-0j -0.000480192-0j -0.00723687-0j -0.0184956-0j 0.0206572-0j 0.000523072-0j 0.0078831-0j 0.00262955-0j 0.0396294-0j -1.19591e-05-0j -0.000180233-0j -0.000651913-0j -0.00982483-0j 0.000253791-0j 0.000192157-0j 0.00248235-0j 8.9032e-05-0j 0.000814497-0j 0.000280817-0j 0.00256902-0j -0.000592266-0j 0.0227094-0j -0.00523547-0j -0.000187776-0j -0.00188064-0j -0.00214678-0j -0.0196395-0j 0.00452773-0j -0.0172048-0j 0.00396643-0j -5.75847e-05-0j -0.000526806-0j 0.000121451-0j -0.000458667-0j 2.10046e-05-0j 0.000967367-0j 0.000304598-0j 0.00278657-0j -0.000642422-0j 0.00153125-0j 0.0140085-0j -0.00322954-0j 0.00269256-0j 0.0246326-0j -4.60631e-06-0j -4.21402e-05-0j 9.71508e-06-0j -0.00567884-0j -0.00419606-0j -0.000937893-0j -0.00858019-0j 0.000417022-0j 0.00381507-0j -0.000879533-0j 0.00197809-0j -4.43003e-05-0j 0.0120292-0j -0.00163429-0j -0.0149511-0j 0.00344685-0j -0.0030015-0j -0.0274589-0j 0.00633042-0j -0.00277324-0j 0.000167044-0j -6.72794e-06-0j -6.15497e-05-0j 1.41898e-05-0j -0.000339547-0j -0.0031063-0j 0.000716132-0j 0.000292203-0j 0.00267318-0j -0.00061628-0j 0.00152818-0j 0.000501787-0j 0.00459053-0j -0.00105831-0j -0.000352309-0j 2.14543e-05-0j 3.68425e-05-0j 0.000337049-0j -7.77038e-05-0j -0.000357914-0j -0.00327433-0j 0.00075487-0j 0.0013149-0j 0.000196272-0j -4.52489e-05-0j 0.000395405-0j 0.00361731-0j -0.000833942-0j 0.00198775-0j 0.0181847-0j -0.00419234-0j -0.000120333-0j -0.00110085-0j -9.13391e-06-0j -8.35604e-05-0j 1.92642e-05-0j 
-0.0200275-0j 0.0339709-0j -0.019811-0j -0.00239686-0j 0.00918561-0j -0.0387388-0j 0.0190069-0j -0.0277776-0j -0.00582092-0j 0.0215878-0j -0.006664-0j -0.0217443-0j 0.0529447-0j -0.403797-0j 0.333024-0j 0.0493467-0j -0.419848-0j -0.367792-0j -0.0304883-0j 0.153023-0j 0.12858-0j 0.0691906-0j -0.185583-0j -0.0388897-0j 0.147202-0j -0.046085-0j 7.95111e-05-0j 0.00119829-0j 0.00303264-0j 0.0457043-0j 0.00470744-0j -0.00060943-0j -0.00918458-0j 0.00181738-0j 0.0273894-0j -0.00159371-0j -0.0060177-0j -0.0906915-0j -0.00126104-0j -0.0190048-0j -0.0240184-0j -0.00223459-0j -0.033677-0j 0.00184294-0j 0.0277745-0j 0.000273081-0j 0.00411555-0j 0.0709448-0j 0.00254821-0j 0.0384036-0j 0.000270749-0j 0.00408039-0j 0.00132875-0j 0.000339614-0j 0.00511824-0j 0.000758859-0j -0.00143226-0j -0.0215854-0j -0.000770723-0j -0.0116154-0j 0.0200253-0j 0.0114366-0j 0.00210986-0j 0.0317972-0j 0.00044213-0j 0.00666325-0j -0.00169726-0j -0.025579-0j 0.000536871-0j 0.00809106-0j 0.00164004-0j 0.0260475-0j -0.000784719-0j -0.000191984-0j -0.00175634-0j -0.00110028-0j -0.0100658-0j 0.00232058-0j -0.0071789-0j 0.00165504-0j 0.000404909-0j 0.00292843-0j 0.000221109-0j 0.00202278-0j -0.000466336-0j 0.0267904-0j -0.0061763-0j -0.00065937-0j -0.00603216-0j 0.00139066-0j 0.00266732-0j 0.00284723-0j -0.00562559-0j -0.00239454-0j -0.0219061-0j 0.00505028-0j -0.000501787-0j -0.00459053-0j 0.00105831-0j -0.00170779-0j -0.0156234-0j -0.000653737-0j -0.00598062-0j 0.00137878-0j 0.00360186-0j 0.0244016-0j -0.000206619-0j -0.00189022-0j -0.00163191-0j -0.0149293-0j 0.00344183-0j 0.000435776-0j -0.00600505-0j 0.000832913-0j 0.00134589-0j 0.0123127-0j -0.00283859-0j 0.000199431-0j 0.00182446-0j -0.000420615-0j -0.000192021-0j -0.00172646-0j 0.00186095-0j 0.0170247-0j -0.0039249-0j 0.000279628-0j 0.00255814-0j -0.000589758-0j -0.000721981-0j -0.00660495-0j 0.00152272-0j -0.0157942-0j 0.000253133-0j 0.00231575-0j -0.000533878-0j 0.00364124-0j 0.00304484-0j -0.00106755-0j -0.00976631-0j 0.00225154-0j -0.000574463-0j -0.0052554-0j 0.00121159-0j 9.1045e-05-0j 0.0278553-0j -0.00642182-0j 0.0015949-0j 0.0145908-0j -0.00336378-0j 0.000334219-0j 0.00305756-0j -0.000704896-0j -0.000777609-0j -0.00711385-0j -0.0012963-0j -0.0118591-0j 0.00273401-0j 
0.0280547-0j -0.0270636-0j 0.0297977-0j -0.0285104-0j -0.0168106-0j -0.0299413-0j -0.0461595-0j -0.01425-0j -0.0136555-0j -0.0172729-0j 0.0161839-0j -0.116674-0j 0.207488-0j -0.333024-0j -0.16503-0j 0.351369-0j 0.335932-0j 0.122173-0j 0.0557966-0j -0.202277-0j 0.0993792-0j -0.168034-0j -0.0952047-0j -0.0912324-0j -0.117781-0j 0.11192-0j 0.0013254-0j 0.0199749-0j 0.00414998-0j 0.0625434-0j -0.00076806-0j -0.00107737-0j -0.0162367-0j 0.00426345-0j 0.0642536-0j 0.0038537-0j -0.00308711-0j -0.0465251-0j -0.0029583-0j -0.0445839-0j 0.0580782-0j -0.00184294-0j -0.0277745-0j -0.000913265-0j -0.0137636-0j 0.00194445-0j 0.0293044-0j -0.0115753-0j -0.00203889-0j -0.0307277-0j -0.00065753-0j -0.00990949-0j 0.00179799-0j -0.000621526-0j -0.00936688-0j -0.00190675-0j -0.001107-0j -0.0166833-0j 0.00187175-0j 0.0282087-0j 0.0270971-0j -0.0287362-0j 0.00108237-0j 0.0163121-0j 0.00103721-0j 0.0156315-0j 0.00135802-0j 0.0204664-0j -0.00130383-0j -0.0196497-0j -0.00398294-0j -0.00258975-0j 0.00314844-0j -0.00105437-0j -0.00964578-0j -0.00150566-0j -0.0137744-0j 0.00317557-0j 0.0288031-0j -0.00664031-0j 0.00222376-0j -0.00233299-0j 0.000390881-0j 0.00357593-0j -0.000824401-0j -0.0213431-0j 0.00492047-0j -0.00154683-0j -0.014151-0j 0.0032624-0j 0.000855881-0j -0.000283084-0j -0.00180512-0j -0.00122841-0j -0.0112379-0j 0.00259082-0j -0.00117716-0j -0.010769-0j 0.00248272-0j 0.00256868-0j 0.0234993-0j 0.000523072-0j 0.00478525-0j -0.0011032-0j -0.00541756-0j 0.00782991-0j -0.00245771-0j -0.022484-0j -0.00134589-0j -0.0123127-0j 0.00283859-0j 0.00518351-0j 0.000597047-0j 0.00746596-0j -0.000666954-0j -0.00610154-0j 0.00140666-0j 0.00142003-0j 0.0129909-0j -0.00299496-0j -0.00172122-0j 0.00241843-0j -0.001489-0j -0.0136219-0j 0.00314042-0j -0.000679094-0j -0.0062126-0j 0.00143226-0j 0.0013213-0j 0.0120877-0j -0.00278672-0j 0.0221247-0j -0.000463258-0j -0.00423806-0j 0.000977049-0j -0.00510067-0j 0.00235336-0j -0.000825108-0j -0.00754839-0j 0.00174022-0j 0.00139512-0j 0.0127631-0j -0.00294242-0j 0.000816098-0j 0.0215294-0j -0.00496343-0j 0.000818193-0j 0.00748513-0j -0.00172564-0j 0.000784054-0j 0.00717282-0j -0.00165363-0j 0.00188847-0j 0.0172764-0j 0.00103721-0j 0.00948874-0j -0.00218755-0j 
-0.00108114-0j 0.0121719-0j -0.00617533-0j -0.0505799-0j 0.0130998-0j -0.065956-0j 0.0323609-0j -0.00999599-0j 0.0290573-0j -0.012536-0j -0.011346-0j -0.0268611-0j -0.381068-0j 0.0493467-0j -0.351369-0j 0.0727762-0j 0.243806-0j -0.00307864-0j -0.04348-0j 0.0410108-0j 0.218917-0j 0.117803-0j -0.0667835-0j 0.194133-0j -0.0854805-0j -0.0784635-0j 0.00428498-0j 0.064578-0j -0.000277208-0j -0.00417774-0j 1.36724e-05-0j 0.00254821-0j 0.0384036-0j -0.00091416-0j -0.0137771-0j 0.000168704-0j -0.00216552-0j -0.0326361-0j 0.00629495-0j 0.0948698-0j 0.00254251-0j 0.000273081-0j 0.00411555-0j -0.00194445-0j -0.0293044-0j 0.000402739-0j 0.00606959-0j 0.000206054-0j -0.00147975-0j -0.022301-0j 0.000460972-0j 0.00694721-0j -0.000210308-0j 0.00048433-0j 0.00729923-0j 0.0033847-0j -0.00243855-0j -0.0367509-0j -0.00131222-0j -0.0197762-0j -0.0031695-0j 0.0510101-0j 0.00075925-0j 0.0114425-0j -0.00220706-0j -0.0332622-0j 0.000985599-0j 0.0148537-0j 0.000914067-0j 0.0137757-0j 0.00279231-0j 3.43359e-05-0j 6.2133e-05-0j 0.00352882-0j 0.0322829-0j 0.000100574-0j 0.000920092-0j -0.00021212-0j 0.000568415-0j -0.000131043-0j -0.00744257-0j 0.00104927-0j -0.000924523-0j -0.00845788-0j 0.00194989-0j 0.00959909-0j -0.00221299-0j 0.000331668-0j 0.00303422-0j -0.000699516-0j -6.54616e-05-0j 3.75323e-06-0j 0.000138064-0j -0.000861695-0j -0.0078831-0j 0.00181738-0j 0.00250486-0j 0.0229154-0j -0.00528295-0j -0.000532338-0j -0.00487003-0j 0.000379625-0j 0.00347295-0j -0.00080066-0j 0.00112274-0j -0.000598867-0j -0.00436019-0j -0.0398887-0j 0.000199431-0j 0.00182446-0j -0.000420615-0j 0.00919601-0j -7.91587e-06-0j 0.0147226-0j -0.00142003-0j -0.0129909-0j 0.00299496-0j 0.000294119-0j 0.00269071-0j -0.000620321-0j -0.00339417-0j -9.31989e-05-0j -0.00108066-0j -0.00988623-0j 0.00227919-0j 0.00047609-0j 0.00435544-0j -0.00100411-0j -0.00102963-0j -0.00941945-0j 0.00217158-0j -0.000852618-0j 0.000360998-0j 0.00330254-0j -0.000761374-0j 0.000196564-0j 0.00518409-0j -0.00181759-0j -0.016628-0j 0.00383344-0j -0.000978071-0j -0.00894775-0j 0.00206283-0j 0.00160931-0j 0.047426-0j -0.0109337-0j 0.000573939-0j 0.00525061-0j -0.00121048-0j -0.00166838-0j -0.015263-0j 0.00351876-0j -0.00132394-0j -0.0121119-0j 0.000752764-0j 0.00688656-0j -0.00158764-0j 
0.00611455-0j 0.0140549-0j 0.00795191-0j -0.00471216-0j -0.0740875-0j 0.00111061-0j -0.0503289-0j 0.0111496-0j -0.0114438-0j -0.000246273-0j -0.0131012-0j 0.0697868-0j -0.000603991-0j -0.419848-0j -0.335932-0j 0.243806-0j -0.00645102-0j 0.0209061-0j 0.0978502-0j 0.0632318-0j -0.00146683-0j 0.341848-0j 0.074491-0j -0.0764561-0j -0.00167928-0j -0.0906018-0j 0.000156317-0j 0.00235582-0j 0.00314926-0j 0.0474618-0j -0.000108364-0j 0.00491542-0j 0.0740792-0j -5.21032e-05-0j -0.000785235-0j -0.00065937-0j -0.0032533-0j -0.0490298-0j 0.00333913-0j 0.0503233-0j -0.00993721-0j -0.000924523-0j -0.0139333-0j -0.000739735-0j -0.0111484-0j 0.000536871-0j 0.00809106-0j -0.00163313-0j -7.30555e-05-0j -0.001101-0j 0.000532284-0j 0.00802194-0j -0.000405677-0j -0.00108997-0j -0.0164267-0j -0.000304598-0j 1.63392e-05-0j 0.000246245-0j -0.00380789-0j -0.0573879-0j -0.00611386-0j -0.00459053-0j -0.000846875-0j -0.0127631-0j 0.000869217-0j 0.0130998-0j 1.93623e-05-0j 0.000291805-0j 0.00105547-0j 0.0159068-0j -0.0145805-0j -0.000311111-0j -0.00032426-0j 2.19014e-06-0j 2.00362e-05-0j -0.000454655-0j -0.00415935-0j 0.000958904-0j -0.00296645-0j 0.00068389-0j -4.61919e-06-0j 0.00304484-0j -0.000709633-0j -0.00649199-0j 0.00149667-0j 0.0278553-0j -0.00642182-0j 7.52207e-06-0j 6.88146e-05-0j -1.58647e-05-0j -0.000151616-0j -3.40073e-05-0j 0.00031977-0j 0.00241544-0j 0.0220974-0j -0.00509437-0j -0.00247916-0j -0.0226803-0j 0.00522876-0j 0.00172269-0j 0.0157598-0j 7.45781e-06-0j 6.82268e-05-0j -1.57291e-05-0j -0.0036333-0j -0.00138704-0j -0.00102084-0j -0.00933898-0j -0.000675176-0j -0.00617676-0j 0.001424-0j 0.00215303-0j 7.17241e-05-0j -0.00267318-0j -0.000540226-0j -0.00494219-0j 0.00113938-0j 0.000392075-0j 0.00358685-0j -0.000826919-0j 0.00061628-0j 0.00132465-0j -5.33522e-05-0j -0.000488085-0j 0.000112524-0j 0.000549741-0j 0.00502923-0j -0.00115945-0j -0.00312092-0j -0.0285513-0j 0.00658227-0j 0.0121184-0j -0.000812414-0j -0.00743226-0j 0.00171345-0j -0.00279379-0j 4.67843e-05-0j 1.21785e-05-0j 0.000111414-0j -2.56856e-05-0j -0.00283824-0j -0.0259652-0j 0.00598607-0j -0.000292203-0j 0.000428-0j -9.8672e-05-0j -0.000640178-0j -0.00585658-0j 0.00135019-0j 0.000657066-0j 0.00601108-0j -0.00138581-0j 0.00691321-0j 0.0632446-0j 1.47882e-05-0j 0.000135288-0j -3.11895e-05-0j 
