0.993083-0j 8.64744e-06-0j 9.24451e-06-0j -6.5682e-07-0j 1.05909e-05-0j -6.96663e-07-0j 0.000586896-0j -8.04437e-07-0j 6.11014e-08-0j 5.29154e-08-0j -1.55663e-09-0j 0.000718797-0j -1.31364e-06-0j 5.7607e-08-0j -1.48953e-06-0j 1.49667e-07-0j -6.68669e-05-0j -8.03842e-09-0j -1.39333e-06-0j 9.16521e-08-0j -7.72112e-05-0j 1.49667e-07-0j -1.1368e-08-0j -1.20576e-08-0j 4.57922e-10-0j 1.13138e-07-0j -1.1368e-08-0j 7.18265e-06-0j 1.05752e-09-0j -8.03842e-09-0j 6.10562e-10-0j 9.15843e-10-0j -4.91887e-11-0j -2.98816e-07-0j -6.22193e-11-0j -3.11096e-11-0j 2.89401e-12-0j 1.78622e-12-0j -1.01755e-13-0j 1.99558e-15-0j -0.00449953-0j 8.07496e-06-0j 8.72196e-06-0j -5.73725e-07-0j 0.000341764-0j 0.000512646-0j -9.36888e-07-0j 4.10853e-08-0j -7.51182e-07-0j 7.54785e-08-0j -2.75335e-05-0j -2.8665e-09-0j -0.131774-0j -1.14745e-06-0j -1.22667e-06-0j 8.7155e-08-0j -1.40533e-06-0j 9.24419e-08-0j -7.78765e-05-0j 1.06743e-07-0j -8.10769e-09-0j -7.02146e-09-0j 2.06553e-10-0j -6.7443e-05-0j 1.23256e-07-0j -5.40512e-09-0j 1.39759e-07-0j -1.40429e-08-0j 6.27396e-06-0j 7.54226e-10-0j 1.06743e-07-0j -7.02146e-09-0j 5.91515e-06-0j -1.1466e-08-0j 8.70905e-10-0j 9.23735e-10-0j -3.50813e-11-0j -7.50626e-09-0j 7.54226e-10-0j -4.76541e-07-0j -7.01627e-11-0j 4.77014e-10-0j -3.62319e-11-0j -5.43478e-11-0j 2.91894e-12-0j 1.61873e-08-0j 3.37051e-12-0j 1.56024e-12-0j -1.45143e-13-0j -8.37984e-14-0j 4.5007e-15-0j -7.98395e-17-0j 
8.64744e-06-0j 0.992801-0j 1.33433e-05-0j 0.000218154-0j 1.52867e-05-0j 0.000463781-0j -1.4687e-06-0j 0.000401355-0j 8.81923e-08-0j -1.75751e-05-0j -2.24681e-09-0j 0.000413919-0j 0.000655411-0j 8.31485e-08-0j -2.14995e-06-0j -4.971e-05-0j 1.67333e-07-0j -1.16025e-08-0j -2.01109e-06-0j -6.10144e-05-0j 1.9322e-07-0j -7.4673e-05-0j -1.64084e-08-0j 4.00478e-06-0j 6.60953e-10-0j 1.633e-07-0j 3.77575e-06-0j -1.79745e-08-0j 1.52641e-09-0j 4.01058e-06-0j 8.8127e-10-0j -3.04185e-07-0j -7.09977e-11-0j 7.47783e-10-0j -8.98058e-11-0j 1.03327e-08-0j 4.17714e-12-0j 2.57819e-12-0j -1.4687e-13-0j 2.88037e-15-0j -0.00389221-0j -0.00268199-0j 1.25891e-05-0j 0.000381938-0j -8.55258e-07-0j 0.000295207-0j 0.000467439-0j 5.93015e-08-0j -1.08424e-06-0j -2.50692e-05-0j 6.89021e-08-0j -4.13744e-09-0j -1.14745e-06-0j -0.131737-0j -1.77055e-06-0j -2.89474e-05-0j -2.02842e-06-0j -6.15401e-05-0j 1.94885e-07-0j -5.32568e-05-0j -1.17024e-08-0j 2.33209e-06-0j 2.98134e-10-0j -3.8837e-05-0j -6.14956e-05-0j -7.80163e-09-0j 2.01725e-07-0j 4.66417e-06-0j -1.57005e-08-0j 1.08863e-09-0j 1.5407e-07-0j 4.67431e-06-0j -1.48025e-08-0j 5.7207e-06-0j 1.25704e-09-0j -3.06806e-07-0j -5.06356e-11-0j -1.08344e-08-0j -2.50506e-07-0j 1.19254e-09-0j -1.01271e-10-0j -2.37995e-07-0j -5.22962e-11-0j 1.80509e-08-0j 4.21313e-12-0j -4.05084e-11-0j 4.86491e-12-0j -5.18213e-10-0j -2.09496e-13-0j -1.20953e-13-0j 6.49619e-15-0j -1.15238e-16-0j 
9.24451e-06-0j 1.33433e-05-0j 0.991773-0j 0.000350332-0j 1.63421e-05-0j -1.07497e-06-0j 0.000270581-0j -1.24127e-06-0j -3.259e-05-0j 8.16502e-08-0j -2.40194e-09-0j -1.92297e-06-0j 0.000349318-0j -4.61336e-05-0j 0.000927274-0j -3.97989e-05-0j 1.78887e-07-0j 2.13755e-06-0j -2.14995e-06-0j 1.41422e-07-0j -3.55973e-05-0j 2.30942e-07-0j 6.06343e-06-0j -1.86053e-08-0j 7.06588e-10-0j -7.04315e-05-0j 3.02295e-06-0j -1.92155e-08-0j -2.81213e-07-0j -1.24036e-08-0j -3.25659e-07-0j 1.41318e-09-0j -7.58998e-11-0j 7.99413e-10-0j 1.65451e-08-0j -4.80032e-11-0j 4.46555e-12-0j -4.74985e-10-0j -1.57011e-13-0j 3.07924e-15-0j 1.20374e-05-0j -0.00502689-0j -0.00231931-0j 0.000152563-0j 0.000316046-0j -1.37146e-06-0j 0.000249134-0j -3.29025e-05-0j 0.000467632-0j -2.00709e-05-0j 7.36594e-08-0j 7.62249e-07-0j -1.22667e-06-0j -1.77055e-06-0j -0.131601-0j -4.64863e-05-0j -2.16848e-06-0j 1.42641e-07-0j -3.5904e-05-0j 1.64708e-07-0j 4.32444e-06-0j -1.08344e-08-0j 3.18719e-10-0j 1.80428e-07-0j -3.27757e-05-0j 4.32861e-06-0j -8.70039e-05-0j 3.73424e-06-0j -1.67845e-08-0j -2.00561e-07-0j 1.64708e-07-0j -1.08344e-08-0j 2.7271e-06-0j -1.76924e-08-0j -4.64519e-07-0j 1.42535e-09-0j -5.41317e-11-0j 4.67286e-06-0j -2.00561e-07-0j 1.27487e-09-0j 1.86574e-08-0j 7.36049e-10-0j 1.93252e-08-0j -8.38604e-11-0j 4.50403e-12-0j -4.33053e-11-0j -8.96272e-10-0j 2.4075e-12-0j -2.23961e-13-0j 2.22833e-11-0j 6.94472e-15-0j -1.23195e-16-0j 
6.5682e-07-0j -0.000218154-0j -0.000350332-0j 0.984201-0j 1.16111e-06-0j 3.52267e-05-0j 3.8561e-05-0j -8.81923e-08-0j 0.000397879-0j -1.33493e-06-0j -1.70657e-10-0j 3.14394e-05-0j 4.9782e-05-0j 0.00113193-0j -1.633e-07-0j 0.00130515-0j 1.27099e-08-0j 3.04626e-07-0j -1.52754e-07-0j -4.63437e-06-0j -5.07303e-06-0j 1.64084e-08-0j -7.40262e-05-0j 3.04185e-07-0j 5.0203e-11-0j 1.24036e-08-0j -9.91332e-05-0j -1.36526e-09-0j -4.00762e-08-0j -8.8127e-10-0j 3.97584e-06-0j -2.31045e-08-0j -5.39266e-12-0j 5.67982e-11-0j 2.35788e-09-0j 7.84822e-10-0j 3.17277e-13-0j -6.7691e-11-0j -1.11556e-14-0j 2.1878e-16-0j 8.55258e-07-0j -0.000203712-0j -0.000330529-0j -0.0100279-0j -0.00385849-0j 2.24226e-05-0j 3.55045e-05-0j 0.00080729-0j -8.23538e-08-0j 0.000658198-0j 5.23349e-09-0j 1.0863e-07-0j -8.7155e-08-0j 2.89474e-05-0j 4.64863e-05-0j -0.130596-0j -1.5407e-07-0j -4.67431e-06-0j -5.11675e-06-0j 1.17024e-08-0j -5.27955e-05-0j 1.77135e-07-0j 2.26449e-11-0j -2.94988e-06-0j -4.67093e-06-0j -0.000106206-0j 1.53221e-08-0j -0.000122459-0j -1.19254e-09-0j -2.85823e-08-0j 1.17024e-08-0j 3.55039e-07-0j 3.88645e-07-0j -1.25704e-09-0j 5.67114e-06-0j -2.33036e-08-0j -3.84605e-12-0j -8.22928e-10-0j 6.57711e-06-0j 9.05796e-11-0j 2.6589e-09-0j 5.22962e-11-0j -2.35934e-07-0j 1.37106e-09-0j 3.2001e-13-0j -3.07684e-12-0j -1.27729e-10-0j -3.93611e-11-0j -1.59124e-14-0j 3.17564e-12-0j 4.93421e-16-0j -8.75299e-18-0j 
1.05909e-05-0j 1.52867e-05-0j 1.63421e-05-0j -1.16111e-06-0j 0.989201-0j 0.00014108-0j 0.00020606-0j 0.000327231-0j -2.4855e-05-0j -3.23344e-05-0j 1.58716e-06-0j -2.20304e-06-0j -2.32221e-06-0j 1.01836e-07-0j 0.000301641-0j -3.03088e-05-0j -4.71591e-05-0j 4.91194e-06-0j 0.00113603-0j 1.6202e-07-0j 2.36645e-07-0j -3.03088e-05-0j 2.30211e-06-0j 4.90484e-06-0j -3.73359e-07-0j 2.00001e-07-0j -2.00961e-08-0j 2.52184e-06-0j -4.30183e-07-0j -1.42101e-08-0j 1.07933e-09-0j -1.85465e-07-0j 3.00571e-08-0j 9.15843e-10-0j 1.25999e-08-0j -5.49946e-11-0j -1.17723e-09-0j 3.15762e-12-0j 2.06061e-11-0j 3.52771e-15-0j 1.37906e-05-0j 1.42747e-05-0j -0.0071113-0j -1.01421e-06-0j -1.04747e-06-0j 0.000179991-0j 0.000189727-0j -8.32008e-06-0j 0.000305568-0j -3.07033e-05-0j -2.91699e-05-0j 2.33715e-06-0j -1.40533e-06-0j -2.02842e-06-0j -2.16848e-06-0j 1.5407e-07-0j -0.131259-0j -1.87202e-05-0j -2.73426e-05-0j -4.34211e-05-0j 3.29807e-06-0j 4.29052e-06-0j -2.10604e-07-0j 2.06706e-07-0j 2.17888e-07-0j -9.555e-09-0j -2.83022e-05-0j 2.8438e-06-0j 4.42482e-06-0j -4.60876e-07-0j -8.70309e-05-0j -1.24123e-08-0j -1.81293e-08-0j 2.32195e-06-0j -1.76365e-07-0j -3.75759e-07-0j 2.8603e-08-0j -1.32693e-08-0j 1.3333e-09-0j -1.67314e-07-0j 2.8541e-08-0j 8.4325e-10-0j -6.40495e-11-0j 1.10058e-08-0j -1.78364e-09-0j -4.96125e-11-0j -6.82553e-10-0j 2.75814e-12-0j 5.90417e-11-0j -1.48136e-13-0j -9.11425e-13-0j -1.41138e-16-0j 
6.96663e-07-0j -0.000463781-0j 1.07497e-06-0j 3.52267e-05-0j -0.00014108-0j 0.982776-0j 1.35545e-05-0j 2.15251e-05-0j -1.63495e-06-0j 0.000980989-0j 1.04402e-07-0j 6.68379e-05-0j -1.52754e-07-0j 6.69869e-09-0j 1.98417e-05-0j 0.000919534-0j -3.10209e-06-0j 3.23104e-07-0j -1.6202e-07-0j 0.00112865-0j 1.55663e-08-0j -1.99369e-06-0j 1.51432e-07-0j -0.000148807-0j -2.45593e-08-0j 1.3156e-08-0j 6.09692e-07-0j 1.65885e-07-0j -2.82971e-08-0j -9.34728e-10-0j 7.09977e-11-0j 5.62681e-06-0j 1.97714e-09-0j 6.02436e-11-0j 8.28811e-10-0j 1.66848e-09-0j -7.74376e-11-0j 2.07706e-13-0j 1.35546e-12-0j 2.32051e-16-0j 9.07138e-07-0j -0.000433077-0j 1.01421e-06-0j -0.00706511-0j -6.89021e-08-0j -0.00546072-0j 1.24801e-05-0j -5.47289e-07-0j 2.01001e-05-0j 0.000931506-0j -1.91878e-06-0j 1.53736e-07-0j -9.24419e-08-0j 6.15401e-05-0j -1.42641e-07-0j -4.67431e-06-0j 1.87202e-05-0j -0.130407-0j -1.79858e-06-0j -2.85621e-06-0j 2.16945e-07-0j -0.00013017-0j -1.38534e-08-0j -6.27124e-06-0j 1.43325e-08-0j -6.28522e-10-0j -1.8617e-06-0j -8.62777e-05-0j 2.91062e-07-0j -3.03161e-08-0j 1.24123e-08-0j -8.64656e-05-0j -1.19254e-09-0j 1.52736e-07-0j -1.16012e-08-0j 1.14001e-05-0j 1.88149e-09-0j -8.72847e-10-0j -4.04507e-08-0j -1.10058e-08-0j 1.87741e-09-0j 5.54685e-11-0j -4.21313e-12-0j -3.33905e-07-0j -1.17327e-10-0j -3.26348e-12-0j -4.48979e-11-0j -8.3679e-11-0j 3.88373e-12-0j -9.74429e-15-0j -5.99529e-14-0j -9.28394e-18-0j 
-0.000586896-0j 1.4687e-06-0j -0.000270581-0j 3.8561e-05-0j -0.00020606-0j 1.35545e-05-0j 0.982215-0j 3.14394e-05-0j 0.000825449-0j -3.10659e-06-0j 1.52489e-07-0j 6.0935e-05-0j 3.84494e-05-0j -5.07793e-06-0j 2.89807e-05-0j 0.00050183-0j 0.00130439-0j -8.13283e-05-0j -2.36645e-07-0j 1.55663e-08-0j 0.001128-0j -2.91197e-06-0j -7.64546e-05-0j 4.71242e-07-0j -3.58711e-08-0j 1.92155e-08-0j 3.32735e-07-0j -6.97528e-05-0j 7.12264e-06-0j -1.36526e-09-0j -3.58452e-08-0j -1.78189e-08-0j 2.8878e-09-0j -2.53317e-08-0j -2.08619e-07-0j -5.28371e-12-0j -1.13105e-10-0j -5.22815e-11-0j 1.97977e-12-0j 3.38932e-16-0j -0.000381441-0j 1.37146e-06-0j -0.000255286-0j 1.67926e-05-0j -0.0100148-0j -0.00497845-0j -0.00314136-0j 0.000414872-0j 2.9358e-05-0j 0.000508363-0j 0.000806825-0j -3.86968e-05-0j 7.78765e-05-0j -1.94885e-07-0j 3.5904e-05-0j -5.11675e-06-0j 2.73426e-05-0j -1.79858e-06-0j -0.130332-0j -4.17176e-06-0j -0.000109531-0j 4.1222e-07-0j -2.02341e-08-0j -5.71739e-06-0j -3.60762e-06-0j 4.7645e-07-0j -2.71919e-06-0j -4.70855e-05-0j -0.000122388-0j 7.63084e-06-0j 1.81293e-08-0j -1.19254e-09-0j -8.64162e-05-0j 2.23086e-07-0j 5.85718e-06-0j -3.61018e-08-0j 2.74809e-09-0j -1.27487e-09-0j -2.20757e-08-0j 4.62783e-06-0j -4.7256e-07-0j 8.10169e-11-0j 2.12712e-09-0j 1.05741e-09-0j -1.71367e-10-0j 1.37226e-09-0j 1.13012e-08-0j 2.64994e-13-0j 5.67254e-12-0j 2.45273e-12-0j -8.75669e-14-0j -1.35601e-17-0j 
8.04437e-07-0j -0.000401355-0j 1.24127e-06-0j -8.81923e-08-0j -0.000327231-0j 2.15251e-05-0j 3.14394e-05-0j 0.979895-0j 0.000215318-0j 0.000564325-0j -5.55777e-05-0j -1.67333e-07-0j 6.09703e-05-0j 7.73498e-09-0j 4.60225e-05-0j -4.62433e-06-0j 0.000408538-0j -8.57272e-05-0j -1.87084e-07-0j 1.23063e-08-0j 1.79745e-08-0j 0.00159848-0j 3.51243e-07-0j -4.24905e-05-0j 9.79553e-06-0j 1.51912e-08-0j -1.52641e-09-0j 3.84767e-07-0j 3.72666e-06-0j 3.73089e-07-0j 8.19811e-11-0j -2.82971e-08-0j -5.24581e-07-0j 6.95633e-11-0j 1.92241e-09-0j -4.17714e-12-0j 1.01983e-08-0j 2.39838e-13-0j 3.14396e-12-0j 2.67949e-16-0j -0.000362076-0j 1.08424e-06-0j 1.17111e-06-0j -7.70349e-08-0j -7.95613e-08-0j 2.74619e-05-0j -0.0100061-0j -1.26943e-06-0j -0.00264713-0j 0.000265982-0j 0.000509097-0j -6.13181e-05-0j -1.06743e-07-0j 5.32568e-05-0j -1.64708e-07-0j 1.17024e-08-0j 4.34211e-05-0j -2.85621e-06-0j -4.17176e-06-0j -0.130025-0j -2.85711e-05-0j -7.48816e-05-0j 7.37473e-06-0j 1.57005e-08-0j -5.7207e-06-0j -7.25754e-10-0j -4.31818e-06-0j 4.3389e-07-0j -3.83321e-05-0j 8.04358e-06-0j 1.43325e-08-0j -9.42783e-10-0j -1.37702e-09-0j -0.000122459-0j -2.69087e-08-0j 3.25519e-06-0j -7.50435e-07-0j -1.00788e-09-0j 1.01271e-10-0j -2.55278e-08-0j -2.4725e-07-0j -2.21398e-08-0j -4.86491e-12-0j 1.6792e-09-0j 3.11296e-08-0j -3.76834e-12-0j -1.0414e-10-0j 2.09496e-13-0j -5.11477e-10-0j -1.12517e-14-0j -1.3906e-13-0j -1.07202e-17-0j 
6.11014e-08-0j 8.81923e-08-0j -3.259e-05-0j -0.000397879-0j -2.4855e-05-0j 1.63495e-06-0j -0.000825449-0j -0.000215318-0j 0.971407-0j 4.28636e-05-0j -4.22143e-06-0j -1.27099e-08-0j 4.63102e-06-0j 0.000105299-0j 3.49566e-06-0j 0.000121413-0j 3.10307e-05-0j 0.00225079-0j -1.42101e-08-0j 9.34728e-10-0j -4.71924e-07-0j -3.51243e-07-0j 0.00158463-0j -3.22738e-06-0j 7.44024e-07-0j 1.15385e-09-0j 4.00762e-08-0j 2.92252e-08-0j -9.78445e-05-0j -8.19811e-11-0j 3.69857e-07-0j -2.14932e-09-0j -3.98448e-08-0j 5.28371e-12-0j -5.04735e-08-0j -3.17277e-13-0j 7.74619e-10-0j -6.29702e-12-0j 2.38801e-13-0j 2.03522e-17-0j 7.95613e-08-0j 8.23538e-08-0j -3.07478e-05-0j 2.02257e-06-0j -0.00035894-0j 2.08588e-06-0j -0.000760021-0j -0.0172811-0j -0.000201064-0j -0.00698344-0j 3.86687e-05-0j 0.00160992-0j -8.10769e-09-0j -1.17024e-08-0j 4.32444e-06-0j 5.27955e-05-0j 3.29807e-06-0j -2.16945e-07-0j 0.000109531-0j 2.85711e-05-0j -0.128898-0j -5.68767e-06-0j 5.60151e-07-0j 1.19254e-09-0j -4.34518e-07-0j -9.87993e-06-0j -3.2799e-07-0j -1.13919e-05-0j -2.91153e-06-0j -0.000211186-0j 1.08863e-09-0j -7.16095e-11-0j 3.61541e-08-0j 2.69087e-08-0j -0.000121398-0j 2.4725e-07-0j -5.69996e-08-0j -7.65538e-11-0j -2.6589e-09-0j -1.93898e-09-0j 6.49161e-06-0j 4.86491e-12-0j -2.1948e-08-0j 1.27545e-10-0j 2.36446e-09-0j -2.86226e-13-0j 2.73422e-09-0j 1.59124e-14-0j -3.88495e-11-0j 2.95417e-13-0j -1.05623e-14-0j -8.14256e-19-0j 
5.29154e-08-0j -1.75751e-05-0j 8.16502e-08-0j 1.33493e-06-0j -3.23344e-05-0j -0.000980989-0j 3.10659e-06-0j -0.000564325-0j 4.28636e-05-0j 0.969936-0j 0.00126188-0j 2.53285e-06-0j -1.16025e-08-0j 5.08802e-10-0j 4.54758e-06-0j 0.000105147-0j 8.13279e-05-0j 0.000640316-0j -1.23063e-08-0j -3.73359e-07-0j 1.18235e-09-0j -4.56939e-07-0j 3.4707e-08-0j 0.00194642-0j -0.000147839-0j 9.99267e-10-0j 2.31045e-08-0j 3.80196e-08-0j 7.4187e-07-0j -7.09977e-11-0j 5.39266e-12-0j 6.43413e-07-0j 3.91822e-06-0j 4.57583e-12-0j 1.89957e-10-0j 6.32275e-11-0j 2.03019e-09-0j 1.57764e-14-0j 3.10661e-13-0j 1.76255e-17-0j 6.89021e-08-0j -1.64116e-05-0j 7.70349e-08-0j 2.33715e-06-0j -5.23349e-09-0j -0.000624421-0j 2.86035e-06-0j -1.25435e-07-0j -0.000526966-0j -0.0121842-0j -0.00380256-0j 0.000925447-0j -7.02146e-09-0j 2.33209e-06-0j -1.08344e-08-0j -1.77135e-07-0j 4.29052e-06-0j 0.00013017-0j -4.1222e-07-0j 7.48816e-05-0j -5.68767e-06-0j -0.128703-0j -0.000167441-0j -2.37651e-07-0j 1.08863e-09-0j -4.77397e-11-0j -4.26688e-07-0j -9.86566e-06-0j -7.63081e-06-0j -6.00793e-05-0j 9.42783e-10-0j 2.8603e-08-0j -9.05796e-11-0j 3.5006e-08-0j -2.6589e-09-0j -0.000149115-0j 1.1326e-05-0j -6.62975e-11-0j -1.5329e-09-0j -2.52245e-09-0j -4.92202e-08-0j 4.21313e-12-0j -3.2001e-13-0j -3.81813e-08-0j -2.32514e-07-0j -2.47879e-13-0j -1.02903e-11-0j -3.17105e-12-0j -1.0182e-10-0j -7.40132e-16-0j -1.37408e-14-0j -7.05166e-19-0j 
1.55663e-09-0j 2.24681e-09-0j 2.40194e-09-0j -1.70657e-10-0j -1.58716e-06-0j 1.04402e-07-0j 1.52489e-07-0j -5.55777e-05-0j 4.22143e-06-0j -0.00126188-0j 0.957104-0j -3.23799e-10-0j -3.41315e-10-0j 1.49676e-11-0j 2.23221e-07-0j -2.24292e-08-0j 8.0096e-06-0j 0.000191693-0j -3.62019e-10-0j 2.38134e-11-0j 3.47816e-11-0j -2.24292e-08-0j 1.70362e-09-0j -8.33048e-07-0j 0.00250187-0j 2.93958e-11-0j -2.95368e-12-0j 1.86622e-09-0j 7.30632e-08-0j -2.08857e-12-0j 1.58638e-13-0j -1.37249e-10-0j 1.17301e-06-0j 1.34609e-13-0j 9.3242e-12-0j -8.08301e-15-0j 1.99944e-10-0j 4.64102e-16-0j 1.5249e-14-0j 5.18497e-19-0j 2.02692e-09-0j 2.09806e-09-0j 2.26617e-09-0j -1.49067e-10-0j -1.53956e-10-0j 1.33197e-07-0j 1.40402e-07-0j -6.15705e-09-0j -5.18983e-05-0j 5.21472e-06-0j -0.00113838-0j -0.0156612-0j -2.06553e-10-0j -2.98134e-10-0j -3.18719e-10-0j 2.26449e-11-0j 2.10604e-07-0j -1.38534e-08-0j -2.02341e-08-0j 7.37473e-06-0j -5.60151e-07-0j 0.000167441-0j -0.127-0j 3.03813e-11-0j 3.20247e-11-0j -1.40438e-12-0j -2.09443e-08-0j 2.10448e-09-0j -7.51522e-07-0j -1.79861e-05-0j 2.77342e-11-0j -1.82434e-12-0j -2.66462e-12-0j 1.7183e-09-0j -1.30514e-10-0j 6.38198e-08-0j -0.000191668-0j -1.9503e-12-0j 1.95966e-13-0j -1.23817e-10-0j -4.84746e-09-0j 1.23939e-13-0j -9.41388e-15-0j 8.14458e-12-0j -6.96083e-08-0j -7.29196e-15-0j -5.05105e-13-0j 4.05387e-16-0j -1.00278e-11-0j -2.17728e-17-0j -6.74476e-16-0j -2.00717e-19-0j 
-0.000718797-0j -0.000413919-0j 1.92297e-06-0j 3.14394e-05-0j 2.20304e-06-0j 6.68379e-05-0j 6.0935e-05-0j -1.67333e-07-0j 1.27099e-08-0j -2.53285e-06-0j -3.23799e-10-0j 0.975053-0j 1.55147e-05-0j -6.80367e-07-0j 1.75921e-05-0j 0.000406755-0j 0.000394181-0j 9.49377e-08-0j 3.32016e-05-0j 0.0010073-0j 0.000918338-0j -3.56642e-06-0j 2.70889e-07-0j -6.61158e-05-0j -1.09118e-08-0j -4.05571e-06-0j -9.3774e-05-0j -0.000128517-0j -3.79096e-08-0j 3.84767e-07-0j -2.92252e-08-0j 1.00876e-05-0j 2.35446e-09-0j 8.93173e-06-0j 3.72597e-09-0j -5.1473e-07-0j -2.08088e-10-0j -1.49902e-10-0j 9.76236e-12-0j -2.39423e-13-0j -0.000467168-0j -0.000386516-0j 1.81428e-06-0j 5.50431e-05-0j 3.5484e-05-0j -0.0122479-0j -1.94885e-07-0j 8.54625e-09-0j -1.56255e-07-0j -3.61285e-06-0j -2.85869e-06-0j -5.96268e-10-0j -0.0054154-0j -0.00311845-0j 1.44876e-05-0j 0.000236863-0j 1.65977e-05-0j 0.000503555-0j 0.000459083-0j -1.26068e-06-0j 9.57558e-08-0j -1.90824e-05-0j -2.4395e-09-0j -0.184585-0j -2.93706e-06-0j 1.28799e-07-0j -3.33032e-06-0j -7.70018e-05-0j -7.46215e-05-0j -1.79725e-08-0j -3.82646e-06-0j -0.000116091-0j -0.000105838-0j 4.11027e-07-0j -3.12198e-08-0j 7.6198e-06-0j 1.25758e-09-0j 3.59295e-07-0j 8.30742e-06-0j 1.13853e-05-0j 3.35841e-09-0j -2.85658e-08-0j 2.16973e-09-0j -7.48917e-07-0j -1.748e-10-0j -5.80949e-07-0j -2.4235e-10-0j 3.01302e-08-0j 1.21806e-11-0j 8.03962e-12-0j -4.85888e-13-0j 1.05385e-14-0j 
1.31364e-06-0j -0.000655411-0j -0.000349318-0j 4.9782e-05-0j 2.32221e-06-0j -1.52754e-07-0j 3.84494e-05-0j 6.09703e-05-0j -4.63102e-06-0j 1.16025e-08-0j -3.41315e-10-0j 1.55147e-05-0j 0.974205-0j 0.000372211-0j 1.85437e-05-0j 0.000321102-0j -1.44328e-06-0j -1.72459e-05-0j 3.49975e-05-0j -2.30211e-06-0j 0.000579463-0j 0.00129948-0j -9.87024e-05-0j 3.02863e-07-0j -1.15021e-08-0j -4.27509e-06-0j -7.40274e-05-0j 4.70559e-07-0j 6.88648e-06-0j -0.000140196-0j 1.06486e-05-0j -4.6209e-08-0j 2.48182e-09-0j -3.27031e-08-0j -6.76842e-07-0j 2.35788e-09-0j -2.19344e-10-0j 2.72305e-08-0j 1.02904e-11-0j -2.52374e-13-0j -0.000591268-0j 1.77055e-06-0j -0.000329573-0j 2.16791e-05-0j 4.49101e-05-0j -1.94885e-07-0j -0.0122372-0j -4.67543e-06-0j -1.64708e-07-0j -2.85207e-06-0j 1.0467e-08-0j 1.08315e-07-0j 9.89694e-06-0j -0.00493785-0j -0.00263175-0j 0.000375056-0j 1.74955e-05-0j -1.15084e-06-0j 0.000289677-0j 0.000459348-0j -3.489e-05-0j 8.74127e-08-0j -2.57146e-09-0j -2.93706e-06-0j -0.184425-0j -7.04624e-05-0j -3.51046e-06-0j -6.07871e-05-0j 2.73223e-07-0j 3.26479e-06-0j -4.03344e-06-0j 2.65317e-07-0j -6.67827e-05-0j -0.000149764-0j 1.13754e-05-0j -3.49048e-08-0j 1.3256e-09-0j 3.7873e-07-0j 6.55808e-06-0j -4.16868e-08-0j -6.10072e-07-0j 1.04084e-05-0j -7.90572e-07-0j 3.43064e-09-0j -1.84255e-10-0j 2.12712e-09-0j 4.40241e-08-0j -1.38021e-10-0j 1.28395e-11-0j -1.46044e-09-0j -5.12171e-13-0j 1.11085e-14-0j 
5.7607e-08-0j 8.31485e-08-0j -4.61336e-05-0j -0.00113193-0j 1.01836e-07-0j -6.69869e-09-0j 5.07793e-06-0j -7.73498e-09-0j 0.000105299-0j 5.08802e-10-0j -1.49676e-11-0j 6.80367e-07-0j -0.000372211-0j 0.965733-0j 8.13194e-07-0j 4.24072e-05-0j -6.32918e-08-0j -2.27763e-06-0j 1.53474e-06-0j -1.00954e-07-0j 7.65283e-05-0j -1.64858e-07-0j 0.00224426-0j 1.32814e-08-0j -5.04399e-10-0j -1.87475e-07-0j -9.77663e-06-0j 2.06354e-08-0j 9.09481e-07-0j 1.77859e-08-0j -0.000242125-0j -2.0264e-09-0j 1.08835e-10-0j -1.43413e-09-0j -8.9389e-08-0j 1.034e-10-0j -9.61886e-12-0j 3.59627e-09-0j 4.51265e-13-0j -1.10674e-14-0j 7.50111e-08-0j 7.76439e-08-0j -4.35259e-05-0j 2.86311e-06-0j -0.00102115-0j -8.54625e-09-0j 4.67543e-06-0j -0.0121308-0j -7.2229e-09-0j -3.76667e-07-0j 4.59007e-10-0j 1.43049e-08-0j 4.34009e-07-0j 6.26439e-07-0j -0.00034757-0j -0.00852791-0j 7.67227e-07-0j -5.04677e-08-0j 3.8257e-05-0j -5.82751e-08-0j 0.000793318-0j 3.8333e-09-0j -1.12766e-10-0j -1.28799e-07-0j 7.04624e-05-0j -0.182821-0j -1.53944e-07-0j -8.02801e-06-0j 1.19816e-08-0j 4.31173e-07-0j -1.76878e-07-0j 1.16349e-08-0j -8.81983e-06-0j 1.89998e-08-0j -0.00025865-0j -1.53068e-09-0j 5.81316e-11-0j 1.66084e-08-0j 8.6611e-07-0j -1.82809e-09-0j -8.05708e-08-0j -1.32045e-09-0j 1.79758e-05-0j 1.50443e-10-0j -8.08011e-12-0j 9.32804e-11-0j 5.81416e-09-0j -6.0526e-12-0j 5.6305e-13-0j -1.92877e-10-0j -2.24602e-14-0j 4.8714e-16-0j 
1.48953e-06-0j 2.14995e-06-0j -0.000927274-0j -1.633e-07-0j -0.000301641-0j 1.98417e-05-0j 2.89807e-05-0j 4.60225e-05-0j -3.49566e-06-0j -4.54758e-06-0j 2.23221e-07-0j 1.75921e-05-0j 1.85437e-05-0j -8.13194e-07-0j 0.97178-0j 0.000242026-0j 0.000376582-0j -3.92236e-05-0j 3.96835e-05-0j -2.61035e-06-0j -3.81266e-06-0j 0.000488315-0j -3.70902e-05-0j -7.90235e-05-0j 6.01531e-06-0j 0.0019557-0j 4.87075e-07-0j -6.11227e-05-0j 1.04265e-05-0j 4.59885e-07-0j -3.49308e-08-0j 6.00227e-06-0j -9.72749e-07-0j -3.70819e-08-0j -5.1016e-07-0j 2.67358e-09-0j 5.72315e-08-0j -1.79168e-10-0j -1.33666e-09-0j -2.86166e-13-0j 1.93954e-06-0j -0.000809962-0j 2.16848e-06-0j -1.42641e-07-0j -1.47319e-07-0j 2.53143e-05-0j 2.66836e-05-0j -1.17015e-06-0j -0.0173383-0j -4.31818e-06-0j -4.10252e-06-0j 3.28702e-07-0j 1.12221e-05-0j 1.61977e-05-0j -0.00698606-0j -1.2303e-06-0j -0.00227255-0j 0.000149487-0j 0.00021834-0j 0.000346733-0j -2.63362e-05-0j -3.42613e-05-0j 1.68174e-06-0j -3.33032e-06-0j -3.51046e-06-0j 1.53944e-07-0j -0.183965-0j -4.58174e-05-0j -7.12898e-05-0j 7.42533e-06-0j -4.57349e-06-0j 3.00841e-07-0j 4.39407e-07-0j -5.62779e-05-0j 4.27461e-06-0j 9.10741e-06-0j -6.9326e-07-0j -0.000173255-0j -4.31499e-08-0j 5.41485e-06-0j -9.23681e-07-0j -3.41426e-08-0j 2.59332e-09-0j -4.45619e-07-0j 7.22185e-08-0j 2.41193e-09-0j 3.31825e-08-0j -1.56501e-10-0j -3.3501e-09-0j 9.60918e-12-0j 6.65279e-11-0j 1.25959e-14-0j 
1.49667e-07-0j -4.971e-05-0j -3.97989e-05-0j -0.00130515-0j -3.03088e-05-0j -0.000919534-0j -0.00050183-0j 4.62433e-06-0j 0.000121413-0j 0.000105147-0j 2.24292e-08-0j -0.000406755-0j -0.000321102-0j 4.24072e-05-0j -0.000242026-0j 0.964377-0j 3.78388e-05-0j 0.000679195-0j 3.98738e-06-0j 0.000120973-0j 6.60201e-05-0j 4.90657e-05-0j 0.00128823-0j 0.00182714-0j 6.04416e-07-0j -4.87075e-07-0j 0.0019408-0j -6.14158e-06-0j -0.000180545-0j 4.6209e-08-0j 1.21323e-06-0j -0.000138781-0j -9.77414e-08-0j -3.72597e-09-0j 8.83393e-06-0j -6.18171e-08-0j 5.7506e-09-0j 3.10246e-09-0j -1.34307e-10-0j -2.87538e-14-0j 1.94885e-07-0j -4.64191e-05-0j -3.75493e-05-0j -0.0011392-0j 5.11675e-06-0j -0.000585304-0j -0.000462053-0j 6.10222e-05-0j 4.31818e-06-0j -0.0172062-0j -4.1222e-07-0j -5.69181e-06-0j 1.12759e-06-0j -0.000374514-0j -0.000299844-0j -0.00983296-0j -0.000228345-0j -0.00692775-0j -0.00378077-0j 3.48396e-05-0j 0.000914722-0j 0.000792172-0j 1.68981e-07-0j 7.70018e-05-0j 6.07871e-05-0j -8.02801e-06-0j 4.58174e-05-0j -0.182564-0j -7.16317e-06-0j -0.000128577-0j -4.59543e-07-0j -1.3942e-05-0j -7.60876e-06-0j -5.65478e-06-0j -0.000148468-0j -0.000210577-0j -6.96585e-08-0j 4.31499e-08-0j -0.000171935-0j 5.44082e-07-0j 1.59944e-05-0j -3.43064e-09-0j -9.00723e-08-0j 1.03034e-05-0j 7.25649e-09-0j 2.4235e-10-0j -5.74588e-07-0j 3.61853e-09-0j -3.36617e-10-0j -1.66392e-10-0j 6.6847e-12-0j 1.26563e-15-0j 
-6.68669e-05-0j 1.67333e-07-0j 1.78887e-07-0j -1.27099e-08-0j -4.71591e-05-0j 3.10209e-06-0j -0.00130439-0j -0.000408538-0j 3.10307e-05-0j 8.13279e-05-0j -8.0096e-06-0j -0.000394181-0j 1.44328e-06-0j -6.32918e-08-0j -0.000376582-0j 3.78388e-05-0j 0.962378-0j 0.000701467-0j 3.08861e-06-0j -2.03167e-07-0j 8.54293e-05-0j 7.6344e-05-0j -5.79874e-06-0j 0.000701485-0j -0.000161716-0j -3.77287e-07-0j 3.79096e-08-0j 0.00275107-0j -9.25549e-05-0j 3.57934e-08-0j -2.7187e-09-0j 9.38405e-07-0j 1.73964e-05-0j 8.30883e-07-0j -7.97594e-08-0j 2.08088e-10-0j -5.08039e-07-0j -1.39448e-11-0j -2.08976e-10-0j -2.22726e-14-0j -4.34588e-05-0j 1.56255e-07-0j 1.68775e-07-0j -1.11019e-08-0j 3.30093e-06-0j -0.00113937-0j 4.17176e-06-0j -1.82944e-07-0j -0.000381492-0j 3.83321e-05-0j -0.021122-0j -8.83688e-06-0j -0.000503773-0j 1.26068e-06-0j 1.34773e-06-0j -9.57558e-08-0j -0.000355295-0j 2.33711e-05-0j -0.00982727-0j -0.00307791-0j 0.000233784-0j 0.000612723-0j -6.03441e-05-0j 7.46215e-05-0j -2.73223e-07-0j 1.19816e-08-0j 7.12898e-05-0j -7.16317e-06-0j -0.182186-0j -0.000132793-0j -3.5596e-07-0j 2.34148e-08-0j -9.84567e-06-0j -8.79859e-06-0j 6.68301e-07-0j -8.08456e-05-0j 1.86377e-05-0j 3.34238e-08-0j -3.35841e-09-0j -0.000243717-0j 8.19943e-06-0j -2.65736e-09-0j 2.01841e-10-0j -6.96688e-08-0j -1.29154e-06-0j -5.40434e-08-0j 5.18781e-09-0j -1.21806e-11-0j 2.97386e-08-0j 7.47894e-13-0j 1.04011e-11-0j 9.80351e-16-0j 
8.03842e-09-0j 1.16025e-08-0j -2.13755e-06-0j 3.04626e-07-0j -4.91194e-06-0j 3.23104e-07-0j -8.13283e-05-0j -8.57272e-05-0j -0.00225079-0j -0.000640316-0j 0.000191693-0j 9.49377e-08-0j -1.72459e-05-0j 2.27763e-06-0j -3.92236e-05-0j -0.000679195-0j -0.000701467-0j 0.951768-0j 2.14157e-07-0j -1.40871e-08-0j 3.54585e-06-0j 7.95176e-06-0j 0.000208775-0j 0.000147199-0j 0.00257274-0j -2.61601e-08-0j -4.52988e-07-0j -9.95327e-07-0j 0.003347-0j 2.48182e-09-0j 6.51609e-08-0j 9.77414e-08-0j -0.000136967-0j -2.00117e-10-0j 1.43166e-06-0j 1.44283e-11-0j -1.06606e-07-0j 1.66629e-10-0j -2.17663e-11-0j -1.54433e-15-0j 1.0467e-08-0j 1.08344e-08-0j -2.01672e-06-0j 1.32659e-07-0j 2.74813e-07-0j 4.1222e-07-0j -7.48819e-05-0j 9.88948e-06-0j -8.00518e-05-0j -0.00138618-0j -0.000577651-0j -0.0242276-0j 6.05613e-08-0j 8.74127e-08-0j -1.61042e-05-0j 2.29504e-06-0j -3.70065e-05-0j 2.43426e-06-0j -0.000612725-0j -0.000645866-0j -0.0169574-0j -0.00482412-0j 0.00144421-0j -1.79725e-08-0j 3.26479e-06-0j -4.31173e-07-0j 7.42533e-06-0j 0.000128577-0j 0.000132793-0j -0.180177-0j -2.46814e-08-0j 1.62353e-09-0j -4.08656e-07-0j -9.16434e-07-0j -2.40612e-05-0j -1.69646e-05-0j -0.000296506-0j 2.31752e-09-0j 4.01302e-08-0j 8.81759e-08-0j -0.00029651-0j -1.84255e-10-0j -4.83766e-09-0j -7.25649e-09-0j 1.01686e-05-0j 1.30163e-11-0j -9.31198e-08-0j -8.44575e-13-0j 6.24031e-09-0j -8.93671e-12-0j 1.08335e-12-0j 6.79751e-17-0j 
1.39333e-06-0j 2.01109e-06-0j 2.14995e-06-0j -1.52754e-07-0j -0.00113603-0j -1.6202e-07-0j -2.36645e-07-0j -1.87084e-07-0j 1.42101e-08-0j 1.23063e-08-0j -3.62019e-10-0j 3.32016e-05-0j 3.49975e-05-0j -1.53474e-06-0j 3.96835e-05-0j -3.98738e-06-0j -3.08861e-06-0j 2.14157e-07-0j 0.963445-0j 0.000137406-0j 0.000200695-0j 0.000224383-0j -1.70431e-05-0j -1.8077e-05-0j 6.86523e-07-0j 0.000517923-0j -5.20407e-05-0j -5.70077e-05-0j 4.84114e-06-0j -7.40268e-05-0j 5.62274e-06-0j 8.43411e-06-0j -4.52984e-07-0j 7.97488e-06-0j -9.57752e-07-0j -7.19565e-07-0j 6.69383e-08-0j 5.79083e-08-0j -4.40209e-09-0j 1.38901e-10-0j 1.81428e-06-0j 1.87795e-06-0j -0.000935554-0j -1.33428e-07-0j -1.37804e-07-0j -2.06706e-07-0j -2.17888e-07-0j 9.555e-09-0j -1.74699e-07-0j 1.75537e-08-0j 1.11019e-08-0j -6.66648e-10-0j 2.11795e-05-0j 3.05699e-05-0j 3.26806e-05-0j -2.32195e-06-0j -0.0172683-0j -2.4628e-06-0j -3.59715e-06-0j -2.8438e-06-0j 2.16002e-07-0j 1.87063e-07-0j -5.50292e-09-0j 0.000175304-0j 0.000184787-0j -8.10345e-06-0j 0.000209529-0j -2.10534e-05-0j -1.63079e-05-0j 1.13075e-06-0j -0.225375-0j -3.21429e-05-0j -4.69477e-05-0j -5.24891e-05-0j 3.98683e-06-0j 4.22868e-06-0j -1.60595e-07-0j -6.91261e-05-0j 6.94576e-06-0j 7.6087e-06-0j -6.46137e-07-0j 7.34277e-06-0j -5.57723e-07-0j -8.36585e-07-0j 4.49318e-08-0j -6.49144e-07-0j 7.79597e-08-0j 5.05822e-08-0j -4.70546e-09-0j -3.62526e-09-0j 2.50494e-10-0j -6.79473e-12-0j 
9.16521e-08-0j -6.10144e-05-0j 1.41422e-07-0j 4.63437e-06-0j 1.6202e-07-0j -0.00112865-0j -1.55663e-08-0j -1.23063e-08-0j 9.34728e-10-0j -3.73359e-07-0j -2.38134e-11-0j -0.0010073-0j 2.30211e-06-0j -1.00954e-07-0j 2.61035e-06-0j 0.000120973-0j -2.03167e-07-0j 1.40871e-08-0j -0.000137406-0j 0.957188-0j 1.32016e-05-0j 1.47598e-05-0j -1.12109e-06-0j 0.000548436-0j 4.5159e-08-0j 3.40686e-05-0j 0.00157886-0j -3.74993e-06-0j 3.18447e-07-0j -4.86944e-06-0j 3.6986e-07-0j -0.000255882-0j -2.9797e-08-0j 5.24582e-07-0j -6.30003e-08-0j 2.18308e-05-0j 4.40315e-09-0j 3.80917e-09-0j -2.89567e-10-0j 9.13681e-12-0j 1.19342e-07-0j -5.69751e-05-0j 1.33428e-07-0j -0.000929477-0j -9.06467e-09-0j 6.27124e-06-0j -1.43325e-08-0j 6.28522e-10-0j -1.14916e-08-0j -5.32559e-07-0j 7.30276e-10-0j -4.38517e-11-0j 1.39317e-06-0j -0.000927457-0j 2.14971e-06-0j 7.04455e-05-0j 2.4628e-06-0j -0.0171562-0j -2.36618e-07-0j -1.87063e-07-0j 1.42085e-08-0j -5.67529e-06-0j -3.61978e-10-0j -0.00531854-0j 1.21552e-05-0j -5.33039e-07-0j 1.37827e-05-0j 0.000638736-0j -1.07272e-06-0j 7.43798e-08-0j 3.21429e-05-0j -0.223911-0j -3.08819e-06-0j -3.4527e-06-0j 2.62251e-07-0j -0.000128293-0j -1.05639e-08-0j -4.54707e-06-0j -0.000210727-0j 5.00495e-07-0j -4.25025e-08-0j 4.83002e-07-0j -3.66867e-08-0j 2.53811e-05-0j 2.95559e-09-0j -4.27003e-08-0j 5.12814e-09-0j -1.53461e-06-0j -3.09522e-10-0j -2.38467e-10-0j 1.64773e-11-0j -4.46953e-13-0j 
-7.72112e-05-0j 1.9322e-07-0j -3.55973e-05-0j 5.07303e-06-0j 2.36645e-07-0j -1.55663e-08-0j -0.001128-0j -1.79745e-08-0j -4.71924e-07-0j 1.18235e-09-0j -3.47816e-11-0j -0.000918338-0j -0.000579463-0j 7.65283e-05-0j 3.81266e-06-0j 6.60201e-05-0j 8.54293e-05-0j -3.54585e-06-0j -0.000200695-0j 1.32016e-05-0j 0.956641-0j 2.15581e-05-0j 0.000566013-0j -1.73678e-06-0j 6.5959e-08-0j 4.97604e-05-0j 0.000861651-0j 0.0015768-0j -8.0156e-05-0j -7.11227e-06-0j -0.000186734-0j 8.10323e-07-0j -4.35213e-08-0j -0.000220581-0j 1.58577e-05-0j -6.91335e-08-0j 6.43122e-09-0j -9.58802e-07-0j -4.22939e-10-0j 1.33452e-11-0j -5.01819e-05-0j 1.80428e-07-0j -3.35851e-05-0j 2.20921e-06-0j -0.00131754-0j 5.71739e-06-0j 3.60762e-06-0j -4.7645e-07-0j -1.67845e-08-0j -2.9064e-07-0j -3.07073e-07-0j 1.10379e-08-0j -0.00117366-0j 2.93706e-06-0j -0.000541101-0j 7.71134e-05-0j 3.59715e-06-0j -2.36618e-07-0j -0.0171464-0j -2.73223e-07-0j -7.17355e-06-0j 1.79725e-08-0j -5.28703e-10-0j -0.00484883-0j -0.00305956-0j 0.000404069-0j 2.01309e-05-0j 0.000348586-0j 0.000451067-0j -1.87221e-05-0j 4.69477e-05-0j -3.08819e-06-0j -0.223783-0j -5.04299e-06-0j -0.000132405-0j 4.06278e-07-0j -1.54295e-08-0j -6.64142e-06-0j -0.000115003-0j -0.000210453-0j 1.06982e-05-0j 7.0547e-07-0j 1.85223e-05-0j -8.03765e-08-0j 4.31691e-09-0j 1.7955e-05-0j -1.2908e-06-0j 4.85978e-09-0j -4.52086e-10-0j 6.00244e-08-0j 2.40667e-11-0j -6.52816e-13-0j 
1.49667e-07-0j -7.4673e-05-0j 2.30942e-07-0j -1.64084e-08-0j -3.03088e-05-0j 1.99369e-06-0j 2.91197e-06-0j -0.00159848-0j -3.51243e-07-0j -4.56939e-07-0j 2.24292e-08-0j 3.56642e-06-0j -0.00129948-0j -1.64858e-07-0j -0.000488315-0j 4.90657e-05-0j 7.6344e-05-0j -7.95176e-06-0j -0.000224383-0j 1.47598e-05-0j 2.15581e-05-0j 0.954418-0j 0.00020972-0j 0.000446825-0j -3.40126e-05-0j 5.56338e-05-0j -5.59007e-06-0j 0.000701494-0j -0.000119663-0j 0.00274866-0j 6.03979e-07-0j -0.000103784-0j 1.68196e-05-0j 8.5664e-07-0j 1.17854e-05-0j -7.72936e-08-0j -1.65457e-06-0j 6.22035e-09-0j 5.41688e-08-0j 1.49204e-11-0j -6.73651e-05-0j 2.01725e-07-0j 2.17888e-07-0j -1.43325e-08-0j -1.48025e-08-0j 2.54357e-06-0j -0.000926787-0j -1.17577e-07-0j 4.31818e-06-0j -4.3389e-07-0j -4.1222e-07-0j 3.30279e-08-0j 2.27504e-06-0j -0.00113508-0j 3.51046e-06-0j -2.49418e-07-0j -0.000460712-0j 3.03054e-05-0j 4.42638e-05-0j -0.0242978-0j -5.33912e-06-0j -6.94576e-06-0j 3.40938e-07-0j 1.88307e-05-0j -0.00686124-0j -8.7045e-07-0j -0.0025783-0j 0.000259067-0j 0.000403096-0j -4.19853e-05-0j 5.24891e-05-0j -3.4527e-06-0j -5.04299e-06-0j -0.223263-0j -4.90589e-05-0j -0.000104524-0j 7.95642e-06-0j -7.42533e-06-0j 7.46094e-07-0j -9.36269e-05-0j 1.59711e-05-0j -0.000272641-0j -5.99091e-08-0j 1.02944e-05-0j -1.66834e-06-0j -6.97292e-08-0j -9.59312e-07-0j 5.4334e-09-0j 1.16309e-07-0j -3.89416e-10-0j -3.08239e-09-0j -7.29871e-13-0j 
1.1368e-08-0j 1.64084e-08-0j -6.06343e-06-0j -7.40262e-05-0j -2.30211e-06-0j 1.51432e-07-0j -7.64546e-05-0j 3.51243e-07-0j -0.00158463-0j -3.4707e-08-0j 1.70362e-09-0j 2.70889e-07-0j -9.87024e-05-0j -0.00224426-0j -3.70902e-05-0j -0.00128823-0j 5.79874e-06-0j 0.000208775-0j -1.70431e-05-0j 1.12109e-06-0j -0.000566013-0j -0.00020972-0j 0.94615-0j 3.39388e-05-0j -2.58344e-06-0j 4.22569e-06-0j 0.000146769-0j 5.32823e-05-0j 0.00314178-0j -6.03979e-07-0j 0.00272485-0j -7.88294e-06-0j 1.27754e-06-0j 6.50664e-08-0j -0.000309428-0j -5.87087e-09-0j -1.25674e-07-0j -1.63317e-07-0j 4.11441e-09-0j 1.13328e-12-0j 1.48025e-08-0j 1.53221e-08-0j -5.7207e-06-0j 3.76304e-07-0j -6.67816e-05-0j 1.93198e-07-0j -7.03945e-05-0j -0.00160061-0j 3.2799e-07-0j 1.13919e-05-0j -3.13104e-08-0j -8.67156e-07-0j 1.72802e-07-0j 2.49418e-07-0j -9.21681e-05-0j -0.00112525-0j -3.49936e-05-0j 2.30186e-06-0j -0.00116216-0j 5.33912e-06-0j -0.0240874-0j -5.27568e-07-0j 2.58961e-08-0j 1.43029e-06-0j -0.000521149-0j -0.0118497-0j -0.000195836-0j -0.00680187-0j 3.06174e-05-0j 0.00110233-0j 3.98683e-06-0j -2.62251e-07-0j 0.000132405-0j 4.90589e-05-0j -0.221329-0j -7.93917e-06-0j 6.04333e-07-0j -5.63994e-07-0j -1.95889e-05-0j -7.11147e-06-0j -0.000419327-0j 5.99091e-08-0j -0.000270279-0j 7.81914e-07-0j -1.2672e-07-0j -5.29632e-09-0j 2.5187e-05-0j 4.12696e-10-0j 8.83431e-09-0j 1.02242e-08-0j -2.34124e-10-0j -5.54377e-14-0j 
1.20576e-08-0j -4.00478e-06-0j 1.86053e-08-0j 3.04185e-07-0j -4.90484e-06-0j -0.000148807-0j 4.71242e-07-0j -4.24905e-05-0j 3.22738e-06-0j -0.00194642-0j -8.33048e-07-0j -6.61158e-05-0j 3.02863e-07-0j -1.32814e-08-0j -7.90235e-05-0j -0.00182714-0j -0.000701485-0j 0.000147199-0j -1.8077e-05-0j -0.000548436-0j 1.73678e-06-0j -0.000446825-0j 3.39388e-05-0j 0.944754-0j 0.000946492-0j 4.48202e-06-0j 0.000103631-0j 0.000113522-0j 0.00109952-0j -6.40617e-07-0j 4.86583e-08-0j 0.00386477-0j -0.000311355-0j 6.90134e-08-0j 1.90722e-06-0j 1.4329e-06-0j 1.5203e-05-0j 5.01129e-10-0j 8.76608e-09-0j 1.20203e-12-0j 1.57005e-08-0j -3.73966e-06-0j 1.75537e-08-0j 5.32559e-07-0j -1.19254e-09-0j -9.47192e-05-0j 4.3389e-07-0j -1.90273e-08-0j -3.96775e-05-0j -0.000917403-0j 7.63081e-06-0j -9.19091e-07-0j 1.83284e-07-0j -6.08753e-05-0j 2.82813e-07-0j 4.62381e-06-0j -7.45567e-05-0j -0.00226197-0j 7.16317e-06-0j -0.000645883-0j 4.90583e-05-0j -0.0295869-0j -1.26629e-05-0j -0.000349092-0j 1.59912e-06-0j -7.0126e-08-0j -0.000417244-0j -0.0096473-0j -0.00370384-0j 0.00077721-0j 4.22868e-06-0j 0.000128293-0j -4.06278e-07-0j 0.000104524-0j -7.93917e-06-0j -0.221002-0j -0.000221409-0j -5.98206e-07-0j -1.38314e-05-0j -1.51516e-05-0j -0.00014675-0j 6.35432e-08-0j -4.82645e-09-0j -0.000383349-0j 3.08835e-05-0j -5.61759e-09-0j -1.55245e-07-0j -1.00727e-07-0j -1.0687e-06-0j -3.13725e-11-0j -4.9882e-10-0j -5.88005e-14-0j 
4.57922e-10-0j 6.60953e-10-0j 7.06588e-10-0j -5.0203e-11-0j -3.73359e-07-0j 2.45593e-08-0j 3.58711e-08-0j -9.79553e-06-0j 7.44024e-07-0j -0.000147839-0j -0.00250187-0j 1.09118e-08-0j 1.15021e-08-0j -5.04399e-10-0j -6.01531e-06-0j 6.04416e-07-0j -0.000161716-0j -0.00257274-0j -6.86523e-07-0j 4.5159e-08-0j 6.5959e-08-0j -3.40126e-05-0j 2.58344e-06-0j -0.000946492-0j 0.932329-0j 1.70217e-07-0j -1.71033e-08-0j 8.64136e-06-0j 0.000253477-0j -2.43292e-08-0j 1.84793e-09-0j -1.27846e-06-0j 0.00544186-0j 2.62097e-09-0j 1.45178e-07-0j -2.36487e-10-0j 3.50482e-06-0j 1.90318e-11-0j 6.67279e-10-0j 4.56503e-14-0j 5.96268e-10-0j 6.17196e-10-0j 6.66648e-10-0j -4.38517e-11-0j -4.52898e-11-0j 3.1333e-08-0j 3.30279e-08-0j -1.44837e-09-0j -9.14704e-06-0j 9.19091e-07-0j -0.000133371-0j -0.000905338-0j 6.9607e-09-0j 1.00469e-08-0j 1.07406e-08-0j -7.63117e-10-0j -5.67529e-06-0j 3.73317e-07-0j 5.45264e-07-0j -0.000148898-0j 1.13096e-05-0j -0.00224725-0j -0.03803-0j 5.76144e-08-0j 6.07309e-08-0j -2.66323e-09-0j -3.17608e-05-0j 3.19132e-06-0j -0.000853863-0j -0.0135841-0j 1.60595e-07-0j -1.05639e-08-0j -1.54295e-08-0j 7.95642e-06-0j -6.04333e-07-0j 0.000221409-0j -0.218096-0j -2.27185e-08-0j 2.28275e-09-0j -1.15334e-06-0j -3.3831e-05-0j 2.41323e-09-0j -1.83298e-10-0j 1.26811e-07-0j -0.000539781-0j -2.13343e-10-0j -1.18173e-08-0j 1.6624e-11-0j -2.46373e-07-0j -1.19145e-12-0j -3.79704e-11-0j -2.23311e-15-0j 
1.13138e-07-0j 1.633e-07-0j -7.04315e-05-0j -1.24036e-08-0j 2.00001e-07-0j -1.3156e-08-0j -1.92155e-08-0j -1.51912e-08-0j 1.15385e-09-0j 9.99267e-10-0j -2.93958e-11-0j 4.05571e-06-0j 4.27509e-06-0j -1.87475e-07-0j -0.0019557-0j -4.87075e-07-0j -3.77287e-07-0j 2.61601e-08-0j -0.000517923-0j 3.40686e-05-0j 4.97604e-05-0j 5.56338e-05-0j -4.22569e-06-0j -4.48202e-06-0j 1.70217e-07-0j 0.94618-0j 0.00023565-0j 0.000258142-0j -2.19216e-05-0j 0.000684553-0j -5.19955e-05-0j -7.79933e-05-0j 4.18891e-06-0j -0.00011127-0j 1.33632e-05-0j 1.34216e-05-0j -1.24856e-06-0j -1.35212e-06-0j 1.23456e-07-0j -5.19949e-09-0j 1.47319e-07-0j -6.15211e-05-0j 1.64708e-07-0j -1.08344e-08-0j -1.11897e-08-0j -1.67845e-08-0j -1.76924e-08-0j 7.75864e-10-0j 5.72306e-06-0j 1.42535e-09-0j 9.01473e-10-0j -5.41317e-11-0j 2.58716e-06-0j 3.73424e-06-0j -0.00161058-0j -2.83636e-07-0j 4.57349e-06-0j -3.00841e-07-0j -4.39407e-07-0j -3.47382e-07-0j 2.63855e-08-0j 2.28505e-08-0j -6.72204e-10-0j 4.34651e-05-0j 4.58162e-05-0j -2.00918e-06-0j -0.0209592-0j -5.21999e-06-0j -4.04339e-06-0j 2.80358e-07-0j -0.00221269-0j 0.000145549-0j 0.000212588-0j 0.000237681-0j -1.80532e-05-0j -1.91483e-05-0j 7.27208e-07-0j -0.257895-0j -6.423e-05-0j -7.03604e-05-0j 5.97506e-06-0j -0.000102451-0j 7.7817e-06-0j 1.16725e-05-0j -6.26916e-07-0j 1.21081e-05-0j -1.45413e-06-0j -1.18106e-06-0j 1.0987e-07-0j 1.0167e-07-0j -8.20098e-09-0j 2.86238e-10-0j 
1.1368e-08-0j -3.77575e-06-0j -3.02295e-06-0j -9.91332e-05-0j 2.00961e-08-0j 6.09692e-07-0j 3.32735e-07-0j -1.52641e-09-0j -4.00762e-08-0j -2.31045e-08-0j -2.95368e-12-0j -9.3774e-05-0j -7.40274e-05-0j 9.77663e-06-0j 4.87075e-07-0j -0.0019408-0j -3.79096e-08-0j -4.52988e-07-0j -5.20407e-05-0j -0.00157886-0j -0.000861651-0j 5.59007e-06-0j 0.000146769-0j 0.000103631-0j 1.71033e-08-0j -0.00023565-0j 0.938973-0j 2.5938e-05-0j 0.000379595-0j 6.87836e-05-0j 0.00180593-0j 0.00180332-0j 4.209e-07-0j -1.11804e-05-0j -0.000231396-0j -0.000310327-0j -1.25454e-07-0j 2.34133e-05-0j 1.24048e-08-0j -5.22443e-10-0j 1.48025e-08-0j -3.52578e-06-0j -2.85207e-06-0j -8.65288e-05-0j 3.88645e-07-0j 3.88083e-07-0j 3.06362e-07-0j -4.04605e-08-0j -1.42535e-09-0j 5.67946e-06-0j 9.05796e-11-0j 9.37344e-10-0j 2.59957e-07-0j -8.63412e-05-0j -6.91266e-05-0j -0.00226691-0j 4.59543e-07-0j 1.3942e-05-0j 7.60876e-06-0j -3.49048e-08-0j -9.16434e-07-0j -5.28338e-07-0j -6.75428e-11-0j -0.00100498-0j -0.000793353-0j 0.000104776-0j 5.21999e-06-0j -0.0207996-0j -4.06278e-07-0j -4.85468e-06-0j -0.00022233-0j -0.00674525-0j -0.00368118-0j 2.38821e-05-0j 0.000627031-0j 0.000442736-0j 7.30695e-08-0j 6.423e-05-0j -0.255931-0j -7.06979e-06-0j -0.000103464-0j -1.02942e-05-0j -0.000270278-0j -0.000269887-0j -6.29923e-08-0j 1.21661e-06-0j 2.51797e-05-0j 2.73079e-05-0j 1.10396e-08-0j -1.76051e-06-0j -8.24031e-10-0j 2.8761e-11-0j 
-7.18265e-06-0j 1.79745e-08-0j 1.92155e-08-0j -1.36526e-09-0j -2.52184e-06-0j 1.65885e-07-0j -6.97528e-05-0j 3.84767e-07-0j -2.92252e-08-0j -3.80196e-08-0j 1.86622e-09-0j -0.000128517-0j 4.70559e-07-0j -2.06354e-08-0j -6.11227e-05-0j 6.14158e-06-0j -0.00275107-0j -9.95327e-07-0j -5.70077e-05-0j 3.74993e-06-0j -0.0015768-0j -0.000701494-0j 5.32823e-05-0j 0.000113522-0j -8.64136e-06-0j -0.000258142-0j 2.5938e-05-0j 0.937062-0j 0.000555238-0j 7.53487e-05-0j -5.72314e-06-0j 0.000983426-0j -0.000159378-0j 0.00352593-0j -0.000168498-0j 1.47731e-06-0j 3.16238e-05-0j -1.48828e-07-0j -1.55667e-06-0j -5.72307e-10-0j -4.66823e-06-0j 1.67845e-08-0j 1.81293e-08-0j -1.19254e-09-0j 3.54577e-07-0j -6.09282e-05-0j 2.23086e-07-0j -9.78296e-09-0j 3.59295e-07-0j -3.61018e-08-0j 9.87424e-06-0j 2.74809e-09-0j -0.000164248-0j 4.11027e-07-0j 4.39407e-07-0j -3.12198e-08-0j -5.76677e-05-0j 3.79334e-06-0j -0.00159506-0j 8.79859e-06-0j -6.68301e-07-0j -8.69406e-07-0j 4.26755e-08-0j -0.00137732-0j 5.04299e-06-0j -2.2115e-07-0j -0.000655053-0j 6.58195e-05-0j -0.0294833-0j -1.06669e-05-0j -0.00024355-0j 1.60206e-05-0j -0.00673648-0j -0.00299695-0j 0.000227634-0j 0.000484993-0j -3.69179e-05-0j 7.03604e-05-0j -7.06979e-06-0j -0.25541-0j -0.000151338-0j -1.12768e-05-0j 8.56531e-07-0j -0.000147181-0j 2.38526e-05-0j -0.000383679-0j 1.83353e-05-0j -1.29999e-07-0j -2.78281e-06-0j 1.11908e-08-0j 1.03407e-07-0j 3.15061e-11-0j 
