-0.0173077-0j -0.0922037-0j 0.0946361-0j 0.0100776-0j -0.0766014-0j 0.0011483-0j -0.000151069-0j 0.0546382-0j -0.00718813-0j -0.0474504-0j 0.00764549-0j -0.000580717-0j -0.0379663-0j 0.00611736-0j -0.000464647-0j 0.0275545-0j -0.00443974-0j 0.000337223-0j 0.000765533-0j -0.000123347-0j 9.36888e-06-0j 0.038635-0j -0.0062251-0j 0.00047283-0j -0.0386307-0j 0.00359366-0j 0.00586843-0j -0.000668609-0j 3.591e-05-0j 0.000409483-0j -3.80926e-05-0j -6.2205e-05-0j 7.08721e-06-0j -3.80644e-07-0j -0.0247503-0j 0.00230242-0j 0.00375984-0j -0.00042837-0j -0.0268463-0j 0.0024974-0j 0.00407824-0j -0.000464647-0j 2.49555e-05-0j 0.0275545-0j -0.00256329-0j -0.00418583-0j 0.000476905-0j -2.56139e-05-0j 2.30072e-05-0j 0.000574149-0j -5.34109e-05-0j -8.72196e-05-0j 9.9372e-06-0j -5.33713e-07-0j 0.0299266-0j -0.00278395-0j -0.00454617-0j 0.00051796-0j -2.78189e-05-0j -0.000414167-0j 3.85283e-05-0j -6.97326e-07-0j -1.60288e-06-0j -0.000156042-0j -0.000180182-0j 1.67616e-05-0j 0.0016774-0j -0.0262136-0j 0.00314815-0j -0.0282119-0j 0.00338814-0j 0.0041496-0j -0.000386021-0j -0.000445739-0j 4.14653e-05-0j -1.72506e-06-0j 0.00385569-0j -0.000358679-0j -0.014831-0j 0.00178115-0j 0.00218145-0j 0.000422912-0j -5.07901e-05-0j -6.2205e-05-0j 5.78668e-06-0j 6.68188e-06-0j -6.21589e-07-0j 2.58597e-08-0j 0.0142291-0j -0.00170886-0j -0.00209291-0j 0.000194696-0j 0.000224815-0j -2.09137e-05-0j 8.70061e-07-0j -0.000202932-0j -0.0114042-0j 0.0013696-0j -0.000234325-0j 2.17984e-05-0j -9.06866e-07-0j 0.00878858-0j -0.00105547-0j -0.020795-0j 0.0024974-0j 0.00305868-0j -0.000284537-0j -0.000328555-0j 3.05642e-05-0j -1.27155e-06-0j 0.0213436-0j -0.00256329-0j -0.00313937-0j 0.000292043-0j 0.000337223-0j -3.13705e-05-0j 1.30509e-06-0j -0.00129269-0j 0.000120254-0j 0.000138857-0j -1.29173e-05-0j 5.37392e-07-0j 0.00045932-0j -5.51625e-05-0j -6.756e-05-0j 6.28484e-06-0j 7.25711e-06-0j -6.751e-07-0j 2.80859e-08-0j 0.0244349-0j -0.00293454-0j -0.00359406-0j 0.000334342-0j 0.000386064-0j -3.59141e-05-0j 1.49411e-06-0j 
-0.0922037-0j -0.508207-0j 0.504157-0j -0.0500008-0j -0.00331773-0j 0.00611736-0j 0.0921934-0j -0.00512657-0j -0.0772614-0j -0.00718442-0j -0.0657257-0j 0.0151525-0j 0.00368564-0j 0.0337176-0j -0.00777332-0j -0.00258537-0j -0.0236519-0j 0.00545276-0j 0.00407824-0j 0.0373092-0j -0.00860134-0j -0.00362503-0j -0.0331631-0j 0.00764549-0j -0.00167316-0j 0.000155648-0j -0.0144313-0j 0.00331736-0j -0.000357897-0j 0.00218145-0j -0.000202932-0j 0.0188154-0j -0.00432514-0j 0.000466623-0j -0.00622566-0j 0.000579149-0j -0.0536973-0j 0.0123436-0j 0.00260614-0j -0.000242439-0j 0.0224784-0j -0.00516718-0j 0.000557466-0j -0.00258537-0j 0.000240507-0j -0.0222993-0j 0.005126-0j -0.000553024-0j -0.0013317-0j 0.00305868-0j -0.000284537-0j 0.0263816-0j -0.00606442-0j 0.000654267-0j -0.00280794-0j 0.000261211-0j -0.0242189-0j 0.00556728-0j -0.000600632-0j 0.00718362-0j -0.00100531-0j 6.99619e-05-0j 6.98677e-05-0j 0.0030876-0j 0.00719331-0j -0.00100667-0j -0.0331907-0j -0.00396898-0j 0.000476659-0j -0.0012219-0j 0.000146746-0j -0.0102045-0j 0.000949281-0j 0.00221158-0j -0.000309499-0j 2.15097e-05-0j -0.033146-0j 0.00308345-0j 0.00143974-0j -0.000172907-0j 0.0120237-0j 0.00225299-0j -0.000270576-0j 0.0188154-0j -0.00175032-0j -0.00407778-0j 0.000570666-0j -3.96604e-05-0j -0.00133508-0j 0.000160338-0j -0.0111496-0j 0.00103721-0j 0.00241642-0j -0.000338166-0j 2.3502e-05-0j -0.00111852-0j -0.00397433-0j 0.000477301-0j -0.00260585-0j 0.000364676-0j -2.53444e-05-0j -0.000824611-0j 9.90326e-05-0j 0.00201871-0j -0.000242439-0j 0.0168588-0j -0.00156831-0j -0.00365374-0j 0.000511324-0j -3.55362e-05-0j -0.00200262-0j 0.000240507-0j -0.0167244-0j 0.00155581-0j 0.00362463-0j -0.000507249-0j 3.5253e-05-0j -0.00688656-0j 0.000640629-0j 0.0014925-0j -0.000208868-0j 1.4516e-05-0j 0.00244694-0j -0.000293868-0j 0.0204351-0j -0.001901-0j -0.00442883-0j 0.000619793-0j -4.30746e-05-0j -0.00229267-0j 0.000275341-0j -0.0191467-0j 0.00178115-0j 0.0041496-0j -0.000580717-0j 4.03589e-05-0j 
-0.0946361-0j -0.504157-0j 0.482842-0j 0.0551028-0j 0.00365627-0j -0.0060651-0j -0.0914058-0j 0.00508277-0j 0.0766014-0j 0.00150553-0j 0.0137731-0j -0.00317528-0j -0.00353186-0j -0.0323107-0j 0.00744898-0j -0.00751542-0j -0.0687538-0j 0.0158506-0j 0.00418583-0j 0.0382935-0j -0.00882825-0j 0.00359406-0j 0.0328798-0j -0.00758018-0j -0.00178115-0j 0.000165693-0j -0.0153627-0j 0.00353147-0j -0.000380996-0j -0.00656463-0j 0.000610681-0j -0.056621-0j 0.0130156-0j -0.00140421-0j 0.000588113-0j -5.47098e-05-0j 0.00507257-0j -0.00116605-0j 0.00258537-0j -0.000240507-0j 0.0222993-0j -0.005126-0j 0.000553024-0j -0.00247607-0j 0.000230339-0j -0.0213565-0j 0.00490928-0j -0.000529643-0j 0.0001258-0j 0.00313937-0j -0.000292043-0j 0.0270776-0j -0.00622441-0j 0.000671527-0j 0.00278395-0j -0.00025898-0j 0.024012-0j -0.00551972-0j 0.000595501-0j 0.00145414-0j -0.000203499-0j -3.81288e-06-0j 1.41429e-05-0j -0.000168273-0j -0.000392031-0j 5.48629e-05-0j 0.00180888-0j -0.000803417-0j 9.64872e-05-0j 0.00134658-0j -0.00016172-0j 0.0112457-0j -0.00104614-0j -0.00243724-0j 0.00034108-0j -2.37045e-05-0j -0.00670956-0j 0.000624163-0j -0.00418761-0j 0.000502916-0j -0.0349719-0j -0.00223374-0j 0.000268264-0j -0.0186546-0j 0.00173537-0j 0.00404295-0j -0.000565791-0j 3.93216e-05-0j 0.00132368-0j -0.000158968-0j 0.0110544-0j -0.00102835-0j -0.00239578-0j 0.000335277-0j -2.33012e-05-0j 0.0032533-0j 0.000216599-0j -2.60127e-05-0j 0.00757933-0j -0.00106069-0j 7.37163e-05-0j -0.00400438-0j 0.00048091-0j 0.00200262-0j -0.000240507-0j 0.0167244-0j -0.00155581-0j -0.00362463-0j 0.000507249-0j -3.5253e-05-0j -0.00191795-0j 0.000230339-0j -0.0160174-0j 0.00149003-0j 0.00347138-0j -0.000485803-0j 3.37626e-05-0j -0.0334417-0j 0.00311095-0j 0.00724769-0j -0.00101428-0j 7.04908e-05-0j 0.0025115-0j -0.000301621-0j 0.0209742-0j -0.00195115-0j -0.00454566-0j 0.000636143-0j -4.4211e-05-0j 0.00227309-0j -0.000272989-0j 0.0189832-0j -0.00176593-0j -0.00411415-0j 0.000575756-0j -4.00141e-05-0j 
0.0100776-0j -0.0500008-0j -0.0551028-0j -0.651757-0j 0.000768505-0j -0.000668609-0j 0.567036-0j 0.000277714-0j -0.235525-0j 9.82058e-05-0j 0.00181267-0j 0.0236578-0j 0.000179726-0j 0.00331736-0j 0.0432961-0j 0.000140053-0j 0.00258508-0j 0.0337388-0j -0.000445739-0j -0.00822739-0j -0.107379-0j 0.000196373-0j 0.00362463-0j 0.0473063-0j 0.000387563-0j -3.60535e-05-0j 0.00674447-0j 0.0432416-0j -0.0142659-0j -0.000238426-0j 2.21798e-05-0j -0.00414914-0j -0.0266018-0j 0.00877627-0j -0.000409972-0j 3.81381e-05-0j -0.00713444-0j -0.0457418-0j 0.000127086-0j -1.18223e-05-0j 0.00221158-0j 0.0141793-0j -0.00467793-0j 0.000140053-0j -1.30286e-05-0j 0.00243724-0j 0.0156261-0j -0.00515525-0j 0.0150908-0j -0.000334304-0j 3.1099e-05-0j -0.00581764-0j -0.0372993-0j 0.0123055-0j 0.00015211-0j -1.41502e-05-0j 0.00264705-0j 0.0169713-0j -0.00559905-0j 0.00552576-0j -0.0015696-0j -0.00209353-0j 0.000219574-0j 0.000810808-0j -0.0526854-0j 0.0149654-0j -0.00871592-0j 5.4253e-05-0j -6.51558e-06-0j 0.000283036-0j -3.39916e-05-0j 0.00476906-0j -0.000443647-0j 0.0288277-0j -0.00818856-0j 0.00114551-0j 0.000914144-0j -8.50392e-05-0j 7.02075e-05-0j -8.43165e-06-0j 0.00118297-0j -0.000246245-0j 2.95731e-05-0j -0.00414914-0j 0.000385978-0j -0.0250805-0j 0.00712415-0j -0.000996607-0j 7.23232e-05-0j -8.68574e-06-0j 0.00121862-0j -0.000113363-0j 0.00736624-0j -0.00209239-0j 0.000292708-0j -0.000110047-0j -0.000517276-0j 6.21229e-05-0j 0.00715075-0j -0.00203118-0j 0.000284145-0j 4.46704e-05-0j -5.36474e-06-0j 9.84401e-05-0j -1.18223e-05-0j 0.00165868-0j -0.000154301-0j 0.0100263-0j -0.00284799-0j 0.000398408-0j 0.000108485-0j -1.30286e-05-0j 0.00182793-0j -0.000170045-0j 0.0110494-0j -0.00313859-0j 0.000439061-0j 0.00075268-0j -7.00188e-05-0j 0.00454975-0j -0.00129236-0j 0.000180791-0j -0.000267443-0j 3.21189e-05-0j -0.00450633-0j 0.000419206-0j -0.0272395-0j 0.00773745-0j -0.0010824-0j 0.000124197-0j -1.49156e-05-0j 0.00209268-0j -0.000194674-0j 0.0126497-0j -0.00359317-0j 0.000502653-0j 
0.0766014-0j 0.00331773-0j 0.00365627-0j -0.000768505-0j -0.66918-0j 0.582195-0j 0.000668609-0j -0.241821-0j -0.000277714-0j 0.000746479-0j 0.0137784-0j 9.1357e-06-0j 0.00136613-0j 0.0252158-0j 1.67192e-05-0j 0.00106457-0j 0.0196497-0j 1.30286e-05-0j -0.00338814-0j -0.0625378-0j -4.14653e-05-0j 0.00149267-0j 0.0275514-0j 1.82678e-05-0j 0.00294593-0j 0.0630616-0j -0.00044752-0j -0.00584088-0j -2.73846e-06-0j -0.00181231-0j -0.038795-0j 0.00027531-0j 0.00359326-0j 1.68468e-06-0j -0.00311627-0j -0.0667079-0j 0.000473395-0j 0.0061786-0j 0.000966-0j 0.0206785-0j -0.000146746-0j -0.00191528-0j -8.97967e-07-0j 0.00106457-0j 0.0227885-0j -0.00016172-0j -0.00211071-0j -9.89594e-07-0j 2.8968e-06-0j -0.0025411-0j -0.0543957-0j 0.000386021-0j 0.00503823-0j 2.36214e-06-0j 0.00115621-0j 0.0247503-0j -0.000175642-0j -0.00229242-0j -1.07478e-06-0j 6.51558e-06-0j 6.94342e-05-0j -2.40423e-07-0j 2.52161e-08-0j 0.01238-0j -6.21229e-05-0j -0.000662022-0j 0.000578333-0j 0.000412387-0j 0.00567348-0j 0.00215141-0j 0.0295984-0j -0.000316444-0j -0.00677391-0j 3.39916e-05-0j 0.000362236-0j 1.31551e-07-0j -6.06567e-05-0j -0.00129844-0j 0.000533659-0j 0.00734191-0j -7.84944e-05-0j -0.00187175-0j -0.0257509-0j 0.00027531-0j 0.00589338-0j -2.95731e-05-0j -0.00031515-0j -1.14451e-07-0j 0.000549741-0j 0.00756316-0j -8.08598e-05-0j -0.00173091-0j 8.68574e-06-0j 9.25609e-05-0j 3.36148e-08-0j -0.00168028-0j -0.00393191-0j -0.0540939-0j 8.43165e-06-0j 8.98531e-05-0j 3.26315e-08-0j 0.000339547-0j 0.00467138-0j 0.00074826-0j 0.0102943-0j -0.000110059-0j -0.00235597-0j 1.18223e-05-0j 0.000125986-0j 4.57536e-08-0j 0.000824611-0j 0.0113447-0j -0.00012129-0j -0.00259637-0j 1.30286e-05-0j 0.000138841-0j 5.04222e-08-0j -4.9943e-05-0j -0.0010691-0j 5.36474e-06-0j 5.71701e-05-0j 2.07622e-08-0j -0.00203288-0j -0.0279677-0j 0.000299011-0j 0.00640072-0j -3.21189e-05-0j -0.00034228-0j -1.24304e-07-0j 0.000944045-0j 0.0129879-0j -0.000138857-0j -0.00297241-0j 1.49156e-05-0j 0.00015895-0j 5.77252e-08-0j 
0.0011483-0j 0.00611736-0j 0.0060651-0j -0.000668609-0j -0.582195-0j -0.00843048-0j -9.68179e-06-0j 0.415268-0j 0.000476905-0j 0.00314815-0j 0.0581082-0j 3.85283e-05-0j -0.00243321-0j -0.0449119-0j -2.97786e-05-0j 0.00535999-0j 0.098934-0j 6.55977e-05-0j -5.07901e-05-0j -0.000937477-0j -6.21589e-07-0j -0.00256329-0j -0.0473128-0j -3.13705e-05-0j -0.00247579-0j -0.0529976-0j 0.000376099-0j 0.00490873-0j 2.30143e-06-0j 7.96541e-05-0j 0.0017051-0j -1.21003e-05-0j -0.00015793-0j -7.40442e-08-0j 0.00164209-0j 0.035151-0j -0.000249451-0j -0.00325575-0j 0.00178115-0j 0.0381278-0j -0.000270576-0j -0.00353147-0j -1.6557e-06-0j 0.00176593-0j 0.0378021-0j -0.000268264-0j -0.0035013-0j -1.64156e-06-0j -1.52644e-06-0j -3.80926e-05-0j -0.000815423-0j 5.78668e-06-0j 7.55259e-05-0j 3.54098e-08-0j -0.00198551-0j -0.0425025-0j 0.000301621-0j 0.00393666-0j 1.84568e-06-0j -2.65434e-05-0j -0.000282864-0j 4.62649e-08-0j -1.02726e-07-0j -0.0023823-0j 1.19544e-05-0j 0.000127394-0j -0.000111289-0j -0.00168-0j -0.0231128-0j 0.00187175-0j 0.0257509-0j -0.00027531-0j -0.00589338-0j 2.95731e-05-0j 0.00031515-0j 1.14451e-07-0j 0.000247106-0j 0.00528962-0j -0.00288498-0j -0.0396906-0j 0.000424343-0j 2.71039e-05-0j 0.000372886-0j -3.98663e-06-0j -8.53391e-05-0j 4.28233e-07-0j 4.56353e-06-0j 1.65731e-09-0j -0.000944045-0j -0.0129879-0j 0.000138857-0j 0.00297241-0j -1.49156e-05-0j -0.00015895-0j -5.77252e-08-0j 0.00908363-0j 0.000756622-0j 0.0104094-0j -4.55818e-05-0j -0.000485749-0j -1.76407e-07-0j 0.00285592-0j 0.0392908-0j 0.00137967-0j 0.0189811-0j -0.000202932-0j -0.00434402-0j 2.17984e-05-0j 0.000232297-0j 8.43622e-08-0j 0.00136788-0j 0.0188189-0j -0.000201198-0j -0.00430691-0j 2.16121e-05-0j 0.000230313-0j 8.36415e-08-0j -0.000420069-0j -0.00899214-0j 4.51227e-05-0j 0.000480856-0j 1.7463e-07-0j -3.04741e-05-0j -0.000419253-0j 4.48234e-06-0j 9.59505e-05-0j -4.81481e-07-0j -5.13098e-06-0j -1.86339e-09-0j -0.00162116-0j -0.0223035-0j 0.000238452-0j 0.00510439-0j -2.56139e-05-0j -0.000272958-0j -9.91288e-08-0j 
0.000151069-0j -0.0921934-0j -0.0914058-0j -0.567036-0j 0.000668609-0j 9.68179e-06-0j -0.00821097-0j -0.000476905-0j 0.404455-0j 0.000414167-0j 0.00764464-0j 0.0997728-0j -0.00032011-0j -0.00590855-0j -0.0771145-0j 0.000705154-0j 0.0130156-0j 0.169872-0j -6.68188e-06-0j -0.000123333-0j -0.00160967-0j -0.000337223-0j -0.00622441-0j -0.0812369-0j -0.000325712-0j 3.02997e-05-0j -0.00566811-0j -0.0363406-0j 0.0119892-0j 1.04792e-05-0j -9.74837e-07-0j 0.000182361-0j 0.00116919-0j -0.000385731-0j 0.000216031-0j -2.00965e-05-0j 0.00375942-0j 0.0241032-0j 0.000234325-0j -2.17984e-05-0j 0.00407778-0j 0.0261443-0j -0.00862533-0j 0.000232323-0j -2.16121e-05-0j 0.00404295-0j 0.025921-0j -0.00855165-0j -0.00795193-0j -5.01141e-06-0j 4.66192e-07-0j -8.72098e-05-0j -0.000559138-0j 0.000184466-0j -0.000261211-0j 2.42995e-05-0j -0.00454566-0j -0.0291441-0j 0.00961499-0j -0.022511-0j 0.0063943-0j 0.000402861-0j -0.000894507-0j -0.000156025-0j 0.0101383-0j -0.00287981-0j 0.00167722-0j -0.000221018-0j 2.65434e-05-0j 0.000246245-0j -2.95731e-05-0j 0.00414914-0j -0.000385978-0j 0.0250805-0j -0.00712415-0j 0.000996607-0j -0.00372407-0j 0.000346436-0j -0.000379544-0j 4.55818e-05-0j -0.00639518-0j 3.56575e-06-0j -4.28233e-07-0j 6.00816e-05-0j -5.58916e-06-0j 0.000363178-0j -0.000103161-0j 1.44314e-05-0j -0.000124197-0j 1.49156e-05-0j -0.00209268-0j 0.000194674-0j -0.0126497-0j 0.00359317-0j -0.000502653-0j 0.000594918-0j 9.95402e-05-0j -1.19544e-05-0j -0.0386572-0j 0.0109806-0j -0.0015361-0j 0.000375721-0j -4.51227e-05-0j 0.000181508-0j -2.17984e-05-0j 0.00305834-0j -0.000284505-0j 0.0184868-0j -0.00525122-0j 0.0007346-0j 0.000179957-0j -2.16121e-05-0j 0.00303221-0j -0.000282075-0j 0.0183289-0j -0.00520636-0j 0.000728324-0j 0.00633077-0j -0.000588926-0j 0.0382678-0j -0.01087-0j 0.00152062-0j -4.00913e-06-0j 4.81481e-07-0j -6.75524e-05-0j 6.28414e-06-0j -0.000408336-0j 0.000115989-0j -1.62258e-05-0j -0.000213278-0j 2.56139e-05-0j -0.00359366-0j 0.000334304-0j -0.0217227-0j 0.00617039-0j -0.000863183-0j 
-0.0546382-0j 0.00512657-0j 0.00508277-0j -0.000277714-0j -0.241821-0j -0.415268-0j -0.000476905-0j 0.655178-0j 0.000752424-0j 0.000869217-0j 0.0160439-0j 1.06378e-05-0j 0.00211095-0j 0.0389636-0j 2.58346e-05-0j 0.00147991-0j 0.027316-0j 1.81118e-05-0j -0.00471003-0j -0.0869371-0j -5.76432e-05-0j 0.00207503-0j 0.0383007-0j 2.53951e-05-0j 0.00106457-0j 0.0227885-0j -0.00016172-0j -0.00211071-0j -9.89594e-07-0j 0.00129269-0j 0.0276717-0j -0.000196373-0j -0.002563-0j -1.20165e-06-0j 0.000339547-0j 0.00726845-0j -5.15809e-05-0j -0.000673217-0j -0.00290915-0j -0.0622741-0j 0.000441931-0j 0.00576794-0j 2.70426e-06-0j -0.00288429-0j -0.0617421-0j 0.000438156-0j 0.00571867-0j 2.68116e-06-0j -3.15633e-07-0j 0.00181252-0j 0.0387993-0j -0.000275341-0j -0.00359366-0j -1.68487e-06-0j 0.00160731-0j 0.0344067-0j -0.000244169-0j -0.00318681-0j -1.49411e-06-0j 7.58688e-06-0j 8.08508e-05-0j 7.6466e-09-0j 2.93621e-08-0j -0.000393742-0j 1.9758e-06-0j 2.10555e-05-0j -1.83937e-05-0j 0.000480192-0j 0.00660633-0j -0.00151522-0j -0.0208459-0j 0.00022287-0j 0.00477082-0j -2.394e-05-0j -0.000255121-0j -9.26507e-08-0j -7.063e-05-0j -0.00151193-0j 0.000824611-0j 0.0113447-0j -0.00012129-0j -0.00260202-0j -0.0357977-0j 0.000382724-0j 0.00819271-0j -4.11111e-05-0j -0.000438107-0j -1.59105e-07-0j -0.00374311-0j -0.0514965-0j 0.000550563-0j 0.0117855-0j -5.914e-05-0j -0.000630234-0j -2.28879e-07-0j -0.00259637-0j 0.000125053-0j 0.00172044-0j 1.30286e-05-0j 0.000138841-0j 5.04222e-08-0j 0.000472022-0j 0.00649393-0j 0.00115621-0j 0.0159068-0j -0.000170064-0j -0.00364045-0j 1.82678e-05-0j 0.000194674-0j 7.06986e-08-0j 0.00114634-0j 0.0157709-0j -0.000168611-0j -0.00360935-0j 1.81118e-05-0j 0.000193011-0j 7.00946e-08-0j -6.94284e-05-0j -0.00148621-0j 7.45781e-06-0j 7.94752e-05-0j 2.88626e-08-0j 0.00145001-0j 0.0199488-0j -0.000213278-0j -0.0045655-0j 2.29098e-05-0j 0.000244141-0j 8.86635e-08-0j 0.00131237-0j 0.0180551-0j -0.000193032-0j -0.00413211-0j 2.0735e-05-0j 0.000220966-0j 8.02468e-08-0j 
-0.00718813-0j -0.0772614-0j -0.0766014-0j -0.235525-0j 0.000277714-0j 0.000476905-0j -0.404455-0j -0.000752424-0j 0.638119-0j 0.000114353-0j 0.00211071-0j 0.0275476-0j 0.000277714-0j 0.005126-0j 0.0669012-0j 0.000194696-0j 0.00359366-0j 0.0469021-0j -0.000619646-0j -0.0114373-0j -0.149273-0j 0.000272989-0j 0.00503879-0j 0.065763-0j 0.000140053-0j -1.30286e-05-0j 0.00243724-0j 0.0156261-0j -0.00515525-0j 0.000170064-0j -1.58204e-05-0j 0.0029595-0j 0.0189745-0j -0.00625993-0j 4.46704e-05-0j -4.15551e-06-0j 0.000777364-0j 0.004984-0j -0.000382724-0j 3.56033e-05-0j -0.00666025-0j -0.0427016-0j 0.0140878-0j -0.000379454-0j 3.52991e-05-0j -0.00660335-0j -0.0423368-0j 0.0139674-0j -0.00164428-0j 0.000238452-0j -2.21823e-05-0j 0.0041496-0j 0.0266048-0j -0.00877725-0j 0.000211456-0j -1.96709e-05-0j 0.00367981-0j 0.0235928-0j -0.00778354-0j 0.00643432-0j -0.00182768-0j 6.65842e-05-0j 0.000255676-0j -2.57876e-05-0j 0.00167565-0j -0.000475971-0j 0.000277208-0j 6.31734e-05-0j -7.58688e-06-0j -0.000199341-0j 2.394e-05-0j -0.00335882-0j 0.000312458-0j -0.0203032-0j 0.00576715-0j -0.000806774-0j 0.00106445-0j -9.90216e-05-0j 0.000108485-0j -1.30286e-05-0j 0.00182793-0j -0.000342318-0j 4.11111e-05-0j -0.00576794-0j 0.000536569-0j -0.0348657-0j 0.00990366-0j -0.00138544-0j -0.000492439-0j 5.914e-05-0j -0.00829742-0j 0.000771876-0j -0.0501557-0j 0.0142468-0j -0.001993-0j -0.000170045-0j 1.64519e-05-0j -1.9758e-06-0j 0.0110494-0j -0.00313859-0j 0.000439061-0j 6.20987e-05-0j -7.45781e-06-0j 0.00015211-0j -1.82678e-05-0j 0.002563-0j -0.000238426-0j 0.0154927-0j -0.00440072-0j 0.000615622-0j 0.000150811-0j -1.81118e-05-0j 0.0025411-0j -0.000236389-0j 0.0153603-0j -0.00436312-0j 0.000610363-0j 0.00104634-0j -9.73369e-05-0j 0.00632485-0j -0.00179659-0j 0.000251327-0j 0.000190762-0j -2.29098e-05-0j 0.00321427-0j -0.000299011-0j 0.0194294-0j -0.00551896-0j 0.000772054-0j 0.000172653-0j -2.0735e-05-0j 0.00290915-0j -0.000270626-0j 0.017585-0j -0.00499506-0j 0.000698765-0j 
-0.0474504-0j -0.00718442-0j -0.00150553-0j 9.82058e-05-0j -0.000746479-0j 0.00314815-0j -0.000414167-0j -0.000869217-0j 0.000114353-0j -0.618157-0j -0.000577955-0j 4.38989e-05-0j 0.509814-0j 0.000476659-0j -3.62048e-05-0j 0.0755429-0j 7.063e-05-0j -5.36474e-06-0j -0.361688-0j -0.000338166-0j 2.56856e-05-0j 0.105921-0j 9.90326e-05-0j -7.52207e-06-0j -0.000376456-0j 3.50202e-05-0j -0.00985535-0j -6.51558e-06-0j 3.49943e-07-0j 0.00112263-0j -0.000104434-0j 0.0293897-0j 1.94302e-05-0j -1.04357e-06-0j 0.00187332-0j -0.000174267-0j 0.0490422-0j 3.24228e-05-0j -0.00209183-0j 0.000194595-0j -0.0547628-0j -3.62048e-05-0j 1.94451e-06-0j -0.000438353-0j 4.07783e-05-0j -0.0114758-0j -7.58688e-06-0j 4.07481e-07-0j -1.74138e-06-0j 0.00157408-0j -0.00014643-0j 0.0412083-0j 2.72436e-05-0j -1.46322e-06-0j -0.00047609-0j 4.42887e-05-0j -0.0124637-0j -8.24001e-06-0j 4.4256e-07-0j -0.00539553-0j -2.91252e-06-0j -7.14346e-08-0j 1.21168e-07-0j -1.59851e-05-0j 0.00318093-0j 1.71708e-06-0j 0.000171835-0j 0.0019816-0j 0.0410123-0j -0.000274924-0j -0.00568999-0j 4.04378e-05-0j -3.76177e-06-0j 0.000748568-0j 4.04079e-07-0j -1.68107e-08-0j -0.000291468-0j 2.71141e-05-0j -0.00115562-0j -0.0239173-0j 0.000169976-0j 0.00115945-0j 0.0239966-0j -0.00017054-0j 1.58647e-05-0j -0.00315696-0j -1.70414e-06-0j 7.08964e-08-0j -0.000226365-0j -0.00468497-0j 3.32953e-05-0j -3.09733e-06-0j 0.000616349-0j 3.32707e-07-0j -1.38414e-08-0j -1.58122e-05-0j -0.00116825-0j -0.0241788-0j 0.00314653-0j 1.69851e-06-0j -7.06622e-08-0j -0.000139814-0j -0.00289367-0j -0.00162033-0j -0.0335352-0j 0.000238329-0j -2.21708e-05-0j 0.00441185-0j 2.38153e-06-0j -9.90777e-08-0j -0.000339547-0j -0.00702746-0j 4.9943e-05-0j -4.646e-06-0j 0.000924523-0j 4.9906e-07-0j -2.07622e-08-0j 2.05648e-05-0j -1.91306e-06-0j 0.000380687-0j 2.05496e-07-0j -8.54915e-09-0j 0.00125926-0j 0.0260624-0j -0.000185221-0j 1.72304e-05-0j -0.00342873-0j -1.85084e-06-0j 7.69996e-08-0j -0.000388726-0j -0.00804528-0j 5.71765e-05-0j -5.31891e-06-0j 0.00105843-0j 5.71342e-07-0j -2.37693e-08-0j 
-0.00764549-0j 0.0657257-0j 0.0137731-0j -0.00181267-0j 0.0137784-0j -0.0581082-0j 0.00764464-0j 0.0160439-0j -0.00211071-0j 0.000577955-0j -0.605695-0j -0.00121896-0j -0.000476659-0j 0.499537-0j 0.00100531-0j -7.063e-05-0j 0.07402-0j 0.000148965-0j 0.000338166-0j -0.354397-0j -0.00071322-0j -9.90326e-05-0j 0.103786-0j 0.000208868-0j -6.06567e-05-0j -0.00129844-0j -0.000523174-0j -0.0137769-0j -1.29748e-05-0j 0.000180885-0j 0.00387208-0j 0.00156016-0j 0.0410841-0j 3.86922e-05-0j 0.00030184-0j 0.00646128-0j 0.00260342-0j 0.0685564-0j -0.000337049-0j -0.00721497-0j -0.0029071-0j -0.0765533-0j -7.20964e-05-0j -7.063e-05-0j -0.00151193-0j -0.000609196-0j -0.0160421-0j -1.51081e-05-0j 6.4565e-05-0j 0.000253625-0j 0.00542917-0j 0.00218755-0j 0.0576053-0j 5.42515e-05-0j -7.67103e-05-0j -0.00164209-0j -0.000661639-0j -0.0174231-0j -1.64087e-05-0j -0.000577891-0j -0.00926445-0j 3.31359e-06-0j -5.62055e-06-0j -0.0336509-0j 0.000340695-0j 0.00546185-0j -0.00157201-0j 0.000319287-0j 0.00439265-0j -4.42974e-05-0j -0.00060943-0j -0.00036994-0j -0.00791906-0j 8.01758e-05-0j 0.00128534-0j 7.79787e-07-0j 0.00266645-0j 0.057079-0j -0.0001862-0j -0.00256168-0j -0.00155501-0j 0.000186817-0j 0.00257017-0j 0.00156016-0j 0.0333973-0j -0.000338128-0j -0.0054207-0j -3.28863e-06-0j -3.64732e-05-0j -0.000501787-0j -0.000304598-0j -0.00652032-0j 6.60144e-05-0j 0.00105831-0j 6.42054e-07-0j -0.033287-0j -0.000188235-0j -0.00258968-0j 0.000337011-0j 0.00540279-0j 3.27776e-06-0j -2.25276e-05-0j -0.000309928-0j -0.000261077-0j -0.00359181-0j -0.00218032-0j -0.0466728-0j 0.000472534-0j 0.00757542-0j 4.59585e-06-0j -5.47098e-05-0j -0.00075268-0j -0.000456897-0j -0.00978048-0j 9.90216e-05-0j 0.00158746-0j 9.63081e-07-0j -0.000188135-0j -0.00402727-0j 4.07737e-05-0j 0.000653663-0j 3.96564e-07-0j 0.0002029-0j 0.00279143-0j 0.00169447-0j 0.0362724-0j -0.000367237-0j -0.00588735-0j -3.57173e-06-0j -6.26337e-05-0j -0.000861695-0j -0.000523072-0j -0.011197-0j 0.000113363-0j 0.00181738-0j 1.10257e-06-0j 
-0.000580717-0j 0.0151525-0j 0.00317528-0j 0.0236578-0j -9.1357e-06-0j 3.85283e-05-0j -0.0997728-0j -1.06378e-05-0j 0.0275476-0j 4.38989e-05-0j 0.00121896-0j -0.58974-0j -3.62048e-05-0j -0.00100531-0j 0.486377-0j -5.36474e-06-0j -0.000148965-0j 0.0720701-0j 2.56856e-05-0j 0.00071322-0j -0.345061-0j -7.52207e-06-0j -0.000208868-0j 0.101052-0j -4.60721e-06-0j 4.28591e-07-0j -0.000120614-0j -0.0015696-0j -0.0193134-0j 1.37392e-05-0j -1.2781e-06-0j 0.000359683-0j 0.00468072-0j 0.0575945-0j 2.29264e-05-0j -2.13275e-06-0j 0.000600197-0j 0.00781065-0j -2.56007e-05-0j 2.38153e-06-0j -0.000670208-0j -0.00872174-0j -0.107318-0j -5.36474e-06-0j 4.9906e-07-0j -0.000140445-0j -0.00182768-0j -0.0224889-0j 0.096107-0j 1.92642e-05-0j -1.79207e-06-0j 0.000504323-0j 0.00656299-0j 0.0807551-0j -5.82657e-06-0j 5.42023e-07-0j -0.000152536-0j -0.00198502-0j -0.0244249-0j 0.00754226-0j 0.0391269-0j 0.009943-0j -0.0168654-0j 3.37139e-05-0j -0.00444653-0j -0.0230673-0j -0.000362413-0j 2.42516e-05-0j -2.91252e-06-0j -3.36463e-06-0j 4.04079e-07-0j -8.52867e-05-0j 7.93388e-06-0j -0.0010464-0j -0.00542842-0j 0.00233988-0j 0.000614729-0j -5.71859e-05-0j -1.41429e-05-0j 1.69851e-06-0j -0.000358494-0j 1.41898e-05-0j -1.70414e-06-0j 0.000359683-0j -3.34599e-05-0j 0.00441303-0j 0.0228935-0j -0.00986808-0j -2.77034e-06-0j 3.32707e-07-0j -7.02226e-05-0j 6.53253e-06-0j -0.000861577-0j -0.0044696-0j 0.00192659-0j 3.33493e-05-0j -1.42975e-05-0j 1.71708e-06-0j -0.00439845-0j -0.0228178-0j 0.00983548-0j -1.7111e-06-0j 2.05496e-07-0j -1.98302e-05-0j 2.38153e-06-0j -0.000502656-0j 4.67601e-05-0j -0.0061672-0j -0.0319936-0j 0.0137906-0j -4.15551e-06-0j 4.9906e-07-0j -0.000105334-0j 9.79879e-06-0j -0.00129236-0j -0.0067044-0j 0.00288989-0j -4.33729e-05-0j 4.03481e-06-0j -0.000532152-0j -0.00276064-0j 0.00118996-0j 1.54113e-05-0j -1.85084e-06-0j 0.000390647-0j -3.63403e-05-0j 0.00479293-0j 0.0248643-0j -0.0107176-0j -4.75737e-06-0j 5.71342e-07-0j -0.00012059-0j 1.1218e-05-0j -0.00147955-0j -0.00767544-0j 0.00330845-0j 
0.0379663-0j -0.00368564-0j -0.00353186-0j -0.000179726-0j 0.00136613-0j 0.00243321-0j -0.00032011-0j 0.00211095-0j -0.000277714-0j -0.509814-0j -0.000476659-0j 3.62048e-05-0j -0.252638-0j -0.000236208-0j 1.79413e-05-0j 0.537897-0j 0.000502916-0j -3.81992e-05-0j 0.289396-0j 0.000270576-0j -2.05517e-05-0j -0.257236-0j -0.000240507-0j 1.82678e-05-0j -0.000665508-0j 6.19096e-05-0j -0.0174225-0j -1.15184e-05-0j 6.18638e-07-0j 0.00263361-0j -0.000244995-0j 0.0689462-0j 4.55818e-05-0j -2.44813e-06-0j 0.00256352-0j -0.000238474-0j 0.0671111-0j 4.43685e-05-0j -0.00107312-0j 9.98281e-05-0j -0.0280936-0j -1.85732e-05-0j 9.97543e-07-0j -0.00102835-0j 9.56629e-05-0j -0.0269214-0j -1.77983e-05-0j 9.55921e-07-0j -2.38297e-06-0j -0.00125946-0j 0.000117163-0j -0.0329718-0j -2.17984e-05-0j 1.17076e-06-0j 0.00115621-0j -0.000107558-0j 0.0302689-0j 2.00114e-05-0j -1.07478e-06-0j 0.00429845-0j 2.32032e-06-0j 1.00066e-07-0j -9.65311e-08-0j 2.2392e-05-0j -0.00445587-0j -2.40529e-06-0j -0.000240707-0j -0.00157868-0j -0.0326733-0j 0.000503138-0j 0.0104132-0j -7.40052e-05-0j 6.88441e-06-0j -0.00136995-0j -7.39504e-07-0j 3.07652e-08-0j 0.000232204-0j -2.1601e-05-0j 0.00173817-0j 0.0359741-0j -0.000255662-0j 0.000896139-0j 0.018547-0j -0.00013181-0j 1.22618e-05-0j -0.00244002-0j -1.31713e-06-0j 5.47959e-08-0j 0.000549741-0j 0.0113777-0j -8.08598e-05-0j 7.52207e-06-0j -0.00149684-0j -8.08e-07-0j 3.36148e-08-0j 2.37832e-05-0j 0.00163649-0j 0.0338698-0j -0.0047327-0j -2.55473e-06-0j 1.06283e-07-0j -0.00166307-0j -0.0344199-0j -0.000831235-0j -0.0172037-0j 0.000122264-0j -1.13737e-05-0j 0.0022633-0j 1.22174e-06-0j -5.08273e-08-0j -0.000796553-0j -0.0164859-0j 0.000117163-0j -1.08992e-05-0j 0.00216886-0j 1.17076e-06-0j -4.87065e-08-0j 0.000244617-0j -2.27557e-05-0j 0.00452824-0j 2.44436e-06-0j -1.01691e-07-0j -0.00100757-0j -0.0208532-0j 0.0001482-0j -1.37865e-05-0j 0.00274342-0j 1.48091e-06-0j -6.16094e-08-0j 0.000944045-0j 0.0195385-0j -0.000138857-0j 1.29173e-05-0j -0.00257046-0j -1.38754e-06-0j 5.77252e-08-0j 
0.00611736-0j 0.0337176-0j 0.0323107-0j 0.00331736-0j -0.0252158-0j -0.0449119-0j 0.00590855-0j -0.0389636-0j 0.005126-0j 0.000476659-0j -0.499537-0j -0.00100531-0j 0.000236208-0j -0.247545-0j -0.000498181-0j -0.000502916-0j 0.527054-0j 0.00106069-0j -0.000270576-0j 0.283562-0j 0.000570666-0j 0.000240507-0j -0.25205-0j -0.000507249-0j -0.000107231-0j -0.00229541-0j -0.000924881-0j -0.0243551-0j -2.29371e-05-0j 0.000424343-0j 0.00908363-0j 0.00366003-0j 0.0963804-0j 9.07691e-05-0j 0.000413049-0j 0.00884185-0j 0.00356261-0j 0.0938151-0j -0.000172907-0j -0.00370131-0j -0.00149135-0j -0.0392722-0j -3.69857e-05-0j -0.000165693-0j -0.00354688-0j -0.00142913-0j -0.0376336-0j -3.54425e-05-0j 8.83531e-05-0j -0.000202932-0j -0.00434402-0j -0.00175032-0j -0.0460915-0j -4.34081e-05-0j 0.000186296-0j 0.00398791-0j 0.00160683-0j 0.0423131-0j 3.98496e-05-0j 0.000460388-0j 0.00738071-0j -4.6417e-06-0j 4.47772e-06-0j 0.0471384-0j -0.000477248-0j -0.007651-0j 0.00220208-0j -0.000254366-0j -0.00349949-0j 8.10686e-05-0j 0.00111532-0j 0.000677027-0j 0.0144927-0j -0.00014673-0j -0.00235229-0j -1.42709e-06-0j -0.00212428-0j -0.0454731-0j 0.000280064-0j 0.00385302-0j 0.00233889-0j 0.000144391-0j 0.00198649-0j 0.00120585-0j 0.0258128-0j -0.00026134-0j -0.00418966-0j -2.54178e-06-0j 8.85775e-05-0j 0.00121862-0j 0.000739735-0j 0.015835-0j -0.00016032-0j -0.00257017-0j -1.55927e-06-0j 0.050067-0j 0.000263681-0j 0.00362764-0j -0.000506899-0j -0.00812634-0j -4.93008e-06-0j -0.000267964-0j -0.00368657-0j -0.000133934-0j -0.00184261-0j -0.00111852-0j -0.0239433-0j 0.000242412-0j 0.00388622-0j 2.35769e-06-0j -0.000128345-0j -0.00176573-0j -0.00107185-0j -0.0229443-0j 0.000232297-0j 0.00372407-0j 2.25932e-06-0j -0.00223784-0j -0.047904-0j 0.000485-0j 0.00777527-0j 4.71709e-06-0j -0.000162345-0j -0.00223349-0j -0.00135579-0j -0.0290225-0j 0.000293836-0j 0.00471062-0j 2.85784e-06-0j 0.00015211-0j 0.00209268-0j 0.00127031-0j 0.0271927-0j -0.00027531-0j -0.00441363-0j -2.67766e-06-0j 
0.000464647-0j 0.00777332-0j 0.00744898-0j -0.0432961-0j 1.67192e-05-0j 2.97786e-05-0j -0.0771145-0j 2.58346e-05-0j -0.0669012-0j 3.62048e-05-0j 0.00100531-0j -0.486377-0j 1.79413e-05-0j 0.000498181-0j -0.241024-0j -3.81992e-05-0j -0.00106069-0j 0.51317-0j -2.05517e-05-0j -0.000570666-0j 0.276092-0j 1.82678e-05-0j 0.000507249-0j -0.245411-0j -8.14475e-06-0j 7.57674e-07-0j -0.000213224-0j -0.00277478-0j -0.0341427-0j 3.22312e-05-0j -2.99834e-06-0j 0.00084379-0j 0.0109806-0j 0.135113-0j 3.13733e-05-0j -2.91853e-06-0j 0.000821331-0j 0.0106884-0j -1.31333e-05-0j 1.22174e-06-0j -0.00034382-0j -0.00447429-0j -0.0550544-0j -1.25853e-05-0j 1.17076e-06-0j -0.000329474-0j -0.00428761-0j -0.0527573-0j 0.131516-0j -1.54138e-05-0j 1.43388e-06-0j -0.000403522-0j -0.00525122-0j -0.0646143-0j 1.41502e-05-0j -1.31634e-06-0j 0.000370442-0j 0.00482074-0j 0.0593174-0j -0.00600869-0j -0.0311713-0j -0.0139282-0j 0.0134362-0j -4.72266e-05-0j 0.00622873-0j 0.0323128-0j 0.000507671-0j -1.93205e-05-0j 2.32032e-06-0j 6.1576e-06-0j -7.39504e-07-0j 0.000156083-0j -1.45198e-05-0j 0.00191502-0j 0.00993454-0j -0.00428222-0j -0.000489737-0j 4.55583e-05-0j 2.12724e-05-0j -2.55473e-06-0j 0.000539212-0j 1.09673e-05-0j -1.31713e-06-0j 0.000277999-0j -2.58612e-05-0j 0.00341083-0j 0.0176944-0j -0.00762705-0j 6.72794e-06-0j -8.08e-07-0j 0.00017054-0j -1.58647e-05-0j 0.00209239-0j 0.0108547-0j -0.00467885-0j -5.01607e-05-0j 2.0028e-05-0j -2.40529e-06-0j 0.00661571-0j 0.0343203-0j -0.0147936-0j -2.03533e-05-0j 2.44436e-06-0j -1.0173e-05-0j 1.22174e-06-0j -0.000257865-0j 2.39881e-05-0j -0.0031638-0j -0.0164129-0j 0.00707466-0j -9.74852e-06-0j 1.17076e-06-0j -0.000247106-0j 2.29873e-05-0j -0.0030318-0j -0.015728-0j 0.00677947-0j -0.000515917-0j 4.79937e-05-0j -0.0063299-0j -0.0328376-0j 0.0141544-0j -1.2331e-05-0j 1.48091e-06-0j -0.000312567-0j 2.90768e-05-0j -0.00383495-0j -0.0198946-0j 0.00857543-0j 1.15536e-05-0j -1.38754e-06-0j 0.00029286-0j -2.72436e-05-0j 0.00359317-0j 0.0186403-0j -0.00803478-0j 
0.0275545-0j -0.00258537-0j 0.00751542-0j 0.000140053-0j -0.00106457-0j 0.00535999-0j -0.000705154-0j -0.00147991-0j 0.000194696-0j 0.0755429-0j 7.063e-05-0j -5.36474e-06-0j -0.537897-0j -0.000502916-0j 3.81992e-05-0j 0.11141-0j 0.000104165-0j -7.91188e-06-0j 0.210032-0j 0.000196373-0j -1.49156e-05-0j 0.180339-0j 0.000168611-0j -1.28069e-05-0j 0.00157408-0j -0.00014643-0j 0.0412083-0j 2.72436e-05-0j -1.46322e-06-0j -0.000564693-0j 5.25312e-05-0j -0.0147833-0j -9.77353e-06-0j 5.24923e-07-0j -0.000171236-0j 1.59294e-05-0j -0.00448285-0j -2.96371e-06-0j -0.000752764-0j 7.00266e-05-0j -0.0197068-0j -1.30286e-05-0j 6.99748e-07-0j 0.00218821-0j -0.00020356-0j 0.0572858-0j 3.78728e-05-0j -2.0341e-06-0j 1.59177e-07-0j -0.000914067-0j 8.50321e-05-0j -0.0239297-0j -1.58204e-05-0j 8.49692e-07-0j -0.000810582-0j 7.54053e-05-0j -0.0212205-0j -1.40293e-05-0j 7.53495e-07-0j -0.00193324-0j -1.04357e-06-0j -3.85624e-09-0j 4.3415e-08-0j -8.6292e-07-0j 0.000171715-0j 9.26925e-08-0j 9.27612e-06-0j 0.000710014-0j 0.0146949-0j -0.000392075-0j -0.00811461-0j 5.76692e-05-0j -5.36474e-06-0j 0.00106755-0j 5.76265e-07-0j -2.39741e-08-0j -0.000104434-0j 9.71508e-06-0j -0.000360221-0j -0.00745533-0j 5.29838e-05-0j 0.00197406-0j 0.0408562-0j -0.000290358-0j 2.70109e-05-0j -0.00537499-0j -2.90144e-06-0j 1.20707e-07-0j -0.000385405-0j -0.00797655-0j 5.66881e-05-0j -5.27347e-06-0j 0.00104938-0j 5.66461e-07-0j -2.35662e-08-0j -4.92887e-06-0j -6.30655e-05-0j -0.00130524-0j 0.000980813-0j 5.29446e-07-0j -2.20263e-08-0j -0.00295044-0j -0.061064-0j -0.000583088-0j -0.0120679-0j 8.57648e-05-0j -7.97836e-06-0j 0.00158764-0j 8.57013e-07-0j -3.56539e-08-0j 0.00169498-0j 0.0350802-0j -0.00024931-0j 2.31923e-05-0j -0.00461511-0j -2.49125e-06-0j 1.03642e-07-0j 0.000433972-0j -4.03707e-05-0j 0.0080335-0j 4.3365e-06-0j -1.8041e-07-0j -0.000731254-0j -0.0151344-0j 0.000107558-0j -1.00057e-05-0j 0.00199107-0j 1.07478e-06-0j -4.47137e-08-0j -0.000661838-0j -0.0136978-0j 9.73478e-05-0j -9.05588e-06-0j 0.00180206-0j 9.72757e-07-0j -4.04692e-08-0j 
0.00443974-0j 0.0236519-0j -0.0687538-0j -0.00258508-0j 0.0196497-0j -0.098934-0j 0.0130156-0j 0.027316-0j -0.00359366-0j -7.063e-05-0j 0.07402-0j 0.000148965-0j 0.000502916-0j -0.527054-0j -0.00106069-0j -0.000104165-0j 0.109164-0j 0.000219692-0j -0.000196373-0j 0.205798-0j 0.000414167-0j -0.000168611-0j 0.176704-0j 0.000355615-0j 0.000253625-0j 0.00542917-0j 0.00218755-0j 0.0576053-0j 5.42515e-05-0j -9.09866e-05-0j -0.00194769-0j -0.000784775-0j -0.0206657-0j -1.94625e-05-0j -2.75906e-05-0j -0.000590614-0j -0.000237974-0j -0.00626661-0j -0.00012129-0j -0.00259637-0j -0.00104614-0j -0.0275483-0j -2.59445e-05-0j 0.000352577-0j 0.00754738-0j 0.00304103-0j 0.0800802-0j 7.54179e-05-0j -5.90177e-06-0j -0.00014728-0j -0.00315272-0j -0.00127031-0j -0.0334514-0j -3.15039e-05-0j -0.000130606-0j -0.00279579-0j -0.0011265-0j -0.0296643-0j -2.79372e-05-0j -0.00020706-0j -0.00331949-0j 1.78877e-07-0j -2.01386e-06-0j -0.00181657-0j 1.83917e-05-0j 0.000294846-0j -8.48613e-05-0j 0.000114402-0j 0.0015739-0j -6.31734e-05-0j -0.00086912-0j -0.000527579-0j -0.0112935-0j 0.00011434-0j 0.00183304-0j 1.11207e-06-0j 0.0009554-0j 0.0204516-0j -5.80409e-05-0j -0.000798507-0j -0.000484715-0j 0.000318072-0j 0.00437593-0j 0.00265631-0j 0.0568618-0j -0.000575691-0j -0.00922919-0j -5.59916e-06-0j -6.20987e-05-0j -0.000854333-0j -0.000518603-0j -0.0111014-0j 0.000112395-0j 0.00180186-0j 1.09315e-06-0j -0.010376-0j -1.01615e-05-0j -0.000139798-0j 0.000105051-0j 0.00168412-0j 1.02172e-06-0j -0.000475392-0j -0.00654029-0j -9.39506e-05-0j -0.00129254-0j -0.000784608-0j -0.0167956-0j 0.000170045-0j 0.00272608-0j 1.65385e-06-0j 0.000273105-0j 0.00375729-0j 0.00228078-0j 0.048823-0j -0.000494304-0j -0.00792443-0j -4.80759e-06-0j -0.00397013-0j -0.0849859-0j 0.000860432-0j 0.013794-0j 8.36854e-06-0j -0.000117824-0j -0.00162098-0j -0.00098398-0j -0.0210634-0j 0.000213254-0j 0.00341879-0j 2.07411e-06-0j -0.000106639-0j -0.00146711-0j -0.000890573-0j -0.0190639-0j 0.000193011-0j 0.00309425-0j 1.87722e-06-0j 
0.000337223-0j 0.00545276-0j -0.0158506-0j 0.0337388-0j -1.30286e-05-0j 6.55977e-05-0j -0.169872-0j -1.81118e-05-0j 0.0469021-0j -5.36474e-06-0j -0.000148965-0j 0.0720701-0j 3.81992e-05-0j 0.00106069-0j -0.51317-0j -7.91188e-06-0j -0.000219692-0j 0.106289-0j -1.49156e-05-0j -0.000414167-0j 0.200377-0j -1.28069e-05-0j -0.000355615-0j 0.172049-0j 1.92642e-05-0j -1.79207e-06-0j 0.000504323-0j 0.00656299-0j 0.0807551-0j -6.91093e-06-0j 6.42897e-07-0j -0.000180923-0j -0.00235444-0j -0.0289705-0j -2.09566e-06-0j 1.94951e-07-0j -5.48629e-05-0j -0.000713957-0j -9.21261e-06-0j 8.57013e-07-0j -0.00024118-0j -0.00313859-0j -0.0386191-0j 2.67801e-05-0j -2.49125e-06-0j 0.000701086-0j 0.00912357-0j 0.112262-0j -0.00878496-0j -1.11867e-05-0j 1.04066e-06-0j -0.00029286-0j -0.00381113-0j -0.0468945-0j -9.92022e-06-0j 9.22839e-07-0j -0.000259704-0j -0.00337966-0j -0.0415854-0j 0.00270242-0j 0.0140193-0j 0.000536751-0j -0.00604294-0j 1.81997e-06-0j -0.000240036-0j -0.00124524-0j -1.95641e-05-0j 8.68943e-06-0j -1.04357e-06-0j -4.79837e-06-0j 5.76265e-07-0j -0.000121629-0j 1.13147e-05-0j -0.00149229-0j -0.00774157-0j 0.00333696-0j 0.00022026-0j -2.04899e-05-0j -4.40852e-06-0j 5.29446e-07-0j -0.000111747-0j 2.41593e-05-0j -2.90144e-06-0j 0.00061239-0j -5.69682e-05-0j 0.00751355-0j 0.038978-0j -0.0168012-0j -4.71673e-06-0j 5.66461e-07-0j -0.00011956-0j 1.11222e-05-0j -0.00146691-0j -0.00760987-0j 0.00328018-0j 1.03954e-05-0j -7.7182e-07-0j 9.26925e-08-0j -0.00137105-0j -0.0071126-0j 0.00306584-0j -3.61086e-05-0j 4.3365e-06-0j -7.13606e-06-0j 8.57013e-07-0j -0.000180885-0j 1.6827e-05-0j -0.00221932-0j -0.0115132-0j 0.00496267-0j 2.07438e-05-0j -2.49125e-06-0j 0.000525814-0j -4.89144e-05-0j 0.00645133-0j 0.0334676-0j -0.014426-0j -0.000915282-0j 8.5145e-05-0j -0.0112298-0j -0.0582568-0j 0.0251112-0j -8.94937e-06-0j 1.07478e-06-0j -0.000226849-0j 2.11028e-05-0j -0.00278326-0j -0.0144387-0j 0.00622371-0j -8.09982e-06-0j 9.72757e-07-0j -0.000205314-0j 1.90996e-05-0j -0.00251905-0j -0.0130681-0j 0.00563291-0j 
0.000765533-0j 0.00407824-0j -0.00418583-0j -0.000445739-0j 0.00338814-0j -5.07901e-05-0j 6.68188e-06-0j 0.00471003-0j -0.000619646-0j -0.361688-0j -0.000338166-0j 2.56856e-05-0j -0.289396-0j -0.000270576-0j 2.05517e-05-0j 0.210032-0j 0.000196373-0j -1.49156e-05-0j -0.0113726-0j -1.0633e-05-0j 8.07635e-07-0j 0.294493-0j 0.000275341-0j -2.09137e-05-0j 0.00170867-0j -0.00015895-0j 0.0447317-0j 2.95731e-05-0j -1.58833e-06-0j -1.81118e-05-0j 1.68487e-06-0j -0.000474153-0j -3.13473e-07-0j 1.68362e-08-0j 0.00109472-0j -0.000101838-0j 0.0286591-0j 1.89472e-05-0j -0.00231426-0j 0.000215286-0j -0.0605856-0j -4.00544e-05-0j 2.15127e-06-0j 0.00237531-0j -0.000220966-0j 0.0621839-0j 4.11111e-05-0j -2.20802e-06-0j -1.01763e-06-0j -2.53951e-05-0j 2.3624e-06-0j -0.000664825-0j -4.3953e-07-0j 2.36066e-08-0j -0.00132368-0j 0.000123136-0j -0.0346529-0j -2.29098e-05-0j 1.23045e-06-0j -0.00315696-0j -1.70414e-06-0j 3.08433e-08-0j 7.08964e-08-0j 6.90187e-06-0j -0.00137343-0j -7.4138e-07-0j -7.41929e-05-0j 0.00115945-0j 0.0239966-0j -0.00243198-0j -0.0503336-0j 0.000357713-0j -3.32766e-05-0j 0.00662182-0j 3.57448e-06-0j -1.48707e-07-0j -0.00017054-0j 1.58647e-05-0j 0.000655987-0j 0.0135767-0j -9.64872e-05-0j 3.64567e-05-0j 0.000754529-0j -5.36232e-06-0j 4.98835e-07-0j -9.92649e-05-0j -5.35835e-08-0j 2.22921e-09-0j 0.00308257-0j 0.0637986-0j -0.000453406-0j 4.21786e-05-0j -0.00839326-0j -4.53071e-06-0j 1.88489e-07-0j 8.97582e-06-0j 0.000504415-0j 0.0104397-0j -0.00178613-0j -9.64158e-07-0j 4.01114e-08-0j -0.000388726-0j -0.00804528-0j 0.00091978-0j 0.0190363-0j -0.000135288-0j 1.25853e-05-0j -0.00250439-0j -1.35188e-06-0j 5.62415e-08-0j -0.000944045-0j -0.0195385-0j 0.000138857-0j -1.29173e-05-0j 0.00257046-0j 1.38754e-06-0j -5.77252e-08-0j 5.71765e-05-0j -5.31891e-06-0j 0.00105843-0j 5.71342e-07-0j -2.37693e-08-0j -2.03161e-05-0j -0.000420473-0j 2.98823e-06-0j -2.77983e-07-0j 5.53168e-05-0j 2.98602e-08-0j -1.24226e-09-0j -0.00108078-0j -0.0223684-0j 0.000158968-0j -1.47882e-05-0j 0.00294275-0j 1.58851e-06-0j -6.60859e-08-0j 
