0.996538-0j 0.000415717-0j 0.000509148-0j -4.7364e-05-0j -5.46912e-05-0j 5.08771e-06-0j -2.11662e-07-0j -0.00318717-0j 0.000242083-0j 0.000363124-0j -1.95029e-05-0j -0.132233-0j -5.51625e-05-0j -4.77721e-05-0j 4.44405e-06-0j 4.18989e-06-0j -3.3755e-07-0j 1.1466e-08-0j -0.00210447-0j 0.000211456-0j -0.0666862-0j -1.96709e-05-0j 0.000299044-0j -2.2714e-05-0j -3.40711e-05-0j 1.82991e-06-0j 0.00877315-0j 3.65982e-06-0j 2.58788e-06-0j -2.40741e-07-0j -1.96564e-07-0j 1.41639e-08-0j -4.06625e-10-0j -0.00208649-0j 0.00020965-0j -0.0661165-0j -1.95029e-05-0j 0.000296489-0j -2.252e-05-0j -3.378e-05-0j 1.81428e-06-0j 0.0086982-0j 3.62855e-06-0j 2.56577e-06-0j -2.38684e-07-0j -1.94885e-07-0j 1.40429e-08-0j -4.03151e-10-0j -0.000388043-0j -1.61877e-07-0j -9.91288e-08-0j 9.22156e-09-0j 6.73447e-09-0j -4.42989e-10-0j 1.10137e-11-0j -0.00114634-0j 7.54053e-05-0j -0.0317071-0j 0.000123136-0j -9.35287e-06-0j -9.92022e-06-0j 3.76747e-07-0j 0.000161223-0j -1.61996e-05-0j 0.00510883-0j 1.50699e-06-0j -1.61996e-05-0j 1.23045e-06-0j 1.84568e-06-0j -9.91288e-08-0j -0.00196855-0j 0.00012949-0j -0.0544491-0j 0.000211456-0j -1.60613e-05-0j -1.70355e-05-0j 6.46971e-07-0j 0.000276861-0j -2.78189e-05-0j 0.00877315-0j 2.58788e-06-0j -2.78189e-05-0j 2.113e-06-0j 3.1695e-06-0j -1.70229e-07-0j -0.000666369-0j -2.77983e-07-0j -1.70229e-07-0j 1.58358e-08-0j 1.15648e-08-0j -7.60725e-10-0j 1.89133e-11-0j -0.00159358-0j 0.000104825-0j -0.0440777-0j 0.000171178-0j -1.30019e-05-0j -1.37906e-05-0j 5.23736e-07-0j 0.000224125-0j -2.252e-05-0j 0.00710205-0j 2.09495e-06-0j -2.252e-05-0j 1.71052e-06-0j 2.56577e-06-0j -1.37804e-07-0j -0.000539439-0j -2.25033e-07-0j -1.37804e-07-0j 1.28194e-08-0j 9.36195e-09-0j -6.15823e-10-0j 1.53108e-11-0j 
-0.000415717-0j 0.985627-0j 6.11467e-05-0j 0.00130893-0j 0.00113192-0j -6.99951e-05-0j -2.54197e-08-0j -0.000382766-0j -0.0100496-0j -0.00499574-0j 0.000809628-0j 5.51625e-05-0j -0.130785-0j -5.73725e-06-0j -0.000122813-0j -8.67164e-05-0j 4.6439e-06-0j 1.37702e-09-0j -0.000252739-0j -0.00437642-0j -0.00318681-0j -0.093683-0j 3.59141e-05-0j 0.000942933-0j 0.000468739-0j -7.59654e-05-0j -3.65982e-06-0j 0.00867709-0j 3.10795e-07-0j 6.65297e-06-0j 4.0682e-06-0j -1.94863e-07-0j -4.8834e-11-0j -0.000250579-0j -0.00433903-0j -0.00315958-0j -0.0928827-0j 3.56072e-05-0j 0.000934877-0j 0.000464734-0j -7.53165e-05-0j -3.62855e-06-0j 0.00860296-0j 3.0814e-07-0j 6.59614e-06-0j 4.03344e-06-0j -1.93198e-07-0j -4.84168e-11-0j 1.61877e-07-0j -0.000383794-0j -1.1905e-08-0j -2.54842e-07-0j -1.3938e-07-0j 6.0945e-09-0j 1.3227e-12-0j -0.000137671-0j 9.05588e-06-0j -0.00227945-0j -0.00169407-0j -0.0444782-0j 0.00027415-0j -2.08684e-05-0j 1.93623e-05-0j 0.000335277-0j 0.000244141-0j 0.00717705-0j -1.94551e-06-0j -5.108e-05-0j -2.53922e-05-0j 4.11516e-06-0j -0.000236415-0j 1.55512e-05-0j -0.00391439-0j -0.00290915-0j -0.0763804-0j 0.000470785-0j -3.58364e-05-0j 3.325e-05-0j 0.000575756-0j 0.000419253-0j 0.0123248-0j -3.34094e-06-0j -8.77173e-05-0j -4.36049e-05-0j 7.06677e-06-0j 2.77983e-07-0j -0.000659072-0j -2.04439e-08-0j -4.37628e-07-0j -2.39352e-07-0j 1.04658e-08-0j 2.27142e-12-0j -0.000191383-0j 1.25891e-05-0j -0.00316878-0j -0.00235502-0j -0.0618316-0j 0.00038111-0j -2.90103e-05-0j 2.69165e-05-0j 0.000466086-0j 0.000339394-0j 0.0099772-0j -2.70456e-06-0j -7.1009e-05-0j -3.52991e-05-0j 5.7207e-06-0j 2.25033e-07-0j -0.000533533-0j -1.65497e-08-0j -3.54269e-07-0j -1.9376e-07-0j 8.47229e-09-0j 1.83876e-12-0j 
-0.000509148-0j 6.11467e-05-0j 0.97844-0j 0.00039555-0j 0.000921528-0j -0.000128963-0j 8.96275e-06-0j -0.000468791-0j 3.56072e-05-0j -0.0122904-0j -2.86862e-06-0j -0.00383591-0j 0.000460677-0j -0.185226-0j -7.48807e-05-0j -0.000106205-0j 1.14248e-05-0j -5.82967e-07-0j -0.00030954-0j -0.00715703-0j 3.40711e-05-0j -2.89334e-06-0j -0.0024974-0j 0.000189691-0j -0.0654751-0j -1.52821e-05-0j 0.000513477-0j -6.16667e-05-0j 0.0150948-0j 6.10229e-06-0j 6.65297e-06-0j -5.99768e-07-0j 2.41297e-08-0j -0.000306896-0j -0.00709588-0j 3.378e-05-0j -2.86862e-06-0j -0.00247607-0j 0.000188071-0j -0.0649157-0j -1.51515e-05-0j 0.000509091-0j -6.11398e-05-0j 0.0149658-0j 6.05016e-06-0j 6.59614e-06-0j -5.94644e-07-0j 2.39236e-08-0j -3.41664e-05-0j 4.10325e-06-0j -0.000772057-0j -3.12116e-07-0j -2.8517e-07-0j 2.2523e-08-0j -7.47169e-10-0j -0.000168611-0j -0.00511548-0j 1.61996e-05-0j 1.81118e-05-0j -1.37569e-06-0j 0.000335763-0j 5.54147e-08-0j -0.00134642-0j -0.0311312-0j 0.0001482-0j -1.25853e-05-0j 0.000272958-0j -2.07327e-05-0j 0.00715623-0j 1.67028e-06-0j -0.000289548-0j -0.00878458-0j 2.78189e-05-0j 3.11025e-05-0j -2.3624e-06-0j 0.000576591-0j 9.5161e-08-0j -0.00231214-0j -0.0534602-0j 0.000254498-0j -2.16121e-05-0j 0.000468739-0j -3.56033e-05-0j 0.0122891-0j 2.8683e-06-0j -5.86724e-05-0j 7.04632e-06-0j -0.00132582-0j -5.35983e-07-0j -4.89709e-07-0j 3.86776e-08-0j -1.28308e-09-0j -0.000234396-0j -0.0071113-0j 2.252e-05-0j 2.51781e-05-0j -1.91242e-06-0j 0.000466763-0j 7.70349e-08-0j -0.00187173-0j -0.0432772-0j 0.000206021-0j -1.74955e-05-0j 0.000379454-0j -2.88216e-05-0j 0.00994825-0j 2.32195e-06-0j -4.74965e-05-0j 5.70415e-06-0j -0.00107328-0j -4.3389e-07-0j -3.96429e-07-0j 3.13104e-08-0j -1.03868e-09-0j 
-4.7364e-05-0j -0.00130893-0j -0.00039555-0j 0.965721-0j 8.57261e-05-0j 0.00276063-0j 8.33769e-07-0j -4.36098e-05-0j 3.3124e-06-0j -0.00114333-0j -0.0211954-0j -0.000356839-0j -0.00986141-0j 7.48807e-05-0j -0.182819-0j -9.87987e-06-0j -0.000244564-0j -5.42311e-08-0j -2.87953e-05-0j 2.89334e-06-0j -0.000729336-0j -0.00706399-0j -0.000232323-0j 1.76462e-05-0j -0.00609089-0j -0.112915-0j 4.77668e-05-0j 0.00132006-0j -6.10229e-06-0j 0.0148985-0j 6.189e-07-0j 1.28388e-05-0j 2.24469e-09-0j -2.85493e-05-0j 2.86862e-06-0j -0.000723106-0j -0.00700364-0j -0.000230339-0j 1.74955e-05-0j -0.00603886-0j -0.11195-0j 4.73587e-05-0j 0.00130878-0j -6.05016e-06-0j 0.0147713-0j 6.13612e-07-0j 1.27291e-05-0j 2.22551e-09-0j -3.17836e-06-0j -8.78355e-05-0j 3.12116e-07-0j -0.000762021-0j -2.65282e-08-0j -4.82134e-07-0j -6.95062e-11-0j -1.56852e-05-0j 1.03177e-06-0j 1.50699e-06-0j -0.000387706-0j 2.94484e-05-0j -0.00356243-0j 0.000821263-0j -0.000125252-0j 1.25853e-05-0j -0.00317242-0j -0.0307265-0j 2.53922e-05-0j -1.92868e-06-0j 0.000665716-0j 0.0123412-0j -2.69355e-05-0j 1.7718e-06-0j 2.58788e-06-0j -0.00066579-0j 5.05704e-05-0j -0.00611759-0j 0.00141032-0j -0.00021509-0j 2.16121e-05-0j -0.00544786-0j -0.0527652-0j 4.36049e-05-0j -3.31203e-06-0j 0.0011432-0j 0.021193-0j -5.45806e-06-0j -0.000150836-0j 5.35983e-07-0j -0.00130858-0j -4.55556e-08-0j -8.27946e-07-0j -1.1936e-10-0j -2.18049e-05-0j 1.43431e-06-0j 2.09495e-06-0j -0.000538971-0j 4.09378e-05-0j -0.00495232-0j 0.00114168-0j -0.00017412-0j 1.74955e-05-0j -0.00441016-0j -0.0427146-0j 3.52991e-05-0j -2.68116e-06-0j 0.000925447-0j 0.0171562-0j -4.41841e-06-0j -0.000122105-0j 4.3389e-07-0j -0.00105933-0j -3.68783e-08-0j -6.7024e-07-0j -9.66242e-11-0j 
-5.46912e-05-0j -0.00113192-0j -0.000921528-0j 8.57261e-05-0j 0.959964-0j 0.00158228-0j -0.000221347-0j -5.03562e-05-0j -0.00132212-0j 5.73725e-06-0j -3.0814e-07-0j -0.000831342-0j -0.0172059-0j -0.00486567-0j 0.000452634-0j -0.22456-0j -0.000211184-0j 1.80173e-05-0j -3.325e-05-0j -0.000575756-0j 3.65982e-06-0j 5.35603e-05-0j -0.000541253-0j -0.0142107-0j 6.16667e-05-0j -3.31203e-06-0j -0.00310383-0j -0.0642387-0j 0.000804833-0j -7.48704e-05-0j 0.0211931-0j 1.48121e-05-0j -8.95578e-07-0j -3.29659e-05-0j -0.000570837-0j 3.62855e-06-0j 5.31027e-05-0j -0.000536629-0j -0.0140893-0j 6.11398e-05-0j -3.28374e-06-0j -0.00307732-0j -0.0636899-0j 0.000797957-0j -7.42308e-05-0j 0.0210121-0j 1.46855e-05-0j -8.87927e-07-0j 0.000419195-0j 0.0086759-0j -6.20186e-05-0j 5.76935e-06-0j -0.00121368-0j -6.96101e-07-0j 3.23699e-08-0j -1.81118e-05-0j 1.19138e-06-0j -0.000299881-0j 1.94551e-06-0j 5.108e-05-0j -1.56736e-07-0j 5.95249e-09-0j -0.000291805-0j -0.00505289-0j 3.21189e-05-0j 0.00047005-0j -0.00164996-0j -0.0433202-0j 0.000187985-0j -1.00964e-05-0j -3.11025e-05-0j 2.0459e-06-0j -0.000514972-0j 3.34094e-06-0j 8.77173e-05-0j -2.69156e-07-0j 1.02219e-08-0j -0.000501103-0j -0.00867709-0j 5.51563e-05-0j 0.000807195-0j -0.0028334-0j -0.0743917-0j 0.000322818-0j -1.73381e-05-0j 0.000719864-0j 0.0148987-0j -0.000106502-0j 9.90743e-06-0j -0.0020842-0j -1.19538e-06-0j 5.55873e-08-0j -2.51781e-05-0j 1.6562e-06-0j -0.00041688-0j 2.70456e-06-0j 7.1009e-05-0j -2.17888e-07-0j 8.27487e-09-0j -0.000405653-0j -0.00702429-0j 4.46502e-05-0j 0.000653442-0j -0.0022937-0j -0.0602217-0j 0.000261328-0j -1.40356e-05-0j 0.000582745-0j 0.0120608-0j -8.62154e-05-0j 8.02027e-06-0j -0.0016872-0j -9.67686e-07-0j 4.49991e-08-0j 
-5.08771e-06-0j -6.99951e-05-0j -0.000128963-0j -0.00276063-0j -0.00158228-0j 0.940317-0j 0.00353818-0j -4.68444e-06-0j 3.55809e-07-0j -6.11398e-05-0j 9.90854e-06-0j -0.000116342-0j -0.0016006-0j -0.0013821-0j -0.0295857-0j -0.00675988-0j -0.256297-0j -0.000385012-0j -3.09311e-06-0j 3.10795e-07-0j -3.90014e-05-0j 6.65297e-06-0j -7.57457e-05-0j 5.7533e-06-0j -0.000988608-0j 0.000160217-0j -0.00088165-0j -0.0121295-0j -0.00417523-0j -0.0893764-0j 0.00130285-0j 0.027123-0j 2.39568e-05-0j -3.06669e-06-0j 3.0814e-07-0j -3.86682e-05-0j 6.59614e-06-0j -7.50986e-05-0j 5.70415e-06-0j -0.000980162-0j 0.000158849-0j -0.000874118-0j -0.0120258-0j -0.00413956-0j -0.0886128-0j 0.00129172-0j 0.0268913-0j 2.37521e-05-0j -0.00217466-0j -0.0299182-0j 0.000657036-0j 0.0140647-0j -0.000112575-0j -0.00170401-0j -1.04002e-06-0j -1.68487e-06-0j 1.10829e-07-0j 1.61877e-07-0j -2.07327e-05-0j 1.57476e-06-0j 3.35515e-06-0j -2.55396e-07-0j -4.08366e-05-0j 4.10325e-06-0j -0.000514914-0j 8.78355e-05-0j -0.000468674-0j 3.55984e-05-0j -0.00611699-0j 0.000991341-0j -2.89334e-06-0j 1.90322e-07-0j 2.77983e-07-0j -3.56033e-05-0j 2.70426e-06-0j 5.76164e-06-0j -4.38579e-07-0j -7.01269e-05-0j 7.04632e-06-0j -0.000884238-0j 0.000150836-0j -0.000804833-0j 6.11314e-05-0j -0.0105044-0j 0.00170238-0j -0.00373444-0j -0.0513772-0j 0.0011283-0j 0.0241527-0j -0.000193319-0j -0.00292621-0j -1.78599e-06-0j -2.34222e-06-0j 1.5407e-07-0j 2.25033e-07-0j -2.88216e-05-0j 2.18916e-06-0j 4.66417e-06-0j -3.55039e-07-0j -5.67692e-05-0j 5.70415e-06-0j -0.000715809-0j 0.000122105-0j -0.000651529-0j 4.94872e-05-0j -0.00850355-0j 0.00137812-0j -0.00302311-0j -0.0415909-0j 0.000913381-0j 0.0195521-0j -0.000156496-0j -0.00236883-0j -1.44579e-06-0j 
-2.11662e-07-0j 2.54197e-08-0j -8.96275e-06-0j 8.33769e-07-0j -0.000221347-0j -0.00353818-0j 0.914951-0j -1.94885e-07-0j 1.48025e-08-0j 2.22038e-08-0j -1.19254e-09-0j -8.08561e-06-0j 9.7105e-07-0j -0.000193344-0j 1.7986e-05-0j -0.0029138-0j -0.0266545-0j -0.311126-0j -1.28681e-07-0j 1.29298e-08-0j 1.41639e-08-0j -1.20281e-09-0j -5.26421e-06-0j 3.99845e-07-0j 5.99768e-07-0j -3.22127e-08-0j -0.000123335-0j 1.48121e-05-0j -0.00179971-0j 0.00016742-0j -0.0155216-0j -0.0612265-0j 0.0391896-0j -1.27582e-07-0j 1.28194e-08-0j 1.40429e-08-0j -1.19254e-09-0j -5.21924e-06-0j 3.96429e-07-0j 5.94644e-07-0j -3.19375e-08-0j -0.000122282-0j 1.46855e-05-0j -0.00178433-0j 0.000165989-0j -0.015389-0j -0.0607035-0j 0.0388548-0j -0.000937373-0j 0.000112575-0j -0.00782766-0j 0.000728176-0j -0.0291112-0j 0.0120204-0j -0.00285133-0j -7.00946e-08-0j 4.61078e-09-0j 6.73447e-09-0j 7.52937e-09-0j -5.71897e-10-0j -6.06588e-10-0j 2.30368e-11-0j -2.83808e-06-0j 2.8517e-07-0j 3.12388e-07-0j -2.65282e-08-0j -6.55635e-05-0j 4.9799e-06-0j 7.46985e-06-0j -4.01195e-07-0j -1.2037e-07-0j 7.91788e-09-0j 1.15648e-08-0j 1.29298e-08-0j -9.82092e-10-0j -1.04167e-09-0j 3.95601e-11-0j -4.87371e-06-0j 4.89709e-07-0j 5.36449e-07-0j -4.55556e-08-0j -0.000112589-0j 8.55176e-06-0j 1.28276e-05-0j -6.88954e-07-0j -0.00160971-0j 0.000193319-0j -0.0134421-0j 0.00125046-0j -0.0499912-0j 0.020642-0j -0.00489646-0j -9.74423e-08-0j 6.40969e-09-0j 9.36195e-09-0j 1.0467e-08-0j -7.95024e-10-0j -8.4325e-10-0j 3.20247e-11-0j -3.94537e-06-0j 3.96429e-07-0j 4.34267e-07-0j -3.68783e-08-0j -9.11432e-05-0j 6.92283e-06-0j 1.03842e-05-0j -5.57723e-07-0j -0.00130309-0j 0.000156496-0j -0.0108816-0j 0.00101228-0j -0.040469-0j 0.0167102-0j -0.00396378-0j 
0.00318717-0j -0.000382766-0j -0.000468791-0j 4.36098e-05-0j 5.03562e-05-0j -4.68444e-06-0j 1.94885e-07-0j -0.0172578-0j -3.79215e-06-0j -5.68823e-06-0j 3.05507e-07-0j -7.19511e-06-0j 8.64104e-07-0j 7.48336e-07-0j -6.96148e-08-0j -6.56334e-08-0j 5.28762e-09-0j -1.79612e-10-0j -0.00187173-0j 0.000188071-0j 0.000206021-0j -1.74955e-05-0j -0.0919377-0j -2.0202e-05-0j -3.03031e-05-0j 1.62754e-06-0j -2.71039e-05-0j 3.25507e-06-0j 2.30168e-06-0j -2.14116e-07-0j -1.74825e-07-0j 1.25975e-08-0j -3.61655e-10-0j 0.00192111-0j -0.000193032-0j -0.000211456-0j 1.7957e-05-0j 0.0943631-0j 2.0735e-05-0j 3.11025e-05-0j -1.67047e-06-0j 2.78189e-05-0j -3.34094e-06-0j -2.3624e-06-0j 2.19765e-07-0j 1.79437e-07-0j -1.29298e-08-0j 3.71196e-10-0j 2.41877e-06-0j -2.90484e-07-0j -1.77885e-07-0j 1.65479e-08-0j 1.20849e-08-0j -7.94935e-10-0j 1.97639e-11-0j -0.00205708-0j 0.000135313-0j 0.000197638-0j -0.0763804-0j -1.67835e-05-0j -1.78016e-05-0j 6.76065e-07-0j 0.000289312-0j -2.90699e-05-0j -3.18445e-05-0j 2.70426e-06-0j 0.0100485-0j 2.20802e-06-0j 3.31203e-06-0j -1.77885e-07-0j 3.08368e-05-0j -2.02842e-06-0j -2.9627e-06-0j 0.00114499-0j 2.51595e-07-0j 2.66857e-07-0j -1.01346e-08-0j -4.33695e-06-0j 4.35775e-07-0j 4.77368e-07-0j -4.05384e-08-0j -0.000150633-0j -3.30995e-08-0j -4.96492e-08-0j 2.66659e-09-0j -3.62587e-08-0j 4.35453e-09-0j 2.66659e-09-0j -2.48063e-10-0j -1.81159e-10-0j 1.19165e-11-0j -2.96272e-13-0j 0.00146727-0j -9.65161e-05-0j -0.000140971-0j 0.0544806-0j 1.19714e-05-0j 1.26975e-05-0j -4.82224e-07-0j -0.00020636-0j 2.0735e-05-0j 2.2714e-05-0j -1.92889e-06-0j -0.00716739-0j -1.57494e-06-0j -2.3624e-06-0j 1.26881e-07-0j -1.72526e-06-0j 2.07196e-07-0j 1.26881e-07-0j -1.18033e-08-0j -8.61989e-09-0j 5.67011e-10-0j -1.40972e-11-0j 
0.000242083-0j 0.0100496-0j -3.56072e-05-0j 3.3124e-06-0j -0.00132212-0j -3.55809e-07-0j 1.48025e-08-0j 3.79215e-06-0j -0.0171083-0j -4.32052e-07-0j 2.32049e-08-0j -5.46508e-07-0j -2.26873e-05-0j 5.68402e-08-0j -5.28762e-09-0j 1.72322e-06-0j 4.01624e-10-0j -1.36425e-11-0j -0.000142168-0j -0.00493785-0j 1.56484e-05-0j 0.000459348-0j 2.0202e-05-0j -0.0911413-0j -2.30168e-06-0j 1.2362e-07-0j -2.05869e-06-0j -8.54627e-05-0j 1.74825e-07-0j -1.62633e-08-0j 4.59009e-06-0j 9.56849e-10-0j -2.74697e-11-0j 0.000145919-0j 0.00506811-0j -1.60613e-05-0j -0.000471467-0j -2.0735e-05-0j 0.0935457-0j 2.3624e-06-0j -1.26881e-07-0j 2.113e-06-0j 8.77173e-05-0j -1.79437e-07-0j 1.66924e-08-0j -4.71118e-06-0j -9.82092e-10-0j 2.81943e-11-0j 1.83718e-07-0j 7.62674e-06-0j -1.35113e-08-0j 1.2569e-09-0j -3.17292e-07-0j -6.03797e-11-0j 1.50118e-12-0j -0.000156246-0j 1.02778e-05-0j -0.00518903-0j 1.67835e-05-0j -0.0757188-0j -1.35213e-06-0j 5.13509e-08-0j 2.19748e-05-0j 0.000763239-0j -2.41877e-06-0j -7.10011e-05-0j -2.20802e-06-0j 0.00996147-0j 2.51567e-07-0j -1.35113e-08-0j 2.34222e-06-0j -1.5407e-07-0j 7.77865e-05-0j -2.51595e-07-0j 0.00113507-0j 2.02692e-08-0j -7.69779e-10-0j -3.29415e-07-0j -1.14414e-05-0j 3.62587e-08-0j 1.06435e-06-0j 3.30995e-08-0j -0.000149328-0j -3.77113e-09-0j 2.02542e-10-0j -2.75404e-09-0j -1.14329e-07-0j 2.02542e-10-0j -1.88417e-11-0j 4.75638e-09-0j 9.05126e-13-0j -2.25035e-14-0j 0.000111447-0j -7.33093e-06-0j 0.00370123-0j -1.19714e-05-0j 0.0540087-0j 9.64447e-07-0j -3.66275e-08-0j -1.56742e-05-0j -0.000544403-0j 1.72526e-06-0j 5.06436e-05-0j 1.57494e-06-0j -0.00710531-0j -1.79437e-07-0j 9.63733e-09-0j -1.31043e-07-0j -5.44e-06-0j 9.63733e-09-0j -8.96523e-10-0j 2.26318e-07-0j 4.30676e-11-0j -1.07076e-12-0j 
0.000363124-0j 0.00499574-0j 0.0122904-0j -0.00114333-0j 5.73725e-06-0j 6.11398e-05-0j 2.22038e-08-0j 5.68823e-06-0j -4.32052e-07-0j -0.0170837-0j -1.20318e-05-0j -8.19761e-07-0j -1.1278e-05-0j -1.96194e-05-0j 1.82511e-06-0j -7.47783e-09-0j -6.90123e-08-0j -2.04637e-11-0j -0.000213252-0j -0.00493071-0j -0.00268892-0j 0.000458684-0j 3.03031e-05-0j -2.30168e-06-0j -0.0910103-0j -6.40971e-05-0j -3.08803e-06-0j -4.24841e-05-0j -6.03439e-05-0j 5.61355e-06-0j -1.99184e-08-0j -1.64419e-07-0j -4.12045e-11-0j 0.000218878-0j 0.00506078-0j 0.00275986-0j -0.000470785-0j -3.11025e-05-0j 2.3624e-06-0j 0.0934112-0j 6.5788e-05-0j 3.1695e-06-0j 4.36049e-05-0j 6.19358e-05-0j -5.76164e-06-0j 2.04439e-08-0j 1.68756e-07-0j 4.22915e-11-0j 2.75578e-07-0j 3.79131e-06-0j 4.66365e-06-0j -4.33841e-07-0j 1.37687e-09-0j 1.03752e-08-0j 2.25176e-12-0j -0.000234369-0j -0.00711051-0j 2.25175e-05-0j -0.00288397-0j 0.000219053-0j -0.107395-0j -3.55262e-05-0j 3.29622e-05-0j 0.000762135-0j 0.000415624-0j -7.08984e-05-0j -3.31203e-06-0j 2.51567e-07-0j 0.00994714-0j 7.00561e-06-0j 3.51333e-06-0j 0.000106591-0j -3.3755e-07-0j 4.32324e-05-0j -3.28374e-06-0j 0.00160992-0j 5.32559e-07-0j -4.94123e-07-0j -1.14248e-05-0j -6.23045e-06-0j 1.06281e-06-0j 4.96492e-08-0j -3.77113e-09-0j -0.000149113-0j -1.05018e-07-0j -4.13107e-09-0j -5.68339e-08-0j -6.99108e-08-0j 6.50353e-09-0j -2.06401e-11-0j -1.55531e-10-0j -3.37552e-14-0j 0.000167171-0j 0.00507178-0j -1.60613e-05-0j 0.00205708-0j -0.000156246-0j 0.0766028-0j 2.53401e-05-0j -2.35113e-05-0j -0.000543615-0j -0.000296456-0j 5.05704e-05-0j 2.3624e-06-0j -1.79437e-07-0j -0.00709509-0j -4.99696e-06-0j -1.96564e-07-0j -2.70426e-06-0j -3.32649e-06-0j 3.0945e-07-0j -9.82092e-10-0j -7.40045e-09-0j -1.60614e-12-0j 
1.95029e-05-0j 0.000809628-0j -2.86862e-06-0j 0.0211954-0j 3.0814e-07-0j 9.90854e-06-0j 1.19254e-09-0j 3.05507e-07-0j -2.32049e-08-0j 1.20318e-05-0j -0.0168603-0j -4.40283e-08-0j -1.82775e-06-0j 4.57922e-09-0j -3.38345e-05-0j -4.01624e-10-0j -1.11844e-08-0j -1.09908e-12-0j -1.14535e-05-0j 1.15084e-06-0j -0.000435776-0j -0.00850323-0j 1.62754e-06-0j -1.2362e-07-0j 6.40971e-05-0j -0.0898203-0j -1.65854e-07-0j -6.88513e-06-0j 1.40844e-08-0j -0.000104066-0j -1.06979e-09-0j -2.66463e-08-0j -2.21304e-12-0j 1.17556e-05-0j -1.1812e-06-0j 0.000447272-0j 0.00872755-0j -1.67047e-06-0j 1.26881e-07-0j -6.5788e-05-0j 0.0921898-0j 1.70229e-07-0j 7.06677e-06-0j -1.4456e-08-0j 0.000106811-0j 1.09801e-09-0j 2.73492e-08-0j 2.27142e-12-0j 1.48009e-08-0j 6.14433e-07-0j -1.08851e-09-0j 8.04268e-06-0j 7.39497e-11-0j 1.68145e-09-0j 1.20939e-13-0j -1.25877e-05-0j 8.28008e-07-0j 1.20938e-06-0j -0.000467387-0j 3.55006e-05-0j -0.00865202-0j -0.15122-0j 1.77035e-06-0j -1.77885e-07-0j 6.73576e-05-0j 0.00131434-0j -1.77885e-07-0j 1.35113e-08-0j -7.00561e-06-0j 0.00981708-0j 1.88696e-07-0j -1.24123e-08-0j -1.81293e-08-0j 7.00639e-06-0j -5.32174e-07-0j 0.000129699-0j 0.00226687-0j -2.65386e-08-0j 2.66659e-09-0j -1.00973e-06-0j -1.97027e-05-0j 2.66659e-09-0j -2.02542e-10-0j 1.05018e-07-0j -0.000147164-0j -2.21874e-10-0j -9.2107e-09-0j 1.63174e-11-0j -1.20564e-07-0j -1.10855e-12-0j -2.52059e-11-0j -1.81295e-15-0j 8.97851e-06-0j -5.90601e-07-0j -8.62628e-07-0j 0.000333377-0j -2.53218e-05-0j 0.00617131-0j 0.107862-0j -1.26276e-06-0j 1.26881e-07-0j -4.80448e-05-0j -0.000937489-0j 1.26881e-07-0j -9.63733e-09-0j 4.99696e-06-0j -0.00700232-0j -1.05572e-08-0j -4.38262e-07-0j 7.76412e-10-0j -5.73668e-06-0j -5.27468e-11-0j -1.19934e-09-0j -8.62633e-14-0j 
-0.132233-0j -5.51625e-05-0j 0.00383591-0j -0.000356839-0j -0.000831342-0j 0.000116342-0j -8.08561e-06-0j 7.19511e-06-0j -5.46508e-07-0j -8.19761e-07-0j 4.40283e-08-0j -0.0169493-0j -7.07058e-06-0j -1.23544e-05-0j 1.14929e-06-0j 1.63006e-06-0j -1.75351e-07-0j 8.94751e-09-0j -0.000269745-0j 2.71039e-05-0j -0.00854765-0j -2.52137e-06-0j -0.00217633-0j 0.000165304-0j 0.000247956-0j -1.33174e-05-0j -0.12882-0j -5.37386e-05-0j -5.71643e-05-0j 5.31777e-06-0j 5.79765e-06-0j -5.2266e-07-0j 2.10275e-08-0j 0.000276861-0j -2.78189e-05-0j 0.00877315-0j 2.58788e-06-0j 0.00223374-0j -0.000169665-0j -0.000254498-0j 1.36687e-05-0j 0.132218-0j 5.51563e-05-0j 5.86724e-05-0j -5.45806e-06-0j -5.9506e-06-0j 5.36449e-07-0j -2.15823e-08-0j 0.0172941-0j 7.21443e-06-0j 5.8991e-06-0j -5.4877e-07-0j -5.01392e-07-0j 3.96004e-08-0j -1.31369e-09-0j -0.000296456-0j 1.95007e-05-0j -0.00819983-0j 3.18445e-05-0j -2.41877e-06-0j -2.56549e-06-0j 9.74314e-08-0j -0.00236731-0j 0.000237866-0j -0.075015-0j -2.21278e-05-0j 0.000479922-0j -3.64527e-05-0j -5.4679e-05-0j 2.93673e-06-0j 4.44405e-06-0j -2.92327e-07-0j 0.00012292-0j -4.77368e-07-0j 3.62587e-08-0j 3.84581e-08-0j -1.46055e-09-0j 3.54873e-05-0j -3.56575e-06-0j 0.00112452-0j 3.31708e-07-0j -7.1943e-06-0j 5.46447e-07-0j 8.1967e-07-0j -4.40233e-08-0j -0.000259249-0j -1.08148e-07-0j -8.8431e-08-0j 8.22638e-09-0j 7.51615e-09-0j -5.93633e-10-0j 1.9693e-11-0j 0.000211456-0j -1.39095e-05-0j 0.00584877-0j -2.2714e-05-0j 1.72526e-06-0j 1.82991e-06-0j -6.94958e-08-0j 0.00168855-0j -0.000169665-0j 0.0535067-0j 1.57833e-05-0j -0.000342318-0j 2.60009e-05-0j 3.90014e-05-0j -2.09471e-06-0j -0.0123355-0j -5.14591e-06-0j -4.20771e-06-0j 3.91427e-07-0j 3.57633e-07-0j -2.82461e-08-0j 9.37028e-10-0j 
5.51625e-05-0j -0.130785-0j 0.000460677-0j 0.00986141-0j 0.0172059-0j -0.0016006-0j -9.7105e-07-0j 8.64104e-07-0j 2.26873e-05-0j 1.1278e-05-0j -1.82775e-06-0j 7.07058e-06-0j -0.0167637-0j -1.48372e-06-0j -3.1761e-05-0j -3.37367e-05-0j 2.41242e-06-0j 1.07456e-09-0j -3.23953e-05-0j -0.000560957-0j -0.000408477-0j -0.012008-0j -0.000261369-0j -0.00686231-0j -0.0034113-0j 0.000552848-0j 5.37386e-05-0j -0.127409-0j -6.86521e-06-0j -0.000146959-0j -0.000119991-0j 7.19059e-06-0j 2.52533e-09-0j 3.325e-05-0j 0.000575756-0j 0.000419253-0j 0.0123248-0j 0.000268264-0j 0.00704334-0j 0.0035013-0j -0.000567432-0j -5.51563e-05-0j 0.13077-0j 7.04632e-06-0j 0.000150836-0j 0.000123157-0j -7.38029e-06-0j -2.59195e-09-0j -7.21443e-06-0j 0.0171047-0j 7.0846e-07-0j 1.51655e-05-0j 1.03771e-05-0j -5.44809e-07-0j -1.57769e-10-0j -3.56033e-05-0j 2.34196e-06-0j -0.000589492-0j -0.000438107-0j -0.0115026-0j 7.08984e-05-0j -5.39682e-06-0j -0.000284304-0j -0.00492301-0j -0.00358483-0j -0.105384-0j 5.76367e-05-0j 0.00151327-0j 0.000752256-0j -0.000121913-0j 5.33713e-07-0j -3.51073e-08-0j 8.83683e-06-0j 6.56747e-06-0j 0.000172431-0j -1.06281e-06-0j 8.09015e-08-0j 4.26189e-06-0j 7.37988e-05-0j 5.37386e-05-0j 0.00157976-0j -8.64008e-07-0j -2.26848e-05-0j -1.12768e-05-0j 1.82755e-06-0j 1.08148e-07-0j -0.00025641-0j -1.06202e-08-0j -2.2734e-07-0j -1.55559e-07-0j 8.16701e-09-0j 2.36505e-12-0j 2.53951e-05-0j -1.67047e-06-0j 0.000420473-0j 0.000312492-0j 0.00820457-0j -5.05704e-05-0j 3.84944e-06-0j 0.000202789-0j 0.00351148-0j 0.00255698-0j 0.075168-0j -4.11111e-05-0j -0.00107938-0j -0.000536569-0j 8.69582e-05-0j 5.14591e-06-0j -0.0122005-0j -5.0533e-07-0j -1.08173e-05-0j -7.40176e-06-0j 3.88601e-07-0j 1.12533e-10-0j 
4.77721e-05-0j -5.73725e-06-0j -0.185226-0j -7.48807e-05-0j 0.00486567-0j -0.0013821-0j 0.000193344-0j 7.48336e-07-0j -5.68402e-08-0j 1.96194e-05-0j 4.57922e-09-0j 1.23544e-05-0j -1.48372e-06-0j -0.0166389-0j -6.72652e-06-0j -1.93646e-05-0j 3.13837e-06-0j -2.67753e-07-0j -2.80552e-05-0j -0.000648677-0j 3.08803e-06-0j -2.62238e-07-0j -0.000456691-0j 3.46881e-05-0j -0.0119732-0j -2.79458e-06-0j -0.00261891-0j 0.000314521-0j -0.156266-0j -6.31731e-05-0j -0.000103764-0j 1.24979e-05-0j -7.55658e-07-0j 2.87953e-05-0j 0.00066579-0j -3.1695e-06-0j 2.69156e-07-0j 0.000468739-0j -3.56033e-05-0j 0.0122891-0j 2.8683e-06-0j 0.002688-0j -0.000322818-0j 0.160389-0j 6.48397e-05-0j 0.000106502-0j -1.28276e-05-0j 7.75594e-07-0j 0.000713635-0j -8.57048e-05-0j 0.0242951-0j 9.82169e-06-0j 1.19893e-05-0j -1.18504e-06-0j 5.51063e-08-0j -3.08333e-05-0j -0.000935449-0j 2.96237e-06-0j 3.31203e-06-0j -2.51567e-07-0j 6.13998e-05-0j 1.01335e-08-0j -0.000496766-0j -0.011486-0j 5.4679e-05-0j -4.64338e-06-0j -0.00280888-0j 0.00021335-0j -0.0736412-0j -1.71881e-05-0j 4.62209e-07-0j 1.40229e-05-0j -4.44076e-08-0j -4.96492e-08-0j 3.77113e-09-0j -9.20419e-07-0j -1.51907e-10-0j 7.44681e-06-0j 0.000172181-0j -8.1967e-07-0j 6.9607e-08-0j 4.21067e-05-0j -3.19824e-06-0j 0.00110392-0j 2.57659e-07-0j -1.06978e-05-0j 1.28476e-06-0j -0.000364198-0j -1.47233e-07-0j -1.79727e-07-0j 1.77644e-08-0j -8.26075e-10-0j 2.19928e-05-0j 0.000667237-0j -2.113e-06-0j -2.3624e-06-0j 1.79437e-07-0j -4.37952e-05-0j -7.228e-09-0j 0.000354333-0j 0.00819271-0j -3.90014e-05-0j 3.31203e-06-0j 0.00200352-0j -0.000152178-0j 0.0525268-0j 1.22599e-05-0j -0.000509021-0j 6.11314e-05-0j -0.0173292-0j -7.00561e-06-0j -8.55176e-06-0j 8.45262e-07-0j -3.93062e-08-0j 
4.44405e-06-0j 0.000122813-0j 7.48807e-05-0j -0.182819-0j 0.000452634-0j 0.0295857-0j 1.7986e-05-0j 6.96148e-08-0j -5.28762e-09-0j 1.82511e-06-0j 3.38345e-05-0j 1.14929e-06-0j 3.1761e-05-0j 6.72652e-06-0j -0.0164226-0j -1.80141e-06-0j -6.71809e-05-0j -2.4908e-08-0j -2.60986e-06-0j 2.62238e-07-0j -6.61034e-05-0j -0.000640245-0j -4.24841e-05-0j 3.2269e-06-0j -0.00111382-0j -0.0206483-0j -0.000243627-0j -0.00673274-0j 6.31731e-05-0j -0.154235-0j -9.65278e-06-0j -0.000267535-0j -7.02959e-08-0j 2.67871e-06-0j -2.69156e-07-0j 6.78473e-05-0j 0.000657135-0j 4.36049e-05-0j -3.31203e-06-0j 0.0011432-0j 0.021193-0j 0.000250054-0j 0.00691036-0j -6.48397e-05-0j 0.158304-0j 9.90743e-06-0j 0.000274593-0j 7.21504e-08-0j 6.63866e-05-0j 0.00183462-0j -9.82169e-06-0j 0.0239793-0j 1.11532e-06-0j 2.53673e-05-0j 5.12632e-09-0j -2.8683e-06-0j 1.88675e-07-0j 2.75578e-07-0j -7.08984e-05-0j 5.38512e-06-0j -0.000651448-0j 0.000150181-0j -4.62122e-05-0j 4.64338e-06-0j -0.00117048-0j -0.0113367-0j -0.000261299-0j 1.98471e-05-0j -0.00685055-0j -0.126998-0j 4.29975e-08-0j -2.82835e-09-0j -4.13107e-09-0j 1.06281e-06-0j -8.07261e-08-0j 9.76558e-06-0j -2.2513e-06-0j 6.92748e-07-0j -6.9607e-08-0j 1.75461e-05-0j 0.000169943-0j 3.91702e-06-0j -2.97519e-07-0j 0.000102694-0j 0.00190377-0j -9.95174e-07-0j -2.75021e-05-0j 1.47233e-07-0j -0.000359464-0j -1.67193e-08-0j -3.8027e-07-0j -7.68465e-11-0j 2.0459e-06-0j -1.34578e-07-0j -1.96564e-07-0j 5.05704e-05-0j -3.8411e-06-0j 0.000464665-0j -0.000107121-0j 3.29622e-05-0j -3.31203e-06-0j 0.000834877-0j 0.0080862-0j 0.000186379-0j -1.41565e-05-0j 0.00488636-0j 0.0905848-0j -4.73522e-05-0j -0.0013086-0j 7.00561e-06-0j -0.0171039-0j -7.95536e-07-0j -1.8094e-05-0j -3.6565e-09-0j 
4.18989e-06-0j 8.67164e-05-0j 0.000106205-0j -9.87987e-06-0j -0.22456-0j 0.00675988-0j -0.0029138-0j 6.56334e-08-0j 1.72322e-06-0j -7.47783e-09-0j 4.01624e-10-0j 1.63006e-06-0j 3.37367e-05-0j 1.93646e-05-0j -1.80141e-06-0j -0.0163221-0j -3.13469e-05-0j 5.39438e-06-0j -2.4606e-06-0j -4.26078e-05-0j 2.70838e-07-0j 3.96363e-06-0j -6.02565e-05-0j -0.00158205-0j 6.86521e-06-0j -3.68721e-07-0j -0.000701362-0j -0.0145158-0j -0.00332144-0j 0.00030898-0j -0.178611-0j -0.000188351-0j 1.90579e-05-0j 2.52552e-06-0j 4.37318e-05-0j -2.77983e-07-0j -4.0682e-06-0j 6.18461e-05-0j 0.00162379-0j -7.04632e-06-0j 3.78448e-07-0j 0.000719864-0j 0.0148987-0j 0.00340906-0j -0.000317132-0j 0.183323-0j 0.000193319-0j -1.95606e-05-0j -0.00349039-0j -0.0722392-0j 0.00105456-0j -9.81019e-05-0j 0.0311382-0j 2.38748e-05-0j -1.66927e-06-0j -2.70426e-06-0j 1.77885e-07-0j -4.47751e-05-0j 2.90484e-07-0j 7.62674e-06-0j -2.34023e-08-0j 8.88765e-10-0j -6.55441e-05-0j -0.00113496-0j 7.21443e-06-0j 0.000105581-0j -0.000752237-0j -0.0197502-0j 8.57048e-05-0j -4.60308e-06-0j 4.05384e-08-0j -2.66659e-09-0j 6.71205e-07-0j -4.35453e-09-0j -1.14329e-07-0j 3.50813e-10-0j -1.33231e-11-0j 9.82544e-07-0j 1.70137e-05-0j -1.08148e-07-0j -1.58272e-06-0j 1.12765e-05-0j 0.000296067-0j -1.28476e-06-0j 6.90029e-08-0j 5.2323e-05-0j 0.00108291-0j -1.58085e-05-0j 1.4706e-06-0j -0.00046678-0j -3.57896e-07-0j 2.50233e-08-0j 1.92889e-06-0j -1.26881e-07-0j 3.19372e-05-0j -2.07196e-07-0j -5.44e-06-0j 1.66924e-08-0j -6.33938e-10-0j 4.67512e-05-0j 0.000809544-0j -5.14591e-06-0j -7.53087e-05-0j 0.000536555-0j 0.0140874-0j -6.11314e-05-0j 3.28329e-06-0j 0.00248963-0j 0.0515267-0j -0.000752199-0j 6.99741e-05-0j -0.0222103-0j -1.70294e-05-0j 1.19066e-06-0j 
3.3755e-07-0j 4.6439e-06-0j 1.14248e-05-0j 0.000244564-0j 0.000211184-0j -0.256297-0j 0.0266545-0j 5.28762e-09-0j -4.01624e-10-0j 6.90123e-08-0j -1.11844e-08-0j 1.75351e-07-0j 2.41242e-06-0j 3.13837e-06-0j 6.71809e-05-0j 3.13469e-05-0j -0.0159854-0j -7.45659e-05-0j -1.98233e-07-0j 1.99184e-08-0j -2.49955e-06-0j 4.2638e-07-0j -6.48197e-06-0j 4.92341e-07-0j -8.46006e-05-0j 1.37107e-05-0j -0.000113668-0j -0.00156381-0j -0.0010993-0j -0.0235319-0j -0.00461373-0j -0.197376-0j -0.000352377-0j 2.03463e-07-0j -2.04439e-08-0j 2.56549e-06-0j -4.37628e-07-0j 6.65297e-06-0j -5.0533e-07-0j 8.68325e-05-0j -1.40724e-05-0j 0.000116667-0j 0.00160506-0j 0.0011283-0j 0.0241527-0j 0.00473544-0j 0.202583-0j 0.000361673-0j -0.00115522-0j -0.0158931-0j -0.00469446-0j -0.100491-0j 0.00165286-0j 0.0378054-0j 3.86482e-05-0j -2.17863e-07-0j 1.43309e-08-0j 2.09316e-08-0j -2.68086e-06-0j 2.03626e-07-0j 4.33841e-07-0j -3.30242e-08-0j -7.05078e-06-0j 7.0846e-07-0j -8.89041e-05-0j 1.51655e-05-0j -0.000121913-0j 9.25998e-06-0j -0.00159117-0j 0.000257871-0j 3.26589e-09-0j -2.14828e-10-0j -3.13777e-10-0j 4.01876e-08-0j -3.05247e-09-0j -6.50353e-09-0j 4.95052e-10-0j 1.05695e-07-0j -1.06202e-08-0j 1.33272e-06-0j -2.2734e-07-0j 1.82755e-06-0j -1.38812e-07-0j 2.38526e-05-0j -3.86564e-06-0j 1.73174e-05-0j 0.000238247-0j 7.03727e-05-0j 0.00150642-0j -2.47773e-05-0j -0.000566725-0j -5.79359e-07-0j 1.55397e-07-0j -1.02219e-08-0j -1.49301e-08-0j 1.9122e-06-0j -1.45242e-07-0j -3.0945e-07-0j 2.35555e-08-0j 5.02917e-06-0j -5.0533e-07-0j 6.34135e-05-0j -1.08173e-05-0j 8.69582e-05-0j -6.60495e-06-0j 0.00113495-0j -0.000183934-0j 0.000823992-0j 0.0113362-0j 0.00334846-0j 0.0716783-0j -0.00117895-0j -0.0269658-0j -2.7567e-05-0j 
1.1466e-08-0j -1.37702e-09-0j 5.82967e-07-0j -5.42311e-08-0j 1.80173e-05-0j 0.000385012-0j -0.311126-0j 1.79612e-10-0j -1.36425e-11-0j -2.04637e-11-0j 1.09908e-12-0j 8.94751e-09-0j -1.07456e-09-0j 2.67753e-07-0j -2.4908e-08-0j 5.39438e-06-0j 7.45659e-05-0j -0.0155489-0j -6.73365e-09-0j 6.76595e-10-0j 7.41172e-10-0j -6.29409e-11-0j -3.30751e-07-0j 2.51223e-08-0j 3.76835e-08-0j -2.02393e-09-0j -9.6977e-06-0j 1.16466e-06-0j -0.000189174-0j 1.75981e-05-0j -0.00246538-0j -0.0201115-0j -0.231463-0j 6.91129e-09-0j -6.94444e-10-0j -7.60725e-10-0j 6.46014e-11-0j 3.39476e-07-0j -2.57851e-08-0j -3.86776e-08-0j 2.07732e-09-0j 9.95354e-06-0j -1.19538e-06-0j 0.000194165-0j -1.80624e-05-0j 0.00253042-0j 0.020642-0j 0.237569-0j -0.000198797-0j 2.38748e-05-0j -0.00250852-0j 0.000233358-0j -0.0192931-0j -0.0688174-0j 0.0514995-0j -7.40045e-09-0j 4.86797e-10-0j 7.11012e-10-0j 7.94935e-10-0j -6.03797e-11-0j -6.40423e-11-0j 2.43218e-12-0j -3.59775e-07-0j 3.615e-08-0j 3.96004e-08-0j -3.3629e-09-0j -1.04012e-05-0j 7.90024e-07-0j 1.18504e-06-0j -6.36467e-08-0j 1.10937e-10-0j -7.29736e-12-0j -1.06585e-11-0j -1.19165e-11-0j 9.05126e-13-0j 9.60031e-13-0j -3.64598e-14-0j 5.39323e-09-0j -5.4191e-10-0j -5.93633e-10-0j 5.04118e-11-0j 1.55919e-07-0j -1.18429e-08-0j -1.77644e-08-0j 9.541e-10-0j 2.98008e-06-0j -3.57896e-07-0j 3.76042e-05-0j -3.49817e-06-0j 0.000289214-0j 0.00103161-0j -0.000772008-0j 5.27859e-09-0j -3.47222e-10-0j -5.0715e-10-0j -5.67011e-10-0j 4.30676e-11-0j 4.56801e-11-0j -1.73482e-12-0j 2.5662e-07-0j -2.57851e-08-0j -2.82461e-08-0j 2.39868e-09-0j 7.41893e-06-0j -5.63508e-07-0j -8.45262e-07-0j 4.53979e-08-0j 0.000141798-0j -1.70294e-05-0j 0.00178928-0j -0.000166449-0j 0.0137614-0j 0.049086-0j -0.0367335-0j 
-0.00210447-0j 0.000252739-0j 0.00030954-0j -2.87953e-05-0j -3.325e-05-0j 3.09311e-06-0j -1.28681e-07-0j 0.00187173-0j -0.000142168-0j -0.000213252-0j 1.14535e-05-0j -0.000269745-0j 3.23953e-05-0j 2.80552e-05-0j -2.60986e-06-0j -2.4606e-06-0j 1.98233e-07-0j -6.73365e-09-0j -0.515879-0j -0.000128482-0j -0.000140745-0j 1.19522e-05-0j -0.000181701-0j 1.38012e-05-0j 2.07018e-05-0j -1.11186e-06-0j 1.85162e-05-0j -2.22373e-06-0j -1.57241e-06-0j 1.46275e-07-0j 1.19433e-07-0j -8.60608e-09-0j 2.47067e-10-0j 0.511768-0j 0.000127458-0j 0.000139623-0j -1.18569e-05-0j 0.000180253-0j -1.36912e-05-0j -2.05368e-05-0j 1.103e-06-0j -1.83687e-05-0j 2.20601e-06-0j 1.55988e-06-0j -1.4511e-07-0j -1.18482e-07-0j 8.5375e-09-0j -2.45099e-10-0j 7.37234e-07-0j -8.8539e-08-0j -5.42188e-08-0j 5.04376e-09-0j 3.68344e-09-0j -2.42295e-10-0j 6.02399e-12-0j -0.000626993-0j 4.12432e-05-0j 6.02395e-05-0j 6.73498e-05-0j -5.11559e-06-0j -5.4259e-06-0j 2.06063e-07-0j -0.0355764-0j -8.86045e-06-0j -9.70614e-06-0j 8.24253e-07-0j -8.86045e-06-0j 6.73e-07-0j 1.0095e-06-0j -5.42188e-08-0j 0.00115607-0j -7.60457e-05-0j -0.000111072-0j -0.000124182-0j 9.43231e-06-0j 1.00045e-05-0j -3.79947e-07-0j 0.0655971-0j 1.63372e-05-0j 1.78965e-05-0j -1.51979e-06-0j 1.63372e-05-0j -1.2409e-06-0j -1.86135e-06-0j 9.99707e-08-0j -1.35934e-06-0j 1.63251e-07-0j 9.99707e-08-0j -9.29988e-09-0j -6.79167e-09-0j 4.46752e-10-0j -1.11073e-11-0j -0.000968831-0j 6.37291e-05-0j 9.30823e-05-0j 0.000104069-0j -7.90462e-06-0j -8.38411e-06-0j 3.1841e-07-0j -0.0549727-0j -1.36912e-05-0j -1.4998e-05-0j 1.27364e-06-0j -1.36912e-05-0j 1.03992e-06-0j 1.55988e-06-0j -8.37791e-08-0j 1.13918e-06-0j -1.36811e-07-0j -8.37791e-08-0j 7.79364e-09-0j 5.69167e-09-0j -3.74394e-10-0j 9.30829e-12-0j 
-0.000211456-0j -0.00437642-0j -0.00715703-0j -2.89334e-06-0j 0.000575756-0j 3.10795e-07-0j -1.29298e-08-0j 0.000188071-0j 0.00493785-0j 0.00493071-0j 1.15084e-06-0j -2.71039e-05-0j -0.000560957-0j -0.000648677-0j -2.62238e-07-0j 4.26078e-05-0j 1.99184e-08-0j -6.76595e-10-0j 0.000128482-0j -0.51195-0j -1.4142e-05-0j -0.000206964-0j -1.82572e-05-0j -0.000479349-0j -0.000478656-0j -1.1172e-07-0j 1.8605e-06-0j 3.8506e-05-0j 3.63565e-05-0j 1.46977e-08-0j -2.06811e-06-0j -8.64736e-10-0j 2.48252e-11-0j -0.000127458-0j 0.50787-0j 1.40293e-05-0j 0.000205314-0j 1.81118e-05-0j 0.000475529-0j 0.000474841-0j 1.10829e-07-0j -1.84568e-06-0j -3.81992e-05-0j -3.60668e-05-0j -1.45806e-08-0j 2.05163e-06-0j 8.57845e-10-0j -2.46274e-11-0j 7.4077e-08-0j 1.53314e-06-0j 1.25362e-06-0j 5.06795e-10-0j -6.37825e-08-0j -2.43457e-11-0j 6.05288e-13-0j -6.3e-05-0j -0.00191135-0j -0.00104311-0j 6.76728e-06-0j 0.000177677-0j 0.000125455-0j 2.07052e-08-0j 8.86045e-06-0j -0.0353054-0j -9.75269e-07-0j -1.42728e-05-0j -8.90295e-07-0j -2.33749e-05-0j -2.33411e-05-0j -5.44789e-09-0j 0.000116162-0j 0.00352422-0j 0.00192332-0j -1.24778e-05-0j -0.000327607-0j -0.000231318-0j -3.81769e-08-0j -1.63372e-05-0j 0.0650974-0j 1.79824e-06-0j 2.63166e-05-0j 1.64156e-06-0j 4.30996e-05-0j 4.30372e-05-0j 1.0045e-08-0j -1.36586e-07-0j -2.82686e-06-0j -2.31147e-06-0j -9.34448e-10-0j 1.17605e-07-0j 4.48894e-11-0j -1.11605e-12-0j -9.73478e-05-0j -0.00295342-0j -0.00161181-0j 1.04568e-05-0j 0.000274547-0j 0.000193853-0j 3.19937e-08-0j 1.36912e-05-0j -0.054554-0j -1.50699e-06-0j -2.20543e-05-0j -1.37569e-06-0j -3.6119e-05-0j -3.60668e-05-0j -8.41809e-09-0j 1.14464e-07-0j 2.36901e-06-0j 1.9371e-06-0j 7.83102e-10-0j -9.85569e-08-0j -3.7619e-11-0j 9.35293e-13-0j 
0.0666862-0j -0.00318681-0j 3.40711e-05-0j 0.000729336-0j -3.65982e-06-0j -3.90014e-05-0j -1.41639e-08-0j 0.000206021-0j -1.56484e-05-0j 0.00268892-0j -0.000435776-0j 0.00854765-0j -0.000408477-0j 3.08803e-06-0j 6.61034e-05-0j -2.70838e-07-0j -2.49955e-06-0j -7.41172e-10-0j 0.000140745-0j -1.4142e-05-0j -0.510908-0j -0.000302728-0j -1.99998e-05-0j 1.51909e-06-0j -0.000261031-0j 4.23036e-05-0j -0.00058674-0j 2.80392e-05-0j -1.73075e-07-0j -3.70491e-06-0j 1.3146e-08-0j 1.08515e-07-0j 2.71947e-11-0j -0.000139623-0j 1.40293e-05-0j 0.506837-0j 0.000300316-0j 1.98404e-05-0j -1.50699e-06-0j 0.000258951-0j -4.19665e-05-0j 0.000582065-0j -2.78158e-05-0j 1.71696e-07-0j 3.67538e-06-0j -1.30413e-08-0j -1.0765e-07-0j -2.6978e-11-0j -2.33614e-05-0j 1.1164e-06-0j -5.96786e-09-0j -1.2775e-07-0j 4.05436e-10-0j 3.05512e-09-0j 6.6306e-13-0j -6.9013e-05-0j 4.53963e-06-0j -0.00190886-0j -0.000849222-0j 6.4503e-05-0j 0.000137429-0j -1.04611e-05-0j 9.70614e-06-0j -9.75269e-07-0j -0.0352335-0j -2.08769e-05-0j -9.75269e-07-0j 7.4077e-08-0j -1.27289e-05-0j 2.06289e-06-0j 0.000127249-0j -8.37034e-06-0j 0.00351963-0j 0.00156583-0j -0.000118933-0j -0.000253396-0j 1.92887e-05-0j -1.78965e-05-0j 1.79824e-06-0j 0.0649649-0j 3.84937e-05-0j 1.79824e-06-0j -1.36586e-07-0j 2.347e-05-0j -3.80364e-06-0j 4.30746e-05-0j -2.05846e-06-0j 1.10038e-08-0j 2.3555e-07-0j -7.47559e-10-0j -5.63315e-09-0j -1.22257e-12-0j -0.000106639-0j 7.01465e-06-0j -0.00294958-0j -0.00131222-0j 9.96703e-05-0j 0.000212355-0j -1.61646e-05-0j 1.4998e-05-0j -1.50699e-06-0j -0.054443-0j -3.22591e-05-0j -1.50699e-06-0j 1.14464e-07-0j -1.96687e-05-0j 3.18759e-06-0j -3.60981e-05-0j 1.72506e-06-0j -9.22156e-09-0j -1.974e-07-0j 6.26482e-10-0j 4.72078e-09-0j 1.02456e-12-0j 
-1.96709e-05-0j 0.093683-0j 2.89334e-06-0j -0.00706399-0j 5.35603e-05-0j -6.65297e-06-0j -1.20281e-09-0j 1.74955e-05-0j 0.000459348-0j 0.000458684-0j 0.00850323-0j -2.52137e-06-0j 0.012008-0j 2.62238e-07-0j -0.000640245-0j 3.96363e-06-0j -4.2638e-07-0j -6.29409e-11-0j 1.19522e-05-0j 0.000206964-0j 0.000302728-0j -0.505294-0j -1.6984e-06-0j -4.45919e-05-0j -4.45274e-05-0j -0.000825463-0j 1.73075e-07-0j -0.000824273-0j -1.46977e-08-0j 3.58839e-05-0j -1.92388e-07-0j 1.85108e-08-0j 2.30939e-12-0j -1.18569e-05-0j -0.000205314-0j -0.000300316-0j 0.501268-0j 1.68487e-06-0j 4.42366e-05-0j 4.41726e-05-0j 0.000818885-0j -1.71696e-07-0j 0.000817704-0j 1.45806e-08-0j -3.55979e-05-0j 1.90855e-07-0j -1.83633e-08-0j -2.29099e-12-0j 6.89109e-09-0j -3.28189e-05-0j -5.06795e-10-0j 1.23732e-06-0j -5.93343e-09-0j 5.21151e-10-0j 5.63076e-14-0j -5.86064e-06-0j 3.85509e-07-0j -9.70361e-05-0j -0.000144863-0j -0.00380341-0j -0.00133107-0j 0.000306857-0j 8.24253e-07-0j 1.42728e-05-0j 2.08769e-05-0j -0.0348464-0j -8.28206e-08-0j -2.17448e-06-0j -2.17133e-06-0j -4.02528e-05-0j 1.08061e-05-0j -7.10816e-07-0j 0.000178919-0j 0.000267103-0j 0.00701287-0j 0.00245427-0j -0.000565794-0j -1.51979e-06-0j -2.63166e-05-0j -3.84937e-05-0j 0.0642511-0j 1.52708e-07-0j 4.00938e-06-0j 4.00358e-06-0j 7.42197e-05-0j -1.27061e-08-0j 6.05127e-05-0j 9.34448e-10-0j -2.28142e-06-0j 1.09403e-08-0j -9.60918e-10-0j -1.03822e-13-0j -9.05588e-06-0j 5.9569e-07-0j -0.00014994-0j -0.000223842-0j -0.00587704-0j -0.00205677-0j 0.000474156-0j 1.27364e-06-0j 2.20543e-05-0j 3.22591e-05-0j -0.0538448-0j -1.27975e-07-0j -3.36001e-06-0j -3.35515e-06-0j -6.21988e-05-0j 1.06481e-08-0j -5.07119e-05-0j -7.83102e-10-0j 1.91192e-06-0j -9.16836e-09-0j 8.05285e-10-0j 8.70066e-14-0j 
-0.000299044-0j 3.59141e-05-0j -0.0024974-0j 0.000232323-0j 0.000541253-0j -7.57457e-05-0j 5.26421e-06-0j -0.0919377-0j -2.0202e-05-0j -3.03031e-05-0j 1.62754e-06-0j 0.00217633-0j -0.000261369-0j -0.000456691-0j 4.24841e-05-0j 6.02565e-05-0j -6.48197e-06-0j 3.30751e-07-0j 0.000181701-0j -1.82572e-05-0j -1.99998e-05-0j 1.6984e-06-0j -0.506741-0j -0.000111349-0j -0.000167024-0j 8.97063e-06-0j -0.000301413-0j 3.61985e-05-0j 3.8506e-05-0j -3.58206e-06-0j -3.90531e-06-0j 3.52066e-07-0j -1.41642e-08-0j -0.000180253-0j 1.81118e-05-0j 1.98404e-05-0j -1.68487e-06-0j 0.502703-0j 0.000110462-0j 0.000165693-0j -8.89914e-06-0j 0.000299011-0j -3.591e-05-0j -3.81992e-05-0j 3.55352e-06-0j 3.87419e-06-0j -3.4926e-07-0j 1.40513e-08-0j -1.80538e-05-0j 2.16819e-06-0j 1.77289e-06-0j -1.64925e-07-0j -1.50686e-07-0j 1.19013e-08-0j -3.94809e-10-0j -8.90954e-05-0j 5.86064e-06-0j 8.56001e-06-0j -0.00330816-0j -7.26923e-07-0j -7.71018e-07-0j 2.92815e-08-0j -0.000711458-0j 7.1487e-05-0j 7.83101e-05-0j -6.65016e-06-0j -0.0498566-0j -1.09553e-05-0j -1.64329e-05-0j 8.82591e-07-0j 0.000164277-0j -1.08061e-05-0j -1.57833e-05-0j 0.00609971-0j 1.34033e-06-0j 1.42163e-06-0j -5.39904e-08-0j 0.00131181-0j -0.00013181-0j -0.000144391-0j 1.22618e-05-0j 0.0919274-0j 2.01998e-05-0j 3.02997e-05-0j -1.62735e-06-0j 3.32882e-05-0j -3.99778e-06-0j -3.26891e-06-0j 3.04094e-07-0j 2.7784e-07-0j -2.1944e-08-0j 7.27964e-10-0j -0.000137671-0j 9.05588e-06-0j 1.3227e-05-0j -0.00511178-0j -1.12324e-06-0j -1.19138e-06-0j 4.52459e-08-0j -0.00109935-0j 0.000110462-0j 0.000121005-0j -1.02758e-05-0j -0.0770386-0j -1.69282e-05-0j -2.53922e-05-0j 1.36378e-06-0j -2.78967e-05-0j 3.35029e-06-0j 2.73947e-06-0j -2.54842e-07-0j -2.3284e-07-0j 1.83899e-08-0j -6.10061e-10-0j 
