-0.00126994-0.00425694j 0.000294581+0.000983607j 0.00141613+0.00718684j -0.000483403-0.00331881j 0.00296701+0.0151317j -0.00267136-0.0043225j 0.000776982+0.00762588j -0.00717183+0.0907038j -0.0321501+0.180425j -0.0198326+0.0285921j 0.0156476-0.00607549j 0.00249929-0.0217285j 0.00774012+0.000470578j 0.00240931+0.00824073j -0.00290462-0.0433145j -0.00111889-0.00384988j -0.0140069-0.000346926j -0.00445863+0.0231202j -0.0153391+0.00580957j 0.000501318+0.00876508j 0.00271822+0.00413413j 0.00162984+0.0109176j -0.0141225-0.00416898j -0.00359122-0.0141122j 0.00680314-0.00601101j 0.0030904-0.00416815j -0.00492399-0.00789419j -0.00620797-0.00650727j -0.00834535+0.00444365j -0.0085947+0.00979698j -0.00405734-0.00476862j -0.00197143+0.00730323j -0.00791015+0.00571723j 0.00447229-3.12981e-05j 0.000706439-0.00539097j -0.00454608+0.00605319j -0.00825648-0.01277j 0.0060774+0.0036937j -0.00051617-0.00306691j -0.00109541+0.004221j 0.00334104+0.00300218j -0.000721806-0.00321623j -0.00306156+0.00107121j -0.00618292+0.00583577j -0.00296517+0.0135597j 0.00364991-0.00452235j -0.00101061+0.000647423j -0.00339711-0.00461937j 0.00388693-0.00438352j 0.00195322-0.00335789j -0.000267738+0.000422693j -0.00259562-0.00202133j -0.0053093-0.00233576j -0.00174257+0.000715205j 0.00151065+0.0085281j -0.000347137+0.00324229j 0.00254627-0.00633741j 0.00205361-0.0028354j -0.00683878-0.00269603j -0.000639206-0.00160734j 0.00450334+0.000871323j 0.0064771+0.00508457j -0.00522334-0.000655348j -0.00250576-0.0016063j 0.00314978+0.00227831j -0.000324882-0.0038813j 0.000144931-0.00585517j 0.000231971-0.00371812j 0.00221912+0.000594671j 0.00165286+0.00714932j 0.00342848+0.000492955j -0.00025255-0.00446954j -0.00181611-0.0021691j -0.000470393+0.000830955j -0.0017754-0.000649499j 0.000849297-0.000430408j -0.00129063+0.000195712j -0.00101905+0.000597821j -0.00309764+0.00338973j -0.0028188+0.00321145j 0.0039257+0.00117259j 0.00326977-0.00201689j -0.000364875+0.00194253j -0.000832863+0.00170507j 0.00251182-0.00087537j -0.00183758-0.000627089j 0.00286015+0.00144138j 0.00028287-0.00163578j 0.00192375+0.00255952j -0.00235205-0.00175082j -0.000267962+0.000559832j -0.00288082+0.000860429j 0.000263823-0.00124979j -0.00138631-0.00292555j -0.00158376-0.00120431j 0.0023722+0.00386884j -0.00173807-0.00318587j 0.00336546+0.00297914j -0.000999927+0.00134388j 0.000716548+0.000904013j 0.000512017-0.00268852j -0.00191664+0.00164331j 0.00159355-0.000205084j -0.00145436+0.00103157j 0.000483929-0.00277644j -0.0006575+0.000421957j -0.000792195-0.0021887j -0.000388823-0.00155678j 0.00198609+0.00223717j -0.000622912+0.00141285j -0.000914868-0.00338782j 0.00252482+0.00654716j -0.00170628-0.000515755j -0.00410141-0.00101783j -0.00178365+0.000200602j 0.00259143+0.000201863j 0.00107508-0.000448391j -0.000406762-0.00176568j -0.000493374+0.000206371j -0.00111531+0.000388606j 0.00264173-0.00213438j 0.00143823-0.00349849j -0.000940085+0.00380795j -7.32561e-05-0.00167974j 0.00383875-0.000435584j -0.000565578-0.00292183j -0.00175644+0.00162249j 0.00258271+0.00227091j 1.72365e-05-0.00683815j -0.00146672-0.000191388j -0.00477034-0.00357308j -0.00127855-0.000385973j 0.00124247+0.00215308j 0.00123136+0.00229587j 0.00141641+0.00358993j -0.00309768-0.00110631j 0.00057005+0.00142909j -0.00142434-0.000332434j -0.000283661+0.000420187j 0.000230115-6.47146e-05j 0.000840021-0.00133401j -0.000250359-0.000311168j 0.00101074-8.17437e-05j 0.000362564-0.000879054j -0.00203832+0.00315891j -5.05102e-06+0.00305999j -0.00257446-0.000424407j -0.000959109-0.000183192j 0.00297521+0.000294581j 0.00328385-0.0045849j -0.000369999+0.00231974j 0.0037393-0.000637105j 0.00151383+0.000831928j -0.00133025-0.00314499j -0.00101625+0.000763747j 0.00159306+0.00173128j -0.0010407-0.00223101j -0.00112655-0.00339127j -0.000452906+0.000985093j 0.000828705-0.00249319j 0.00228519-0.0011371j 0.000316661+0.00238226j 0.000661298+0.00298629j 0.000413144+0.000782567j -0.00332769-0.000947164j -0.000463514-5.80095e-05j 0.00221482-3.36022e-05j 0.00109253+0.00288464j -0.000605925-0.00104772j -0.00222917-0.00120566j -5.63188e-05-0.00139589j -0.000461055-0.000463174j -0.00157354-0.00352604j -0.000466836-0.00416604j 0.00010435-0.000961839j -0.000674139+0.00181178j -0.00225925+0.000734721j -0.000786042+0.000134769j -0.000481537-0.000270446j -0.000742351-0.00375513j -0.000204004+0.00115851j 0.00303508+0.00587594j 0.00219273-0.00312967j 0.00202741+0.00286818j -0.00195644-0.00442614j -0.00172715+0.00332609j 0.00134458+0.00117642j -0.00401233-0.00395932j -0.000947955+0.00386689j 6.29845e-05+0.001201j -0.00193662+0.00507987j -0.00253506-0.000622019j -0.00433798-0.000815004j -0.0025708-0.00645261j -0.00276918+0.00102282j 0.0019246+0.0050002j 0.00244522-0.00267847j -0.00522192-0.00547777j 0.000913109+0.00350257j -0.00313144-0.00346877j 0.00516873+0.0042678j -0.00214256-0.00513481j 0.00509583+0.00201889j 0.000470763-0.00567698j -0.00324335+0.0055177j -0.00442972-0.0061512j -0.00316142-0.00475147j -0.00532029+4.72828e-05j -0.00238761+0.00517283j 0.00498474+0.00427423j 
0.00438279-0.00133161j -0.000978253+0.000508369j -0.00737183+0.00175998j 0.00304929-0.000448703j -0.0152359+0.00290468j 0.00421135-0.0026179j -0.00769858+0.000584201j -0.0907284-0.00701171j -0.180622-0.0321234j -0.0286989-0.0199484j 0.00622108+0.0156163j 0.0216708+0.00263017j -0.00101794+0.00755561j -0.0081445+0.0026092j 0.0433787-0.00286332j 0.00394929-0.000864395j 0.000108759-0.0139512j -0.0229221-0.00454064j -0.00578683-0.015435j -0.00872692+0.000261979j -0.00444086+0.00261078j -0.0107567+0.00174147j 0.00439768-0.0142264j 0.0143099-0.00374004j 0.00610983+0.00675506j 0.00419931+0.00307747j 0.0078616-0.00473468j 0.00611203-0.00600023j -0.0044208-0.00855033j -0.0101423-0.0085372j 0.00459907-0.00394313j -0.00741349-0.00225733j -0.00593057-0.00808748j 0.000156271+0.00443268j 0.00523611+0.000676623j -0.0062695-0.0044037j 0.0126448-0.00832394j -0.0035924+0.0061045j 0.00320729-0.000411393j -0.00426766-0.00127873j -0.00277551+0.00323038j 0.00325878-0.000837272j -0.00100258-0.00314138j -0.00586947-0.0063411j -0.0136678-0.00312145j 0.00452127+0.00332891j -0.000671472-0.00102459j 0.00460066-0.00331702j 0.00449948+0.00401375j 0.00342258+0.00199343j -0.000444504-0.000291636j 0.00203057-0.00260465j 0.00214165-0.00503357j -0.000652036-0.00185175j -0.00849362+0.00140961j -0.00339305-0.000259725j 0.00656288+0.00235861j 0.00291478+0.00192968j 0.00275757-0.0066012j 0.00162943-0.000603368j -0.000721373+0.00452838j -0.00493902+0.00629474j 0.000912621-0.00531657j 0.00165015-0.00249061j -0.00234519+0.00310119j 0.00371716-0.000526132j 0.00605583+0.000222103j 0.00377624+0.00023887j -0.000534418+0.00196318j -0.00717451+0.00151553j -0.000189282+0.00344929j 0.00466933-0.000164037j 0.00226409-0.00149147j -0.00100277-0.000546253j 0.000640806-0.00177369j 0.000499473+0.000853576j -0.000249296-0.00111441j -0.000456374-0.000848296j -0.00328806-0.00292526j -0.00326566-0.00284533j -0.0013558+0.00390376j 0.00211764+0.00315876j -0.00182865-0.000279226j -0.00175325-0.000987733j 0.00112603+0.00236937j 0.00043415-0.00169793j -0.00127456+0.00282262j 0.00175145+0.000232234j -0.00277597+0.00181099j 0.00175423-0.00225693j -0.000552964-0.000392224j -0.000866229-0.00277249j 0.00136834+0.000404265j 0.00301392-0.00116321j 0.00113131-0.00160585j -0.00382795+0.00228938j 0.0033253-0.00161307j -0.00294608+0.00323597j -0.00130713-0.000887937j -0.000956957+0.00073532j 0.00273431+0.00059124j -0.00156057-0.0020389j 0.000214007+0.00150116j -0.00105982-0.00144336j 0.00290384+0.00040918j -0.000466789-0.000637727j 0.00214644-0.000920244j 0.00165796-0.000274977j -0.0020551+0.00199115j -0.00129712-0.000648368j 0.00346973-0.000953931j -0.00658373+0.00250867j 0.000372763-0.00175952j 0.000992353-0.0040191j -0.000202715-0.00188707j -0.000115133+0.00238008j 0.000623743+0.00110505j 0.00192526-0.000249103j -7.57632e-05-0.000368952j -0.000278469-0.000948393j 0.00222917+0.0025042j 0.00363691+0.00143815j -0.00380102-0.000978066j 0.00180533-0.000117438j 0.0002763+0.00385626j 0.00288916-0.00047255j -0.00171109-0.00172306j -0.00241939+0.00250507j 0.00692133+8.50038e-05j 0.000140004-0.00143328j 0.00372467-0.00464412j 0.000201484-0.00130303j -0.00198014+0.00113945j -0.00232671+0.00123967j -0.00338513+0.00120972j 0.00119511-0.00313584j -0.00147133+0.000508997j 0.00029615-0.00127772j -0.000481063-0.000168777j 0.00018284+0.000233961j 0.00135638+0.00077017j 0.000274111-0.000350141j 0.000164858+0.0010566j 0.000801413+0.000510809j -0.00322962-0.00202069j -0.00309779+7.50664e-06j 0.0004656-0.00243394j 0.000159985-0.000982958j -0.00020544+0.00284878j 0.00479273+0.00319169j -0.00236452-0.000291682j 0.000852289+0.00390343j -0.000928333+0.00149644j 0.00324728-0.00132734j -0.000699955-0.00103478j -0.00174086+0.00160229j 0.00230301-0.00108918j 0.00333623-0.00111493j -0.000937028-0.00041846j 0.00241799+0.00067971j 0.00122394+0.00237608j -0.0022673+0.000204801j -0.00307379+0.000693779j -0.000735387+0.000384857j 0.00115828-0.00352904j 6.20171e-05-0.000501424j -0.000104003+0.00211501j -0.00287244+0.00102674j 0.00113619-0.000567334j 0.00136146-0.00211691j 0.00144943+0.000102334j 0.000670864-0.000563524j 0.00346004-0.00153186j 0.00428729-0.000503133j 0.00081259+0.000150878j -0.00180279-0.00051912j -0.000702172-0.00215042j -0.000258282-0.000733595j 0.000475692-0.000385507j 0.00362797-0.000871122j -0.00124741-0.000170472j -0.00586445+0.00282543j 0.00303758+0.00204709j -0.00298359+0.00195798j 0.00432436-0.0019969j -0.00325797-0.00170131j -0.0011757+0.00143026j 0.00379481-0.00353233j -0.00419404-0.000838389j -0.00147945-0.000233782j -0.0051241-0.00199037j 0.000715512-0.00262529j 0.000824231-0.00408185j 0.0068929-0.00273996j -0.000692468-0.00264977j -0.00532897+0.00236328j 0.00267871+0.00242393j 0.00548418-0.00526503j -0.00337642+0.000893708j 0.00310486-0.00355937j -0.0041992+0.00462378j 0.00506104-0.00199119j -0.0020236+0.00503362j 0.00596513+0.000209829j -0.00553082-0.0033544j 0.00634664-0.00438088j 0.00491937-0.00308493j -0.000228935-0.0049422j -0.00538672-0.00222364j -0.00433225+0.00488919j 
-0.00157277-0.00201923j 0.00122784+0.000740991j 0.0023941+0.00556345j 0.000214685-0.00192461j 0.0019794+0.0149856j -0.00126363+0.000112789j -0.00046361+0.0114784j -0.00121062+0.102359j -0.0132934+0.221083j -0.00844366+0.0520901j 0.0146781-0.031073j 0.00109128-0.00826546j -0.00198533-0.00342963j 0.00141182+0.00311418j -0.00067488-0.0255649j 0.00176813+0.000696919j 0.00459239+0.00304483j 0.0130546+0.00100516j -0.014039-0.00592105j 0.0152627+0.00384627j 0.00312184+0.000178105j 0.00149998+0.0097946j 0.00880427-0.000567801j -0.00172803-0.00877479j -0.00437074-0.00551196j 0.00938107-0.00924415j -0.00246633-0.00799223j 0.00317186-0.00335044j -0.00538634+0.000298683j 0.0138292+0.000424567j 0.00645963-0.00363333j 0.00891295+0.0112618j 0.00910923-0.00316638j -0.000361487+0.00235199j 0.00548183-0.000748648j 0.0103576+0.00843233j 0.00260046-0.0126931j -0.00255239-0.000472286j -0.000597015+0.00354171j -0.00655309+0.00074066j -0.00565799+0.00449137j -0.00452629+0.00322096j 0.00166276-0.000349834j -0.000208551-0.00252054j -0.00226801+0.00945835j -0.000907207+0.00698822j 0.000646483+0.00231534j 0.00066527+0.00330728j -4.11864e-05-0.0067919j 0.00331926+0.00035616j 0.00314881-0.000793591j -0.00289984+0.000395156j 0.000681281-0.00327099j 0.000108893-0.000889475j 0.00567345+0.00831479j 0.00591552+0.00459418j -0.00315137-0.00468154j 0.00328537-0.000930848j 0.0067107-0.00197386j 0.000679005+0.00394369j -0.000184697+0.00114302j -0.00255883+0.00201265j 0.00187094-0.00366691j -0.00289014+0.00372652j 0.00244881+0.00550591j -0.00443112+0.00021733j 0.000949859+0.000830786j 0.000173198-0.00168094j -0.000987975-0.0077101j 0.00179837+0.00429916j -0.00316888+0.00186438j -0.00325441-0.000382484j 0.0038001+0.0081237j -0.00437077+0.00123263j -0.000878673-0.000779017j -0.00117799+0.000764575j 0.00403673+0.0042917j 0.00262579+0.00293272j -0.00230692+0.000224586j -0.00432529+0.00294492j 0.000480379-0.000179863j -0.00158247+0.00013181j -0.00352873-0.000411255j -0.00316315-0.00356693j -0.00084121+0.00365129j -0.0010751-0.00239498j -0.00241006+0.00178797j -0.00213241-0.000761142j -0.00243387-0.00434159j 0.00203765-0.000465167j -0.00157519-0.000179987j -0.000459156+0.00163303j 0.00326961+0.00388647j 0.00204644+0.00195975j 2.12018e-05+0.00291609j 0.00108548+0.0018242j -0.0035033+0.00262935j -0.000423246-4.49701e-05j 0.00183839-0.00105521j -0.00254545+0.00246799j 0.0011022+0.00166906j -3.37152e-06-0.000812224j -0.00103426+0.000878093j 0.00164025-0.0013465j -0.0014729+0.000179099j -0.00137486-0.00199519j 0.000165493+0.00157475j -0.00343651+0.00223767j 0.00238703+0.0053462j 0.00399444+0.000854908j 0.0040333+0.00132298j 0.00062009+0.00407747j -0.000179013-0.00184027j 0.000118155-0.00416069j 0.0010363+0.000107419j -0.0029296-0.000724862j 0.00120005+0.00414724j 0.000209581+0.00300157j 0.00236806+0.00714347j 0.000901619+0.00378163j -0.00157161+0.000366476j 0.000917907+0.00170495j 0.00131012+0.0028804j -0.00158186-0.00108801j 0.00099903+0.0016683j 0.00110322-0.000485046j 0.00161102+0.00250196j -0.00143402+0.000392515j -0.00149597+0.00135348j -0.00108994-0.00197632j -0.000228555-0.00223771j -0.00348692-0.00625731j 0.000719089-0.0032567j 0.000491585+0.00180364j 0.00120132-0.00531159j -0.0010422-0.00020655j 0.00219487+0.00136567j 0.00131405+0.00258212j 0.00106905-0.000612881j 0.00089934+0.000778949j -0.00216135+0.000304753j 0.00204952-3.04543e-05j 0.00121318+0.00299486j -0.00373685-0.000571281j 0.00026178-0.00233166j 0.00209866+0.000747362j 0.0012586+0.00155654j 0.00129993+0.000201684j -0.000842273+0.00346447j 0.000576415+0.00273091j -0.000600844-8.58199e-05j -0.00257239+0.00148069j -0.00319107-0.000356243j -0.000578102-0.00106947j 0.00290282+0.000968348j -0.000962581+0.00301115j -0.000177026-0.00224693j -0.0021236-0.00606707j -0.00168291+0.00147442j -0.0036305-0.0053485j -0.00207196-0.00226023j 7.05662e-06+0.00100359j -0.000227735-6.76541e-05j 0.000292559+0.000326945j 0.00478906-0.00135101j -0.000406549+0.00139961j -0.00204359-0.00232626j 0.00125209+0.00158944j 0.00100079+0.0015242j -0.000151436-0.00124354j -0.00157623+0.00269566j 0.00111427+0.00131942j 0.00210518-0.000297123j -0.00228676-0.00165747j 0.0016734+0.00025557j 0.00220348+0.00447743j -0.00537985-0.00251252j 0.000352778-3.39691e-05j -0.000310438+0.000713024j -0.000956781-0.00580896j -0.000356137+0.00130288j 0.00081512+0.004641j 0.000253441-0.000551448j -0.001026-0.00211005j -0.00149961-0.00397257j 0.000586893-0.000555451j 0.00179926-0.000596139j 0.00180348-0.00516687j 0.00451966-0.00375233j -0.0073294-0.00521291j 0.00374108+0.000601686j 0.00116704+0.00101695j -0.00122825-0.00477546j -0.00139483+9.83633e-05j -0.00105709+0.00623126j -0.000542654-0.00332362j -0.00160616-0.000107286j 0.00129038-0.00458014j 0.00442308+0.00610827j 0.00416161+0.00464417j -0.00530833+0.00198466j -0.00144101-0.00222988j 9.58661e-05+0.00245015j 0.000865683+0.00756269j 0.00241883+0.00305396j -0.00266698-0.00239802j 0.00448435+0.00262981j 0.00227509-0.00664744j 0.00162863-0.00344728j -0.00211904+0.00023153j 
-0.00243466+0.00152818j 0.000666081-0.00168086j 0.00598746-0.00281221j -0.00124122+0.00027815j 0.0156268-0.00203783j 0.000367173+0.00161136j 0.0121735+0.000778067j 0.105036+0.000218123j 0.226991+0.0129602j 0.0537932+0.00886032j -0.03231-0.0149651j -0.00822453-0.00113113j -0.00318354+0.00262867j 0.00277244-0.00163384j -0.0255861+0.000366963j 0.00067348-0.00217683j 0.00297121-0.00493285j 0.000427849-0.0134181j -0.00611018+0.0144514j 0.00378064-0.0153348j 0.000531203-0.00308113j 0.00968617-0.00194589j -0.000852266-0.00895139j -0.00898809+0.00144453j -0.00532316+0.00419776j -0.00953032-0.00970337j -0.00763059+0.00191254j -0.00275353-0.00287417j 0.000451292+0.00576802j 0.000925118-0.0134476j -0.00319101-0.00664337j 0.0110663-0.00832297j -0.00311873-0.00866389j 0.00206199+0.000260952j -0.000737983-0.00548019j 0.00923536-0.0105409j -0.0124443-0.0025349j -0.000597663+0.00227007j 0.00358004+0.000402321j 0.000553765+0.00704124j 0.00434927+0.00527228j 0.00326288+0.00462924j -0.000430442-0.00188811j -0.00268387+0.000516702j 0.00939924+0.00276025j 0.00693048+0.00128417j 0.00237296-0.000631851j 0.00369809-0.000713077j -0.00655932+3.17451e-05j 0.000425778-0.00372719j -0.00073793-0.00300077j 0.000368703+0.00291487j -0.00320422-0.000503912j -0.00111937+2.41353e-05j 0.00843195-0.00596237j 0.00447783-0.00596779j -0.00497346+0.00343595j -0.00128466-0.00358235j -0.00188026-0.00720909j 0.00399223-0.00044739j 0.000701407-0.000119579j 0.00142665+0.00324821j -0.00410016-0.00198914j 0.00369039+0.00286171j 0.00584264-0.00261261j 0.000388639+0.00416514j 0.000435615-0.0012218j -0.00173661-0.000233123j -0.00802668+0.00147227j 0.00416715-0.00147906j 0.00149843+0.00287667j -0.000850813+0.00325744j 0.00795821-0.00470639j 0.00152265+0.00396822j -0.00113079+0.000727707j 0.000479812+0.00108352j 0.00416042-0.00415799j 0.00262383-0.00276039j -0.000325808+0.00219873j 0.00327552+0.0042927j 0.000333123-0.000427005j -0.000228949+0.00127133j -0.000435655+0.00303442j -0.00310049+0.00331685j 0.00317055+0.00108677j -0.00207061+0.000890658j 0.00123113+0.00297284j -0.00121097+0.00278285j -0.00445254+0.00226904j -0.000394503-0.00285869j -0.000156027+0.00184739j 0.0018901-0.000585091j 0.00360333-0.00369387j 0.00184067-0.00282162j 0.00302884-0.000262586j 0.00239892-0.000550386j 0.00253936+0.00323157j -0.000231902+0.0011306j -0.00114593-0.00230857j 0.00193691+0.00270912j 0.00102138-0.00103433j -0.000921709+9.02946e-05j 0.00110806+0.00134773j -0.00072103-0.00196862j -0.000423699+0.00145638j -0.00176433+0.00116563j 0.00163054+0.000628973j 0.00221789+0.00319447j 0.00552825-0.00234404j 0.000213985-0.00434601j 0.00127857-0.00336462j 0.00455398-0.000940084j -0.00149051+0.000334085j -0.00370074-0.000954248j 0.000630588-0.0006838j -0.00092189+0.00317463j 0.00394977-0.000799696j 0.00340004-0.000278985j 0.00726369-0.00203486j 0.00395859-0.000896913j 0.000121994+0.00248275j 0.00086613-0.00120867j 0.00321375-0.00196261j -0.00149778+0.00155404j 0.00219407-0.0013138j -0.000607253-0.00215201j 0.00287779-0.00156085j 0.000523223+0.00162396j 0.000875227+0.00147923j -0.0018807+0.00121579j -0.00295223-0.000236525j -0.0058386+0.00329377j -0.00321052-6.18174e-05j 0.00181836-8.01109e-05j -0.00543134-0.000848429j -0.00106404+0.000535493j 0.00147044-0.00190152j 0.00247057-0.000698353j 0.000137993-0.000852802j 0.00104625-0.00135472j 0.000523177+0.0025909j 3.49566e-05-0.00200055j 0.00233592-0.00135976j -0.000482327+0.00357646j -0.00193062-0.00063777j 0.000305041-0.00232932j 0.00143458-0.00144843j 0.00051884-0.000959187j 0.0027217+0.00113394j 0.00147965+0.000133544j -0.000386539+0.000631802j 0.000831126+0.00209465j -0.000246288+0.00327441j -0.000787763+0.000659846j 0.000986319-0.00239709j 0.00281331+0.00129011j -0.00211086+0.000399517j -0.00620725+0.00193247j 0.00108877+0.000768643j -0.00556165+0.00326208j -0.00215084+0.00110072j 0.000809415+0.000389476j 0.000338493+0.000773474j 0.000668324+0.000236147j -0.00243578-0.00437799j 0.000816529+0.000340832j -0.0018418+0.00245366j 0.00159116-0.000784978j 0.00134813-0.00162092j -0.00117799+8.91867e-05j 0.00260818+0.000805145j 0.00110676-0.00116066j 0.000726186-0.00234698j -0.00160547+0.00160271j 0.00031189-0.00151326j 0.00464704-0.00222093j -0.00321272+0.00482371j 8.19661e-06-9.35425e-05j 0.00107958+0.00019595j -0.00630431+0.00121256j 0.00142584+0.000746378j 0.00542137-0.000396402j -0.00117186+0.000602585j -0.00255495+0.00188223j -0.00406962+0.00171947j -7.85886e-05-0.00109227j -3.41704e-05-0.00206975j -0.00430445-0.00294735j -0.00272323-0.00402599j -0.00431079+0.0083848j 0.00139645-0.00371082j 0.000477774-0.000910873j -0.00363266-0.0004385j -0.00108002-5.93398e-05j 0.00666184-0.000165726j -0.00182798+0.000863198j -0.000420898+0.00205665j -0.00447355-0.00142568j 0.00579842-0.00496051j 0.00463059-0.00279702j 0.00134838+0.00714434j -0.00168764+0.00148721j 0.00271787+0.000444612j 0.00657666-0.000764433j 0.00316042-0.00254206j -0.00249812+0.00173988j 0.00194339-0.00506122j -0.00603951-0.00269808j -0.00293081-0.00152644j 0.000397375+0.00265676j 
-0.00079535-0.00138448j 0.000517641+0.000121305j 0.0012108+0.00312544j -0.0018667+0.000976296j 0.00495753+0.00743126j -0.00182808+0.000633897j 0.00228342+0.00831977j 0.024738+0.0677922j 0.0451078+0.154623j 0.00609687+0.0425914j 0.000627868-0.0279135j -0.00619786-0.00415639j -0.00110868-0.00207228j -0.00142068+0.000595841j -0.0100021-0.00797952j 0.000162115+0.00371456j 0.00237848+0.00143284j 0.00548571-0.000172861j 0.00560381-0.00204329j 0.00081056+0.00254347j -0.000294001-0.00155062j -0.00432365+0.00199078j 0.00609834+0.00263342j 0.00213615-0.00426624j -0.00141439-0.00330328j 0.0130714-0.00779095j 0.004842+0.00292422j -0.00105296+0.00226853j -0.0063982+0.0104065j -0.00249391-0.00322733j 0.00189284+0.00275614j -0.00138375-0.00639773j 0.00352984-0.00651617j 0.000617688+0.00238093j 0.00241368-0.0011326j 0.00231935+0.00303777j -0.000266484-0.0046223j 0.00117123+0.0077106j -0.000468315+0.000606807j -0.000151501-0.00777174j 0.0075782+0.00558443j 0.00186035-0.00089256j -0.000730071+0.000930924j 0.0027016-0.00588659j -0.000515034+0.00251707j -3.24097e-05+0.00201013j 0.000945237+0.000492607j -0.00986347+0.00456135j -0.00698622-0.000184072j 0.00706925+0.00138382j -0.00158294+0.00454098j 0.000865524-0.00326998j -0.00221508+6.92666e-05j 0.00345621-1.89103e-05j 0.00601042+0.00389997j 0.00577446-0.00593906j -0.00328844+0.00112328j 0.00793686+0.00120715j -0.00504876+0.00414785j -0.00481528+0.00320951j 0.00369152+0.00261319j 0.00286469+0.00602712j 0.00339271-0.00109901j 0.00225905-0.00281621j -0.000977686+0.00815737j 0.00608919+0.00426534j -0.00409949+0.00128296j -0.00270628+0.0018163j -0.00341862+0.00246329j 0.000980879+0.00272804j 0.00121376+0.0022122j -0.0002193-0.00106851j 0.00450241-0.000711765j -0.00194638-0.00206347j -0.000208906-0.000612856j 0.00101589+0.00431427j -0.00306128-0.00356161j -0.00275291-0.000271791j -0.00531485-0.000762011j 0.00037703-0.00160137j 0.000713425+0.0018587j 0.00297817-0.00086521j 0.00029453-0.000674325j 0.00202613+0.00438601j -0.00223355+0.00093605j 0.00142537-0.000755218j -0.00136909+0.000253496j -0.000552685-0.000597367j 0.00670445+0.00222486j 0.00280765-0.00108492j -0.00129274+0.00245311j 0.00675754-0.00267619j 0.00455239+0.00120227j 0.00275548+0.00133362j -0.000105823-0.00180539j -0.000135936+0.00457994j -0.00132838-0.00390474j -0.00248816+0.000664664j 0.0042557+0.00329521j 0.000747346-0.00511424j -0.00035949-0.00222732j -0.000150761+0.00188732j -0.0074696-0.00279067j 0.00215885+0.00461176j 0.00227587+0.000933976j -0.00199901+0.000986251j 0.00250368-0.000181416j 0.00227345-0.00406249j 0.00240625+0.00419164j 0.000620011-0.00173517j -0.00446308+0.00356366j 0.00265024+0.00308885j 0.00261873+0.000723134j 0.00210691-4.3048e-05j -0.000401373+0.000988806j 0.00167842+0.00217264j -0.00292288+0.0025618j -0.00323055-0.000297642j -0.0026277+0.000791765j 0.00120143+0.00115509j -0.00627192-0.000362426j 0.000882908-0.00294627j 0.00707863+0.00129931j 0.00197-0.0014204j -0.000138085+0.00399913j 0.00311419-0.00188437j -0.00147344-0.00112093j -0.000223592+0.000410462j -0.00328925-0.00206734j -0.00128295-0.00213885j -0.000693672-0.00374798j 0.00123221+4.46268e-05j -0.00314726+0.000925965j 0.00120345+0.000772945j -0.00372788+0.00166334j 0.00195128+0.000180095j -0.000469916+0.00220151j 0.000318626-0.00302709j -0.00207654+0.0023716j 0.00268247+0.000799083j -0.00104791-0.00138084j 0.000320202+0.000635752j -7.51155e-06-0.00094043j 0.00367578+0.000305012j 0.00383809+3.68333e-06j 0.00135839-0.00129584j 0.000309695-0.00580653j -0.00371056+0.000689922j 0.000679572-0.000892155j -0.00119856-0.00110082j 0.00238797-0.00224822j 0.000369481-0.00012285j -0.000989882+0.000146101j -0.000189663+0.000921198j -0.00572347-0.00167774j -0.000704797+0.000344494j -0.00359912+0.0020778j -0.00139477-0.00385442j 0.000754837-0.00340463j 0.000273535-0.000176708j 0.00267077+0.000344688j -0.000403791+0.0020925j -0.000637469+0.000867261j -0.00234753+0.00111783j 0.00263684+0.000784855j 0.00201295-0.0019791j -0.00453715+0.00154573j -0.000673128+0.00289933j 0.00150928-0.000906867j -0.00120145-0.0013391j 0.00235624-0.0045937j -0.00030605+0.00225609j 0.000519979+0.000650228j -0.000567361+7.42893e-05j -0.00333159-0.000640483j -0.000720917-0.00138296j 0.00016732-0.00102594j -0.0023533-0.00384027j -0.00228541+0.00365275j -0.00260414+0.00132904j -0.00164413-0.00248035j 0.00317035+0.00554237j -0.00234188+0.00135787j -0.000860163+0.00197332j -0.00233194-0.0024225j 0.00218118-0.000600742j -0.000980521+0.00104226j -0.000144237+0.00238888j -0.000747532+0.00862716j -0.00384935-0.0061769j 0.00215496+0.00151501j -0.00353611-0.000261073j 0.000507907-0.00203168j 0.00773688-0.00109574j 0.00398173-0.00263138j -0.00400443+0.00332463j -0.00361806-0.000250281j -0.00158974-4.61515e-06j 0.000756515+0.000548862j -0.00552044-0.00285109j -0.00419279-0.00181397j -0.00412296-0.000320893j 0.000585995+0.00743405j -0.000497638-0.00374743j -0.000222577-0.00461857j 0.00257533-0.00279607j 0.00109826-0.00150587j -0.00116088+0.00035823j -0.00160371-0.000364988j -0.000495669+0.00215063j 
0.000682034-0.00130298j 0.000511637+0.00118619j -0.00196558+0.00294112j -0.000446005-0.00162547j -0.00591268+0.0061881j -0.000627621-0.00120389j -0.00588316+0.00314258j -0.0522669+0.034501j -0.119397+0.0676357j -0.0323204+0.00984596j 0.0204272-0.0033231j 0.00496399-0.00925917j -2.75035e-05-3.86728e-05j 0.000129139-0.00157768j 0.00846741-0.0179957j -0.00306153-0.000641706j -0.00226348+0.00152961j -0.00244254+0.00102734j -0.00103639+0.0152843j -0.00301377-0.00469658j 0.000175239-0.000449563j -2.13816e-05-0.00618939j -0.00323488+0.00370768j 0.00495622+0.00265111j 0.00394395-0.000528255j 0.00893617+0.0120089j -0.00307098+0.00684116j -0.00424257+0.000600563j -0.0121003-0.0089621j 0.00148366-0.00378548j -0.00366258+0.00488506j 0.00804927-0.00652967j 0.00267852+0.00295507j -0.0016625+0.0004216j -0.000532655+0.00294143j -0.00228257+0.00261025j 0.00179612+0.00219939j -0.00793034+0.00234267j 0.00253301+0.00149295j 0.00684303+0.000240673j -0.0046081+0.0105817j 0.00285189+0.000912745j -0.00208234-0.00345541j 0.00543344+0.000831824j -0.00391337-0.00158288j -0.00327446-0.00342231j -0.000679248+0.00165243j -0.0046467-0.0103854j 0.00157937-0.00544806j 0.00123799+0.00626076j -0.00638306-0.004947j 0.00188239+0.00522586j -0.00297549+0.00034494j -0.00202703+0.00378048j -0.00303504+0.00413495j 0.00408212+0.00476615j -0.00032805-0.00581914j -0.000569724+0.00437557j -0.00341054-0.00532829j -0.0023203-0.00440554j -0.00300399+0.00472561j -0.0053018+0.00588101j 0.00337494+0.00521581j 0.00448694+0.00201278j -0.00514512-0.00273316j -0.00374985+0.00359364j -0.00147314-0.00302177j -0.00197583-0.00128184j -0.00176558-0.00290507j -0.00358456-0.00135062j -0.00274802+0.000839082j -0.00137173+0.000494807j 0.000420497+0.00448113j 0.000304477-0.00511812j -0.00013449-0.00351292j -0.00429826+0.00217686j 0.00436908-0.00353619j -0.00141222-0.00186637j -0.00063233-0.00385973j 0.00116286-0.00165621j -0.0015856-0.000606671j 0.00238712+0.00213746j 0.00298652-0.000443917j -0.00295306+0.00172768j -0.000952792-0.00135575j 0.00142388+0.00274443j -0.00303729+0.00085469j -0.00158575+0.00337007j -0.0027448+0.00496425j 0.00147805+0.0020127j -0.00272475-0.00111729j 0.00196387+0.00480627j -0.00229371+0.00496459j -0.00192758+0.00130775j 0.00362174-0.000920061j -0.00176277+0.00140612j 0.00408485-0.00111792j 0.000301308+0.000809538j -0.0041405+0.00514124j 0.00332325+0.000881143j -0.000730869-9.29313e-05j -0.000506401-0.00103246j 0.00402476-0.00808753j -0.00163792+0.00147718j 9.37996e-05+0.00281375j -0.000637251-0.00302962j -0.000865081+0.00529011j 0.00343116+0.00338227j -0.00231055+0.0038314j 0.000436044-0.000531807j -0.00328784-0.00416961j 0.000704881+0.00195512j -0.000544411+0.00276963j -0.000161307-0.00027915j 0.00152677+0.000815577j -0.00223074+0.00237265j -0.00264045-0.00119109j 0.00138128-0.00222888j 0.000128918-0.000638016j -0.00189439+0.00234929j 5.58127e-05-0.00338083j 0.00119456-0.000462797j -0.000343437+0.00433705j 3.20648e-05+0.00271927j -0.00504791-0.0024856j 0.00296457+0.000137216j 0.00214355-0.00270321j -2.4598e-05-0.00124063j 0.00143022-0.00333997j 0.00187189-0.000461337j -7.50315e-05-0.000300299j 0.00161842+0.000650708j -0.000174177-0.000616541j -0.00169317+0.00226092j 0.000461141-0.00278655j -0.00074092+0.000260245j -0.00204955-0.00121396j 0.000997774+0.00314104j -0.000157426-0.000140783j 0.00134402+0.00184179j 0.00218169+0.000567965j -0.000437825+0.00044417j -0.000651631+6.05912e-05j -0.00153794+0.0029086j 0.000389897+0.00329424j 0.000595695+0.000747545j 0.00424127+0.0010027j 0.000434286-0.00306418j -0.000912743+0.00193818j -0.000914463-5.99173e-05j 0.00153246+0.00379154j -0.00145426+0.00149748j -0.000136834-0.00128041j -0.00013186+0.00182577j 0.00158086-0.00377991j -0.0012867-0.000202613j -0.00160636-0.00308654j 0.00306435-0.00176015j 0.00219359-0.00235136j -0.00101009-0.00309401j 7.21019e-05+0.00169474j -0.000889954-0.000132478j -0.00034273+0.00165789j -0.000310187+0.000293822j -0.00237716+0.00302733j 0.000313413+0.00190497j -0.00181193-0.00497674j -0.00380678-0.00074714j 0.000508577-0.00020109j 0.0015665+0.00191607j 0.00461821+0.00219098j -0.0026968-0.000872672j 0.000347919+0.000292907j 0.0011042-0.0020626j 0.00109646-0.003904j 0.0022807-0.000905287j 0.000641511-0.00124409j 0.00285396-0.00213576j -0.0017445-0.00363363j -0.00441568-0.00456338j 0.00269881-0.000873195j -0.00388641+0.00292215j -0.00430268-0.00184116j -0.00292341+0.00213042j 0.000555298-0.00198201j 0.00226944+0.00176398j 0.000100963-0.00112079j -0.000359093-0.00151857j -0.0073353+0.000176341j 0.00424109-0.00333181j -0.00115939+0.00289615j -0.000303514-0.00405671j 0.00572094-0.00171053j -0.000781578+0.00433609j 0.00492744+0.00162024j -0.000545134-0.00280826j 2.3683e-06-0.00310525j -0.00155213-0.00248523j -0.000197588-0.00195641j 0.00244541-0.00278953j -0.00170734-0.00351921j 0.00157855-0.00399151j -0.00644017+0.00204646j 0.00190789+0.000544187j 0.00385874-0.00136361j 0.00373947+0.0010856j 0.00135626+0.00169936j 0.00127858-0.00129454j 0.00107979-0.00178162j -0.00263184-0.000164341j 
0.0014443-0.0020267j -0.00162987+0.00120266j -0.00377216+0.00265559j -3.46269e-05+0.00293696j -0.00356069+0.00255584j -0.000248932+0.000517347j -0.00303277+0.00437405j -0.0267399+0.0257863j -0.0597749+0.0634493j -0.00932192+0.0224058j 0.00831238-0.018221j 0.0100845+0.00395934j -0.00429586-5.13035e-05j 0.000494477+0.0001225j 0.0212601+0.00621982j 0.00188342+0.00151499j 0.00175432-0.00214451j 0.0081572-0.010053j -0.0253747-0.00684552j 0.00961998-0.00166379j -0.000237671-0.00229976j 0.00376356+0.00069644j 0.00278233-0.00394108j -0.00249352+0.00084647j -8.34812e-05+0.000322037j 0.000783611+0.00390439j -0.00367551+0.000430933j -0.00351836-0.00241365j 0.00487165-0.00537265j -0.000956383-0.00172839j -0.00797135+0.00037404j 0.00987783+0.00402132j -0.00253726-0.00711356j 0.00144103+0.000519992j -0.00176524-0.000720662j -0.00361985+0.00132152j -0.00688115-0.00426125j -0.00204603-0.00203552j -0.00460033+0.00488733j -0.0012868-0.000692206j -0.00677823-0.000667044j 0.00225254+0.00241486j 0.00640136-0.000912584j 0.00305829-6.42287e-05j 0.00133217-0.0034395j 0.00638465-0.00526103j -0.00241525-0.00106928j 0.00223182-0.000942013j 0.000453405+0.00314701j 0.00145186+0.00549622j 0.00881573-0.0037068j -0.0108569-0.00283185j -0.0034059-0.0032461j -0.00262964-0.00518794j 0.00242187+0.000539192j -0.00061729-0.00224367j 0.00764539+0.00110506j 0.00256771+0.00176583j 0.00151206+0.00280352j -0.000324805+0.00200222j -0.00319067-0.00256543j -0.0056261+7.87994e-05j -0.0046257+0.00362619j -0.000520461+0.00341277j 0.0020032+0.00459978j 0.00167574+0.000138039j -0.00224772-0.00144132j -0.0036006-0.00154374j -0.000186586+0.00105103j 0.00416004-0.00153408j 0.00214044-0.00291447j -0.000519206-0.00619742j -0.000245953+0.000699855j 0.0067138-0.0035081j 0.00656311-0.00228048j -0.00354557-0.000989627j 0.00116014+0.00458113j -0.00108849-0.00383858j -0.000147642-0.00102965j 0.0034004-0.000850322j 0.00119061+0.000938395j 0.00126325+0.00342991j 0.00204591+0.00358194j -0.000344298+0.000262491j -0.00180799-0.00220419j -0.00347236+0.00250035j -0.00334758-0.00684917j -0.00615006-0.00425331j -0.00050516-0.000704327j 0.0011099+0.00149071j -0.00142255-0.00178213j 0.0016125-0.00158012j -0.00158582-0.00231855j 0.00235023-0.00135793j -0.00043429+0.00435706j -0.00262536+0.00111771j 0.000984408+0.000624419j -0.00522007+0.00125113j -0.00385733-0.00198261j 0.00037403-0.00137264j 0.000529833-0.00304807j 0.00163199+0.00125317j 0.00316497+0.00207136j -0.000343844+0.00372972j -0.00323853+0.00225215j 0.00117231+5.99326e-05j -0.0051028-0.0013896j -0.00212115-0.0017034j -0.000903252+0.00112015j -3.00297e-05-0.000802374j 0.00129965+0.00028352j 0.000856589+0.00573318j -0.000864414+0.000549988j 0.00279694-0.0017685j -0.00218374+0.00358972j -0.0022707-0.000885561j -0.000597851-0.00128937j 0.002081+0.000356266j -0.000766952+0.00141379j -0.000765318-0.00323181j -0.00220443-0.00115239j 0.00152453-0.00196138j 0.00260219+0.000335068j -0.00178745-0.00246702j 0.0041401-0.00346551j 0.00317567+0.00476121j 0.00331443+0.00248489j 0.00106729+0.00115317j 0.00170859+0.00142224j -0.000223771-0.000150773j -0.000559417-0.00619125j 0.000717074+0.00350161j -0.0021405-0.000255156j -0.00177562-0.00145154j -0.000851337+0.00268741j -8.40128e-05+0.000383908j 0.00190461+0.00160374j -0.00230048+0.000149903j -0.00186756+0.00264241j 0.000434614+0.00193228j -0.00159497+0.000250163j -0.00147411-0.000566754j -0.00118975-0.00219194j 0.00195416-0.000694857j -0.00026954+0.000292028j 4.77691e-05+0.000506723j -0.0010988-0.00221943j 0.000128067+0.00159062j -0.00314363-0.00272522j -0.000911292-0.00178247j -0.0022316+0.00062468j -0.00117027-0.00322815j 0.00135113-0.000250364j -0.00310264-0.000950068j -0.000651053-0.00111438j 0.000891623-0.000639123j 2.47775e-05-0.00124321j -0.000774351-0.00204987j 0.00598821-0.0020512j 0.00323656-0.00258644j 0.000464896-7.19365e-06j -0.000129737+0.00160686j -0.0026204+0.00116977j -0.00321659+1.6584e-06j -0.00226508-0.00096637j -0.000938238-0.00189976j 0.00165885-0.00147215j 0.00175702-0.0015427j 0.00279901-0.000424879j -0.00509967-0.00217695j 0.000142944+0.00072524j 0.000709145-0.00260199j 0.000447639+0.000387622j 0.00191546-0.000111297j 0.00168738+0.00314069j 0.00307812+0.00282659j 0.00178764+0.000662577j 0.00110993+0.000114058j 0.00418897+0.00165698j 0.0024274-0.0040607j 0.000974009+0.00176406j 0.00112715+0.000783951j -0.000516328-0.00258904j -0.00674518-0.000753147j -0.00122346-0.00210818j 0.000273786+0.000986285j 0.000739353+0.000510549j 0.00137369+0.00399733j -0.00258602+0.00235391j 0.00259061-0.00421861j -0.00171897-0.00207736j 0.00175147-0.00143016j 0.00271385+0.00337848j 0.00177021-0.00476681j 0.00514901+0.0011139j 0.000780052+0.00559457j 0.000937635+0.000609418j 0.00116143-0.0031577j 0.00396409-0.000188693j -0.00544891-0.00103295j 0.00182665-0.00644517j 0.00190371+0.00267801j -0.00270114+0.000294792j -0.00199451-0.00448809j 0.00204523-0.002104j 0.00220338+0.00118633j -0.00281288-0.000218386j 0.000369747+0.00481684j 0.000767388+0.00273592j 0.000125034-0.00122285j 
0.00237097+0.000227439j 8.96517e-05-0.00168695j -0.00216151-0.00188176j -0.00350894+0.0011011j -0.00726174+0.000352909j -0.000604896+8.14479e-05j -0.00984696-0.000567167j -0.0655393-0.00814995j -0.159671-0.0202489j -0.053484-0.00115294j 0.0393988+0.00444427j -0.00229272+0.00733245j -0.00210436-0.00205649j 0.00223576-0.00122119j -0.00517909+0.0147777j -0.00189103+0.000771739j 0.00221911+0.00385622j 0.011509+0.00732087j 0.00616951-0.0221462j -0.00201423+0.00702262j 0.0021938+0.00074247j 0.000987154-0.0013713j 0.00329123+0.00297272j 0.000947815-0.0029502j 0.00226871-0.000524031j 0.000466999+0.00885697j -0.00216587+0.000461694j 0.00141781-0.00170232j -0.00314413-0.00129861j 0.00316867-0.00374898j -0.00261143-0.00606371j -0.000584606+0.00818437j 0.00894048-0.00131309j -0.00203115+0.000835995j -0.00122451+0.000642615j -0.00161991-0.00265521j 0.00588469-0.00647284j -0.00265876-0.00234452j -0.00227096-0.0064806j 0.00392769-0.00101631j -0.00282132-0.0023189j -0.00179062+0.00339537j -0.00258003+0.00490998j 0.00181177+0.00374857j 2.45502e-05+0.000412496j 0.00273051+0.00504021j 0.00117379-0.00195593j -0.00119532-0.00304215j -0.00254321-0.00126924j -0.00525844+0.00515647j -0.000259487+0.00769473j 0.00451683-0.00952038j 0.00197381-0.00213728j 0.00486468-0.000985266j -0.00236664+0.00453261j 0.0050435+0.000690018j -0.00365541+0.00567275j -0.00386845+0.0024498j -0.00302079-0.0023194j -0.00241746-0.00302926j 0.00145838-0.00211802j -0.00451262-0.00348353j -0.0019862-0.00362914j -0.000804471+0.000149502j -0.00769526+0.000653375j -0.00226218+0.00354387j 0.00294384-0.00584398j 0.0020458-0.00523175j -0.00437513-2.3043e-06j -0.00150352+0.00327723j 0.0023207+0.00206649j 0.00680619-0.00135448j 0.00078477+0.000914223j 0.00280451+0.00620894j 0.0031885+0.00521563j -0.00185452-0.00385077j -0.0025668-0.00187394j 0.00439738-0.00288447j 7.21453e-05-0.000953407j 0.000986184+0.000765689j -0.00267709+0.00062522j -0.00307594+0.00185998j -0.00059697+0.00162076j -0.00226689+0.00114555j 0.00237621-0.00491094j -0.00179043-0.00202778j 0.00672523-0.00353341j 0.00340362-0.0034869j -0.00206737+0.00279725j -0.00117563+0.00266352j 0.000631225-0.00322597j 0.0025857+0.00251847j 0.00225918+2.0913e-05j 0.0013463+0.00215278j -0.00199299-0.00165329j 0.00138363-0.00263743j 0.00177055-0.00104681j -0.00134143-0.00342684j 0.000366789-0.00203987j 0.00211648+0.000817298j 0.00149021+0.00172669j -0.00161026+0.00059033j 0.000400965-0.00101418j -0.00353293-0.000257537j -0.00230877-0.00309447j -0.000104677-0.000902198j -0.000593361-0.00161479j 0.00446658-0.00183038j -0.000858434+0.00250139j -0.0008036-0.00312654j -0.00321841-0.000285896j -0.0042367+0.00190748j -0.000969803+0.000738098j 0.00293248+0.00124168j -0.00287655-0.00220372j -0.00140527-0.000978262j 0.000734729-0.00123591j 0.00229567+0.00127473j -0.000173533-0.00126577j 0.00480776+0.000250754j 0.00147679-0.00190522j 0.00149811-0.000323393j -0.000498354+0.00256309j 0.00184454-0.00126325j 0.000981865+0.00302391j -0.00527718+0.00170804j -0.00137644+0.00215479j -0.00198015+0.000605106j -0.00216822+9.0851e-05j 0.00132798+0.000656142j 0.0062454-0.00176782j -0.00353492+0.00244098j 0.000158765-0.00122669j 0.000344597-0.00072919j -0.00380379-0.0024238j -0.00310756-0.00183942j -0.00386091+0.00238251j -0.000632403+0.0023733j -0.000598744-0.000682622j 9.08378e-05-0.000347026j 0.00145667-0.000678459j -0.000141759-0.00150845j 0.00146726-0.00255373j 0.000571913+0.00417234j 0.00050274+0.00205853j -0.00165844+0.000909057j 0.00474847-0.00186451j -0.000808762-0.000655342j 0.00116032-0.00233724j -0.000804444-0.000873685j -0.000708753+0.00131119j 0.00302617-0.00122278j -0.000175815+0.00198106j 0.0029689-0.00182594j 0.0012356-0.00146549j -0.000899457+0.00183953j 0.00158381-0.00218931j 0.00387453-0.00321154j 0.00209211+0.00453803j 0.0012903+0.000266016j 0.0001582-0.000396089j -0.00244873-0.000322937j -0.000475244+0.000197064j 0.00181367-0.00184729j -0.00320989-0.00268641j 0.00124698-0.000530401j 0.00100358-0.000718498j -0.000925238+0.00242325j 0.00046166+0.00176029j 0.00549512-0.00477733j 0.00162346+2.87454e-05j 0.00243189-0.000622966j 0.00133314+0.00130871j 0.00134101-0.00134192j -0.00371017-6.83662e-05j -0.00203871+0.00349167j -0.00061716+0.00119741j 0.000271767+0.00109217j -0.000988874+0.00232208j -1.82613e-05+0.000263922j -0.0012052+0.00161067j -0.00198256+0.00343676j -0.00200038-0.000401067j -0.0012232-0.00460322j 0.00226785-0.00219255j 0.00173328+0.000196678j 0.000773236+0.00012465j -0.00122725-0.000270034j -0.00426128-0.00110278j 0.00622716+0.00406898j 0.00385302-0.000200743j 0.000534216+0.000440925j 0.00350649-0.000832478j 0.0031095-0.00099073j 0.00356722+0.00341449j -0.00309366+0.0018953j -0.00190164+0.000662458j 0.00303296-0.00049827j -0.000316183+0.00134625j 0.000345396-0.00383545j 0.00315313+0.00201265j -0.00090763+0.00119454j -0.00288792-0.00114946j 0.00404607-0.00328878j 0.00418337+0.000685311j 0.00104888+0.00115528j 0.000749836-0.00399409j -0.00264779+0.000257931j -0.00157791+0.000914308j -0.000332546+0.00107933j 
-0.00100759-0.000553144j -0.00146734-0.000606968j 0.000560363+0.000533032j 0.00239001+0.00116033j 0.00347746+0.0058365j 0.00148677+6.79459e-05j 0.00306011+0.00720732j 0.0177566+0.0610587j 0.0429385+0.151717j 0.0117437+0.0522233j -0.0051845-0.0381163j -0.000377291+0.000470903j 0.00060293+0.00296619j -0.0010116-0.00240802j -0.00207091+0.00389009j -0.00121052+0.000826664j 0.00201704-0.000553421j 0.000837257-0.00601492j -0.00334533-0.000659319j -0.00235012+0.0028346j -0.000298664-0.00062235j -0.00453171-0.00298788j 0.00202151-0.00261451j -0.00153044-0.00164392j -0.000477132-0.00335864j 0.0101208+0.00134651j 0.00188576+0.000874017j 0.000296931-0.000899266j -0.00750764+0.00221386j -0.004264-0.00319253j -0.0026093+0.00147014j 0.0036602+0.000264242j 0.000705728-0.00450444j -0.00198559+0.00224825j 0.000483489+0.00299763j -0.00141953+0.00225879j -0.00318879-0.00664644j -0.0044864+0.00411008j -0.00357516-0.00310086j 0.00238273-0.00445926j 0.000482102+0.00693389j 0.000743025-0.00106562j -0.00150968+0.00420157j 0.00180976-0.000540989j -0.000792419+0.00783625j -0.000113072+2.84511e-05j -0.000759035+0.000998697j -0.0031919+0.00325193j 0.00321275+0.000114654j 0.00190778-0.000920218j 0.0011717+0.00194547j -0.00110967+0.00152335j 0.0016766+0.00301745j 0.00153601-0.00184246j 0.000969056+0.00137022j -0.00463166-0.00245609j 0.00187458+0.00678541j -0.00219875+0.00359652j -0.002801-0.000223237j -0.000414574+0.000153912j -0.00136336+5.36392e-07j 0.00139815+0.00466072j 0.000761168-0.000158349j -0.000864343-0.00183791j -0.000463544+0.00483938j -0.000343973-0.000422688j -0.00367758-0.00486359j -0.00286661-0.00388795j 0.00354582+0.00634795j -0.000695578+0.00241785j 0.000535791-0.000195126j -0.00266365-0.00020411j -0.000923344-0.000357896j 0.000807137+0.00172977j 0.000729181-0.00385155j -0.00369862+0.00375568j -0.00339115+0.0014786j -0.00161391+0.000864844j -0.00136024+0.00452823j -0.00542739-0.00291687j -0.0022205+0.000742531j 0.000895015-0.000890108j 0.000117294-0.00118301j 0.000346413+0.00237759j -0.00278584-0.004337j -0.00133311-0.0014894j 0.00109806-0.00476106j 0.00182539+0.000814137j 0.00127937+0.00225361j 0.00122096-8.89642e-06j -0.00323946-0.00255622j -0.0050004-0.00263046j -0.000138156-0.00204578j -0.00107289-6.5152e-06j 0.000395431-0.00158766j 0.00411005-0.0104336j -0.00335331-0.0028509j 0.00493069+0.00190571j -0.00150554+0.000376532j 0.00120616-0.000218592j 0.000354055+0.0081466j 0.00120979-1.34712e-05j -0.000292005-0.0031873j -0.000397672-0.00277189j -0.000847559+0.00126265j -0.00422048-0.00189468j -0.000379339+0.00362681j -0.00257373-0.0033622j 0.00828804+0.00215035j -0.00830425+0.00137457j 0.00225572+0.00383895j 0.00323681-0.00436962j 0.000966219-0.00192418j -0.00472532-0.00679728j -0.000667913-0.00232156j -0.000250851+0.00329192j 0.00128305-0.00111657j 0.00165445-0.00327676j 0.00180469-0.000304425j 0.00214495-0.00364727j 0.00580093+0.00174014j -0.00277152-7.65933e-05j -0.00446097-0.00354275j -0.00190311+0.000733305j -0.00180182-0.000610683j -0.00533978+0.0028175j 0.000564322-0.0013518j -0.000283028+0.00106851j -0.00231161+0.00480518j 0.00250502-0.000305209j -0.00436085-0.00142114j 0.00160278+0.00135533j 0.00421545+0.00276714j -0.00130244-0.000811437j 0.000574787+0.00264334j -0.00419211+0.00298681j 0.000563552+0.00311127j 0.00442599+0.00399536j 0.00422307-0.00297533j -0.00263884-0.00311196j 0.0037524-0.000227183j -0.001981+0.000834266j -0.00347488+0.000779109j 0.00207732+0.000710649j 0.000887608-0.00157942j 0.00104126+0.00294699j -0.00344059-0.000760802j 0.00277476-0.00200723j -9.07166e-05+0.00373419j 0.00117548+0.00667845j 0.00424637+0.00268543j -0.000772213+0.00169418j 0.000834583+0.000201365j 0.00342986-0.00402697j 0.000611488+0.00129633j 0.000157452+0.00261616j -0.000717181-0.00460811j -0.00309381-0.00246627j -0.00333957+0.000978068j -0.0038538-0.000818355j -0.00322647-0.000570489j 0.000352727+0.0021718j 0.00502688+0.000815761j 0.00514898-0.00207052j -0.00345141+0.00709105j -0.00176629+0.00279814j -0.00171909-0.0023467j 0.000607704+0.00154148j -0.00273283+0.00198884j 0.00087026-0.0046764j -0.00370487+6.62825e-05j 0.000138086-0.00301659j 0.00170228-0.00410578j -0.00358909-0.00519708j -0.00227086+0.00192413j 0.000396943+0.00141646j -0.00113585-0.000786318j -0.000109811+0.00307308j 0.00164291-0.00361418j -0.00250466+0.00197011j 0.0013779+0.00148071j 0.0032311-0.00138965j 0.00134394+0.00694828j 0.0035474+0.00165837j -0.000737805-0.00107869j -0.000851055-0.0054082j 0.001165-0.00220176j -0.0046635-0.00329675j 0.00212653-0.00147808j 0.00459198-0.00571014j 0.00206896-0.0051284j 0.000696232+0.00136612j -0.00679746-0.0126444j -0.0103484-0.000339597j -0.00424335-0.00716664j 0.00480626-0.00281535j 0.00266392+0.00319904j -0.00239528-0.0030499j -0.00347213+0.00110781j 0.00274352+0.00176563j 0.0050307+0.00217997j 0.00162934-0.00196363j 0.00344402+0.00108962j -0.00293293+0.00109001j -0.00284897-0.00309861j -0.00340111-0.0028382j -0.00425431+0.00120841j -0.000203707-0.00116081j 0.000916864-0.000487558j 0.00299321+0.000672898j 
0.000375257-0.000445418j -0.000533766-0.000131672j -0.00172662+0.000589756j -0.000650741-0.00162622j -0.00247131+0.00511527j -0.000854845-0.00152397j -0.00267425+0.00406047j -0.0321066+0.0360062j -0.0756658+0.0771186j -0.0252625+0.0162188j 0.0193127-0.00741307j -0.000298628-0.00749991j 0.00165365-0.00289272j 0.000810657+0.00131122j -0.00274798-0.0141173j -0.00214444-0.00103936j 0.000416865+0.00128247j 0.00225385+0.00244365j -0.000893362+0.00771069j 0.00117138-0.00288221j 0.00146307-0.00126098j 0.00113046-0.000607793j 0.0013186+0.00520576j -0.00121425+0.00100176j -0.000960162+0.000574204j -0.00812005+0.00397128j -9.65167e-05+0.000843828j 0.00222965-0.00312115j 0.00799331-0.00389628j 0.00264844-0.00437626j 0.000938515-0.00064126j -0.00145874+0.000686821j 0.00253886+0.00082792j -0.00123636-0.00230728j -0.000369791-0.0017002j -0.00697049-1.31858e-05j 0.00831157-0.00214797j -0.00470756-0.00401774j -6.51814e-05-0.000455258j 0.00466843+0.00373129j -0.0104084+0.00213084j 0.00255208-0.000336165j -5.3189e-05-0.00122801j -0.000284596-0.000993307j -0.0120047+4.45237e-05j -0.000957749-0.000850587j -0.0038941-0.000340251j -0.00414112+0.00112607j 0.00145041+0.00531725j 0.00503088-0.00272645j 0.00154818-0.00232148j -0.00857629+0.0034758j -0.0033807+0.000884546j 0.000325805+0.00276824j 0.000326322-0.000732911j 0.000190532-0.00839867j -0.00658825+0.000368096j -0.00349814+0.00141024j 0.00171174-0.000948521j 6.51271e-05+0.00135626j 0.000440039+0.000763882j 5.10596e-05+0.0020003j 7.49091e-05+0.00337387j 0.00159024-0.00224953j -0.00453442+0.000699914j 0.00205914-0.00088061j 0.00571758+0.00093535j 0.00520895-0.000594036j -0.00209477+0.00456306j -0.00217-0.00274398j -0.000742782+0.000752356j -0.00492931-0.00366547j -0.00155555-0.000692481j -0.00695857+0.00163142j 0.00493315-0.00278285j -0.00210702+0.00116071j -0.00245787-0.000931413j -0.00403425+0.00231846j -0.00033923-0.00114933j -0.00108297-0.003904j -0.00166994-0.00264831j 0.00485215+0.00286582j -0.00059212-0.00338216j -0.00447087-0.0031249j 0.00564273+0.00182617j 0.00359433-0.00103933j 0.0070955+0.0038452j 0.00423049+0.00084466j -0.000441733+0.00092575j 0.00206267+0.00406565j 0.00380647-0.00157728j -0.002044-0.0043864j 0.00266515-0.000638509j -0.00303561+0.000189358j -0.000511904+0.00402297j 0.00852499+0.000959628j 0.00109779-0.000852284j 0.00258379+0.00509105j 0.00063119+0.00165695j 0.00125838+0.00165299j -0.00787237-0.00161276j -0.000594173+0.000400782j 0.00113545+0.00155369j 0.00074073-0.00139911j 0.00287251+0.00119803j 0.00245237-0.0026313j 0.000296842-0.00531959j -0.00246013-0.00268393j -0.0053746+0.0045482j 0.000414184-0.00276719j -0.00115135+0.00315516j 0.00572642+0.00266805j 0.00360134-0.00046897j 0.00387931-0.00247412j 0.00302381-0.0023166j -0.00105374-0.000242156j 0.00567033-9.60492e-05j 0.000401993-0.00131396j -0.000340757-0.000299752j -0.000896419-0.000103382j 0.00118683+0.00422337j 0.00117035+0.00274856j -0.000983653-0.00559951j 0.000948934+0.000306653j -0.00184896-0.00156418j -0.00208018+0.000727424j -0.000822204-0.000920448j -0.000799699-0.000760561j -0.00250965-0.00172115j -0.000107061+0.00133929j 0.00367093-0.000649511j -0.000651847-0.000671122j -0.00380763+0.000370991j 0.0038236-0.00361327j -0.000667408+0.00282589j 7.79247e-05+0.00336443j 0.00102414-0.000675414j 0.00329599+0.000375654j 0.000466602+0.00177402j -0.000406789-0.00365768j -0.00357545+0.00112958j -0.0011342-0.00323214j 0.000819907+0.000267024j -0.00121687-0.00101019j -4.59065e-05-0.000963794j 6.11599e-05+0.00520402j -0.00498985-0.00349848j 0.00238498+0.00413488j -0.00106726+0.00176623j 0.000933313+0.00296718j 0.000957585+0.00513632j -0.00195513+0.00348635j 0.00165246-0.00189987j 0.00188682+0.00169115j -0.000385936-0.0017365j 0.0028612-0.00284137j 0.00647935-0.000461656j -0.00292302-0.000109841j -0.00238299-0.000254319j -0.00200458+0.000580148j -0.00408812+0.000499294j -0.00046054-0.000924207j -0.000516093+0.000974031j 0.000818375+0.00265239j -8.31147e-05-0.00132295j -0.00250837-0.000830243j 0.000384876-0.00442557j 0.00407477-0.0028465j -0.00544119-0.000875723j 0.00182464+0.000498014j -0.00427042-0.00359771j 0.00433447+0.0029239j -0.00173976-0.000426255j 0.0019889+0.000992179j 0.00104626-0.00239694j 0.00112833-0.00255653j 0.00481412+0.00245166j -0.00453312-0.00258035j 0.00197309+0.00197616j 0.00357145+0.000537747j 2.91429e-05-0.00181737j 0.000910339-0.00279816j -0.0012259+0.00194856j 0.00567423+0.00444193j 0.00025915+0.00124864j 0.00167579-0.000318041j -0.00278614+0.00232812j -0.00468274-0.0058763j 0.00406597-0.00279574j 0.00232539-0.00304388j 0.000218801-0.000816294j 0.00165392+0.00146074j 0.000317178-0.00508103j -0.00046583-0.00110792j -0.00128099-0.00399137j -0.00159619-0.00265484j 0.000509679+0.00285726j 0.00254918-0.00175069j -0.00271005+1.36009e-05j 0.00382872-0.000416064j 0.00388468+0.00156402j 0.000474618-0.000944633j 0.00153544+0.00190332j 0.001091+0.00130154j -0.000424036-0.00334599j -0.000130209-0.00146611j -0.000765585+0.000410401j -0.00140688-0.00240462j -0.000949101-0.00204714j 0.000617759+0.00152375j 
0.00111743+0.000222701j -0.00132157+0.00086654j -0.00271653+0.00029346j 0.00159511-0.00226793j -0.00558189+0.00229764j 0.00169883-0.00190301j -0.00318246+0.000676318j -0.0399811+0.015835j -0.0827511+0.0363299j -0.019023+0.0117304j 0.0110436-0.00861975j 0.00690456+0.0010724j 0.00134389+0.00079349j -0.000864747-0.000242037j 0.0116581+0.00335661j 0.000439353-0.000337046j 0.000323796-0.00259324j -0.00305768-0.00209847j -0.00785353-0.00319332j -0.00140766+0.00217733j -0.000559254-0.00050203j -0.00223177+0.00190816j -0.00283274-0.00428142j 0.00134077-0.0029753j 0.000374155-0.0024171j 0.00366331-0.0112843j -0.00348145+0.00196644j -0.000154058-0.000429663j -0.00514835+0.0112199j -0.00122547-0.00274631j -0.0029989+0.000687787j 0.00223544-0.00526956j -0.000624118-0.00299222j 0.00169461+4.09154e-05j 0.00259587-0.000402471j -0.00508387-0.00861655j 0.000567477+0.00450759j 0.00321797-0.00336965j 0.000718659-0.00432977j 0.000537012+0.00342743j -3.83294e-05-0.00783249j -5.14674e-05+0.00133202j -0.00275284+0.00567256j 0.00302414-0.00132393j -0.0037877-0.0121803j 0.00290029-0.00236214j 0.000338668-0.00506111j -0.00673531-0.000552486j -0.00313278+0.00424725j 0.00488343+0.00648383j 2.48356e-05+0.0059897j -0.00145774-0.0103109j -0.00218932-0.002147j 0.000540907-0.000340372j 0.000275896+0.00295105j 0.00388466-0.00121904j 0.00127496-0.00254189j -0.00641808-0.00128811j 0.000227424+0.00322146j -0.00101309-0.00150955j 0.0001726+0.000865841j 0.00109292-0.00177809j -0.002203+0.000737867j 0.00225085+0.000602939j -0.00217798-0.00485999j 0.000249849-0.000678279j 2.05509e-05+0.00448117j 0.0016792+0.00378388j 0.00133697-0.000433607j 0.00224-0.00415634j 0.00137886+0.00145577j 0.00186055-0.00499747j -0.00134935+0.00106185j -0.00245286-0.00524164j 0.00469317+0.00388765j -0.00386534-0.00114709j -0.00252721-0.00179822j -0.00443649-0.00183908j 0.00260806+0.00412239j -0.00318389-0.00359811j -0.000695294-0.00350882j -0.000280831+0.00580986j 0.00439284+0.000274148j 0.00177816-0.006889j -0.000227496+0.00419893j -0.000841056+0.00334744j -0.00195365+0.00510022j 0.00158229+0.00516694j -0.00121128-0.00220808j -0.00358409+0.00629899j 0.000619627+0.000720102j -0.00172134-0.000597419j 0.00223862+0.00423224j -0.00286044-0.00133533j -0.00372564-0.00280877j 0.00206907-0.000377411j -0.00271597+0.00232156j 0.00172427+0.00316064j -0.00355921+0.00113748j 0.000587446+0.00130839j 0.00318331-0.00294674j 0.00190602-0.0015541j -0.000199138-0.00122357j 0.000549525-0.00169514j 0.00172241+0.00308678j -0.000803252+0.00186003j 0.0056489+0.00233153j 0.00158543-0.00362602j 0.00095647-0.00413254j 0.000168534+0.000818912j -0.000119081-0.00187552j -0.00178005+0.00333372j -0.00113887+0.00214796j -0.00389079+0.00171006j 0.00112378+0.00129483j 0.00167729+9.40614e-05j 0.00103395+0.00695214j 0.000603123+0.00243839j -0.000794146+9.11524e-05j -0.00122545-0.00306439j 0.00283226+0.00132894j -0.00120655+0.00310493j 0.000440231-0.00300768j -0.00204389+0.00253057j -0.00169609-0.00164506j -0.00481443+0.0015575j -0.000772804-0.00183611j -0.000547285-0.00224237j 0.00312655+0.00189514j -0.000857882+0.000181906j -0.000698903+0.007831j 0.000716429-0.000228629j 0.00428608-0.00279114j 0.00180765+0.0025073j -0.000328016+0.000322002j -0.000628351+0.00414607j 0.000665421-0.000318292j 0.0012973+0.00358327j -0.00188202-0.0027403j 0.000670594-0.00114583j 0.000683389-0.00510195j 0.00370779-0.000250963j 0.000521054+0.00273733j 0.000326904-0.00127514j 0.00074136-0.00101164j -0.00249424+0.00198112j 0.000250704-0.00393295j -0.00466837-0.000707164j 0.00270623-0.000159855j 0.00108506+0.00343726j -0.00207882+0.00216544j -0.00264168+0.000911028j 0.00291544+0.00256781j 0.00100459+9.03737e-05j 0.00378269+0.00201355j 0.0026916+0.00425j -0.000829934+0.00532421j -0.0018522-0.00283419j -0.0017421+0.00284433j -0.00187972-0.0021189j -0.0022608-0.000408473j 0.00218246-0.00365016j 4.9563e-05-0.00252013j -0.000248508-0.00207917j 0.00287317+0.00301734j 0.0020989-0.00168829j 0.00309288-0.00137862j 0.00205046+0.00445937j -0.000595299-0.00301092j 0.000368087+0.00190015j 0.00244403-0.000137605j -0.00238716+0.00344756j -0.000795665-0.00238654j -0.00279443+0.00319691j 8.71314e-05+0.00216759j -0.000900027+0.00363855j 0.000296603+0.00618395j 0.00223574-0.00326498j -0.00264469-0.000296396j 0.000200423+0.00419369j 0.000511676+0.00026157j 0.0019737-0.00277453j 0.0014089-0.00114959j 0.000888996+0.00319728j -0.000359222-0.00162583j -0.00353233+0.000650425j -0.00497266-0.0033929j 0.000208447-0.00454643j 0.000515423-0.000915884j 0.00385579-0.00302275j -0.00124664-0.00332871j 0.00258625+0.00239966j -0.00226963-0.00133145j -0.00131698+0.00441179j -0.00163785-0.000569309j -0.000727249-0.00604299j 0.000253521+0.00219523j 0.000832738+0.00157882j -0.00197054-0.000164118j 0.00491561+0.000465901j 0.00480984+0.00014896j 0.000889458-0.000232675j -0.000151452-0.00104036j 0.00103317+0.00399506j 0.000517294-0.00143834j -0.000206333+0.00208804j -0.000655988+0.00319543j -0.000340597-0.00155335j 0.000346311-0.00259868j -0.000196897-0.00145285j 
-0.00191932+0.00104852j 0.00206204-0.000425185j 0.00466999-0.00119509j 0.00104597-0.00142107j 0.00494032+0.000571027j 0.000480202+9.14472e-05j 0.00296583+4.57168e-06j 0.0347591+0.00449042j 0.0747593+0.0108121j 0.0211545+0.00477726j -0.0158755-0.00217213j 0.00087419+0.000874041j 0.00289551+0.00340141j -0.000707575-0.00198067j -0.0035436+0.00358176j 0.000298755-0.00248986j -0.0033776-0.0031197j -0.00385151+0.00416034j -0.00241777-0.00791413j -0.0014505+0.0100982j -0.000550808+0.00239416j 0.00456125+0.000465787j -0.0113007-0.00557655j -0.00523557-0.00549371j -0.000575257-0.00231418j -0.0110697-0.00318955j -0.00258469+0.00431763j -0.000365202+0.00161506j 0.00595455+0.00956138j -0.00154434-0.000287631j -0.00235766+0.00261603j -0.000923299+0.000864054j -0.0029764-0.0032871j -0.000287025+0.00264162j -0.00485583-0.00108829j -0.00282924+0.00299632j -0.00291935-0.00128047j -0.00234531+0.00103331j -0.00571763-0.00619066j 0.00616558-0.00703965j -0.00439604+0.00149284j -0.000875333+0.00126684j 0.00200462+0.00736246j 0.00206602-0.00447873j -0.00117976+0.0086073j 6.67173e-05-0.00241078j -0.00168759-0.000558687j 0.00296266+0.0083312j 0.0017327-0.00335493j 0.000540286-0.00252489j 0.0081858+0.00851064j -0.00608292-0.00723333j 0.000505736+0.000129856j 0.000303385-0.0050895j 0.00215127+0.00384623j 0.00218552+0.00183306j -0.000453302+0.00244885j 0.00281633+0.00730492j -0.000203182-0.00151944j -0.00294757+0.00043941j -0.00048202-0.00150427j -0.00481623+0.00276619j -0.00250977+0.00549143j -1.72634e-05-0.00166812j -0.00202471+0.00374911j -0.00131015+0.00123536j -0.00159088-0.00194154j -5.64682e-05-0.00318318j -0.00237763-0.00227697j -0.00513007+0.00128733j -0.00112405-0.0029913j -0.00585525+0.00203988j -0.00167182-0.000386657j -0.000341276+0.00108693j 0.000951394-0.00660682j 0.00196182+0.00290172j 0.00195553+0.00321288j 0.000168853+0.00281093j -0.000357761-0.00587411j 0.00183846+0.00485726j 0.00052797+0.000987008j 0.00201821-0.000292244j -0.00409162-0.00556913j -0.00384547+0.0020592j 0.000343207+0.00126472j 0.00528786-0.00174449j -0.00134886+0.00160814j -0.00204483+0.000109215j -0.0012986+0.00131573j 0.0041826-0.00318808j -0.000128644-0.000308084j 0.000683633+0.000836131j -0.00121255-0.00395565j -0.00211491+0.0012629j -0.00218347+0.00152359j -0.00361929+0.00159261j 0.00341224+0.00174644j 0.0029973-0.00396768j -0.00245143+0.000206955j 0.00263107-0.00257497j -0.00212011-0.00224666j -0.00218602-8.58666e-05j 0.00210916-0.00181628j -0.00127122-0.00129083j -0.000490615-0.00347687j 0.00161668-0.00101242j 0.00505385+0.00364214j -0.000649899-0.00383205j -0.00314167-0.0010138j -0.00378991-0.00180536j -0.00131673-0.00289003j 0.00320086+0.000357441j 0.00263137+0.00273695j 0.000718239+0.00300868j 0.00258528+0.0021891j -0.002427+0.000619684j 0.00127501+0.00210717j 0.00420924+0.00106437j -2.80741e-05+0.00399946j -0.00374278+0.00267693j 0.000373465-0.00358608j -0.000668039-0.000285023j -0.00262585+0.00370233j -5.39044e-05+0.00493618j 0.00266544+0.000668944j 0.00239504+0.00135614j 0.000824081+0.00196369j 0.000631942+0.00174532j -0.000410918-0.00173509j 0.00162093-8.97006e-06j 0.00079563-0.00189232j 0.00277925-0.00073957j -0.000468806-0.00213104j 0.000564196+0.0024875j -0.00130197+0.00119337j 0.00190231-0.00365851j -0.00183775+0.000121469j -2.74394e-05-0.00179101j 0.000459858+0.00185765j 4.87657e-05+0.000203444j -0.000782083+0.000250305j 0.00227085-0.00245541j -8.91481e-05-0.00161803j -0.000353522+0.00103276j -0.000692638-0.00343247j 0.000729544-0.00222431j 3.61187e-05-0.000315915j -0.00311228+0.00445275j -0.00277437-0.00414489j -0.000852807+0.00193019j 0.0015484-0.0025366j -0.000492342+0.000470211j 0.00327749-0.0020305j -0.00120174-0.00318829j 0.00468582-0.00121238j 0.00198289+0.00031941j 0.0027373+0.00381062j 0.00222039+0.00125069j 0.00461424+0.000913943j -0.000763244+0.00024305j 0.00221883-0.00196362j -0.00467197+0.00192411j -0.000901688+0.000858352j -0.00265681-0.000154285j -0.000521073+0.00227371j -0.00160981-0.0010731j -1.42828e-05+0.00152069j 0.000778663+0.00360292j -0.00204779+0.000225285j 0.0017507-0.00285596j 0.00358875-0.0037751j -0.00232941+0.00138597j -0.000743034-0.00188985j 0.00337524+0.00256802j 0.0027395+0.00369319j 0.00615748+0.0042958j 0.00082968-0.00409228j 0.000869052-0.000762564j -0.00423503+3.99174e-05j 0.000110239+0.00108678j 0.00362997+0.0040755j -0.00381596+0.00319008j -0.00466641+0.00149149j -0.000539215-0.00353406j -0.00394306-0.000466126j 0.0011198+0.00362305j -0.000459081+0.00194179j 0.000388331-0.00315298j -0.00117729+0.00208196j -0.00073967+0.00123536j -0.0024478+0.00272229j -0.000291082-0.00415545j 0.00285493-0.00108226j -0.0032764+0.00126786j 0.000804444+0.00166679j 0.00146316-0.000958726j 0.00208208-0.000780157j -0.00279484-0.000480624j 0.00134991+0.000986831j 0.00191018+0.00136411j -0.00550164+0.00252463j 0.00130074-0.00224556j -0.0021446+0.00186053j -0.000322901+0.00177362j -0.000455657+0.00178286j 0.000422718-0.00127691j 0.00204724-0.000458745j 0.00186435-0.00298339j 0.000647761-0.00123987j -0.00138914+0.000995535j 
0.00166746+0.00163929j 0.00141336-0.00125058j 0.000148818-0.00230755j -0.00121602-0.000237191j -0.00595968-0.00259013j 0.00146481+0.000787725j -0.00502503-0.001889j -0.0377183-0.0176885j -0.0936629-0.0298726j -0.0330802-0.00292273j 0.0254432-0.000165671j 0.00279971+0.0050048j -0.000765807+0.00206196j 0.00229844-0.0024495j -0.00363487+0.015823j 0.000356288-0.000915491j -0.000425415+0.00154485j 0.00382525-0.00461916j -0.0136089-0.00455592j 0.00321932+0.00158686j -0.00174363+0.00183315j 0.00233925-0.00744178j -0.00634241+0.00041832j -0.00484056+0.00303582j 2.04106e-05-0.000922287j 0.00126989+0.0124363j 0.000442193+0.00758668j -0.000136687+0.00209555j -0.00290643-0.00846639j -0.00479509-0.00242957j 0.000555222+0.00436641j 0.00178647-0.00315553j -0.00717122-0.00118925j 0.00356172-0.000761594j -0.0024558+0.00915414j 0.00039595-0.000862302j -0.00433561+0.00479368j 0.00600399+0.00325911j -0.00133397-0.000370874j -0.00635661-0.00735366j 0.00418773+0.00274245j 0.000148494-0.000159039j -0.00165898+0.00135069j -0.00572064-0.00513242j 0.00552557-0.0068016j -0.00351596-0.00289412j 0.00125568-0.00117754j 0.00237822-0.00286834j -0.00647893+0.0007475j -0.000126148+0.00563167j 0.00578504-0.00204065j -0.0064478-0.00105847j -0.00153374+0.000618099j -0.00303831-0.00232267j 0.00248273+0.00150644j 0.00492972-0.00428556j -0.000286383-0.0005877j 0.00378497-0.00779322j -0.000170356+0.00324344j 0.000888513+0.00212462j 0.00225844-0.00124441j 0.00616741+0.00187393j 0.00563975+0.0042894j -0.000488182-0.001946j 0.00414289+0.000545611j 0.00114938-0.000302905j 0.00158139+0.0017059j 0.000474281+0.000235785j -0.00204219+0.00390297j 1.94342e-05+0.00175168j -0.00204418-0.000342824j 0.00325893+0.00360377j -0.00190263+0.00345574j -0.000305101+0.00298649j -0.00489339+0.000788666j 0.00489998-0.00566721j 0.00397141-0.00241946j 0.00248211-0.00104236j -0.00401613+0.000989443j 0.00327834-0.00638207j 5.49137e-05-0.00365772j 0.000211081-0.000370412j -0.00679477+0.00476436j 0.00203282+0.000158085j 0.00339806+1.41383e-05j -6.85422e-06-0.00418906j 0.00134495+0.000769467j -0.0014547+0.00281217j 0.000990901-0.00119786j -0.00614693+4.30043e-05j 0.00131228-0.00316857j -0.00191627-0.00215148j -0.00389465+0.00298138j 4.78268e-05+0.00184922j 0.00162435+0.00021297j 0.00362345+0.00280071j 0.00143283-0.0026279j -0.00113255-0.00037074j -0.000657694+0.00098873j -0.00133365-0.00210642j -0.00170371+0.00135325j -0.000185888+0.00200975j 0.000301174-0.00234431j -0.000736659+0.00180607j -0.00091867-0.00189387j -0.000516436-0.00374459j 0.00382323-0.00296818j -0.000835337-0.00275787j -0.00233088+0.00413932j -0.00190635+0.00125235j 0.000817807-0.00334445j -0.000952086-0.00261966j 0.00135338-0.00172873j 0.000441121-0.00215649j 0.00223537-0.0022739j 4.19856e-05+0.0022882j -0.000381159+0.000881037j -0.000388131-0.00161477j 0.0013581+0.000502132j 0.00108258+0.00188864j -0.00173923+4.42039e-05j 0.00245111+0.00391644j 0.00109037+0.00168073j 0.00370568+0.000472922j -0.00100256-0.00207792j 0.00130945-0.000467122j 0.000200749+0.000640933j 0.00133494-0.00230745j 0.00166924+0.00321928j -0.00143041-0.000798355j -0.00445927+0.00087767j -0.000352584-0.00105393j -0.00177031+0.000619571j 0.00224575-0.00124119j 0.000531659+0.00155628j 0.00137585+0.00196335j 0.00094297-0.00214169j -0.00119214-0.00331905j 0.00284387-0.000616925j -0.00198254-0.00220201j 0.000238854-0.000384787j -0.00133868-0.00070489j 0.00108605+0.00105205j 0.00139932-0.000342487j -0.00467118-0.00042293j -2.45289e-05+0.00158144j -0.000878163-0.0021533j 0.00131537+0.00155629j -0.0008132+0.00026417j 0.00505964+0.000329028j -0.00152774-0.00123139j 0.00288523+0.000470815j -0.00200153-0.000716846j -0.00396297+0.00134841j 0.000779508-0.00136743j -0.000511756-0.00365538j 0.00148245-0.000666037j 0.00210104-0.000565048j 0.000501954-0.000812614j 8.35322e-05+0.00118405j -0.00172845+0.000597279j 0.00507315-0.000626325j 0.000150149-0.0013277j -0.00163083+0.000137282j 0.00226502-0.00184056j 0.00088086+0.00192908j 0.000143279+0.00118119j 0.00110467-0.000620258j -0.000242209+0.000252905j -0.00380379-0.00156805j -0.00142099-0.00115312j -0.00155353+0.000827717j -0.00593827+0.00334438j 0.0021767+0.00192295j 0.0041564+0.000667337j 0.00302068-0.00552226j 0.00202233+0.00320936j 0.000134922-0.000695228j -0.00065164+0.000604799j 0.00195106+0.00307141j 0.00362253-0.00277054j -0.00188246+8.25832e-05j 0.00256837+0.00378926j 0.000208368+0.000244987j -0.000293201+0.00493788j -0.000307089-0.000454258j -0.00147423-0.000398695j 0.000199737+0.000592476j 0.00119102+0.000745281j -0.0035894+0.00308429j -0.00287932+0.00138871j -0.00117378+0.000291968j -0.00154759+0.000645741j -5.05841e-05+0.00302018j -0.00105897-0.00334907j 0.000961537-0.00310194j 0.00123544-0.000191808j -0.00266172+0.00391178j 9.89086e-05-0.00227796j 0.00180723+0.000660109j 0.000110827+0.0028788j -0.00102747+0.000124418j 0.00279952-0.000160537j 0.000895535+0.00135156j -0.00217048-0.000133684j -0.00196836+0.000868435j 0.0011135-0.000153043j -0.00109958-0.000686458j -0.00100223-0.000804778j 0.00079704-0.000286396j 
-0.0018509-0.000503571j 0.000768946-9.21681e-05j 0.00240626+0.00111323j 0.00198845+0.00188375j -0.000417741+0.00115334j -3.9392e-05+0.00267784j -0.00019747+0.00181897j -0.0132628+0.00402198j -0.0428264+0.00792397j -0.0229355+0.00175804j 0.0197127-0.00205531j -0.00586948+0.00410128j -0.00387619+0.00237671j 0.00450568-0.00284226j -0.0204509-0.00146431j 0.00118682-0.000570299j 0.00715185-0.0019419j 0.00352326-0.00646478j 0.00770233-0.00744916j -0.00810792-0.00362841j -0.000304582-0.00176773j 0.00255752+0.00102282j 0.00907368-0.0106553j 0.00211745-0.000772203j 0.00331071+0.00274467j -0.000449966+0.00126938j -0.00624373-0.00211077j 0.000131719-0.00316102j -0.00578324-0.00747919j 0.00306759-0.0066109j -0.00192026-0.00157964j 0.00296716+0.00264738j 0.00409207-0.00532545j -0.00110072+0.00230406j -0.00334942-0.001075j 0.00160655-0.00360807j -0.00139156-0.00429388j -0.000361913+0.00446885j 0.00756209-0.000871471j 0.00549165+0.00337405j -0.00144053+0.00326993j 0.00231233-0.00114316j -0.00990818-0.00308546j 0.00325104-0.000192984j -0.00132099-0.000412616j 0.00412363+0.000876852j 0.00190396+2.85172e-05j -0.00677381-0.00193649j -0.00175395-0.000319683j -0.000539728+0.00223567j -0.00733944+0.00418765j 0.00458698-0.00285307j -0.00207949-0.000565486j 0.00426465+0.000538067j -0.00319611+0.00191005j 0.00209353-0.00198607j -0.00461318-1.13835e-05j 0.000275166-0.00168543j -0.00315778-0.000722151j -0.000660868-1.30466e-05j 0.00281888+0.000294673j 0.0015687+0.00392785j -0.00543842+0.00284696j 0.00214555-0.00147492j 0.00105933+0.000874327j 0.00314776-0.00110266j -0.000371383-0.00106539j 0.00209228+0.000148939j -1.59403e-05+0.00156718j 0.000206132-0.00137302j -0.00117856-0.00109344j -0.0030669-0.00315604j -0.00514607-0.00300204j 0.000288423+0.000688406j 0.0027964+0.00014941j 0.00499717+0.00118835j -0.000180893+0.000969488j -0.00135718-0.00192409j -0.000888508-0.00493249j 0.00463101+0.000224474j 0.00398171-0.000618886j -0.000323461+0.00240311j -0.0019255-0.00405938j 0.00134385-0.000264333j -9.57928e-05+0.00249445j 0.00492918+0.00116907j -0.000402191-0.00189659j -0.0036187-0.00369205j 0.00425784-0.000969569j 0.000241651-0.00147078j 0.00439858+0.000240434j 0.000804585-0.00303665j -0.00227369-0.00145897j -0.00197833-0.00314741j 0.00181669-0.000416555j -0.000641987+0.00397886j 0.000203306+0.000366912j 0.00110686+0.00419392j 0.0018041-0.00570412j 0.00176735+0.00306686j -0.00387471-0.00236738j -0.000584139+0.00240132j 0.0029021+0.00311883j 0.0024354+0.0011819j 0.0013012-0.00188335j 0.0048247-0.00253712j -0.00436882+0.00241137j 0.00360347-0.000119035j -0.00585078+0.00285071j 0.00190426-0.00474261j 0.00463692+0.000458151j 0.000632167+0.00269021j 0.000100789+0.00142382j 0.00184017-0.00481182j -0.000920813+0.00336478j -0.00127124-0.000919007j -0.00584769+0.000379923j -0.0049808+0.0027911j -0.00623053+0.00102485j -0.00320092-0.00249078j -0.0017431+0.00287612j -0.00044558+0.000553867j -0.000503444+0.000344322j -0.00345665-0.00252737j 0.0023762+0.000706828j 0.00202256-0.00185788j -0.00097352+0.00220073j 0.00185267+0.000520718j -0.0026326+0.000323588j -0.000571782+0.000244497j -0.00231665-0.00614012j 0.00219698+0.00211783j -0.00269472+0.00343534j -0.000971427-0.000550768j -0.00129151+0.00214711j 0.00420761+0.000930957j 0.000626665-0.00313448j -0.00254382-0.00621061j -0.000129257+0.00157275j -0.000811762-0.000149025j -0.00109347+0.00350126j 0.000633841+0.00279811j 0.00105234-0.000398232j -0.000825245-0.00215411j 0.00215006-0.00222203j 0.00231009-0.000239902j -0.000292124-0.0004978j -0.000168066-0.0021034j 0.00148011-0.000457774j -0.00350653+0.000136711j 0.00158797-0.00153622j -0.00110835-0.00129027j 0.00094187+0.00137625j -0.00084683+0.000517495j -0.00162809+0.00527741j -0.00186168-0.00176737j -0.00282604+0.000796419j 0.00265564+0.00287865j -0.00122037+0.00116255j 0.00416099-0.000200306j 0.00154993+0.00165592j -0.000362671-0.00110842j -0.00157104-0.000925184j -0.00252575-0.000954254j -0.00439471-0.00129688j -0.000370735-0.000226917j -0.000577534+0.00245934j -0.00442344-0.002262j -0.000672019-0.000955032j -0.00146061-0.000274641j -7.08404e-05+0.00302057j -0.00291853-0.00419969j -0.000483189-0.000512123j -0.00107945+0.00353111j -0.00186117+0.00169674j -0.00397162+0.000748777j 0.00317825-0.00096524j 0.000227812+0.00180612j 0.00162539-0.00441919j 0.00107374-0.00151065j -0.00287076+0.00285856j -0.00364566-0.000686884j -0.000810683-0.000807492j 0.00408266-0.000227403j 0.000975262-0.00153841j -0.00243104-0.00110376j 0.000764563+0.000140586j 0.0042396-0.0014291j 0.00100524-0.00187952j -0.00126641+0.00352395j -0.00306873-0.00107244j 0.00189306+0.000430343j 0.00245715+0.0016939j -0.00331511-0.00523832j -0.00278946-0.0019883j 0.00511233+0.000638252j 0.000635003+0.00257132j -0.00182979-0.0037551j 2.34562e-05+0.00033714j 0.000155859+0.0055924j -0.00401216+0.001119j 0.00123621+0.000823844j 0.000446307+6.39153e-05j -0.00526796+0.000981106j -0.0024949-0.000383846j -0.00162958-0.00120496j -0.00182175+0.000365885j 0.00297063-0.000796137j 0.00232477+3.24926e-05j 0.00121753+0.000106594j 
0.00025907-8.45636e-05j -0.0013825+0.000121287j -0.000185304+0.000253632j 0.000947598-0.000476927j 0.00285081+0.00241106j 0.00229692-0.00191504j 0.00319922+0.00146582j 0.031223+0.030083j 0.0868284+0.0771223j 0.0323279+0.0308434j -0.0260794-0.0252164j 0.000243717-0.000508076j 0.00196766+0.00164176j -0.00347019+0.00026247j 0.00832178+0.0076076j -0.000851158+7.53661e-06j -0.00212877-0.000749188j -0.00839886+0.000752981j 0.00888363+0.00863423j -0.00404525-0.000597148j -0.000791746+0.00262031j -0.00535667+2.3705e-05j 0.00142091+0.00181722j 0.0032376+0.00107652j -0.00272808-0.000959747j 0.0064918-2.54283e-05j 0.00451499-0.00358823j 0.000584701-0.000284296j -0.00556819+0.00237331j -0.00218614+0.00394667j 0.00118927-0.00377469j -0.00213064+0.00318567j 0.0017358+0.00416818j -0.00272418-0.0002128j 0.00645719-0.000593443j -0.00256864+0.00176988j 0.00146063-0.004231j -0.000786108-0.00259609j -0.00153975-0.00171363j 0.00149276+0.00219931j -0.000900634-0.000919516j -0.00199535-0.000626084j 3.58306e-05+0.0028882j -0.00313803+0.00429502j -0.00757925+0.00653754j -0.0011622+0.00269422j -0.00245144+0.000235159j -0.00531783+0.00113379j 0.00249793-0.00258713j 0.00710773-0.00377107j 0.00127075-0.000114906j -0.00374549+0.00393939j -0.00102829+0.00352537j 0.00100601+0.00057354j 0.00683949-0.000434549j -0.000180172-0.0020585j -0.00471206+0.00245792j -0.00260929+0.00069008j -0.0021211-0.00118714j 0.000435579-0.00117094j -8.84733e-05-0.00236187j 0.00232908-0.00463247j 0.00140798-0.00124906j -0.00278997-0.000725371j -0.000880932-0.00119606j -0.00371491-0.00131265j -0.00132882-0.00403922j -0.00101208-0.00503505j 0.000521459-0.00163042j 0.00182711+0.00193149j -0.00106009+0.000629556j 0.0015371-0.000866222j 0.0016005+0.00468181j 0.0020973+3.92691e-05j 0.00380383+0.00527146j 0.00161604-0.00104714j -0.000359272+0.00112254j 0.00205632-0.000345183j -0.00144082-0.00166508j 0.00182547-0.000131552j -0.00180676-0.000261061j -0.00218842+0.00164779j -0.00130398+0.00349439j -9.58347e-05-0.000836892j 0.00354825-0.00322003j -0.000717119-0.00162644j 0.00388292-0.00365081j 0.00169687-0.00420388j -0.0014364+0.00243229j -0.000173637+0.00341435j 0.00116426-0.00321435j -5.64585e-05+0.00212497j 7.51969e-05+0.00238214j -0.000524522+0.00322785j -0.0038132-0.00160109j -0.000805211-0.000442231j 0.00588788-0.000174726j 0.00102686-0.00223342j 0.000797114-0.00132807j -0.000872068+0.00378391j -0.0027103+0.000830317j -0.00147672+0.00407548j -0.00225957-0.00206916j 0.00506655+0.00170853j -0.00414482-0.000989783j 0.00134842-0.0044928j -0.0022235-0.00346786j -0.000935171-0.000893892j 0.000189914+0.00429312j 0.00220539+0.000314125j 0.000403025-0.0021096j -0.00640853+0.00494268j 0.000160534+9.93066e-05j -0.00256723-0.00142626j -0.00121892+0.000237675j 0.00386717-0.00334686j 0.000819052-0.000752397j -0.00160558-0.000312206j 0.000871254+0.00150958j 0.00131109+0.00156876j -0.00336633-0.00284899j 0.00584128+0.00059007j 0.00348506+0.00388347j 0.00133875-0.00362827j -0.000433797+0.00222159j 0.00221935+0.00235919j 0.00306783+0.00347018j -0.00266509+0.00124396j 0.00319922-0.00423697j -0.00244086+0.00155104j -0.00336958+0.00044617j -0.00174957-0.000463603j -0.000481062-0.000376386j 0.00316473-0.00330906j 0.00177594-0.000576088j 0.00246114+0.00325664j -7.95289e-05-0.00361913j 0.00163487-0.00573284j -0.000809727-0.00147059j -0.00360769+0.00155031j -0.00107324+0.0014792j 9.50726e-05+0.00114291j 0.00114269-0.00105282j -0.00190165-0.00249681j 0.00111043+0.00148698j 0.00399279+0.000579852j -0.00179921+0.00223079j -0.000156775-0.00186083j -0.00211886-0.00154923j 0.00629455-0.00338238j -0.000548313+0.000676213j -0.00121762-0.00209101j -0.00193071+0.00187675j -0.00136085+0.00151029j 0.00170806-0.00262606j -0.00521228-0.00167079j -0.00257146-0.000564675j -0.00332852+0.00303156j 0.00173951+0.000263424j -0.00140419+0.00271677j -0.00219789+0.00102541j 0.000283663-0.00251937j -0.00263599-0.00124558j -0.00424956-9.03372e-05j -0.00172431+0.000262988j 0.0006437+0.000905782j -0.00379854-0.000403177j 0.000445812-0.00315668j -5.9308e-06-0.00118384j -0.00591226+0.0027621j -0.000768094+0.00124836j -0.000551789-7.93452e-05j 0.00344984+0.0020767j 0.00064179+0.00236778j 0.00310728-0.00247817j 0.00023118-0.00245154j 0.00290996-0.000955727j 0.000673186-0.000598691j 0.00111417-0.000270319j 0.00205383-0.00170164j -0.000595383-0.000727163j 3.7329e-05-0.00111599j 0.00161699-0.00325874j 0.000433668-0.00108086j 0.00189029+0.000200823j 0.000479714+0.0017959j -0.000465084+0.00166233j -0.00199415-4.68122e-05j -0.000623264-0.00288004j 0.00174712+0.000436671j -0.000812405+0.00188793j 0.00184293-0.000328045j -0.00140395+0.00189127j 0.000564572+0.000848692j -0.00158212+0.00213492j -0.00179985-0.000910452j 0.000969364-0.000937187j 0.000801437+0.000121583j 0.000304579+0.00154727j 0.00129209-0.00197647j 0.00272925-0.00182896j -1.67276e-05-0.000372758j -0.00132297-0.00256441j 0.00156568-0.000542243j 0.000715881+0.00187607j -0.000192895+0.00162156j 0.000286374+0.000271422j -0.000635969+0.000888394j -0.000170207+0.000606605j -0.000288799-0.0011404j 
-9.36781e-05-0.00118855j 5.32281e-05-0.000633763j 0.000219872+0.00124242j -0.000252313+0.000421999j -0.000690275+0.00447405j -0.000922632+3.6818e-05j -0.00193023+0.00205205j -0.0055275+0.0220776j -0.0085618+0.0449555j -0.000223627+0.00903295j 0.00202852-0.00200269j -0.00129401-0.0065274j -0.000972442-0.00155354j 0.00207098+0.000986906j 0.00561782-0.0152395j -0.00333851-0.000866342j 0.00135914+0.0105681j 0.00704824+0.00612756j 0.00420169+0.0138355j 0.00531794-0.00673339j 0.00291904+0.000840737j -0.00436593-0.00245432j 0.00452247+0.014746j -0.00127034+0.00226459j -0.00406707+0.000473572j 0.00646583-0.00335199j 0.00597806-0.000118613j 0.0065635+0.00203794j 0.0045879+0.00375696j 0.00473771-0.00285508j -0.000411552-0.00221379j -0.00400977-0.00376434j 0.00432393+0.00241843j -0.00349453+0.00183407j 0.00256075+0.000454231j 0.00266821-0.00428163j 0.00479317-0.000148435j -0.00485673-0.000149703j -0.00356508+0.00521118j -0.00566874+0.00278967j -0.00148639-0.000904627j 0.00403873+0.0032499j 0.00301103-0.0033754j 0.00103564+0.000301138j -0.000290283-0.00561867j -0.00139135+0.00600694j -0.000527308-0.00164888j 0.00283952-0.00892105j 0.00197625+0.000541907j 0.000664195+0.00655603j 0.00219227-0.00325755j -0.00454045-0.00394804j 0.000636025-0.00458131j -0.00265878-0.000260619j 0.000811162+0.00603779j 0.00423051+0.0025506j 0.00184984-0.00474868j 0.00206042+0.00225791j -0.00242874-0.00488715j -0.00232819-0.00192995j -0.00142203+0.00301881j -0.00296052+0.00848773j -0.00227007-0.00357647j 0.00324655-0.00102333j -0.00115644+0.00101346j 0.00130773+0.00281542j -0.00241063-0.00190353j -0.00162415-0.000597731j 0.00125894+0.000580702j -0.00146498+0.00151989j -0.00241888-0.00239509j 0.00404088-0.0014066j -0.00245586-0.00574069j 0.00152318-0.00206902j 0.00080025+0.00360924j -0.00469229+0.00564306j -0.00304735-0.00026064j 0.000812015-0.00136879j 0.0013582-0.00232993j -0.00195276+0.00576899j 0.00239112+0.00200201j -0.00409667+0.000642904j 0.0019562+0.00215599j 0.000931615+0.00225833j -0.000229023+0.00388916j 0.00112348+0.00401614j 0.0035119+0.00501196j 0.00499222+0.000420545j -0.00120487+0.000760659j 0.000229417-0.000324836j -0.00158139+0.00502544j 3.73652e-05-0.000306687j -0.00126434-0.00514159j -0.000965427-0.00433273j -0.00101194-0.00221326j 0.000918947+0.00170646j 9.62554e-05+0.00492167j 0.00119275+0.00269214j 0.0051001+0.000925726j -0.00401103-0.000674164j -0.0042084-0.0075438j -0.000543427+0.0014578j -0.000711095+0.00121571j -0.000107071+0.00350701j -2.9622e-05-0.00205878j 0.000486908+0.0042398j 0.00263549-0.00213547j -0.000703105-0.00126266j -0.004051-0.00440111j -0.00224664+0.000503011j -0.00117906+0.00170935j -0.00432664+0.000521292j -0.000606909+0.00201136j 0.0045288-0.000535871j -0.00305521-0.00351174j 0.00213005+0.00282458j -0.00229627+0.00339641j -0.000349214+0.00112972j -0.00141567+0.00127695j 0.00186265-0.000326321j -0.00158772-0.000625934j 0.00103702-0.00352534j -0.00155313+0.00299654j 0.00573221+2.46342e-05j 0.00323699+0.00174415j 0.000927201-0.00111889j -0.0003918+0.00179295j 0.00151226+0.00137445j -0.00061322-0.00201413j 0.00144337-0.000164777j 0.00129439-0.00314195j 0.00167449+0.00258816j -0.000159644+0.00137446j 3.97158e-05+0.00362301j -0.00257196+0.0042274j 0.00104016-0.00257192j -0.00170979-0.00175865j -0.00136136-0.00421174j 0.00286382-0.000592885j -0.000717792+0.00208751j -4.00721e-05+0.000300834j 0.000915561-0.00118753j -0.00094495-0.0010238j 0.0022239-0.000534453j -0.00190657+0.000239403j 0.00163814-0.00249975j -0.00215233-0.0019714j 0.000815397+0.00507j -0.00382279-0.00230364j -0.00185291-0.000454452j 0.00100251-0.00288798j -0.000389708-0.00257261j 0.00193792+0.00272501j -0.00184982-0.00232471j 0.00239286-0.000359689j -0.00255353+0.00129999j 0.0024273+0.00183628j 0.00372723-0.000160427j 0.00370626-0.000622001j 0.00266258+0.000145135j 0.0020291-0.00199547j -0.00233454-0.000432555j 0.00146328-0.000957845j -0.00065718-0.00290068j -0.0038797-0.000560723j 0.000879847-0.000216918j 0.00167421+0.00310933j 0.00208425+0.00281051j -0.00382349+0.00130676j 0.000121019-0.00122527j -0.0037365-0.00260244j -3.89587e-05-0.00265174j 0.00391257+1.58026e-05j 0.00458506-0.000278287j 0.00250973+0.00216914j 0.00081781+0.00090882j 0.00258897-0.00428647j -0.000276984+0.000680984j 0.00168817+0.00116149j 0.00510326-0.00186438j -0.000129342+0.00187113j -0.00296594+0.00339993j -0.000805848+0.000435508j 0.000128624+0.00029187j 0.00126042-0.00135831j 0.00239538+0.000721102j -8.52048e-05+0.00225485j 0.00124906-0.00216039j 0.00252863+0.000730924j 0.00480666+0.00411224j 0.000823587+0.000546814j 9.0947e-05+2.50926e-06j 0.00321556+0.000241686j -0.00129835-0.00361756j -0.00143273-0.000474043j 0.0041502+0.00185893j 0.000781003+0.00095303j 0.00207495-0.0030181j -0.00165061+0.000454182j 2.11879e-05+0.0024232j -0.000483909+0.00300585j 0.00137688-0.000825982j -0.00084029+0.000606049j -0.00304079-0.00179324j 0.000386016+0.00120056j -0.000170714-0.00180382j -0.00238394-0.00232862j 0.00180841-0.000740026j 0.00162505+0.00122081j 0.000691817+0.0013941j 
0.00074195+0.000639637j -3.15746e-05-0.000208633j -0.00105111-0.00140728j -0.000138634-0.00204983j -0.00225462-0.000234721j -3.44273e-05-0.000725757j -0.00178763-0.00210419j -0.0139741-0.0139422j -0.027748-0.0386854j -0.00471686-0.013441j 0.000800857+0.0122033j 0.0028314-0.00145077j 0.00163498-0.000332411j 7.41861e-05-0.00094316j 0.00736416-0.00452992j -0.00216417-0.00252124j 0.00138989+7.07595e-05j -0.00209501+0.000548653j -0.00260378+0.00736011j -0.00067837-0.00148014j 0.000996767-0.000346102j -0.00276843-0.00360791j -0.000796611+0.00194586j 0.00235703+0.00468216j 0.00308379+0.00289528j 0.00746303+0.00346477j 0.000713971-0.00100889j -0.000914247-0.00217437j -0.00408737-0.00423181j -0.00369349-0.00135378j -0.00286105+0.000414465j 0.00178805-0.00377195j -0.00168346-0.000937777j 0.00021683+0.00193099j -0.000624687+0.00315982j 0.000622633-0.00200378j -0.00376195+0.00163198j 0.00239134+0.00243465j -0.000373621+0.00171291j -0.00205393-0.00191963j 0.00526808+0.00537967j 0.00275645+0.000676019j -0.000589307+0.000437843j 0.00068505+0.0014466j 0.00676564+0.00317629j 0.000785357+0.000258651j 0.00177702+0.000997324j 0.000937279+0.00187995j -0.0039555+0.000539054j -0.00396651-0.00347337j 0.000685678+0.000814304j 0.0031526-0.000276065j 0.00184417+0.00210974j 0.00185796-0.00318756j -0.00321862-0.00497513j -0.0014759-0.00119914j 0.00567965+0.00462016j -0.000410102-0.00178568j -0.00391628+0.00517749j -0.00235009+0.000965301j 0.000193411+9.80542e-05j -0.00125866+0.000635559j 0.000714953-0.000727542j -0.00091973-0.000327617j -0.0021414-0.00180694j 0.000165002-0.000993238j -0.00281422+0.00400832j -0.00111312+0.000166563j 0.0016342-0.000138212j 0.000744614-0.00162251j 0.00139822-0.000596007j 0.00168719+0.00177589j -0.00160113-0.000873542j 0.00271304-0.00129419j 0.00315499+0.00139175j -0.0023744-0.00709122j -0.00521704+0.00217204j -0.00253292-0.00225857j 0.00383796+0.00127408j -0.00228511-0.000959801j 0.00051858+0.00039955j -4.03834e-05+0.00245346j -0.001377-0.00217639j 0.00335115-0.00379512j -0.0023695+0.0013679j -0.00110636+0.000451518j -0.00139932+0.000405429j 0.00263138+0.000472352j 0.000710667-0.00555187j -0.000526121+0.000601139j -0.000723243-0.00170646j 0.00238521-0.000973102j 0.000237732-0.002533j -0.00061149-0.00151156j -0.00746195-9.15564e-05j 0.00161865+0.00376693j -0.00172902-5.7162e-05j -0.000765711+0.00142786j 0.00314526+0.00178752j -0.00282373+0.00188634j -0.00030486-7.92269e-05j 0.00117666+0.0015435j -0.00260742+0.00722397j 0.00110033-0.00588156j -0.000111078+0.000426499j -0.0014272-0.00736424j -0.00251105+0.000835163j 0.00230453+0.00371064j 0.00176633-0.00145435j -0.00111331+0.000412776j 0.00255096+0.00238371j 0.000683449+0.00440498j 0.00143914-0.000937934j 0.00106673+0.00214452j 0.00773341-0.00410822j 0.000734492-0.0038996j -0.00644272-0.00344572j -0.00221137+0.00385791j -0.00114304+0.00323531j 0.00104472+0.00079171j -0.000845395+0.00608117j 0.000248078+0.00199258j 7.37737e-06-0.00400817j 0.00101963+0.00338049j 0.00331679+0.00121667j 0.000426144+0.00164522j 0.000422142+0.000771219j 0.00170565+0.00227169j -0.00297225-0.000126854j 0.00243059+0.00330387j -0.000849187+0.00181403j -0.00054814-0.00139606j 0.000348497+0.00402269j -0.00372977-0.00364358j 0.00170448-0.000770152j 7.0502e-06+0.000935714j 0.00259482+0.00196198j 0.000791935+0.00369804j 0.00490253+0.00489145j -0.00139257+0.00104365j 0.00327507+0.00363333j 0.00325611+0.000619777j -0.00286531-0.000977812j -0.00801876+0.00145133j -0.000801251-0.00648366j 0.00209395+0.00138025j 0.000985884+0.00132974j -0.0024539+0.00150383j 4.44605e-05+0.00173245j -0.00327002-0.00258688j 0.00297837+0.00380544j -0.00309013+0.00303886j -0.00229737+0.0015814j 0.000179796-0.00153066j 0.000834918+0.00469441j -0.00249572+0.00239395j -0.00187708+0.00204749j 0.00162844+0.00294602j 0.00229741+0.0016839j 0.000279627-0.00142496j 0.00103961+0.00567705j 0.000653348+0.00137011j 0.00555057+0.00382126j 0.00573612+0.00388602j 0.000119283+0.00169173j -0.00131042+0.00469501j -0.0012757+0.000229237j -0.00311829+0.000883796j -0.00363076-0.00318486j 0.000752077+0.00396168j -0.00355072-0.000705119j 0.000947549-0.000305415j 0.00102402-0.00252409j 0.00208086+0.00402929j -0.00201793+0.000501496j -0.000690483+0.00281974j 0.000154478-0.000303194j -0.000617197+0.000702547j 0.000940135+0.000151221j -0.00105302-0.00133021j -0.000914171+0.00386912j 0.000368553-0.00308618j -0.00268716-7.11017e-05j -0.000311729-0.000757198j -0.000280145-0.000589933j 0.00259038-0.000295349j 0.00154036-0.00049883j -0.000610193-0.00499621j -0.0011046-0.00581139j 0.00240181+0.00262757j 0.00107566-0.00207993j 0.00297024+0.00108142j 0.00148056-0.000172713j -0.00102313-0.000502022j 0.000304684+0.00271665j -0.000310903-0.00122227j 5.58157e-06+0.00296772j 0.000713298-0.00113059j -9.95409e-05-0.000573329j 0.00531202+0.00129404j 0.000432292+0.00308141j 0.000811326+0.000981709j -0.000738493-0.00123009j 0.000967841+0.0039441j 0.00136774+0.000964035j 0.000809173+0.00108497j 5.00186e-05+0.000466684j -0.000372101-0.00264382j -5.85574e-05-0.00181481j -0.000748693+7.84984e-05j 
-0.000329425-0.000475257j -6.77903e-05+0.000744532j -0.000404485+0.0011197j 0.000882511+0.000396902j -0.00216993-0.000744392j -0.000837075+0.000526695j -0.00291984-0.00083178j -0.0197405-0.0139499j -0.046536-0.0409735j -0.0115641-0.0173064j 0.00996024+0.0140873j -0.000211988+0.00263362j -0.00148488+0.000292903j 0.00214657+0.000661729j 0.00128351-0.00458846j 0.000230967+0.0025676j 0.00169734+0.00314581j 0.00624954+0.00240986j 0.00393002-0.0118544j -0.000120449+0.00124644j 0.000977281-0.00152905j -0.00326535+0.0044388j 0.00468394-0.000819855j 0.000417574-0.00387256j 0.000381466+9.66365e-05j 0.00263356-0.00998776j -0.00246778-0.000372175j 0.00333214+0.000624553j 0.00199969+0.00777098j 0.00306282-0.00300968j -0.00331636-0.00153008j -0.00136633-0.00127806j 0.00267089-0.00423019j -0.000278825+0.00293805j -0.000707115-0.00432147j 0.000515877-0.00422684j -3.8223e-05-0.0005619j -0.0004566+0.00141422j -0.000815605+0.00391377j -0.000904597-0.00137856j -0.0016322-0.00246801j 0.000540066+0.000822084j 0.000928252-0.00129816j 0.00149795+0.000671542j 0.00181098+0.00111338j 0.00342565+0.00150541j -0.000350667+0.000201925j 0.000670729+0.000805587j -0.00377971+6.64172e-05j -0.000860381-0.00443415j 0.00150731-0.00510505j -0.00348021+0.00384956j -0.000659418+0.000360003j -0.00236826+0.000178986j -0.00182674-0.00867728j 0.00219726-0.001718j 0.00254285+0.00364133j 0.000753322-0.00178635j -0.0012815+0.000247564j -0.00130246-0.000494851j -0.00224741+0.00143822j -0.00336108+0.000816097j -0.00210178+0.00278381j 0.00180758+0.00151512j -0.00194674-0.00178219j 0.000869966+0.00215586j -0.000412034+0.00199135j -0.00146635+0.00346233j -0.00175809+0.00317807j -0.00185528-0.00112623j -0.00343357-0.00101314j -0.000535082+0.00092742j -0.00247724-0.00392015j 0.00305089-0.00217694j -0.00108019+0.000705394j -0.00362723-0.00723926j 0.000731473-0.00446823j -0.000968384-0.00350728j 0.000416073-0.00479447j 0.000220081-0.00508812j 6.87545e-05-0.000139213j 0.000548206+0.000142126j 0.000535265-0.0014531j -0.000309574+0.000132998j 0.000515468-0.00316782j 0.00161213-0.00115486j 0.00184328-0.00140929j 0.00117055-0.000749799j -0.00199441+0.00603517j 0.000921252+0.000501032j -0.00066861-0.00298407j -0.000397894-0.00141724j -0.00460463+0.00317848j -0.00181481+0.0019577j -0.000887485-0.000202385j 0.0010402+0.00177464j 0.00122784-0.0106292j -0.000111842-0.00215025j 0.0012488-0.00358962j -0.00390139+0.00178159j -0.00198836+0.00610245j 0.00433234+0.00020213j 0.00191634+0.000138888j -0.000781454-0.00659412j -0.00134767+0.00139756j -0.00184921-0.00135448j 0.00343843-0.000208478j -0.00208311-0.00054977j -0.0035018+0.00124364j -0.00444619+0.00210813j -0.00149236-0.0024591j 0.000146226+0.00636642j 0.000800519+0.000566265j 0.00227148+0.00107353j -0.00217404-4.29591e-05j -0.00144142-0.00426778j -0.000937706+0.00335951j 0.001899+0.00055887j -0.000420505-0.00457565j -2.54836e-06-0.00376876j -0.000340931+0.00496542j 0.000856542-0.00216655j -0.0018289-0.00165261j 0.00212436-0.00517682j 0.000747073-0.00121218j 0.00511945-0.00607262j 0.00101404-0.00443j 0.000754898+0.000499136j -0.000250651-0.00149591j 0.00135733-0.000708606j 0.000330262+0.0049387j 0.00162646+0.000639255j 0.00078496-0.000873321j 0.000120106+0.00146314j 0.00225861+0.000855007j 0.0018689+0.00100589j 0.000341932+0.000311078j 0.00220077+0.000386015j 0.00164622-0.00361376j 0.00362072+0.0023606j -0.000320555-0.00249725j 0.000203076-0.00196514j -0.00122457+0.00227331j -4.99437e-05+5.85067e-05j -0.00120332+0.00104554j 6.21471e-05-0.00409392j -0.00168613+0.000969591j 0.00282728+0.00295012j -0.0020868+0.00560947j -0.0027741-0.00666239j 0.00148824-0.00061872j -0.00143393+0.000498675j 0.00496564+0.00279604j -0.00179966+0.00285591j -0.00192393-0.00364386j 0.00255818+0.00751127j 0.00246646+0.00201426j 0.00127456+0.00142986j -0.00125262-0.00587683j 0.000416096+0.0021155j 0.000279349+0.000331869j -0.000352847-0.00313811j 0.00170631-0.00136975j 0.000599028+0.00179885j 0.000988971+0.00184538j 0.00283796-0.00157663j 0.00315639+0.00512099j 0.00283081-0.000257234j -0.00200863+0.00243968j 0.0026044+0.00594074j -0.00283863+0.00125737j -0.000919789-0.000281646j 0.000795609-0.00435675j 0.00148408-0.00458221j 0.00274439-0.00445471j 0.00036561-0.00561397j -0.00275893-0.000843698j -0.000107757-0.000427551j 0.00166073-0.00201686j 0.000126971-0.000882024j 0.00215197-0.00167296j -0.00129044+0.000523232j -0.000682966+0.00180918j 0.000146028+0.00267476j 0.00109016+0.000945199j 0.00172698-0.00269985j 0.0015644+1.24049e-05j 0.00053443+0.00253853j 0.000546746+0.00133192j 0.0031141-0.0016571j 0.000256636+0.000281012j -0.00188736-0.000903304j 0.00187539-0.00197672j -0.00262211+0.000455654j 0.000613518-0.00329173j 0.00345024-0.00123719j 0.000298851-0.00113569j 3.49327e-05-2.35836e-05j -0.00186657-0.00145925j -0.00120122+0.00139478j 0.000298383-0.000304676j 0.00122565-0.00110635j -0.000912301+0.00150772j -0.0028365-0.000590203j 0.000435079-0.00191929j 0.000276932-0.000749491j -0.0020699+0.000772535j 0.00194428+0.000361965j 0.00177649-0.000126092j 0.000328454-3.66288e-05j 
-0.000209608+0.000338072j 0.000388669+0.000798871j 0.00102999+5.82599e-05j 8.31183e-05-0.000644397j 0.000983097-0.00100642j 0.000840453-0.00101081j 0.000815225-0.000653697j 0.0111924-0.00104855j 0.0264301-0.00173165j 0.0056918+0.00380649j -0.00509434-0.00387897j -0.00381199+0.00317722j 0.00303447+0.00103827j -0.000830448-0.00176641j -0.00674688+0.00681382j 0.000690009-0.000743618j -0.00232396-0.00637727j -0.00932556+0.00104173j 0.0106107-0.00103303j -0.00773233+0.00567396j -0.00271003+0.00130288j -0.00342025+0.00363655j -0.00157197-0.00661821j 0.00467687-0.000651297j 0.00151041-0.00150945j 0.0049706-0.00427635j -0.001987+0.0011299j -0.0035358+0.00114507j -0.0106297+0.00553629j -0.00222409+0.00547606j 0.00256021+0.00251256j -0.00116443-0.00275285j -0.00294493+0.00173005j 0.000760757-0.00095411j 0.00223426+0.0007862j 0.000176385+0.000628802j -0.00110719+0.00505109j 0.00269049-0.00247061j 0.00170506-0.00332099j 0.00032607-0.000833814j 0.00523682-0.00462375j -0.00112604-0.00266924j -0.00259395+0.00376112j -0.00161965-0.00127553j -0.000664212-0.00666876j -0.000396282-0.00292171j 0.000576263-0.00231532j -0.000375914+0.00327008j -0.00017447+0.00602268j 0.00254183+0.0030699j 0.00241526+0.000345248j -0.00235274-0.00357014j -0.00056267-0.000932429j 8.18006e-05-0.00321037j 0.00185191+0.00158938j -0.00329143-0.00285416j -0.000962071-0.00362201j 0.00134869-0.00192307j 0.00708026+0.000910942j 0.0050912+0.000148871j 0.000647382-0.00166998j 0.00277119-0.00257771j 0.000644443+0.00124227j -0.000735594+0.000717925j 0.0048561+0.0020473j 0.00119907-0.00307675j 0.00489018+0.000562714j 0.000974645+0.000175612j -0.000995541+0.000371055j 0.000656983-0.00363896j 0.00106999-0.00161075j -0.00131549-0.00364867j 0.00211783+0.00286182j -0.0030629+0.00226075j 0.00285451-0.00603112j 0.00288242+0.00197004j 0.0052148+0.00184569j 7.81117e-05+0.00239602j 0.000138374+0.000342678j 0.00220199-0.000744369j -0.00109789-0.00113646j 0.00365366-0.000567262j -0.000100645+0.000903134j -0.00235892+0.000230939j 0.00231784+0.000826374j 0.000844163+0.00097728j -9.60571e-05-0.00146096j -0.00234254-0.00306236j -0.00178319+0.000924228j -0.000417825+0.00283098j 0.00224147-0.000959159j -0.00207933-0.000844803j -0.0022732-0.000886207j -0.000459662+0.00157817j 0.00396279+0.00694674j 0.0031245+0.000201132j 0.00281704+0.00142762j 0.00177627+0.00105153j 0.00393223-0.00413628j 0.00112523+0.00120997j -0.00208772-0.00167949j 0.00109425+0.00203886j 0.00450452+0.00153526j 0.00155181+0.00228453j 0.00250841-0.00213802j -0.00414368+0.000671383j -0.00416083+0.00332523j 0.00218869-0.0031406j 0.000933972+0.00133855j 0.00182944-0.00344132j 5.7052e-05-0.00237058j 0.00488264-0.000364667j -0.0018905-0.0025372j -2.80976e-05+0.00179525j -0.006078-0.00494217j -0.00073949-0.00205524j -0.00460264+0.0046992j 0.00027523+0.00261204j 0.00356387-0.00168688j 0.00128903-0.000225884j 0.00226048-0.000289796j 0.00167162-0.000249566j -0.00100511-6.99646e-05j 0.00107439-0.00212488j -0.0012359-0.00274067j 0.00340151+0.00115835j 0.0019065-0.00032912j 0.00035264-0.00265435j -0.00179258+0.000720345j 0.000910499-0.00173916j -0.00338125-0.000797034j -0.00240003+0.00370251j 0.00256268+0.00208383j -0.00356016+0.00243954j -0.000731192+0.000464327j -0.000909619+0.00142724j 0.00228966-0.00225509j 0.00140342+0.00171248j 0.00509724-0.0020653j 0.00318384+0.00218643j 0.00187303-0.00237126j 0.00130127-0.000536594j -0.00114004-3.33491e-05j 0.00155425+0.00309997j -0.00278103+0.00453286j 0.00293672-4.10928e-05j -0.00169825-0.00240499j 0.000143634+0.00141223j -0.00010018-0.00258927j 0.00126994+0.000943754j 0.00278486-0.000718378j 0.00184834+0.00189087j -0.00137187+0.00488317j -0.000436511+0.00341836j 0.00116302+0.00299194j -0.0022804+0.000663835j -0.000881696+0.00241294j -0.00201576-0.00213736j 0.000361283-0.000102414j -0.0021667-0.00216711j 0.00352322-0.00221201j 0.00414381+0.000538037j 0.0024693-0.00550863j 0.00228914-0.00481315j -0.000785912-0.00295788j 0.00478216-0.000249256j -0.0051292-0.000714321j 0.000161834+0.00165555j -0.00194433+0.00143622j -0.00114483+0.00238601j -0.00252082+0.00341891j 0.00163111-0.00170108j -0.0015157+0.00207698j 0.00166978+0.00011186j 0.000433573+0.000260343j 0.00201289+0.000942772j 0.00222419+0.000411772j -0.00195403+9.31117e-05j 0.00169182+0.000209003j -0.00234542-0.000702908j 0.000244494+0.0014537j 0.000810155-0.00206464j -0.00134437-0.00314777j 0.000816755-0.000530375j -0.0019807-0.00103612j 0.000257025+0.000765837j 0.000272098+0.000254862j -0.00181161+0.0013082j -0.000832166-0.000341211j -0.0042819-0.000285636j -0.00138061+0.000214526j 0.00191908-0.00108815j 0.000849662+0.00392323j -0.000272629-0.000235808j 0.00108612+0.00263341j -0.00111894+0.00144941j 0.00146457-0.000446414j -0.00165262+0.000206711j 0.00205043-0.000912646j -0.000270185+0.000123267j -0.000436049-0.00424757j 0.000266762+0.00127717j 0.000420358-0.00176217j 0.00112982-0.00057783j -0.000324032+0.000378074j 0.00050596+0.00199107j 0.00143518+0.000725348j -0.000426712+0.00185519j -0.000591082+0.000379621j -0.000542182-0.00115135j 
-0.000446276-0.000326304j 0.000233906-0.000629273j 0.0012538+0.000671047j 0.000832293-0.000773951j 0.000326078+0.00485553j 0.00151493-0.00128009j 0.000400817+0.00386486j 0.000423212+0.0416556j 0.00257613+0.101547j 0.00192366+0.030528j -0.00304628-0.0214509j 0.00256925-0.00459998j 0.00263564+0.000686667j -0.00192259+0.00151436j 0.00439643-0.00165549j 0.000251734-0.00140799j -0.00384487+0.000379739j -0.00439791+0.00503447j 0.00131835+0.00380272j -0.000769655+0.00139951j -0.000277834+0.00404774j 0.00107094+0.00215673j -0.00328592+0.000971228j 0.000952205-0.00366493j -0.00103032-0.00265701j -0.00134646-0.000221095j 0.00080522-0.00176367j 0.000235737-0.000427762j -0.000483813+0.0013381j 0.0010109+0.00350498j -0.000572249-0.00272355j -0.00177544+0.00668459j 0.000762908+0.00439807j -0.00152404+0.000361706j 0.00209655-0.00170348j -0.000705028+0.00153869j 0.000129781-0.00294239j 0.00328956-0.00475869j 0.00051525-0.000588561j -3.84789e-05+0.00234144j -0.00121021-0.00254057j -0.0015754+0.00164967j -0.000806859+0.00147862j 0.00040953+0.00442815j 0.00234012+0.0017007j 0.000882052+0.00155967j 0.000649719-0.000436186j 0.00045488-0.000301451j -0.00371416+0.00327626j -0.00383737+0.0011227j -0.00143328+0.000166379j 0.00157912+0.00161785j 0.00135805+0.00181407j -0.0002426+0.000985666j -0.00710214+0.00555719j 0.00262955-0.00575568j 0.00247364-0.000421962j -0.00549173+0.00154814j 0.00178127+0.0018405j -0.00122183+0.00270688j -0.00166835-0.0031428j -0.00573047+0.00215527j 0.00193943+0.00362231j -0.000266099-0.000178855j -0.00444389+0.00402667j -0.00055052+0.00159947j 0.00128162-0.00420094j 0.00200549-0.00437589j -0.00100046+0.0033213j -0.00175746+0.00213332j -0.00410695+0.00209196j 0.00425147+0.00144759j -0.00301137+0.000912567j 0.00334913-0.00518271j 0.0051056+0.00311868j -0.0111+0.00630794j -0.00184993+0.00113563j -0.00336794+0.00451969j -0.00823451-0.00753235j -0.00187366+0.00282043j -0.000202147-0.000831729j -0.00177844-0.00255441j -0.00402735+0.0035173j -0.000580469+0.00167659j -0.00449567-0.000668416j -0.000565294-0.00346266j -0.00467239-0.0018758j -0.00298413-0.00325835j 0.000633322+0.00136176j 0.000835165-0.000542519j -0.00450194-0.000706846j 0.00262773-0.00542917j 0.000294054+0.00181704j 0.00183107+0.0015859j -0.00196372+0.00116575j -0.00159888+0.000540347j -0.0060686+0.000297741j -0.00456387+0.00389936j -0.00204719-0.0031383j -0.000625947+0.00513627j 0.00568722-0.000914877j -0.00240391-0.00165389j 0.00229687+0.000933619j -0.00633996+0.00361703j -0.00198769+0.00123979j -0.00289557-0.00150256j -0.00372988-0.00118427j 0.00216262-0.00118851j -0.00344548+0.007333j 0.00218552+0.00318082j -0.000918265-0.00379642j 0.000488136+0.00333932j 0.00214603-0.00020167j 0.00167301-0.0056745j -9.28743e-06+0.000113717j -0.00452538+0.00119654j -0.00455481+0.0034787j 0.000169589-0.000256746j -0.00493079+0.00355924j -0.00443921+0.00130833j 0.00195839+0.00198304j 0.00493718-0.00210241j -0.00141771+0.00284918j -0.00176849-0.00406716j 0.000607149-0.000175762j 0.00280933-0.00485627j -0.00101078+0.0022393j 0.000266999-0.000743873j 0.00405132-0.00526128j -0.00126462-0.000563344j 0.00209368-0.00444854j 7.99964e-05-0.00206997j -0.00439037+0.0013763j -0.00131266-0.000668479j -0.0022184-0.00223662j 0.00154335-0.00266014j 0.00290718-0.00536312j 0.00282529-0.00912827j -0.000710405+0.000245173j 0.000831747+0.00130744j -0.000929016+0.00239201j -0.000325524+0.00102267j 0.0022323-0.0008136j 0.000139687+0.00230187j -0.00201932+0.00213818j 0.00144911-0.0011741j 0.00241409-0.000380638j 0.000518356-0.0022724j 0.00435796-0.00192471j -0.0053275+0.00140327j 0.00104124-0.00232699j -0.000271991-0.000826631j 0.000240805-0.00101246j -0.00159504+0.00507438j -0.00127669-0.000235902j 0.00258147-0.00513426j -0.00214258+0.000771249j 0.00218264+0.000759616j -0.00207433-0.00381339j 0.0022514+0.00124873j 0.00585725-0.00129101j -0.00258477-0.000927613j -0.000733059-0.0026154j -0.000232414-0.000294212j -0.00350529-0.00383788j 0.0013006-3.10519e-05j 0.000811186-0.0019388j -0.00229636-0.00129194j 0.000914964-0.00238229j 0.00112921+0.000218708j 0.00429438+0.000586708j -0.00257877+0.00191457j -0.00164441+0.00337193j -0.00119418+0.00036759j 0.000368441-0.00341125j -0.00246779-0.00312636j 0.00220259+0.000383326j 0.00217279-0.00205848j -0.00243053-0.00261345j -4.73628e-05-0.000531084j -0.000409774-0.00207229j -0.00357631+0.00434027j 0.00096312-0.00235392j -0.00016409+0.00198339j 0.0025246-0.000652412j -0.00152207+0.0014927j -0.000212927-0.000557443j 0.00339384-0.00258837j -0.00229562+0.00312878j 0.000563601+0.00336003j -0.00183649+0.00553899j -0.00154104-0.00163202j 0.00178485-0.000161335j 0.00103633-0.00239181j -0.000335791-0.00139925j 0.000520583-6.91686e-05j -9.61099e-05-0.00135221j 0.000311338+1.5096e-05j -0.000979205+0.000675423j -0.000254942-0.000305428j -0.00275869+0.00286182j 0.000619841-0.00179124j -0.00143503+0.00237212j 5.57571e-06-0.00110756j -0.000579827+0.000792295j 0.00075734-0.00217213j 0.000694423-0.00182996j 0.000945765-0.00139402j 4.04717e-05+0.000151496j -0.00061394+0.00154887j 
0.00173124+0.00080891j -0.000324275-0.00113145j -0.00209746-0.00156259j -0.00187976-0.000306264j -0.00127304-0.000948086j 1.43893e-05+0.000909031j -0.00182167-0.00101476j -0.00690632-0.00943168j -0.0149937-0.0202672j -0.000477695-0.00550431j 0.000118411+0.00328349j 0.00416122+0.00233234j -0.00124508-0.000518797j -0.000688539-9.94528e-05j 0.00646524+0.00453875j -0.00200654+0.00170563j 0.001247+0.00237727j 0.0043994+0.000105215j -0.00416286-0.00567353j 0.000813618-0.000483007j 0.00167023-0.000627986j -0.00171484+0.00184808j 0.000936242-0.00101439j -0.00129097-0.000661309j 0.00246855+0.000938284j 0.000326131-0.00537094j -0.000660713-0.00433232j -0.00157794-0.00226997j 0.00323555-0.000854018j -0.00525941+0.00184361j -0.0103759+0.00193024j -0.000715233+0.0042413j 0.000110569-0.00113128j 0.00268457+0.00492836j -0.000934707-0.00179177j -0.00778797-0.00440109j -0.0078086+0.00308784j 0.000292125-0.00437586j 0.00256826+0.00411088j 0.00286013+0.00016355j -0.0017001-0.00544636j 0.000313295-0.000526308j 0.00400756-0.00173036j 0.00451477+0.0028587j 0.000335742-0.00316844j 0.00484755-0.00295668j -0.00286989-0.000461077j -0.00514424-0.00276355j 0.00288906+0.000280126j 0.00209252-0.000604916j -0.00116929-0.00250351j -0.000868525+0.00280423j 0.000457128+0.00183931j -0.00103759+0.000755231j 0.00319436+0.000421018j -0.00396785+0.000994882j 0.00318852-0.00106619j 5.65448e-05+0.00735686j -0.0048614+0.00647853j -0.00423111+0.00304503j -0.00173384+0.0013247j 0.00153197+0.00381119j 0.00269453+0.00140247j -0.000707238-0.00124602j -0.0046191-0.000400365j -0.0013013+0.00181013j -0.00784804+0.00401777j -0.00615681+0.00158781j 0.00406464-0.00162242j -0.0017641-8.51904e-05j 0.000253021+0.00172395j -0.00101049+0.001331j -0.000978636+0.00129275j 0.00346594-0.00250161j -0.00781692+2.01445e-05j 0.00441659-0.00214999j -0.00425632+0.00133152j 0.00300157+0.00192874j 0.00133125+0.00205797j 0.00422529+0.00280912j 0.000742493+0.00270764j -0.00218163-0.0033868j -0.00206089-0.000975911j 0.00401492-0.00430685j 0.00275104+0.00700139j -0.000653774-0.00169712j 0.00138983+0.00383188j -0.00126029-0.00178824j 4.38708e-05-0.00608623j 0.00144898-0.00355516j -0.00072129+0.00294423j -0.00207295-0.00364211j -0.00233383+0.0021825j 0.0017652-0.00104999j -0.000194895-0.00195787j 0.00023689+0.00283332j 0.00485406+0.00334386j 0.00209058+0.00136586j -0.0039034-0.0066295j 0.00662504+0.00484049j -0.00570921-0.000348656j 0.00241053+0.00303301j 0.00405358+0.00499619j 0.00181845+0.000299359j -0.0023295-0.000496099j 0.00113619+0.000564972j 0.000545748+0.00102784j 0.00290339+0.0032421j 0.00106241+0.00121373j 0.00383366-0.000272942j 0.00331945+0.00120752j -0.00148988-0.00324118j 0.000844554-7.65845e-05j 0.00151629-0.00120622j 0.000167955+0.00354146j -0.0015444-0.00181413j 0.0019245+0.00451101j 0.0013088+0.00151618j -0.00403598+0.000982795j 0.000620732+0.00180907j -0.000183428+0.0033868j 0.00362513+0.00164267j -0.000443157+0.000326562j -0.00217151-0.00279575j -3.80566e-05+0.00175979j 0.000396206-0.00628261j -0.00037861+0.000634878j -0.00333059+0.000529395j -0.00288108+0.00208371j -0.000944226-0.00168272j -0.00182479-0.000258831j 0.000654909-0.00228865j 0.00067841+0.00274272j 0.00272271+0.00210764j 0.00194177-8.71901e-05j 0.00152102+0.00105398j -0.00231766-0.00245148j 0.00161836-0.00172236j -0.00038827-0.0025901j 0.00217964-0.00278568j 1.56019e-05+0.000900929j 0.000298772-0.00168993j -0.000451225+0.00210022j -0.00180274+0.000781066j 0.00428534-0.000224442j 0.0019996-0.00245222j -0.00126166+0.00178467j 0.000879096-0.00265527j -0.00163761+0.00192837j 0.00289771-0.000303828j 0.00277526-0.00387461j 0.00121985+0.00121373j 0.00310128-0.0013292j 0.00589416+0.00161411j 0.0030156-0.00105156j -0.0017875-6.80574e-05j 0.00153842+0.000960325j -0.000465469+0.00120153j -0.00331478-0.000398067j -0.00150516+0.000435565j -0.0021979-0.00234953j -0.000216832-0.00401034j -0.00559199-0.00198663j -0.00368103+0.000109844j -0.00348522+0.00689912j -0.000651426-0.00193188j -0.00475321+0.0052069j -0.000379724-0.00161304j -0.00153016+0.00285924j 0.00229874+0.000853612j 0.00108406+0.0025236j -0.0016027+0.000162982j 0.00103021+0.000627897j 0.000653275+0.000946199j -0.00441305-0.00213319j -0.00283058-0.00254089j -0.00119883-0.00491039j -0.000434523+0.00164709j -0.00155094-0.00156163j -0.000971246+0.00134999j 0.00096465+0.000731458j -0.00068165+0.000186622j -0.00499033+0.00333097j 0.0016756-0.00243056j 5.39352e-05+0.00220416j 0.0032381-0.002927j 0.00152772+0.00035239j -0.0040983+0.000373739j -0.0040008-0.00112213j 0.00674908+0.0021212j 0.00203285+0.000803504j -0.00119713-0.00156925j 0.000569632-0.00176884j -0.00130977+0.00140974j 0.00117718+0.000138036j -0.000583977-0.000901689j 0.000120053-0.000369526j -0.0008759+0.00179038j -0.00139429-0.00025878j 0.00223391-0.00412592j 0.00270635+0.0047746j -0.000696122-4.37312e-05j -0.000766112+0.000480661j 0.0018087+0.00144391j 0.00150182+0.00067114j 0.000444636-0.000233873j -0.00102101-0.000485698j -0.00225893-0.00100747j -0.001014-0.000419528j 0.000448159+0.000332413j 
-0.000610878+0.000655646j 0.00214345+0.00104774j 0.00251817+0.000353161j -0.00106208+0.000461488j 0.00200691-0.00307911j -0.00164797+0.00148562j 0.000263823-0.00206554j 0.0180584-0.0191224j 0.0337574-0.045226j 0.00692133-0.0126313j -0.00180807+0.00680687j -0.00159543+0.00377595j -0.00184351+0.00283736j 0.00118909-0.00142175j -0.00946112+0.00071206j 0.000140142+0.00149469j 0.00315782+0.00370298j 0.00397686-0.00508356j -0.00132527-0.000466295j 0.00115874-0.00378688j -0.00190727-0.000951175j -0.00146725-0.00205012j 0.00470843-0.000120598j -0.00520361+0.00181994j -0.00336649+0.0017496j -0.00274628+0.000867116j 0.00695785-0.000701995j 0.0031908-0.000621832j 0.00564632-0.00453896j -0.00667448-0.0011547j -0.000139869-0.00207607j -0.00700674-0.00263919j -0.00287174+0.000672553j -0.00108908-0.00124302j 0.00286863+0.00267401j 0.000615137-0.00109282j -0.00499823-0.00387018j 0.00480205+0.00260536j -0.000620918+0.00480299j -0.00290422+0.00430079j 0.00505043-0.00107388j -0.000422932-0.000496896j 0.00440764-0.00140161j -0.00590569+0.000903293j 0.00158841-0.00196996j -0.00355794+0.00309468j -0.000705186-0.00034118j -0.0011501-0.00474669j -0.00277895-0.00222338j 0.00421951+0.000413026j 9.34539e-06-0.0055056j -0.00160102+0.00470432j 0.00154679+0.00279619j -0.000933663+0.00127285j 0.00622546-0.000470185j 0.00317004-0.0031612j -0.00405297-0.00210191j -0.00590727+0.00129901j -0.00442445+0.00282662j -0.00384716-0.00158071j 0.00193906-0.000754386j 0.00342448-0.00354183j 0.00135566-0.00258436j 0.0015924-0.00315931j -0.00240525-0.00202008j -0.0040133+0.0044165j -0.00359728-0.00119595j -0.00222565-0.0016656j -0.00112014+0.000979075j -0.00029698-0.00465238j 0.00136451+0.000169039j 0.00197553-0.00458377j 0.00479106+0.00373175j -0.00632771+0.00673581j 0.00241077-0.00811546j 0.00749805+0.0022002j -0.00017317-0.00137877j 0.00119197+0.000458009j 0.000331244+0.00798151j -0.0044185-0.00083245j -0.00401585+0.00147577j 0.00448006-0.000415021j 0.0033119-0.00170325j 0.00191942+0.000942244j -0.00480502-0.000748248j 0.00172011+0.00129798j -0.00025466-0.00292543j 0.00359358-0.00411204j 0.00412769-0.000980063j 0.00327359+0.00259708j -0.00324043-0.00102595j 0.00181645-0.00134502j 0.00354486-0.00223535j 0.0036593+0.00171556j -0.0016884+0.000527787j -0.00218846-0.00282124j -0.00137855+0.0026686j 0.000651179+0.00148035j 0.00409355-0.00215044j 0.000812864+0.00466435j 0.00227951-0.000731946j -0.00061308-0.00335209j -0.00930407+0.00451485j -0.00165505+9.89975e-05j 0.00223653+0.000544309j -0.00202232+0.00156954j -0.00349112-0.0028075j -0.00391944+0.00207035j 0.00346236-0.00122459j -0.000917671+0.00510421j 0.00153754+0.00242622j 0.00503452+0.000638033j 0.000424885+0.00029879j -0.00610102+0.00146953j -0.00369354+0.000605001j 0.0010296-0.00244014j 0.00677551-0.00146234j 0.00269406-0.000906602j 0.00646141-0.00353447j 0.00209402-0.000810124j -9.6908e-05+5.04276e-07j -0.00522766+0.00128341j 0.000624893-0.00423139j 0.000436681-0.00214697j -0.00237349+0.00143348j -0.000846929+0.00329123j -0.000890551-0.0011735j -0.000675103-0.00095879j -0.00218988+0.00073224j 0.00213972-0.000235106j 0.0026904-0.000873229j 0.000217134+0.00130903j -0.00175194-0.00308384j 0.000353325-0.000460565j -0.000669721-0.000543691j -0.00197763-0.00128071j -0.00419052+0.00260059j -0.00410946+0.0071827j -0.000666557+0.000500094j 0.00223452+0.000156559j 0.00178458-0.00109829j -0.00115187-0.00106721j -0.000189964-0.000481j 0.00027751+0.000516818j -0.00176482+0.00347074j -0.0031334+0.00354051j 0.00155917-0.00138086j 0.00172123-0.00127915j 0.000112132+0.000645725j 0.00477183+0.00244274j -0.000301551+0.00463878j 0.00188737+0.0036875j 0.00173962-0.000458678j 0.000908285+0.00166169j 0.00161559-0.00246247j 0.00336359+0.000324913j 0.00146444-0.00238946j 0.000573449-0.00365527j -0.00102603+5.39369e-05j -0.00252257-0.003062j -0.000747346-0.00164078j 0.000949002+0.000786481j 0.000238381-0.000301778j -0.000115461-0.00056398j -0.00325174-0.00126445j 8.05429e-05+0.000981195j -0.00220822-0.00581572j 0.00219765-0.00118227j -0.000737845+0.00121563j 0.00388421-0.000177864j 0.000339169+0.00220499j -0.00165273-0.000676378j -0.0038673-0.00179679j -0.00168337-0.00258868j -0.000364593-0.00169021j 0.00309263+0.000835611j 0.00238288+0.000767606j -0.000437961-6.31561e-05j 0.00052073-0.00396154j -0.00426255-0.00157507j 0.00111768+0.00120879j 0.000182733-0.00188935j -0.00149249-0.00255121j 0.00277794+0.00104266j -0.00403138-0.000231285j 0.0010181+0.000991472j -0.000235619+0.000844993j -0.00256255+0.00104801j -0.0013729-0.00113652j -0.00394086-0.00153498j -0.000358107-0.000902433j 0.0014579-0.00212956j -0.00336572+0.000503469j -0.00274269-0.00051692j -0.000806568+5.06446e-05j 0.00102288+0.000580368j 0.00188471-0.000674372j -0.00456265-0.000769857j 0.00046172-0.000672318j -0.000712648-0.00217142j -0.00158858-0.00387631j -0.00142165+6.5224e-05j 0.000716165-0.000901106j 6.17916e-05-0.000881398j -0.00165964-0.00026894j -0.00112502+0.000742897j 0.00131182+0.000567874j 2.86886e-05+0.00140736j -0.000113067+0.000605805j 0.000194037-0.000779517j 
-0.00160026-0.000265641j 0.000427348+0.000206294j 0.00197969-0.000804277j 0.000582729-0.00014817j 0.00421516-0.000135058j -0.00143748+4.93185e-05j 0.00258776+0.000651738j 0.0155786-0.00980329j 0.0261784-0.0256375j 0.00266576-0.0100012j -0.000886858+0.00657454j -0.00157259+0.00116868j 0.0018074+0.00230296j 2.34793e-05-0.00253692j -0.00816596-0.00233882j 0.00156044+0.000228587j 0.0042393-0.00672167j -0.00152991-0.00714631j -0.00385718-0.00476711j -0.00358258+0.00224964j 0.000363501-0.00236947j 0.000845673+0.000874607j 0.00046453-0.00832515j -0.0013862+0.000244861j 0.00395487+0.00206349j -0.00599182-0.000537856j -0.000734932-0.00106012j -0.00112118-0.00386022j 0.0011188-0.00432663j -0.00619505+0.00080373j 0.00055685+0.00458292j -0.000997235+0.000466551j -0.00586853-0.000792035j 0.00171702-0.00177177j -0.00361833+0.00183929j 0.000942648+0.00295676j -0.00320212+0.00123141j 0.00105714+0.00365927j 0.000396949-0.00125013j -0.00193091+0.00157672j 0.00501411+0.00122612j -4.42508e-05-0.00126621j -0.000748368+0.000318266j -0.00217394-0.00162616j 0.00363329-0.00502655j 0.000546929-0.00117793j 0.00119794-0.000119195j 0.000755227-0.00358283j 0.000124935-0.00271536j -0.000711272+0.00605075j -0.00107416-0.000223779j 0.00221553+9.58973e-05j -0.00266443-0.00284422j -0.000293718+0.00315564j 0.00239207+0.00512319j 0.00242673+0.00143448j 0.00109954-0.00365549j -0.00262908-0.00102934j -0.000147048+0.00222604j -0.00146781+0.000952635j 0.00147507-0.000288946j 0.0011812+0.00092668j 0.000106725+0.000331317j -0.0011852-0.00104948j 1.4839e-06+0.00178922j 0.00105366-0.00179461j -0.000649681-0.000512657j 0.000809991+0.000587693j 0.000425513-0.00137223j -8.11086e-05+2.38548e-05j 0.000867223+0.00190681j 0.000724744-0.00138533j -0.00328022+0.00192592j -0.00307081+0.000618675j 0.00241585-0.00433556j 0.00243721+0.00735653j -0.000978433+0.00223248j -0.000357803+0.0023464j -0.00150174+0.00197223j 0.000290816+0.00529208j -0.00139939+0.000449177j 0.00144333+7.21406e-06j 0.0022405-0.00508059j 0.000718763+0.000544533j -0.000939861-0.00142149j 0.00145956+0.000169873j 0.000741359-0.00288304j 0.00225325-0.00282468j -8.7042e-05+0.000524028j 0.0024043+0.000921825j 0.000609644+0.00173091j 0.000939928+0.00151376j -0.00114451+0.000282138j -0.00108022+0.00172945j -0.00263406+0.000751736j -0.00273418-0.00486466j -8.97793e-05+0.00143401j 0.00109304-0.00119553j 0.00319526-0.000737847j -0.00364749+0.00154073j -0.000227589+0.00360997j 0.00120644-0.00295993j -0.00133791-0.000191835j -0.000115124-0.000469904j 0.000514584-0.00140282j 0.00185227+0.000436076j -0.00149697-0.000175302j -0.00172754+0.000512506j 0.00125807+0.000947337j -0.000868851+0.00307659j -0.001462+0.00356303j 0.00257142+0.0032315j 0.00170302+0.000123361j -0.000756642-0.00269687j -0.00221343+0.00133786j 0.00235532-0.000482496j 0.00198543+0.00289942j 0.00346306+0.00101367j 0.00166923+0.004394j -0.00222096+0.00040255j 0.00313387+0.000535878j -0.00424384-0.00490578j -0.000609871+0.00157242j 0.00022227-0.00264189j 0.00125565+0.00135485j 0.00161453-0.0016422j -0.000802074+0.00039106j -0.00202645+0.00144102j -0.00112017-0.00104951j 0.000703956+0.000964559j 0.000212008+0.00279023j -0.00011089-0.00190179j 0.000318721-0.00132038j 0.000886283-0.000982278j 0.00294149-0.000241692j -0.000149026+0.00807666j 0.00181314-0.00192588j 0.00239304-0.00494991j 0.00236644-0.00207291j 0.0024868-0.00417397j -0.000365237+0.000766611j -0.000187745-0.00135168j -0.00147361+0.000347982j -0.00183946-0.00108892j 0.00130933-0.000531224j -0.00269487-0.00452159j -0.000662279+0.00474097j 0.00192921+0.00103508j -7.15956e-05+0.000937152j -0.00212344-0.00237826j -0.000713796-0.00428346j -0.000821412+0.000532408j 0.00167362-0.000313741j -0.000156803+0.00100856j -0.00124354+0.000570149j 0.00317284+0.000166918j 0.000840228+0.000731693j -0.00241848+0.00448899j -0.000502726-0.00120149j -0.00168632+0.00357469j -0.00127142+0.000273614j 0.000816139-0.000675938j 0.00214277-0.00282609j 0.00209734-0.000553263j 0.00145314+0.00124321j 9.15502e-05-0.00178312j 0.0020304+0.00235253j 0.00276546-0.0020724j 0.00166607+0.00106378j 0.00143406+0.0019568j -0.00217002+0.00190925j 0.000785581-0.000378701j -0.000259822-0.00032326j -0.00160056+0.000157588j -0.000287209-0.00242315j 0.000604572-0.00202533j -0.00234904+0.0021275j -0.000423793+0.000972634j 0.000829023+0.00100152j -0.00307493-0.000189027j 0.000472917-0.000505129j 0.00414786-0.00158716j -0.00159482-0.000169986j -0.00137435-0.001046j -0.00124877+0.00102977j 0.00189989-0.00121489j 0.000960449-0.000569372j 0.00034496+0.00120134j 0.000737783-0.00278105j 0.000356265-0.000642971j 0.00156121-0.00183958j 0.000643193+0.00140313j 0.00130674+0.00106093j -0.000256711+0.00286434j 0.00184781+0.00162148j -0.00163971-0.00276829j -0.00127878+7.48942e-05j -0.000182485+0.0012184j 0.000394845-0.000102217j 0.00176738+0.00126909j 0.000491982-0.00129091j -0.000220376+0.000708485j -0.00014359-0.00118786j 0.000260155+0.00254112j 0.00134686-0.000611207j 0.000719208+0.0014761j 0.00037945+0.00190324j -9.7484e-06-0.000817934j 0.000203868-0.00165004j -0.000767693-0.00072721j 
0.000615761-0.000440211j 0.000401835-7.88676e-05j -0.000456876+0.00028386j -0.00152585+0.00103818j -0.000898062-0.00126035j -0.0017476+9.8787e-05j -0.00103819-0.00142907j 0.000865356-0.0145256j 0.00356206-0.0377449j 0.000880573-0.0141221j 0.000805043+0.0133804j -0.00180497-0.00208068j -0.00137473-0.0030747j 0.00221519+0.00176988j -0.000102211-0.00629338j -0.00123631-3.17088e-05j -0.00246597+0.00675443j 0.00617573+0.00549452j -0.00164657+0.00171383j 0.00590826+0.000552595j 0.00224756+0.0004756j 0.00197783-0.00296747j -0.00276406+0.00691155j -0.00357637-0.000415205j -0.00348672-0.0017404j 0.00403747+0.0016136j -0.00170116+0.00310568j -0.000281775+0.00501254j -0.00299892+0.00489659j 0.00854423+0.00127667j 0.00163495+0.000320258j 0.00570961-0.00386145j 0.00575676+0.00160635j -0.000696591-0.00139763j 0.00152155-0.000358125j 0.00482376-0.000201489j 0.00103075+0.00440101j -0.00415541-0.00432409j -0.0018011-0.00128748j 0.00157912-0.000984263j -0.00249143-0.00194878j 0.000648174+0.0030086j 0.00297154+0.000398162j 0.00350471+0.000243842j 0.000355716-0.00211975j -0.00272699+0.00121365j 0.000340242-0.000722449j 0.00293088+0.00280919j 0.00117577+0.00533325j -0.000633122-0.000953666j 6.11401e-05+0.00124337j 0.00296253-0.00299507j 0.00612659+0.000865958j 0.000580269-0.00220004j 0.00197622-0.00385051j -0.00662062-0.00125031j -0.00221104+0.000507081j -0.000465775+0.00457985j 0.00660236-0.00284027j 0.00353264-0.000491146j -0.00377604+0.00183999j -0.00119963+0.000199471j 0.00106004-0.00518925j 0.00118021+0.00142314j 0.00281196+0.00141701j -0.000405448+0.0030179j -0.000249028+0.00127958j -0.00219042+0.000564059j 0.000456119+0.00201495j -0.00188889-0.000616268j 0.0027584-0.000949099j 0.00148453-0.00616475j 0.00509701+0.000721842j -0.00349562+0.00137506j 0.000552615-0.00430159j 0.00881125-0.0037954j 0.00363406-0.000676688j 0.00693411-0.00324613j 0.00234819+0.00310511j 0.00142195-0.00593281j -0.00154279+0.00284093j -0.00229095+0.00314151j 0.000525108-0.00105493j -0.000205968-0.00291331j -0.00222418+0.000806587j -0.00180215+0.00232711j -0.00266467+0.002925j -0.000149495+0.00147652j -0.00235038+0.00280296j 0.000528045+0.00115098j -0.000565814-0.000283725j -0.00430309-0.00190154j 0.00122715+0.00128311j 0.00201717-0.00187961j -0.00156251+0.00247296j -0.00480876+0.00513628j 0.00250096-0.00380868j 0.00309294+0.00313008j -0.00188845+0.00287965j 0.00262538+0.00134479j 0.00485685-0.00272888j -0.00288901-0.00160219j -0.000314572-0.000375464j 0.000447169-0.000933977j 0.0024086+0.00140924j -0.00187253-0.00219932j 0.000549204+0.00441956j -0.00127841-0.00143272j 0.00342839+9.02334e-05j 0.000347934+0.000194213j -7.47887e-05-0.00185796j 0.000114926+0.00576259j -0.000619237-0.00201739j -0.00554383+0.00151789j 0.00257853-0.0019203j -0.00119555-0.000377328j 0.00284819-0.00018344j -0.000308605-0.00268288j 0.00366613+0.000793362j -0.000398149+0.000276694j 0.00432909-0.00123278j -9.3252e-06-0.0027305j -0.00250064-0.000754915j -0.00179657+0.00129976j -0.000135081+0.00403206j 0.00186548+9.15979e-05j 0.000129924-0.000225393j -0.00106046+0.00432076j -0.00120083-0.00568383j -0.000326299+0.00224555j -0.00168658+0.00028442j -0.00314947+0.000809861j -0.00133527-0.000704591j -0.00022874-6.61288e-05j -0.0029978-0.00125565j -0.000423848+0.00829629j 0.00113936-0.00228236j 0.0046451-0.00300342j 0.00134002+0.000783448j -0.000211588-0.00333826j 0.00164643+0.000215151j 0.000365143-4.09288e-05j -0.00045805-0.000770875j 0.000259944+0.00165126j 0.000681895-0.00155947j 0.000819352-1.24586e-05j 0.00103369-0.00110562j -0.00391897-0.000343333j 0.00110093-0.00190224j 0.00543586-0.00248224j 0.00148993+0.000953288j 0.00241658+0.00266235j -0.000739909+0.00208862j 0.0031706-0.00132292j -0.000149718-0.00155708j -0.000319237-0.000665976j -0.000744723+0.00226952j -0.00207646+0.00517342j -0.00315347+0.00330557j -0.00325497+0.00447058j -0.00339156-0.000576426j 0.00212445+0.000158279j 0.000693435+0.00116687j 0.00222292+0.000226744j -0.00050787+0.000942483j 0.00074375+0.00225785j -0.00448701+0.00395907j -0.00012627-0.000504782j -0.00320173-0.00294478j 0.00187596+0.0012877j 0.00110829-0.00358822j 0.0018314+2.15364e-05j -0.00048074-0.00148671j -0.00283502+0.0041062j -0.0017362+0.000518142j 0.00154281-0.00166345j 0.000557277+0.00494707j -0.000961023-0.00159095j -0.000915543-0.000799479j -0.00154165+0.00495539j 0.00036827+0.000157043j 7.16569e-05-0.00362546j -0.00100912+0.000830336j 0.00313716+0.00304316j -0.00135072+0.00135633j -0.000353438-9.79605e-05j -0.00071748-0.00163666j -0.00320339+0.000822649j 0.000755566+0.00247637j -0.00184178+0.00124623j 0.00145888-0.00108849j -0.000896615+0.000257923j -0.00397475+0.0011062j -0.00271864-0.00068501j 0.000145461-0.00361756j 0.00223154+0.00167039j 2.36346e-06+0.000444419j -0.000476363+0.00051077j -0.000674686-0.00123864j -0.00262371-0.00068948j 0.00143776+0.000143453j -0.000402209+0.000128821j 0.00171068-0.000198315j 5.57837e-05-0.003489j -0.000335312-0.000903108j -0.00169394-0.0008337j -0.000857064-0.00176939j -0.000483666+0.00182339j -3.60457e-06+0.00177825j 0.00124404+0.000743186j 
9.24487e-05-0.000306037j -0.000746021+0.000607793j -0.000721408+0.00121782j 0.00113471-0.000138312j -0.000347236+0.0012659j 0.00183389-0.000245911j 0.00134613+0.000468195j 0.000156263+0.0153996j 0.00219333+0.0390116j 0.00313517+0.0162845j -0.00292424-0.0145252j 0.00376627+0.00106718j -0.000886737+0.000890873j -0.00350726-0.000762795j 0.00371096+0.00659102j -0.000507292-0.000410598j -0.00149464-0.00124369j -0.0041577-0.00242171j -0.00378152+0.00777615j 0.00288794-0.00248908j -0.00270885+0.000114043j 0.0013523-0.0013024j -0.00189472+0.00225115j 0.000789751+0.00365951j -0.00159061+0.001319j -0.00562858+0.00198696j 0.00564829+0.00386643j 0.00101535+0.00076035j 0.00724326-0.00110716j -0.00367263-0.00339203j 0.00331994+6.79205e-05j -0.00486606-0.00447j -0.00388856-0.00109969j -0.00109771-0.00179432j -8.07317e-05+0.00163184j -0.00369328+0.00058756j 0.00597375-0.000901876j 0.00143664+0.00577076j 0.000367587-0.000794079j -0.00336694-0.00277635j 0.000140256+0.00421198j 0.00191313-0.00189775j -0.00280576-0.00123462j -0.00223917-0.00303039j -0.00727275+0.00148705j -0.00284992-0.000643711j -0.000600653+0.000912749j -0.00519141-0.000240121j 0.000123707-0.00312916j 0.00587301-0.00014482j -0.00277105+0.00235708j -0.00208156-0.000650079j -0.00455333+3.13047e-05j 0.00118951-0.00114896j 0.000386583-0.00054523j 0.00439351+0.00145739j -0.00174338+0.0023171j 0.00493121-0.00579389j -0.00537386+8.40055e-05j -0.00161-0.0014332j 0.00446284-0.000742368j 0.00503453-0.00287687j 0.00160874-0.000259362j -9.66102e-05-0.000428569j 0.00232434-0.00258916j 0.000860608-0.00168984j -7.35596e-05+0.000362365j 0.0018447+0.000164588j 0.00205017-0.000644621j -0.000284705-0.00118002j -0.000139184-0.000394294j -0.000154088+0.00282593j -0.000947191-0.0011751j 0.00403171-0.001562j 0.000707163+0.00400346j -0.000898099-0.00485145j -0.00349605-0.0012462j -0.00144547-0.00206438j 0.00177017-0.00471454j 0.000652601-0.00260438j 4.94049e-05+0.000932544j -0.00367463-0.000526113j 0.00021282-0.00200765j 0.0029429+0.00011553j 0.000346793-0.00010235j 0.000662253+7.24626e-05j -0.00100427-0.0010243j -0.000590448+0.000346636j 0.000415989-0.0034013j -0.00049618+0.000405114j 0.000783608-0.00225037j -0.000263721+0.00135208j 0.000338408+0.000377384j 0.00129718-0.00142774j -0.000264144-0.00573236j -0.00213286+0.00414292j -0.00148225-5.11619e-05j -0.000318201+0.00154332j -0.00376799+0.00129321j -5.57466e-05-0.00362215j 0.00256342-0.0018368j 5.08773e-06-0.00440196j 0.00114751+4.14885e-05j -0.00129639+0.000851683j -0.000828304-0.000687272j 0.00345274-0.00105525j -0.00139211-0.00248463j 0.0013728+0.000712756j -0.000761074+0.00300093j -0.00323898+0.00096781j -0.00128474-0.000218057j -0.00140481+0.00313133j -0.000615274+0.000165757j 0.00247144-0.000155015j 0.00220748+0.00321406j -0.00046472+0.00119987j 0.00298616-0.000413367j 0.00108419+0.00305324j -0.00422405+0.00417054j -0.00413512+0.00218541j 0.00329454-0.000184459j -0.00160416-0.00214614j -0.000418218+0.001296j -0.00175774+0.00179941j 0.000720183+0.00270312j -0.00261364-0.0012956j -0.00369156+0.00228997j -0.000986212+0.00102466j 2.29868e-05-0.000561699j -0.00209946+0.00116144j -0.000308797-0.00300484j 0.00203499-0.000264087j -0.00152775+0.000931778j 0.00363553-0.000513775j 8.35949e-05+0.000921976j -0.00245063-0.000857741j 0.00131964+0.00149882j 0.0031079+0.00134643j -0.00117495+0.0054764j 0.00328394-0.00340045j -0.00102184+0.00295726j 4.10017e-05-0.00103026j 6.85539e-05-0.00298637j -0.00189894-0.000349489j 0.00239-0.000920291j -0.00290071-0.000228323j -0.000501719+0.000607689j -0.00159386+0.000637955j 0.00188073-0.00311477j -0.00251208-0.00152129j -0.000469044-0.000404884j 0.00174344+0.000172453j 0.00111408-0.00332028j 0.00246722-0.0012805j -0.000117337+0.00186966j 0.00380389-0.0025773j 0.000699574-0.00039724j -0.00180386-0.000220141j 0.00135178+0.00412137j -0.00158825-0.00224717j -0.000645144+0.00025833j -0.00115793+0.00133824j -0.000903739+0.00430937j -0.000451622+0.0029245j -0.00263174-0.000180712j -0.00300731-0.000181356j 0.00113101-0.000515951j 0.000392762-0.000152125j 0.00166077-0.000112405j 0.00235972-0.000557584j 0.00119498-0.00154364j -0.000887148+0.000319736j -0.00244562+0.00148066j -0.00218663+0.00231212j -0.00284262+0.00152174j 0.00052773+0.00369112j -0.000229142+0.00188885j 0.000143864+0.000647031j -0.00136959+0.000237782j -0.00180864-0.00216296j -0.000167324+0.00265255j 0.00174773+0.00135679j -0.00209758-0.00260773j -0.000895363-0.00324983j -0.00252442-0.00105725j 0.00140583+0.00340041j 0.00197431-0.00111565j 0.00127182+0.00149231j 0.00013513+0.000293921j 0.000831202+0.00239497j 0.000887243+0.0011451j -0.000141959+0.000691495j 0.00248195+0.00458776j 0.00013022-0.000921298j 0.000985327+0.00391086j 0.00133576+0.000957126j -0.00103901-0.000754919j -0.000976391+0.000691827j 0.00043055-0.000468737j -0.00172163+0.000647634j -2.98994e-05-0.00190014j -6.61495e-05+0.00162726j -0.000600766-0.00166389j -0.00120118-0.000242197j 0.00113599+0.00170219j 0.00112168+0.00218459j -0.000813181+0.000599532j 0.000731034+0.00179423j 0.000962027+0.000742448j -0.000389732-0.00166193j 
0.000112955+0.000190313j 0.00120671+0.000166685j 0.000629525+0.000446334j 6.74935e-05-0.000538128j -0.00106382+0.00036122j -0.000520314+0.000178637j 0.00114888-0.000673327j 0.00518848+0.00438079j 0.0145954+0.0115976j 0.00623476+0.00417155j -0.00589404-0.00365606j 0.00380496-0.00186678j -0.00115979-0.000414054j 0.000508804-2.02053e-06j 0.00559363-0.000188258j 0.000720061-0.00255876j -0.00312053+0.00221466j -0.00206455+0.000527979j -0.0114073+0.00840163j 0.00723387-0.00276094j -0.000623458+0.00156514j 0.00291622-0.00324473j -0.00735597+0.00338237j -0.00334062+0.00156937j -0.0029961-0.000846392j 0.00123962+0.00125337j 0.00336535+0.0049576j 0.0012974+0.00104222j 0.00220673+0.00300193j 0.000611521-0.00407607j 0.00147932-0.00205216j 0.000284261-0.00690166j -0.00290458+0.00112843j -0.00249867-0.000357378j -0.000670844+0.00195067j 0.00415663-0.00471223j -0.0011172+0.000658268j -0.000147792+5.30703e-05j -0.00025158-0.0011596j -0.00261904+0.0043113j 0.00280582+0.000880753j 0.00333456+0.000347794j -0.000539762+0.00188004j -0.000831696+0.00181315j 0.000366382-0.00440926j -0.00100934+0.00184682j 0.00104098-0.00150002j 0.00171686-0.00319526j 0.00190745+0.00621772j -0.000319231+0.00302415j -0.00489446-5.30131e-06j 0.00440934-0.000318843j 0.000858323+0.00109231j 0.000778346+0.000471516j -0.00249214+0.00160362j -0.00596816-0.00429065j -0.000691463-0.00149391j -0.00566039-0.0027864j -0.000298448-0.00297137j 0.000435592-0.00247576j -0.000706207+0.000249878j -0.00036998+0.00212373j 0.00108109-0.00336749j 0.00198588-0.00127913j 0.00349525-0.00044393j 0.000831044-0.00229062j -0.00161748-0.00484302j -0.000200122-0.00250338j 0.00372612+0.00307902j -0.000698977+0.00203353j 0.000917916+0.000674583j 0.000408061-0.00599264j 0.000907087+0.00215964j -0.0016959+0.00252979j 0.00130374-0.00514626j 0.00930159-0.000175699j -0.000244551-0.00231468j 0.00280508-0.00371841j -0.00201675+0.0017927j -0.000102877-0.000286799j -0.000848947+0.00311817j 0.000227311+0.0027228j -0.00124244-0.00164062j 0.00308561+0.000831578j -0.00239049-0.0032845j -0.000491369+0.00109734j -0.00281638-0.00232781j -0.00256143-0.000933266j 0.00849959+0.00269796j 0.00164279+0.00196992j -0.000631115-0.00101892j -0.00117556+0.00280077j 0.00147547+0.00297706j 0.00346433+0.000871369j -0.00116366+0.00235769j -0.00151448+0.00222434j -0.00199064-0.00311641j -0.00186382-0.002067j -0.00212355-0.000779706j 0.00141712+0.00252959j 0.00050022-0.000494505j 0.00211797+0.000858118j -0.00264116-0.00405084j 0.0038541-0.000140987j 0.000318143-0.00179271j 0.000307504-0.00135034j 0.00185649+0.000472078j -0.00359613-0.000856594j -2.90707e-05+0.000671069j 0.000706202-0.000977282j -0.00480653+0.00301518j 0.000975413+0.00420667j -0.00192075+0.000627903j 0.00343392+0.000211652j 0.000432464+0.00395217j -0.0025259-0.00179775j -0.000133058+0.000897699j -0.00243474+0.000595826j -0.00756654-0.00026442j -0.000297545-0.00342727j -0.00267657-4.49966e-05j 0.00406714-0.00115122j 0.00202261+0.00284695j -0.0029794-0.00145471j -0.00161924+0.00373616j -4.64889e-05+0.00202448j -0.00190297-6.36707e-05j -0.00238979+0.000580698j -0.00172737-0.00114973j -0.00237806+0.000477992j 0.000309094+0.00152759j 0.00207277+0.00171594j 0.00153428-0.00319122j 0.0020405+0.000789118j 0.00173426-0.000325692j -0.00372132+0.000236826j 0.0014523+0.00102182j 0.00366666-0.00050428j -0.00276724-0.000102854j 0.00284704-0.00131647j -0.00550243-0.000481536j 0.000601843+0.000413068j 0.0011406-0.000378649j -0.000432748-0.00424365j 0.00601203-0.000673788j 0.00321714-0.000823981j -0.00438753+0.000985859j -7.56645e-05+5.48912e-05j -0.000334952+0.000460254j 0.000851024-0.00306254j 0.0036731+0.000472917j 0.000498094-0.00037702j 0.00240053+0.000566927j 0.00258837-0.00161356j -0.00139124+0.00243748j 0.00132402+0.00279823j -0.000464843-9.42521e-05j -0.00519617+0.000607223j -0.00110159+0.00281501j -0.00180224-0.000168009j -0.00228317-0.000380281j -0.000581829+0.000108435j -0.00291253+0.000961391j -0.00298994-5.27101e-05j 0.000813608-0.000587373j -0.00182732-0.00336958j -0.00421186+0.00260533j 0.000945399-0.00104119j 0.000556706+0.00085494j -0.000600035+7.29336e-05j -0.000420989+0.000268767j 0.000975962-0.00220126j 0.000912204-0.0022521j -0.00342039+0.000769022j -0.00217839+0.000355882j -0.000350344+0.000613826j 0.000685294-0.00158577j -0.00275616+0.00132027j 0.000571263+0.000121044j 0.000360003-0.000425831j -0.00225269+0.000847347j 0.000672934-0.0002129j -0.000875424+0.00087546j 0.00209319-0.000765866j -0.00193109-0.000870155j -0.00030384-0.000394098j 0.000590852+0.00122778j 0.00175646-0.000206358j 0.00354803-0.00119211j -0.00684867+0.00180802j -0.000136921-0.000732767j 0.00030956+0.000735805j -0.00157684+0.000243025j 0.000989149-0.000694457j -0.00217646+0.000355159j 0.000115088+0.00165254j -0.000829014+0.000760525j -0.000291012-0.00113718j 0.000758234+0.000368036j 7.31675e-05+0.003145j -0.00546448+0.000190956j -0.000595007-9.07372e-05j 0.00130328-0.000303517j -0.00177397+0.000609519j -0.00255725+0.00151687j -7.70929e-05-0.000508205j 0.00136064-0.000736453j 0.00163655-0.000868601j 5.18009e-05+0.000257671j -0.00053926+0.000341284j 
0.000469265+0.000618401j -0.000209861-0.000139263j -0.000248745+0.00116509j -0.000297816+0.000725868j 0.00048842+0.000593879j 0.00295596+0.00218638j 0.00144767+0.00169619j 0.0064543+0.0293891j 0.0131172+0.0820521j 0.000934547+0.0334144j -0.000157382-0.0310003j 9.93298e-05+0.00218882j -0.00271983+0.00157313j -0.00261469-0.00180636j -0.0043169+0.0139884j 0.0017396+0.00122877j 7.45058e-05-0.0038055j -0.00552381-0.00781885j 0.000880047+0.00873074j -0.00289823-0.00622431j -0.00535695-0.000174138j -0.00150691+0.0011522j 0.00162228-0.00249473j 0.00282792+0.00363638j 0.000197051-0.00117095j 0.000898676-0.00185569j 0.00374494+0.00073661j -0.00186587+1.59478e-05j 2.77616e-05-0.00115354j -0.00580482-0.000173978j -0.00182424+0.000105106j -0.00501705-8.44021e-05j -0.00391888-0.00173184j 0.000118355+0.00166197j -0.000768686+0.000385044j -0.00318266-0.0033088j -0.00175915+0.000647073j -0.000239017-0.00327685j 0.004862+0.000290735j 0.00147314-0.00174508j 0.00245674-0.00218048j 0.000214069-0.00252614j -0.000256829-0.00242735j -0.00052201-0.00115482j 6.7214e-05-0.0013409j 0.0016484-0.00157155j -0.000479302-0.000624741j 0.00259165-0.00124459j 0.00590357+0.00458736j -0.00309356+0.000889697j -0.00168664+0.000236466j 0.00147936-0.00215618j 0.000374869-0.000955832j -3.83906e-06-0.000982201j -0.00544596+0.000893975j -0.00484027+0.00439367j 0.00319446-0.0023908j 0.00245996+0.00231573j 0.00161072-0.000900546j 0.000606842+0.000157004j 0.0020129+0.00312599j -0.000721326+0.00122729j 0.000647779-0.000910839j 0.00140771-0.00335529j -0.00227213+0.00103064j 0.00184045-0.00273334j 0.00400129+0.00111365j 0.00217583+0.000912565j 0.00214777-0.00340688j -0.00267663+0.00306134j 0.000684326-0.000828959j -0.0043226-0.000786839j 0.00258328+0.00361766j -0.000820807+0.000711817j -0.00525843+0.000854354j -0.00758157-0.0101461j -0.00395659-0.00186104j -0.00343731-0.00332746j 0.000527655-0.00151035j -0.00718483+0.00114202j 0.00131998+0.00153426j 0.00319914-0.00363533j -0.00304686-0.000396038j -0.0022604-0.000535156j 0.00351667+0.00135504j -2.07887e-05+0.000840303j 0.00403587+0.00210925j 0.00245629-0.00200226j 0.000517318+0.00132808j 0.00111609-0.000578469j -0.000993691+0.000818572j -0.00105078+0.00341272j 0.00254265+0.00196194j -0.000422402+0.00162864j -0.00114249+0.00230122j 0.00796125+0.00526958j -0.00245751+0.000532185j 0.00216427-0.00314722j 0.00303946+0.00044704j 3.81077e-05+0.00188851j -0.0028631-0.0018268j -0.000794258+0.000643764j -0.000117783-0.00110723j -0.00109037+0.000998958j 0.00206501-0.00445096j -0.00279552+0.000270938j 0.001467-0.00224962j 0.000931507+0.00325621j 0.00460044+0.00405884j 0.00308+0.000382629j -0.00313141+0.000131833j 0.00813559+0.00131296j -0.00142461-0.000485285j 0.00168884+0.00340946j 8.11151e-05-0.0036959j -0.000164149-0.00163934j 0.00238005+0.00123672j 0.00169129+0.00196248j 0.00376563+0.00226631j 0.00108959+0.00319289j 0.00165826-0.00100461j -0.00257715-0.00154874j 0.00027193+0.00411202j 0.000954369-0.00171871j 0.000900515+0.000343975j -0.00117871-0.00410384j -0.000395242+0.00186374j -1.06492e-05-0.000735063j -0.00557612-3.65078e-05j 0.00171046-0.000669136j 0.000792032-0.000401742j -0.00194752+9.37074e-05j 0.00194193+0.00103212j -8.44321e-06+0.00258737j 0.00267757-0.00123011j -0.00284728-0.00324699j -0.00170084+0.00198396j -0.00175448+0.00524039j 0.00238158+0.00144142j 0.00498853-0.000238404j 0.00126219-0.00100804j 0.000249409-0.00225352j -0.00100794-0.000226339j -0.00155256+0.0018232j -0.00137664+0.00224945j -0.002001-0.000388543j -0.000514664+0.000402498j 0.00148493+0.0023221j -0.00078036-0.000362503j -0.00195823-0.0032403j 0.00043914+0.000187245j 0.00308988+0.000743125j -0.000212627-0.00100872j 0.00218148+0.000255531j -0.000896769+0.000922194j 0.000879639+0.00185558j 0.00324884-0.00156937j 0.000463894-0.00520817j -0.000163983+0.000838926j -0.00112146-0.00490475j 0.00162613-0.0017214j -8.05089e-05+0.00163521j 0.00244881+0.00122107j 0.00423681+0.000234833j 0.00125867-0.00091265j 0.000846719-0.00165151j 0.000966913-0.00137394j 0.00054276+0.00127214j -0.000560835+0.00332014j 0.0046791-0.00099985j -0.00274405+0.000599339j 0.00304859-0.000290266j -0.000918919-0.000119768j 0.00237518-0.00338896j -0.00194603-0.00112186j -2.61166e-05+0.00248217j -0.00202262-0.00161647j -0.00326685+0.00148437j 0.000183346+0.00237897j -0.00292379-0.00335639j -0.000387837+0.00131185j 0.00266074+0.00316229j -0.00275568-0.00079848j -0.000285963-0.0038118j -0.00167838-0.000902055j 0.0029349+0.00040314j 0.00248054+0.00132594j -0.000819663+0.00273415j 0.000695853+0.000763959j -0.00179543-0.000332853j 0.00273599+0.00167309j -0.00152461+0.00021922j 0.00268974+0.000755659j 0.00110478-0.000723779j 0.00137967+0.00382832j -0.00123397+0.0021375j -0.00119354-0.00175495j -0.000831622+0.000414059j 0.001179+0.000813483j -0.00258505-0.000422913j -0.000421254-0.000942032j -0.00108351+0.00102321j 0.00111883-0.000826876j 0.00092151-0.000133121j 0.000444006+0.00210432j 0.000596493+0.000995393j 0.000968648+0.000148954j -0.000837675+0.00155855j -0.000716775+0.000962941j -0.000402769-0.00130633j 
0.000843275+0.00183553j 0.000622987+0.000468389j -0.000421989-0.000605393j 0.00018335-0.00303771j -0.00449119-0.0020152j 0.00129741-0.00135156j -0.00234725-0.00288284j -0.0161323-0.00488801j -0.029522-0.00959333j -0.00419733-0.00232778j -0.000855609+0.00074323j 0.00374204-0.00159519j 0.00156673-0.00256266j 0.000555621+0.00304066j 0.0104206+0.00597586j 0.000634327-0.00217611j -0.00432738+0.00338333j -0.00126922+0.00633607j -0.00185273+0.00346931j 0.00137311-0.00301363j -0.000887659+0.00287252j 0.00189942-0.0012737j -0.00390811+0.00370843j 0.00262059+0.00078816j -0.0011005+0.00124213j 0.00849681+0.00247887j -0.000482347+0.000119311j -0.000608575-0.000480053j -0.0036007+0.00042255j 0.00274354-0.00530421j -0.00507922-0.00788065j 0.00283798-0.00166108j 0.00227506+8.20201e-05j -0.00235303+0.00265324j -0.000253972-0.00300604j 6.3782e-05-0.00747903j -0.00191729-0.000768208j 0.000379742-0.00431835j 0.000497941+0.000115549j 0.00309899+0.000604731j -0.00276252-0.000996868j -0.00189571-0.000503045j -0.00203162+0.00145422j 0.00312889+0.00291241j -0.00206682-0.0017011j 0.00328759-0.000519693j -0.000376934-0.00127734j -0.000779436-0.000327077j 0.00184156+0.00377277j 0.000449822-0.000184182j -0.00152741-0.000220559j -0.000547698+0.000304851j -0.0019515-0.000986378j 0.000479831-0.0012532j -0.00246314+0.00161108j -0.00292257-0.00231765j 0.00176792+0.00351557j 0.000594637+0.000117293j -0.00154505-0.00233055j 0.000413054-0.00281337j -0.00183795-9.44517e-07j -0.00285741-0.000844825j -0.000169388+0.00355779j 0.000141614+0.000798649j 0.00173076-0.00259702j 0.000982261-0.000791266j -0.00167703-0.0021767j -0.000699766-0.00156593j 0.00158825+0.00299352j -3.6128e-05-0.00203875j -0.000928978+0.0011883j -0.000983686+0.00356933j -0.00162352-0.00246069j 0.00328544+0.000777084j -0.00272042-0.00115151j 0.000719159+0.00258817j -0.000890044-0.00320329j 0.000144695+0.00268777j -0.00328005+0.00107515j -0.000954546-0.00214721j 0.000550181-8.80575e-05j -0.000983156-0.00037826j -0.000860126+0.000190842j 0.00359968+0.00425242j -0.00339139+0.00168429j -0.00146881-0.00356527j -0.00288815+0.000266289j -0.00210301+0.000211591j 0.00378158+0.000398762j -0.00114247-0.00262836j -0.00102128-0.00112452j -0.000256773-0.00019381j -0.00196157-0.00127482j 0.001266+0.000216125j 0.00323221-0.00318644j -0.00121759+0.00402257j -0.00306076+0.000307433j -0.00139849-0.000899896j -3.94454e-05-0.00313848j -0.00317764-0.00176179j 0.00239967-0.00289197j -0.00197573+0.00104002j -0.00164343+0.00111491j 1.93417e-05+0.00316624j 0.00124609-0.000878236j 0.00184936+0.00128545j -0.000558281+0.000748421j -0.00260294+0.00106956j 0.00184326-0.00120458j -0.000242372+0.00221069j -0.000225868+0.000943761j 0.00100634-0.00386158j -0.000474616-0.00091129j -0.00063188+0.00397038j -0.00273927+0.0039245j 0.00119875+0.000539053j 0.000330884-0.00262051j -0.000383092-0.000769845j 0.000745741-0.00661153j -0.000129221+0.00443957j -0.00268336-0.00441872j -0.00508079+0.00549992j 3.97481e-05+0.000864896j -0.000675285+0.000603211j 0.00364495-0.00222179j -0.00166375-0.00454618j -0.00073469-0.00109207j 0.00396603+0.000419817j -0.00255768+0.000620865j 0.000133848-0.00213877j -0.00301375-0.00156325j 0.000800793+0.00151632j -0.00230069+0.00313546j 3.45389e-05+0.000711664j -0.00108649+0.00336211j 0.00965564-0.00301571j 0.000134216-0.000452677j -0.00331384-0.000579569j -0.00159952-0.00142325j -0.00262441-0.000135072j 0.00108085-0.000852418j -0.000621183+0.00115386j -0.00259379+0.000282438j 0.00194935-0.00256107j 0.000556983+0.00242116j -0.00534181+0.0025354j 0.00126059-0.00207587j 0.00112682+0.000374946j -0.00304602-0.000992666j -0.0013472+0.00118804j -0.00460017+0.000337547j -0.000145906-0.00116645j 0.000517296-0.000310775j 0.000255299+0.0015971j -0.00208711+0.00252316j -0.00202368-0.00344153j 0.00183964-5.38635e-05j 0.00575169-0.000438294j -2.84853e-05+0.000664599j 0.0059842-8.34045e-06j -0.00138468-0.000849442j 0.00281337+0.000415348j -0.00139036-0.00228821j -0.000601522-0.00178215j -0.000432401-0.000814505j 0.000609184-0.0020748j 0.00255657-0.00278319j -0.00153015-0.00130302j 0.00115613+0.000269543j 0.000296382-0.00062283j -0.00138655+0.00121093j 0.000353967+0.000145941j -0.00203203+0.00224465j 0.00040253+0.00235892j 0.00026226-0.000622558j -0.00213659-0.00199114j 0.00338272+0.00238137j -0.000301531-0.000608335j -0.000641238+0.00104101j 0.00177319+0.000517821j -0.000556803-0.001562j -0.00151326-0.00086554j -0.000846475-0.0020864j -0.000648526-0.000155611j 0.00101021+0.00045287j 0.000506896+0.00150131j -0.00169218-0.00113634j 0.00464413+6.48969e-05j 0.00203766-0.00180392j -0.00104059+0.00115476j -0.000874334+0.000644488j 0.000208878+0.00164525j 0.00377216+0.00228152j 0.0013876+0.00283631j -0.000248866+0.00154786j 0.000384298-0.00241233j -0.00172046-0.000105965j 0.00132585+0.00109071j -0.000235016-0.000600942j 0.00132872+0.00419731j -0.00311595-0.00109253j 0.000705612-0.000254059j -0.00103564-0.000191739j -0.00213368+0.00216582j -5.12663e-05+0.000207669j 0.0014324+0.00161492j 0.000538023+0.0013138j 0.00247026-0.00127883j 0.0011313-0.00174282j -0.00133035-0.000829103j 
-0.000482482-0.00172434j -0.00130414-0.000314659j -0.000604114+0.00114135j 0.00141773+0.00215164j 0.00154934+0.00250162j 0.00104293+2.35365e-05j 0.00285796+0.00313085j 0.0029774+0.0191248j 0.00735153+0.0498365j 0.000371344+0.0173694j 0.000213226-0.0146106j 0.00032295-0.00185112j 0.000340899+0.00067112j -0.00248977-0.00120791j -0.00417388-0.000809729j 0.00039587+0.000978095j 2.15105e-05-0.00353554j -0.00662532-0.00459825j -0.000602263+0.00955168j -0.000911796-0.000217251j -0.000751338-0.000467326j -0.00014095+0.00128375j -0.00270855-0.00284172j -0.000133719+0.0022307j 0.000327261-0.00192646j -0.00422653-0.00155474j -0.00250458+0.00254129j -0.000959887+0.00258259j -0.00342559+0.00251394j 0.00399186+0.00522755j 0.00596322+0.00759672j 0.00182361-0.00160716j 0.000483459+0.00203456j 0.000435796-0.00359415j 0.00121026+0.000734388j 0.00142903+0.00586649j 0.00504828+0.00839197j -0.00348674+0.000792956j 0.000761961-0.00379937j -6.37771e-05-0.00211182j -0.00184228-0.000889656j 0.000512028+0.0027542j -0.00202909-0.00166084j 0.00120973-0.00280777j -0.00331919-0.0058603j -0.00360459+0.00144975j 0.000270599+0.000268462j -0.00340984+0.00185544j -0.00351552-0.000268981j 0.00231645+0.00452874j -0.00145048+0.00245497j 0.00120341-0.00339715j 0.000476038-0.00132526j 0.00216343+0.000870104j 0.00205189+0.00027802j 0.00620213-0.00148269j -0.00339199-0.00228042j 0.00246641+0.00300123j 0.00642108+0.00310918j -0.000143788+0.00460054j 0.00145044-0.00135593j -0.000409002+0.000891797j 0.00135953-0.00191282j 0.000113675-0.000317701j -0.00289932+0.00654455j 0.00256786+0.00340475j 0.00368463+0.00339567j 0.00233898+0.00280217j -0.00263642+0.000571907j -0.00392571-0.000984519j 0.000433197-0.000726085j -0.000419793-0.000535564j 0.00249716-0.00117985j -0.00130684+0.00288873j 0.000696097+0.000767136j 0.000569994-0.0026919j 0.000569534+0.0015566j 0.000504001-0.000626307j 0.00138374-0.00122809j -0.00309766+0.00197742j 0.000697022+0.000761457j 0.000607576-0.00337347j -0.00342206-0.00213427j -0.00298885-0.00144763j 0.00263583-0.00030364j 0.000593421+0.000181446j 0.000712634-0.00173671j -0.000953766-0.00372592j -0.00516227-0.00077632j 0.000525313-0.000731403j 0.000394697+0.000945123j -0.00220135-0.00271081j 0.00118451-0.000832835j -0.000172873-0.00156631j -0.00378841-0.000173369j -0.00102142+0.00163352j 0.00145901-0.00241366j 0.00266682+0.00119258j -0.00217436-0.00352318j 0.000675897+0.000232785j 0.000862661+0.00229894j 0.00167662-0.00346147j 0.00208837+0.00488295j -0.00121904-0.00094787j -0.000480796-0.0011906j -0.000263974-0.00286949j -0.00277108+0.000543161j -0.000466748+0.000307523j -0.000537062-0.000943191j -0.00075776+3.50836e-05j 0.00252765-0.00524289j -0.000316075+0.0033017j 0.00109322-0.00206184j -0.00393031+0.0010146j 0.00227817+0.00266931j -0.000805309-0.0026729j 0.00443984-0.00175072j 0.00195548+0.000624166j 0.00284708-0.00160729j 0.00149123-0.000507232j 0.0018296+0.00448684j -0.000784805+0.00141148j -0.00254112-0.00093925j -0.00178025-0.00231758j 0.00253154-0.000599715j -0.00212719-0.00362265j 6.39088e-05+0.000761969j 0.00161272+0.000916114j 0.00137079+0.00155172j -0.000240687-0.00048954j -0.000221875+0.000815916j -0.00134577+0.000883269j -0.000759864+0.00194274j -0.000198503-0.00137118j 0.000952429+6.69499e-05j 0.00171734-0.00858119j -0.00339969+0.0022824j -0.00494734+0.00330725j -0.00231305+0.00215605j -7.9995e-05+0.00282088j 0.00201633-0.00159674j -0.000375171-0.000312548j 0.00143154+0.00113314j -0.00179096+0.00062962j -0.00235482-0.000106988j -0.00260058+0.00336127j 0.0013208-0.00237994j -0.00111691+2.97318e-05j 0.00193763+0.00308887j 0.000649459-0.00672819j -0.00346128+0.00316874j 0.00194719-0.000260004j 0.00131668-0.00087198j 0.00112347-0.000736857j -0.00038075-0.00266065j 0.000595276+0.00315857j 0.00162573-0.00246273j 0.00267105-0.00572819j -0.000988191+0.00127901j 0.000987293-0.00367666j 7.29537e-05+0.00187835j -0.00333563-0.00345745j -0.00148584+0.00393065j 0.000278644+0.00329914j -0.000329704-0.000399338j -0.000521894+6.43393e-05j 0.00393406+0.000797571j -0.0013603+0.00100882j 0.000132531+0.00034119j 0.00286932-2.31249e-05j 0.00281479+0.000345314j -0.00121206+0.00091373j 0.000228349+0.00260862j 0.00178562-0.0033374j -0.000264904+0.000167644j -0.00175734+0.00177662j 0.000715494-0.000440714j 0.0012171+5.5008e-05j -0.000683472-0.00186489j 8.88288e-05-0.00180675j -3.80304e-07-0.000207307j -0.00210487+0.00312733j 0.00113219+0.000871084j -0.000111859-0.000358772j 0.00185672-0.00111869j -0.0017829-0.000541744j 0.00152461+0.00112689j 0.000266193+0.00119748j -0.00173071+0.00332745j 0.00165541+0.00032148j -0.000155574+0.00168077j -0.000340876-0.00119066j 0.000780242+0.00104742j -0.00106979-0.00242286j -0.00135522-0.000911495j 0.000653197+0.0014951j 0.00123326-0.00065187j 0.00023821+0.000220541j -0.000745683+0.000298464j -0.00294102-0.00186621j 0.00161133-0.00120366j 0.00093311+0.000704135j -9.8242e-06-0.000260411j 0.000273127-0.00259579j -0.000771733+0.000282681j -0.000389701-0.000194423j -0.000652815-0.000708112j -0.000148692+0.00208258j 1.89612e-05+0.00174906j 0.000640948-0.000210466j 
-0.000312817-0.000158628j -0.000842538+0.00123047j -0.00111754+0.00037085j 0.000176499-0.000330293j 0.00133584-0.00136416j -0.00148401-0.000854734j 9.73141e-05-0.00175679j 0.00278961-0.01407j 0.00573933-0.0384415j 0.0055951-0.0122313j -0.0024828+0.00997735j 0.00200251+0.00337655j -0.00144577-0.000510613j -0.000881609+0.00110295j 0.00324707+0.00142j -0.00210824+0.00182577j -0.000639402+0.00254632j 0.00525988+0.00236734j -0.00344079-0.00883416j 0.00646537+0.00165793j 0.00235689-0.00245642j -0.000158598-0.000775617j 0.000989046+0.00207394j -0.00134227-0.00200576j 0.00121494-9.5406e-06j 0.000273787+0.000501345j 0.00242808+0.00177856j 0.00255748+0.0010101j 0.0046198+0.000688836j 0.00235881-0.00438834j 0.00343003-0.00305868j 0.000621175-0.00329936j 0.00100823-0.002387j 0.000340361-0.000985222j -0.000986692+0.000621772j 0.00381262-0.000165261j 0.0020425-0.00346571j 0.00180744+0.000464948j 0.000284758-4.66643e-05j -0.0045499+0.00014557j 0.00325942+0.00173671j 0.000769299-0.00328859j 0.00138475+0.00200281j -0.000400519-0.0017009j 0.00542552-1.56971e-05j -0.00133158+0.000392789j 0.00123858-9.04514e-05j 0.00281024+0.00193727j 0.000398252+0.00150564j -0.00383921+0.000320369j 0.00111728+0.00012239j 0.00180271+0.00107942j 0.00324394+0.00107433j 3.05828e-05+2.23265e-06j -0.00486919+0.00418675j -0.00079344-0.00126666j 0.00234396-0.00120484j -0.0023994-0.00290148j -0.00178315+0.00156834j -4.14191e-05-0.000194024j -0.000545769-0.000629283j 0.00122396-6.17342e-05j 0.00199281-0.00221433j 0.0021954-0.000291264j -0.00303795-0.000124435j -0.00117419-0.000756319j 0.00108318-0.000775511j 0.000406085-0.000534563j -0.000185901-0.000595549j 0.000103869-0.00156671j 0.000747654+0.00151938j 0.00218297+0.00226066j -0.00130178-0.00020059j -0.00572427-0.00208184j 0.00370818-0.00101374j -0.000238422+0.00774935j -0.000697389+0.00213127j -0.000301985+0.00368347j -0.00646295+0.000930947j -0.0013512+0.00098008j 0.000904235-0.000155541j -4.65785e-05+0.00205517j -0.00317713+0.000484613j -0.00209416-2.98036e-05j 0.00464652+0.00132437j 0.000510463-0.000686602j 0.00305766+0.0012392j -0.000564481-0.00201862j 0.000285483+0.00168251j 0.000168794-0.00199258j 0.000717593+0.000531j -0.00150376-0.000856594j 0.00294355-0.000443978j -0.0012877-5.67986e-05j -0.00237654-0.000929032j 0.00492956+0.00352851j 0.000871373+0.00141672j 0.00378108-0.000866836j -0.000543489-0.0040005j 0.00345404+0.00259425j -0.00628253-0.00275338j 0.000233767+0.00421753j 0.00215396+0.000410442j 0.00292572+0.00229198j -0.000773052+0.00144393j -0.00129529-0.00243147j -0.00206296+0.0023275j 0.00220023-0.00148179j 0.00167334-0.00220463j 0.00239984-0.00316853j 0.000317305-0.000458296j -0.00163876-0.000669004j -0.000705103-0.000768383j -0.000387203+0.0008456j -0.000385501+0.000423778j -0.000342218-0.00253605j -0.000423028-0.0007407j -0.00163471+0.00225495j -0.00185208-0.00334683j 0.00334985+0.00386905j -0.00265254-0.00107233j 0.00466231+0.00490816j 0.00169921+0.000508102j -0.000903207-0.000338328j 0.00138867+0.00134942j -0.00153289-0.00253433j 0.00150888+0.000467065j -0.000187364+0.00181841j -0.00206861+0.000532991j -0.00193623-0.000179784j -0.00503569-0.000106446j -0.00140911+0.000949957j 0.00137985+0.00351632j 0.00235298-0.000436699j -0.000574006+0.00128328j 0.00488963+0.00232068j -0.000218429-0.00283446j 0.00246392-0.00343563j 0.00051059-0.00116189j -0.00225977-0.000442725j 0.00108996+0.000106404j 0.000691946+0.000637039j -7.33939e-05+0.0007935j -5.05528e-05+3.22844e-05j 0.00273804-0.000646914j 0.00439648+0.000457485j -0.0017152-0.000797226j -0.00175282-0.00133096j -0.00109209-0.00081602j 0.00344731-0.000785056j 0.00173843-0.00105913j -0.000410603-0.000609623j -0.000617566+0.00225778j 0.00272909-0.000399739j 0.00212107-0.000275325j -0.00502454-0.000851524j -0.00148498+0.00144716j -0.0018322+0.00345618j 0.000154815+0.00194283j -0.00129166+0.00272187j -0.00179425-9.77743e-05j 0.000107045-0.00236049j -0.00264086-0.0016947j -0.00235727-0.00152434j -0.00242086+0.0047745j 0.00129294+0.000484956j -0.00321032+0.00339574j -0.00117327-0.000837703j -0.00234323+0.000345672j -0.001758+0.00148838j -0.000502911+0.000941243j -0.000796495-0.00119347j 0.00423086+0.0013267j 0.00136835+0.00422362j -0.00136041+0.000484508j -0.00172377-0.00110708j 0.00354363-0.000982787j -0.000396829-8.98701e-05j 8.62969e-05-0.00101767j 0.00137147+0.00168285j -0.000308833+0.000612109j -5.94546e-05-0.00306276j -0.00148422+0.000261791j 0.00212407-0.000548074j 0.000648655+0.00016143j 0.000813289-0.000688311j -0.00113973-0.00109206j -0.00289033+0.00126813j -0.00031765-0.00157614j 0.00481339-0.00182748j 0.00131095-0.00171276j 0.00145135+0.000265157j 0.000673352+0.000524805j -0.00166401+0.00128851j -0.000446655-0.000541165j 0.000121887-0.00106416j 0.000194642+0.000956226j 0.000590208-0.000312624j -0.000869514+0.000247549j 0.000761588-0.00133284j 0.00307557-0.00185771j 0.000275879+0.000241954j -0.0011156-0.000673839j -0.000493342+1.684e-05j 0.00106616-0.00133959j 0.00015935+0.000846894j -0.0013417+0.00138723j 4.58704e-05+0.000760294j 0.000613256-0.000302173j 0.000271883-0.000801937j 
0.000861717+0.000247956j -5.66628e-05-0.000613573j -0.00107766+8.05582e-05j -0.000409893-6.8149e-05j -0.00203334+0.000730291j 0.00130592+2.6631e-06j -0.000592943+0.000795794j -0.00881743+0.0147491j -0.0172856+0.0407921j -0.00378884+0.0154503j 0.00215884-0.0124404j 0.00254161-0.00159647j 0.000138557-0.00199003j -0.00152429+0.0012411j 0.00305066+0.00395982j -4.64603e-05-0.00133329j -0.00460744+0.000510958j -0.00384459+0.00285666j -0.00263672+0.00745879j 0.00401553-0.00284419j -0.00133814+0.00236857j -0.000159039+0.000184641j -0.00317057+0.00296967j 0.00136466-9.52478e-05j -0.00138926-0.00161659j 0.00386062-0.000484891j 0.00119279-0.00102531j -0.00133746+0.000722973j -0.000492543+0.00123084j 0.00194947+0.00145197j 0.000584324-0.00461136j -0.000403504+0.00152782j 0.000708619+0.00382932j -0.00196553+0.000103812j 0.00321317-5.59757e-05j 0.000966086-0.0028781j -0.00156726-0.000341271j 0.00292599-0.0036233j -0.0027447+0.00228067j 0.000432782+0.00339075j -0.000792382-0.00487296j -0.00299434-0.000536089j 0.00308346+0.00111439j -0.00153044+0.00256487j -0.00111919-0.00207761j 0.000139261-0.000808033j -0.00132707-0.00118141j -8.4153e-05-0.00146765j 0.000384446-0.000129462j 0.00303187+0.000859537j 0.00384733-0.00358555j -0.00652834+0.00131093j -0.00240555+0.000211279j -0.00141304+0.00101885j 9.60854e-05+0.0013347j 0.00300632+0.000644709j -0.00158266-0.000845144j -0.00584963-0.000775085j -0.000834683+0.000775004j -0.000587486-0.00150525j -7.16187e-05-0.00285108j -0.00188379-0.00376275j -0.00273595+0.00549214j 0.00121847+0.00121889j -0.00154543-0.00478054j -0.00342056-0.000775454j 0.00128313-0.00166677j 0.00226515-0.000464784j -0.0034254+0.000680448j 0.00106454-0.00474252j -0.00145367-0.00189396j -0.00422924+0.00229588j 0.00037269-0.00125135j 0.000954617+0.00380251j -0.00253904-0.000257488j 0.00491426-0.00380586j 0.0021995-0.0040844j -0.00117811+0.0017265j 0.00237017-0.00596639j 0.00305295-0.00311067j -0.00101546-0.000796732j 0.00360632-0.00316968j -0.000229654-0.00585671j -0.000183033+0.00225845j -0.000171664-0.00312858j 0.00446298-0.00153392j 0.000914445-0.00132515j 0.0041911+0.000710779j -0.00106334-0.00248813j 0.000581704+0.00154454j 0.00495904-0.00366373j 0.00467045-0.00120529j -0.0016697-0.000302202j -0.00159911+0.00131651j 0.00472642-0.00448482j -0.00438782-0.00252405j 0.00329538-0.00334388j -0.00187355+0.000996235j 0.00568016-0.00192014j -0.00327952-0.00404959j -0.00107186+0.00594085j 0.00444194-0.000557465j -0.0037316-0.00100114j 0.000921213-0.00402362j 0.00214643-0.00177219j 0.00291341-0.00173818j -0.000859588+0.00100631j 0.00109373-0.00197047j -0.00381878+0.00281924j -0.00570144-0.00386958j 0.0028566+0.000180213j -0.00525522-0.000441903j 0.000373124+0.000949845j -0.000348325-0.00386068j -0.00290794-0.000557737j 0.00179501-0.000595819j -0.0038917+0.00401166j -0.00174008+0.00493802j 7.61007e-05+0.000645887j -0.00154762-0.00198283j -0.00214171+0.00524411j -0.00159277-0.000599188j -0.00241292-0.00350475j 0.00244123-0.00139108j -0.002017+0.00287541j 0.00692458-3.83831e-05j -0.00136672-0.00167766j -0.00183148-0.000896587j 0.000796043+0.00214344j 0.00107932-0.00134623j 0.00108815-0.00135865j 0.000477113-0.000154586j -3.07287e-05-0.00113632j -0.00220648+0.00215737j -0.000562784-0.000691833j -0.0010979-0.00186823j 0.000725752+0.00207006j 0.000389167+0.00530862j -0.000373373+0.000179727j 0.00163891+0.0042695j 0.00113519+0.000860338j 0.00162183+0.00129969j -0.00106367+1.97716e-05j -0.000110998-0.000236679j -0.000956689-0.000333815j -0.000627331-0.00231192j 0.00187813-0.000185325j -0.000451889-0.00139936j -0.000170912+0.0027059j 0.00254423-0.000221865j -0.000289684-0.000477622j 0.000307345+0.00158436j -0.000194078+0.00338826j -0.000224793+0.00103505j 0.00113446+0.00224587j -0.0006024+0.00507229j -0.000942978+0.000545751j 0.00103196-0.00261511j -0.000917092-0.000876886j 0.000523243-0.00351647j 0.00288989-0.000174105j 0.00237624-0.000319168j -0.000161609+0.00152485j -7.77362e-05+0.00176041j -0.000229021-0.00319254j 0.000985559+0.00120163j -0.00173818+0.00139954j -0.000391589+0.00290319j 0.00057324+0.00102873j -0.000217484+0.00360062j -0.000507269+0.00209901j -0.000916956-0.000901614j -0.00179083-0.0011939j -0.0010044-0.00342164j 0.000407932+0.000154537j 0.000652932+0.00127673j -0.00371987-0.00118719j 0.000803559+0.00185397j 0.00108774-0.00166388j -0.000125718-0.00316262j -0.000693338+0.00123399j -0.00162974+0.00178503j 0.000992981-0.000640018j -0.000413491-0.00051029j -0.00070968-0.000872738j -0.0012446+0.000515364j 0.00165195+0.000484108j 0.000841753-0.000267466j -0.000874677-0.000246767j -0.00355222+0.00387098j -0.00166021+0.00229183j -0.000358468-0.000980158j -0.00145422+0.000233036j 0.000843165-0.00340543j -0.000477757+0.00116863j 0.000873917+0.00304393j 0.000542304-0.000295257j -0.000441849-0.000590319j 0.000695281-0.000874097j -4.13746e-05-0.000164826j -0.00220076+0.00230022j 0.000118874+0.000521539j 0.000477455-5.71778e-05j 0.000788178-0.000370416j -0.00086148+0.00180783j -0.000245507-0.000581672j 0.000768269-0.00171515j -0.000301151+2.87546e-05j -0.000586247+0.000986848j 7.02858e-05+0.000478047j 
-0.000569496-0.00107582j 0.000762787-0.000686626j 0.000842442-3.62807e-05j 8.48789e-05+9.7925e-05j 0.000802974+0.00425876j -0.00074038-0.00119114j 0.00027507+0.00434119j -0.00472963+0.0285878j -0.0167536+0.0690463j -0.00509787+0.0204392j 0.00371849-0.0133021j 0.0036716-0.00405502j 0.00338173-0.00113636j -0.0028613+0.0011126j 0.00187021-0.00609581j -0.000162353-0.00142312j -0.00255369-0.00302214j -0.00532825+0.00118408j -0.00485633+0.00663177j 0.00410859+0.00380224j 2.36653e-05+0.00229025j -0.000633868+0.00228817j -0.00434962-0.000895547j 0.00096449-0.0018852j 0.0015286-0.00208766j -0.000950284-0.004772j 0.00150011-0.00311248j -0.000288998+0.000232549j 0.000900698+0.00584221j 0.00108415+0.00641403j 0.00356818+0.00112548j -0.00422933+0.00206593j -0.00192421+0.00543032j -0.00316812-0.00331389j 0.00209232-0.00106728j 0.00389228+0.00430068j 0.000965103+0.000209555j 0.000593793-0.000925464j -0.00243915-0.00110656j -0.00281158+0.00612468j 0.00300467-0.00301931j 8.57517e-05+0.000286631j 0.00217565+0.000694932j -0.00145549+0.00399029j 0.00118842-0.000375048j -0.00260898+0.00216643j 0.000562716-0.000230757j 0.0018186-0.00274674j 0.000379473+4.34732e-05j -0.00108772+0.00104418j -0.00157641-0.00107192j 0.00149969+0.000117633j 0.000286749-0.00161962j -0.00344247+0.00257778j -0.00406739-0.000622777j 0.00107182+0.00163876j 0.00125461-0.00192815j -0.00943419-0.00306234j 0.00159464+0.000957281j -0.0023553-0.00132396j -0.000805022-0.0032379j -0.00634594-0.00485528j -0.00294036-0.00116205j 0.00111336+0.00276857j -0.00284713-0.00413711j -0.00103918+0.000817662j 0.00140812-0.00149818j 0.000500817-4.18873e-05j -0.00115906+0.000711157j -0.0030748-0.000343636j 0.000122015-0.00196606j -0.00257358-0.00856572j 0.00289263+0.00054924j 0.00010118+0.00173574j -0.000534547-0.00717762j 0.00342373-0.00594615j 0.00248463-0.00145999j -0.00115536-0.00509544j 0.00235072-0.00451944j -0.00457135-0.00219063j -0.00020571+0.00421928j 0.00532543+0.00243233j -0.00192088-0.00864592j -0.00094722-0.00358861j -0.00294346+0.000208252j 0.00144503+0.00262188j -0.00401963-0.000881462j -0.000203437-0.00204686j -0.00116021+0.00127758j 0.00320341+0.00420754j -0.00207802-0.000475203j 0.00206505+0.00101455j 0.000167966+0.00309514j 0.000654788-0.00250486j -2.31699e-05+0.00174763j -0.000113643+0.000153152j -0.00102495-0.00223656j 0.000137452+0.00240461j 0.000840101+0.00132856j -0.000281751+0.000830026j 0.000891549-0.00278646j -0.00237756-0.000958067j 0.00126703-0.0018851j -0.00061193+0.00068933j 0.000899663-0.000965402j -0.00118044-0.000708428j -0.00203917+0.00562735j 0.000106901-0.00211211j 0.00116972+0.000354759j 0.00162365+0.00201512j -0.000232925+0.00199212j 0.00534545+0.00160769j -0.0022036+0.000602203j 0.00167742-0.00335507j -0.00175699+0.00207342j -0.002013+0.00101459j -0.000539871+0.000149305j 0.00152432-0.00307116j 0.0018301+0.000349726j 0.00309116-0.00224907j -0.00102552-0.00291525j -0.00521025+0.000544214j -0.00202006+0.00120836j -0.000637879-0.000639759j -0.00131034-0.0012333j -0.0010338+0.00483025j -0.000141783+0.00193134j 0.000537353-0.00184579j -0.003622+0.00408672j 0.0028452-0.000468299j 0.000897698+0.00156145j 0.00109319+0.00193907j 0.00242399-0.000842623j -0.0027457-0.000925862j -0.00012693-0.000383236j -0.00281223-0.00325312j -0.000968744-0.000310618j 8.32249e-05-0.00188077j 0.00121859-0.00255663j -0.00189649-0.00119757j 0.0019375-0.0033039j -0.00171122+0.000530234j -0.00326129+0.00298075j 0.00279197+0.00176976j 0.00175143+0.000464162j -0.00179422+0.00567505j 0.00194657-0.00275327j 0.00171948-0.000443404j -0.00269138+0.00173598j -0.000975761+0.00205276j 0.000612071+0.00288921j 0.00357441-0.00149853j 0.000393035-0.000117352j 0.00221042-0.00376878j 0.00148498+0.00129874j -0.000816789+0.00101588j 0.000707923-0.00344726j 0.00163461-0.00541225j 0.00223078+0.00055154j -0.000348182-0.00194283j 0.000261494+0.00135774j 0.0015145-0.00230126j 0.000503743-0.000415463j 0.00116282-0.00321806j -0.00118773+0.00137007j 0.000314692-0.000106922j -0.00172102-0.000741773j -0.00108644+0.00161509j 0.000301872+0.00110214j 0.0028312-0.00527126j 0.000738358+0.00203459j -0.000124418-0.00154867j -0.000166186+0.00328102j 0.000843033-0.00252463j -0.0019138+0.00326691j 0.00179987+0.00104552j 0.00394688-0.000884285j 0.000168075+0.00158969j 0.000401498-0.000904921j -0.00167464+0.00231989j 0.00178812-0.000601185j -0.00205032+0.00047353j -0.00302969+0.0045352j -0.00166443+0.00104114j -0.000879719+0.000689739j 0.000981491-0.003623j -0.00129066-0.00140395j 0.00182964-0.0016167j -0.00152875+0.00167873j -0.000503177-0.000162368j -0.000647456-0.00152827j 0.00113086-0.00137231j 0.00341757-0.00461224j 0.00036323-0.000837826j 0.00288239-0.00308146j -0.000463916+0.000379255j -0.000113237+0.00125252j 0.000930895-0.000374898j -0.00119804+9.27297e-05j 0.00091039+0.000666651j -0.00504004-0.000473165j 0.00194565-0.000530578j -0.00225338+0.0014769j 3.73243e-07-0.000465049j -0.000306792-0.00183558j 0.00283795-0.0024915j 0.00142309-0.000913054j 0.00187197-0.00107364j -0.000147742-0.000398608j -0.00166026+0.00180166j 
0.00167907-0.000350254j -0.000999117-0.00198167j -0.00216339-0.00207749j -0.00146981+0.000747395j -0.00106937+0.00130884j 2.91055e-05-0.000189675j 0.000521114+0.000963896j -0.00123601-0.00338871j -0.000757913-0.00846053j 0.000666174-0.00172373j 0.000561248+0.00237029j -0.000649769+0.000754797j -0.000937813-0.00405305j -0.000889203-0.000983176j 0.0032471-0.00130958j -0.00164472-0.00110002j 0.000654359-0.00131256j 0.00262344-0.000554081j -0.00211326-0.000703574j 0.00488745+0.00253217j 0.00207327+0.00133759j 0.00236293+0.000132501j 0.00106582+0.00352734j 0.000226891+0.00211795j -0.00142111+0.00328261j -0.00635064+0.00124647j -0.000649021-0.000380513j -0.00109995-0.00070834j 0.00588775-0.000405059j 0.00150758+0.00288561j 0.00185452+0.00374957j 0.00098114+0.0027399j 0.000396537+0.00124256j 0.00107681-0.000925557j 0.0004445-0.000363538j -0.00328365+0.00192419j 0.0045373+0.00304305j -0.00337205+0.00224946j -0.00082947-0.000533547j -0.00260537+0.000284449j -0.00367372+0.00118089j 0.00578641+0.00204627j -0.00123011-0.00242611j -0.000903606+0.00295853j -0.0051085-0.00107113j 0.00132814+5.63352e-05j -0.000935643+0.000500704j -0.00311699-0.00431705j 0.00199226+0.000673401j 0.00185024+0.000637813j -0.00338017-0.00134826j -0.0021058+0.00278424j -0.00471925+0.00029578j -0.000654307+0.00154381j -0.00137549-0.00509586j -0.00120155-0.00198757j -0.00117542+0.00253678j 0.00155339-0.00577155j -0.00240638-0.00387749j -0.000536806+0.00076199j 0.00388463-0.00114071j 0.00233155+0.00282081j 0.00177566+0.000303287j -0.00607959+0.00142962j 0.0051793-0.00113009j -5.43657e-05-0.00483396j 0.00214561-0.00416987j 0.00109148-0.00379859j 0.00178137+0.00153085j 0.00344876+0.00537779j -8.6769e-05+0.00241311j -0.00412216-0.000307469j 0.00125386+0.000407962j 0.00314346+0.000467025j 0.00123243-0.00279325j -0.00183271+0.00369351j -0.000141279+0.00235608j -0.00246011+0.000807843j -0.000412792-0.00122512j 0.000837464+0.00306922j -0.00240605-0.000677962j 0.000815936+0.000723469j 0.00175657-0.000679987j 0.00158717-0.00111148j -0.00142587-0.00329711j -0.00118178-0.00321112j -0.00277506-0.00198145j -0.00373407+0.000566757j 0.0042175-0.000811398j 0.00173901+3.29491e-05j 0.00129772-0.00260261j 0.000342773+0.000184618j -0.00109355+0.00307424j 0.00184875+0.00377722j 0.00147246+0.00477987j -0.00165501-0.00308057j -0.00152677-0.00288247j -0.00190804-0.00420276j -0.000665501-0.00247483j 0.00150263+0.00266723j 0.00223255+0.00452704j 0.00128272+0.00288296j 0.000532384+0.000414232j 0.00115035-0.0037507j -0.0047117-0.00192925j -0.000602059-0.000872149j 0.00362754+0.0014837j -0.00131959+0.000149506j 0.00351991-0.00126124j 0.000864033-0.000976265j -0.00303826+0.00129513j 0.00427203-0.00286749j 0.000107679-0.00231632j 0.00150894+0.00191071j -0.000394179+0.0011681j -0.000681579-0.00281733j 0.00127972+0.0014511j -0.00244967+0.00114714j 0.00132389-0.00207525j -0.000789795+0.00113745j -0.0011947-0.00225582j -0.0044135+0.00209856j 0.00392834-0.000241754j -0.00266021-0.000317878j 0.00154927-0.000832093j 0.000457893-0.00370084j 0.000477521-0.00164018j 0.00141543-0.000539487j -0.00472193-8.21872e-05j 0.000441943+8.23161e-05j 0.0011955+0.00456919j -0.000341485-0.00172199j 0.00211716-0.000217443j -0.00034156+0.00103321j 0.00243166-0.00207796j 0.00788916-0.000376677j -0.00081092-8.59929e-05j -0.0039247-0.000145977j -0.00216333-0.00468264j -0.00266395-0.00111742j -0.000695516-0.00209972j 0.0011527-0.000303221j -0.00105183+0.00130157j -0.00112711+0.000312759j 0.00213723-0.000563366j -0.00346754-0.00196931j 0.00181764+0.00184127j -0.000220576+0.000776616j -0.00089376+9.24937e-05j -0.00377558-0.00104572j -0.00268222+0.00162153j 0.00104005+0.000899659j 0.00183187+0.000913434j 0.00174837+0.00144989j -0.00105488+0.00267721j 0.000160604+0.00189553j 0.00228442+0.00192581j 0.00341504+0.00123098j -0.00185705-7.88572e-05j 0.00402845+0.000987713j -0.0004208+0.000738957j 0.00305436-0.00167442j -0.00286935-0.00210887j -0.000936632-0.00151025j 0.00219901-0.00189745j 0.000251713-0.00225133j 0.00172042+0.00154993j -0.000643722-0.000382435j -0.000774789-0.00112767j 0.00226253-0.000106133j 0.000293376-0.000568279j 0.00139952+0.000808611j -0.00157937-0.000394492j 0.00141103-0.000605473j -0.00328452-0.00162907j -0.00329104-0.00138406j 0.000138012+0.00108792j -0.00192605+0.000531776j 0.000198141+0.00231795j 0.00142756+0.00304846j -0.00111458-0.00133689j -2.33678e-05-0.000690422j -0.000592267+0.00297505j -0.000354447-0.000148441j 0.000716053+0.0020228j 0.000485126-0.00180832j 0.000364259+5.44705e-05j -1.4331e-05-0.00200913j 7.82178e-06-0.000392491j -0.000995016+0.00431869j 0.000930594-0.000132403j -0.000444223+0.00121085j 0.000341713-0.00163341j 0.0048287-0.000613315j 0.00140019-0.00152362j -0.00324692+0.000307757j -0.00162605+0.00111049j 0.00215773+0.00170258j 5.92797e-05-0.000272351j 0.00193287-0.00132361j -0.000174747+0.00410786j -0.00119085+0.000943959j 0.0010635-0.000445039j 0.00184469+0.000286249j 0.000333432+0.000286005j 0.0005575-0.000705001j 0.000201781-0.00200864j -0.0022095-0.000974071j -0.00185422+5.43886e-05j 0.00026939+0.00125642j 
0.00100136-0.000451809j -0.000860703-0.00136745j -0.0016146-0.000853103j -0.00069918+0.00143498j 0.000343061+0.000637077j -9.09795e-05+0.000848932j 0.00168637+0.000382407j 0.00730775-0.00202033j 0.0186046-0.00145831j 0.00618157+0.00131073j -0.0020139-0.00266351j -0.0010444+0.00118836j -0.00309492-0.00128676j 0.000323265-0.000531615j -0.00172907+0.0037771j -0.001093+0.00186175j 0.00284422-0.00138005j 0.0013438-0.00312588j 0.000998584-0.0013503j 0.00207803-0.00206281j 0.00184137+0.000207086j -0.00369308-0.000189616j 0.00301177-0.00163099j 0.00116662+0.000477973j -0.000244137+0.00197599j 0.00726328-0.00226554j -0.00235992-0.00198031j -0.00136616-0.000560919j -0.00595514+0.000623826j -4.23383e-05+0.000594343j -0.0015178-0.00179866j 0.00309851+0.000463284j 0.000604068-0.000310194j -0.000586535+0.00221639j 0.00406325-0.00141267j 0.00166811-0.00225918j -0.00574509+0.00151828j 0.00481788-0.00314076j 0.000619783+0.000838293j -0.0024281+0.00400199j 0.00609589-0.00469839j 0.00218317+0.000268873j -0.0020933+0.00225645j -0.000180713+0.00391084j 0.00658982-0.0066754j 0.00436392+0.00372322j 0.00207791-0.00263811j -0.00333618+6.226e-05j -0.00536374+0.00557699j -0.00112191+0.00377583j 0.000902642+0.00283371j -0.000667049-0.00341733j -0.000586732-4.34017e-05j -0.000468972-0.000489503j -0.0014488+0.00205115j 0.0012385-0.0068124j 0.00261756+0.000998749j -0.00606473-0.00227523j 0.000321966+0.00465235j -0.00127834+0.00331057j 0.000411439-0.00428571j 5.1854e-05-0.00139428j -0.00199971+0.000711209j -0.0009037+0.00218201j 0.00114513-0.00169332j 0.000840938+0.000508854j -0.000571591+0.000522508j -0.001959+0.000123352j 0.00215038-0.000806357j 0.00170283-0.000799848j -0.000931507+0.00213251j -0.00274205-0.00099042j -0.000133431-0.00156064j -0.000326202-0.00169348j 0.00221129-0.00495898j -0.000264463+0.00607808j 0.00206557+0.00121475j -0.00198388+0.00288395j -0.00139815-0.00450803j 0.000712473+0.00371273j -0.00146162+0.000358143j 0.00115372+0.0021498j 0.00321179-0.00191923j -0.00137417-0.00184304j 0.00137069+9.12449e-05j 0.00223492-0.000643263j -0.00148593+0.00351537j 2.68271e-05+0.00430144j -0.00262008-0.00437012j 0.00355001-0.000493932j -3.49342e-05+0.00242783j -0.00277079+0.000414561j -0.00214296-0.000268474j -0.00105652-0.00191611j 0.00119605+0.00136507j -0.00586257+0.000308839j 0.0036636+0.00258393j 0.00414507+0.000109058j 0.00225187+0.00288273j 0.00232662-0.00347801j -0.00239875-0.000467031j -0.000537903+0.00114542j 0.0016047-0.00062882j -0.000206329+0.00072651j 0.00168354+0.00155871j 0.00185204+0.000511135j -0.00195626-0.00187124j -0.00170211+0.000609895j 0.000417432+0.000780427j 0.000596292-0.000642144j -0.000815361-0.00181894j 0.000485478-0.00125436j 0.00108352-0.000473506j -0.00310746-0.00103546j 0.00305004-0.0013131j 0.00267141+0.0019952j 0.00152147-0.00143642j -0.00171951+0.00261138j 0.00366089+0.00252106j -0.00492249+0.00299369j 0.000616072-0.000116898j -0.00267404+0.000228875j -0.00139054-0.00179372j 0.00178419+0.00191765j 0.000658118+0.00256396j 0.00546279+0.000638087j 0.000710735+0.000431696j -0.00107475+3.43027e-05j -0.000982874-0.00187123j 0.00221983+0.000320748j 0.000163209-0.00174802j 0.000403837-0.0041829j -0.0027758+0.00157594j -0.00251926-7.88191e-05j 0.00149776+0.00121732j 0.00178361-0.00102736j -0.00319956+0.00260563j -0.00648372+0.00386821j -4.08046e-05+0.00260729j -0.00274474+0.00137486j 0.00124442+0.00198801j -0.000798181-0.000167654j -0.000716093-0.00250249j -0.000978142-0.000119268j -0.00187485-0.000439088j 0.000292553-0.00152892j -0.000320219+0.000877033j 0.000481638+0.00106458j -0.00211947-0.0017353j 0.00383997-0.000403224j 0.000673433-0.00074811j 0.0021807+0.000636861j -0.00132774-0.00275238j -0.000309441+0.00136059j -0.00069781-0.00168174j -0.00277267-0.00193514j 0.00144254-7.30802e-05j 0.00312781-0.00181196j 0.000319079-0.000212927j 0.00185461-0.00110334j 0.000692882+0.000687363j -0.00023338+0.000853216j -0.000577271+0.0032014j -0.000668684+0.00443684j -0.0011219+0.000188005j -0.000230307+0.00176249j -0.00219866+0.000730212j -0.00134978+0.00087135j -0.00225848+0.00156416j -0.00128467-0.000491768j -0.00133989-0.00308881j 0.00096463+0.00286547j -0.00243979+0.00274998j 0.00278743-0.00041571j 0.000780628-0.000255452j 0.000584299-0.000614504j -0.000110345-0.004315j -0.00136744-0.000325807j -0.00210655+0.00146522j 0.00202883-0.00134367j 0.000566587-0.000686766j -0.00182129+0.00468868j 0.000220807+0.000511182j 0.00105621-0.00297351j 0.00037777+0.00132737j 0.00110452+0.00108639j 0.000867746+0.00280853j -0.00334353+0.000839052j -0.000724488+0.00168389j -1.23627e-05+0.00398379j -3.05941e-05+0.00364398j -0.00179349-0.00162275j -0.00171336+0.00230307j 9.95439e-05-0.000400231j -0.00231325+0.00154128j -0.00111996+0.00018036j 0.00115151-0.00171872j -0.000901531+0.00235012j 0.000576573+0.000229267j -0.00120766-0.00260178j 0.000960738+0.00340871j -0.00126025+0.000678047j 0.00137967-0.0003655j 0.000693017-0.000344808j -0.000869104+0.00264175j -0.00148733+0.000597008j -0.00062808-0.00145798j -0.00207473+0.000230839j -0.000979548+0.000991315j 0.00134751-0.000188395j 
0.000604791+0.000913337j 4.76873e-05+0.000741286j -0.00158844+0.00061174j -0.000719562-0.00067506j -0.00226508-0.00207202j 0.000531996-6.83872e-05j -0.00196674-0.00190919j -0.0146647+0.00233834j -0.0317162+0.00822226j -0.00625709+0.00611688j 0.00371981-0.00240758j 0.00324148+0.00054911j 4.13598e-05-0.00255706j -0.00213586+0.00323852j 0.00440561+0.00431521j -0.00189766-0.00129531j -0.00867639+0.00224993j -0.00201545+0.00903262j -0.000844074+0.000533423j 0.00552194+0.00446441j -0.00196182+0.00112384j 0.00118213-7.67866e-05j -0.00633009+0.00417097j 0.00136387-0.00392224j -0.000325615-0.00539643j 0.00130381-0.00122511j 0.000600958+0.000191754j -0.000491312+0.00426249j 0.00189442+0.003689j 0.0040423+0.00148823j 0.00243611-0.00498381j -0.00223788+2.88646e-05j 0.0011176+0.00321542j -0.00287167-0.00233918j 0.000782961+0.000705105j 0.00130124-0.00237395j 0.00284427-0.000816371j 0.00175001-0.00152268j 0.00108513-0.00135368j 0.00152388-0.00152386j 0.000693289-0.00329646j -0.00253474-0.00399979j -0.000875872-0.00100653j 0.00147959+0.0020232j -0.00101434+0.00178192j -0.00415306-0.000767606j 0.00016569+0.000574424j -0.0021616-0.00127905j 0.00162385-0.00327259j -0.0007328-0.00115988j -0.00286895+0.0010498j 0.00235415-0.0018137j 0.000852876+0.00164573j 0.00212134-0.000875303j -0.00319325-0.000310615j 0.00099135+0.00543989j -0.00191357+0.00130191j -8.79372e-05-0.000394935j -0.00198258+0.0014267j -0.000639694-0.00158838j 0.000840253-0.000383478j 0.00123032-0.00332813j 0.000526205-0.00151449j -0.00154707+0.00150324j -0.00215674-0.00157597j -0.00540022-0.000692977j -0.00108671+0.000720671j -0.00113619-0.00126882j -0.00140223+0.000302735j 0.00180442-0.0034327j 0.000225688-0.00232955j -0.00114705+0.00107056j 0.00318925+0.000257166j 0.000386288-0.000166285j 0.000371923+0.00145596j -0.00132964-0.00307573j -0.000273155+0.00144475j -0.000786655+0.00168988j 0.00384764-0.000452205j 0.00159537-0.00411833j -0.000649958-2.85481e-05j -0.00105251-0.0025039j -0.000637092-0.000175842j -0.000196794-0.00139091j 0.000475746+0.00085108j 0.000237148+4.17464e-05j -0.00020688-0.000764313j -0.00123161-0.00174159j -0.000297561-0.00354041j 0.000977009-7.29511e-05j -0.000367788-0.0028165j 0.00125347-0.00532742j 0.00178031-0.00164171j 0.00309373+0.000322692j 0.00166881-0.000192349j -7.60105e-05-0.000247466j 0.00134935+1.43854e-06j -0.00262697+0.0036876j -0.000840435-0.00425708j 0.00201082+0.00180761j -0.000665362+0.000772049j 0.00254789-0.000905077j -0.000293753+0.0042222j -7.13546e-05-0.00296162j -0.00222171+0.00195524j 0.000446684-0.000467938j -0.000557605-0.00278003j -4.92615e-05-0.0013503j -0.00109818-0.000384187j -0.00176825-0.00281512j 0.0052772+0.00201098j -0.00146008-0.000381605j 0.00117709-9.75512e-05j 0.00204405-0.00221815j -0.000572991+0.00158351j -0.00289748-0.00290847j 0.00346905+0.0025698j 0.0012727+0.00110021j 0.000793048-0.000193625j -0.00063125-0.000903248j -0.0012185+0.00348527j 0.000400783+0.000974917j 0.00122226-0.00558976j -0.00036792-0.000652079j -0.000471162+0.000824826j 0.000869627-0.000180374j 0.000121615-0.000826914j -0.00144286+0.00192511j 0.000758998+0.000722648j -0.000171631-9.6097e-05j 0.00219107-0.00236775j 5.86994e-05+0.000528826j -0.00238112-0.00239741j 0.00198014+0.00011844j -0.00226315-0.00102742j 0.00329044+0.00151011j 0.000270392-0.00092481j 0.00141071+0.00096165j -0.00184486+0.000668462j 0.000113997-0.00166132j -0.00119005+0.00211551j -4.43387e-05-0.00223812j 0.000398262+3.72921e-05j -0.00128611+0.000680297j -8.77357e-07-0.00184036j -0.00146752+0.000398427j 0.000685627-0.00037402j 0.000629901+0.000836654j -0.00129517+0.000436024j 0.00160285+0.00331303j 2.89847e-05+0.000879969j -0.00154043+0.00291561j 0.00182806+0.00051681j 0.00108951+0.000941248j 0.00331319-0.000574762j 0.00144807+0.000177617j 0.00276348+0.00140715j 0.000700993+0.00282319j -0.00147256-0.0012662j -0.000717381+4.28184e-05j -0.000795513-0.00195548j 0.000241866-0.000663253j -0.00284036+8.03051e-06j -0.00248569+0.00040076j -0.00156492-0.00203129j -0.0029047-0.000134047j -0.000646505-0.00115677j 0.000518484-0.000959157j -0.00227978-0.00137659j 0.00155531+0.00286877j 0.000380882+0.000449989j -0.00038717-0.0011889j -0.000609572-0.00325986j 0.000518764+0.000323491j 0.000264301+0.000480385j 0.00166121+0.000756769j 0.000708683+0.00148288j -0.000134968+0.000771327j 0.0031526-0.00234806j 0.000363728+0.000426852j 0.000607434+0.00217731j -0.00226055-0.00466476j -0.00134324-0.000218839j 0.000860908+0.00260296j -0.000818521-7.29729e-05j 0.000221016+0.000268279j 0.000281011-0.000150226j -0.00176322-0.000518512j -0.00127647-0.000840572j -0.000482923-0.000717764j -0.00181396-0.000493712j 0.0017333-0.00126847j 0.000207838-0.00222708j -0.000857808-0.00426556j 0.00162406-0.00227251j 0.00180411+0.00386938j 0.00126709+0.00170564j -0.000202283-0.00186324j -0.000305462-0.00102713j -0.000240307-0.00134021j -0.000257116-0.000497083j 0.00128198+0.000288267j -0.000748971+0.000604008j 0.000867675-0.00157462j -0.000234165-0.0012827j 0.000642308-0.00175182j 0.000222875-0.000646149j 9.00157e-05+0.00124365j -0.000388691+0.00103962j -1.20241e-05+0.000694163j 
8.12649e-06+0.000294273j 0.000372989+0.000117743j 0.000143884-0.00026897j 0.000574931-0.000950283j -0.000981379-0.000467205j -8.92922e-05-0.000377721j 0.000585171-0.000550184j -0.000533311-0.000219801j 0.00336255-0.0010731j 0.00302048-8.71183e-05j -0.00362715+0.00120974j 0.00306969-0.00125653j 0.00365957-0.00105713j 0.000442163-0.000630884j 0.00512361-0.000392168j -0.000118076-0.00213689j -0.00356876+0.00112162j -0.00233748+0.00409492j -0.00866391+0.00350024j 0.00351915+0.00437364j -0.000121465+0.000981876j 0.00420154+0.00167651j -0.00912661+0.000547018j -0.00335749+0.00279486j -0.00235244-0.001636j -0.00209424+0.00488372j -0.00431543+0.00400384j -0.00163684+0.000265737j -0.00363545+0.000518317j 0.00531075+0.0048462j 0.00257112+0.00524563j 0.00737763-0.000915407j 0.000430218+0.00299174j 0.00171374-0.000920971j 8.12687e-05+0.000625946j 0.00189097+0.00369544j -0.000998305+0.00683249j -0.00136489-0.000332966j 0.00350582-0.00185661j 0.000710858-0.00197586j -0.00278684+0.00278175j 0.00199584+0.00388397j -0.0031499-0.00164639j 0.00185672+0.00126696j 0.00228375-0.00127581j -0.00263728+0.000916128j 0.00129724+0.00155749j -0.00198252+0.00122543j -0.00536631+0.00261241j -0.00302429-0.00108034j -0.00570733-0.00101417j 0.00519315+0.000976061j 0.00209175+0.000478653j 0.00299728+0.000651221j -0.00101642-0.00514234j 0.00211926-0.00258464j -0.00321165+0.000538833j 0.00539999+0.00149616j 0.00264784+0.000865167j 0.000339164+0.000257895j 0.00117935+0.00154105j -0.000152082+0.00142931j 0.00247527-0.00137657j 0.000329175-0.00229093j -0.000382141+0.00379137j 0.00334129+0.00226521j 0.00198361+0.00308143j 0.00156843+0.00247962j -0.000761297+0.00162338j -0.000353378-0.00066786j -0.00117589+0.000838885j -0.00150052-0.000166692j 0.00353151-0.00144324j 3.50346e-05+0.000672473j 0.00275961+0.00528144j -0.00744821-0.000379079j -0.00301821-0.000513899j -0.00258316-0.00157762j 0.00134995+0.000130373j -0.00337335-0.00125389j 0.000944079-0.000621372j -0.002617-0.00212282j 0.00246143+0.00251982j -0.00152356+0.00169636j 0.00193693-0.000649657j 0.0017843+0.00092725j 0.000960946-0.00315986j -0.000406315-0.00221036j 3.87868e-05-0.000921713j 0.00235763+0.00084083j 0.000612048+0.00164956j -0.000636814-0.000738991j 0.00272725-0.00206943j 1.06318e-05-0.00149572j 0.00142555-0.00388762j -0.00320203-0.00536073j 0.00129039+0.00032083j 0.00366925+0.00203192j 0.00272043-0.00133532j 0.000937353-0.00351863j -0.00073687+0.00186398j 0.00272504-0.00123869j -0.00353349+0.000590934j 0.00143938+0.00109578j 0.000613483-0.00176278j 0.00304084+0.00288503j -0.0027069-0.00054988j -0.00161766-0.00194091j 0.00612934-8.85248e-05j -0.00164149-0.00284026j 0.00225842-0.00108446j -0.00150929-0.00318595j 0.00121474+0.000810579j -0.00691805-0.00183333j -0.00450132+0.00257274j 0.00389086+0.00193459j 0.00561196+0.00180859j -0.0021024-4.27077e-06j 0.00691776+0.000210383j -0.0020789-0.00264549j 0.00146507-0.000123289j -0.00786653-0.00366026j 0.00110119-0.000194761j -0.00190782-0.000704727j -0.000291+0.0041015j 0.000400482+0.000679211j 0.00148863-0.00066903j -0.00173996+0.00223069j 0.00214896+0.00190174j 0.00150753-0.00149416j 0.000455898-0.00328763j 0.00177931+0.00223191j -0.000584882-0.000176003j -0.00259516+0.00146413j -0.00159827+0.00184209j 0.00158875+0.00200792j -0.00711326+0.00337688j -0.0123407+0.00349897j -0.00202155-0.00213289j -0.000662005-0.000328693j 0.00209674+0.000555381j -0.000635681+0.00158152j 0.000952686-0.00182959j 0.00241623-0.00233782j -0.000205891+0.00163199j -0.0027491-0.00196201j 0.000872579-0.000285988j -0.000683849-0.00240893j -3.48492e-05+3.34928e-05j 0.00255685+0.000556646j -0.00517119-0.00222526j -0.000720724-0.00113408j 0.000183736+0.000747911j 0.000617799-0.000896989j -5.42511e-05-0.000357125j -0.00230462+0.00170456j 7.61519e-05-0.000853305j 0.00287107-0.00219742j -0.000729147+0.00141084j 0.00273721-0.00165002j 0.000189888-0.00175321j -0.00273513+0.0013072j -0.00244533+0.000736656j -0.00165875+4.51219e-05j -0.000358505+0.000103539j -0.000494526-0.00102185j 0.00289642+0.0010602j -0.00154038+0.000632564j 0.00263112+0.00122395j -0.000460983-0.000207569j 0.00227548+0.00204046j -0.00159969-0.000810079j 0.00140863+0.000215368j -1.49667e-05-0.00227298j -0.00012862+0.00185868j -0.00217081+0.002895j -0.00216406-0.00154073j 0.00143056+0.000682258j -0.000574642-0.00140412j 0.000679356-0.00230536j -0.00107419+0.000525182j -0.00101433+0.00188223j 0.00216557-0.000351727j -0.000936515-0.00134097j 0.00109073-0.00275242j -0.0030251-0.000112158j 0.00125835+0.00100308j 0.00198451+0.000216908j -1.09731e-05+0.000878648j -0.00142274-0.000861546j -0.000478996+0.000213196j -6.96931e-05-0.000176267j -0.00107465+0.00142446j -0.000590265-0.000247487j -0.00262723+0.00170226j 0.000858677+0.00127069j 0.000664678-0.000620423j -0.000306414-0.000921487j 0.00046583+0.000526942j -0.000800234+0.000294702j -0.000595994-0.00136728j 0.000106313-0.000146296j 0.000513382-6.10843e-05j -0.000626288-0.000682673j -0.00135646+0.00130405j -0.00094402+0.000438259j 0.000222254-0.000442126j 0.000477175+0.000278262j 0.000221934+0.000665775j 0.000299739-0.000142096j 
0.000347777+0.00207034j 0.00177973+0.000557624j 0.000439722-3.94138e-05j -0.00145993-0.00146164j -0.00209207-0.00359161j 0.000142179+0.00118127j -0.00173435-0.00192018j -0.00736132-0.00253789j -0.0183152-0.00128107j -0.00603864+0.000731119j 0.00346113-0.00229134j 0.000582686-0.000583277j 8.5077e-06-0.0022196j 0.000707983+0.00307829j -0.00190371+0.00431974j 0.00119977+0.000388576j -0.00259199+0.000873328j -0.00127989+0.00344824j 0.00564351+0.000969504j -0.00175677-0.00243674j -0.00379315+0.00175803j 0.00118154+0.00285942j 0.000737918-0.00177123j 0.00354016-0.00118358j -0.000443265-0.00192428j 0.00276096-0.00153461j -0.000908082-0.00510772j -0.00157866-0.000872133j -0.0033488-0.00168818j -0.00121501+0.000793196j -0.00442011-0.00805696j -0.00432033+0.0049895j 0.00174273+0.00100777j -0.00346912+0.00307741j 0.00186699-0.0010292j -0.000274951-0.00821349j -0.00249254-0.00301349j 0.00406012-0.0034095j 0.00239501-0.00147468j 0.00452048+0.00192437j 0.00149093-0.00777279j -0.00414792-0.00127948j -0.00347627-0.000776732j 0.00143269+0.00372343j -0.00430592-0.00102778j 0.00295056+0.00257961j 0.000350438-0.0018658j -0.00448483+0.000480249j -0.000603032+0.00209943j 0.00313452-0.00131868j -0.00267608+0.00478065j 0.0017494-0.0066977j -0.00114548+0.000218438j 0.00318438-0.0039791j 0.00309516-0.00115149j -0.00208989-0.00157069j -0.00175834+0.00233752j 0.000662151+0.00238874j 0.00143533+0.00113928j 0.000140777+0.000615969j 0.000292624+0.000865343j -0.000737422-0.00186797j -0.00310024-0.00284858j -0.002404-0.001277j 0.00208215+0.00236169j -0.000206375-0.000687134j -0.00124241+0.00108028j -0.0011097-0.000800661j 0.00123733+0.000169872j -0.000781478+0.000787622j 0.00142192-0.00157304j -0.000216033-0.00318155j 0.00181517+0.000459874j 0.00278286+0.00106893j -0.00115802-0.000890959j -0.000169115-0.00341972j -0.000911919+0.0017855j 0.000371461+0.00017238j 0.00544945+0.00403872j 0.00126811+0.00119748j 0.000342252-0.000573798j -0.00233804-0.000509384j 0.00165279+0.00353335j 0.00249128-0.000927686j -0.00167634+4.65627e-05j -0.000801918+0.00075331j -0.00321767-5.23339e-05j -0.00386202+0.0009755j 0.000764899-0.000804237j -0.00014072-0.000405768j -0.000758669+0.000680355j -0.00027257-0.00137881j -0.00150287-0.0029427j 0.000635336-0.00018567j -0.00236043+0.00333673j 9.10632e-06-0.000479922j 0.00166297+0.00189589j 0.000220033+0.00011041j -0.00155155+0.00142349j 0.000911518+0.00177924j 0.00081864+0.000472064j -0.00317581+8.55344e-05j 0.000719383+0.00255126j 0.00176731-0.00145031j 0.00126131+0.0014707j -0.000556214+0.000742753j -0.000436801+0.00253703j 0.000345991+0.00197037j 0.000924043-0.000681747j 0.00205524+0.0006335j 0.0022388-0.000388961j 0.00347355+0.00136248j 0.000157362-0.000115439j -0.00117976+0.00259479j 0.00418604-0.00108658j -0.000646128-0.00148692j -0.00069704-0.00333338j 0.000158299-0.00251877j 0.00204989+0.000358616j -0.000198649-0.00133008j 0.000894656+0.000369568j -0.00153486-0.000381661j 0.00115226-0.00292677j -0.000865555+0.00115939j 0.000608847-0.00124754j 0.000591176+0.00256983j 0.00151641-0.000265185j 0.00170149+0.00110961j 0.000622502-0.00297065j 0.00131527+0.00196308j 0.000555626+0.00112605j 0.000750185-0.000566078j -0.000580289+0.00053737j -0.0028628-0.0021918j 0.000622949-0.0010106j 0.00227763+0.00229464j -0.000336195+0.000302318j -0.00278484+0.00103823j 0.0019524+0.00178519j -0.00111114-0.00134841j 0.00124811+0.000303083j 1.24065e-05+0.000170243j -0.000542433-0.000670921j -0.00238496+0.00168667j -0.000957252-0.00135476j 0.000279876+0.000957468j 0.00114001+0.000894128j -0.000716949+0.000357046j -0.000128153-0.00104137j -0.00211472+0.000208897j 0.000142288+0.00250912j -0.0015925+0.00241236j -0.0010983-0.000343994j -0.00106239+0.000925054j -0.00175766-0.000265098j -0.000703212-0.000940973j -0.000669436+0.00163728j 0.00212114+0.00319841j 0.000108151-0.00250409j 0.00109638+0.001334j 0.000805676+0.00172595j 0.000277517+0.0025198j 0.0016344+0.000547102j 0.00156837+0.00125487j 0.00205692+0.000604426j -0.000471873+0.00144919j -0.000556972-0.00352553j -0.00205289-0.000944177j -0.00134901-0.00290026j 0.0017592+0.00136304j 0.00112002-0.000971226j 7.22423e-06+0.00156821j 0.000258557-0.0041799j 0.00135064+0.000927822j 0.000152771-0.00106571j 0.000790291+1.548e-05j 0.000771429-0.000363809j -0.000654614-0.00149465j -0.000386592-0.00103462j -0.00219532+0.00158169j 0.000304878+0.000513011j -0.00177739-0.00327529j -0.00274209-0.000943569j 0.000275042+0.00204227j -0.00140606+0.000218852j 0.00105471+0.000104011j -0.000744554-0.000217878j 0.00123992-0.000168946j -0.0016153+0.000356186j -0.00385024-0.00315337j -0.00195459-0.000463862j 0.000246103-0.00174357j 0.00191862-0.00220179j 0.000911296-0.000210883j 0.00227833-0.00109252j -0.00023233+0.000855481j -2.31805e-05+0.000165374j -0.00122786-0.000148041j 0.000232515-0.000176129j -0.000965753+0.000168034j -0.00472753-0.00147557j 0.000386212-0.000485784j -0.000481253+0.00181193j 0.000186534+0.00036981j -0.00129165-0.00144079j 0.00153454-0.00133797j 0.00210387+0.000474468j 0.000960952-0.000411801j -0.000630677-0.000732545j -0.00113203+0.000513587j 
-0.0011726-8.30709e-05j 0.00211793+0.000299302j 0.00310017-9.06048e-05j -0.00255807-0.000180622j 0.00526322+0.002156j -0.00406094+0.000398742j 0.00225602+0.00255246j 0.0306115+0.014126j 0.0587692+0.0347124j 0.0119048+0.0101644j -0.00538987-0.00565955j -0.00131411+0.000345241j -0.00144126-0.000295894j 0.00391246-0.00195762j -0.0042318+6.60794e-05j 5.84537e-05-0.000997853j 0.0018279+0.000837498j 0.00634436-0.00314618j -0.00977043-0.00375026j 0.00352049+0.00212788j 0.00187773-0.00169873j 0.00456345-0.00353249j -0.00393115-0.00224239j -0.00377467-0.0032069j -0.00064933-0.00382041j 0.00135477-0.00184993j 0.000201541+0.00509042j -0.00137979+0.000851642j -0.000994275+0.00178344j -0.00414213-0.00496006j 8.29588e-05+0.00202715j 0.003034-0.00603162j -0.00477755-0.00295007j 0.00122569-0.00261467j -0.0012144+0.00386413j 5.86805e-05+0.00151652j -0.00326211-0.00168906j 0.00272134+0.0027561j -0.00121511+0.00089824j -0.00360222+0.000410004j 0.00356167+0.00533947j -0.00154549-0.00122408j 0.00080656+0.0036196j -0.00198024-0.00430502j 0.000456593+0.000618389j -0.00415925-0.00294871j 2.16208e-05+0.000804874j 0.000839092+0.00244333j 0.00228587-0.00140583j 0.00297087+0.00090333j 0.000357582-0.0018438j -0.00139407+0.0055695j -0.00110848+0.00200775j -0.00190925+0.00131609j 0.0057083+0.00736353j -0.00340526-0.00220596j -0.00223742-0.00411686j -0.00329121-0.000724977j 0.000532641+0.000444778j 0.00209377+0.000435977j -0.000122284-0.00108505j 0.0054626+0.000661441j 0.00436098+0.00016582j 0.00200235-0.00151632j 0.00514493+0.00187521j -0.000550402-0.0017312j -0.00261366-0.00224737j -0.000751167-0.000788757j 0.00359985+0.000719488j 0.001612-0.000983065j -0.000761354-0.00035313j 0.000519374+0.000728302j -0.00111349+0.00254432j -8.26082e-05-0.00212907j 0.000784855+0.00255234j 0.000457834-0.00181711j -0.00117142-0.00129588j 0.00204757+0.000650444j -0.00280959-4.15834e-05j 0.00515161+0.00158749j 9.30299e-05-0.00111961j -0.00362488-0.00203221j -0.00401099+0.0066785j 0.000420769-0.00115786j 0.00139671+0.000850424j 0.00193964+0.00175853j 3.18572e-05+6.2688e-05j -0.00132383-0.00074239j 0.00314305-0.000874539j 0.00349+0.00406214j 0.000682653-0.000982146j -0.000499689-0.000303622j 0.00153521+0.00280677j 0.000588943+0.000841717j -0.000536113+0.00166456j -0.00294592+0.000123212j 0.000808829+0.00145734j 0.00276553+0.00214352j 0.00316722-0.000161258j 0.00197746+0.00293398j -0.00186647-0.00256988j 0.00212566+0.00074673j -0.00169298-0.00062583j 0.00163428+0.00169009j 0.000512321-0.000604842j -0.000725972-0.00196351j 0.00086651-0.00136122j -0.000530795-0.000892621j 0.00270656+0.00328477j 0.00276804-0.00189446j -0.00171289-0.00117152j 0.00349802+0.00317588j -0.00106246+0.00126797j -0.00330211-0.000932878j 0.000752348-0.00248429j 0.00103467-0.000496905j 0.000342797+0.00302447j -0.00205562+0.00247013j 0.00145459+0.00128714j -0.00167683-0.00268959j 0.00108318+0.00380148j 0.000854164+0.000568129j 0.00347373+0.00168312j -0.00151134-0.00107067j -0.00359174+0.000132377j 0.000142025+0.000451727j 0.00153301+0.000762427j -0.00204214-0.00288774j 0.0014866+0.00104558j 0.00162944+0.000539046j 0.00556235+0.00232103j 0.00209591+0.00113964j 0.000489989+0.00069695j -0.00523904-0.000651166j -0.000194277-0.0008016j 0.00152589-0.00142471j -0.00761506-0.00291296j -0.0145319-0.00170776j 2.82142e-05+0.000301626j 0.000660222+0.00116038j -0.00247897-0.000482451j 0.00101558-0.000165401j 0.00498947+0.000834617j -0.000991545+0.00102682j -0.0021189+0.000925089j 0.00564892+0.00149204j -0.00212377-0.0019384j -0.000256289+0.000698313j 0.00279375+0.000466487j -0.00564783-0.00143821j 0.00223122+0.00111182j -0.000414602-0.00132558j 0.00177113-5.16905e-05j -0.000774342+0.00206781j 0.00102136+0.00185857j -0.00112413+0.00040946j -0.00108144+0.000433352j 0.00128508-0.00286505j 0.00158437-0.000333745j 0.00226254-0.00301121j 0.00678687+0.00353773j -0.00604735-0.00563271j -0.0026893-0.000397287j -0.00228389+0.000102291j -0.000276709-0.0028444j 0.000584843-0.00229856j 0.000610117-0.00148484j -0.00181127+0.00127431j -0.00165234+0.00106028j -0.00070216+0.00145117j 0.00232108+0.00195172j -0.00128491+0.000317409j 0.00228802+0.00366742j 0.00311402+0.000476605j -0.000354867-0.000905795j -0.00405221+0.00150884j 0.00714015-0.0055422j -0.000885123-0.000829836j -0.0009199-0.00124665j 0.00262495-0.00281884j -0.00319071-0.000621603j -0.00275132+0.00301502j 0.00105585-0.00147759j 0.00225654-0.00101925j 0.0010463-0.00239326j -0.001942+0.001724j -0.00268784+0.00300468j 7.14908e-05-0.00192029j -0.00113515-0.000103106j -0.00120205-0.000791201j -0.001374+0.00311352j 0.00199543-0.00209388j 0.00104929-0.000430836j 0.00209598-0.000963167j -0.00332192+0.000245365j -0.00397618+0.000162768j 0.00167216+0.000359477j -0.000313761-0.00147708j 0.000624034+0.0014179j 0.00189305-0.00203563j -0.00296184-0.00119537j -0.000847152-0.000961918j -0.000143923+0.00119179j 0.000772396+0.000935581j -0.00297652+0.000227438j 0.000307862-0.000703564j 0.00253646+0.000279923j -0.000405338-0.00133668j -0.00169255-0.00072705j -0.000507838+0.000468768j 
-0.000331297-0.000687077j 0.000882562+9.00455e-05j 0.00227484+0.00178529j -0.00110533+0.00213189j 0.00211788+0.00118854j 0.00062093+0.00215442j -0.00023262+0.0017823j 0.0159113+0.00719859j 0.0282505+0.0151488j 0.00115051+0.00290033j 0.00118099-0.00159631j -0.00562862+0.000529797j -0.0028218+0.00435066j 0.00237104-0.00412555j -0.0113284-0.00521903j 0.000360636+0.000148557j 0.00330012+0.000455639j 0.00327468-0.00552892j 0.00383478-0.000188523j -0.00548273-0.00229288j -0.00190849-0.00184988j 0.00119293-0.00135908j 0.00318254-0.00175304j -0.00273921-0.0026259j -0.000568258-0.00180619j -0.00600897-0.00497666j 0.000439615+0.00300026j -0.000640312+0.00200387j 0.00266651-0.00120744j -0.00660048-0.000474501j -0.00515316+0.00577539j -0.00244363-0.0025301j -0.00341724-0.000856063j 0.00311951+3.90349e-06j -0.00305554+0.00296994j -0.00833679+0.00176505j -0.00258955+0.00109363j -0.00104961-0.000978135j 0.0027594-0.000710482j 0.00173426-0.00057316j -0.00068669+4.9854e-05j -0.00303764-0.00212454j -0.000400072+0.00182158j 0.00224812-0.00423754j 0.000780927+0.00100653j -0.00341891-0.00634898j -0.00106108+5.89061e-05j -0.00136026+0.00257772j 0.00328021-0.00367314j -0.00189223-3.59382e-05j 0.00055348+0.00201839j -0.000826582+0.000586122j 0.000255039+0.00382347j -0.000896993-0.000845555j -0.00201175+0.00485633j 0.000865662+0.00591854j 0.0019743-0.00540422j -0.00245727+0.000163143j -0.000930387+0.0025498j -0.00101778-0.00177689j 0.00163312+0.00154691j 0.000643618-0.000447121j 0.00178141+0.000250696j 0.0035257+0.000774127j -0.00422809-0.00268288j -0.00517417-5.84408e-05j -0.00034272+0.00138512j -0.000226503+0.00109128j -0.000194546-0.00572308j 0.00230776-0.00398564j 0.000870983-0.000415119j 0.0016972+0.00192297j -0.000540679+0.00362586j -0.00759201-0.00854534j 0.00690014+0.00208965j -0.00591991+0.00591601j -0.0012651+0.0032061j -0.00142165+0.000996638j -0.00691889-0.0028476j -0.00156872-0.00583955j 0.000950213+0.000740253j 0.0011177+0.00567356j -0.000419921-0.000476593j -0.0025478-0.00145088j -0.000576845-0.000872122j 0.000502012+0.00101733j 0.00183991-0.000200416j 0.00278766-0.001498j 0.000989097+0.00245132j 0.00207308-0.00179073j -0.00208476-0.0019967j 0.00213171+0.00115228j 0.00445275+0.002412j 0.00124995+0.0011152j -0.00281106-0.0010434j -0.000326332+0.00696455j -0.00138471-0.00193305j -0.000416331-0.000485317j 0.00462336-0.00227897j -0.00176309+0.00272343j 0.0013268-0.00167886j 0.00105841+0.000138491j -0.00489233-0.00227079j -0.00125685-0.000470165j 0.00113155+0.00103804j 0.000365222-0.00411984j -0.000970453-0.00375913j 0.000671229-0.00171416j 0.00316292-0.0022569j -0.000586493-0.000452944j 0.00231517+0.00111857j 0.00173279+0.00473739j 0.00104175+0.00123458j -0.001992-0.00112188j -0.00173513-0.00142969j 0.00156646-0.00357845j 0.00197379+0.00132562j 0.000725019+0.00220208j 0.00352539+0.000561001j -0.00184272+0.00505434j -0.0013464-0.00266744j -0.000732636+0.0023775j 0.00235389+0.000475316j 0.00129914-0.000833152j 0.00315323+0.00316276j 0.0034231-0.00341461j -5.69252e-05+0.000524111j 0.000400302+0.00560405j -0.00079822-0.00277965j -0.000717558-0.000807986j -0.000589333-0.00429358j -0.00269556-0.000856701j -0.00195336-0.00160098j 0.00272709+0.00207413j -0.00185076-0.00105363j 0.00966291+0.00501169j 0.00173445-0.00183651j 0.00253931-0.00192383j -0.000303132-0.000770556j -0.00260599-0.00117425j 0.000127783+0.00289215j 0.000490947-0.000368673j 0.000184069-0.000142841j -0.000931095+4.3718e-05j -0.00121157-0.00268335j -0.00173948-0.00220456j 0.00209356+0.00150572j -0.000808248-0.000299076j -0.000344145-0.000275424j 0.00255948+0.00181812j -0.000947546-0.0031567j -0.00107777+0.00165994j -0.000594422+0.00145896j -0.0014818-0.000127192j 0.00263982+0.00106216j 0.000458704-0.000404045j 0.000293779+0.00216378j 0.00115484+0.00507319j -9.33635e-05-8.92312e-05j 0.000260358+0.00151114j 0.00088011-0.000943824j 0.000724403+0.00075137j 0.000169851-0.00138746j -0.000533168-0.00115538j 0.000782504-0.00247232j -0.000393821+0.000879709j -0.000175437+0.0018629j 0.000522951-0.00145713j 0.000101079-0.00128012j -0.000321389+0.00259133j -0.000936655+0.00213559j -0.000291901-0.00317374j -0.00147905-0.00276105j 0.000553487+0.00373479j 0.000785418+0.00115696j 0.000768168+0.000565149j -0.000168428+0.00373025j 0.000112673+0.000681157j 0.00310681-0.00100288j -0.000858903-0.000748119j -0.000259057+0.00229204j 0.000377734-0.00353293j 0.000490016-0.00139199j 0.000684626+0.00145959j -0.00132113-0.000164157j -0.000543905-2.23333e-05j -0.000668417-0.000205958j -0.000508709+0.000518214j -0.000944581-0.00121905j -0.00237188-0.0011123j -0.00136288-0.00110679j 0.00170201+0.000213745j -0.00164614+0.0014192j -6.34428e-06-0.00261992j 0.00126302-0.000949092j 0.000994543+0.00225639j 0.000961512+0.00138723j -0.00180188-0.00248878j 0.00112326-0.000265628j 4.0971e-05-0.000279502j 0.000922491-0.00131952j -0.000557895+0.000338984j 0.000947683-0.000251726j 0.00100378-0.000782307j -0.000224289-0.000860736j -0.000851503-0.000800112j 0.000583589+0.000289178j -0.000830057+0.00115278j -0.000481368+0.00085498j 0.000400011+7.53963e-05j 
-5.99157e-05-0.000774518j -0.000206708-0.000626079j 0.000604096-0.000462407j 0.000454532+0.000543494j 0.000618501+0.00236474j 0.000148962-0.00022248j 0.000152043+0.00254529j 0.00308715+0.00512518j 0.00563835+0.00974028j 0.00161201+0.00193415j 0.000625997-0.00241949j -0.000676253+0.00150144j 0.00073556+0.0010689j 0.000439284-0.00253956j -0.0011346-0.00309233j -0.000415841+0.00070808j 0.00512296-0.00164915j 0.00228689-0.00519133j 0.00084909-0.00124122j -0.00185133-0.00202542j 0.000994643-8.01994e-06j -0.000604193+0.0030327j 0.0067449-0.00304037j 0.00014084+0.00200864j -0.000851525+0.00349299j -0.00299297-0.0026828j -0.000505687-0.00185001j 0.00134564-0.00300518j 0.000662244-0.000736164j -0.00138712+0.000828288j -0.00104142+0.00179316j -0.00141601+0.00213211j 0.000528183-0.000806877j 0.00145651+0.00130736j 0.0016327-0.0015927j -0.00250785+0.00170162j 0.000205833+5.71339e-06j -0.000659805+0.000836932j 0.000810562-0.0012758j 0.00243732+0.0024773j -0.00106001-0.000256836j 0.000302567+0.000396442j -0.00110117+0.00137003j 0.0011563+0.000449568j -0.00294376-2.85722e-05j 0.00119623+0.0022809j -0.000302843-0.000884804j -0.00213214+0.00190852j -0.000788948+0.000924997j 0.00149614+0.000169072j -0.000470809+0.00306766j -0.000176817-0.00183407j -5.8485e-05-0.000420863j 0.000200333-0.000703489j 0.00359126+0.000748915j -0.0001094-0.00171169j -0.00196634+0.000342249j -0.00191496+0.00130003j -0.000637315+0.000905083j -0.00175975+6.35654e-05j 0.000303942-0.000826636j 4.76594e-05-0.000449941j -0.00156531-1.59008e-05j 0.000831587-0.00115537j -0.000648591-0.00107445j 0.00145187+0.00162332j -0.00188189-7.22256e-05j -0.000715719+0.000497125j 0.000102333-0.000615963j 0.000134849-0.000766822j -0.000206202-0.000187398j 0.000768808-0.00201059j -0.00109115-0.000359913j 0.000761047+0.00201771j -0.000597658-0.000669444j 0.00475647-0.000981246j -0.000297224-0.00137817j 0.000398323-0.00162337j 0.000418186+0.00130565j -0.00111929+0.000779439j 0.000570118+4.56208e-06j 0.00229572+0.0010469j 0.0012049-0.000782257j 0.002285-0.000137276j -0.00318523+0.00115525j -0.000265565+0.000882795j -0.00013882+0.000201691j 0.0033114+0.000396063j 0.00103211-0.00243561j -0.000896495+0.00163016j -0.000753164+0.000784182j 0.00285598+0.0017725j -0.00118987-0.000801798j -0.000579633-0.00133241j 9.25137e-06-0.00197377j -0.00111288-0.000583973j -0.00071314+0.00225892j -0.00251162+0.000493341j 0.00183466+0.00125972j -0.00448341-0.0019703j 0.00118483-0.00214393j -0.000203718-0.00110775j -0.0045569+0.000492771j -0.000482495+0.000754283j 0.000837594-0.00164493j 0.00237114+0.00172342j 0.000305781-0.00278504j -0.00325954+0.000173721j -0.00403198-0.000861228j -0.00152773+0.00338164j 0.000399224+0.0019089j -0.00271079+0.000512505j 0.000184355+0.00200377j 0.00141071-0.000828581j -0.00130988+0.000461014j 0.00233639+0.00138907j -0.000823436+0.000158741j 0.000405178+0.000385748j -0.00139318+0.00152283j 0.00019831-0.0018658j -0.00279667-5.1178e-05j 0.000186045+0.000128547j 0.000106316+0.000530755j 0.00373526-0.000136003j 0.000527875-0.00107615j 0.000840991+0.00391854j -0.00106877+0.00166455j 0.00116742-0.00256345j 0.00202974+0.00182401j -0.000146773-0.000328018j 0.000130853-0.000630942j 0.00151762-7.61606e-05j -0.00096283-0.0023223j 0.00112062-0.000305126j 0.000641211+0.00192602j -0.00485665-0.00282345j 0.00237595+0.00142502j 0.000963746+0.00102002j -0.000613883+0.00130792j 0.000559541+0.00281474j -0.000963477-0.000470719j 0.000173896-5.24063e-05j -0.000560206+7.85478e-05j 0.000539353-0.00243494j -0.00156199+0.000124015j -0.000782301+0.00180923j -0.00110891-0.000977145j 0.00118572+0.00136886j -0.00114588+0.000183763j 0.00204008+0.000627865j -0.000712398+0.000264495j 0.000113242-0.00169503j -2.89238e-05-0.000318357j -0.00412402-0.000633282j 0.00118973-0.000468406j 0.0016649+0.000341613j 0.000480265-0.00122712j -0.00076484-0.00401753j 0.00365072-0.000782853j -0.000222709-0.0024995j -0.000117594+0.00019883j 0.00203716+0.000716251j 0.00192298-0.000224222j -0.000886549-0.000183628j -0.000213556-0.00232309j 0.000479719+5.22885e-05j 0.000933845-0.00116753j 0.00262516+0.00073138j 0.00168269+0.000305998j -0.00320035-0.00194676j -0.00107583+0.000761347j -0.000528312-0.000220228j -0.00216345+0.00171641j 6.79194e-05-0.000824199j 0.00398709+0.00163627j 0.00339218+0.00103446j -0.000389156+0.000311297j 0.000917786+0.0002244j 0.000869891+0.00105792j 0.00109499-0.00214803j 0.0010611+0.000224625j 0.00067836+0.00221388j 0.00219584-0.00139672j -0.0018533-0.000829711j -0.000571606+5.97079e-05j -0.000649833+0.000988292j -0.000194271+0.00112815j 0.000404002-0.00138398j 0.000892677-0.00109519j -0.00050127+0.00217474j -0.0012227+0.000124586j 0.000771834+0.000205418j -0.000595357+0.0022182j 0.000276429-0.000445303j -0.0002671+0.00215281j 0.000420247-0.00106701j 0.000701751-0.000293331j -0.000471972-0.000250857j 0.000943388+0.000308021j 0.00132204+0.000527353j 0.000215255+0.000834106j -9.80183e-05+0.000503256j 9.30739e-05-0.00104884j -0.000281136+0.000845184j 0.000491442+0.0012381j -0.000561072+0.00100835j -0.000424655-0.000200712j -0.000166225-0.000583935j 0.000382471-0.000155949j 0.000171337-0.000327179j 
0.00044384+0.000770961j 0.00195576+3.5047e-05j 0.00117187-0.000139442j -0.00230025-0.000631379j -0.000604668-0.00178543j -0.00114531+0.00037291j -0.00138603-6.59887e-05j 0.00330351-0.00479704j 0.0049394-0.0110966j -0.000246933-0.00705794j -0.000947148+0.00614774j -0.00195102-0.00349776j 0.00279796-0.00212513j 0.00175182+0.00146278j -0.000974439-0.00591104j 0.00102372+0.000391814j -0.00114937+0.000966513j -0.00140794+0.00305593j 0.00573471+0.00422587j -0.00358793-0.00101141j -0.00223811+0.00152521j -0.000411684+0.00318771j 0.00104038-0.000333966j 0.00143819+0.00136172j 0.000984786-0.00124852j 0.000152791+0.00329573j -0.00173198-0.00447916j -0.00293816-0.00155469j -0.00445244-0.00659732j -0.0024594+0.00851794j -0.00218825+0.00240153j -0.00215607+0.00604024j -0.00095963+0.00503594j -0.000395281+0.0026554j -0.000447106+0.00267954j -0.00177073+0.00218693j -0.00340773+0.00168958j 0.00198334-0.00223592j 0.000525833-0.000681059j -2.91323e-05+0.000590834j 0.00122936-0.00427813j -0.00442776+0.00140691j -0.00197251-0.000129187j -0.00136587+0.000399805j -0.00158705-0.000323104j -0.00083427+0.000153026j 0.000158729-4.83593e-05j -0.00441923+0.00409958j -0.00550813-0.000177023j 0.00333516-0.0026072j 0.000274644+0.00221014j -0.000775551-0.0022273j -0.00353228+0.0030924j 0.00223545-0.00170513j 0.00620517-0.00223359j 0.00434627-0.00358084j -0.00176575-0.00244571j 0.0017216-0.00236887j 0.00363399+0.00463922j -0.00072477+0.00218863j 0.000889453-0.000125334j -0.00170988-0.000519763j -0.00108961-0.00214091j 0.000795214-3.64442e-05j 0.000500254+0.00308139j 0.00087973+0.00020562j 0.00105892+0.003525j 0.000155878+0.00338073j -0.00150119-0.00171469j -0.00203445-0.000646069j 0.000927156-0.00168915j 0.000630866-0.000605281j 0.00104754-0.000984941j -0.00174755-0.00138786j -6.00088e-05+0.00159617j -0.000268213+0.00109721j 0.000180593+0.00250224j 0.00145458-1.37173e-05j 0.00328208+0.000523464j 0.00273566+0.000715197j 0.0022967+0.00016588j -0.00213497+0.00106791j 0.000536593+0.00127988j -0.000169707-0.000681082j 0.00547913-0.00268932j 0.000458423+0.00185525j 0.00111388-0.00108562j -0.00410962+0.00206555j -0.000404913+0.00127949j 0.000374909-0.000785444j 0.00114847+0.00202311j -0.000553762+0.00194686j -0.000966361-0.00143344j 0.000226912-0.00190873j -0.00131212+0.00117802j 0.00259907-0.0015865j 0.00514668-0.000871619j 0.000538252-0.00163737j -0.00288703+0.00150919j 0.000921426-0.00164711j -0.0056525+0.00287779j 0.000977638-0.00045895j 0.00284379-0.00295868j 0.00460553-0.00146382j 0.000597237+0.00122381j 0.00283709+0.000456594j -0.000168511-0.000940303j 0.000112421-0.000838287j -0.00128497-0.00370951j 0.000835634-0.00294832j 0.00102076+0.00104148j 0.000697657-0.000926315j -3.03407e-05+0.00138938j 0.00363319-0.000628374j 0.00379691+0.00367898j -0.000419655-0.000795925j 0.0024931-0.00388499j 0.00120609-0.00382666j -0.00171735-0.000624154j 0.00205268-0.00285327j -0.00224764+0.000926557j 0.00189377+0.000151088j 0.00245211-0.00173511j -0.000723062+0.000470516j -0.000732555-0.00062381j -0.00109367+0.00269528j 0.00086673-0.0005507j -0.000227389+0.0023187j 0.00216956+0.000895875j -0.00162787+0.000861618j 0.0005925+0.00144651j 0.00199344+0.0007279j 0.000613749-0.00140332j 0.00130403-0.00295248j 0.00249954+0.000686508j 0.0017886-0.00032328j -0.00140508+0.00161755j -0.00102759-3.58869e-05j -0.00119789+1.74215e-05j -0.00179631-0.00328899j -0.00301773+0.000766566j -0.00221562-0.000863617j 0.0013081+0.000541071j -0.000939749-0.00148538j 0.00279231-0.00294937j 0.00140709+0.000991562j -0.00262802+0.00206116j 0.00167272+0.000868036j -0.00157981+0.00267555j -0.000389562-0.00130099j -0.00083087-5.14964e-06j -0.00150954+0.000225816j 0.000449925-0.00207701j -0.000322573-0.00228954j -0.000898058-0.00187089j -0.000699381+0.000591421j 0.00109688-0.00128371j -0.00166604+0.00288874j 0.00103559-0.00204313j -0.000654194+0.00178495j -0.00252019+0.00191243j -0.00276898+0.000456001j -0.00253781+0.00217338j -0.00266598+0.00255972j 0.00420564+0.000890522j -0.00362632-0.00134892j -0.000823578+0.000647742j 0.000176585-0.00300873j 0.00176001-0.000592275j -0.000148376-0.000155021j 0.000517665+0.000840556j 0.000664693-0.000405955j 0.00224294-0.00285974j 0.0021062-0.00100015j 0.000100788+0.000900451j 0.000761961-0.00028926j -0.000438786-0.00300071j -0.00107822+0.000605204j 0.00245777+0.000768985j -0.00051513+0.000573326j 0.000263715-0.000291867j -0.00103568-0.00322157j -0.0025107+0.00352988j -0.00130952+0.0014975j -0.000872121+0.00136886j 0.00148749-0.00364361j -0.000208211+0.002015j 0.00177047+0.000563846j -0.00116054+0.000321388j -0.00451715-0.00428454j -0.00145143-0.00167534j 0.000273636-0.00152535j 0.00224204-0.00358087j 0.00347514-0.000858826j 0.00348877-0.00238856j -0.0016593+0.00246843j -0.000143574+0.000887369j 0.000295874-0.000762257j 0.000505228-0.000566346j -0.00058041-0.000223742j -0.00485315-0.0017044j 0.000283224-0.000106822j -0.000192185+0.00255807j 0.00117571-0.000329304j -0.00118209-0.00258058j 0.00228904-0.00241342j 0.00270905-0.000309642j 0.000436009-0.000433222j -0.00149184-0.000518391j -0.00147691+0.00160712j 
-0.00052795+0.000104842j -0.000454977+0.00145255j -0.000940137+0.00105557j 0.000140684-0.0014163j 0.000417528-0.000705295j -0.00122636-0.00134854j 0.000149592-0.00291676j -0.00363665-0.0026813j -0.00708181-0.00798594j 0.000576786-0.00148366j -0.000569979+0.00168628j 0.0018181+0.00083031j -0.00130777-0.00166738j -0.00154812+0.00392769j 0.00521389+0.00435358j -0.000269272+0.000288203j -0.0065313+0.00150479j -0.000516288+0.00695206j -0.000837418-0.0022111j 0.00464482-0.000168122j 0.000401835+0.000971058j -0.000846542-0.00132524j -0.00190871+0.00447681j 0.00159991-0.00177344j 0.00032577-6.06527e-05j 0.0044238+0.0045565j 0.00471004+0.000466401j -0.000362699+0.000819936j 0.00266468+0.00143281j 0.00026631-0.0018173j 0.00437652-0.0072902j -0.00281608-0.000756013j 0.000592362+0.000119856j -0.0021553+0.00123228j 0.00106287+0.00060954j 0.00415712-0.00327693j 0.00182718-0.00675309j 0.00496048+0.00184523j -0.00686253+0.00174204j -0.00206796-0.000632411j 0.00309059-0.00246711j 0.000720269-0.00191147j 0.00445803+0.00380117j -0.00386839-0.00073266j -0.00117338+0.00139868j 0.00298341+0.00080427j -0.000355989-0.00201155j 0.00268185+0.000364351j 0.000860344+0.00192989j 0.00403893+0.000204877j 0.00738232+0.00160566j -0.00633342-0.00419081j -0.00246489+0.00087583j 0.000114118-0.00140442j 0.000445215+0.000595806j 0.000124066-0.00163345j 0.000931241+0.00129079j -0.00280372-0.000254948j -0.00159193-0.0030504j 6.43487e-06-0.000671571j -0.000490854-0.00141282j -0.00035406+0.000262711j -0.0030256+0.00144787j 0.000811928-0.000674947j 0.00199871-0.00184814j -0.000981777-0.00357318j 0.000691476-0.00297926j 0.00164676-0.00178495j -0.000869579+0.000374477j 0.00163571+0.00145787j 0.00122817-0.000984572j -0.0052503+0.000336709j 0.00198149-0.000816941j 0.00153449+0.00276912j -0.0045108-0.00203525j -0.00199823-0.00630814j -0.000571489-0.00295427j -0.00411289-0.000319797j -0.000248775+0.000774083j 0.000230806+0.00212301j 0.000969107-0.000555483j 0.00202313-0.00318908j -0.00331683-0.000520989j -0.000472574+0.00043791j -0.00067941-5.24375e-05j 0.00242681+0.00079577j -0.00114522+0.00208199j -0.000201831+0.00143497j 0.000712066+0.000265715j 0.00212179+0.00121273j 0.00216841-0.000694297j 0.00289748+0.000666283j 0.00216665+0.000359646j -0.00141419+0.000471285j 0.0017093+0.000467509j -0.000285281-0.000842944j -0.00141814+0.000615794j 0.00108729+0.000186155j 0.00284476+0.00273376j -0.000919692+0.00117954j 0.000117288-0.00122137j -0.00266243-0.00128256j -0.00359463-0.0016028j -1.17442e-05-0.00102074j -0.00144198-0.000793851j -0.00106148+0.000271652j 0.00209065+0.00118217j -0.000509024+0.00149199j 0.00458583+0.00199208j 0.000224812+0.000498499j -0.000459911+0.00253071j 0.00604457-0.000791485j -0.00113492+0.000644866j -0.00451181-0.00130331j 0.00161976-0.000359444j 0.00208446+0.00103673j 0.00373491+0.000628847j 0.00141353-0.000399242j 0.00837731+0.00245669j -0.000703632+0.00142879j 0.000837323-0.00174913j -0.00962824-0.00142235j 0.00336225+0.000287455j -0.00149232+0.000508111j 0.00116522-0.000704791j 0.000316442-0.00174606j 0.00179281+0.00084115j 0.000306018+0.000427297j -0.00245725+0.00100751j 0.00275793+0.00197462j 0.00268605+0.00378317j 0.0001973+0.000648158j -0.000892999-0.000444527j -0.00225375-0.00172546j 0.000197461-0.00191002j 0.00313868+0.00569572j -0.00400602-0.00352116j -0.00899111-0.00430661j 0.00090235-0.000605991j -0.000924001-0.00371456j 0.00233893+1.61072e-05j -0.000359715-0.000388416j -0.00119679+0.00100378j -0.00100463+0.00162372j -0.00165074-0.00139433j -0.00475242+0.00106898j 0.00356307+0.000915957j 0.000373141+0.000166463j -0.000425394-0.000542211j -0.00493552-0.00166656j -0.00467063+0.000617231j 0.000509916-0.00141301j 0.000861834+0.000102865j -0.000116336-0.000212434j 0.000380821+0.00142302j 0.000878186-0.00113572j 0.000455208+1.68592e-05j 0.0031976+0.00256458j 0.00166881-4.35801e-05j 0.00242978+0.00156783j 0.000405337+0.00253274j 0.00101416-0.0028694j 0.000309053-0.000693187j 0.00143725-0.000713596j -0.000403726-0.000986283j -0.000264543-0.000302185j 0.00575132-7.49912e-05j -0.000623966-0.000400092j 0.000479561-0.00173181j 0.00224334+0.000149086j 0.000216817+0.000534117j -0.000881174-0.000628478j 0.000536552+0.00106522j 0.00123547+0.00102344j -0.000664736-1.30092e-06j -0.00109528-0.00124835j 0.00285778+0.00298587j 0.000966577+0.000361019j 0.00114823+1.15463e-05j -0.000533155+0.00201424j 6.3593e-05-0.00069497j 0.000804831-0.00215687j -0.000551369+0.000174558j -0.00217279+0.00132151j 4.57108e-05+0.000928559j 0.000136237-0.000234754j -0.00110443-0.0021064j 0.00199+0.000362514j -0.000720938-0.000387701j 0.00326982+0.0018073j 0.000113834-0.00076668j 0.000994796+0.000286791j 0.00384805-0.000644085j 0.00162676-0.000563629j 0.00264896-0.00141964j -0.000629682+0.000582124j -0.000776032+0.00106798j 0.00149651+0.000384623j -0.000606813-0.00116132j 0.000554722-0.000250464j -0.00010764-0.000532415j 0.00105633+0.000269904j -0.00167191-0.000235443j 7.88832e-05-0.000606593j 0.00100291-0.00135765j 0.00198606-0.000172356j -0.000265345+0.000108331j 0.000353241+0.000656622j -4.78015e-05-2.95639e-05j -0.000590833+0.000110089j 
-0.000921256-0.00153249j -0.000142566-0.00138585j 0.00172042-5.40059e-05j 0.00209863+0.00138652j 0.00116708+0.00574073j 0.000585241+0.000592252j 0.000450331+0.00521886j -0.00317594+0.0269877j -0.0136147+0.0636015j -0.00666336+0.0179223j 0.00658468-0.0135246j -0.000502546-0.00116302j 0.00169487+0.00481719j -0.00123321-0.00328137j -0.00397512-0.00351316j 0.000610467+0.00205616j 0.0104458-0.00323734j 0.000966513-0.0103234j 0.000756446+0.000625173j -0.00614853-0.00149043j 0.00127026-0.00189842j -0.00527259-0.000971417j 0.00724929-0.00381158j 0.000784552+0.00162033j -0.000282568+0.00278473j 0.00369241-0.00382152j 0.00324315-0.00451116j 0.00286865-0.00464181j -0.00459714+0.00257588j -0.00393312-0.0012091j 7.58376e-05+0.000889273j -0.00314554+0.000431184j -1.94338e-05-0.00256747j 0.000486639-0.00336962j 0.00460333-0.00376094j -0.00283432+0.0037726j 6.03418e-06-0.00360634j -0.00137828+0.000758168j 0.000557903-0.00394103j 0.000148085+0.00420199j 0.00246486+0.00279694j 0.00168646+4.48203e-05j -0.00124367+0.00127395j -0.00192412+0.00171817j 0.000714404+0.00292287j 0.00260059+0.00516203j 0.000439607+0.000398525j -0.000913789-0.000938162j 0.00203462-0.00128316j -0.0018821+0.000712413j -0.00265794+0.00291938j 0.00321831+0.000356795j 0.0036878-0.00511199j -0.00304673+0.00229996j 0.00024216-0.000224381j -0.00259165+0.00117489j -0.00325348+0.00418033j -0.00342533-0.00237321j -0.00184467-0.000124187j -0.00132468-0.000156088j 0.00172461-0.00216026j 0.00292041-0.004873j -0.00548259-0.00269842j -0.00390779-0.00085565j 0.00214028-0.00139175j 0.0023046+0.0017651j -0.00152778-0.000915698j -0.00146255-0.000238366j 0.00136862-0.000264475j 0.000554656+0.00250643j -0.00149893+0.00134286j -0.00025932-0.00731524j 0.000636082-0.000929356j 0.00233672+0.00169797j 0.00421922-0.0010346j 0.00303581-0.00245762j 0.00114658+0.000784479j 0.000302298-0.00533829j 0.00237321-0.00279955j 0.00091303+0.000256846j -0.000753975+0.000729089j -0.000578453+0.00615209j 0.00384416-0.00143949j 0.000903629-0.00427029j -0.000262018+6.57013e-05j 0.00194915-0.000213256j -0.000695737-0.00206286j -0.00113418-0.00225961j -0.000137602-0.00128387j 0.00121108+0.00317502j 0.000130062-4.67519e-05j -0.00142141+0.00144065j -0.00248178+0.00252542j -0.000326574-0.0015685j -0.0025361+0.0022405j -0.0034594+0.00165438j 0.00243479-0.00317006j 0.00134731-0.000598027j -0.00188189-0.000219478j 0.00295012+0.000335834j -5.52012e-05-0.000891264j -0.00119203-0.000439396j 0.00134831+0.00234287j 0.000228278+1.73733e-05j -0.0019293+0.000679615j 0.00150454-0.00181572j -0.000867999-0.00174995j -0.00143097+9.01791e-05j -0.00184668+0.00142819j 0.00198022+0.00289668j -0.00192673-0.00211566j 9.12102e-05+0.00756736j 0.000782808+0.00084462j -0.00089615+0.000797608j -0.00118672+0.00288793j -9.02419e-05-0.000642405j 0.0023289-0.00226853j 0.000181982-7.1158e-05j -0.000292507-0.000645447j -0.00242086-0.00195751j 0.000409854-0.00108354j -0.00105765-0.000452309j 0.000641314+0.000934529j -0.00142489-0.00220031j 0.00267466+0.000277025j 0.0003134+0.0011351j 0.000465339+0.00119465j 0.0007261-0.000421082j -0.000539055-0.00217769j 0.000294021+0.000727384j -0.000690921+0.00158888j 0.00195681-0.0016586j -0.00215139-0.00101737j 0.00196994-0.00252911j 0.000578432+0.00140093j 0.00207939+0.0010407j -0.0014642+0.00126248j -0.00049654-0.00147157j -0.00184049-0.00117597j -0.00177221-0.00114855j -0.000584328-0.00161236j -0.000734534-0.000376669j -0.000146071-0.000500537j 0.000142787-0.00142999j 0.00090709+0.00151385j -0.00100862+0.000790497j -0.000320994-0.000535638j -0.000311635+0.00061614j -0.000866853+0.000213502j 6.20419e-05-0.00473067j -0.000666604+0.00124124j 0.00151171-0.00221688j 0.00282329-0.00174554j -0.000881287-0.000123521j -0.00165053-0.00358883j 0.00121655-0.000125163j 0.000415708-0.00120484j 0.00112378-0.00219707j 0.00147697+0.000561451j 0.000637999+0.00152819j -0.00256581+0.00199993j -0.00034078-0.00274216j -0.00144714+0.000830403j -0.00256789+0.00181949j -0.000545819+0.00185481j 0.00114899-0.0012814j 0.00189374+0.000748705j -1.37597e-05-0.000808251j 0.000372403+0.000959604j -0.000505953-0.00157328j 0.00154313-0.00117094j -0.00239603+0.0030564j -0.00239717+0.00200473j 0.00051018+0.00024982j 0.00149196-0.00141484j -8.33904e-05-0.00207328j 0.00249681+0.000212009j 0.000683348-0.0014716j -0.00353175-0.000234211j 0.000939737+0.000142404j 0.00188831-0.0022304j -0.00143923+0.00388586j 0.000789382-0.000347266j 0.00107967-0.00160327j 0.00103738+0.000719168j -0.000370682+0.0008384j -0.00139362+0.000204361j -1.99373e-05-0.00031592j -0.000294692+0.000589265j 0.0028283+0.000846607j -0.000689494+0.00130221j -0.000347715-0.000210991j 0.000313489+0.00135182j -0.00136057+0.0031648j -0.00197426+0.000622752j 4.09731e-05-0.00528926j 0.000284895-0.00144476j -0.000846588+0.00210684j -0.00109946+0.00163158j 0.000418705+0.000100414j 0.000980845+0.000394044j -0.000390277-0.00056778j -0.00113082-0.000571489j -0.00140396+0.000806732j 0.000607451+0.00088859j -0.000537114+0.00125659j -0.00111259+0.000448405j 0.000740311-0.0011076j 0.00134753-0.000818253j 0.000116966-0.000575549j 
0.000952906+0.00124001j 0.000634078-0.00131668j -0.000394617-0.00183338j -0.00148484+0.000601067j -0.00115886-0.00167114j 0.000520724+0.0018537j -0.000340906+0.000562513j -0.0028887-0.00194102j -0.0088924+1.04654e-05j -0.00454315+0.00319754j 0.0039628-0.00354522j 0.000224435+0.00110051j -0.00159641-0.00196977j -0.000579158-0.00205462j -0.00306198+0.00184886j -0.000416431-0.000656248j 0.00170555+0.00079887j 0.00266135-0.00242147j -0.00100165+0.000215332j 0.000854974+0.000966955j -0.000913144-0.000122869j 0.00332558-0.000351291j -0.0010769+0.000793213j -0.000495989-0.000735457j -0.00183817-0.00106377j -0.00487684-0.00768212j 0.00118346+0.00134296j 0.000247775+0.00118355j 0.00620479+0.0067077j -0.000240401-0.00302463j -0.0013906+0.00016472j -0.00287372-0.00131422j -0.000278105-0.00175262j 0.00246422-0.00116997j 0.000323266+0.00055027j -0.00349137-0.00556461j 0.00201821+0.00162557j -0.00294162+0.00124335j 0.000775986-0.000689464j -0.000255067-0.000856651j -0.00240364-0.00173325j 0.00140475+0.00158243j 0.00189855-0.00271486j -0.000962314-0.00107954j -0.00225533-0.00212544j 0.00014325-0.00136496j -0.00149385-0.00074061j 0.00268452-0.00799016j 0.00665393-0.00259225j -0.000809627+0.00281055j -0.00098822-0.00166097j -0.00263518-0.00277162j -0.000372847-0.00373164j -0.0026177-0.00042574j -0.000900599-0.00145606j 9.34649e-05+0.00728957j -0.00248874-0.00139766j 0.00470712-0.00182346j -0.00442041-0.0058604j -0.00160145-0.0034474j 0.00466271+0.00402895j 0.00401741+0.00240974j -0.00234429+0.000368191j -0.00347282-0.00395304j 0.00190657-0.0015267j -0.000934562-0.00312198j 0.00178785-0.00120969j 0.00295744-0.00146521j -0.000232918-0.000959903j 0.000947724+0.00385363j -0.00101301-0.000316393j -0.000529597-0.00206823j -0.000495658+0.00131924j 0.000523138+0.000966365j 0.00277134+0.00329136j -0.00286837+0.00339873j -0.00180665+0.0022976j -0.00274321-0.00134597j 0.00480288+0.000143635j -0.000188979+0.00210989j -0.000688891-0.00363903j -1.79963e-05+0.0018407j 0.00539245+0.002017j 0.00144606+0.000751357j 0.00122835-0.00161665j 0.00218448+0.00040102j 0.00128532-0.00226595j -0.00012912-0.000708924j 0.00428185-0.000185404j -0.00152052+0.000332124j 0.003071+0.000395457j 0.00277571+0.000274888j -0.000699397-0.000941277j -0.00195901+0.00284876j -0.000240869+0.000233864j 0.00189575-0.00615416j 0.000746221+0.00152451j -0.00079585-0.00294401j -0.000703171-0.00169816j 0.00276666+0.00223784j -0.00203947+0.0032311j 0.000118838+0.00277421j -0.000967507+0.000216935j 0.00185188-0.00149628j -0.00172258-0.00196542j 0.00106694+0.00212697j 0.00231183+0.00185669j 0.00284936-0.000140308j -0.00197679-0.00250609j 0.000317058-0.00266936j 0.000843314-0.000796847j -0.0021335-0.00326501j 0.000893938+0.00146738j 0.00166355+0.00136935j -0.00228387+0.000206655j 0.00012958-0.00103115j -0.00284671+0.00165305j -0.00392813-6.82015e-05j -0.00329216-0.00163206j -0.000803733-0.00304892j -0.00131615-0.00141911j 0.000738552-5.06547e-05j 0.00260081-0.000422699j -0.000788397+0.000311887j -0.00251865-0.000241198j -0.000584143+0.00346749j 4.76607e-05-0.00186943j 0.000499867-0.00215328j 0.000756375-0.000857346j -0.000671035-0.00092419j -1.57299e-05+0.000346852j 0.00290408-0.000657192j 0.00307029-0.00153925j 0.000413787+0.00338522j 0.000577109-0.000790912j 0.000114626-0.000730516j -0.000759711+0.00180799j 0.000178471+0.00403589j -0.00208268-0.00281384j -0.000484509+0.00126833j -4.36243e-05-0.00144307j 0.00142388+0.00143372j 0.00090954-0.000474428j 0.000627017-3.38041e-05j 0.00159892+0.00130054j 0.00191445-0.00315995j 0.00073068+0.00134491j -0.00147528-0.00296019j 0.00165279-0.00109374j 0.00026591+0.00463546j -0.000120419+0.00055325j -0.0019118+0.0020695j 0.000520175+0.00118286j -0.000305084+0.000905443j 0.000878383+0.000571557j -0.000113492+0.00263416j -0.00220068+0.00190326j 0.000117672-0.000129651j -0.001288-0.00127028j 0.000261238-0.000762113j 0.00135243-0.0017733j 0.000610626+0.00325187j -0.00234347-0.00215212j -0.00282493-0.00293128j 0.000666106+0.000557859j -0.000151012-0.000145086j -0.00138955-0.0022708j -0.00110621+0.00178029j 0.000378865-0.000971628j -0.000290531+0.000102331j 0.00411331+0.000244905j -0.00285361+6.72437e-05j 0.000120407-0.00557934j -0.000912713-0.0014499j -0.000635151-0.000827844j -8.75843e-05+0.00214187j -0.00260972-0.0015638j 0.000669475-0.000399664j -0.00146329-0.00194897j -0.00102095+0.000959428j -0.000176871+0.00128114j -0.00119893-9.48082e-05j -0.000237112-6.82463e-05j 0.00122528+0.000610605j -0.00179291-0.00143468j -0.00196082+0.000961354j -6.93016e-05+5.61039e-06j -0.000883024-0.00198628j -0.0020108+0.000156741j -0.0029351-0.00100688j -0.00181893-0.000385289j -0.000356625-0.00122167j -0.00249373-0.0031539j 0.00126109+0.0007426j 1.1944e-05-0.0003075j -0.000426394+0.000116167j 0.000321965-0.000228908j -0.00244227-0.000685066j 0.000229297+0.000475582j 0.00134488-0.0020388j -0.00177264+0.00190864j -0.00136989-0.0012314j 0.000736355+0.000859483j 0.00105447+0.000519415j -0.00116824+0.000397367j -0.000495243-0.00100858j 0.000842056-0.000848402j -0.00130653-0.00120777j -0.00116671-0.000154509j 0.000406367+0.000818293j 
0.0012926+0.0008148j 0.000660209+0.000866364j -0.000223921-0.00029258j -0.00308648-0.0012195j 0.00021317-0.0033116j -0.00230232-0.00146917j 0.000803892-0.00425167j 0.0277555-0.0298949j 0.0675894-0.0777453j 0.0223597-0.0261288j -0.0165586+0.0209534j -0.00567461+0.00115771j -0.00383744-0.00572316j 0.00402192+0.0033868j -0.0011093+0.00142699j -0.00109016+0.000542999j 0.000636135+0.00450231j 0.00767858+0.00673939j 0.0107489-0.00879953j 0.000228718-0.000234412j 0.00173288+0.0016623j 0.00316789-0.0011563j 0.00375505+0.0025403j 0.000821832-0.00133457j -0.000929444+0.00317603j -3.48066e-05+0.00261372j -0.0037014-0.00038625j -0.00174553-0.000527461j 0.00194251-0.00376789j 0.00103673-0.0044922j -0.00448982-0.00230074j 0.00393031+0.000562627j 0.00363253-0.00289992j -0.000751076+0.00285565j -0.00252211-0.00285995j -0.000317181-0.00299141j -0.0029215-0.00197538j 0.00239394+1.90508e-05j 0.0015973+0.00348122j 0.00092832-0.00137496j -0.000576802+0.00194293j 0.000948629+0.00197532j -0.00195125-0.000862074j 0.0012768-0.000247219j 0.00131994+0.00207537j 0.00221682+0.000691441j 0.000637965+0.000986241j -0.00427354+0.00231341j -0.00585006+0.00235263j 0.000837665-0.00465759j -0.00283442-0.00144822j -0.000551165+0.00399026j -0.00458507+0.00270602j 0.00151085+0.000170469j -0.0011804-0.00483391j 0.00423155-0.00817605j 0.00250654+0.00354904j 0.00071789-0.0020974j -1.16086e-05+0.00356058j -0.00304936+0.00125835j 0.000884409-0.00128355j -0.00365149-0.00162833j 0.00306947+0.00307787j 0.000302192+0.000972228j -0.00267529+0.000771242j 0.00212159+0.000938092j 0.0020601+0.00135792j 0.000133199-0.000715208j 0.00158631+0.00335763j -0.00227022-0.00273831j 0.000236083+0.00267142j -0.00151251-7.78345e-05j 0.000369169+0.000657241j 0.000566634+0.000268857j 0.00217625-0.00464504j -0.00280317+0.000683377j -0.00146966-0.00097004j -0.002541+0.00386497j -0.00116309+0.00120853j -0.00961885+0.00189821j -0.00288502-0.000785774j 0.00361908-0.00421727j 0.0018555-0.00219897j 0.00165776+0.00101189j -0.00131858+0.00248831j -0.00239769-0.000379258j -0.00391776+0.000194797j -0.00168212-0.00125774j -0.00114912-0.00177928j 0.0016238+0.00253429j -0.00336157+0.000223707j -0.00255703-0.00343491j -0.000601928-0.00246756j 0.000686301+0.000986624j -0.0017217-0.00207534j -0.000873207-0.00592247j -0.00418632+0.00595226j 0.00273512+0.00330986j -0.00108054+0.000472743j -0.00390185+0.000879012j 0.00298307-0.00202183j -0.00115822-0.00310818j 0.000321466+0.0032244j -0.0015294+0.00189694j 0.00211043-0.00098896j -4.56779e-05+0.0047822j -0.000845056+0.00156845j -0.00412054+0.000535007j 0.00359616+0.00282506j -0.000297118+0.00462609j -0.000321696-0.00232035j 0.00244038-0.002318j -0.000300634-0.00128902j -0.00394068+0.000282943j -0.000979219+0.00510555j 0.00180526+0.0022552j 0.00422431+0.00339818j 0.00168558+0.000861954j 0.0021768+0.00193057j -0.00150514-0.000523744j 0.00185249+0.000340815j -0.00485571-0.00163348j -0.00271865-0.000910383j -0.000688394+0.000266894j -0.00261551-0.00158322j -0.000250945+0.00266888j -0.00143967-6.36873e-05j -0.00122271-0.00452234j 0.000740792+0.000849796j -0.000375825-6.74679e-05j -0.00169162+0.000848939j 0.00173739-0.000339518j 0.000825888-0.000468218j -0.00131973+0.000770028j 0.00183081+0.00299681j -0.00855032-0.00456041j -0.000946135+0.000148965j -0.00393631+0.00293169j -0.00159139+0.00233972j 0.00586904+0.00179317j 0.000895798-0.0019115j 0.000751974-0.000660924j -0.000796732-0.000207341j 0.00149799-0.00232676j 0.000206441+0.00321006j -0.00285954+0.00165097j -0.00175107-0.00162202j 4.46363e-05+0.000112843j 0.000230134-0.00205599j 0.00460709+0.0035729j -0.00188137+0.00197791j 0.00141987+0.00231337j 0.00102754-0.0012903j 0.000576287+0.00226564j 0.000424271+0.000151239j 0.00211837-0.0010419j 0.0014565+9.89219e-05j -0.00191546-0.00478818j -0.00109983-1.38434e-05j -0.001674-0.00448009j -0.000469325-0.00411182j 0.0025835+0.00186642j -8.96092e-05-0.000157209j 3.49514e-05+0.00039833j -0.00115071-0.000980771j 0.000674283-0.00130937j -0.00206975-0.00415027j 0.00230862+0.000943077j 0.00158909+0.000313591j 0.00187124-0.000639044j 0.0011702-0.000356291j 0.00140148+0.0023824j -0.00307422+0.00151759j -0.00212728-0.00095936j 0.000442825-0.000398211j 0.00256611+0.00151474j -0.00092438+0.000790409j -0.00089905-0.00162066j -0.00163251+0.00127598j -0.00336269-0.0013398j 0.000154416+0.000138049j 0.00226191+0.00151423j -0.00183317-0.00301564j -7.36139e-05-0.000527258j -0.00379145-0.000237703j 0.00135254+0.00281014j -0.000384265+0.000704968j -0.00156737+0.000180007j 0.000205962+0.000511699j -0.00393436+0.00062154j 0.00123012+0.0017177j -0.000458392-0.000657772j -0.000765113+0.00241875j 0.000420339+0.000402389j 0.00151827+0.00324675j -0.000876056+5.85734e-05j -0.000324153-0.00118297j -0.00199872+0.00123525j 0.00182103-0.000668792j -0.000664034-0.00102077j -0.00156855-0.000713502j -0.00160614+0.000506957j 0.00162241+1.43269e-05j 0.000480326+0.00054099j -9.30096e-05+0.000868329j -0.000195786+0.00119426j 0.000886287+0.000196135j -0.00113156+0.000192389j -0.00089705-0.00029106j 6.94514e-05-0.000556175j 
0.000601064-0.000902023j -0.0013603-0.00114375j -0.00177709-0.000393696j -0.000276089+0.00182715j 1.87658e-05+0.00124325j 5.91839e-05+0.000624395j 0.000272535+0.000896381j -0.00638176+0.00520453j -0.014637+0.0184779j -0.00559455+0.0079272j 0.00443919-0.00441678j -0.00142614-0.000519753j -0.000480141+0.000432887j -0.00085165-0.000665842j 0.00175931-0.00141227j -0.00124418+2.03161e-05j -0.00192731-0.00164553j -0.00182187-0.00205948j -0.00173236+0.0035367j -0.00143809+0.00131423j 0.0010509-0.000677285j -0.00381718-0.00367229j -0.000394098+0.00163637j 0.000262249-0.000858462j 0.0028374-0.00154427j 0.00412467+0.00256768j -0.0009339-0.000365496j -0.00303853+0.00221637j -0.00521251-0.000182169j -0.00240515+0.00713579j -4.17392e-05+0.00556754j 0.00157591+0.000694214j -0.00108755+0.00310599j 0.00103049-0.00114958j 6.05016e-05+0.00136304j -0.00129499+0.00619252j -0.00233741+0.0020456j 0.00124168-0.000201962j -0.00185935-0.000788889j 0.00117419-0.00113196j 0.00410052+6.36443e-05j 0.000493613-0.000291102j 0.000866287+0.00234802j 0.00212329+0.00103304j 0.00521183+0.00239276j -0.000973154-0.00213159j 0.00127161+0.000362813j -0.000802632+0.00128302j -0.00201259-0.00269038j -0.00358716+0.000899032j 0.000494922+0.0042737j 0.0050366-0.00136963j 0.00153988+0.00389409j 0.000786322+0.00199099j -0.00206774+0.00125847j -0.000496646+0.0034281j 0.00374817-0.000764291j -0.00474814+0.00149395j -0.0022972+0.00414211j -0.00156979+0.00181693j -0.000874594-0.00242132j -0.000281873+0.00068736j 0.00022146+0.000239565j -2.03557e-05+0.00379615j -0.00233749-0.00303614j -0.00335307+0.000730512j -0.00458227+0.000555694j -0.00335871+0.00014046j -9.90716e-05-0.00201538j 0.00383459-0.000607974j 0.0017343-0.000206479j 0.00195596+0.00157446j -0.000163399+0.00041576j -0.000659504-0.00389109j -0.00231887+0.000412794j 0.00281673+0.00276098j 0.000933812+0.00162525j 0.000746454+0.001216j 0.00046082-8.91782e-05j 0.00329212-6.18398e-05j -0.000232948+0.00146086j 0.00164654+0.000221592j -0.000148507-0.00220856j 0.000776777-0.00334775j -0.00364321+0.00285063j -0.00270413+0.000970489j -0.00233982+0.00367151j 0.0015261+0.00317895j 0.00120244-0.00466203j -0.00077761-0.00161184j -0.00230899+0.000992497j 0.0031082-0.00215051j 0.00154311+0.00262643j 0.00327301-0.000921717j 0.001898+0.00162739j -0.00252657+0.00239664j -0.00263735+0.000563046j -0.00667468+0.00152196j -0.000592522+0.000728272j 0.00131921+0.000947574j 0.00402191-0.00247337j 0.00187306-8.50027e-05j -0.00116679+0.00057049j -0.00370846-0.00109626j -0.00154821+0.00232502j -0.00135243-0.000420256j 0.00351186-0.00496694j 0.00124472+0.000585099j -0.00374827-0.00389152j 0.00154612+0.000107124j 0.000877792+0.00385116j -0.00174402-0.00376922j 0.000522291+0.000408772j 0.00516015-0.00130414j 0.00204743-0.000440656j -0.00265095-0.000571509j -0.00249462+0.00091944j -0.000113075+9.08163e-05j -0.00475034-0.000240835j 0.000358808+0.000269452j -0.00337891+0.0017753j 0.00432854+0.0041035j 0.000773848-0.00310445j 0.00134451+0.00101869j -0.00101811-0.00186766j -0.00133431-0.000697229j -0.00242639-0.000287458j 8.52546e-05-0.00199731j 1.31532e-05+0.00204635j -9.34058e-05-0.00107058j 0.0056669-0.000299513j -0.00150944-0.0019065j -0.0010922-0.00295452j 0.00100155+0.00103715j -0.00100789-0.00272345j 0.00116172-0.0066766j 0.00210017-0.000230511j 0.002769+0.000753863j -0.00423143+0.000502936j -0.00181346+0.00200782j -0.00321218+0.000229557j -2.1927e-05-0.00123948j 0.00149395+0.00177451j -2.40794e-05+0.000930102j -0.000479331-0.00255758j -0.000969461+0.00231392j 0.00194793-0.00154604j 0.000787633+0.000791173j 0.00119479+0.00121392j -0.00182922+0.00434572j 0.0019185+0.00105846j 0.000305032-1.45271e-05j 0.000721377-0.0018721j -0.00019644+0.00016128j 0.00171878+0.0012326j 0.00256436-0.000758019j 0.00140892-0.000254925j 0.00170641-0.00226587j -0.00162585-0.00138194j 0.00175048-0.00223269j 0.00206622-0.000212957j -0.000506886-0.00256126j -0.00147294+7.02864e-05j -0.0011831-0.000117929j 0.000803628-0.00413775j -0.00224989-0.000913376j -5.36763e-05-0.00134253j 0.000149236+0.000775503j -0.000987937-0.00146895j -0.00039926-0.00188675j 0.000230449-0.00168865j 0.00117717-9.06734e-05j -0.00230632+0.000813329j -2.75483e-05-0.00110199j -0.00152593+0.00133354j -0.00157253+0.000643583j 0.000679105+0.000515339j -0.000136598+0.000779154j 0.00200522+0.00159337j 0.00307921+0.00171789j -0.00131512-0.000585968j -0.000966808+8.2451e-05j 0.0022701+0.00237359j -0.000208828+0.00222839j 0.00227428+0.000918468j -0.00112881-0.00149724j -0.000961007+0.00143416j -0.00152204-0.0019823j -0.00125819+0.00181406j 0.00132892+0.002356j -0.000660117+0.000402662j 3.93765e-05+0.000511897j -0.00298096-0.00253951j 0.00324175-0.0044441j -0.000322584-0.00382642j -0.00197388+0.00359747j 0.000353457+0.00201844j 0.00199159-0.00010835j -0.000754682-0.000176721j -0.000181851-0.00287477j 0.00259047+0.00414482j -0.000466334+0.000724782j 0.000857063+0.000707277j 0.00219915-0.00193871j -0.000618623-0.000436163j -0.000346209-0.00244071j -0.000708301-0.00227992j -0.00256989+0.000774952j -0.00186414+0.00168481j 0.00122437+0.00156561j 
-0.000376041-0.00108792j -0.000204505+0.00129479j 0.000767117+0.00135673j 0.000234008-0.00116395j 0.000956905+0.00134451j -0.000814566-0.00292797j -0.000423364-0.00160923j 0.00871004-0.00760976j 0.0218625-0.0268414j 0.00960792-0.0111928j -0.0091487+0.0112841j -0.0010526+0.000262656j 0.00124415+0.000928189j -6.39337e-05+0.00252732j 0.00348661-0.0014228j -0.00101581-0.000343452j -0.00150744+0.00109478j -0.000116097+0.00733598j 0.00779719-0.00372157j -0.00348323+0.00145141j 0.00150673+0.00110112j -0.000299658+0.00249204j 0.0013941+0.000833528j 0.00235865-0.00100116j 0.0011786+0.000595161j 0.000569539-0.000870929j 1.34791e-05-0.00150792j -0.000658626+0.000574446j -0.000825884-0.00085969j -0.000476547+0.000307599j 0.00039296+0.000796198j -0.000803858-0.00160345j 0.00194826+0.000617352j 0.000914883-0.000405435j 0.000275341-0.000542121j -0.00152243+0.000920375j 0.00131804+0.00294945j -0.00225868+0.00217564j 0.00131184-0.000662244j 0.00416044+0.00106989j -0.00124986-0.000189333j -2.75804e-06-0.00254742j -0.000181119-0.00162726j 0.00179559+0.000719152j -0.00586967-0.00512954j -0.00215019-0.00210159j -0.00127441+0.000435242j -0.00642213-0.00102219j 0.00192977-0.00222241j 0.00607388+0.00285993j -0.00339291-0.0010679j 0.000125468+0.00231884j -0.00168594+0.000269838j 0.00216761+0.00188724j 0.00498553+0.00717871j 0.0010761-0.00233059j -0.00536767-0.00252666j -0.00247699+0.00510771j -0.000384873+0.0023957j -0.00185281+0.00128831j -0.000729408-0.00170337j 0.000592986+0.00178234j 0.00403123+0.002281j 0.00105759-0.00243302j -0.00329083+0.00349653j -0.000985598+0.00171687j -0.00253434-0.00303052j -0.00113615-0.00191496j -0.00241056+0.00216703j -0.000475385-0.00186421j 0.00172509-8.59043e-05j -0.0022335+0.00364847j 0.00282469-0.00113665j 0.00166387+0.00625654j -0.00558799-0.00275944j 0.00601918-0.00489736j -0.000449747-0.003298j -8.8298e-05+0.00280851j -0.00492521+0.00544067j 0.000220158+0.0023811j 0.00143791-0.000211456j 0.00345184-0.00784776j -0.00772924+0.000837117j 0.0023132+0.00250352j -0.00315729-0.001467j -0.000365114-0.00222703j -0.00183149-0.00166827j -0.00157197-0.00155686j 0.00128282-0.00350413j -0.000530649+0.000587175j 0.000104329-0.00307111j 0.00426375-0.00182417j 0.00186265-0.00175334j 0.00101863+0.000505044j 0.000377372-0.0029528j 0.00121801-0.00216902j -0.000978627+2.53972e-05j -0.00236476+0.00112876j -0.000487817-0.00213326j -0.00167729-0.00302783j 0.0014292+0.00282921j 0.003366-0.00214225j -0.00574474+0.00180369j 0.00160303-0.00148163j -0.00139323-0.0022387j -0.00163741-0.000697545j 0.000993301+0.00392168j -0.000942083-0.00240469j 0.002349+0.00014039j -0.00439019-0.000571095j 0.00107835+0.00125848j -0.000609688-4.87065e-05j -0.000517667+0.00123722j -0.00340155-0.00106159j 0.00110305+0.00285289j 0.00053413+0.000226941j 0.000631298+0.00287353j 0.00320121+0.00338393j 0.00155442+0.00172806j 0.00334478-0.00126519j -0.00263653+0.0043713j -0.000894909+0.000105038j 0.00291251-0.000305206j -0.000612606+0.000814864j 0.00251457-0.000450277j 7.20436e-05-0.00143399j 0.000512746+0.000920056j 0.000593057-0.000214439j 0.00129692+0.00647264j -0.00120321+0.000892524j -0.0031001+0.00447535j 0.000536256+0.00225556j 0.00039468-0.00121887j 0.00102904-0.00197805j -0.000690859-0.00043159j -0.00350584+0.000986148j 0.00102122-0.00115531j -0.000266066-0.00339254j -0.000129079+0.00214385j 0.00260261+0.00023669j 0.00153323-0.00169266j 0.00223649+1.66256e-05j -0.000752771+0.00242386j -0.00119486-0.000542107j 3.17487e-05-0.00302797j -0.00202912+0.00162772j 0.00130106-0.00212446j -0.00368078+0.000264075j 0.000478091+0.00179694j 0.000120735-0.00591245j -0.00209288+0.000442091j 0.000890377-0.0025494j 0.000991615+0.00234289j -0.00187912-0.00291892j 0.00266673+0.000436017j 0.00161682+0.00320261j -0.00208503+0.00112698j -0.00204735-0.000471725j 0.00451721+0.00141713j -0.00235219-0.000581058j -0.0010934+0.00250389j 0.00319904-0.00380016j 0.00151766+0.00184335j -0.000302029+0.000863044j 0.00038204+0.000220203j 0.00115079-0.000178251j 0.00243666+0.00454201j 0.000527954+0.00225907j 0.00309426-0.00169077j -0.00112425+0.000939116j 0.00255179+0.00213334j -0.00275366-0.00055032j -0.000605967+0.00291927j -0.000473117+0.00182926j 0.00127988+0.0034009j 0.00180835+0.000678985j 7.20431e-05+0.00340226j 0.00278967+0.000726674j 0.000149325-0.000279077j -0.00262827+0.000989734j 0.00140675+0.000649178j 0.00189976-0.00088421j 0.000556019+0.000156511j -0.0038111-0.000492474j -0.00111001+0.00107204j -0.00088042+0.000209758j -0.000518699-0.00230841j 0.00180354+0.000573181j -0.00145214+1.22736e-05j 0.00243973+0.00327038j 5.63752e-05-0.000716522j 0.00114128+0.000386429j 0.00260928+0.00294276j 0.000175537-0.000496627j 0.003507+0.00106207j 0.00117096-0.000112694j -0.000510363+0.000795192j -0.000518107+0.00110501j 0.000630904-0.00183598j 0.000598861+0.000147657j 0.000518562-0.000491899j 0.000645929+0.00139751j -0.00169034-0.000861063j 6.8628e-05-0.000315014j 0.0025793-0.000557054j 0.00136482+0.00118706j -0.000492861+9.9343e-05j 0.000459675+0.000792078j 0.000869903-0.000133467j -0.000766063-0.000359232j 
-3.96066e-05-0.000616395j 0.000188312+0.000614197j 0.000860555+0.00136536j -0.00100154+0.00043878j 0.00126485+0.000230575j -0.0011914-0.000418775j -0.000316819-0.00174442j 0.0137946-0.00635775j 0.0292109-0.019533j 0.00740107-0.00832603j -0.00480247+0.00739205j -0.00573127-0.00132893j -0.00345105+0.00150472j 0.00251296+0.00171651j -0.00427699-0.00331916j -0.000864056+0.00181887j 0.00216829+0.00314618j 0.00468807+0.00133127j 0.0114339-0.000620768j -0.0043656-0.00402075j 0.00129686-0.000526978j -0.00241156-0.00297582j 0.00563976+0.00369021j 0.0013358-0.00184439j 0.00037629+0.00120885j 0.00212389-0.00207175j 0.00173864-0.000858821j 0.000373549+0.000492365j 0.000920197+0.000690017j -0.00398261-0.00432235j -0.00269795-0.00116053j -0.00343592-0.00210236j 0.0013671-0.00196455j 0.000536583+0.000488114j -0.000680154-0.00133714j -0.00357611-0.002158j -4.90841e-05-0.00335941j -0.000862991+0.00271603j -0.00185381-0.00174475j 0.00242903-0.000208594j 0.00143295-0.000162288j 9.12181e-05-0.0033026j 0.00033687+0.00179874j 0.000463837-0.00227242j -0.00106385+0.00164845j 0.00262538-0.000931681j -0.000805006-0.000676228j -0.00265775-0.0014267j 0.00444985-0.00353553j 0.00133437+0.00153083j 0.00254859+0.00400956j -0.00371057-0.00350555j -0.00143055-0.00133437j -0.0017839+0.000466745j -0.000871122+0.00275661j 0.000822802+0.00408235j 0.000214497-0.000193741j -0.00172415-0.000789396j -0.00332755-0.000792918j -0.00201961-0.000722536j 0.00204514-0.000526668j 0.0011034-0.00137903j -0.00438949+0.0014828j -0.000288339+0.000227014j -0.00136721-0.00250617j -0.00131922-0.00101028j 0.000792706-0.000583746j -0.000775594+0.00020968j -0.000891237-0.00254513j 0.00287999+0.000977143j 0.00150394-0.000247698j -0.00569451-0.00088163j 0.00280726-0.000760295j -0.000549126+0.0017629j -0.00290863-0.00230859j -0.00025743-0.00197618j 0.002336-0.000455117j -0.00428591-0.000425351j 0.00106986+0.00120414j -0.0029892+0.00337394j 0.00102988-0.00153184j 0.00643484-0.000759981j 0.000860541-0.000382059j -0.00201718-0.000398019j 0.00150287+0.000315359j 0.000925724+0.00242055j 0.000288768+0.00165459j -0.000724884+0.00241556j -0.000667876-0.0019804j -0.00074517+0.000858211j 0.00128311+0.00215123j 0.00196597+0.00229382j 0.00107003-0.00126797j -0.00230638-0.00125853j 0.00272337+0.000414964j 0.00359479-0.00477515j 0.00103847+0.00321648j 0.000647878-7.73717e-05j 0.000785497+0.00499149j 0.00141503-0.00227983j -0.00359353-0.000649968j -0.00110553+0.00217474j -0.00143415-0.00167358j 0.00210143+0.000541436j -0.000190174+0.000530911j 0.000259225+0.00164961j -0.000414715+0.00131943j 0.000939517+0.00235078j 0.00129042-0.00135943j 0.00182881-0.00203349j 0.00153839-0.000167429j 0.000984844-0.0049479j -0.00111944+0.00125329j -0.00245226-0.00140757j 0.00168618+0.000256055j 0.00213231+0.00297402j -0.000708756-0.00383518j -0.00178925-0.00114424j 0.00356577-0.000166555j 0.00254467-0.000645569j -0.00504114-0.00125596j -0.0026049+0.00118627j 0.00293403-0.00153158j 0.000783128+0.00220694j -0.00184035-0.00372068j 0.000258867+0.00610668j 0.00218722-0.000127795j 0.00119771-0.00374756j -0.000220857+0.00393109j 0.00070803+0.000475265j -0.00195622+0.00240339j 0.000758579-0.000135763j 0.000587295-0.000301727j -0.00110723-0.00200903j 0.00106835-0.00026674j -0.00423053-0.00298432j -0.00207498+0.00061684j -0.0052105+0.00183897j -0.000984549+0.00179508j -0.00234908+0.00278922j 0.00194814-0.00100133j -0.00101591+0.00219106j -0.000823603+0.00124068j 0.000514628-0.000512035j -0.000830782-0.000146264j 2.70777e-05+0.00368214j 0.00152564-0.0003467j 0.000308158-0.0027491j -0.00171609+0.00161992j 0.00337095+0.000978956j -0.00148581+0.0030189j 0.000514554-0.00160631j -0.00309571-0.000737547j -0.0026148-0.00161919j 0.000133555-0.000842154j -0.00288148+0.000117997j -0.00250673-0.00348325j 0.000266543-0.00370093j 0.00268869-0.000913973j 6.01434e-05-0.00243623j -0.00100887+0.00258635j 0.003044+3.16478e-05j 0.00046374+0.00207228j -0.00125977+0.000638699j 0.000458763+0.000293305j -0.000486719+0.00243303j -0.00057872-0.00237886j -0.0018664+0.00139829j 0.00208414-0.000333148j -0.00369797-0.00200847j 0.00120825+0.000256241j -0.00145166-0.000513421j -0.000651903+0.00116062j 0.00124785-0.00175502j 0.00211197+0.00120954j 0.00135525-0.00022361j 0.000650086-0.000936089j 0.00119985+0.000593316j 0.000395372-0.000191739j -0.000818211-0.000252815j 0.000735235-0.00125569j 0.000294287+0.00101034j 0.00174338+0.000615043j -0.00127703+0.000652248j -0.000582266+0.000500597j -0.000901235+3.71182e-05j -0.00121309-0.000207978j -0.000524364+0.000819451j -0.00170355+0.000390856j -0.000301988-2.48502e-05j -0.0011642-2.79435e-06j 0.000198003-0.000915259j -0.000666326-0.00130716j 0.000949842+0.000167258j 0.00137103-0.000674323j -0.000296548-7.25041e-05j 0.000596176-0.000105305j -0.00163772+0.000275929j 0.000795203-0.000501334j -0.00027303-0.00148067j 0.000103503+8.6884e-05j -0.000830385-0.000402899j 8.73952e-06+0.000315176j 0.000410624-0.000551218j 0.000336587-0.000459352j -0.000133693-0.000372618j -0.00012668-5.36273e-05j -0.000913479+0.000434564j -0.000319786+0.000279324j 0.000386044+0.000119856j 
-0.000392892+0.00227308j -0.000695365-0.0014292j -0.00170226-0.00309197j 0.000800028-0.00073489j -0.000779188-0.00257894j 0.00188898+0.00223968j -0.000661956+0.00037673j -0.0302291+0.00778564j -0.0712214+0.0342195j -0.0259862+0.0190212j 0.0219987-0.0166183j 0.00254467+0.0013974j 0.00306767-0.0016256j -0.00351138-0.0014609j -0.00353805+0.010877j -0.000703721-0.00147306j -0.00245321-0.00565632j -0.00523618-0.00335317j -0.00809958+0.007452j 0.00245764-0.000230036j -0.00374352-0.000684802j -0.00410896-0.000305788j -0.00290744+0.00158131j -0.000644748+0.00400676j 0.000168642-0.00133254j 0.00223659+0.00237295j 0.00123748-0.00232372j -0.00192131-0.00222549j -0.00159803-0.00252428j -0.00282408+0.00342183j 0.00187488-0.00176088j -0.00479689+0.00227765j 4.28007e-05+0.00303716j -0.00442557+0.00223481j 0.00149946+0.000987677j 0.00436811-0.00191122j -0.0021223+0.000211617j 0.00235639-0.00214115j 0.0029713+0.00470176j 0.00753101+0.00321852j 0.00259966-0.0017666j 0.000233725+0.000865171j 0.00320651-0.00359022j -0.00130416+0.00266817j -0.00142991-0.00198739j 0.000562753+0.00277874j 0.000790247+0.00012402j 0.00188782-0.0032966j -0.00338461+0.000324036j 0.00041315-0.000144673j -0.00372229-0.00252863j 0.00754387+0.000979353j -0.000481111-0.000143217j 0.00485795+0.00410909j 0.00527094-0.000338863j -0.000732036-0.000980836j -0.001954-0.0011658j 0.000815437+0.0113644j 0.0010627-0.000553663j -0.00076474+0.0010264j -0.00389815+0.00328914j -0.00332404+0.00402357j -0.000527354+0.00180717j 0.00184826-0.00464278j -0.00331947+0.00238006j 0.00277522+0.0011057j -0.00219658+0.00225813j 0.00157378+0.000163529j -0.000570096-0.00036802j -0.00606938+0.00131559j -0.000102884-0.000294611j 0.00222805-0.000489727j -0.00497153+0.00251237j 7.96677e-06+0.00377686j -0.00611436-0.000791332j 0.00794051+0.000511231j -0.00202-0.000196894j 0.0032992-7.13959e-05j 0.00184266+0.0034646j 0.00323698+0.00164481j 0.00225711+0.000208949j -0.000467541-0.00143386j -0.00287418-0.00178201j 0.0020956+0.00222994j -0.000194383+0.00429381j 0.00177161-0.00245099j 0.00167424+0.00148422j 0.00295504-0.00275197j -0.00101112+0.00104224j -0.000569705-0.00457514j 0.00230511+0.00272776j 0.00181072-0.000903394j -0.00301814-0.00205192j -0.00361706+8.73812e-05j -0.00177044-0.0018736j -0.00360739+0.00351408j 0.00207397+0.00336884j 0.00125879-0.00201955j 0.00121326-0.00350822j -0.00399081+0.00156494j -0.00111565-0.00113612j -0.00429665-0.00222098j -0.000503495+0.00118596j -0.000381198+0.00280625j 0.00176991-0.00375188j 0.00242602+0.000603675j 0.00268961+0.000919369j -0.000715033+0.00103053j -0.00579487-0.000535566j 0.00046941+0.00370506j 0.00314399+0.00197995j -0.00278522-0.0018948j 0.00208962+0.000833809j -0.000936348+0.00123811j -0.000993543+0.00170691j 0.00325293-0.000240934j -0.000435437+0.0010276j 0.00235936-0.00300385j -0.00108848+0.000660812j -0.00116576+0.00145187j 0.00192212-0.00313867j -0.00117097+0.00194072j -0.00291159+0.00444752j 0.00281486-0.000560099j 0.0024575+6.77021e-05j 0.000299234-0.00136191j -0.00167463+0.00199701j 0.00111555+0.00185379j 0.00316252-0.000920878j 0.00042721-0.00213345j 0.00114649-0.0038893j 0.000388261-0.0014463j -0.000603127-0.000110906j 0.000558202+0.00297372j 0.000738602+0.00233186j 0.00292143+0.00143897j 0.000997716+0.00048783j 0.000811646-0.00122379j -0.000343058-0.00245433j -0.00135301-0.00045311j 0.000759872+0.00051947j 9.46873e-05-0.000107611j -0.000379907+0.000150846j 0.000523216-0.00163169j -0.00139595+2.2562e-06j -0.00243524-0.00118397j 0.000537886+0.00070591j 0.00108231+3.65921e-05j 0.00072815-0.00115543j 0.000292418+0.00355057j -0.00324712-0.00316972j -0.0017887-6.64743e-05j 0.000298066-0.00136714j -0.00224271-0.000477897j 0.0013791-0.00080342j 0.000618293-0.00219653j 0.000702005+0.000612256j 0.00235807+0.00114521j 0.00080039-0.00177623j 0.0025714+0.00133639j 0.000928323-0.00248174j -0.00172613+0.0030836j 0.000492564-0.00285304j 0.000242047-0.00268694j 0.00104662+0.00131796j -0.000244294-0.00044337j 0.00367904-0.00164273j 0.00167573-0.000872463j 0.00188596-0.000463339j 3.85765e-05-0.00190089j -1.77019e-05+0.000400952j -0.000682035+0.000383331j 0.00194558-0.00158183j 0.00038363+0.000675734j 0.00206559+0.000383895j 0.000442547+0.00014991j -0.00201408-0.000547686j 0.00161265-0.000697929j -0.000487673+0.00091201j 0.00100097+0.000249216j 0.000328209+0.000214937j -0.000114761+3.10391e-05j 0.000724506-0.000116763j -0.00136009-0.000399033j 0.000796639+3.51445e-05j -0.000278819+0.00021197j -0.000480853+0.000979048j 0.000494708-0.00153628j -0.00108272-0.000985695j 0.00198859-0.00190284j -0.00189208-0.000772907j 2.05184e-05-0.000514513j 0.000700102-0.00121041j 0.00143878+0.0023911j 1.76822e-05+0.00128307j -0.00158688-0.000620168j 0.000601742-0.000224551j 0.000811452-0.000518941j -0.000930754+0.00124314j 0.00233335-0.00124421j 0.000336747+0.00167725j 0.00070547-0.000971507j -0.000555071+0.000811877j 0.00159846+0.00154449j -0.00044056+0.000154187j 0.000531732-0.000137212j 0.00042929-1.90322e-05j -0.00123544-0.00174498j -0.0011328-0.0010942j 0.00012521+0.000420677j 
0.00159481-0.000358275j 1.80178e-05-0.00126521j -0.00111025-0.00185222j 0.000159986-0.000300268j -0.00286327+0.000702822j 0.00034162-0.00268147j 0.000948557+0.000857204j -0.00169062-0.00928683j 0.00377417-0.0252422j 0.00842943-0.00885395j -0.0112902+0.00975626j 0.00399326-0.00132106j 0.00485308-0.0017702j -0.00380945+0.000590093j 0.012893-0.000878008j -0.00160469-0.00181614j -0.00201329-0.00172324j -0.00574445+0.00591668j 0.000684692-0.00195936j -0.0022476+0.0071263j 0.00142172+0.00320464j -0.000166706+0.00113747j -0.00513269-0.00111007j 0.0025524+3.79073e-05j -0.000540943+0.00125573j 0.000490372+0.00159291j 8.82558e-05-0.00304612j -0.000501411-0.00101697j -0.00591364+8.87026e-05j -0.00129217+0.00779257j -0.000301504+0.00510334j 0.00252449+0.00204634j -0.00193926+0.00452848j 0.00373601-0.00125217j 0.00546273+0.00123897j -0.00226149+0.0059856j -0.0014287+0.00455688j -0.000368767+8.21025e-05j 0.00131136-0.00219993j -0.00584446-0.001785j 0.00253734+0.00093442j -0.00103326+0.00790881j -0.000740405-0.000717325j -0.00431278+0.00130303j 0.00562603-0.000823698j -0.00433529+0.00415306j 0.00125213+0.00113566j 0.00156717-0.00263182j -0.0067272-0.00315598j -0.00240097-0.000132542j -0.000811524-0.00246594j 0.000100556+0.000688658j 0.000392993-0.00160307j -0.00383735-0.000697299j 0.00530631-0.00372723j 0.00809969-6.72719e-05j -0.00400225+0.000233058j 0.00404583-0.00682837j -0.00196801+0.00208424j -0.00380194-0.00161983j 0.00453341-0.000889241j -0.000123134-0.0017609j 0.000246735-0.0020938j -0.001905-0.00281072j 0.00103944-0.00118416j 0.00172018+0.0027454j 0.000475871+0.00306354j 0.000792905+0.00161292j -0.00432518-0.000124939j -0.00140768-0.0006031j -0.00344912+0.00018954j 0.0035923-0.0015985j 0.00357127-0.00226682j -0.000361171+0.000792175j 0.00541931+0.00329582j -0.00652493+0.00157932j -0.0030499+0.00150172j -0.00256674-0.00264402j 0.00130275-0.00212122j -0.00210417-0.00195745j 0.00119927-0.0012168j -0.00185588+0.00369461j 0.0035767+0.00152877j 0.00353207-0.00170663j 0.000964641+0.00129947j 0.0024628+0.000407979j -7.11963e-05-0.00205353j 3.52237e-05-0.00239109j 0.002555-0.00510791j 0.000220646+0.00217501j -0.000714811+0.00108186j 0.00479143-0.00146647j -0.000920782-0.00159843j 0.00120444-0.00265111j -0.000528753-0.000647169j 0.00498338-0.00143048j 0.00194685+0.000643539j -0.00119646+0.00298107j 0.00260739-0.00192907j 0.000377402-0.00124064j -0.00387542-0.00202037j 0.000302322+0.000864712j -0.00236176+0.00454511j 0.00133787+0.00135254j -0.000477164-0.00275227j 0.000741149+0.000632772j -0.00437906-0.00093046j 0.00186272-0.00232271j 0.00158442-0.00104961j 0.000155238-0.000153163j 0.00113518+0.0024192j 0.00302914-0.00208866j 0.00152867+0.00147469j 0.00476926-0.00245032j -0.00457027-0.000194941j 0.000123133+0.000787486j -0.000985163+0.00112505j -0.000309301-0.000152489j 0.00105933+0.000174927j 0.000998355-0.000362291j -0.000500802-0.000626823j -0.00204332-0.00110506j 0.00342403-0.001429j 0.00165929-0.00110801j 0.00161315+0.00191852j 8.35172e-05+0.00149815j 0.00072103+0.000947431j 0.0012107+0.000127923j -0.00256049+0.00235095j 0.000524248-0.000634376j -0.0033184-0.0023031j 0.00268629+0.00106516j -0.00130966+0.00117736j 0.000875427-0.00102271j -0.00130304+0.00259933j 0.00131675+0.00443107j 0.000562454-4.5367e-05j 0.00254198-0.00238421j 0.00391414-0.00228432j -0.000836691-0.00516978j 0.00207127+0.000824611j -0.00157599-0.00110908j -0.0023496-0.000935758j 0.00172971+0.0017425j 0.00131178+0.00102054j -1.36974e-05-0.000540375j -0.000428354-0.000718693j 0.00147895+0.000972278j -0.00157415-0.00109181j -0.000202449+0.00185726j -0.000407507-0.00302789j 0.0020042+0.000329286j -0.000145536+0.000863536j 0.00041103-0.000164683j 0.0015115-4.46903e-05j -0.000983818-0.00233836j 0.000404021+0.000170675j 4.56563e-05+0.000869526j 0.00275639-0.000748793j -0.002124+0.0021684j -0.000992232-0.00102678j 0.00393554+0.00120382j 0.000648376-0.0028524j -0.000345388-0.00233136j -0.00200416+2.55288e-05j 0.000422778+2.9065e-05j -0.00372189+0.00224258j 0.000101139-0.000638709j 0.000791824+0.000774015j 0.000281159-0.00169035j 0.000479355+0.00207966j -0.00120632-0.000884947j -0.00283176+0.00245695j 0.0018963+0.00143962j -0.00121034+0.00113937j 0.00349308-0.00169921j 0.000979156+0.000894654j -6.21898e-06+0.00093849j 0.000175995+0.000394395j -0.00282706+0.00250858j 0.00344972+0.000453855j -0.000563157-0.00149384j -0.00467412+0.00238961j -0.00278415-0.000764268j -0.00174553+0.00246556j 0.00324101-0.00205963j 0.000210775-0.0008079j 0.000143415-0.00060724j -0.00256392-0.000874879j -0.00108479+0.00345951j 0.000787582-0.00110357j 0.000470805-0.000211921j 0.00288486+0.000443154j 0.00140398+0.0011905j 0.00479253+0.000416656j -9.11083e-05-0.0004905j -0.00135127+0.000678165j -0.00104348+0.00209362j 0.000324449-0.00207266j 0.00216722-0.000353571j -0.00250046+0.00146048j 6.86262e-05+0.00103065j -0.00142381+0.000363263j 0.00133746+4.04428e-06j 0.00198319-0.000706676j 0.00242066+0.000366645j 0.00100949-0.00184992j 1.11623e-05-0.0010847j -0.000446401-0.000772694j -0.00158122+0.00129164j 
-0.000829112-6.40958e-05j 0.000964494+0.000635654j 0.00260438+0.000506757j 0.000318658-0.000573312j 0.00150621+0.000665781j 0.000185167-0.0011511j -0.000668328+0.00180729j 0.00457534+0.00595287j 0.00344984+0.0107142j -0.0025039+0.00142472j 0.00299971-0.00214307j 0.000512389-0.000893175j 0.00244724+0.00264023j 0.00129165+2.7797e-05j -0.00184451-0.00447947j 0.00100498-0.000548364j 0.00198398+0.000731958j 0.00155199-0.00297302j -0.00491468+0.00163266j -0.00139766-0.00182099j -4.031e-06+0.000472811j 0.000579683+0.00315229j 0.002619-0.00354988j -0.00260583+0.000591642j 0.000810739+0.000980319j -0.00180327-0.00473961j -0.00098465-0.00272294j 0.00104201-0.000863181j -0.000850005-0.00108249j -0.00138929+0.00140291j -0.00332743+0.00119472j -0.000459082+0.00149463j -0.0018727-0.00108418j 0.00263167+8.30546e-05j -0.00120627-0.000339605j -0.00134166+0.000213669j -0.00296163+0.00204224j -0.00248592-0.00213368j 0.00360438-0.000764175j -0.00121075-0.000836276j -0.00157795+0.000501388j -0.00257008+0.000792649j -0.000309889-0.00292141j -2.82876e-05+0.000123765j 0.00167266+0.000520414j -0.00185925-0.00155373j -0.000111942+0.000804758j 0.00248723+0.00023164j 0.000654138-0.00044846j -0.00334079-0.00144026j -0.00178398-0.00253511j 0.00219069+0.00180045j 0.00219219-0.000457964j -0.000387199-0.00134243j -0.000434387+0.000303609j 8.57293e-05+0.00121728j 0.00131104-0.00209808j 0.00268014-0.000510265j 0.00137863+0.00032877j 9.01562e-05-0.00039235j 0.000497792+0.00186854j -0.0010979+0.000982208j 0.00191977-0.00194679j 0.000335182-0.000418466j -0.00184499+0.00229659j -0.000212046+0.00215381j 0.000810675+0.000477514j -0.000291996+0.000499342j -0.00139062+0.000827289j -0.00179029-0.000989114j 0.000790522-0.000778071j 0.00470033+0.00124489j 0.000313358-0.000616536j -0.00127338+0.00074044j 0.000637883+0.00187023j 4.93784e-05+0.00225385j -0.000529127+0.000876538j 0.00310224+0.000607948j 0.000398418+0.00420199j -0.00447797+0.000583249j 0.000301172+0.000395372j -0.000447635-2.29177e-05j -0.00114829+0.00119103j 0.000823736+0.00103677j 8.68374e-05+0.000413574j -0.00365091-0.000171115j 0.00133248-0.00111874j 6.80795e-05-0.0022014j 0.000461147+0.00303266j -0.00317403-0.00112376j -0.00283211-0.000269312j -0.000909488-0.000449713j 0.000276707-0.00197817j 0.00154856+0.000264423j -0.00420507-0.000729393j 0.00398453+0.00227187j -0.00179953-5.223e-05j -0.00145429-0.00161011j -0.00177778-0.00370725j -0.00191206+0.00309305j 0.00108037-0.00133948j -0.00031092+0.00125825j 0.000102785+0.00355641j -0.000281943+5.05809e-05j -2.18498e-06+0.000161213j -0.00114959-0.000206631j 0.000269258-0.000378j -0.000726302+0.000354678j 0.000216895-0.00568631j 0.000629041+0.00230353j 0.000778346-0.00223296j -0.000799368+0.00110804j -0.00070124-0.000799169j 0.00101263+0.00586749j -0.000165374+0.00182729j -0.000893317-0.00364873j 0.000614733-0.00343338j 0.00153111-0.00211366j -0.000803552-0.00734591j 0.00650468+0.000518327j -0.00371062-0.000192247j 0.00239678+0.00570746j -8.0949e-05-0.000209246j 0.00031891-0.000757924j 0.00271693-0.00411392j -0.00555381-0.0026036j -6.08664e-05-0.000734374j 0.00463612+0.000280142j -0.000473503+0.000676962j -0.00115263-0.000497392j -0.00248439+0.00240882j -0.00164418+0.00287765j 0.00121023+0.00163073j 0.00185275-0.00097092j 2.50284e-05+0.00167813j 0.00599425-0.00899614j -0.000133094+7.80993e-05j 1.48104e-05+0.000683351j -0.00138521-0.000947176j -0.00192534+0.00269335j 0.000745298-0.00335875j 0.000493524-0.000363341j -5.52895e-05+0.00236244j -0.000232223-0.00079836j -0.000908537+0.00105835j -0.00169625+0.00494764j 0.000398425-0.00315554j -0.000459591+0.0014983j -0.00127775+0.00207616j 0.000212181-0.00243331j -0.00252286+0.00454647j -0.000597258+0.0001204j 0.00142939+0.0014998j -0.000304327-0.0003305j 0.00020659-0.000892216j -0.00113157+0.001973j 0.001771-0.000213901j 0.00331985-0.00236048j 0.000507003+0.000128434j 0.00224752-0.00132503j -0.00145615+0.00113191j -0.000177932-0.00222779j -0.000686467-0.000676573j -0.0003205-0.00122457j 0.000948359-0.000115084j 0.000965996-0.001249j 0.00244926-0.00242755j -0.000204773-0.000361738j -0.000934816-0.00117028j 0.00130132-0.000122277j 1.43874e-05+0.00149448j -0.000241153-9.72696e-05j 0.000793106-0.000615805j 0.00274133-0.000133255j 0.00109104-0.000533167j -0.00113647+0.000474664j 0.00360068+0.00130188j -0.000195448-0.00106881j 0.000863475-0.000629872j 0.000945736+0.000188115j 0.0001455-0.000209229j -0.00180568-0.00181513j -0.000760354-0.00063181j 0.000320135+0.00175422j 0.000829209-0.000313605j 0.000143708-0.000549629j -0.00194204+0.000281027j 0.00198648-0.00146181j 0.000110154-0.000784644j -0.000611202-0.00241684j -0.000852881-0.00115369j 0.00145074+0.000182163j 0.00174002-0.000771432j -0.000208873+0.000172844j 0.000109498-0.00133381j 0.00021148-0.00122444j 0.000348239+0.000762889j 0.000213336-0.00115422j -0.000314233+0.000192248j 0.000909953+0.00124787j -0.000910014-0.00222359j 0.000669048-0.000449882j -0.000303725+0.000158572j -0.00022545+0.000341039j -0.000570474-0.00139867j 0.000301776-0.000149948j 0.000947995+0.000792194j 0.00109361-0.000447566j 0.000249612-0.000745578j -0.000699109+8.03739e-05j 
-0.000264921+0.00104156j -0.000588121+0.000950556j -0.00140306-0.000541159j 2.61855e-08-0.00225758j 0.00053867-0.000801804j -0.00105873-0.000526806j 0.00194516-0.00139064j -0.00259253+0.00519564j -0.00973843+0.0139882j -0.00236921+0.00924293j 0.00175384-0.00542411j 0.00269971+0.00511917j 0.00158236-0.00522629j -0.00350019+0.000567063j 0.00251094+0.0111205j -0.000773626-0.000254347j -0.00670063-0.00172533j 0.000154348+0.0055801j -0.00785248-0.00945194j 0.00557838+0.00966227j -0.00122246-0.00127333j 0.00560054+0.000547306j -0.00894484-0.000695149j 0.0006658-0.000879577j 0.00257596-0.00262903j -0.000135479+0.00646678j -0.000342235+0.00598857j -0.00270297+0.000600316j -0.00116711+0.00577205j 0.00373007-0.000193597j 0.00409397-0.000215691j 0.00411194-0.00268748j 0.000536844-0.000640527j 0.000682964-0.00268466j 0.000105214+0.000511399j 0.00409282+0.0024459j 0.00433752-0.00204186j 0.000707878+0.00244604j -0.00391658-0.00137631j -0.00372869-0.00215645j 7.23785e-05+0.00200223j 0.00374309+0.00393258j 0.00125126+0.00476989j -0.00139286-0.000349348j -0.00219847+0.00035725j 0.000489622+0.00114988j -0.000147017-0.000586214j 0.00319508+0.00230587j -0.0024272+0.00483677j 0.00178087+0.000504803j 0.00322905-0.000372912j -0.00388492-0.000418455j -0.00220255+0.00252695j -0.00125747-0.0018227j 0.00206885-0.00330368j 0.00165814-0.00628684j 0.000576717+0.0021352j 0.000395201-0.00401528j -0.00191301-0.00225984j -0.00136954-9.50063e-05j 0.000871053-0.00111903j 0.000436534+0.002162j -0.000862264-0.000299252j 0.00156534-0.00172693j 0.00038426+0.000490143j 0.00229465-0.00192398j 0.00191448-0.00148088j 0.00395385-0.000884424j -0.00181589+0.00136962j -0.00392741-0.000366743j 0.000733238+0.000511819j 0.00615537+0.0011379j -0.006082-0.00116797j -0.00134129+0.00058525j 0.00345616-0.000187783j 0.00610925+0.0104466j -0.00205712+0.00125734j 0.0023785+0.00320802j 0.00345275+0.000391883j 0.00121316+0.00507626j -0.00127383-0.0014739j -0.00094724+0.000570639j 0.00345358-0.00446897j 0.00301327+0.00212697j 0.000978342-0.000817751j 0.000745095+0.000773141j 0.00198226-0.000433054j 0.00514119-0.000279054j -0.00108109+0.00163575j -0.00226192-0.000713155j 0.00302085+0.00252044j 0.00279346+0.000315595j -0.00370439-0.0013806j -0.00389839+0.000688188j -0.00558557-0.00379409j -0.000874206-0.000413658j 0.00251296+0.00105169j 0.000929058-0.00164273j -3.17003e-05-0.00153642j -0.00473482+0.00307773j -0.00122934+0.0002577j -0.000954384-0.000602011j 0.00123332+0.00164239j 0.000399632+0.000225066j 0.00155633-0.00161791j 0.00324124-0.00301402j -0.00261996+0.00230892j 0.00205128+0.00261206j -0.00708207-0.00207329j -0.000714888+0.00224281j -0.000472454-0.0015131j -0.00540499+0.000740355j 0.00106304-0.000630694j 0.0033691+0.00247197j 0.00218544-0.000118908j 0.00165922-0.00471001j -0.00537691-0.00288763j -0.00106962+0.000271801j -0.00667745-0.00327837j 0.00155737+0.00164229j -5.49776e-05+0.0011603j 0.00425906+0.0028949j -0.00308058-0.000144032j 0.00251953-0.00166961j -0.000338733-0.00141017j -0.00193798-0.00143355j -0.00230197-0.000495009j 0.00241656-0.00131699j 0.000544643-0.00393008j -0.00100053+0.000914248j -0.00145594+0.00175726j 0.000683754-0.000540115j 0.00183105+0.00398248j -4.61004e-05-0.000661242j 0.00388197+0.00048693j 0.00201009-0.00559167j 0.00324207+5.83185e-05j 0.00572231+0.00186469j 0.000855704+0.000919114j -1.23327e-05+0.00307557j 0.00129375+0.000183266j 0.000657587+0.000808025j -0.000866894-0.000408454j -0.00358312+0.00091538j 0.000994364+0.000922952j 0.00236778+0.00128806j -0.000282979+0.00140995j 0.000376675-0.000697966j 0.00181793+0.000226008j -0.00188873-0.00241275j 0.00063481+0.00316969j -0.00130627+0.00276689j 0.000115826+0.00102846j 0.00124391+0.00284916j -0.00115757+0.000730689j -0.00123884+0.000775042j -0.000959956+4.56884e-05j 0.000356993+0.000773378j -0.000595934-0.00158942j 0.000383555-0.00064608j 0.0017161+0.00269326j -0.000288803-1.74485e-05j 0.000442286-0.00107889j 0.00175714+0.000118314j -0.00168497+0.00102101j -0.000124363+0.00102048j -0.00134512-0.00302705j -0.00114458-0.000443954j -0.00196775-0.00178763j 0.00170756+0.00323445j 0.000798732+0.000545467j 7.17957e-05-0.000164172j 0.00243887-0.00124488j 0.000355502-0.00128098j -0.00141704-0.00391133j -0.000748295+1.21547e-05j 0.00110878-0.000213293j -0.000393937-0.000767609j 0.000622207-0.00165585j -0.00116318-0.000742791j -0.000757657+0.000293774j -0.000976384-0.000935922j -0.0033883-0.00181429j 0.000351292+0.000664479j 2.15272e-05-0.00187864j 0.00145393+0.000736215j 0.00135495+0.000300393j -0.0012998-0.000490155j -0.00271376-0.00052533j 0.00187013-0.000763766j 7.51086e-05+0.000584665j 0.000710483-0.000885226j 0.00260321-0.00106059j 0.00124295+0.000374819j 0.00169177+0.000476321j -0.00178772+0.000546477j -0.000489158-0.00030683j 0.000384508-0.000248921j -0.00118583-0.000213149j 0.000988623-0.00240023j -0.000223363-0.00186296j 0.000494726-0.000394484j -0.00146167-0.000123046j 0.000862032-0.000375932j 5.77469e-05-0.000739077j 0.00214452+0.00059434j 0.000193809+0.00040599j -0.000493347+0.000565895j -0.00089332-0.000265749j -0.00046654-0.000292926j 
0.0013894-0.00132683j -0.000721161-0.000734117j -0.00112859+0.000333313j 0.000186666+0.0015536j -0.00229763+0.00177306j -0.000272489-0.00104898j 0.000964055+0.00101164j 0.00652719-0.00339103j 0.0232119-0.0125617j 0.011488-0.00517305j -0.0111552+0.00532017j -0.00131248+0.000577825j -0.00171117-0.00030345j 0.00147929-0.000864758j 0.00786467-0.000647641j -0.00013003-0.000903692j -7.51939e-05+0.00128109j 0.00236366+0.00275878j 0.000772921-0.00559643j -0.00183454+0.00192178j 0.00337519+0.000684947j 0.00276735+0.00291609j -0.00165425+6.71263e-05j -0.00206664-0.00220155j -0.00272873+0.000379539j -0.00620545-0.0075096j -0.00394508+0.00302974j -4.16445e-05+0.00144731j 0.00162276+0.00652799j 0.00189622-9.18719e-06j -0.00510792+0.00542764j 0.0054542-0.000746522j 0.00208341-0.000154557j 0.00531235+0.00108593j 0.00033054-0.00164889j -0.00760279-0.000225544j 0.00101879+0.0080168j -0.00860935-0.00479718j 0.000634379-0.00339047j 0.00308955-0.00150899j -0.00886966-0.00437701j -0.00122008+0.00558751j 0.00227709+0.00213367j 0.00346955-0.00160001j -0.00460915-0.0073454j 0.000592335-0.00276668j -0.00259847-0.00192045j 0.00122707+0.000716307j 0.00545721+0.00411967j 0.001376+0.00397447j 0.0019944+0.000688536j -0.00450129-0.00262727j 0.000989489-0.000747776j -0.00191102-0.00142682j 0.00453514+0.00320865j -0.00447918-0.000647828j -0.00361549-0.00344827j 0.000456762+0.00457392j 0.00431822-0.00385584j 0.00101049-0.000256008j -0.000201269+0.00129115j -0.000845262+0.00330657j 0.000493785+0.00249734j 0.00156194-0.00183154j 0.00205028+0.000965327j 0.00139538+0.000286711j 0.00142502+0.000171254j 0.00136096+0.00155867j -0.000339204-0.000376466j -0.000764676+0.000151332j -0.000110623+0.000861554j -0.0035494-0.000975212j 0.00224204+7.84982e-05j -0.00272867+0.00348228j -0.00244298-0.00196207j 0.00392326-0.000248364j 0.000168713-0.00186598j 0.000666545-0.000742947j -0.00350653+0.00114496j -0.000106877-0.000861415j 0.00169317-0.000366388j 0.0028852+0.000279066j -0.00196259+0.000131057j 0.000860974+9.56588e-05j -0.00145174-0.00013624j 0.000424444-0.000243989j -0.000121181+0.000440878j -9.92105e-05+0.000361035j 0.00440714-0.0022375j -0.000235095-0.00120004j 0.00196933+0.00144646j 0.00139867+0.00177482j 0.000959197+0.00185453j 0.000372028-0.00160395j 0.00414096+0.00158221j 0.00319411+0.00318661j -0.000705898-0.00132603j -0.00151176+0.001276j 0.000396859-0.000634809j 0.00172992+8.78082e-06j -0.00057792-0.000537349j -0.000639691+0.00144337j -0.00368148+0.000456073j 0.00119966+0.00158937j 0.00238363-0.00291233j 0.00154094-0.00157705j -0.00597266+0.000235061j -0.000711336+0.00337465j 0.00103203+0.00223552j 0.00266348-0.00185021j 0.000624295+0.00171929j 0.00419372-0.00270499j 0.000139422-0.000758321j 0.000281416-0.00150439j 0.0011684-0.00110376j -0.000821505+0.000579735j -0.00142162-0.00401659j -0.00351932-0.00113359j -0.000761754-0.00168298j -4.6939e-05+0.00243169j -0.00102741+0.000570287j 0.000164476+0.00176071j 0.0012157+0.000257884j -0.00196261-0.00126716j 0.00019569-0.00048018j 0.000307735-0.00142518j -0.000299194+0.00053442j 0.00209995-0.000669389j -0.00397675+0.00120486j -0.00105971-0.00087576j -0.00249156-0.00272725j -0.000905212+5.26274e-06j -0.00326369+0.00333171j -0.000213353-0.00148776j 0.000752041-0.000681167j -0.00123268-0.000517442j 0.00216006+0.000163778j 0.00120769+0.000354909j 0.000569012+0.00251107j -0.000922262-0.00052926j 0.00048471+0.00231923j -0.00233884+0.00250455j -0.000675647+0.000109301j -0.00141595-0.000125565j 0.00104059+0.000891359j 0.000971+0.00312805j 6.90463e-05+0.000605172j 0.00215891-0.00378472j 0.00127005+0.00221274j 0.00103285-0.00207807j -0.000362345+0.000372249j 0.00232777-0.000264145j -0.00346266-0.00136216j 0.00145007+0.0011124j -0.00274451+0.00230914j -0.00120651-0.00285573j -0.00144836-0.00418897j -0.00136412-0.00184924j -0.00168315+0.00194406j -0.000105921-0.00133245j -0.00191255+0.00187578j 0.00367301+0.00106782j 0.000232679+0.000615359j 0.00174323+0.000692169j -0.00204004-0.00283193j -0.0014297+0.00161399j -0.00360177+0.000551181j -0.0022603-0.00200753j 0.00193113+0.000585217j -0.0014549-0.00124938j -0.000231558+0.00308502j 0.00128083-0.00244381j -0.00354168+0.00407376j -0.001732+0.000489957j -0.00214816-0.00154616j -0.00142513-0.00223124j 0.000385487+0.00147576j -0.000947173+0.00202939j 0.00129978-0.000649733j -0.00102797-0.000456092j -0.00105197-0.00105813j 0.000974931+0.000687415j 0.000322351+0.000357444j 0.000657755-0.00101241j 0.000557031+0.000879921j -0.000778641-0.00111171j 0.00184899+6.69839e-05j 0.000394792+0.000833692j 0.000408484-0.00128142j -0.00265958+0.00499072j 0.0016434+0.00110978j -0.000606278+0.00131086j -0.00145086+0.00203358j 0.000622587-0.000841009j -7.486e-05+0.000572102j 0.000438908+0.000671751j -0.00116932-0.000167097j -5.25421e-06+0.000775542j 0.000877092-0.000789164j 0.000228492+0.000819395j 0.000268454+0.00200698j -0.00104441+0.000872037j 0.00147152-0.00117258j -0.000165671-0.000553278j 0.000383297+0.00149886j -0.000827785+0.00053691j -0.000613373-0.00147558j -0.000578093+0.00033822j -4.01691e-05+0.000956981j 0.000481495+8.74178e-05j 
-0.00122936+0.000290776j -0.00155428+0.00179753j -0.00101519+0.00164072j 0.00285616-0.00177423j 0.0005847-0.00189445j 0.00296679-0.000300574j 0.00174026-0.00513549j -0.00783801-0.0084922j -0.0145955-0.0170443j -0.00393019-0.00321611j 0.00115893+0.000923971j 0.00351165+0.00223412j 0.000222258+0.000969238j -0.00523303+0.0029567j -0.00285987+0.00732111j 0.00203412+0.000400087j -0.00678626-0.00452398j -0.0107041+0.00247185j -0.000730528+0.000169165j 0.00270367+0.00225107j -0.00458538+4.76233e-05j 0.00096347-0.00193759j -0.00711641-0.00176112j 0.00310626+1.47379e-05j 0.00169842-0.0008547j 0.001484+0.00986055j 0.00180636+0.0027494j -0.000593358+0.000458262j -0.000128591-0.00138868j 0.00488373-0.00109245j 0.00936779-0.00227567j -0.000498429-0.00304724j -0.000581493+0.00136062j -0.00486951-0.00279477j -0.00202836-0.00034038j 0.00878674+0.00130466j 0.00477029-0.00350855j 0.00291487+0.00590831j -0.00307874-0.00233774j -0.00123803+0.0011148j 0.00390505+0.0001218j 0.00461992-0.00556313j -0.00351281+0.00261881j 0.00117008-0.00142363j 0.000285576-0.00406648j 0.00353251+0.00176923j 0.0015252-0.000925731j -0.00286256-0.00251827j -0.000427842-0.000984244j 0.00155332+0.007846j 0.000878976+0.00498338j 0.000892182-0.00591629j -0.00201239-0.00243681j 0.0010258+0.0025245j -0.00605396+0.00404069j 0.0046521+0.00257309j 0.00278174-0.000677836j -0.00151127-0.00220795j -0.00166316+0.000239318j 0.000454328+0.00176109j 0.000340767-0.0022466j 0.00138186+0.00095411j -0.00498446-0.00269155j 0.000296512+0.00321643j -0.00074752+0.000367635j 4.89227e-05-0.00166411j -3.22961e-05+6.34594e-05j -0.000579031+0.00158333j -0.00165853-0.00308153j 0.0036273-0.000873125j 0.00180033+0.00147j -0.00261796+0.000803426j 0.000812461-0.00270854j -0.00374196-0.000915735j -0.000656085-0.00419295j -4.64293e-05+0.0105008j 0.00291213+0.00255558j -0.00351466+0.00371891j 1.65607e-05+0.00267666j 0.000775439+0.00801409j 0.00109364+0.000792965j 0.00190988-0.00168408j 0.00337947-0.00310361j -0.00405403+0.00087982j 0.001957+0.00194486j 0.000501194+0.00255587j 0.000337465+0.00194697j -0.00185072+0.000946682j -0.0030265-0.00149066j -8.711e-05-0.0037571j 0.000645176+0.00636959j -0.000597235+0.000571456j 0.00244311-0.00165813j 0.00042025-0.00237223j 0.00335631+0.00164748j 0.00130434-0.00195567j 0.000186493+0.0034765j -0.000575011-4.14254e-05j -0.001705-0.00134114j 0.00251141-0.000269785j -0.00271839-0.000509738j 0.00291751-0.00153909j 0.00372524+0.00082884j 9.96567e-05+0.00113908j -0.00142998+0.00333899j 0.000296149+0.00262237j -0.00197163-0.00129902j 0.00115617+0.00376767j -0.00213073-0.00426976j 0.00212866-0.00269436j 0.000626993+0.00139417j -0.000403099-0.00402272j -0.000252693-0.000994516j 0.00135524-0.00162192j -0.000612089+0.00273171j -0.0020182-0.00030457j 0.00225998-0.00140445j 0.00209599+0.00128271j 0.0001834-0.00170706j 0.000452852+0.00172737j -0.00185858+0.00110703j 0.000351782-0.000667938j 0.000340223-0.0026354j -0.00144736-0.00129925j 0.00137731-0.00111629j -0.000500519-0.00342527j 0.000567961-0.0018313j -0.00115912+0.00104272j -0.000407621+0.00107497j -0.00103298-0.000368425j -0.000207592+0.000816669j -0.00212374-0.000425203j -0.0012078-0.000582058j 0.00295906-0.000148397j 0.000512866-0.00205785j 0.00158121-0.000203887j 0.0011839-0.000159651j 0.00236499+0.000374882j -0.00211618-0.000366827j 0.0010525-0.000326008j -0.00142631+0.00125239j -0.00127472-0.000704931j -1.39995e-05+0.000248893j -0.00125873-0.000538057j 0.0011894-6.9811e-05j -0.00243971-0.00192459j 0.000779077+0.00266806j 0.00242222-0.000700892j -0.00144899+0.00192984j -0.000235105-0.00223249j -0.000660053-0.00175452j -0.00122486-0.000562035j 0.000439752-0.000558399j 0.00124209+0.0011091j -0.00154707-0.00125212j 0.000934782+0.000249949j 0.0010795-0.00168849j -0.00140664+0.0017861j -0.00252998-0.000813608j -0.000730908+0.00115945j -0.00286785-0.000505081j -0.000362786-0.00148609j -0.00187397-0.000167658j -0.0011887+0.00117603j -0.000254372+0.000817559j -0.00185821-0.00112022j 0.00237245+0.00114657j 0.000124023-0.00176994j 0.000486647+0.00123767j 9.34958e-05+0.00203975j -0.00141562+0.000183012j 3.9551e-05-0.00120236j 0.00185899-0.000781887j -0.0014954-0.00258147j -0.00018641-0.00164203j -0.000683076-0.00175424j -0.00217569+0.000538817j 0.000304365+0.00170423j 0.00194568-0.000830673j -0.00039634-0.000768433j -0.000148614-0.000852576j 0.00156214-0.00120997j 0.000209694-0.000398758j -0.000937222+0.000467413j 0.0010012-0.000517811j 0.000147209-0.000933368j 0.0024078-0.00137243j 0.000675716+0.00369276j 0.00126813-0.000442756j 0.00202743-0.000532085j 0.000241657-0.00136691j -0.000130394+0.00070027j 0.00166921+0.000877953j -0.00136664+0.000133499j 0.000239911+0.000158737j 0.0010629+0.000704771j -0.000760242-0.000316157j 0.000777887+0.000437189j 0.000192055-0.000727122j -0.00192672+0.00137146j 0.00138856-0.00214639j 0.00113753+0.000765555j -0.00115323-0.00107432j -0.000976091-0.000143883j 0.00119115-0.000416101j 0.000228304+0.00106239j -0.000846889+0.00159358j 0.00123894+0.00163528j 0.00144439+0.000231072j -0.000216256-0.00133968j 
0.000266337-0.00139333j -4.88546e-05-0.000643184j 0.00016332+0.00196718j -0.000797056+0.00188601j 0.000247228+0.00439487j 0.000430688+0.00135427j -0.0005552+0.00353717j -0.00327688+0.0241429j -0.0178645+0.05116j -0.011574+0.0129769j 0.0119886-0.00753592j -0.00261292-0.000466153j -0.00379314+0.000482379j -8.72609e-05-0.00184385j -0.00711547-0.00332244j -0.000274834+0.000838688j 0.00208352+0.000352855j 0.00538225-0.00256531j -0.00303452-0.00323079j 0.00258424+0.000425087j 6.27196e-05-0.000552195j 1.0444e-05-0.00129427j 0.002051+0.00128897j -0.00119929-0.00197215j 0.00125289-0.000610425j 0.00137381-0.00185065j 0.0016647+0.00217217j -0.000472494+0.00116165j -0.000352836+0.00168177j -0.00165271-0.00176539j -0.00142132+0.00158791j -0.000466924-0.00099103j 0.000764685-0.002483j 0.00137589+0.000445986j -0.000146199+0.000109903j -0.00310501+0.000827154j 0.00113412-0.00203645j -0.000788569-0.000903847j 0.000728259+0.000336864j -0.00144252-0.00133398j -0.00169706+0.00215807j 0.00123259-0.00026328j 0.000136304+0.00111947j 0.000506288-0.000848707j -0.00285344+0.00539051j 0.000153231-0.00144826j -0.00110311+0.000717378j -0.00128131+0.00340933j 0.00198501+0.00178799j -0.000321414-0.00440694j -0.000393547+9.21886e-05j -0.00224078+0.00261121j -0.000824677+0.0031091j -0.00152394-0.00145896j -0.00474198-0.00325933j -0.000999331-0.000631922j 0.00362904+0.00143074j -0.00016562-0.00412631j -0.000883034-0.000171465j -0.00183889+6.38065e-05j 0.00190952-0.000294874j -0.00129362-0.000657555j 0.000544351-0.000535853j -0.000154673+0.00268547j -0.0018954-0.00179002j -0.00128404-0.00091805j 0.0024151-0.000768636j 0.000620262-0.000668616j 0.00106306-0.00127393j -0.00183116+0.000149377j 0.00147273+9.33669e-05j -0.000267654+0.000791787j -0.00083215+0.000734148j -0.000179163-0.00168797j -0.000177458-0.00231495j 0.00450412+0.00481815j 0.00118884+0.0012023j 0.00234018+0.00228369j 0.00321177-0.00372325j -0.00404362+0.00052194j -0.00285772+0.00258812j 0.00173672+0.00061912j 0.00313782-0.00916722j 0.000820565+0.000572706j -0.000519178-0.00100736j -0.000883914-0.0002058j -0.000609093+0.00064662j 0.00359595+0.00145107j -0.00353292+0.00175572j 0.000352308-0.00139464j 0.00019635-0.000142344j -0.00107091+0.00161546j -0.00297458+0.000260753j -0.000515388+0.000890136j -0.0024232-0.00556132j -0.00794586-0.000807075j 0.00279343-0.000488571j 0.00235435-0.0022647j 0.00161053+0.00140622j -0.00452533-0.000981583j 0.00304278+0.00183135j -0.00119189-1.21801e-05j -1.45789e-05-0.00218222j 0.000171548-0.00130347j 0.00114335-0.000856089j 0.0048023-0.000987069j 0.00140887+0.0029483j -0.000663055+0.000286109j 0.000920549-0.00148816j -0.00278393+0.0024263j 0.00149008-0.00219566j -0.00686098+0.00051955j -0.000117097-0.00147005j -0.00282264+0.000876156j 0.000471729+0.00296543j 0.00460918-0.00100921j 0.00135979-0.000592053j -0.000598747+0.000498737j 0.00222657+0.000254769j 0.000294304+0.00405469j -0.0020881-0.00385982j -0.00526909+0.00107387j -0.00402393+0.00120009j 0.0023681+0.000712864j 0.00133482+0.00206659j 0.00245371-0.00148319j -0.00214904-6.31921e-05j 0.000897298+0.00219041j -0.00121153-0.00276647j 0.000273228+5.15079e-05j -0.00315245+0.000221324j -0.000923461-0.00228178j 0.00162221+0.00107293j 0.000490623+0.00177138j 0.00200261+0.00102084j 0.00667672-0.00420846j -0.000655118+0.000634781j -9.15125e-05+0.000895559j -0.00180551-0.000820941j -0.00321896+0.00232978j 0.00352928-0.000447962j 0.000903109+0.00141918j -0.00342428+0.000378201j -0.000273933-0.00182491j 0.000901123-0.00123604j -0.00538903-0.000639233j 0.00350387+0.00146097j -0.00176754-0.00101992j -0.00352685+3.3908e-05j 0.00641916-0.000685422j -0.00439667+0.000748047j 0.00154924+0.00220881j -0.000688781+0.00106725j 0.00197306-0.00115802j 0.000281222+0.000454474j -0.00398642+0.00203472j 0.00159691+0.000213324j 0.00573703-3.36259e-05j -0.00116339+0.00102557j 0.00350404-0.000844769j -0.00186873+0.000331496j 0.00310561+0.000122539j -0.00178673+0.00147803j -0.000452468+0.000687618j 0.000981502+0.00148959j 0.000305616+0.00125976j -0.00021443+0.00120766j -0.0017299+0.00108672j 3.55328e-05-0.000867165j 0.00173402+0.000323153j -5.85064e-05-0.000819586j 0.000264984-0.000282863j -0.000223642-0.00111999j 0.00152515-0.000341142j -0.000421251+0.000391292j -0.000667987+0.000884645j -0.0015719+0.00110712j -0.000162981+0.000208745j -9.26882e-05+0.000134093j 0.000290758-2.19045e-05j 4.1041e-05+0.000504224j -0.0022157+0.000852856j -0.000924728+0.000948825j -4.0932e-07-0.000248036j -0.000198622-3.88737e-05j 0.00064211-0.000234331j 0.000236916-0.000158273j 0.000409211+0.000314628j -0.00128249+0.00122607j -0.00145129+0.000351515j -0.000639196+0.000628816j -0.000624937-0.000251171j 7.79312e-05-0.000813795j 0.00140858-0.00107114j 0.000863679-0.000838966j -0.00017703+0.000958908j -3.89627e-06-4.29501e-05j 2.37913e-05-0.000429215j -0.000875902+0.000508805j -0.000722436-0.000775837j -0.00115068+0.00062613j -0.000115737-0.00034161j 0.000674668+0.000392809j 0.000704495-0.000564194j -0.000996495+8.68026e-05j 0.000349816-0.00130286j 0.000528718-0.000495803j -0.000560315+0.00017282j -0.00096373+0.000591536j 0.00022248+0.00051699j 
-0.000803418-0.00125396j 0.00030937+0.000744726j 0.000951545+0.00230218j 0.00050084+0.000294576j 0.000183383+0.00401068j 8.70077e-05+0.000742096j -0.000803018+0.00371085j -0.0145753+0.0266668j -0.0433482+0.0594919j -0.0187038+0.0146328j 0.0130242-0.00988897j 0.00157955+0.00143143j 0.000334983+0.00246382j 0.000838136-0.00115067j -0.00200258-0.00411657j 0.00396552-0.000947485j -0.000516799-0.00516978j -0.00274134-0.00444469j -0.00970815-0.00747897j -0.0032791+0.00606084j -0.00191534-0.0013445j 0.00233246+0.00663719j -0.00168741-0.0118655j -0.000507632-0.0036037j 0.00565778-0.0040717j -0.00253679-0.00470748j -0.00533553-0.000302931j -0.00238975-0.000534038j -0.00348219+0.00253341j -0.000812486+0.00386203j -0.00449501+0.00343902j 0.00342047+0.00378388j -0.00215445-0.00155722j 0.00188769-0.00174144j -0.00297337-0.00136953j -0.00328161+0.00116706j -0.00146624+0.000975418j -0.00361538-0.0029416j 0.00249304+0.000728685j -6.36327e-06+0.000843102j -0.00668986-0.00195077j 0.00031856+0.00249629j -0.00110954-0.00348951j 0.0014942+0.0036385j -0.00479821+0.000689818j 0.000479199-0.00510215j -0.00243335+0.000263744j -0.00230022-0.00198111j 0.00184254+0.00157367j 0.000821903-0.00165139j -0.00143668-0.004467j -0.00264813+0.00248467j -0.00297327+0.00178471j -0.000409594+0.000859695j -0.00246114-0.00239605j 0.000987852-0.000339126j 0.0035127-0.00294156j -0.000940349+0.00124333j 0.000216979-0.000799685j -0.000948026+0.000816883j 2.9903e-05+0.00123162j -0.00492208+0.00216887j 0.00240475+0.000571173j 0.00136087+0.0025056j -0.00558878+0.00106691j -0.00015688+0.000371581j 0.00115149-0.00180986j 0.000711099-0.000235209j -0.000306847+0.000547837j -0.000993314+0.000663179j 0.0025537-0.0013097j 0.00182035-0.000864678j -0.000238261+0.000721989j 0.00388994-0.00113073j -0.00436604+0.00472971j -0.00116291+0.000262819j -0.00269749-0.00301428j 0.00249649+0.00158937j 0.00795719+0.000239061j -0.00363313+0.00631097j -0.00380939+0.00292495j -0.000113442-0.00733864j 0.00387879-0.00640352j 0.000519663+0.00118397j -0.00128609+0.000269229j -0.0036073+0.00506863j 0.00292968+0.00221016j 0.00835535+0.00236867j -0.00470934+0.00216229j -0.00104501+0.00424463j -0.00132785+0.00350982j 0.00116703+0.00140503j -0.000582656-0.000597632j 0.000558434+0.000438558j -0.000863259-0.0062669j -0.00450099-0.0105596j 0.0018284+0.00681329j -0.00140115+0.0034256j 0.00404109+0.00862712j -0.00564644-0.000787339j 0.00324455-0.00085523j -0.00165064+0.000510327j -0.00137391-0.00431799j -0.0012048+0.00213561j 0.0029392-0.000564717j 0.00585282+0.00617208j 0.000729345-0.000853282j 0.00168478+0.000825112j 0.000549863+0.00259412j 0.000607556+0.00151367j -0.000804112+0.0019943j -0.00723888-0.0012983j -0.000671833+0.000943971j 0.00113189-0.00386466j 0.0011851-0.00175865j 0.00539848+0.00420751j -0.000370329+0.00290104j 0.00033732-0.00304805j 0.00175334+0.00776947j 0.00306466-0.000964838j -0.00092417-0.000366308j -0.00408423-0.0086983j -0.00433517+0.00141218j 0.00385201+0.000442661j -0.00547784+0.000633119j -0.00160807+0.00290313j -0.00216158+0.00183184j -0.00399466-0.00180157j 0.000462453-0.0019929j 0.00230667+0.00341501j 0.00453357+0.00280749j -0.00237645+0.000373331j 0.00131928-9.60582e-05j -0.00240989-0.00200364j 0.000680586-0.00159849j -0.00513561-0.00151476j -0.00297192-0.00400102j -0.00325191-0.00661705j 0.00133547+0.0016653j 0.000925909+0.00068344j 0.00107544+0.000592333j -0.000286803+0.000713815j -0.00140825-1.24019e-05j 0.000211673-0.000812213j 0.000493079+4.38672e-05j -0.00407325+0.000147271j 0.00306072+0.00129675j 0.000277089-0.000189806j -0.00310716-0.00141716j 0.00124711+0.000755783j -0.00251314+0.000822702j -0.000281851-0.000351884j -0.00256734+0.000543047j 0.00273505+0.000194214j -0.00188743+0.00140293j -0.00394009-0.000864248j 0.00177807-0.000353527j 0.00369813+0.000402177j -0.0014266-0.000201552j 0.00299979-0.000273085j -0.000326203+0.00173463j -0.000107928-0.00226787j 0.000639842+0.000557691j 0.00289063-0.000165599j -0.000131179-0.000739576j -0.000570774-0.000569348j 0.000759368-0.00191993j -0.0010922+0.000337628j -0.000584-0.00206001j 0.00185536-0.00025206j -0.00181234-0.00144241j 0.00389724-0.000543915j 0.00295902+0.00186346j 0.00151694-0.00207718j -0.00174406-0.000905888j -0.00287105+0.00134016j 0.000290218+0.000860734j -0.0012833+0.000125239j 0.0026095+0.00186524j 0.00140099-0.000236319j -0.00262701-0.000767792j -0.000333094-0.000305589j -0.00202023-0.000300757j -0.00136327+0.00126642j 0.00298878-0.00116214j 0.00179152-0.00102959j -0.000139399+0.00133685j 0.00326635-0.000108029j 0.000508863+0.00137907j 0.00128171-0.00151648j 0.00119449-0.000798462j 0.000205032+0.00165138j 0.00325053-0.00169176j 0.00286113-0.0031353j 0.0015113-0.00211933j -0.00220055+0.00224261j -0.00185583+0.0011831j 0.00411141-0.00118447j -0.00169903+0.000268644j -0.00178795+0.00121213j -0.000565249-0.00227577j 0.00139736+0.000652331j -0.000781149+0.000395787j 0.000483757-0.00108027j -0.000446314-0.00198994j 0.00226903-0.00132776j 0.00101944+0.000384734j 0.00105051+0.000923936j -0.000610959+0.000225402j -0.00125449+0.000462718j 
0.000625019-0.000906426j 1.33242e-05-0.000211902j -0.000973274+0.00117419j -0.0033122+0.00092423j 0.00125502+0.00257841j -0.00205546+0.0012393j -8.58628e-05+0.00061215j 0.00659783+0.0114329j 0.00796881+0.0206888j -0.000653498+0.00515903j 0.00394005-0.00131084j -0.00402052+6.83769e-05j -0.00573844-0.00548284j 0.000706348-0.00181377j -0.00663594-0.00506295j -0.00356411+0.00162141j -0.000473215+0.00314474j 0.00792858+0.00317518j 0.00774335+0.00122527j 0.00209452+0.0011529j 0.00155991-0.000180908j 0.00444493-0.000948809j 0.00047268+0.00403132j 0.00531101-0.000559495j 0.00287814-0.0017497j 0.00585084-0.00210513j -0.000896359+0.00759695j -0.00376301+0.00430015j -0.00427097+0.00744754j 0.00579074-0.00204318j 0.00441523+0.00393386j 0.000794504-0.00662098j 0.00343989-0.000941515j 0.00407776+0.00029044j -0.00068609+0.00128066j 0.00292487-0.00185194j 0.00646446+0.00476596j -0.00104193+0.00312992j 0.00282284-0.00252176j 0.00131257-0.00320918j 0.00359136+0.00106458j 0.00786105-0.00333342j -0.00273151+0.00239738j 0.00517137-0.00198302j -0.00264999-0.00150148j 0.00162508+0.000699906j 0.000991714-0.00135927j 0.000602369+0.000958265j 0.00509513+0.00995402j -0.00305304+0.00144779j -0.00439458+0.005611j 0.00304004-0.00582734j 0.00203428+0.00301587j 0.000118288-0.00454243j -0.00683067-0.00440375j -0.00776901-0.00211329j 0.00214684-1.94471e-05j 0.00274347-0.0011771j 0.00263388-0.0012968j -0.00128699+0.00230617j 0.00158679+0.00216458j 0.0034943+0.00678153j 0.00179247-0.00350382j -0.00127471-0.00381022j 3.28369e-05+0.00323353j 0.00285654-0.00451425j 0.0023285+0.000944054j 0.000865883-0.000833365j 0.00383263-5.64177e-05j -0.00275127+0.00612981j 0.0004151+3.07559e-05j 0.000313997-0.00409281j -0.00181682+0.00408585j 0.00298353-0.00139847j -0.000694309-0.000395957j -0.00178477-0.00343962j -0.00234297+0.0039768j -0.00252503-0.0026885j 0.00153859-0.000463746j -0.00540875+0.00383709j 0.00144175-0.000831764j 0.00227962-0.00157125j -0.00216303+0.00097356j 0.00172886-0.00253351j -0.000707965+0.00103534j -0.00138542+0.00215409j -0.00141108-0.00104323j 0.00038809-0.00362571j -0.0011966-0.00131704j 0.00100709+0.000171755j -0.00212507+0.00222771j 0.00158266-0.00057443j -0.00233649+0.0012968j -0.00170447+0.000495306j -0.00466682+0.00063391j -0.000492489-0.00279001j -0.00101541+0.00311174j 0.000121064+0.000272857j -1.64567e-05-0.000556277j -0.00599623+0.00616801j 0.000593705-0.000197113j -0.00220223-0.0029331j -0.00163982+0.00154156j -0.00135289+0.00048331j -0.00457375-0.00412017j 0.00118775-0.000160344j 0.000190328-0.0019375j -0.00446065+0.00354388j -0.00160386+0.00212583j 0.000989967+0.00645723j 0.00401218+2.91529e-05j -0.00158172+0.000566103j 0.00136336+0.000245487j -0.000840173-0.00493378j 0.00150463+0.00237536j 0.00214941-0.000943293j 0.00353314+0.00227416j 0.00117903-0.00197483j 0.00304547+0.00630056j -0.00208894-0.00150714j -0.000619041-0.00135247j -0.00257155-0.00227447j 0.00179281+0.00432264j 0.00278373-0.00341349j 0.00147135-0.00250413j 0.00181571+0.00295506j 0.000979125+0.00364976j 0.0013747-0.00175984j 0.00437202-7.51326e-05j -0.00014047-0.000110438j -0.00087735-0.000160603j 0.00348308-0.00199613j -0.000185837-0.0027625j 0.000424129+0.000685002j 0.00534713-0.000679325j -0.00388013-0.00115867j 0.00119653-0.00208533j -0.00333536-0.00262529j -0.0015117-0.000455304j 0.000180104+0.000730444j 0.000597459+0.000933535j -0.00151257-0.000804966j -0.000470307+0.00117043j -0.00238571-0.00148401j -0.00341575-0.000786696j -0.00175403+0.000445982j -0.000293504+0.0040845j 0.0046128-0.000613808j -0.000962114+0.000594007j 0.00169982+0.000823879j -0.00354846-0.000276935j 0.000137363-0.000304638j 0.000708537-0.00251857j -0.00539748+0.000366831j 0.00305505-0.00234931j 0.00207753-0.000492784j 0.00145248-0.00339954j 0.000915591-0.00138712j 0.00321014-0.00456037j -0.000101834-0.00214141j 0.000483382-4.49936e-05j 0.00174923+0.00122069j 5.74578e-05-0.00193504j -0.00181652-0.00165493j -0.000646258-0.00245106j -0.0023203+0.000558831j 0.00369337-0.00116214j 0.000740142-0.00203191j 0.00240049-0.000734096j -0.0021028-0.00139914j 0.00207381+0.00336071j -0.00223055-0.00303071j -0.000265369+5.65666e-07j 0.0015754-0.00262729j 0.00570009+0.000624953j 0.00431095-0.000858133j -0.00146417+0.000562517j 0.00198716+0.00134508j 0.0036146-0.00177559j -0.00154218-0.0024808j 0.00254173+0.000293656j -0.000887969+0.00136593j 0.00246933+0.00114297j -0.00367035+0.00182069j -0.000847284+0.000180088j -0.0018169-0.000809095j 0.00255106+0.000164967j -0.00211398-0.000637762j -0.00333624+9.41279e-05j 0.00069048+0.00180519j -0.00297367+0.00077951j 0.000868602-0.00243469j 0.0018081-0.00115859j 0.000711295-0.0026749j 0.00361949-0.00034009j 0.00106251+0.00220551j 0.00223649-0.000390107j -0.00218672-0.00198827j 0.000368045-0.000395464j 0.00100933-0.0038973j -8.38545e-05+0.00136017j 0.000703168-0.000982025j -0.000272297+2.88307e-05j 0.00168518-0.00138434j 0.000129104+0.00046736j 0.000814172-0.00151614j -0.000440883-0.00117294j -0.00201449+0.000720144j -0.00139721+0.00136562j 0.000809053+0.000791904j 
-0.000567547+0.00188845j -0.000174118+0.00102591j 0.00031418-0.00166268j -0.000902416-0.00304376j 0.0038602-0.00491833j -0.000952625-0.00125423j 0.00323257-0.00607981j 0.0291528-0.024135j 0.0728493-0.0538387j 0.0214291-0.0127781j -0.0174691+0.00738357j -0.00115472+0.00158645j 0.00131037-0.00351692j 0.000895124+0.00369437j -0.00336669+0.0062451j 0.00179827-0.00141839j -0.00389407-0.000805558j -0.00288119+0.00684199j 0.00215887-0.00388199j 2.46216e-05+0.00385279j 9.81422e-05+0.000927568j 0.00448935+0.00462319j -0.00655685-0.00365493j -0.000890602-0.00127084j 0.000336698+0.00166473j -0.00194474-0.0035989j -0.00621513-0.00085846j -0.00404039-0.000513767j 0.00343118+0.00619969j 0.00453569+0.000809227j -7.8017e-05-0.000570524j 0.00414813-0.000514188j 0.00025552-0.000182248j 0.000969895+0.00195165j -0.00346614-0.00484062j 0.00702361-0.00108242j -0.00752028+0.00264924j 0.00247354+0.00120286j -0.000949142+0.00491421j 0.00283775+0.00431487j 0.0016994-0.00300901j 0.00530033+0.00118428j 0.00342195+0.000492061j 0.00100075+0.00354254j 0.00635498-0.00435734j 0.00577444-0.00221474j 0.000202508-0.000732733j 0.00149773-0.000914435j -0.00446763+0.00337242j -0.000418027-0.00107646j 0.00188024-0.0037367j -4.4709e-05+0.00230511j -0.00134158+0.00140898j 0.000970087+0.00392172j 0.000806917-0.00569581j 0.000839026-0.00511228j 0.000531819+0.000719985j -0.0053465+0.00296433j -0.00192237+0.00325724j -0.00104328+0.000179469j -0.00273331-0.000309565j -0.00124939-0.000736631j -0.00154304+0.00526652j 0.00369642-0.00235525j -0.00418154-0.00512809j 0.00219564-0.000229181j -0.00146662+0.00372887j 0.00198396+0.00238524j -0.00238156-0.000597064j 0.000726638-4.48806e-05j 0.000181222+0.00339604j -0.000864808-0.00154946j -0.00364082+0.00111395j -0.00410099-0.00216175j 0.00347462+0.000802847j 0.000819167-0.0030256j -0.00262598-0.00182529j -0.00379206-0.00479833j -0.0090213-0.00223118j 0.00198135-0.0072636j 0.0032646-0.000728725j 0.00396966+0.00787559j -0.00434682-0.0017661j -0.00307063-0.00248388j 0.00187689-0.00226077j 0.0033847-0.00295965j 0.00369806-0.00132368j 0.0034579-0.00273205j 0.00134734+0.00311263j 0.00246076-0.000874762j 0.00253614-0.00142812j 0.00432634+0.00238091j 0.00531963+0.00550541j -0.00394456+0.000506015j -0.00342303-0.00144865j 0.00296257+0.00726739j -0.00185616-0.00630432j 0.001593-0.0035762j 0.00364928-0.000843807j -0.00109938-0.00080253j -0.002907+0.000443626j -0.00163511+0.000876881j -0.00590103-0.00360127j 0.000779784+0.000776049j 0.00132544-0.000804952j 6.889e-05-0.00473168j -0.00225895-0.00207641j 0.000179988-0.00113512j 0.00120617+0.00101741j 0.00267822-0.000323832j -0.000183768+0.00267209j 0.00433699+0.00147347j 0.00172445+0.0022873j -0.00354944-0.00120869j 0.000544079+0.000662751j 0.00254794-0.00235482j 0.000579076-0.00343685j -0.00130365-0.00173221j 0.00112533-0.00199146j -0.000985079+0.00122495j -0.0013893-0.00355944j -0.000626865+0.00533756j 0.00311354+0.002417j -0.000969225-0.000750816j 0.00138597+0.00212235j -0.0011138+0.00244222j 0.00109454+0.00106167j -0.000956584+0.00179115j 1.38223e-05+0.00273798j -0.000260841-0.00209789j 0.00130663-0.00248559j -0.00061949-0.00141912j -0.000722491-0.000995526j 0.000287033-0.000813183j 0.000603788-0.00103043j -0.000969703+0.00255659j 5.97429e-05+0.00498841j -0.0011961+0.00259764j -0.00217544-0.000834422j -0.00354369-0.000562387j -0.00130037+0.000211128j -0.00200939+0.00203872j 0.00160259+0.000356904j 0.000930016-0.00138739j 0.00116818-0.00121919j 0.00240145+0.00225046j -0.000655586-0.000192582j 0.00124027-0.00332289j 0.00235313+0.00157782j -0.000322382+0.00232899j 0.000366505-0.000285133j -0.00118291-0.00297861j -0.00236438-0.00294298j -0.00200675-0.0029839j -0.00109896-0.000118358j 0.000954686-0.000683173j -0.00352796-0.00265841j -0.00487492-0.00153866j 0.00175143+0.000726072j -0.0014724+0.000518167j 0.00103367+0.00195614j -0.00389096+0.00242097j 0.000979238+0.000868807j 0.000191937+0.000183189j 0.00212516+0.00137446j -0.00166357+0.000453409j 0.000112944-0.000247703j 0.000740652-0.00112448j 0.00354648+0.00110238j -0.0037666-0.00320795j 9.66082e-05+0.00165962j 0.000418705-6.52113e-05j 0.00168488+0.000187928j -0.00376583+0.000448872j -0.000427105+0.00227421j 0.000184895+0.000292607j -0.00210685-0.000834552j 0.000872854+0.000126569j -2.97234e-05+0.000976038j -0.00074295-3.16282e-05j -0.00111388-0.00129129j 0.00435236+0.000718815j 0.00292043+0.00204737j -0.00108398-0.000767882j -0.000492448-0.000797169j -0.00257924-0.00193645j 0.000152864+0.000125262j -0.0011111+0.000357845j 0.000728711-0.000343035j 0.000169517-0.00315336j 0.000346145-0.00193705j 0.000153986+0.000748438j -0.00327169-0.000442281j 0.00123252+0.00225815j -0.00101132+0.00133963j -0.00268999+0.000108025j -0.000477958+0.000312994j -0.000335697-0.000253226j 0.00151974+0.00142607j 0.000742079-0.00132702j 0.00139667-0.00021568j -0.00150053-0.000297125j 0.000688378+0.000551523j 0.000889334+0.000599509j -0.00016222-6.73763e-05j -0.00098267+0.000419829j 0.00032825+0.00041238j -0.00172844-0.000578851j -0.000916589-0.000608713j 0.000543096-1.16128e-05j 
-1.01291e-05-0.00158239j 0.00159975+0.00173666j 0.0023765+0.00445046j -0.00282053+2.35514e-05j 0.00237098+0.00345198j -0.00292844-0.00152058j -0.000809256-0.00104512j 0.0318566+0.0162685j 0.0740532+0.0224962j 0.0233702-0.000383919j -0.0184346+0.00262231j -0.00425261-0.00852007j -0.00597188+0.00163152j 0.00700722+0.00336959j 0.00289516-0.0120614j -0.000763318-0.000269203j -0.000234501+0.00788181j 0.00577156+0.00638751j 0.00808385+0.00804195j -0.00181032-0.00902534j 0.0038949+0.00240447j 0.000862553-0.00409014j 0.00224566+0.00590098j 0.000420747-0.00235813j 0.00289299+0.00218116j 0.00520344+0.00205973j -0.000745361+0.000818871j -0.000607263+0.00155921j -0.0050301-0.00641657j -0.00107497-0.00337588j -0.00165185-0.00138993j 0.0018706-0.00135184j -0.000902784+0.000503363j 0.00183436+0.00478986j -0.00252632+0.00203997j 0.00103676-0.00483409j -0.0019529-0.000966912j 0.00579491+0.000590548j 0.00228782+0.00252935j -0.00455046+0.000974071j 0.00266869+0.000226263j 0.00174094-0.00374459j -0.0043949+0.00133878j -0.000721706-0.00229528j -0.00458363+0.000397173j 0.00289784-0.00253254j 0.000778283-0.000953491j -0.00690781+0.000773521j -0.00339273+0.0016606j 0.00846582-0.00228944j -0.000200535+0.00109395j -0.00380992-0.000562595j -0.00504654+0.00449414j 0.00195641-0.00169119j 0.00406786-0.00198623j 0.00376583-0.0049706j 0.000699514-0.00248571j 0.00279432-0.00632361j 0.000602295+0.00346304j 0.00218765+0.0010193j 0.00122806-0.00144799j 0.00572585-0.000894683j 0.000618058+0.000901961j -0.000423931+0.00270808j 0.00380611-0.00253232j -0.000696687-0.00243297j 0.00115419+0.0023971j 0.000255471+7.75719e-05j 0.00066848-0.001021j 0.000622287+0.00022192j 0.000651717+0.000131075j 0.00338925+0.000517235j -0.00409846+0.00218138j 0.00236367-0.00315311j 0.000150718+0.00417648j 0.00498438-0.0005751j 0.00207161+0.00340179j 0.00424516+0.000267471j 0.00196374-0.0072953j 0.0078057-0.00346716j -0.000617497+0.00102417j -0.00479399+0.00397015j -0.00171317-0.00412804j -0.000489482-0.00267412j 0.00411565+0.000388427j 0.000425514-0.0011533j 0.00227488-0.000693005j 0.000455778-0.0025404j -0.0067553+0.00197739j -0.00087543+0.000288444j 0.00341764-0.00267153j -0.0031869+0.000374818j -0.00239714+0.00260649j -0.000492053+0.00059686j -7.03043e-05-0.00150773j -0.0026967+0.00233251j 0.00275888-0.000879488j 0.00199845-0.00106935j -0.00037905-0.00237524j -0.00163519+0.000512653j 0.00136499+0.00033222j -0.0015462-0.00270477j 0.00680461-0.00216294j -0.00121278+0.00146064j -0.00183153-0.00203458j 0.00128585-0.000294365j 0.00094577-0.000632455j 0.00393943-0.002331j -0.000532413+0.0020679j -0.00027819+0.000391528j 0.00106693-0.00130078j -0.00222096-0.00018018j -0.00220335-0.000785271j 0.00138498-0.00214105j -0.00385018+0.000321196j -0.000999738+0.00037978j 0.00151847+0.00290026j 0.00383557+0.000299487j 1.65024e-05+0.00131343j 0.000707412+0.00149692j 0.00466117-0.00447939j -0.000611619+0.00140645j -0.00279014+0.00472104j -0.000773104-0.00136109j 0.00107166-0.000647071j -0.00492118-0.000737961j -0.00165188+0.00229965j -0.000980637+7.26535e-05j 0.000593538+0.00245293j -0.000412014-0.00250789j 0.00191745-0.00353255j -0.00142481+0.00109589j 0.00342622-0.000267479j 0.000901123+0.00318707j -0.000919179-0.00116963j 0.00132813-0.00436451j 0.000130022-0.000797714j 0.00141842-0.000446011j 0.000322747-0.00326989j -0.000388972-0.00221184j -0.00109164-0.00128148j -0.00131978-0.00126213j 0.00132523+0.000768041j 0.00322325+0.00284297j 0.000125193+0.00130606j -0.00153818+0.000375494j 0.00034663-0.000429609j 0.00235735+0.000139181j 0.00109588-0.0020314j -0.00443395+0.00505612j 0.000118816-0.00268951j 0.00302278-0.00133951j 0.00121416-0.00115752j 0.0016366-0.00279726j 0.00237105+0.00262515j 0.00154626-0.00130676j 0.000948569-0.00184885j -0.000454274-0.00256351j 0.000288525+0.00282373j -0.00104689-0.00177922j 0.00287023-0.00213295j -0.00343611-0.00129981j -0.000977951-0.00221365j -0.000283691-0.00449917j -6.29795e-05-0.0013138j -0.000107118-0.00136955j -0.000127737-0.000349303j 0.00143575+0.000259058j 0.00183512+0.00382635j 0.0020478-0.00552557j -0.000788916+0.00279187j 0.000854849-0.00237922j 0.000381683+0.00151546j -0.00201515-0.00015626j -0.00277818+0.0042634j -0.000252699+0.00296912j -0.000465199-0.00041507j 0.000756785+0.00176704j 0.000455916+0.000914j -0.000592387-0.00101448j -0.000666535+0.00155576j 0.000572136+0.00158102j -0.000111062+0.00278125j -0.0018048-0.00101356j -0.000980729-0.00103129j -7.48291e-05-0.00236115j 0.000139344-0.00130519j 0.00211359+0.000141153j -0.000177006+0.0002887j 0.000596348-0.000466247j 0.000646644-0.000916838j 0.000836197+0.000220563j 0.00119113-0.000830921j 0.000387917-0.00187631j 0.00136976+0.000814864j 0.000315416+0.00194244j 0.000167834+0.00146092j 0.000980389-0.00225912j 0.000803792+0.0009276j -0.000546569+0.000978231j -0.000888002-0.000349714j 0.000747425-0.000256828j -0.00028601+0.000329093j 0.000673072-0.000512802j 0.000255221+0.000260367j 0.000714089-0.00135217j 0.00109656-0.000195192j 0.000393693+3.83176e-05j -0.000374612+0.000512994j -0.000818544+0.000567739j 
0.000899404-0.000280489j -0.000101832-0.000913651j -0.00154923+0.000257888j -0.000821244+0.00135714j -0.00309373+0.000502918j -0.000372781+0.00242105j -0.0019992+0.00115136j -0.0224588+0.00532245j -0.0559574+0.0178372j -0.0180652+0.00429523j 0.0140047-0.00230763j -0.00161362-0.00276798j -0.00146539-0.000774588j 0.00108038-0.000760238j 0.00111421-0.00322996j -0.000949015+0.000816755j 0.00250096+0.000388124j 0.00258213-0.00369909j -0.000565717+0.0101857j -0.00038847-0.00756859j -0.0014759-0.00280738j -0.00283587-0.00224076j 0.00477423+0.00549763j 0.000693217+0.00453621j 0.00146568-0.0016827j 0.000564738+0.00607248j 0.00148747-0.00242176j -0.00123782-0.00178436j -0.000467705-0.00891442j -0.00361825+0.00159301j -0.00221649-0.00143434j -0.00181697+0.00116345j -0.000246834+0.00266746j -0.00132876-0.00214504j 0.00096875+0.00171953j -0.0035937-0.000978654j -0.0003178-9.82068e-05j -0.000216514-0.00723883j 0.00337623+0.00107391j -0.00056962+0.00736205j 0.000458772-0.00149573j 0.00066905+0.00129694j 0.000138833-0.00412895j -0.00293179+0.00464577j 0.00242503-0.00420542j -0.00105865+9.06408e-05j 0.000677723-0.000234668j 0.00138481-0.00245743j -0.000483503+0.00561914j -0.00608705+0.000914915j -0.00392763-0.00339817j 0.00284411+0.00364958j -0.000794784+0.0010155j 0.001057+0.00167663j -0.0077474+0.00371536j -0.00085562-0.00625596j 0.00206596-0.00243802j -0.00702189-0.00183555j 0.00367595+0.00213901j -0.00124201+0.00208826j -0.000303873-0.00271288j -0.00708687+0.000857353j 0.00188788+0.00102081j 0.000377205-0.00102537j -0.00549465+0.00359181j -7.6138e-05-0.00199344j 0.00665671-0.005459j 0.00423974-0.0049534j 0.000358281+0.00239209j -0.0034021+0.00111613j 0.000870832+0.000134166j 0.00015104+0.00106602j -0.00128505+0.000262431j -0.000209498+0.00119652j 0.00357602-0.00232824j -0.00573022+0.00385663j -0.00127547+0.00242608j -0.00213124+0.0045405j -0.00514726-0.00204698j -0.00608021+0.00531504j -0.000235371-0.000734778j 0.0028245-0.00308028j -0.00509808+0.000651458j -0.00145985+0.00244041j 0.00311877-0.00512761j -0.00109054-0.00263232j -0.000572794-0.00166576j -0.00367558-0.000448352j -0.000277878+0.000996581j 0.000420727-0.000402835j -0.000113095-0.00302273j -0.00143324-0.0011182j -0.000440878-0.00349752j -0.00126159+0.00218421j -0.00431241+0.000994367j 0.00195398-0.00404041j -0.00060563+0.00189174j 0.00134514-0.0030629j -0.00243536-0.00104801j -0.000574656-0.00153159j -0.00224331+0.00367593j 0.00176231+0.0014428j 0.00356848-0.0027057j 0.00168-0.000920362j -0.000431815-0.00183512j -0.000696166-0.000953252j 0.00320385+0.00463818j -0.000185114-0.00536305j 0.000851086-0.00143024j -0.0027347-0.00311936j -0.00165498-0.00237408j -0.00265718-8.83796e-06j -0.000908518+0.000246767j 0.000537398-5.37271e-05j 0.00260872+0.00280212j 0.000354462-0.000158003j -0.00115627+0.002588j 0.000563499+0.0041788j -0.00291014+0.00312259j 0.000952012-0.000871707j -0.00097016+0.000593962j 0.00257583+0.000390935j -0.000645794+0.00121705j -0.000345312+0.00257373j 0.00224434+0.00129327j 0.00154464+0.00104384j -0.00010968+0.00144746j -0.000336411+0.00106223j 0.00239656+0.00133718j -0.00182338+0.00132808j -0.00300664+0.00225374j 0.000902869-4.25176e-05j 0.00435532-0.000839684j -9.75218e-05+0.000825684j 0.00194593+0.0018914j -0.000554105-0.000985123j 0.000596739+0.000459127j 0.000953091-0.00103446j -0.00111628+0.000439911j -0.000190884+0.00101624j 0.000255969-0.00164018j 0.00302127+0.000153629j -0.000409943-7.68522e-05j 0.000331665-0.00235477j 0.00169736-0.00374394j 0.00062264-0.00270962j -0.00166494-0.000107248j -0.0049391+0.00177036j -0.0006901-0.00252319j 0.00320369-0.00195385j -0.00183897-0.000223787j 0.000308611-0.000789025j 0.000727792+0.00220291j -0.000149713-0.00396943j 0.00261765+0.000666529j -0.00201267+0.0032601j -4.59327e-05+0.00369802j -0.000440895+0.00195398j 0.00277215+0.00132882j 0.000529547+0.000260003j -0.000322129-0.00134423j 0.000843199+0.000694662j -0.00125164+0.00293124j -0.00133237+0.00102714j 0.00298341+0.00143089j 0.000889074-0.00104495j 0.000858333+0.00401442j -5.66653e-05+0.00232504j 0.00124-0.00206135j -0.000565125+0.000107081j 0.00190283-0.00192117j 0.00036651+0.00108626j 0.00202539-0.00153317j 0.00317523+0.00175032j 0.000639413+0.00456191j 0.00037523+0.00325191j -0.00131675-0.000655728j -0.000185991-0.000121967j -0.000518421+0.00279248j 0.00131422+0.000791569j 7.89871e-05+0.00171074j -0.000856286-0.000456922j -6.50349e-05+0.00150329j -0.00153158-0.0013171j -0.000490247+0.000981808j -0.000293626+0.000362153j -0.0014123+0.000928843j 0.000467141-0.000333576j -0.00114781+0.00144335j -0.000781877+0.000606309j -0.000953195-0.00072346j 7.39229e-05-0.000269124j 0.00120822+0.000328501j 0.0027963-0.002087j 0.00203765+0.000186627j -0.000603761+0.00238839j 0.000324766+0.00105148j 0.00112887-0.000172347j 7.33178e-05-2.59226e-05j -0.00115446-0.0010728j -0.000356407+0.0012337j 0.000473674+0.00116301j 0.000548008+0.000242875j 0.00105603-0.000905664j -0.00015759+3.97652e-05j 0.000974964-0.000932426j -9.50054e-05-0.0012244j -0.00107338+0.000617219j -0.00113173+0.000919916j 0.000208403+0.000656577j 
0.00102565-0.000307124j 0.00175339-0.00117944j 0.00197623-0.000784596j -0.00141796+0.000643113j -0.0025339+0.0031583j -0.000601694-0.00149979j -0.00530707+0.00448579j -0.00702689+0.0144568j -0.0156458+0.0277013j -0.00173857+0.00794481j -0.000243677-0.00307635j -0.000274315-0.000480154j 0.00224009+0.00230449j 0.00288115-0.00334117j 0.009209+2.5733e-06j -0.00115096-0.00135387j 0.00242933+0.00492889j 0.004521+0.00363602j 0.00206706-0.00453821j -0.0036703+0.00145428j 0.00381023+0.00282914j -0.00727796+9.69272e-06j 0.00233816+0.00356268j -7.62349e-05-0.00193636j 0.00156385-0.00208856j 0.0142152-0.00745089j 0.00284082+0.000758859j 0.00169986+0.000805598j -0.0096933+0.00562652j -0.00274527-0.0012034j -0.00377762-0.0027673j -8.83178e-05+0.00039092j -0.000278977+0.00102152j 0.00301443+0.00505724j 0.00057966+0.0065944j -0.00157105-0.00659864j -0.00495509+0.00210656j 0.00161002-0.00767705j -0.000254601-0.00201536j -0.00430202-0.00340529j 0.00458249-0.00434835j -0.0082633-0.00058775j 0.00232061+0.00685477j -0.00247902-0.00138305j 0.00795956-0.0022238j -0.00109462-0.00220928j 0.00153672-0.00279993j 0.00529152+0.00281633j 9.63087e-05+0.00435685j -0.00496707+0.00205546j 0.00437572+0.00186563j -7.78293e-05-0.00581019j 0.00356904+0.000981293j 0.000851329-0.00450767j -0.00373511+0.00848854j 0.000954463-0.000267566j 0.00377766-0.00472679j -0.00268447-0.00244479j 0.00285933-0.00123124j 1.71626e-05-0.00299093j -0.000605792+0.00185462j -0.0027438+0.00152522j -0.000380725+0.000502801j 0.00363839-0.000486457j -0.00100073+0.00155626j -0.00183989+0.000327352j 0.00242621-0.00183345j 0.00126658+0.00168437j -0.00081537+5.98815e-05j -0.00209013-0.00156623j -0.000499822-0.00123206j 0.00170622+0.00271974j 0.000343827-0.00113326j -0.002094+0.00138129j -0.000607968+0.00266166j -0.0032693+0.00316324j 3.55967e-05-0.00361942j 0.000856412+0.00141135j 0.00164598-0.00126306j -0.00268759+0.0017771j -2.9922e-05+3.79126e-05j -0.00166937-0.00148043j 0.000620685-0.00113523j -0.00022067+0.00541207j 0.00317664-0.00510401j 0.000509065+0.00153095j 0.00194826-0.00112352j 0.000240735+0.00390578j 0.00258779+0.0045465j -0.000731692+0.000393916j -0.00015051+0.00122952j -0.00118194+0.00507861j -0.000150468-0.00167835j 0.000595472-0.00106473j 0.00156028-0.00357599j 0.000854597-0.00344888j -2.52284e-05+6.14326e-05j -0.00120329-0.00112354j -0.00299576+0.00103077j 0.000222103+0.000472564j -0.00195899+0.00311322j 0.00037115-0.00313794j -0.00060626-0.00585108j -9.23672e-05-0.00136653j 0.000620935+0.00138468j 0.00273277+0.00221172j -0.0020522-0.00525755j -0.00136693+0.00109744j -0.00122579-1.3644e-05j -0.00340363-0.000988185j -0.0024694+0.000335646j -0.00261937+0.00055989j -0.000363678+0.00170955j 0.00253382-0.000835485j 0.00328194+0.00474444j -0.00126493+0.00215008j 0.00439402-0.00310792j 0.00162779-0.00306636j -0.00321438-0.00116913j -0.000731458-0.00069912j -0.000687393+0.00245589j 0.000360626-0.00290791j -0.000243487+0.000691394j -0.00167065-2.50386e-06j -0.0013063+0.000250252j -0.00280841-0.00213981j -0.00201343-0.00126381j -5.42142e-06+0.00297294j 0.000896063-0.00290576j -0.00166865+0.00138719j 0.00101266-1.32742e-05j 0.0024584+0.0018218j -0.00355293-0.00117427j 0.00370824-0.00218082j 0.000807465+0.0010373j 0.000105492-0.00258142j -0.00150344+1.59916e-05j 0.00146404-7.97794e-06j -0.00364156+0.00204081j 0.000971832-0.00335963j -0.00218787+0.00406431j -0.00238782-0.00119942j 0.000765487-0.00201165j -0.00296301-0.00285197j 0.00230772+0.000190354j -0.00248686+0.000471575j -0.000857166+0.00316941j 0.00327227-0.000807472j -0.000337897+0.00320137j -0.000522788-0.00291825j -0.00236839-0.000346404j -0.0013579+0.0010674j 0.00298382-0.00284451j 0.00166198+0.000999355j -0.000888111-0.00138841j 0.00222475-0.000363854j 0.00216806-0.00307781j 0.000713103+0.00200037j -0.00138852+0.00155144j -1.2743e-05+0.000791592j -0.00505698+0.000775793j -0.00319927+0.000415694j -0.00288506+0.00257424j -0.00147302+0.00359486j -0.0020225-0.00210331j -0.00460408-0.00151312j 0.00180774-0.00134024j -0.00047653-0.00306895j 0.0017799+0.000161128j 0.00253916+0.00110325j -0.000183916+0.00247694j -0.000724583-0.00141975j -0.00118483-0.00185991j -0.000846946-0.000562609j 0.000472668-0.0037939j -0.00126779-0.000680434j -0.000341972+0.000614861j 0.000132016+0.00113103j 0.00148421-0.00169319j -0.000780258-0.00217971j -0.000194111+0.000602724j -0.00141212+0.000227699j -0.00147962-0.000973401j 0.000608934-0.000180257j 0.000269543-0.000247044j 0.000827449-4.65152e-05j 0.000979144+0.000788362j 0.00242037-0.00223097j -7.16199e-05-0.0036154j -0.000669047+0.00280072j 0.000517259+0.00186109j 6.99976e-05-0.000113057j 0.00167302-0.0017793j -0.000723232+0.000532132j 0.000242836+0.000732019j 0.00143808-0.0014287j -0.000178435-0.00055008j 5.5762e-05-0.000820675j -0.000820098-0.00105257j 0.00344094+0.00195982j -0.00192327+0.00174132j 0.000390493-0.0012334j -0.000704187-0.000270061j 8.86183e-05+0.000893541j 0.000506994+0.000959089j 0.000597852+0.000245258j 0.000981385-0.00125163j 0.00116253-0.00192842j 0.000322814-0.000732089j -0.00113504+0.000688224j 
9.37054e-05-0.00103964j 0.00132696-0.000297719j 0.00122705+0.00144801j -0.00208403+0.00139064j 0.000429772+0.00232789j -0.00159577+0.00145393j -0.00317778+0.00244606j -0.00272336+0.00967221j -0.013316+0.018586j -0.00490089-0.00203445j 0.00738008+0.00389135j 0.00116591-0.0066081j -0.00213244+0.000923867j 0.00216267+0.00079936j 0.00516747-0.0147021j 0.000458768+0.00191012j 0.00564524+0.00626258j 0.0101925-0.00383238j -0.00770493+0.00820323j 0.00564553-0.00570066j 0.00067277-0.00122442j -0.00327157-0.00170114j 0.0050369+0.010332j -0.0035011-0.000427407j -0.00245325-0.00140586j 0.00118581-0.0107374j 0.00742462-0.00145855j 0.00272062+0.00117777j 0.00883549+0.00357569j -0.0046185-0.00199328j -0.000511827-6.58769e-05j -0.00849982-0.00332522j -0.00144416+2.70623e-05j 0.000927963-0.00202698j 0.000681568+0.00143396j -0.00182022-0.00315357j 0.000696581+0.00192612j 0.00190578-0.00221721j -0.00254608+0.00252347j -0.00534879+0.000889803j 0.00117438-0.00553674j -0.00186099-0.00169351j 0.00767612-0.00208894j -0.00235595-0.00349891j -0.000609745-0.00711263j 0.000521979-0.00163583j -0.000933804-0.00149009j 0.00249319-0.00306422j 0.00301638-2.4476e-05j 0.00217272+0.00476902j 0.00453334-0.00181916j -0.00491818-0.00278324j 0.00137225-0.0045828j -0.00127441+0.000704269j 0.000898755+0.00433746j 0.00193597+0.00096794j 0.00194692-0.00382533j 0.00141688+0.00159987j 0.00279177+0.00389051j -0.0010329+0.00380236j 0.00116654+0.000254919j 0.0013251-0.000982141j -0.00150535+0.00235951j -0.00325178-0.0030617j -0.00108558+0.00451876j 0.00145624-0.000439945j 0.00374381+0.00284496j 0.00404827+0.00112081j -0.00145187+0.000776652j -0.0017667+0.00132455j 0.000879151-0.000187917j 0.00190876-0.000446916j -0.00270015-0.000101255j 0.000765742+0.00235751j 0.0015637+0.00188103j 0.000181769+0.00273614j -0.00138321+0.00440442j -0.000763833+0.00328991j 0.00197014-0.00275272j 0.00125259+0.00306283j -0.000346847-0.00173247j -0.000654203-0.00157131j -0.00100955-0.00230451j -0.000256959+0.000637921j 0.00100855-0.00213839j 0.00249224-0.00229361j 0.000713082-0.00348377j 1.52026e-05-0.004132j -0.00380313-0.0011098j -0.00118992-0.00158045j 0.00463027+0.000958438j 0.00129533-0.0033102j -0.000625458-0.00313403j -0.00281234+0.000841237j -0.00353282+5.98469e-05j -0.0018139-0.0040225j 6.35084e-05+0.000308599j 0.000814806+0.000127831j -0.000263055+8.28999e-05j 1.53542e-05-0.00124437j 0.000542383+0.00514246j -0.00326878-0.0031671j 0.00224131+0.00400065j -0.0013547+0.00136545j 0.000349111-0.000211742j 0.000410616-0.00102375j -0.00601922+0.00354213j 0.00517479+0.000656496j -0.00110029+0.00194654j 0.000247163+0.000515977j 0.00305958-0.00197992j -0.00255012+0.000360224j 0.00231474-0.00212514j -0.00255648-0.00205682j 0.00178276-0.000876351j -0.00045489+0.00147607j -0.00305636-0.00315725j -0.000162798-0.00124317j -0.00107495+0.00228965j -0.000228053+0.000974268j 0.00405401+0.00124435j -0.00151708-0.00181527j -0.00289093-0.000700852j -0.00220806-0.000799491j 0.00122078-0.000282436j -0.00144144+0.00119033j -0.00145413+0.00106351j 0.00101395+0.000432046j 0.00170164-0.000381222j -0.000120428-0.000375894j 7.71649e-05-0.00232143j -0.000347843-0.00272282j -0.000578135+0.00416496j -0.00244136-0.00234888j -0.000546882-0.00158759j -2.12231e-05-0.000925768j 0.000908537+0.000840283j 0.000865844-0.00126549j 0.00131276+0.0021226j -0.00194327-0.000571304j 0.00387254+0.000757701j -0.00143394+0.00332105j -0.000569893-0.000625099j 1.50971e-05+0.00321999j -0.000644376-0.000352204j -0.000441875-0.00049219j 0.0038096+0.000925761j -0.00173136-0.00481051j 0.00443066-0.000415436j -0.00343481+0.000674247j -0.00217283-0.00111448j 0.000631278+0.000334534j -0.00339517-0.0022879j 0.000911333-0.000659691j -0.00333581+0.000326107j -0.000310302-0.00269759j -0.00437293-0.00152821j 0.00148306+2.2416e-06j -0.00143409-0.000167075j 0.00116379+0.00130671j 0.00284692+0.00187964j -0.00168531+0.00239897j 0.000988231+0.00137809j 0.00300504+0.000867985j 0.000513777+0.00190903j -0.00016641+0.00389664j 0.00102168-0.00129124j -0.00301303+0.000566482j 0.00319807-0.000840959j 0.00203021-0.00164199j 0.00350622-0.000368109j -0.00223068+0.00176326j -0.000373198+0.00113992j -0.00206169+0.000167673j -0.00305844-0.000134132j -0.0030257-1.00606e-05j -0.00105973+0.000389248j 0.00242825-0.000743654j -0.00313865-0.0014311j -0.00207483+0.000969989j -0.00078461-0.00124804j 3.83999e-05+0.00167328j 0.000811944+0.00088749j -0.0010011+0.000572873j -0.000178122-0.000562096j -0.001169-0.000521634j 0.000260691-0.00224739j 0.00302695+0.00174138j -0.00233195+0.00317301j 0.000725858-0.00318147j 0.000585925+0.0001078j -0.0013751-0.000282384j -0.00033703-0.000903467j 0.00190342+0.000647502j 0.000974342-0.000840506j -6.90126e-05-0.000371749j -0.0008115-0.000324833j 0.000410291+0.000974305j -0.00112698+0.00107666j -0.00278056-0.00113686j -0.000676456-0.00098285j -0.00069076-0.000231608j -0.000140147+0.00214979j -0.000297947-0.000734325j 4.77307e-05-0.00105129j 0.00104879-0.00149468j 0.000174541+0.000199343j 0.000442187+9.68174e-05j -7.84846e-05+3.04651e-05j -0.000431895+0.000598568j 
0.000738529-0.000994183j -0.000427707+0.000301881j 0.000176611+0.00108478j -0.000178827+0.000855373j 0.00176722+0.00160934j 0.000341248-0.00233839j 0.00225937+0.000277331j 0.0388976+0.00970715j 0.107557+0.0159469j 0.0406725+0.00612491j -0.035048-0.00543681j -0.000173159-0.00272732j -0.00260874+0.00140801j 0.00247992+0.0015122j 0.00680758-0.000408561j 0.000400258-0.00181849j 0.000514737+0.00122789j -0.00318971+0.00260066j 0.00800766-0.000147882j -0.00478189-0.000253214j 0.00372283+0.00451466j 0.00205144-0.000498437j -0.000325699-0.00411111j 0.000697822-0.000841864j 0.0016481+0.00295234j 0.000930088+0.00229862j -0.00563303-0.0023057j -0.000401615+0.00175398j -0.00373946-0.00680563j 0.0042404+0.00114537j -0.00232474+0.00109139j 0.00854312+0.00598155j 0.00050189+0.000567567j 0.00119084+0.00435109j -0.00189157+0.00276742j 0.00444089-0.00346731j -0.00581596+0.00495503j -0.00239914+0.00111248j 0.00188827+0.00187485j 0.000405826-0.000519717j -0.00131143-0.00197232j 0.00366958-1.07589e-05j -0.00345607-0.00434761j 0.00249252+0.00355896j 0.000411197-0.00878564j 0.00140837-0.00106624j 0.000213458-0.00124826j -0.00492148-0.01011j -0.000369609-0.00168441j 0.00509567+0.00869334j -0.000825924-0.00176487j -0.00166334-0.00392261j -0.0015901-0.000620106j 0.00269935-0.000146372j 0.00640993+0.00499316j 0.0043288-0.000995745j -0.00169773-0.00421458j 0.00152246+0.00495953j -0.00161475+0.000264192j -5.46636e-05+0.00148218j 0.000284596+0.00146859j 0.00371049+0.0073944j 0.00124077+0.000687647j -0.00397856-0.00131008j 0.00137432+0.00409737j -0.00234887+0.000640286j -0.00505449-0.00266587j -0.00310547-0.00421154j -0.0010079+4.38074e-05j 0.00357879+0.00421535j 0.000621641+0.000356263j 0.00148211-0.00189519j -0.000887982+0.00291824j -0.00181085+0.00158059j 0.00330832-0.00233947j 0.00378802+0.00834627j 0.000954648+0.00442784j 0.0010606+0.00171176j 6.52798e-05+0.003887j 0.00497064+0.00331391j -0.00265283-0.000616712j -0.000796518+0.00319979j 0.00307558-0.000604081j -0.000279336+0.000386246j -0.00345284-0.00463653j 4.90922e-05-0.00190754j 0.00159955-0.00230774j 0.00332341-0.000265934j 0.00117493+0.0020988j 0.000143829-0.00025378j -4.58627e-05-0.00133466j 0.000256156+0.000294692j 0.000874618-0.000680901j 0.000233878+0.00391244j -0.00415886+0.0049787j -0.000894127-0.00153666j 0.000573847-0.00138767j -0.00150631-0.00455596j 0.00179282+0.000531216j 0.000716267+0.00185077j 0.00206357+0.00471527j -0.000126039+0.00163505j -0.0046128-0.000100811j -0.000342378-0.00265904j -0.00212872-0.000184809j -0.00279852-0.00147674j 0.00248419-0.00255283j -0.00138362-0.00129126j 0.000253892-0.00167886j -0.00198823+0.000746412j -0.00276333+0.00162124j 0.00276013+0.00246296j 0.00257458-0.000197285j -0.00113701+0.00323067j 0.00186628-0.00483057j -0.000945093-0.00338932j 0.000239193-0.00126816j 0.00130597-0.000621949j 0.00266965-0.000147243j 0.00054458+0.00136223j 0.000542163-0.0010657j 0.000981552+0.000286986j 0.0014495+0.000424899j 0.000605966+0.000619328j 0.00304917+0.000547697j -0.00156059-0.00123731j 0.0019223-0.000536335j 0.00138904+0.00281147j -0.00282246-0.00381707j 0.00207668+0.00116698j 0.00240773+0.000803072j -0.00270781-0.00119597j 7.69752e-05-0.00205276j 0.000805598+0.000197403j 5.77943e-05-0.00314499j 0.00381351+0.000170722j 0.000971508+0.00279322j 0.00193031+0.00237893j 0.00106891-0.00010485j -0.00248605+0.000491692j -0.000824553-0.000840271j 0.000833155-0.0017076j 0.000192585-0.00109341j -0.00241131+0.00185446j -0.00169994-0.00131679j -0.000165362-0.00146614j 0.000926261+0.00084551j -0.000576378+0.00365107j -0.00055163-0.000873589j -0.00356005-0.00156562j 0.00281104+0.00217938j -0.00137799+0.00103144j 0.000886898-0.000135747j -0.00156589-0.000497509j -0.000740778-0.00106893j 0.00257576+0.00172303j 0.00110851+0.00149784j 0.000325234+0.00162319j -0.000521356+0.000151411j -0.000966247+0.00103673j 0.000270049+0.000746864j -0.00219276+0.00112928j 0.00380617+0.000508516j 0.00241753-0.000104733j 0.00152698-6.30736e-05j -0.000438252+0.000870241j 0.000204403-0.00174779j 0.00181026+0.000468084j -0.00439789-0.000383448j 0.000742563-0.0013389j -0.00294927-0.0033312j 0.00188643+0.000752675j -0.000869931-0.00405037j -0.00124908-0.000937496j -4.05432e-05-0.000819904j 0.00193954+0.00096841j -0.00142801+0.000298526j -0.000703245-0.000552256j -9.29929e-05+0.000780012j 0.000257679+0.000591409j 0.000189562+0.0010682j 0.00165388+0.000301374j -0.000203135+0.00171651j 0.000475393+7.69799e-05j -0.000183943-9.54109e-06j 0.00108916-0.000427492j 0.0012228+0.000895514j -0.00149562-0.00186524j 0.00273973+0.000176784j 0.00108301-0.000165985j 0.00177669-7.09229e-05j -0.000465937+0.00105303j -0.00304621-0.00188699j -0.00316309-0.000991754j -0.00212162-0.00114758j 0.00140129-0.000432254j -9.74698e-05+0.000577166j 7.44966e-05-0.000547358j 0.000667739+0.00109767j -0.000555966+0.00148115j 0.0019854+0.00155387j -9.7163e-05-0.000441197j 0.000648262-0.000857036j -0.000849842-0.000327125j 0.000175366+0.00118389j -0.0020752-0.000387973j -0.00100445-0.000256454j 0.000391072+7.21682e-05j 0.000940033+0.000771852j 0.000557941-0.000166545j 
-0.00165949-0.000631554j -0.00103414-0.000506828j -0.000980049-0.000853476j 0.00197828+0.000534379j 0.000664052-0.000215872j -0.000729165+0.00358592j 0.000584123+0.000258203j -0.0302027-0.0232009j -0.0827117-0.0596113j -0.0326021-0.0250982j 0.0282366+0.0205988j -0.00350318+0.00466601j 0.00311727-0.000219006j -0.00392509-0.00620699j -0.0101796-0.0109276j -0.000322101+0.00233213j 0.0040635-0.00642459j -0.00197577-0.00486674j 0.00353366-0.00227056j -0.00547601+0.00355038j -0.00163345-0.00750587j -0.00732684+0.007161j 0.00644276-0.00451301j 0.00543294+0.00300136j 0.00152764-0.00127191j 0.008745-0.0070392j 0.00192716+4.73758e-05j -0.0020922-0.00143483j -0.009744+0.00857948j -0.000401228+0.00439849j 0.00346524+0.00157716j -0.00231004-0.00884532j 0.0016529+0.00113742j 0.00274853-0.00319716j 0.00934457-0.000963346j -0.00418961+0.0037999j 0.00563926+0.00381365j -0.00195491-0.00240872j -0.000625355+0.00328283j -0.00203861+0.0067926j 0.000522814-0.00262062j 0.00213759+0.0029267j 0.00360472+0.00106659j -0.00363318+0.00330977j -0.00623044-0.00529876j -0.000826535+0.000301129j -0.00226541-0.00154359j 0.0013631+0.00495063j 0.00115701+0.00699502j 0.00384519-0.00330535j 0.00201791-0.00576253j -0.00420493+0.00642196j 0.000417812+0.00244594j -0.00196225-0.00300921j 0.00481402-0.00317348j -0.00822828-0.0078581j -0.00427954-5.58849e-05j -0.00177989-0.000585116j 0.00281231-0.00311736j 0.00273841-0.000247297j -0.0020354-0.00229473j 0.00301943-0.000359921j 0.00306655-0.000405449j 0.00121378+0.000100657j 0.00576714-0.0026201j 0.000164452-0.00132758j -0.0010264-0.00309902j 0.000181485-0.00100798j 0.00235801+0.000136933j -0.000600366-0.00346789j -0.00138397+0.000215571j 0.00224749+0.00590847j -0.00214524-0.00324975j 0.00322324-0.00128193j 0.00138524-0.00135203j -0.00242016+0.00636903j -0.000410048-0.000149143j 0.00202749+0.00360792j -0.00575608-0.00121928j 0.00707695-0.000664328j 0.000602014+0.000123052j -0.00392243+0.000465313j -0.00197196+0.00667407j 0.0016695+0.00236889j -0.00202388-0.00311033j 0.000169062-0.00296817j -0.00193834-0.000136058j -0.0030573+0.00303223j 0.00279536-0.00287139j 0.00287438-0.00360244j -0.00129629-0.00331333j 0.000827394+0.00243717j -0.00237781-0.00074691j 0.00197214-0.000302796j 0.0054993+0.000821731j -0.00312409+0.00358807j -0.000268295-0.000426967j -0.00185892-0.00228315j -0.00156556-0.00328462j 0.00247754-0.00350989j 0.00154165+0.000555594j 0.00146814-0.00200371j 0.00206937-0.000414445j -0.0023013-0.000455089j -0.00137857+0.00183919j -0.00078726+0.000769224j -0.00174225-0.00150022j -0.000482152-0.000347927j -0.00136624-0.00462946j -0.00296552-0.000613475j -0.00125767+0.00317714j 0.000663982-0.00443223j -0.00098081+0.000625724j 0.00399398+0.00223532j 0.000210638-0.00109985j -0.00107419+9.61521e-05j -0.00058289-0.00181294j 0.0018551+0.00254723j -0.00344221-0.00308013j -0.00350321+0.00184464j 0.00363136-0.00160556j 0.00252895+0.00362424j 0.0012204-0.00164404j -0.000191459+0.00379125j 0.00189392+0.000115884j -0.000529809-0.00207754j -0.00111096-0.00107177j 0.000855074+0.00157036j 0.00154189+0.00238576j -0.000512671-0.00129609j 0.00266689-0.00318066j 0.00294723+4.84204e-05j -0.00115287+0.00077353j -0.000356735+0.0015658j -0.000476289+0.000256883j 0.00458378+0.00101396j 0.000538035+0.00218181j 0.00168378+0.00356145j -0.000231654+0.000357784j -0.00148084-0.00238183j -0.00194956+0.00256137j -0.000897286-0.0014602j 0.000653169-0.00210536j -0.000260844+0.0018263j -0.00025303-0.00134786j 0.00139314-0.00186763j -0.00137885+0.00158348j 0.0012731+0.00165014j 0.00169953-0.00281804j -0.00637802+0.00279666j 0.00080409-0.00206689j -0.000465188-0.0010785j 0.00136141-0.00290953j -0.000188847-0.000596719j 0.00215752+0.000739944j 0.00174715-0.00301196j 0.000611026+0.00133603j 0.000285469+0.00335818j 0.00428251+0.000583161j 0.000730317+0.00148349j 0.00201766+0.000496989j -0.00342222+0.00180376j -0.00106815+0.000119655j -0.000489444+7.96221e-05j -0.00188023-0.00106507j -0.00161571-0.00111691j 0.00217256+0.00145856j -0.000562964-0.00162608j 0.00117811+0.000595238j -0.000158263+0.000275189j 0.000962728+0.00182733j -0.000629092-0.000804301j 0.000831142+0.00217589j 0.0025188+0.00257914j -0.000813275+0.00265104j -0.000463967+0.00182332j 0.00116178-0.00204144j 0.000234976+0.000687146j 0.00149767+0.000796675j 0.000942773-0.000891865j 0.000504914+0.0018057j -0.000979783-0.00187601j 0.000523071-0.000803087j -0.00131337-0.00163532j 0.00102008+0.000206153j -0.000578184+0.000348926j 0.00109199+0.000519268j -0.00150303+0.000435903j -0.00310409-0.00131919j 0.00404414+0.000185859j -0.000542424-0.00186631j 0.00139654-0.00105659j 0.00317033+0.00350623j 0.00166435+0.000126386j 0.00146027+0.00272044j -0.00161001+0.00116556j 0.00108412-6.84496e-05j 0.000728903-0.0010885j -0.000410085-0.00106332j 0.00120827-0.00235778j 0.00186546-0.00200799j 0.000784691+0.00118074j -0.00208572-0.000737417j 0.000693753-1.75247e-05j 0.00171341-0.000652054j 0.00186672+0.00148228j -0.000972644+0.000595723j -0.000915796+0.000664557j -5.04129e-05-0.000218904j -3.01859e-05-0.000298333j 
-0.000270067+0.000783986j -0.00195278+3.41276e-05j -0.0015787-0.0012311j 0.00123056+0.000553478j 0.00266666-0.00258578j 0.000913712+0.000617781j 0.00609347+0.000690789j 0.0258795+0.00134832j 0.0671229+0.012341j 0.0172094+0.0115528j -0.00989308-0.0153158j -0.00805265+0.00663496j 6.14197e-06-0.00548579j -0.0030186-0.000420268j -0.0171671+0.00443413j 0.000824595+0.00290148j 0.00102986-0.00155001j -0.00484409-0.00364973j 0.0197906+0.000406396j -0.0056191-0.00144512j -0.00232804+0.000547126j -0.00307179+0.00835585j 0.0136212-0.00638503j 0.00227778+0.00479104j -0.00167145+0.00501962j -0.00532663+0.00284331j -6.12343e-05-0.0067442j -0.00181612-0.00113655j 0.00455428-0.00542505j 0.00345075+0.0097086j 0.00355619+0.00200812j -0.001246+0.010862j 0.00384835+0.000863413j -0.000953512+0.00435979j 0.00102558+0.00188325j 0.00568883+0.00623169j -0.00189324-0.00304959j -0.00160575+0.00498375j -0.00778399+0.00804113j -0.00557747-0.00401596j 0.00113428-0.00320845j 0.000210296+0.00939251j 0.00637228-0.00445359j -0.00628422-0.00153304j 0.0060314-0.00251519j 0.000290119+0.0024343j -0.000351924-0.0011343j 0.00638218-0.00465292j -0.00502291-0.00226539j 0.00288886+0.00477981j 0.010054-0.00409894j -0.00788729-0.00450908j -0.00411436-0.000528815j -0.000744393-0.00294021j 0.00705433-0.00197657j 0.00843237+0.00199582j 0.00175655-0.00328643j 0.00300085-0.00176255j -0.00101319-0.00444385j -0.00108243-0.00134418j 0.000303001+0.00198633j -0.00166169+0.00586913j 0.000447993+0.00163032j 0.00393637+0.000405445j 0.00386499-0.0019594j -0.000529112-0.000595789j -0.000561755-0.00165973j 0.00116293+0.00045148j 0.00129593-0.000857608j -0.00179082+0.000940183j -0.0009636-0.00109717j 0.000281574-0.000104464j -0.00103538+0.000185485j -0.00161502-0.00217054j -0.000554753-0.000787278j -5.61721e-05-0.00134652j 0.000743813-0.00190723j 0.00029232-0.00358241j -0.00319584+0.000742206j -0.00255953-0.00202677j 0.00166403-0.000299752j -0.0011482+0.00141314j -0.00107543+0.00169998j 0.0028403-0.00108056j 0.000114561+6.42572e-05j 5.71786e-05+0.00239581j -0.00306754+0.00283685j -0.00220231+0.00495707j 0.00245487+0.00183028j -0.000857532+0.000200088j -0.000707845-0.000993296j -0.00236552+0.00160373j -0.000861872+0.00396809j -0.00109215-0.00132101j 0.000159412-0.00377301j 0.000509362+0.00507657j -0.00323397-0.000714919j 0.00372562+0.00156817j -0.00279384+0.00146887j -0.000229596+0.00351243j 0.00158903-0.00206006j -0.0028026-0.000811372j -0.000232208-0.00502387j 0.000472415-0.000339993j 0.000294293+0.000407775j -0.00213682-0.001253j 0.00229438+0.00313181j -0.000762429+0.00078629j 0.00210971-0.000654843j -0.000711938+0.00265504j 0.000664363-0.00197956j 0.00309582+0.00180365j -0.0029369+3.82363e-05j -0.004042-0.00093128j 0.00417152+0.003339j 0.00196994-8.38047e-05j 0.00148711+0.00112412j -0.00166078-0.00138688j -0.00050698+0.00112971j -0.00142397+0.000154686j 0.00245671-0.00169874j -0.00182907+0.00204767j -0.000195084+0.00208303j -0.00311642+0.00107612j -0.00283842+0.000462281j -0.000540188-0.00234345j -0.000595923+0.00121625j 0.000316344-7.7898e-05j -0.000658265-0.00137015j -0.00242552+0.00134263j -0.00343029+0.00156423j 0.00155836+0.000259312j 0.00242206+0.000630534j 0.000688434+0.00148803j 0.00356403+0.00075776j -0.000796072+0.00118099j -0.00197563-0.00225509j -0.00173862-0.000784668j -0.00124083+0.000384066j 0.000529251-0.00175444j 0.000742606-0.000731227j 0.00105424+0.00077027j 0.00105707+0.00192643j -0.00134317-0.0016083j 0.00135087-0.00129866j 0.00114789+0.00269493j -0.000947406+0.000219923j -0.00179473-0.00188521j 0.00352278-0.000295948j 0.00211396-0.000102008j -0.0010804+0.00339038j 0.000710856+0.001319j 0.00167767-9.07222e-05j 0.00122359-0.000758131j 0.00221721+0.00144461j 0.00112783+0.000594157j -0.00219687+0.000367044j -0.00254545+0.00022956j -0.00234694+0.00225234j -0.00168903-0.00261864j -0.00252515+0.000131955j 0.00102563-0.0015906j -0.00139622+0.000949899j -0.00104677-0.000690609j -0.00262364+0.00125317j -0.000912989+0.000599713j -0.00106577-0.000370738j 0.000285336-0.000658716j -0.000984259-0.00379355j 0.00142603-0.000121569j 0.00175731+0.000268752j -0.00206393-0.00113751j 0.000710805-0.00131005j -0.00243687+0.000310689j -0.00208637+0.000321222j -0.000715273+0.0023106j 0.00129572+0.000323194j 0.000723209-0.000110904j 0.00117582-0.00282673j -0.00220478+0.00076347j -0.000713181+0.00189025j 0.000864081-0.00197262j -0.00118529-0.000852913j 0.00324992+0.001393j -0.00203226-0.000147728j -0.000758827-0.000351995j 0.000287274+0.000142714j -0.00215867-0.00149354j -0.000462995+0.00105849j -0.00100852+0.00135916j 0.000211518-0.000559036j 0.00026918-0.000535177j -0.00321596-0.000151078j -0.00232771-0.00277956j -0.00135822-0.00269145j 0.00182388+0.00125603j 0.00123724-7.00039e-05j -0.0025914-0.0014611j -7.77926e-05-1.75739e-05j 2.66746e-05-0.00130117j 0.00103387-4.4967e-05j -0.000769318+0.000102913j 0.00247502-0.00120138j -0.00106183-0.00103141j -0.00200927-0.000283059j -0.00244364-0.000816607j -0.00181341+0.000269721j -0.00122784+0.0016478j -0.000144508+0.00140077j 0.00241478-0.000440336j 
3.64845e-06+0.00136271j -0.000377671-0.000554538j -0.00033217-0.00256469j -0.00202786-0.00223228j 0.003579-0.000827545j -0.00251916-0.0009848j 0.0030593+0.000681146j 0.0233726+0.00668059j 0.0538243+0.0207594j 0.0114634+0.00541703j -0.00340939-0.00295974j -0.00729493-0.00545737j 0.00440399-0.00545425j 0.00275797+0.000343519j -0.00569666-0.00969883j -0.00347907+0.000363477j -0.00215262+0.000885084j 0.00327404+0.000871148j 0.00177792+0.0138752j 0.0039639-0.00358489j -0.000323629-0.00204612j -0.000613488-0.000734851j 0.00110825+0.00896998j -0.00603433+0.00176517j -0.00665612+0.00161908j -0.0113179-0.00259642j -0.00139588+0.00161508j -0.000761608-0.00367803j 0.00926325+0.00261751j -0.00771213-0.000661352j -0.00554472+0.00245072j -0.0045861-0.00217575j -0.00138748+0.00197464j -0.00657679+0.000583981j -0.00518377-0.00156504j -0.00326516+0.00345732j 6.57879e-05-0.000865647j -0.00618177+0.00435376j -0.00930992-0.00861327j 0.00487606-0.00446296j 0.00417846+0.00171413j -0.00612028+0.00375757j -0.000905792+0.00672216j 0.00423633-0.00380225j 0.00290723-0.00210806j -0.000424624+0.00331285j 0.00233723-0.00149647j -0.000610881+0.000951919j -0.00221475-0.00694975j -0.000985376+0.00943956j 0.00066605+0.011381j 0.00547496-0.00995953j -0.00571425-0.00546451j 0.00451706+0.000735462j 0.00975295+0.00815092j 0.00187421+0.00612462j 0.00161059+0.00488421j -0.000925238+0.00310456j 0.000252095-0.000519958j 1.00541e-05-0.00267574j -0.00178051-0.000102917j -0.00421934-0.00122642j 0.000716274-0.000504463j 0.000197369+0.00458857j 0.00386565+0.000582958j 0.000792672-0.000147886j -0.00290316-0.000757716j -0.0030557+0.000561953j 0.00423039+0.00187754j 0.000559479-0.00288607j 0.00115635+0.00298144j 0.00109097+0.000971072j -0.00184403-0.00120713j 0.0018327-0.0024538j 0.00317708-0.00245688j 0.00199299+0.00119094j -0.000503539-0.000600577j 0.00407773-0.000672672j -0.00504225+0.00119412j 0.00215429-0.00461471j -0.000974804+0.00108433j -0.00258506+0.00339717j -0.000445642+0.00327413j 0.00195922+0.000117785j -0.000117423-0.000427651j -0.00357122-0.00098559j -0.00201896-0.00227671j -0.00340374-0.000375829j -0.00100461+0.000279227j 0.00229136+0.00104817j -0.00123852-0.00213837j -0.0039685-0.000343482j -0.00262094+0.00218855j 0.00109221-0.00082158j 0.00258141-0.00067836j -0.0040722+0.00191676j 0.000176651-0.00427046j 0.00265561+0.00286937j 0.000291228-0.00241626j -0.00454192-0.00113081j 0.00137633+0.00194349j 0.00290965-0.00149364j 0.00227635-0.000571721j 0.00156158-0.000720668j 0.00132586-0.000140354j -0.000182157-0.00429004j -0.00246184+0.00143143j -0.00483064+9.97535e-05j 0.00492188+0.00109817j -0.00308039+0.000234607j 0.00101917+0.00148914j 0.00262872+0.00383937j -0.000299799-0.00295665j -0.00233414-0.00280609j -0.00286017+0.00148505j 0.00264128+0.000375409j 0.000567578+0.000454062j 0.000698706+0.000579744j 0.000717493-0.00238536j -0.00132202-0.000547831j 0.00382312+0.00212476j -0.000728374+0.00186501j -0.00143923-0.000942852j 0.000490178-0.00211174j -0.000825382-0.000683981j 0.00299961+0.000836078j -0.000168281-0.00153202j -0.00133201+0.000317697j 0.00107572+0.000995639j -0.000539568-0.00222599j -0.00124395-0.000214742j -0.000770504+0.000579419j 0.000270253+0.00301648j -0.00308746+2.25808e-05j 0.00160487+0.00440073j 0.000831928+0.00394282j 0.00151642-0.000379594j -0.00194519+0.000751882j 0.00176526-0.00210141j -0.00011317+0.00011469j -0.000387741-7.25848e-05j -0.000650626+0.000291625j -0.000559217+0.0016809j -0.00030492-0.00174205j 0.000806377+0.000810537j 0.00173928+0.00180749j -0.00444871-0.000238499j 0.00299342-0.000204503j 0.00100295+0.00435086j 0.00182158+0.000291771j 0.000711315+2.37815e-05j -0.000994834+0.00146331j -0.000174387+0.00206063j -8.12545e-06+0.00090666j -0.00116763+0.00231827j -0.000958831+0.002246j -0.00016434-0.0022206j -0.00363134-0.00200051j -0.000702853-0.00102843j 0.000765483-0.0010511j -0.000288853+0.000953568j 0.00157696-0.000879711j 0.00135282-0.00186215j 0.00189564-0.000939781j 3.59718e-05-0.00188761j -2.84711e-05-0.000671937j -0.00238908-0.00055352j 0.00261022+0.000180686j 0.00142114+0.00123207j -0.00118164+0.00268278j -0.0030736+0.00241793j 0.00389853-0.00193498j 0.00187302+0.00167204j 7.18484e-08-0.00149916j -0.000195312-0.00281846j -0.00145453-0.00148315j 0.00144131-0.000612031j -0.00200574+0.00107924j 0.00289051+0.0023627j -5.03397e-05-0.00282504j -0.00259631-0.00146184j 0.00326939-3.49592e-05j 0.000995092-0.00127341j 0.000293516+0.000677345j -0.000384986-0.00197594j 0.00129248-0.000593337j -0.000726165+0.00220274j -0.00312868-0.00125058j -0.000643817-0.00404739j -0.00259363-0.000866593j 0.00126271-0.000778365j 0.00222855+0.000409182j -0.002993-0.00141758j 0.00269733+0.00113838j 0.000516471+0.00127544j -0.00488587+0.000157876j 0.000705506+0.00148527j 0.000795354-0.00195837j 0.00138598+0.000517934j 0.00398745-0.0020059j 0.00194415+7.75437e-05j -0.00143896-0.000528899j 0.00236509+0.000725219j 0.00288409+0.000847125j -0.000472245-0.00138925j -0.000345421-6.2403e-05j 0.000619199-0.000530335j -0.00391095-0.00182426j -0.00288438-0.00134742j 0.000872121+0.0013468j 
-0.000994822+0.000335049j 0.000114363+0.00313715j 0.000612818+0.00357002j -0.00061311-0.00330193j 0.00353871+0.00146787j -0.000989149-0.00267741j 0.00431102-0.00061329j 0.024118+0.034589j 0.0532095+0.0778912j 0.0110974+0.022904j -0.00629198-0.018539j -0.00208099-0.00241769j -0.00229343-0.00466712j 3.0456e-05+0.00866177j -0.0104799-0.00383715j 0.00189658+0.000529508j -0.00498793-0.000849949j -0.00206996+0.00653988j 0.00643842-0.000718039j 0.000176292+0.0036711j -0.00227014+0.0010778j 0.0045356+0.0102049j 0.000240059-0.0087387j 0.00362161-0.00838391j -0.000648135-0.000749804j 0.000894898-0.0178924j -0.00616385-0.00490489j -0.00310228+0.00360348j 0.00239943+0.0100286j 0.00556523-0.00366515j -0.000973537-0.00521821j -0.000231563-0.00258377j -0.00120422-0.00548392j -0.000769268-0.00358657j -0.00293397-0.008803j 0.00771025+0.00179761j -0.00485568-0.000513287j -0.00595741+0.00295382j 0.00477148-0.000535764j -0.000169761-0.00225229j 0.00569474+0.000937664j 0.00150656-0.00150288j -0.00221761-0.00878259j 0.000222073+0.00344582j 0.00955741-0.00640956j -0.00188269-0.00128677j 0.00230039+0.00134985j 0.00668463-0.0105413j 0.00639592-0.0035107j -0.00808844+0.00830222j -0.00692283-0.00515928j 0.00705349+0.000624652j 0.000185112-0.00734906j -0.00124076+0.00173489j -0.00213768+0.00708968j -0.00274462+0.0083772j -0.00179116+0.00038056j 0.00147142-0.00393096j -0.00231249-0.00132929j 0.00126847-0.00212887j 0.00134134+0.000697609j 0.00410014-0.0007691j 0.00516924+0.00220927j -0.00368625-0.000553856j 0.00380566-0.00119291j -0.00174987-0.00250831j -0.00142393-0.00310322j -0.000854025-0.00356477j 0.000959865+0.003093j -0.000193682+0.000432063j -0.0018147+0.00199762j 0.001733+0.0030475j -0.00163474-0.000324915j 0.00198376+0.00111675j 0.00122679-0.000415252j 0.00276558+0.000868j 0.000508994+0.00027575j 0.00327219+0.00235496j -0.00426077-0.00182806j 0.00413337-0.00475795j -0.00263068-0.00222675j -0.00374194+0.000138937j -0.00194737+0.00234848j 0.00211275-0.00199899j 0.00231051-0.00242882j 0.000270498-0.00394963j 0.00134528-0.00110556j -0.000435118+0.000607161j -0.00204362-0.00482272j 0.000270889+0.00201567j 1.15701e-05-0.00625154j -0.00218999-0.00343274j -0.00248041+0.00300586j 0.000886817+0.00203899j 0.00205235-0.00284216j -0.000567715+0.000683133j 0.00231599-0.00236136j 0.00154371+0.00264812j 5.86725e-05+0.00114268j -0.000576048-0.00549628j -0.00166577+0.00310339j 4.87885e-06-0.000581508j 0.000540835-0.000681113j 7.98504e-05+0.000527318j 0.00089506+2.92803e-05j 0.00164172-0.00220694j -0.00124476-0.00185037j -0.00211194-0.00350983j 0.00167189+0.00509925j -0.00263133-0.000645183j 0.00205003+0.000549181j -0.000492385+0.00233506j 0.00110842-0.000477643j 2.44421e-05-0.00365937j 0.00194091-0.000297499j 0.000854919+0.000724708j 0.0035369+0.000289751j 0.00171192+0.00131903j 0.00195847+0.0020861j -0.00193901+0.001871j 0.00204076+0.000169442j -0.000523479+0.00303567j -0.000794393-0.00177675j 0.00176798+0.00207361j -0.00178252+0.000379461j -0.00148433+0.00262998j -0.000282738+0.000995429j -0.0020295-0.00162762j 0.000724247+0.00309996j -0.000146493-0.000152693j -0.00109287-0.000690456j 0.000944621-0.00286869j -0.00156207+0.000368175j 0.000333332-0.00204367j 0.000840431+0.00107934j 0.000116731+0.00205973j -0.00071969+0.00136462j -0.000941483-9.35606e-05j 0.00117348+0.00394763j -0.00157115-0.00390296j -0.00044811-0.000854707j -0.00181655-0.00171557j 0.000325051+0.00120799j 6.72591e-05-0.000418502j -0.000931979-0.000999655j 0.000773636+0.00423887j -0.00267465-0.0022607j 0.000795014+0.00278857j -0.00124579-0.000771203j 0.00245706+0.00237528j 0.00138652+0.00400757j 0.00162546+0.000988704j -0.00129594-0.00357086j -0.000281923-0.00202715j 0.000239967-0.00150098j -0.000411915-0.00237814j 0.00200635-0.00169078j -0.00158013-0.00282228j 0.00179044+0.000529205j -0.00236961-0.0017906j -0.00202301+0.00243354j 0.00126985-0.0013925j 0.000600913+0.0036427j 0.000137018+0.00172808j 0.000950682-0.000609866j -0.00241387+0.000203846j -0.00196003-0.0034463j 0.000209221+0.00096327j -0.00159133+0.00025489j -0.00043472-0.00178279j -0.000367014-0.00180376j 0.00224244+0.00199475j -0.00208942+0.00339823j 0.00117999-3.51696e-05j 0.0013949+0.00210029j 0.0032767+0.000894788j 0.00355951+0.000270458j -0.00209982-0.000778078j 0.000600091+0.000876786j -0.000132125-0.000848808j 0.00118202-0.00135111j -0.00080502+0.000523859j -0.000928911+0.000868653j 0.0010312-0.000331523j -0.0013294-0.000203014j 0.00092238+0.00141957j -0.00146575+0.00102367j -0.00275594+0.0016178j 0.000739117+0.00166494j -0.00365672-0.00440912j -0.000740308+0.000645466j 0.00091919-0.000356943j 0.000127002-0.000965103j -4.88757e-06-0.00102834j 0.000758788-0.000904407j -0.00121898+0.000252091j 0.00026568+0.000515765j -0.00146712-0.000762839j 0.000607191+0.00127151j -0.00183202-0.000849451j -0.00109167-0.00403431j -0.000364037-0.000277002j 0.00106397+0.00159078j 0.000252762+3.50464e-05j -0.00148566-0.00219103j 0.000288043-0.00110544j 0.00134566+0.00231195j -4.11369e-05+0.000688674j -0.000693175-0.000761338j -0.000206984-0.000380735j 
-0.00087608+0.00240511j 0.00124581-0.00182664j 0.00177963-0.00391331j 0.000927402+0.000342532j -0.00029273-0.00670158j 0.00139732+0.00398039j -0.00117065-0.00424195j -0.00930873-0.0444202j -0.0308793-0.0938163j -0.0126602-0.0216713j 0.00815655+0.0142348j -8.42155e-05+0.00756162j 0.0014345+0.00338632j -0.000116469-0.00451534j -0.0104649+0.014561j 0.00022799-0.00185169j -0.00032603-0.00188801j -0.00264803+0.00028735j -0.000102221-0.00747451j 0.0031778+0.00614399j -0.00189484-0.00235039j 0.00220238+0.00156107j -0.00950963-0.0025117j -0.00319798+0.00043307j 0.00191861-0.00613015j -0.0110287-0.00579974j -0.000926702+0.00444409j 0.00574835+0.00205847j 0.00576213+0.00582921j 0.000353545-0.00282955j 7.81815e-05-0.00208609j -0.0050529-0.00188977j -0.00259855+0.00332273j -0.00285028-0.00156627j 0.000513303+0.00493455j -0.00137779-0.0125268j 0.00796703+0.00703626j 0.00381606+0.00237907j 0.00103456+0.000548103j -0.00709431+0.00610954j -0.0027674-0.00953318j 0.00018018-0.00170735j -0.00728335-0.000980877j 0.000914554+0.00445602j -0.0108923-0.0100806j -0.00215043+0.00229896j -0.001624-0.0024273j -0.0130532-0.00578147j -0.00409016-0.00192935j 0.00983512+0.00160304j -0.00404737-0.00137775j -0.00659928-0.000667574j -0.00617012+0.00113309j -0.00107166-0.00153717j -0.000827683-0.00276201j 0.00877862-0.00416714j 0.000795514+0.00039286j -0.002241-0.00464612j -0.00203135+0.00092602j -0.00223273+0.000890798j 0.000957316-0.00191604j -0.00046558-0.00215498j 0.00301992-0.00552449j 0.000386479+0.00570175j -0.00322255-0.00244433j -0.0024621+0.00246622j -0.00168326+0.000978962j -0.00320777+0.000440213j 0.00290342+2.58875e-05j 0.000799407+0.000977914j -0.000741029+0.000112542j 0.00231402+0.00173805j 0.000249129+5.94866e-06j 0.00523042-0.00488621j -0.00187957+0.000580674j -0.00568631-0.00145147j 0.000316405-0.00142281j -0.000258288-0.00145135j -0.00250003-0.00109264j -0.00531125+0.000740174j 0.00015231+0.0050571j -0.0011982-0.000833122j -0.00356973+0.00198819j -0.00116687+0.00192313j -0.00337624-0.00167682j -0.00485497-0.00103758j -0.00269678-9.72923e-05j -0.00194015+0.000866459j -0.00174409+0.00380472j 0.000350191-0.00417776j -0.00794295+0.0018472j -0.00302913+0.00245445j 0.000677478-0.000517326j 0.0040504-0.00133151j -0.00280503-0.00114695j 1.4216e-05+0.00170356j -0.00303681+0.00101246j -0.00108153-0.00231561j -0.00200209-0.000648492j -0.00160044+0.00122743j 0.00408321+0.000243552j -0.000688272+0.00278007j 0.00293189-0.00100859j -0.00173039+0.000662497j -0.00276795+0.00360931j -0.00178014+0.00113985j -0.0012315+0.00067669j -0.00116969+0.00221821j 0.0015417-0.00354766j -0.000400762+0.00326306j 0.000150284-0.00201795j -0.00133082-0.00176976j -0.000865522-0.00220219j 0.00133172+0.000695188j 0.00350799-0.00142436j -0.000994258+0.000494894j -0.0010236-0.00362832j -0.000378827-0.00260576j -0.000553733-0.000833528j 0.00260279+0.00256486j -0.00241101-0.00166483j 0.00306461-0.0002115j -0.000815882+0.00190055j 0.00194214+0.00115425j 0.0015808+0.00121594j 0.00116526-2.61946e-05j 0.00096732+0.00028954j 0.000387927+0.00390466j 0.0011201-0.00108198j -0.000388211+0.000477818j -0.00183136-0.000593981j -0.00167083-0.000674107j 4.8596e-05+0.00249844j 0.00026027-0.000524512j -2.07375e-05-0.000942859j 2.99652e-05-0.00391119j 0.000873481+0.00103049j 0.00143566-0.00109556j 0.00259761+0.000222117j -0.00352221+0.00267917j 6.54811e-05+0.00289598j -0.00115338+0.00130252j -0.000712683-0.00165235j -0.00149583+0.000538187j -0.000491309-0.00136022j 0.00169321-0.00249071j 0.000378234+0.00296715j 0.00232078-0.000611818j -0.00322381+0.000232453j 0.00176789-8.52353e-06j 0.00255341-0.00258433j -0.000973848-0.000546856j -0.00369092-0.000619376j -0.000794893-0.000376301j -0.000617481-0.00110487j -0.00361679-0.000669485j -0.000270621-4.13111e-05j 0.00163261+0.00384131j 0.000836285-0.00103976j 0.000725668+0.00355419j 0.00045473+0.00053453j -0.00285723+0.00377777j 0.00145504+0.000908462j 6.79307e-05+0.00144199j -0.00146489+0.00321961j -0.00116651+0.0038107j -0.00131068+0.00276891j -0.00114499-0.000642433j -0.00113834+0.00111497j -0.00158723+0.000499258j -0.00251604-0.00101719j -0.000151967-0.00114825j 0.0043457-0.00134802j 0.00176763+0.00029709j 0.00128205-0.000522669j 0.00047485-0.00219024j -0.00252344-0.00440796j 0.000247108+0.00140162j 0.000182304-0.00104775j 0.000631959+0.00085945j 0.000914589+0.000821657j -0.00113129-8.09369e-05j 0.000495099+0.00208325j -0.000461573-0.00127985j 0.00116799+0.00147691j 0.00182102-0.00141963j 0.00318868-0.000451918j 0.000795465+0.000784957j 0.00101076-0.00120257j 0.00112461+0.00235408j 0.00040366-0.000577881j -0.00127242-0.000952222j 0.000962247-0.000796883j -0.00281419+0.00184456j -0.00160339+0.000163677j 0.00204736-0.0002418j 0.000775508-0.000857096j -0.000479494+0.00112214j -0.000364638-0.000790081j 0.00107398+0.00214846j -0.00201421+0.00287511j 0.000728837-0.00020089j -0.000373862-0.000569015j -0.000846132+0.00125133j -0.000398752+0.00162588j -0.000960976+0.000260107j 0.000489625-0.000803415j 0.00114825-0.00128985j 0.00068909-0.000331567j -4.25251e-05+0.000131261j 
-0.00332286+0.000827437j -0.000767454-0.000629809j 0.00168218-0.00239955j 0.00463714+0.0013566j 0.00655691-0.0065822j -0.001529+0.00627637j 0.00675173-0.00347992j 0.0342408-0.0607262j 0.0702287-0.141469j 0.0208013-0.0488096j -0.0121639+0.0373445j -0.00577993+0.00421755j 0.0025446+0.00458452j -0.000291206-0.00654016j -0.00234039-0.00943087j -0.000347104+0.00187604j 0.00199796-0.00487826j -0.0016401-0.0123507j -0.00884894+0.00167531j -0.00220296+0.00232136j 0.000117278-0.0116245j -0.00981838-0.00490457j 0.00113401-0.00226577j -0.00475591+0.00513922j 0.00581117-0.00621615j 0.00908606+0.00386648j -0.000917234+0.00223821j 0.000212867+0.000153648j -0.0120393+0.00251818j -0.00103078+0.000878288j 0.00106324-0.00137684j 0.00913246-0.00826124j -0.000149019+0.000636628j -5.69644e-05-0.0051311j 0.00139772+0.00535335j 0.0042436-0.00810125j -0.00226486+0.00570374j -0.00340217-0.00238048j -0.00284667-0.00367142j -0.00255734-0.00346486j 0.00343799-0.00406417j -0.00205384+0.00305022j 0.00117005-0.00243197j -0.00272815+0.00147315j 0.0051526-0.00468385j -0.00050389+0.000651482j 0.00106174-0.00327723j -0.00154944-0.00783827j -0.00176644-0.0035841j 0.000423808+0.0029341j 0.00387996+0.00166108j -0.00239591-0.00950547j -0.00153969-0.00368568j 0.0047608-0.00121009j 0.00229129-0.00810044j 0.0082646+0.00439988j -0.000213011+0.00390015j 0.00455922+0.00233895j -0.00281413-0.00350934j -0.00311507-0.00148779j 0.0020804+0.00210724j -0.00289746-0.000911119j 1.36295e-05+0.00355644j -0.00382067+0.00255869j -0.00365987-0.00185986j -0.00159406-0.000541144j 0.00076569+1.96831e-06j 0.000376912-0.00236074j -0.00206855+0.00237115j 0.00170808+0.000937329j 0.00020884-0.00184987j -0.00622843+0.000891794j 0.00258301+0.00226208j 0.00492581+0.00528961j -0.00170489+0.00116216j -0.000999423-0.0093976j 0.000569894-0.00200766j -0.00209765-0.000674177j 0.00536072-0.00505969j -0.00637558-5.02295e-06j -0.0037497+0.00177537j 0.00565451-0.00520824j -0.00547857-0.00969008j -0.00257089+0.00229419j 0.00133219+0.000766453j -0.00115013-0.00301474j 0.000953174-0.000855347j 0.00136901-0.00575655j -0.000608521+0.0037597j 0.00122448-0.00122404j -0.000431031-0.00361269j -0.000790028-0.00301633j 0.000860718-0.00290762j -0.000367132+0.00624779j -0.00209366-0.000417179j -0.000381768-0.00240375j -0.00203019+0.00135967j -0.000383014-0.00234397j 0.000186437-0.0016588j -0.000440195+0.00412362j 0.000656195+0.00165981j -0.0030158+0.00414033j 0.000860508+0.00364905j -0.000340812-0.00201336j -0.00403791-0.00125899j -0.000295076+0.000126315j 0.00261128-0.00107211j -0.0011055+0.00168416j 0.00189831+0.00110258j 0.000128584+0.000458485j 0.00153756+0.000811178j -0.000522573-0.0022818j 0.00287465-0.00233364j 0.000839161+0.0032904j 0.000893452+0.00403777j 0.000280015-0.00103129j 0.00053655+0.00113432j -0.00115529-0.00149876j -0.000488817+0.000685624j 0.000834179+0.00197105j -0.00252885-0.00170994j -0.000784848-0.000251595j -0.000197942+0.000226461j -0.0015445+0.00108685j -0.00150806-0.0011544j -0.00157893+0.000665161j 0.000456474-0.00020623j -0.00158195-0.000917665j -0.00382675-0.0019785j 0.000120257+0.000144899j -0.00145177+1.34035e-05j -0.00209881-0.000374507j -0.00038362+4.53729e-05j 0.00243292+0.000335262j 0.00128888+0.000482123j -8.54298e-05-0.00427472j -6.08e-06-0.00277313j 0.00212343-0.00308795j -0.0024519+0.000815337j -3.1969e-05+0.00266754j -0.00102356+0.000797015j 0.00117209-0.000230499j -0.0009378-0.00084278j -0.00104322-0.00269301j 0.0031954-0.00101598j -0.00130238-0.00143785j 0.000101183+0.00144464j 7.90796e-05+0.000501537j -0.00189729-0.00278473j 0.00197933+0.00447792j -0.000980314+0.000559445j -0.00333066+0.00123725j 0.000388864-0.00133134j 0.0020184+0.00186226j 0.000126504+0.000203799j -0.00156857-0.00203442j 0.000267759+0.00241239j -0.000665139+0.00412383j -0.00329297+0.000340652j 0.000305557+0.00210792j -0.00235882-0.00383349j -0.0023678+0.00172453j -0.00195113-0.00185695j -0.0014739-0.000810012j -0.00183552+0.00186276j -0.00211691-0.0010147j -0.00185689-0.00176368j 0.00104395-0.00175146j -0.00193706-0.00154354j -0.00158941+0.00190784j -0.00161498-0.00338528j 0.00169983+0.00012944j 0.00279-0.00234153j -0.00102127+0.00218828j -0.00125102-0.00222006j -0.000381726-0.000253268j -0.000197803-0.000165636j -0.00117037-0.00104567j 0.000829692+0.00169313j 0.00064152+0.00111938j -0.00163169+0.00165906j 0.00338945-0.00391656j -0.00134117-0.00102136j 0.00137797+0.00114917j 0.00014751-1.03285e-05j 0.00180621+0.00147597j 0.000888582+0.00255399j -0.00266872-0.00102103j 0.0020662-0.00219946j 0.00225465-0.00201076j 0.00320188-0.00242348j 0.000553963+0.00126281j -0.00300085-0.00023255j -0.00273777+0.000979843j -0.00209733-0.000431695j -0.000421448-0.000213933j -0.000110824+0.00112146j 0.00078699-0.00107853j 0.00055953-5.04028e-05j 0.000405286+0.00117594j 0.0033851+8.17937e-05j -0.0004326-7.39093e-05j 0.000469659-0.000693608j -0.00133188+0.00115362j 0.000689301-0.000301047j -0.00186805+0.000424404j -0.00201432+0.00136282j -8.51818e-05-0.000272909j 0.00121123-0.000275643j 0.00103287-0.000409377j 
0.00091565+0.000783752j 0.00108809+0.00132686j 0.000188922+0.000714008j -0.000574033-0.00477502j -0.00640483+0.00104301j 0.00521349-0.00390705j -0.00787315-0.00396334j -0.068727+0.00387824j -0.151811+0.00266402j -0.0535623-0.00403669j 0.0358487-0.00511964j 0.00991505-0.00759623j 0.00291844+0.00202314j -0.00202191+0.00169107j -0.0071388-0.0163264j 0.00436731-0.00210853j -0.00176812+0.00213747j -0.0167581-0.00049283j 2.86719e-05+0.0258104j -0.00470119-0.00699488j -0.00429686+0.0100429j -0.00110856+0.00473006j -0.00243678-0.00539395j 0.0041377+0.00458241j -0.00112441+0.00958665j 0.0046836-0.00602755j 0.00158552+0.000282681j -0.000670263+0.000282271j 0.00150859+0.00749414j 0.00361852+0.00294844j 0.000421804+0.00285927j -0.0100067-0.00333368j -0.00019695-0.000516724j -0.00102351+0.00597615j -0.00355484-0.00537744j 0.000979613+0.00159684j -0.000907187+0.00402916j -9.46013e-05+0.0047719j -0.00824264+0.000872118j 0.00254009-0.00558309j -0.0037897+0.00165747j 0.0078022-0.000561686j 0.00214631+0.00288929j 0.00272866-0.00017375j -0.00168407+0.00252065j 0.00741273-0.00226411j -0.00347298-0.00175058j 0.000909499+0.00357565j -0.00220214+0.00476273j 0.000590795-0.000714519j 0.0104515+0.00126718j -0.00726085-0.00393406j 0.0032039+0.00129332j 0.00171819-0.00514332j -0.00893036-0.00686105j -0.00106811-0.00473848j 0.00646292+0.00383751j 0.00460598+0.00270587j -0.00280694+0.00441587j -0.00117969+0.00340091j -0.000197989-0.000823379j -0.00112598+0.00462394j 0.00304836+0.00296583j -0.00368572-0.000876026j -0.00548316+0.0020868j 0.000598343+0.000701234j -0.00142696+0.000740361j -0.00111162-0.00227344j -0.0014937+0.00199934j -0.000358713+0.00170857j 0.0012943+0.00225591j 0.00304112+0.000660221j -0.000157299+0.000895417j 0.00259903+0.00119429j 0.00331609-0.000875004j -0.000381518+0.00220067j -0.0018195+0.00286369j 0.000195721+0.000609173j -0.00138547+0.00315986j 0.00086357+0.00301018j -0.00357718+0.000852532j -3.47773e-05+0.00032626j 0.000670512+0.000661191j -0.0011762-0.000457889j -0.000650417-0.00113257j -0.00158521-0.00117179j 0.00239881-0.00282694j -0.000261988-0.00249274j -0.000188476-0.000655331j -0.00188486+0.00176271j -0.00155643-0.000759707j 0.000259004-0.000949713j 0.00140023-0.000177603j 0.00394999+0.00357203j -0.00114308+0.000859803j -0.000854123-0.0045635j 0.000592416+0.000482678j -0.00388794-0.00137203j -1.9732e-05+0.000706627j 0.00219222+0.000877263j 0.000945154+0.00175452j 0.00139511+0.00224126j -0.000817184+0.00156492j -0.00141673-0.000548834j -0.0041123-0.00034093j -0.00107441-0.000131288j -0.00125499-0.00269468j 0.00287905+0.000417861j -0.00110973+0.000874212j 0.000787802-0.00101491j -0.000630538+8.33526e-05j -0.00499139-0.000726899j 0.00164131-0.00136822j 0.00115078-0.000352237j -0.00135181+0.000368136j -0.00116528-2.91906e-05j -7.98235e-05+0.00144968j 0.00131111-0.000201884j -5.42382e-05+0.0021717j 0.00329444-4.40122e-05j -0.0033869-0.00067266j 0.00202537-0.00254035j -0.00140043-0.000204279j 0.000477102-0.000672258j -0.00133095+0.00174399j -0.00110376+0.00282734j -0.000176177+0.000240505j -0.00447241-0.000373069j 0.000364636+0.00109755j 0.000295456-0.000146137j 0.0031721+0.00144492j -0.00233486+0.0012917j -0.000541012-0.00158449j 0.000628781-0.00191233j -0.00144954-0.00373322j -0.00245636-0.000590776j -0.00323764-0.000521489j -0.00188047-0.000926003j -0.00058805-0.00111816j 0.00116907+0.000441661j -5.66978e-05-0.000608117j 0.00061541+0.000168082j 0.000279331-0.000483848j -0.000303249-0.000135899j -0.000620854+0.000372443j -0.00205494-7.56809e-05j 0.00329863-2.83829e-05j -0.000786904-0.00164848j -0.00298978-0.00055809j 0.00345045+0.000298741j -0.000718771+0.0012333j -0.000613383-0.000178993j -0.000836755+0.00108824j 0.00229072+6.13604e-05j 0.000154994-0.00044214j -0.00213925+0.00114817j 0.00135516-0.000183135j 0.00321723-0.00162228j -0.00105772+0.00240428j 0.00172445-0.000530121j -0.00268305-6.92842e-05j -0.000257523-0.00143422j -0.002882-0.000959274j -0.00134421-0.000904417j -0.000623709+0.000253224j 6.10043e-05-0.000570067j 6.34369e-05+0.000229874j -0.00161252-0.000834548j -0.000113358+0.000247984j 0.00175862-0.000415513j -0.000618183-2.14629e-05j -0.000676615+6.15113e-06j -0.000130743+0.00139031j 0.000235881+0.00011004j -0.000808201+0.000133468j -0.00194366+0.000158793j 0.000477613-0.000496629j 0.000311421+5.83548e-05j -0.000577005-0.000233163j 0.00161109-0.000556688j -0.000282403+0.000318749j -0.00346345+6.19626e-05j -0.000772004+0.000537427j 0.000369327-0.000123695j 0.00172472-0.000742018j 0.000275293-0.000725092j 0.00184878-9.98164e-05j 0.00385728-0.00159263j -7.05283e-05-0.00120635j -3.81366e-05+0.00142522j -0.00245367-0.000979958j 0.0010603+0.000234492j 0.00256064+0.00241999j 0.00124535+0.00125065j -0.00133933+0.00162137j -0.000609375-0.00168095j -0.00017721+0.000450868j 0.00119456-2.57181e-05j -0.00103739-0.000239834j 0.00150097+0.00226023j -0.00184694-0.00121905j 0.000919435+1.90795e-06j -0.00187713-0.00107166j 0.00119838+0.00182701j 2.99924e-05+0.000743894j 0.0010187+0.00156509j 0.0027057+0.00108474j 0.00165102-0.0014823j 0.000559377-0.00160695j -0.00195495-0.000439415j 
0.00091193-0.00139518j -0.00142146+0.00264017j -0.00247875+0.00374696j 0.00327786+0.000159661j -0.00507147-0.000191733j 0.00338009+0.000372337j -0.00137264-0.00348086j -0.0303135-0.023596j -0.0563012-0.0572438j -0.00577612-0.0220167j 0.0136377+0.0121342j 0.0131142+0.00930848j -0.00530271+0.00358289j -0.000244233+0.00104644j 0.0266088-0.00778447j -0.000152557+0.00368286j -0.00443465+0.000590132j 0.00280901-0.0101642j -0.0251668-0.0031701j 0.0131847-0.0044493j -0.0074255+0.00250567j -0.0061836+0.00704987j 0.00970182-0.000955588j -0.00419119-0.000669945j -0.0124229+0.00328314j -0.00125797-0.00840955j -3.2998e-05+0.000330854j 0.00235131+0.00174957j 0.00268033+0.00336017j -0.0045794+0.00575663j -0.000912298+0.00191234j -0.00558193-0.0058438j -0.00211336-0.00146072j -0.00582663+0.00491135j 0.0046358-0.00486245j -0.00269118+0.00496415j -0.0031581-0.00195347j -0.000942975+0.0033961j 0.00513295-0.00525984j 0.0036843+0.00131619j 0.000968551-0.00248828j 0.00245061+0.00372032j -0.00475035-0.000146506j -0.00114285+0.00305714j -0.00233889+0.000103849j -0.000323211+0.00694523j 0.00377799-0.00171622j -0.00446736+0.00358152j -0.00924787-0.00103835j -0.000860974-0.00107925j -0.00716797+0.00922443j 0.00973391-0.00388732j -0.000731066+0.00754472j 0.0074135+0.00157462j 0.00306649-0.00469256j 0.00365635-0.00489663j -0.00307554+0.00152789j -0.00258336+0.00153117j -0.0036639-0.000404248j -0.00216514+5.22475e-05j 0.000935461-0.00039807j -0.0032312+0.00169715j 0.000674957+0.00254211j 0.00311798-0.00438159j -0.000224254-0.00291705j -0.00122648+0.000416358j 0.000922536-0.00251297j 0.00238844-0.000614933j -0.00178851-0.00203535j -0.00302312-1.94994e-05j -0.00245491+0.000758924j 0.000533623+0.00365233j -0.000452184-0.000456375j -0.0024643+0.00153677j -0.000259303+0.00128725j -0.00204716+0.00226942j -0.0014862-0.00157361j -0.000614108+0.000870567j -0.00420396-0.00158553j 0.000943582+0.00237062j -9.2074e-05-0.00393919j -0.00279515-0.000432757j -0.000474491+0.00369994j 0.00071632-0.00152878j 0.00190026-0.00309262j 0.00289215+0.000401473j 0.00172596+0.0020566j -0.000280634+0.00291809j 0.000714381-0.000101585j -0.00125296-0.00022599j 0.0017477-0.00194556j 0.000565996+0.00274996j -0.000849971+0.00341262j -0.00319131+0.00226163j 0.00238869+0.000331094j 0.00290314-0.000131426j 0.00218964-6.0874e-05j 0.00172785-0.00335959j -0.00125489+0.00155321j 0.00151176+0.000953471j -0.00303442+0.000937891j -0.00187538-9.46979e-05j 0.000201426-0.00478883j 0.00090585-0.00119785j 0.000763945-0.00359152j 0.00020232-0.000475828j 0.00137049-0.000746326j 0.000820371+0.00166139j -0.00173058-6.17123e-06j 0.000603587-0.000979838j -0.00164828-0.00172373j 0.00145228-0.00408103j -0.00119464+0.002844j 0.000794662+0.000180661j 0.00134977-0.00323723j -0.00107227-0.00090007j -0.000645127-0.000649404j 0.000469588+0.0012162j -0.0010479+0.000230115j -0.000589434+0.00246875j 0.0016045-0.00352021j 0.00160417+0.00221494j 0.000703169+5.05851e-05j 0.00118942+0.000820564j -0.00321411-0.000920284j -0.000869018-0.000482866j -0.000166868+0.000589789j 0.000438271-0.00411466j 0.000568528+0.00161579j 0.000960891+0.000582451j 0.00075743+0.0030963j -0.000181715-0.00101405j 0.00146505-0.00106825j 0.000367221+0.000457793j 0.00382867-0.00268221j -0.000585462+0.000468241j -0.000691464-0.00204833j -0.00169002+6.60118e-05j 0.00271723+0.000888968j 4.98613e-05-0.000844375j 0.00113019-0.000550836j -0.00103342+0.000239242j 0.000924084+0.000838892j -0.000620692+0.00169873j -0.00170148-2.73394e-05j 0.000676091+0.000782431j 0.000391122+0.00247074j 0.00160937-0.000608567j 0.000891908-0.00224131j -0.00136263-4.86422e-05j 7.18012e-05+0.00121437j 0.00285979-0.00113801j -0.00147468-0.000596465j -0.000860014+0.00111232j 0.00132002+5.58217e-05j -0.000540726-0.00144412j 0.000329018-0.000281355j 0.00237949+0.000633599j 0.000630933-0.00031176j 6.1826e-05-0.000666438j 0.00071977+0.000534029j 0.00262385-0.00214708j 0.00181149-0.00107752j 0.00117834-0.00126756j -0.00103785-0.00219595j 0.00106706+0.00151507j -0.000298632+0.000103421j 0.000178858-0.00104649j -8.67205e-05-0.000148703j 0.00166516-9.27047e-06j 0.000209324+0.00160484j -0.000954385-0.00212825j -0.00326463+0.00224233j 0.00146886-0.000533205j 8.35307e-05+0.000743229j 0.000574122-0.000791455j 0.00275726+0.000374644j 0.000422657+0.00101273j 0.00124824-0.00215614j 0.00071584+0.000588985j 0.000664837+5.39032e-05j -0.00283172-0.00204969j -0.00106-0.000256282j -0.00113023-0.000249618j 0.00063043+0.00177528j 0.00110181-0.000635709j 0.000254509+0.00117305j 0.00345107+0.00456442j -0.00076301+0.0015227j -0.00192654+0.00134274j -0.00103958-0.000938173j 0.000232605-0.000576806j 0.00019056+0.00332502j 0.000424078-0.00135981j 0.000420553-0.00166991j 0.00266351+0.00110353j 0.000360719-0.000661885j 0.000297456+0.000609299j -3.26487e-05-0.00136295j -0.00314708+0.000548365j -0.000557934-0.00363497j 0.00116334+0.0012316j -0.000332237-0.00203125j -0.00147822-0.000734037j -0.000711606+5.18025e-05j 0.000312272+0.000662218j -0.000486432+0.00199554j 0.00227746+0.0032305j 0.00145672+0.00180971j -0.000406338-0.0020551j 
0.0034119+0.000766054j -0.00136833-0.00180989j -0.0031515-0.00310687j -0.00141909+0.00222027j -0.00867841-0.00393464j 0.0051447-0.0010767j -0.00718958-0.00603009j -0.0505164-0.0398183j -0.0973366-0.0782129j -0.0309924-0.00849882j 0.0212584+0.010961j -0.000856058+0.0087052j -0.00507507-0.000640551j 0.000827782+0.00121303j 0.0094886+0.0240374j 0.00110505-0.00633341j 0.000226771-0.00243558j -0.0038783+0.00304436j 0.00428482-0.00981197j -0.00362969+0.0117147j -0.00438731+0.00645619j -0.0110426-0.0115442j -0.00480164+0.00782181j 0.00374132-0.00511885j -0.00583604-0.00266877j 0.0192279-0.0104258j 0.000476864+0.000377872j -0.0012294+0.00722952j -0.00593457+0.0127269j -0.00510765-0.00412103j -0.00214554+0.00495134j -0.00421053-0.0107121j 0.00055619-0.00324988j -0.00925547-0.000823287j -0.000102995+0.000513569j -0.00270461+0.000321371j -0.00020428+0.00202245j -0.00430707+0.00475801j -0.00187782+0.0082906j 0.00318213-0.00120435j -0.00135597+0.00483615j 0.00394514+0.00351357j 0.0029571-0.00184663j -0.00297799-0.00330235j -0.00420195+0.00152015j -0.00232452-0.00297365j -0.000859504+0.00462729j -0.0016818-0.0029365j -0.000811317-0.0126232j 0.00384218-0.0024184j -0.00121265-0.00842709j 0.000524485+0.0118063j -0.00614308+0.00108927j -0.000463779+0.00948556j 0.000647387-0.00342741j 0.00617736+0.0024401j 0.00315001+0.000451893j 0.0002247+0.00251784j -0.000350993-0.00170859j -0.000538559-0.000145788j -0.00225155-0.000700667j -0.00591539-0.00107334j -0.00219844+0.00455345j 0.000542913+0.0016635j -0.00214175-0.00014095j -0.000140331-0.00045463j 0.00106018+0.00236524j 0.000515549+0.000887506j -0.00072702-0.00154107j -0.00209466-0.00150804j 0.000466334-0.000758439j 5.01277e-05-0.00111502j -0.00130236-0.000167988j -0.00176506-0.000179596j 0.00369926-0.00197898j -0.00198926+0.00142772j 0.00119274+0.00248453j 5.42913e-06-0.00232983j 0.000429158+0.00159326j -0.00144203+0.00297058j 0.00105471-0.000900951j 0.000526835+0.000768539j 0.000954367+0.000596688j -0.00150013-0.00106504j 0.00244688+0.00048106j -0.000432436+0.00219734j 0.00022641-0.00144543j -0.00368047-0.00266733j -0.00320636+0.000401922j -0.00108399+0.000153529j 0.00148308+0.00218698j -0.00307623-0.000251446j -0.00141691-0.00142494j -0.000440946-0.00219526j -0.00222773+0.00525622j 0.000336359-0.0015119j 9.97821e-05+0.001941j 0.00101876-0.000261284j -0.00140182-0.00227762j -0.000964283+0.00344391j -0.000935322-0.00220339j -0.00046617-0.00208061j 0.00516888+0.00354449j 0.00117472+0.000787413j -0.000560808-0.00200575j -0.00149813-0.00058329j -0.00122348-0.000346761j 0.00067554+0.000993414j -0.00259903-0.00323252j 0.00234095-0.00108821j 0.000357071-0.00254336j 0.00136695+0.000214314j -0.00100343-0.00143526j -0.000453065+0.00160423j 0.00104188+0.00227512j -0.000844184-0.00171575j -0.000301738-0.000990524j 0.00210623-0.000989397j -0.000706333-0.00114585j -0.000487285-0.000776146j 0.00252962-5.0176e-05j 0.000703616-0.000815875j -0.00271756+0.000611125j -0.00159704-4.06992e-05j 0.00176528-0.00268015j -0.000757866+0.0013688j -0.000408284+0.000553068j 0.000262742+0.00100256j 0.00112513+0.000760077j -0.000376601+0.00152508j 0.000910214+0.00217791j -0.00142884+0.000621353j -0.000238196-9.00036e-05j -0.000752645-0.000828547j 0.000585669+0.000768267j -0.00161262-0.000707965j -0.000334264-0.000493988j -0.00150584-0.00185566j -0.000710728+0.00105449j -7.77856e-05-0.00085357j -0.000708398+0.0010675j -0.000362462-0.000121728j 0.000587328-0.000742647j -0.00110674-0.00169296j -0.00116904-0.000128585j -0.00229888-0.000222403j -0.000307488+0.00096704j 0.000416292+0.000536446j 0.00065935-0.000421599j 0.00016194-0.00204478j -0.002518+0.000503231j 0.000357041-0.000323764j -0.000305101-0.000498977j -0.000631271-0.00075962j -0.000422843+0.00162441j 0.000156808-0.000612074j 0.000407279+5.75986e-06j 0.00146949+0.00221379j -0.000427849+0.00252428j 0.00226059+0.00142237j -0.00169486-0.000216305j 0.000110541+0.000307147j -0.000109478+0.000969094j 0.00115148+3.76021e-05j 0.000223679-0.00368598j -0.00242225+0.000169472j 0.00194899+0.000768097j -5.07715e-05-0.000310378j 0.00174675-0.000858045j 0.00131086+0.000207567j -0.00150503-0.00121922j 0.00169353-0.00136359j -0.0014609-0.000114839j 9.19616e-05+0.00210473j 0.000156695+0.000418962j -0.00158872-0.000430859j 0.000650042+0.0023505j 0.000272277+0.00116937j 0.00161916+0.0014214j 0.00142671+0.0021498j -0.00140854+0.000463963j -0.00105122-0.00191024j 0.000491693-0.000525282j -0.000191396-0.00149111j 0.000997788+0.00152387j 0.000493343+0.00129647j -0.000153502+0.000728638j 0.00308091+0.00195923j 0.000413106-0.00140418j -0.0013714+0.00443703j -0.00108856-0.00108687j 0.00121598+0.00117743j 0.000569702+0.00225996j 0.00209507+0.000269974j 8.11487e-05+0.000608345j 0.000138755+0.00158963j 0.000105678+0.00138642j 0.00208273+0.0023291j -1.37658e-05-0.00110549j 0.000230204+0.00220492j 0.000254061+0.00145745j 0.000700671+0.00225438j 0.000690222-0.00260128j 0.000668407-0.000467005j -0.000553171+0.00152308j -7.8e-05+0.00148522j 0.000345701-0.00164542j -0.000303982+0.00108086j -0.000821529+0.00114548j 0.000199439-0.00043397j 
0.000102231+0.00277141j 0.00162444-0.000504631j 0.00237716-0.00186006j -0.00158629-0.00121501j 0.00120921-0.00918226j 0.00330589+0.00504992j 0.0058696-0.00978355j 0.02711-0.0704535j 0.0554288-0.140595j 0.00508371-0.0455808j -0.00342876+0.0283675j -0.000844958+0.00483039j -0.00321035-0.00507503j -0.00158038+0.00223203j -0.0126516+0.00827589j 0.00724954+0.00281413j 0.000538114+0.00122469j -0.00166507-0.0094637j -0.00247165+0.00247848j -0.00495586-0.00722167j -0.0112368-0.00039125j 0.01225-0.00804655j -0.00334104-0.0073491j 0.00479615+0.003354j -0.00561043-0.00219905j 0.0107297+0.0161373j -0.000471831-0.000166695j -0.00733657+0.000276739j -0.0121806-0.0050907j 0.00332285-0.00182869j -0.00541767-0.000449808j 0.00775143-0.0072203j 0.00239627+0.000160303j -0.00268254-0.00688394j 0.00246761-0.0036859j -0.000881262+0.00209027j -0.00439708-0.000696944j -0.00577222-0.00148162j -0.00663239-0.0048675j 0.00298857+0.00536119j -0.00458273-0.00260787j -0.00189307+0.00716092j -0.00103188+0.00365773j 0.00291642-0.00163976j -0.003439-0.00567181j 0.00265371+0.00244366j -0.00291688-0.0016762j 0.00188378+0.000698822j 0.00983613-0.0015029j 0.00245195+0.00455941j 0.00475093+0.00410746j -0.00746684-0.0003603j -0.00159715-0.00236394j -0.00809447+0.00073231j 0.00648302-0.000310143j -0.00169044+0.00390863j -0.00339115+0.00401231j -0.00628056+0.00020563j 0.000190088-0.00075703j -0.00105496-0.000671191j 0.00123519-0.00402857j -0.000217314-0.00545844j -0.00484099-0.00174324j 0.00048774-0.00325313j 0.00190305-0.00501791j 0.000171151-2.88425e-05j -0.00304166-0.00118485j 0.000514817+0.000539938j 0.00143142-0.00230089j -0.00121279-0.00253736j -0.00156791+0.00102079j 0.00194214+0.00277481j -0.000660754-0.00383535j -0.00121747-0.0014775j 0.00209244+0.00461642j -0.00353314-0.000183087j -0.00448461+0.00036268j 0.00240628-4.94453e-05j -0.00614352-0.000750264j -0.00150959-5.26963e-05j 0.00212701-0.00138952j -0.00453307+0.00137288j -0.000706155+0.0052905j 0.00249578-0.0035829j -3.9606e-05+0.000399947j 0.00080205-7.09458e-05j 0.00187668+0.0017289j 0.0021895-0.00114833j 0.000523574-0.00549291j 0.000395612-0.00132995j -0.00172789+0.000600129j 0.00121239-0.00129131j 0.000858848+0.00117826j 0.000604515-0.00104111j -0.00400437-0.00286497j 0.00318094+0.00143122j -0.000776096-0.000963918j 0.00226367-0.000534757j 0.00232996-0.00122475j -0.0031302-0.00147235j 8.62524e-06-0.000796661j 0.00149873-0.00187254j -0.00457345+0.00309874j -0.000198693+0.00042368j 0.00286542-0.00387549j 0.000959652-0.0027568j 0.000680166-0.00124515j -0.00092241+0.00153745j 0.00282907-0.00404011j 0.000928733+0.00205869j 0.00143881-0.000498427j 0.00210086-0.00108208j 0.000505413+0.00174518j -0.00144074-0.00102132j -0.00158554-0.00102014j 0.00107611-0.0014145j 0.000935311-0.00154178j 0.00184839+0.00385828j 0.0006784-0.00149287j -0.000784084+0.000288634j 0.00209201+0.00140075j 0.00147246+0.00338478j -0.000176487-0.00322033j 0.00065136-0.00127373j 0.00181815+0.0026576j -0.00114625-0.00180558j -0.000821083+0.000285266j -0.000934724-0.00189319j 0.000267967+0.00356128j -0.000973857-0.000166184j -0.00156737+0.00296235j 0.000886855-0.00235935j 0.000533571-0.000846643j 0.000381955-0.000396329j 0.00140356-0.000923264j 0.000668376-7.49406e-05j -0.000168819-0.000686594j 0.000505405-0.000505502j 0.00147744-0.000323259j 0.000677381-0.00248654j -0.000907843-0.00120054j -0.000911379-0.000387595j 0.00189771+0.00139119j 0.0015483+0.000256357j -0.00117288-0.00157389j 0.00203867-0.00167j -0.00170748+0.000999591j 0.000634131+0.000506679j 0.00171254-3.31338e-05j -0.000313332-0.00149222j 0.000645874-0.00229986j 0.00344448-0.00154438j 0.000345713-0.000967279j -0.000208323-0.000836591j -0.000556031-0.000213233j 0.00135971-0.000609566j -0.000149964-0.000353845j -0.00179835+0.0015423j -0.00103147-0.000708631j -0.00261876+0.00215761j 0.00168616-0.000409383j 0.00102604-0.00262497j 0.000555357-0.000184935j 0.000779011+0.000769138j 0.00268505-0.00175273j 0.000334299-0.00200377j -0.000938314+0.00386529j 0.000249697-0.000390932j 0.00122636+0.00226225j 0.00120873+0.000429885j 0.00257152-0.000102278j 6.02143e-06+0.000269374j -0.00232643+0.00155503j -0.00147292-0.000387066j -0.000103035+0.00160119j 0.00152969-0.00264231j -7.90212e-05-0.00013227j -0.000732829+0.0018342j -0.00125645-0.000276884j -0.00260135+0.00248871j 0.000436324-0.00165245j -0.000575445-0.00139855j -0.000404127+0.00148921j 0.000751229-0.0010767j -0.00176711+0.00328356j -0.00104061-0.000237589j -0.000527777+0.000336031j 0.00071049+0.00619346j 0.000915632+0.0018637j -0.00678921+0.0024042j 0.000105522-0.00106542j -0.00146768+0.000370502j -0.00105896+0.00292357j -0.000298751+0.000834293j 3.82126e-06-0.00135047j 0.00061888+0.000933993j -0.00130213-0.000442146j -0.0031368+0.00357321j 0.00108999-0.00146642j -0.00425041+0.00090064j -0.00415801-0.000493791j -0.00158284+0.00192087j 0.00270749-0.000643277j -0.000630799+0.000176408j -0.0025767-6.80663e-05j -0.00121717+2.90827e-05j 0.00193854+0.000609887j 0.000572307+0.00137466j -0.000471233+0.000371234j 7.51194e-05-0.000619436j 
-0.00178011+0.00227608j 0.00305418-0.00201925j 0.0111813-0.00280606j -0.00250682-0.00598255j 0.0133713+0.00551584j 0.00685045+0.00311464j 0.00138201+8.2685e-05j 0.101207+0.00173412j 0.217779-8.6345e-05j 0.0520086-0.00777775j -0.0230406+0.0167301j -0.0100933+0.0128065j 0.0121818+0.000471377j -0.00168531-0.00618157j -0.0206072-0.00394455j 0.00118651-0.00193764j 0.00561745+0.00170194j 0.0129104-0.00027263j -0.000601215-0.0183912j 0.00683182+0.0188782j -0.0135247+0.00339163j 0.000983756+0.00685443j 0.00865704+0.00668781j -0.00845618+0.00826458j -0.0142082-0.00154776j 0.00259884+0.0121622j 0.00810522-0.00218618j -0.00323326-0.00679879j 0.00857559-0.00201893j -0.00211255+0.00978211j 0.00307229+0.00686267j -0.00486593+0.0022711j -0.00108899+0.00293793j -0.00678015-0.00282317j -0.00294347+0.00228609j 0.00541115+0.00840551j -0.0118668-0.000949897j -0.00330843+0.00211j -0.00192288+0.00140549j 0.00134241+0.00186834j 0.00322167+4.04115e-05j 0.0104935-0.00622266j 0.00311165-0.00202847j 0.0027095+0.00551583j 0.00592754-0.00634433j 0.00318205-0.00279035j -0.000144951-0.000492916j -0.00436957-0.00456468j 0.00397029+0.00751984j 0.00130033+0.00513128j -0.00279417-0.0017408j -0.000501864-0.000486237j 0.0010903-0.00388633j 0.000688944+0.00188784j 0.000320135-0.00216563j -0.00499588+0.000222332j 0.000787256+0.00267281j -0.000560629+0.00170521j -0.00219585+0.000794213j 0.00179904+0.00131792j -0.000865414+0.00180414j 0.00501944+0.00316686j 0.000309255+0.00169568j 0.000488119-0.000891276j 0.00364996+0.000888933j 0.00285626+0.000176489j -0.00254687-0.000404579j -0.00469086+0.000657328j 0.00093657+0.00211111j 0.00585663+0.000134744j 0.00142161+0.000190488j -0.00397759-0.00313747j 0.00353971-0.00156048j 0.00362556-0.00181483j 0.000138578+0.00084457j -6.7957e-05-0.00178705j 0.000902382-0.00179287j -8.00783e-05-0.00189462j 0.00215874-0.0019497j 0.00346494-0.00181467j -3.9998e-06+0.00137079j -0.00116428-0.000701492j 0.000690829+0.001033j -0.00173345-0.00164751j 0.0024237+0.000367478j -0.000938724-0.000105949j 0.00239819+0.00151112j 0.000454985+0.00166963j -0.00409688+0.00139469j -0.000426446+0.00129028j 0.000754599-4.33648e-05j -0.00136826+0.000571895j 0.00206453+0.0019502j 0.000608884-0.0017115j 0.00310025-0.000618031j 0.00162074+0.000693388j 0.000615782-0.00173857j 0.00206032+0.00223477j 0.000782283+0.000229512j 0.00117526-0.00161713j -0.000933898-0.000762439j 0.000590414-0.00185265j 0.000789994-0.000830125j 0.00110587+0.000617353j 0.000241423+0.00110185j -0.00146039+3.83411e-05j -0.000817147-0.00185286j 0.00179029-0.00122116j 0.00470515+5.23437e-05j -0.000482752-0.00218731j -0.000350956-0.00214392j 0.00165096+0.000792638j 0.000307383-0.000684822j -0.00339-0.000824003j 0.000203199-0.00109368j -0.000109469+0.000540401j 0.00281784+0.0012204j 0.00146635-0.000889329j 0.00376327-0.000805629j 0.00116768-0.000993184j -0.000156867+0.000724479j -0.000605714-0.000228643j 0.00135949-0.000598721j -0.00161119+0.000874976j -0.00115477-0.000677991j 0.000478864-0.000376549j 0.000979901-0.000739582j -0.00111334+0.000558523j -0.000324679-0.000685206j -0.00150068-4.36781e-05j -0.00246421-0.00176337j -0.00315413+0.000192329j -0.00124595+0.000578201j 0.00220465-5.85165e-06j -0.00234559-0.00117001j 0.000482976-0.00140435j 0.00199706+0.000958304j 0.00179622+0.000253535j -0.000494148-0.00122597j 0.000116121+0.00025891j -0.000347911+0.000591824j 0.000835388+1.13498e-05j 0.000397694-0.000435169j -0.000808+0.000668069j -5.20883e-05-0.00031421j 0.00103425+0.00115487j 0.000124883-0.00156953j -0.0011329-0.0007778j 0.000341256+0.00051022j 0.000971673-0.000153697j 0.001335+0.00191843j -0.000107755+0.0012975j -8.47865e-05+0.0010378j -0.00150618+4.85259e-05j 0.000140448-0.000437376j 0.00152198+0.000750792j -0.00180212+0.000275534j -0.00401434-0.000778922j -0.000219893+0.000828092j -0.00375192-0.000129283j -0.000846727+0.00167291j -0.000270771-0.000189938j 0.00119865-0.000286641j 0.000522702+0.000247989j -0.000479644-0.00183234j 0.000410435+0.00100138j -0.00211861-1.05574e-05j 0.00178292+0.000526226j -0.000790802-0.00253884j -0.000336883+0.000255061j 5.79208e-05-0.000789927j -0.000202816+0.000424497j -0.00153329-0.000179174j -0.00268174-0.0013703j 0.000642978+9.37642e-05j 0.00184191+0.000832417j 0.00143546+0.00106281j -0.000526864-0.000791848j 0.00023474-0.000929319j -0.00371317-4.48668e-05j -0.000362843-0.000358402j 0.00407167+0.0010054j 0.000295766-0.000825434j 0.00138648+0.000685883j -0.00467087-0.00199799j -0.000482002+3.49816e-05j 0.00076545+0.000334872j -0.00173986-0.00373796j 0.00178815+0.000749885j -0.0042789-0.000297398j 0.000596628-0.000398714j 0.000722268-0.000903856j -0.00390972+6.13771e-05j -0.00192949-0.000120785j 0.000219496+1.85079e-05j 5.40816e-05-0.00148154j 0.00138561-0.000299299j -0.00407929-0.00131075j 0.00330592+0.000987279j 0.00306607+0.000117175j -0.000710283+6.11437e-05j -0.00312531-0.000826278j 0.00320744+0.00123538j 0.000723067+0.00119768j -7.70304e-05-0.000545357j -0.00325511-0.000639668j 0.00195072-0.000250376j -0.00155609-0.00258378j -0.000547552-0.00174741j 0.00043149+0.00122295j 
-0.00181216-0.00155997j 0.00207637+0.00350475j 0.00241252+0.0116197j 0.00542359-0.00313841j -0.00625684+0.012886j -0.00279855+0.00671305j 0.000140535+0.000256617j -0.00180676+0.0980917j 0.00113567+0.211167j 0.00787741+0.0493695j -0.0164174-0.0217831j -0.0123373-0.00945853j -0.00148578+0.0106701j 0.00622263-0.000561237j 0.00397433-0.0201491j 0.00246225+0.00173099j -0.00234406+0.00626544j 0.000577059+0.0130347j 0.0183934-0.000668763j -0.018345+0.00580068j -0.00496725-0.0128729j -0.00542742+0.00166328j -0.00609402+0.00804385j -0.00739625-0.00845422j -1.92306e-05-0.0137249j -0.0116146+0.0030266j 0.00168602+0.00809189j 0.00573414-0.00326677j 0.00203011+0.00810862j -0.00966455-0.00248203j -0.00783041+0.00313324j -0.00196643-0.00581171j -0.00282741-0.00178948j 0.00240923-0.00650599j -0.00220322-0.00392834j -0.00889915+0.00612974j 8.40319e-05-0.012411j -0.00258174-0.00258809j -0.00161965-0.00199931j -0.00162594+0.00136856j -7.7113e-05+0.00346058j 0.00651934+0.0114202j 0.00154004+0.00325073j -0.00518233+0.00235577j 0.00646069+0.00506757j 0.00319019+0.00349668j 0.000523965-0.000222751j 0.00461803-0.00399299j -0.00742869+0.00418787j -0.00517577+0.00200541j 0.00158341-0.00239024j 0.00024915-0.000417259j 0.00319554+0.00127734j -0.0023193+0.000551252j 0.00270468+0.000676112j -0.000325234-0.00536589j -0.00271545+0.000901527j -0.00202226-0.00117109j -0.00108411-0.00184184j -0.00146419+0.00180867j -0.00136529-0.00111976j -0.00286451+0.00504589j -0.00152785+0.000523193j 0.00143853-9.85828e-05j -0.000157339+0.0033351j 2.49177e-05+0.00261699j 0.000325172-0.00264857j -0.000480599-0.00451178j -0.00155789+0.000732265j -0.00048139+0.00537457j -0.000437667+0.001822j 0.00345421-0.0032063j 0.00131368+0.00318372j 0.00145158+0.00338624j -0.000658245+0.000383708j 0.00141411+0.000190524j 0.00111702+0.000833635j 0.00210445+0.000192538j 0.000901974+0.00216189j 0.00188867+0.00357112j -0.00109965-0.000557807j -0.000122724-0.001066j -0.00130134+0.00199287j 0.00239015-0.002382j 0.000106266+0.00232652j 0.00029601-0.00073648j -0.00133266+0.00269326j -0.0017898+0.000827449j -0.000957966-0.00519375j -0.00134923-8.13722e-05j 0.000129898+0.000549198j -0.000795589-0.00111154j -0.00222501+0.00275352j 0.00169397+0.000551801j 0.000633328+0.00278843j -0.000297147+0.00181075j 0.00186334+0.000577584j -0.00155561+0.00214173j -7.77588e-05+0.00100367j 0.00150516+0.000769392j 0.000495502-0.000967135j 0.00236913+0.000175699j 0.000463158+0.0005922j -0.000566244+0.00108598j -0.000272586-0.000313585j 9.30804e-05-0.00180385j 0.0019228-0.00104893j 0.00104389+0.00204253j 0.000393447+0.00464408j 0.00227566-0.000324505j 0.00230292-0.000624937j -0.000205931+0.00160863j 0.000284156+0.000492976j 0.000546184-0.00364689j 0.00124859-0.000129118j -0.000292763-0.000281572j -0.000860962+0.0028068j 0.000892356+0.00230946j 0.000935946+0.00378016j 0.000613282+0.00116257j -6.95447e-05+6.40531e-05j 0.000222512+0.00011665j 0.000557891+0.00111307j -0.000670364-0.00158466j 0.000382803-0.000854518j 0.000370193+0.000497684j 0.000441906+0.000992136j -0.000637039-0.0017099j 0.000735853+0.000636179j -4.50194e-05-0.00152469j 0.00166451-0.00167567j 0.000134122-0.00335388j -0.000312186-0.00135154j -0.00019567+0.00203213j 0.00188976-0.00243128j 0.0014018+0.00106838j -0.00117496+0.00188313j -0.000867838+0.00191281j 0.00152867-0.000268628j 0.000120416-0.000461801j -0.000571653-0.000701416j -0.00014645+0.000637155j 0.000777727+0.000912291j -0.000847883-0.000657621j -5.47762e-05-0.000285289j -0.000790261+0.00140908j 0.00110344+0.00022004j 0.000889723-0.00106071j 1.01828e-05+0.000518776j 0.000463273+0.000338402j -0.00169599+0.00149457j -0.00035391+0.00017578j -0.000984703-0.000249589j -8.86433e-05-0.0017179j 0.000522857+0.000315283j -0.000442453+0.00158545j -0.000118211-0.00207299j 0.000632578-0.00427714j -0.000665671+0.000166067j -0.000185424-0.00410343j -0.00169823-0.000159821j 0.000999027-0.000924625j 0.00039033+0.00128367j -7.06402e-05+0.000574972j 0.0025239-0.000942138j -0.000819977+0.000328214j -0.000371451-0.00185683j -0.000490657+0.0016982j 0.00264-0.000297697j 0.000190566-0.000254638j 0.000880794+0.000692514j -0.000314833-0.000349888j -0.000923963-0.00110339j 0.00138389-0.00262614j -0.00030399+0.000969883j -0.000629918+0.00177049j -0.000589582+0.00168055j 0.000513531-0.000253611j 0.000952902+0.000105873j -0.00022228-0.00378478j 0.000471132-0.000567661j -0.00146846+0.00376527j 0.000675303+0.000330145j -0.000466636+0.000922641j 0.00156394-0.00440438j -0.000106276-0.00054437j -0.000518098+0.000844198j 0.00354271-0.000635596j -0.00112351+0.00178301j -0.00115648-0.00426528j 9.5517e-06+0.000479486j 0.0010811+0.000621702j -0.000371539-0.00299223j 0.000678108-0.00165446j 0.00012091+0.000489489j 0.00113804+0.000178114j 0.000317967+0.00128743j 0.000802737-0.00379293j -0.000709714+0.00321399j -0.000451361+0.00263543j -0.000476946-0.00156117j 0.000513432-0.00285328j -0.000882867+0.00298036j -0.000903763+0.000811094j 0.000117733-0.000150378j 0.000698716-0.00297063j 0.000725325+0.00237003j 0.00239326-0.00117679j 0.00142015-0.000552394j -0.00129091+0.000111925j 
0.00728717+0.00630337j 0.00698513-0.00318355j -0.00379448-0.00773256j -0.00814024-0.00313856j -0.0216853-0.00626389j -0.00635579+0.0110848j -0.0207476+0.000884884j -0.0846785-0.00114839j -0.178191+0.0292393j -0.0205486+0.017617j 0.00193875-0.0173445j 0.011435+0.00704214j 0.00795945-0.00806949j 0.013497-0.00933341j 0.0446211-0.0037009j -4.41295e-06+0.00295849j 0.0139948+0.00973164j 0.0116581-0.0142053j 0.00339156+0.00908519j -0.00846727+6.80557e-05j -0.00374126-0.010581j -0.00147785+0.00598319j 0.0111469-0.00105618j 0.0119647+0.00997861j 0.0099629-0.00551019j 0.00494676-0.00395372j -0.00903957-0.000272895j 0.00119898-0.00274709j -0.00250653+0.00903609j 0.00793876+0.00602421j -0.000272448+0.00483428j 0.00223667+0.000766741j 0.000207493-3.11327e-05j 0.00162777-0.0104329j -0.00551372-0.00344394j -0.0028219+0.00797775j 0.00986067+0.0018152j 0.000716146+0.00565971j -0.00411497-0.00151244j -0.00627053+0.00485612j -0.00497182+0.0022295j 0.00179012-0.0038496j -0.00371689-0.000251709j 0.00345659+0.00360113j -0.00671111+0.0030622j 0.0010589-0.00347293j 0.000640001+0.000733588j -0.00360503+0.00250119j 0.00178415-0.00284617j 0.00114693+0.00104258j -0.00027298+0.00208068j 0.000100846+0.00132349j -5.33312e-06-0.00227392j -0.00118893+0.00141491j -0.00842816-0.00187742j 0.00102863+0.00245442j 0.00678849+0.00176812j -0.000859632-0.00582407j -0.00477287+0.00108381j -0.0020817+0.00228952j -0.000857233-0.00302366j -0.00174648-0.00281104j -0.00195411-8.52783e-05j -0.000315297+0.00231815j -0.00423506-0.00200255j -1.02208e-05+0.000933934j 0.00283672-0.00192039j 0.000892735+0.000553211j 6.82958e-05+7.92261e-05j -0.00146807-0.000707544j 0.00381214+0.000144707j 0.00330084+0.000965201j -0.00347445-0.00201456j -0.0014392+0.00246955j -0.00209165-0.0016843j 0.00380413+0.000990108j 0.000590856-0.00155904j -0.000399652-0.000366689j -0.00323467+0.00193335j -0.000728098+0.00207078j 0.00234049+5.55871e-05j 0.00201957-0.00340851j -0.00331484-0.00046164j -0.000844314+0.00300601j 0.00231022-7.60556e-05j 0.00034761-0.000308739j 0.00157453+0.000128796j 0.000297444-0.000922089j -0.00053965+0.0021625j -0.00105729-0.00261044j 0.00151961+0.00117472j -0.00118087+0.000817008j 6.92437e-05-0.00103894j -0.000611244-0.00055789j 0.00107085-0.00159452j 0.00153228+0.00181405j 0.000579515+0.000276883j -6.70291e-05-0.000770165j -0.00105316-0.00181978j -0.00103947-0.000712705j -0.00086462-0.000846432j -0.00108728-3.40517e-05j 7.1222e-06-0.00125062j -0.00118429+0.00147791j 0.00110629-0.000830924j 1.38228e-05-0.000553033j -0.000760933-8.25029e-05j 0.00130927+6.79285e-05j -0.00239392-0.00198973j 5.16114e-05-0.000165768j 0.000318632-0.000688184j -0.00391576-7.44985e-05j 0.000444634-0.000820461j 0.000841083+0.000197436j -0.000849237+0.00057352j -0.00109398-1.52118e-05j 0.000390519-0.000317806j -0.000172145-0.000252285j -0.00123188+3.21091e-05j 0.00158265+0.00130824j -0.000249436-0.000935544j 0.00128743-0.000690843j -0.00204384+0.00021321j 0.000383753+0.000166671j 0.000692651-0.000935074j -0.000883608-0.00206996j -0.00116439+0.00156464j 0.00102914-8.73557e-05j 0.00150216+0.00014876j 0.000720503+0.000432892j 0.0025398-0.000382189j 0.00112637+0.000661218j -0.000849976+0.000200612j -0.00111103-0.000188583j -0.000933667-9.356e-05j -0.000779508+0.00146011j -0.000913639-0.000570579j -0.00197651-0.00091299j 0.000505203-0.000697367j 0.000308015-0.00103539j 0.00060639+0.000966367j 7.24424e-05-0.000716109j -1.98169e-05-0.000708102j 6.49893e-05+0.000700298j -0.000963759-0.000298405j -0.00161045-0.000738423j 0.000692316-0.000117228j -6.82475e-05+0.000544118j -0.000498799-0.000977206j 0.000234543+0.000293147j -0.0009027-0.000104703j 0.00170988+0.000456387j 0.000194253-0.000539657j 0.000604755+0.000386428j -0.000265469-0.000137858j -0.000479717-0.000612491j 0.00246664+0.000823596j 0.00433318+0.000588214j -0.000968257+0.000327514j 0.00232388+0.00121357j 0.00083001-0.0011301j -0.000333166+0.00187549j -0.000949325-0.000490483j -0.000430119-0.000294717j -0.00102651-0.00141026j 0.000499474+0.000883847j 0.000373369+0.00018887j -0.00125101-0.000372666j -0.00167641-0.000525775j 0.00189941+0.000315806j 0.000225997-0.00126362j 0.000633048+0.000411435j -0.00270147-0.00120304j 0.00155192-0.000853943j -0.000324663-0.000318176j -0.00155691+0.000350313j -0.00135842+0.00158716j 0.000293929+0.000601557j -9.22839e-05+6.85052e-05j 0.0026088+0.00102411j -0.000512911+0.000414736j -0.00365474-0.000360096j -0.000971386-0.00117165j -0.00110646-0.000592726j 0.00218182+0.000913415j 0.000525523+0.000817042j 0.00171092+0.00081162j 0.00173769-0.000277921j -0.00131385+0.00098232j 0.00389571+0.00192129j -0.000526325-0.000196621j -0.00136526+0.000212655j 0.00189938+0.00146028j 0.00209287+7.57441e-05j 0.000920267+0.000478357j 0.00194564-0.000268608j -0.000171231-0.0015842j 0.00390863+0.0013537j -0.0022297-0.000356044j -0.000453898-0.000563232j 0.00140575+0.00116067j 0.00181238+0.0014601j -0.00222959-0.000975011j 6.22023e-05-0.000244674j 0.00129777+0.00072878j 0.00308778+0.00108768j -0.000640513-0.000869715j 0.00188659+0.000487563j 0.000129646+0.000231471j -0.00223367-0.000492512j 
0.00637915-0.00722562j -0.00334672-0.00682867j -0.00806719+0.00389548j -0.00324732+0.00798172j -0.00625313+0.0215061j 0.0110234+0.0063306j 0.000997165+0.0205401j -0.00123969+0.0846918j 0.029271+0.178013j 0.0177301+0.0204387j -0.0172967-0.00190181j 0.00693786-0.0113834j -0.00823604-0.0084056j -0.00945332-0.0132467j -0.00369487-0.0445795j 0.00285998+0.000226073j 0.0094302-0.0140707j -0.0141031-0.011491j 0.00919053-0.00337947j 0.000307922+0.00835987j -0.0107343+0.00346495j 0.00596949+0.00169571j -0.000855249-0.0110142j 0.0101662-0.0119352j -0.00544914-0.00999538j -0.00390406-0.00488712j -0.000421402+0.00907692j -0.00306564-0.00129062j 0.00922532+0.00244749j 0.00596635-0.00808582j 0.00472119+0.000104118j 0.000913822-0.00240329j 7.46598e-05-0.000417045j -0.0104238-0.00156135j -0.00350225+0.00535037j 0.0078963+0.00271261j 0.00182437-0.0100721j 0.00564819-0.000629824j -0.00152969+0.00430036j 0.00500709+0.00613718j 0.0023517+0.00499684j -0.00372731-0.00184137j -0.000142892+0.00362762j 0.00373839-0.00349742j 0.00311019+0.0066208j -0.00324155-0.00120705j 0.000723827-0.000662774j 0.0024271+0.00356791j -0.00288024-0.00167844j 0.0010477-0.00110294j 0.00210319+0.000230724j 0.00133449-0.000170052j -0.00252397+3.53423e-05j 0.0015833+0.00115712j -0.00184494+0.00830888j 0.00238007-0.001027j 0.00201622-0.0067189j -0.00563333+0.000932366j 0.000915259+0.00488117j 0.00228481+0.0020981j -0.00299993+0.00101267j -0.00266526+0.00179385j 4.23207e-05+0.0020581j 0.00234849+0.000387724j -0.00207053+0.00419652j 0.000931179-0.000164352j -0.00189304-0.00268699j 0.000549308-0.00088241j 0.000201846-0.00014239j -0.000592165+0.0013981j 0.000308908-0.00364926j 0.00102404-0.00315804j -0.00214661+0.00369586j 0.0024174+0.00126401j -0.00167156+0.00211217j 0.0010247-0.00371915j -0.00166597-0.000511469j -0.000397577+0.000563406j 0.00189759+0.00338574j 0.00208771+0.000645296j -1.24806e-05-0.00244287j -0.00328722-0.00201551j -0.000458207+0.00339989j 0.00303869+0.000780798j 0.000123417-0.0022363j -0.00052386-0.000371952j 0.000268444-0.00150404j -0.000816331-0.000298473j 0.00210094+0.000460649j -0.00270788+0.00105519j 0.00125383-0.00157755j 0.000762714+0.00117268j -0.00103511+3.78041e-05j -0.000646039+0.000803564j -0.00162269-0.00112045j 0.00189833-0.00153317j 0.000274011-0.000448155j -0.000719118+3.03452e-05j -0.00189574+0.0011265j -0.000728593+0.00105694j -0.00084739+0.000924567j 4.98485e-05+0.00111169j -0.00118134-7.4247e-05j 0.00143943+0.00118212j -0.000747347-0.000994972j -0.000610006-9.24913e-06j -9.89508e-06+0.000664737j 7.76257e-05-0.00120974j -0.00193802+0.00248834j -9.44618e-05-8.06514e-06j -0.000571463-0.000267474j -0.000139654+0.0038943j -0.00085385-0.000571493j 0.000140521-0.000832368j 0.000614799+0.000792397j 0.000132091+0.00101487j -0.000250572-0.000273026j -0.000269016+0.00028107j 2.99307e-05+0.0013527j 0.00131712-0.00143416j -0.00084029+0.000190232j -0.000596958-0.00122496j 0.000243581+0.00201054j 0.000257246-0.000343958j -0.0010254-0.000802179j -0.002177+0.000918585j 0.00152179+0.00111289j -0.000100133-0.00111415j 0.00013508-0.00146647j 0.000379609-0.00073718j -0.000392259-0.00244862j 0.000526407-0.001213j 0.000352595+0.000878455j -0.000165136+0.00110749j 8.95461e-05+0.000935804j 0.00153377+0.000818107j -0.00052488+0.000835538j -0.000940171+0.00197516j -0.000833718-0.000490742j -0.000992748-0.000198077j 0.00103395-0.000624696j -0.00068545-0.000141393j -0.00070852+9.35522e-05j 0.000609562-2.45619e-05j -0.000338436+0.000916066j -0.000793869+0.00159154j -0.000137307-0.000613083j 0.000542231+2.17485e-05j -0.000876921+0.000467149j 0.000493337-7.42438e-05j -0.000186022+0.00093649j 0.000413576-0.00147517j -0.000589207-0.00023863j 0.000440336-0.000557187j -0.000102266+0.000254809j -0.000630396+0.000479368j 0.000882003-0.00243412j 0.000558197-0.00430031j 0.000280961+0.000987029j 0.00127967-0.00241024j -0.00117412-0.000787055j 0.00199152+0.000407217j -0.000559952+0.000899852j -0.000262133+0.000405124j -0.00119521+0.00109217j 0.000894701-0.000491255j 0.000182839-0.000548468j -0.000311232+0.00120273j -0.000540288+0.00171162j 0.000315191-0.0017445j -0.00135704-0.000151437j 0.000590169-0.000594825j -0.00120682+0.00255899j -0.000811577-0.00151833j -0.000430912+0.000266962j 0.000274859+0.00164982j 0.00150067+0.00148343j 0.000521451-0.00035887j 0.000172472+0.000237974j 0.00104947-0.0027318j 0.000346896+0.000495992j -0.000203831+0.00347675j -0.00111755+0.000838227j -0.000600343+0.00108873j 0.000893285-0.00230199j 0.000825634-0.000492312j 0.000772543-0.00169238j -0.000685963-0.00156045j 0.000764225+0.00121382j 0.00201092-0.00434945j -0.000185733+0.000405794j 0.000312532+0.00138559j 0.00125155-0.00182008j 0.000349387-0.00196827j 0.000577152-0.000740373j -0.000638043-0.00185068j -0.00156358+0.000180721j 0.00139042-0.00399927j -0.000288046+0.00230597j -0.000569195+1.19321e-05j 0.00159905-0.00171035j 0.00134992-0.0017956j -0.000942894+0.00222173j 1.97511e-05-9.12702e-05j 0.000792002-0.00142245j 0.00113415-0.00298145j -0.000888045+0.000797655j 0.000177166-0.00174583j 5.02575e-05-0.000140393j -0.000432128+0.00214833j 
