0.111701+1.27676e-15j 0.240686+0.176075j -0.105013+0.207593j -0.0380732+0.0799494j 0.0212128-0.00188385j 0.356965-0.877217j 0.861071-0.271305j -0.104539-0.188095j -0.094341-0.455448j 0.243306-0.344883j -0.0277485-0.331653j -0.0883052-0.0261271j -0.322035+0.208317j 0.710331-0.342643j 0.43904+0.0730429j 0.000445701+1.08299j -1.46192+1.04659j 1.08913-1.50845j 0.172674-0.198006j 0.0168958+0.17918j -0.407003+0.309345j -0.0371079-0.329465j 0.562962+0.0483591j 0.351659-0.386101j -0.0717593+0.00876344j 0.0739508+0.302149j -0.0381789-0.248809j 0.194164+0.0436993j 0.501481+0.306686j -0.416314+0.163554j 0.174089-0.400608j 0.210026+0.431312j 0.289596+0.408665j 0.143723+0.410413j 0.407951+0.06255j -0.803619+0.0773091j -0.543451-0.102543j 0.422126-0.729639j -0.162199+0.854502j -1.43937-0.308378j -0.759277-0.573421j -1.32656+0.93127j -0.793991+0.787435j 0.103207+1.4092j -1.87613+0.204722j 0.579549-2.12345j -0.282114+0.655996j -1.05892-0.725405j 0.162781+0.116903j -0.192638+0.100922j -0.153892-0.378053j -0.0205511+0.132757j -0.51259+0.0125776j 0.287006-0.52222j -0.0274131+0.127694j 0.419381+0.511435j 0.175549+0.436444j -0.345158+0.0208182j 0.417751+0.0456537j -0.475872+0.135545j -0.111923+0.252149j -0.124285-0.168326j -0.657989+0.379361j 0.163359-0.243184j 0.00410241+0.2156j -0.00415861+0.659165j -0.141561-0.14812j 0.35427+0.856479j 0.326969+0.120085j 0.125377+0.0496791j -0.498264-0.246666j -0.458544+0.144624j -0.878556-0.0279591j -0.155609+0.198772j 0.0962433-0.153781j 0.535289-0.67235j -0.642718+0.619338j 0.116083-0.416107j -0.124148-0.076425j -0.0689346+0.0145901j 0.131083+0.443618j -0.498545-1.10309j -0.697982-0.713691j 0.475268+0.54672j 0.770209-0.881621j 0.103436+0.274412j 0.488032+0.0317287j -0.810245+0.0635452j 0.545007+0.400123j 0.358968+0.833119j 1.66899+0.202364j -0.0611036-1.89247j -0.145428+0.0386097j 0.655056-0.235147j 0.734857-0.77406j -1.00761-0.211426j 0.984+0.86332j -1.17803+0.36537j 1.06211-0.755917j 0.482268-0.483848j 0.683577+0.602024j -0.193146-1.32236j 0.449585-0.486303j -0.581104-0.99532j -0.0995944+0.506656j 0.769741+0.0394634j -1.68037+0.689376j -0.585824+0.541808j -0.312452-1.60871j -0.0673753+0.674841j 0.517748-0.474973j -1.70899-0.619362j 0.40919-0.256636j -0.262236+1.09503j 
0.240686-0.176075j 0.0419859+6.7446e-15j -0.32229-0.3585j -0.621593-0.576971j -0.0254878+0.260874j 0.220032+0.201048j 0.348053-0.79312j -0.562577-0.0658852j -0.472905-0.0623814j -0.0224627+0.410696j 0.0601351+1.05164j 0.379138-0.296136j 0.562644-0.245246j 0.0208204-0.90474j -0.861473+0.220871j -1.06429+0.216955j -0.834893-0.210275j -0.36012-0.181907j -0.214335-0.684616j 0.452456+0.12776j 0.219326+0.674356j -0.495934+0.0121545j -0.144594-0.172721j -0.744802+0.149452j 0.547055-0.157898j -0.474666-0.190605j -0.213111+0.647631j -0.303061+0.244559j -0.0873631-0.545885j 0.664312+0.257194j 0.478548+0.415595j 0.426508-1.10829j -0.521973-0.00717753j 0.0941696-0.694617j -0.397991-0.765191j -0.520364+0.852241j 0.553284+0.0607738j -0.440178-0.689911j -1.41636-0.327663j 0.195136-1.6706j 1.00994-1.15362j -1.37052-0.996293j 0.240205+0.187881j -0.164144-0.309854j -0.763442-0.309952j 0.688039-0.753826j 0.367492-0.476948j 0.394804+0.672269j 0.530662-0.207368j -0.0543012+0.639857j -0.744704+0.0381099j 0.322695+0.243451j -0.255245+0.818963j -0.416616-0.365917j 0.264437+0.224848j 0.465355-0.290076j 0.327083-0.621147j 0.28697-0.183922j -0.454917-0.513102j 0.220552+0.481384j -0.162513-0.314145j 0.515473+0.411461j 0.246689+0.384355j -0.350319+0.162021j 0.075146-0.0690275j 0.851841-0.897876j 0.273585-0.152161j 0.147709+0.267088j -0.723961-0.441034j -0.173583-0.112351j 0.837504+0.467714j -0.593024-1.04001j 0.190428+0.309317j 1.17444-0.638442j 1.01293-0.0403687j -0.711568-0.0532365j 0.753441-0.79898j 0.335761+0.00213216j 0.890347-0.134775j 0.0104617+0.781837j -0.332678+1.2561j -0.610582+1.16686j 0.0382727-0.0255137j -0.241774-0.351066j 0.795745+0.79807j 0.278275-1.17427j 0.688439+0.407757j 0.545536+0.708009j 0.134817+0.260419j -1.29452+0.550543j -0.520686+0.955409j 1.44783-0.34859j 0.584861+0.409005j -0.39647-0.781071j 0.886643+0.819854j -0.398639-2.11458j -0.433958+0.773976j -0.441714-1.02801j 0.578154-0.216195j 1.32173+0.199886j -0.651321+0.669863j -0.956542+0.269161j 1.15236-0.320594j -0.938051-0.791212j -0.7971-1.06125j -0.300721+0.953415j -1.1303+0.51108j -0.274485+0.299588j 0.774731-0.540176j 0.239833-0.563255j 0.561915-0.424522j 0.134336-0.189474j -0.866066-1.07356j 0.865082-0.601521j 
-0.105013-0.207593j -0.32229+0.3585j 0.270045+2.10942e-14j -0.0500997+0.291122j -0.888942-0.760037j -0.292321+0.247622j 0.307926-0.246302j -0.125039+0.505952j 0.739493+0.0701381j 0.447797-0.148934j 0.0119904-0.319403j -0.736141+0.287899j 1.02261+1.13183j -0.453323-0.434257j -0.350235-0.779228j -2.01934-0.798126j -0.35478+1.10133j 0.464771-0.378398j -0.695177+0.07929j 0.0924341-0.490013j -0.141883-0.666779j 0.497703+0.153525j 0.33562+0.411074j 0.500631-0.26908j -0.117845+0.367898j 0.094908+1.06477j -0.180339-0.447262j 0.909009+0.205696j -0.405706-1.13917j 0.312547+0.0287724j -1.55596-0.798887j 0.603627-0.826273j 0.88944-0.535647j -0.406497+0.633444j -0.449743-0.697895j -0.779783-1.10639j -0.301599-0.0763249j 1.22622-0.121997j -0.412979-0.437997j -0.445154+0.0495618j 0.67393-0.149979j -0.219125+0.506676j 0.712751+0.154264j 0.603441-0.856814j -0.175288+0.780379j -0.900887-0.544735j -0.42429+0.150882j -0.151095-0.685285j -0.0746317-0.620859j 0.639143+0.191193j 0.440379+0.107211j 0.332399-0.332108j 0.358-0.464196j 0.562557-0.0792827j -0.0163906-0.378968j -0.218952+0.616192j 0.507586+0.3997j -1.28758-0.542504j 0.610669-0.519343j -0.196498-0.346991j -0.843503+1.06983j 0.739492-1.13329j 0.452635+0.148172j -0.235358-0.396362j 0.0369106+0.301326j -0.460552-0.0500411j -0.873683-0.802525j 0.471433-1.29933j -0.30704-0.408308j 0.403747-0.01791j -0.88802-0.264097j 1.13921+1.17328j 0.714468+0.380746j 0.347562-0.70973j -0.122193-0.03131j -0.0601978+0.0804391j -0.329035+1.26339j -0.784883+0.327644j 0.123251+1.32756j 0.463051+0.441423j -0.250585-0.0776169j 0.185768-0.178365j 0.639957-0.205982j 0.587095+0.316842j -0.141296-0.0200852j 1.65527+0.159138j -0.0542197+0.214363j -0.364292-0.179273j 0.0490332-0.308724j -1.12978-0.585526j 0.133533+0.770841j -0.0767787+0.731541j -0.214349+1.05752j 0.123338-0.793043j 0.592876+0.0657969j 0.934418-1.55304j -0.579046-0.352868j 0.380609-0.203884j -0.561933+0.654626j 0.645494+0.698104j -0.585361-0.216861j -1.29784-0.267105j 0.461102+0.516562j 0.511341+0.870992j 0.703819-1.20972j 0.649563-0.384029j 0.290301+0.403905j 0.111302-0.260193j -0.144468+0.0278236j -0.0512042+0.263196j -0.9179-0.392768j -0.431681+0.191094j -0.163834+1.06385j -0.7742-0.0368537j 
-0.0380732-0.0799494j -0.621593+0.576971j -0.0500997-0.291122j 0.695087-7.97973e-15j 0.0413841+0.61399j -0.652953-0.684676j 0.0933524+0.369379j -0.2901+0.431701j 0.728542+0.240328j 0.0134651+0.748018j 0.342904+0.463171j 0.364494+0.938521j -1.25296-0.457571j 0.520795-0.301876j 0.442097-1.37513j 0.342547+0.655971j -0.589422+0.26819j 0.632383+0.393492j -0.923264-0.14387j 0.298619-0.551845j 0.312234-0.591483j 0.318561+0.396852j -0.26288+0.271764j 0.347269+0.789682j -0.43986-0.780267j 0.38018-0.774611j 0.732122+0.0690143j -0.327669-0.514303j -0.164438+0.331775j 0.0206726+0.0818329j 0.0352918+1.1664j 1.76189+0.63463j -0.635693-0.137415j 0.360666+0.989391j 1.20289-0.887268j -0.157827+0.435596j -0.722333-0.414065j -0.108257-0.233164j -0.0918685+0.609969j 0.755187-0.61158j -0.577103-0.278249j -0.328082-1.02364j -0.163629+0.163901j -0.244513+0.24835j -0.0446462+0.373391j -0.382792-0.211124j -0.53274-0.363993j 0.69242-0.6004j 0.0672915-0.868574j 0.831364+0.462715j 0.145338+0.589031j 0.499618-0.298209j 0.666199+0.047578j -0.426831+0.0502033j -0.0695272-0.404291j 0.322874-0.481453j -0.942334+0.3764j 0.159426+0.166252j 0.0489778+1.47852j 0.273146-0.207968j 0.369231+0.498255j -0.181947+0.48608j 0.247554-1.07532j 0.648535+0.320507j -1.08907-0.357959j -0.609073-0.586392j 0.0514372+0.375441j -0.631237-0.225204j 0.53022-0.517976j -0.144212+0.555538j -1.17349+0.722189j 0.0928788+0.173697j 0.393471-0.362457j 0.707517+0.944042j 0.442171+1.93423j -0.17504+0.00120938j 0.630524+1.72349j -0.639432+0.371202j 1.27805+0.0150267j -0.690422+0.173893j -2.61894+0.41679j -0.41062-0.461129j 0.387015+0.0788581j 1.0978-0.130498j 0.58656+0.529878j 0.212014-1.71638j -0.0242858+1.57681j -0.640506+0.468481j -0.187325-0.360624j -0.195194-0.662958j -0.863588+0.608594j 0.61299-0.724736j 0.993093+0.314371j 0.0359354+0.151325j 0.301089+1.04893j 0.977878+0.0209497j 0.191315+0.367527j 1.12569-0.379466j 0.241588+0.0938234j -0.160571+0.540665j 0.359388-0.198708j 0.18692+0.328018j 0.205442+0.886087j 0.0423409-0.939153j -0.290955+0.194878j -0.725402-0.499418j -0.642756+0.180562j -0.21214+0.0615275j -0.305645-0.196446j -0.253989-0.451039j -0.49774-0.00168967j 0.343786+0.0543668j -0.717386+0.707471j -0.453925-0.786677j 
0.0212128+0.00188385j -0.0254878-0.260874j -0.888942+0.760037j 0.0413841-0.61399j 0.331339+1.58373e-12j -0.216678-0.282692j -0.14406+0.404747j -0.529482-0.00295183j 0.28488+0.918968j 1.83983-0.83438j -0.924738+0.536938j -0.0435731+0.622345j 0.854259-1.28342j 0.506548+0.633255j -0.82275+0.69221j -0.299312+0.0434952j -0.530836+0.222046j 0.328329+0.503913j -0.337002-0.734886j 0.555914-0.116236j 0.54524-1.00967j 0.445652+0.582214j 1.07598+0.162219j -0.027019-0.948277j 0.701935+0.666849j -0.803874+0.607988j -1.04089+0.0422847j 0.0476158+0.548394j -1.5903+0.604403j 0.0831363-1.17113j 0.0503553+0.553244j -0.516828+0.742828j 0.444281+0.0984472j 1.29382+0.185889j 0.279815+0.628287j -0.228862+0.499143j -0.622815+1.08508j -0.399413-0.582683j 0.991695-0.820799j -0.114056+0.610342j 0.310476+1.28559j 0.643111+0.277986j 0.456768-0.402892j 0.00164167-0.668922j -0.335785+0.290838j -0.219319-0.534893j -0.186773-0.32937j 0.550882-0.148062j 0.687984-0.220839j -0.101513+0.755126j 0.750301+0.461808j 0.495919+0.274711j 0.915197-0.564695j 0.0859473+0.141626j -0.0768288-0.667685j 0.0268372+0.151669j 0.835623+0.273309j -0.548815-0.766823j 0.641003-1.14745j 0.0593785-0.0935279j -1.47598+0.92626j 0.241318+0.530318j -0.067115-0.49506j -0.703147-0.637316j -1.07331-1.24221j 0.232484-0.0502222j 0.0865555-0.583875j -1.22098+0.0805356j 0.321865+0.485388j -1.05327+0.280064j 0.48106+1.24598j -0.0815349-0.582177j 0.147551-0.657924j -0.75016+0.609211j 0.174127-0.176556j -0.0262624+0.121792j 1.75846-0.292446j 0.26455+0.0506314j 0.616968-0.477392j -0.216346-0.538725j 0.486933+0.408943j 0.050466+0.28889j -0.660214-0.401608j 0.10732-0.852307j 0.541074+0.847083j -0.529191-0.802191j 0.407935-0.289035j 0.117849+0.158758j -0.330092-0.0422306j 0.3504+0.346017j -0.148859-0.82324j 1.18082-0.924744j 0.398756-0.196012j 0.980463-0.641379j -0.616415+0.104796j -0.689918+0.0279409j 0.746913+0.913771j -0.0389335-0.435901j -0.236757+0.714563j 0.0487682-0.332509j -0.632997-0.384099j -0.291881-1.47656j 0.731885+0.448616j 0.674515+0.508804j 1.1624-0.35006j 0.504128-0.107769j -0.188878-0.403632j -0.0564191-0.438714j 0.271945-0.148323j 0.0470932-0.104201j -0.341155-0.430824j -0.0598808+0.0778191j -0.644817+0.226592j -0.087483-0.518381j 
0.356965+0.877217j 0.220032-0.201048j -0.292321-0.247622j -0.652953+0.684676j -0.216678+0.282692j 0.347415-7.00828e-15j 0.379637+0.309467j 0.68581-0.39299j 0.412066-0.294523j 1.11468+0.290006j -0.330558+0.870973j -1.11127-0.312036j 0.907449-0.127564j -0.434482-1.06588j 0.325081+0.0939349j -0.0411532+0.0598615j 0.556836-0.392799j 0.682716-0.282398j 0.00540872+1.01045j -0.68886-0.191788j -0.934206-0.168918j 0.311304-0.356513j 0.248193+0.93622j -0.522097+0.961626j 1.26274-1.23341j -1.24785-0.747037j 0.580421+1.01478j -0.855782+0.673734j 0.331337-0.931263j 0.716876+0.613709j 0.529654+0.141529j 0.0512374+0.922619j -0.465903+0.416905j -0.319959-0.332925j 0.928967+0.278295j -0.713805+0.543618j 0.378655-0.379922j -0.161674-0.755022j -0.574619-0.504888j -0.535461-0.264585j 0.686113-0.320371j -0.566997+0.440511j 0.0226789+0.254584j 0.265201+0.135656j 0.402401-0.446383j 0.363053+0.769303j -0.427964+0.19377j -0.106442-0.684815j -1.28062-0.287419j 0.796021-1.08696j -0.0809157-0.772131j -0.456387-0.725152j -0.937159-0.358287j 0.498228+0.477584j -0.171673+0.535846j -0.845864+0.222882j -0.596018-0.371977j 0.164857-1.40129j -0.917959+0.573763j 0.726984-0.57061j -2.45021-0.295685j -0.0148191+0.905844j 0.893407+0.0671355j 0.12666+0.695157j 0.0194988-2.50022j 0.956138-0.0260634j 0.445753-0.805099j 0.404366-1.15616j 0.597123-0.737437j -1.23747-0.457807j -1.08783+0.304319j 0.915737+0.125374j 0.464275+0.781437j 0.624399+1.2608j -0.642406+0.661219j 0.589824-0.210743j 0.24964+1.11856j -0.345022+0.404933j -0.403803+0.382154j -0.962977-0.0237464j -0.534109-1.13235j -0.338775-1.06604j -0.0885535+0.543352j 0.549404-0.105695j -0.707799+0.0517302j 0.460543+0.730554j -0.68759+0.0926714j -0.968403+0.17873j -0.301016+0.611819j 0.0520149+0.158755j -0.89441-0.424707j -0.304372+0.770975j -0.56884+0.403998j -0.209249-0.379263j -0.605548+0.584691j -0.105926+0.341295j -0.568034-0.246502j -0.85189-0.739379j 0.0265286+0.0140898j -0.182694-0.193989j 0.00334793-0.182914j -0.224836+0.231592j 0.7088-0.57373j -0.532757+0.342193j 0.00109363-0.117323j -0.306877+0.320476j 0.576239+0.462313j 0.0180739+0.478987j -0.266499+0.510561j -0.50779-0.0943369j 0.32493+0.647625j 0.554183-0.441257j 0.43089+0.445119j -0.560135+0.0427934j 
0.861071+0.271305j 0.348053+0.79312j 0.307926+0.246302j 0.0933524-0.369379j -0.14406-0.404747j 0.379637-0.309467j 0.231204-1.27676e-15j -1.35204-1.46217j 1.31623+0.627064j 0.632137+1.0139j 0.546027-0.211222j 0.178938-0.476162j -0.979816-0.202478j 0.295397+0.492293j 0.0950762+0.385826j -0.668307-0.35901j -0.0697923-0.68867j 0.101171-0.244507j 0.790952-1.20201j 0.213795+0.558735j -1.62036-2.19286j 1.26389-0.528722j -0.460454-0.731597j -1.25581-0.212188j 0.48719+0.270546j 0.719718-1.10235j -0.624906+0.827397j -0.61326-0.813367j -0.897095-0.201651j 0.446107-0.406896j -0.475532+1.08986j 0.292095-0.168245j -0.618942-0.801318j -0.118191-0.0909367j -0.0636524-0.298718j 0.983995-0.243866j 0.478991-0.0485048j -0.317314+0.961139j 0.0661967-0.119842j 0.348781+0.410949j 0.0929029+0.177523j 0.699192-0.0330076j 0.511445+0.121015j 0.493702-0.534293j -0.172645-0.384037j 0.60517+0.0357315j -0.01838+0.153901j -0.188076-0.109702j 0.617663+1.08205j -1.36505+0.171913j 0.726022-0.708901j -0.266349+0.810464j -0.285674-1.51155j -0.0838471+1.85145j -0.836316+0.406673j -1.61123-1.26897j -1.23204-0.709103j -0.447029-0.0961709j -1.17967+0.656785j 1.17981-0.807476j -0.291575+0.00852684j -0.105431-0.858348j -0.452984+1.16455j 0.118574+0.785067j 1.03702+0.0158285j 0.0193587+0.741356j -0.562414-0.374655j 1.57935+0.115236j 0.439322+0.771123j 0.276545-0.560912j 0.0566594-0.169116j 0.158004+1.55811j -0.60821+1.15972j -1.2298+0.0418259j -0.407868+0.0654031j -0.721938-0.507538j 0.0257626+0.18587j -1.2326-0.338542j 0.167445-0.319993j 0.204869-0.847135j 0.212749-0.423892j -0.844182+0.744759j 0.0623169+0.299362j 0.285011-0.0792801j 0.158499-0.29883j -0.262941-0.982306j -0.157152-0.279374j 0.374385+0.592243j 0.621207+0.0902758j 0.259566+0.0202495j -0.095691+0.138019j -0.468007-0.518448j 0.780343+0.0824066j 0.156672-0.0977545j 0.0619921+0.0495296j -0.122614-0.0402173j 0.575139-0.245981j -0.308372+0.975002j 0.215797-0.194479j 0.0442933-0.122553j -0.355261-0.316197j -0.0150427-0.462525j -0.597596-0.426402j 0.321214-0.0754711j 0.532257+0.0424544j -0.147262+0.188832j 0.233342-0.607866j 0.385039-0.149472j 0.364323+0.545958j -0.131335+0.21977j 0.348699-0.102055j 0.0259398-0.368807j 0.214072-0.130678j -0.0746666+0.135499j 
-0.104539+0.188095j -0.562577+0.0658852j -0.125039-0.505952j -0.2901-0.431701j -0.529482+0.00295183j 0.68581+0.39299j -1.35204+1.46217j 0.19787-4.55191e-15j 0.49376+0.314298j 0.0719137+0.664227j 0.182671+0.489601j 0.143214-0.020618j 0.642536-0.269691j 0.0615592+0.148356j -0.0699602-0.179632j -0.0576824-0.292866j 1.49177-1.78791j 1.29033+0.195474j -0.015548+0.123289j -0.160585-0.0367567j 0.133924-0.370738j 0.461661+0.190686j -0.433523+0.22274j 0.0168888+0.57574j 0.362493+0.0964198j -0.205042-0.241461j 0.310768+0.315769j -0.164121+0.163215j -0.536129-0.290529j 0.234708-0.521745j -0.325064+0.343617j 0.129836-0.04339j -0.201302-0.388525j 0.0367672-0.224549j -0.0177796-0.142598j 0.375213+0.103353j 0.353241-0.0396227j -0.12444+0.325666j 0.266088-0.31656j 0.515477+0.983773j 0.339262+0.292202j 1.04041-0.808328j 1.27236-0.214371j -0.589685-1.20171j -0.766851-0.838254j 0.566477-0.820662j -1.78247-1.59676j 0.435768-1.35277j -0.066066-0.0540437j 0.0169468-0.153258j 0.0817034+0.26346j -0.137097-0.0531898j 0.132065-0.367952j -0.0723544+0.458063j -0.44449-0.151462j -0.353562+0.163941j -0.052814-0.344686j 0.312601-0.0951011j -0.205694+0.224418j -0.00938458-0.617088j -0.184537-0.221907j 0.217895+0.0400013j 0.644407-0.200674j 0.270398+0.427364j -0.0548616-0.0588866j -0.187341-0.0941372j 0.185247-0.203898j -0.367009-0.534366j 0.0660033-0.263156j -0.111633+0.0576712j 0.365431+0.229111j 0.183725+0.00727753j 0.602234-0.682306j 0.0883045+0.0541794j -0.0947913+0.149236j -0.770025+0.214127j 0.154029-0.235491j 0.2276+0.558276j -0.0948391-0.0893512j -0.150099+0.108954j -0.103233-0.169592j 0.139826+0.548309j 0.161133+0.497926j -0.514845-0.1904j -1.01825-0.235589j -0.216092-0.0198976j -0.308651+0.21652j 0.622174-0.540376j 0.29865-0.73778j 0.29772-0.801635j -0.243463-0.308874j -0.383666+0.730557j -0.0413916-0.321709j -1.12345-0.427684j -0.165233+0.556773j 0.345079+0.284741j -1.03676+0.0115707j 0.794983-0.183577j 0.218698-1.06335j -0.102878+0.640072j 0.112991+1.14571j -0.501827+0.612355j 0.314195+0.852998j -0.446188-0.538378j -0.894368+0.03633j 0.104846+1.49172j 0.250107-0.837589j -0.81302+1.65236j 0.654872+0.16381j -1.52662-1.23982j 1.51694+0.615436j -0.5549-1.39117j -1.62233+0.257528j -1.07325+0.248949j 
-0.094341+0.455448j -0.472905+0.0623814j 0.739493-0.0701381j 0.728542-0.240328j 0.28488-0.918968j 0.412066+0.294523j 1.31623-0.627064j 0.49376-0.314298j 0.728214+1.70419e-14j -0.336155-0.00579666j -0.192577-0.359945j -0.195679+0.409792j -0.182952+1.21101j 0.509142+1.62022j 0.865558+0.394156j 0.247841-0.0898665j 0.217995+0.803699j 1.50331-1.60448j 0.30438+0.27688j -0.429484+0.306718j -0.269585-0.602911j 0.653675-0.325328j -0.14063+0.236109j 0.315828+0.0701606j -0.152537-0.0527039j 0.320478-0.029534j 0.0325508-0.3908j -0.081325-0.389854j 0.25945+0.0581652j -0.0720969+0.309406j -0.182695-0.833032j -1.08978+0.455295j 0.546113-0.0445179j -0.354022+0.512602j 0.744451+1.20735j 0.160479-0.770154j -0.523399+0.134493j 0.855634-0.120684j 0.637253+0.79556j -0.0222539-0.417545j -0.480417+0.694943j -0.317015+0.285078j 0.581569+0.986388j 0.677664-0.829652j -0.239551-0.538535j 0.229647-0.163906j -0.88881+0.471335j -0.949242-0.408025j -0.189377+0.0105064j -0.395355-0.318703j 0.448952+0.144102j -0.471683+0.228038j -0.428514-0.643535j 0.443587+0.223517j -0.665856+0.23365j -0.117059+0.377501j -0.442136+0.0916684j -0.208511+0.108712j 0.218575+0.241285j -0.310122-0.228968j -0.0385284-0.0454674j -0.237353-0.091822j -0.157154-0.171353j 0.287366-0.279345j -0.161721+0.0470076j -0.478964+0.355286j 0.0659054+0.373642j 0.4588-0.0366715j -0.375164+0.932916j 0.000976544+0.108055j -0.209367-0.610262j 0.282139+0.289727j -0.348761+0.264465j -0.678299+0.0532939j -0.699314-0.424756j 0.587345+0.379387j -0.301558+0.189705j -0.382457+0.118456j -0.0925273-0.531917j -0.276301-1.26234j 0.175579-0.543806j 0.0943054-0.654469j 0.0401725+0.125493j 0.512723+0.240173j 0.862466+0.222248j -0.26983+0.134431j -0.571696-0.132992j -1.03012+0.442813j -0.705834-1.08679j 0.891732+0.470596j -0.111713-0.0720022j 0.0246641-0.428564j -0.566427-0.134971j 0.311365-1.10592j 0.19828-0.0744691j -0.53305+0.712607j 0.274348-0.511098j 1.12335+0.128568j 0.980394+0.634185j -1.20323-0.0960652j 0.0368754-0.927798j -0.589136+0.143294j 0.382525+0.438552j 0.88593-0.978378j -0.0888355-0.315123j -1.37328+0.727301j 0.097865+0.314642j 0.322768+0.620411j 1.0317+0.586118j 0.178006+0.309527j 0.0229218+0.499572j -0.636642-0.416762j 0.651951+0.0131182j 0.186562+0.529763j 
0.243306+0.344883j -0.0224627-0.410696j 0.447797+0.148934j 0.0134651-0.748018j 1.83983+0.83438j 1.11468-0.290006j 0.632137-1.0139j 0.0719137-0.664227j -0.336155+0.00579666j -1.09995+3.33344e-14j -0.532775+0.506221j 0.234656-0.161773j -1.18384-0.79205j 0.436277-0.877874j -0.455842+0.747931j -0.348058-0.625026j -0.146401-0.442872j 0.15736-0.421917j 0.532119-0.127837j 0.136821+0.691036j -0.158821+0.17872j -0.416699-0.169562j -0.350994-0.589995j -0.713401+0.100632j -0.215852+0.477712j 0.384723-0.588904j -0.388669+0.481868j -0.654917-0.0502645j 0.0621978+0.47014j -0.331341+0.251213j 0.899235+0.910972j 0.424354-0.122093j -0.448083+0.947465j 0.379096-0.350438j -0.157227-0.488245j 0.571325-0.384609j 0.0137372+0.0133611j 0.623447+0.530256j -0.182374-0.160757j 1.0971-0.95939j 0.195233-0.126323j -1.19466-0.162202j -0.34447+1.88518j 1.34259-0.496415j -0.894569-0.872214j 0.310338-0.673276j -0.10088-0.663991j 0.048685-0.10821j -0.106792+0.201817j -0.649765+0.278938j 0.0266743-0.293086j -0.0401831+0.656288j -0.271231+0.289023j -0.538956-0.355877j 0.0964848+0.205248j -0.267588-0.339117j 0.176181+9.98023e-07j 0.554031+0.937258j -0.124229-0.13928j 0.634689-0.0396462j 0.40673-0.516906j -0.152495+0.512864j -0.102136-0.277873j -0.193456+0.254362j 0.228354+0.0478492j 0.844083+0.212906j 0.943003+0.146489j -0.859488-0.207628j -0.0234791-0.374453j -0.00457224-0.0431285j -0.010523+0.702292j -0.121533-0.557266j -0.239974-0.133603j 0.155958+0.168023j 0.687578-0.162479j 0.87313+0.400901j 0.256553-0.366766j 0.933847-0.714038j -0.559897+0.140957j -0.257877+0.606452j 0.183351+0.347377j 0.0372269-0.488859j 0.807013+0.813635j -0.923798-0.0897599j 0.0487394+0.564959j 0.186899+0.520502j 0.177034-0.330897j -0.614445-0.0352918j 1.59145-0.316525j -0.144938+1.68438j -0.29367+0.648487j 0.156143+0.277527j -0.0292937+0.257545j 0.578912-0.462752j 1.30226+0.0262722j -0.886078-0.502401j -0.102392+0.584827j 0.0704433+0.650833j 1.16825-1.04883j -0.732068-1.38057j 0.890267-0.389418j -0.717803+0.0270781j -0.84613+1.12142j -0.794211-0.706602j 0.305096-0.20356j 0.221261+1.03113j -0.0674236+0.783617j 0.612051+1.34035j 0.587155+0.784876j -0.058504-0.416962j 0.967788-0.973724j -0.35858+0.259669j -1.04008-0.230942j -0.260186-0.317947j 
-0.0277485+0.331653j 0.0601351-1.05164j 0.0119904+0.319403j 0.342904-0.463171j -0.924738-0.536938j -0.330558-0.870973j 0.546027+0.211222j 0.182671-0.489601j -0.192577+0.359945j -0.532775-0.506221j -1.41932-1.99112e-14j -0.161358-0.722835j 0.497468+0.645433j -1.94396-0.499312j -0.542903+0.497282j -0.208557+1.33021j -0.764327-1.87677j -0.128383+0.0653974j 0.457281+0.0227328j -0.0286493+0.548923j -0.206152-0.131884j -0.125002-0.161099j 0.00356433-0.307089j -0.348429-0.582497j -0.108945+0.662206j 0.0436398+0.427149j -1.10244+0.340029j 0.473706-0.0409268j 0.713635-0.285672j 0.5589+0.521702j 0.594188-0.627241j -0.703637-0.136781j 0.841266+0.540376j -0.00569809-0.412995j -0.00526207+0.460637j 0.334816+1.46211j 0.0825084+0.202236j -0.96389+0.953307j -0.687435-0.438426j 0.326792+0.100775j -0.0675656-0.62195j 0.312334-0.128347j 1.14478-0.863021j -1.30292-0.220134j 0.0842103-0.777251j 0.694969-0.624439j 0.420634-0.259303j 0.161072+0.171186j -0.167819+0.172156j -0.643479+0.107758j 0.279146-0.260279j -0.16531+0.580052j -0.448202+0.00633948j 0.0973592-0.123099j 0.0185748+0.334808j -0.084046-0.037712j 0.493662+0.584443j -0.147613-0.181843j -0.12489-0.678251j -0.0393406+0.321606j 0.167881-0.234891j 0.156094-0.528627j -0.296922+0.430862j -1.0819-0.101068j 0.471908-0.276393j -0.0595496-0.277082j -0.297899-0.0153257j 0.581163+0.497269j 0.607817+0.171704j -0.236912-0.648214j 0.312994+0.143053j -0.121663+0.559723j -0.149123+0.69495j -0.0801169+0.196207j 0.98131-0.811244j 0.439184-0.10334j -0.138456-0.23359j -1.02156-0.0783581j 1.08167-0.885692j 0.0675666+0.176065j 0.916764+0.292114j 0.0181289-0.360445j -0.791166+0.96455j -0.417608+0.295642j -1.39639-0.176737j -0.423207-0.26931j -0.128598-1.51009j -0.022797+0.017277j -0.315253+0.446898j -0.993791-0.336223j -0.655151-0.78606j -0.336342+0.850212j 0.00609492-0.752738j -0.78174-0.716919j -0.242354+1.53234j 0.0720637-0.36689j -0.977279+0.53945j -0.340012+0.190636j -0.124941+0.7773j 0.235833-0.388725j -0.780577+0.345421j -0.277043+0.266648j -0.390395-0.618191j 0.537697+0.518659j -0.754098+0.0816204j -0.199377+0.0790489j -0.20799-0.89208j 0.0228729-0.0685597j 0.458776-0.768702j 0.536123-0.343772j 0.698414+0.000668994j -0.345687+0.227125j -0.385329-0.697027j 0.0226106-0.322249j 
-0.0883052+0.0261271j 0.379138+0.296136j -0.736141-0.287899j 0.364494-0.938521j -0.0435731-0.622345j -1.11127+0.312036j 0.178938+0.476162j 0.143214+0.020618j -0.195679-0.409792j 0.234656+0.161773j -0.161358+0.722835j 0.44178+6.28386e-14j 0.441045-0.0192977j -1.02988+0.103863j 2.46814+2.42035j 1.32019-0.478043j -0.416044+0.112343j 0.17046+0.197529j -0.0225247+0.150751j -0.219498+0.0326733j -0.214267+0.17007j -0.275409-0.316624j 0.190718-0.0800512j -0.442271+0.0108224j 0.366179-0.190904j 0.0997254-0.263377j 0.27475+0.686384j -0.350794-0.135294j -0.662333-0.307416j -0.00110634-0.672267j 0.142569+0.547151j -0.672781-0.498813j -0.453567+1.17008j -0.0644903+1.72877j -0.090148+0.870485j -0.0547096+0.41436j -2.004+0.548226j -0.494324+0.0866785j 0.299333-1.62639j -0.417305+0.253748j 1.36068-0.997129j 0.30515+0.0124774j -1.0173-0.308644j 0.466192+0.772156j -0.120517-0.432719j 0.0473039-0.312917j 0.121541-0.12108j 0.122652-0.056041j -0.0337934-0.0519048j -0.0201891-0.199002j 0.043638-0.170772j -0.185598-0.0622547j -0.183375+0.250627j -0.021457-0.354337j 0.183643+0.20082j 0.113456-0.0913479j 0.344013-0.649555j -0.206744+0.190166j -0.473599+0.336817j 0.198469+0.133029j 0.226539+0.0571777j 0.0496481-0.0540782j 0.564386-0.472969j 0.338107+0.851051j 0.0105147+0.083429j 0.0596432+0.180689j 0.143112+0.348783j -0.777401-0.35211j -0.642096+0.719772j 0.146042+0.119924j -1.02131-0.235353j -0.205487-0.354444j -0.025902-0.785918j -0.480418+0.170559j 1.36274-0.530292j 0.292421-0.522343j -0.00846967+0.397013j 0.463419-0.64446j 0.712356-0.544693j -0.417142-0.555559j 0.547276+0.585519j -0.433009+0.0555683j 1.09664-0.80772j 0.812824+0.0145121j -0.765924-0.129558j -0.299778-0.257252j 0.318865-1.38483j 0.480141+0.29346j -0.74151+0.537047j 2.26086-0.352236j 0.474779+0.203669j 0.370685+0.270855j -0.0561019-0.818186j 0.153704-0.0479574j -0.364248-0.524363j 0.281779+1.4728j 0.0330279+1.06048j -0.213125-0.0297872j 0.185516-0.394284j -0.590213+2.30723j 0.413603-0.082293j -0.462733-0.181049j -0.240164-0.0581682j -0.317409-0.141974j -0.191178-0.357852j 0.11875+0.0761297j 0.0883903+0.28914j -0.144288+0.709391j -0.235018+0.446613j -0.117517+0.0602177j 0.494502-0.183479j -0.213489+0.00340933j -0.254287-0.141219j -0.023374-0.128331j 
-0.322035-0.208317j 0.562644+0.245246j 1.02261-1.13183j -1.25296+0.457571j 0.854259+1.28342j 0.907449+0.127564j -0.979816+0.202478j 0.642536+0.269691j -0.182952-1.21101j -1.18384+0.79205j 0.497468-0.645433j 0.441045+0.0192977j 0.552495+2.4869e-14j -0.13231+0.635902j 0.0382428-0.451506j 1.32105+0.829823j 0.502044-0.893684j -0.705223+0.498117j -0.00724679+0.590621j -0.863151+0.0369463j -0.62789+0.257774j -0.447262-1.00057j -0.152105-0.166364j -0.221498+0.0980519j -0.49819+0.403721j 0.281343-0.820763j -0.134126-0.266486j -0.915304+0.145097j -0.214322-0.466483j 0.633862-0.595049j 0.719981-0.22419j -0.482033-0.379799j 1.43281-0.0875511j 0.462336-1.71295j -0.334302+0.548128j -0.683732-0.73717j 1.8316+0.276414j 0.236797-1.08604j -0.782975+0.412275j -0.594439+0.183058j -0.738067-0.346922j 0.417816+0.0475897j -0.504876-0.37012j -0.00636656+0.71498j 0.416139-0.729866j 0.600276-0.0333297j 0.763132+0.210452j 0.221176+0.436702j -0.157389-0.240561j -0.136633-0.816863j 0.365581-0.305972j -0.76039-0.221491j -0.658635+0.308998j -0.0937222-0.630772j 0.0181951+0.717258j -0.041389-0.122517j 0.357704+0.128596j 0.104628+0.446602j -0.0767373-0.166728j 0.354628-0.00993113j 0.61118-0.069772j 0.578101+0.22519j 0.116234-0.520659j -0.190619+0.130404j 0.202511+0.502869j -0.64886+0.291253j 0.657235+0.243101j 0.427664-0.45642j -0.833345-0.109336j 0.518988-0.539114j 0.807577+0.428847j 0.392006+0.297964j 0.250035-0.392352j -0.271521-0.484825j -0.20853-0.118712j 0.703073-1.48441j -0.220481-0.498875j 0.207571+0.323801j -1.13712-0.138469j 0.747832-0.904387j 0.0584178-0.24682j -0.732997+0.0389429j -0.601625-1.06202j -0.602303+0.548427j -0.143455-0.350085j 0.24004+0.62907j -0.395894-0.058671j 1.06617+1.2282j -0.00712961-0.574309j 0.506691+0.287499j 0.648856-0.491314j 0.0916334+0.152092j -0.877045+1.01782j -0.600495+0.415998j -0.989646-0.370127j -0.37196+0.293844j 0.507629+0.22983j 0.0909449+0.0645025j -0.73916-0.471661j -0.268217+0.364709j 0.461601+0.141548j 0.256596+0.566661j 0.558718+0.196564j -0.138107+0.449864j -0.112429+0.567372j 0.0209249-0.140819j 0.332628-0.48622j -0.227651+0.723978j -0.0344884+0.365779j 0.300552+0.22451j 0.919491+0.308591j -0.54784-0.00736653j -0.00952105-0.8543j 0.311808-0.404809j 
0.710331+0.342643j 0.0208204+0.90474j -0.453323+0.434257j 0.520795+0.301876j 0.506548-0.633255j -0.434482+1.06588j 0.295397-0.492293j 0.0615592-0.148356j 0.509142-1.62022j 0.436277+0.877874j -1.94396+0.499312j -1.02988-0.103863j -0.13231-0.635902j -1.40699+7.60503e-14j -0.959848+0.966972j 0.466055-0.450968j 0.0445851+0.42924j -0.204039-0.604961j -0.144715+0.187732j -0.370236+0.0348686j -0.41988+0.15919j -0.0282528-0.642987j -0.500753+1.25992j 1.03486+0.295922j 1.12274-0.0156969j 0.289224-0.388704j 0.19262+0.0697833j -0.433892-0.262084j 0.967312+0.780673j 0.0358249+1.25072j 0.420266-0.475356j 0.120246-0.20844j 0.675264+0.0472369j 0.573447-0.691978j -0.103269-0.0077427j 0.216164+0.568472j 1.0157+0.0704873j -0.546818+0.630165j 0.434407-0.169837j -1.13718+0.01901j 0.348615+0.274317j 0.62583+0.897523j -0.250388-0.233012j 0.169201+0.297977j -0.119391-0.189357j -0.093338-0.0580418j -0.121668+0.69814j -0.422466+0.164795j -0.0718654-0.342065j 0.175782-0.585973j 0.224239+0.150759j -0.439556-0.25399j -0.289368-0.162002j 0.429662+0.149666j -0.349539+0.485593j 0.205016+0.597718j -0.640049+0.609666j 0.754783+0.0771205j 0.50673+0.14884j -0.592027-0.00320365j -1.02323-1.2868j -0.542486-0.722018j 0.225317+0.489157j 0.0470532-0.834526j 0.190219-1.39549j 0.778452-0.187252j 0.377945-0.465086j -0.831061+0.1063j 0.179513-1.74836j -1.863+0.0333804j -0.480757-0.567738j 0.0483706-0.403953j 0.200434-0.130032j 0.932078-0.145377j 0.350089-0.783001j -0.427812-0.078762j -0.168843+0.441118j 0.772263-0.35142j -0.675294-0.582135j 1.10987+1.46091j 0.289986-0.0258177j 0.127816+0.0524281j -0.446899+0.513j 0.956139+0.00233027j 0.736387+0.562748j 0.102512+0.513857j -0.5458-0.452859j 0.0762005-0.424434j 0.125393+0.54098j -0.29522+0.711255j -0.553937+0.166467j 0.158315-0.308016j -0.395643+0.646445j 0.236506-0.121102j 0.670314+0.11218j -0.300041-0.192771j 0.605242-0.633247j -0.961951-0.0643661j -0.700649+0.0969208j -0.22838-0.560415j -0.0489984+0.127802j -0.114881-0.421425j -0.508478-0.754842j -0.0616912+0.640261j 0.203508-0.095444j 0.3105-0.457449j 0.176663-0.714118j 0.0532508+0.355272j 0.0214468+0.0882611j -0.325501+0.591509j 0.182401+0.125326j -0.482027-0.112297j 0.412038+0.207874j 0.327928+0.224574j 
0.43904-0.0730429j -0.861473-0.220871j -0.350235+0.779228j 0.442097+1.37513j -0.82275-0.69221j 0.325081-0.0939349j 0.0950762-0.385826j -0.0699602+0.179632j 0.865558-0.394156j -0.455842-0.747931j -0.542903-0.497282j 2.46814-2.42035j 0.0382428+0.451506j -0.959848-0.966972j -0.445828-1.4011e-13j -0.190669-0.237146j 0.145348-0.379674j -0.208536-0.235668j -0.22936+0.143762j -0.238521-0.260647j -0.542502-0.175234j 0.266325-0.67293j -0.0685867-0.418473j -0.735414+0.105532j -0.16001-0.00852551j -1.44153-0.0940144j 0.14655+0.132919j 0.235672+1.75075j 0.67099+0.447643j -0.761673+0.911042j -1.71924-0.51369j 0.0878032-0.556368j -1.41424-2.13107j -0.218563+0.45445j -0.403062+0.387001j 0.00986361-0.387313j 0.0598505-0.819437j 0.166679-0.2662j 0.0121344+0.0438725j -0.185593-0.822485j -0.0382046+0.0675029j -0.546546+0.723472j -0.197121+0.118232j 0.279519-0.0201829j 0.234606-0.309963j 0.284866+0.00637739j 0.0473083+0.287158j -0.137336+0.11588j 0.0515664-0.130903j 0.245137-0.281467j 0.300109+0.00321911j -0.128129-0.299294j -0.457702-0.0565909j -0.0530602-0.25275j -0.45748+0.37329j -0.193813-0.150823j -0.0202806-0.166213j 0.237967-0.223089j -0.026922+0.141961j 0.294273-0.395252j 0.273661+0.975018j 0.510882+1.06637j -0.661178-0.0773926j 0.248114+0.103914j -0.170551+1.11943j 0.732907+0.348702j 0.212131-0.737209j -0.283968-0.778656j -0.0799557-0.291349j 1.62443+0.360968j -0.0320412-0.856734j 0.064643-1.13356j 0.0499422+0.505479j 0.0782293+0.26277j -0.302093-1.9318j -0.0592643-0.46581j -0.435819+0.54839j 1.2632+0.273888j 0.733499+0.543788j -0.201658+0.103979j 0.646372-0.567892j -0.261028-0.169041j 0.869064+0.538943j 0.861674+0.431381j -0.165357-0.880267j 0.2212-0.595006j -1.7911-0.639582j -0.153658+0.143692j 0.10071-0.453058j -0.333895-0.133256j 0.0688847+0.171122j -0.346253+0.236258j 1.21694-0.454775j -0.10053+0.340092j -0.163256-0.488585j -0.0225272-0.171973j -0.62087+0.0754202j 0.30635-0.285563j -0.0150453-0.600321j 0.0149875-0.186771j 0.296106-0.0918797j 0.227404+0.214598j 0.367255+0.136873j -0.536824-0.0680042j 0.29152+0.311054j 0.236148+0.225276j 0.504607+0.0773887j -0.103514+0.297371j 0.0846157+0.247045j -0.0921738+0.194602j 0.216967+0.239324j -0.248875-0.196352j 0.164311-0.125473j 0.187162+0.0297921j 
0.000445701-1.08299j -1.06429-0.216955j -2.01934+0.798126j 0.342547-0.655971j -0.299312-0.0434952j -0.0411532-0.0598615j -0.668307+0.35901j -0.0576824+0.292866j 0.247841+0.0898665j -0.348058+0.625026j -0.208557-1.33021j 1.32019+0.478043j 1.32105-0.829823j 0.466055+0.450968j -0.190669+0.237146j -0.560295-1.3467e-13j -0.213345+0.0851515j -0.103877+0.580664j 0.522724+0.0849731j 0.16004+0.552809j 0.156218+0.707516j -0.722222+0.613619j -1.32108+0.253195j 1.44332+0.6753j -0.318177+1.38269j -0.540857-0.0307857j -1.07312-0.981096j 0.28395+0.00203614j 0.381853-0.550359j 0.938256+0.185386j -0.711251-0.198816j 0.0430833-0.916198j 0.353449-0.0463019j 0.992442+0.741369j -0.94783+0.664456j -0.198637+0.162834j 0.186507+1.08272j -0.455192-0.185812j 0.849906-0.0209998j 0.0847454+0.356885j 0.443071+0.455348j 0.170063-0.304967j 0.585971+0.279937j -0.198504-0.656307j -0.384737+0.0485178j -0.195424-0.146772j 0.253585-0.426431j 0.317645-0.0203162j -0.245969+0.150266j -0.674273+0.211224j -0.673139-0.135871j -0.033306+0.581499j 0.693841+0.450045j -0.172098+0.975197j 0.708105-0.296086j -0.307191+0.724433j -0.384328+0.987614j 0.240617+0.632934j 0.580399-0.639633j -0.664853-0.862264j -0.414503+0.400959j -0.42181+1.70291j 1.15588+0.834486j -0.67892-1.18243j -0.979808+0.579992j 0.101893-1.03724j 0.596941+0.690906j 0.162576-0.0944824j -1.18664-0.36195j 0.927469+1.61159j 0.488444-0.998031j -0.688387-0.162355j 1.6656-0.197717j -0.256525-0.565149j 0.0578369-0.0151559j 0.595867-0.00558934j -0.51789+0.0600098j -0.127588-0.22609j 0.574903-0.296194j 1.09138-0.884477j 0.00194875+0.0470961j 0.0746551-0.219677j -0.153104-1.10485j 1.16503+0.785069j 1.01816+0.172181j -0.220752-0.179445j 0.573265-0.368746j -0.556848+0.714526j -0.129375-0.181479j -0.00520312+0.197347j 0.547682-0.0396383j 0.112247-0.601106j -0.239112-0.371304j 1.1066+0.196555j -0.494467-0.418213j -0.110376-0.115677j 0.861026-0.529114j 0.133197-0.149471j 0.131057+0.235719j -0.0305234-0.314069j -0.46026-0.518368j 0.378008-0.50378j 0.100036-0.17499j 0.137507-0.154508j 0.365724-0.711907j -0.153774+0.260899j -0.27554+0.0273923j 0.370141-0.299266j 0.332246-0.364247j 0.33452-0.287688j -0.117584-0.311216j 0.234248+0.355685j -0.294418-0.0647055j -0.231896-0.216602j 
-1.46192-1.04659j -0.834893+0.210275j -0.35478-1.10133j -0.589422-0.26819j -0.530836-0.222046j 0.556836+0.392799j -0.0697923+0.68867j 1.49177+1.78791j 0.217995-0.803699j -0.146401+0.442872j -0.764327+1.87677j -0.416044-0.112343j 0.502044+0.893684j 0.0445851-0.42924j 0.145348+0.379674j -0.213345-0.0851515j 0.772366-3.33067e-15j 0.520229+0.347152j -0.228373+0.536408j -0.775509-0.713294j 0.438906+0.318163j -0.00916672+0.323283j -1.00932-0.238042j 0.297506+0.9835j -0.365106+0.919234j -0.510668-1.00495j -0.540279-0.626141j -0.291655+1.162j 1.03492-0.104662j 0.676733+1.07338j 0.10787-0.0422532j -0.512358+0.886341j -0.00685375+0.452055j -0.311399-0.242717j 1.3453-0.363692j -0.353844-0.260435j -0.195465-0.340867j 0.237686-0.28844j 0.218283-0.417975j -0.169322-0.306245j 0.396762-0.0888856j -0.0670305+0.286665j -0.133879+0.139898j 0.221527-0.095023j 0.601567+0.392394j 0.127768+0.580364j -0.2871-0.403544j 0.160518-0.309418j 0.423248+0.0990591j 0.522994-0.0440024j -0.179906+0.557963j 0.125451-0.897213j 0.590054-0.25219j -0.552612+0.6164j -0.363768-0.445879j -0.943857+0.12441j 1.25663+0.960156j -0.725626+1.03017j -0.38241-1.1836j 0.197572-0.749738j -0.137556-0.487303j -1.49978+0.0431199j -0.305842+0.0612208j -1.74516+0.536014j -0.600348-0.215677j 0.676124+0.608837j 0.579685+1.0599j -0.115679-0.446931j -0.994416-0.338021j -0.694993+0.941185j -0.499948+0.480326j 0.230948-0.694406j -0.139348+0.853097j -0.0691778-0.399341j -0.622853-0.177364j 0.855283+0.593075j 0.247265+0.0106756j 0.896424-0.515371j -0.186178-0.166703j 0.228829-0.644875j -0.0082352-0.238012j 0.14512-0.598733j -0.556914+0.84696j -0.361837-0.343244j -0.462707+0.351589j -0.0070913+0.270744j -0.43051+0.375405j -0.860839+0.376495j -0.34569-0.156915j 0.0126595+0.117118j -0.541439-0.31161j 0.00662608+0.149864j -0.153845+0.412425j 0.232585-0.31346j 0.645548+1.00315j -0.0442059+0.112647j -0.378463+0.155501j 0.0117027-0.399777j -0.253672-0.315224j -0.230709-0.0495217j 0.407576-0.0689783j -0.227098-0.13689j 0.382408-0.112344j -0.233522+0.10762j -0.0400261-0.00763963j 0.00857921-0.386632j 0.516583+0.381143j -0.353691-0.0825223j -0.229542+0.533135j -0.081508-0.36819j -0.382002+0.160388j 0.546216-0.34818j -0.0904562+0.0113285j -0.243192+0.0885944j 
1.08913+1.50845j -0.36012+0.181907j 0.464771+0.378398j 0.632383-0.393492j 0.328329-0.503913j 0.682716+0.282398j 0.101171+0.244507j 1.29033-0.195474j 1.50331+1.60448j 0.15736+0.421917j -0.128383-0.0653974j 0.17046-0.197529j -0.705223-0.498117j -0.204039+0.604961j -0.208536+0.235668j -0.103877-0.580664j 0.520229-0.347152j 0.203697-1.11022e-16j 1.09427+1.43329j -1.27593+1.74942j 0.892051+0.175324j -0.5672+1.51229j 0.199659-1.14735j -1.45769+0.21178j -0.435789+0.572331j 0.636924-0.362981j 0.134229+0.984837j -0.732736-0.157173j -0.152042-0.586162j 0.163587-0.679775j -0.41152+0.269851j 0.0581169-0.050347j -0.273895-0.393506j 0.223139-0.217893j -0.250191+0.146569j 0.330071+0.574158j 0.332191-0.193866j -0.322997+0.736525j 0.0910871+0.123315j -0.344236+0.31066j -0.0747011+0.19695j 0.486708+0.0973208j -0.157024+0.429515j 0.469853-0.148164j 0.385753-0.130551j 0.260104+0.218112j -0.132662+0.0185569j -0.00225087-0.0869773j -0.343015-0.149743j -1.17737-0.850513j -1.21022+1.3059j -1.33769+0.615706j 2.1717-0.862741j 1.03659+0.83735j 0.351241-2.41663j 0.628466-0.109349j -0.301435+1.15088j -1.02011-0.55729j 0.516685-0.477405j -0.245654+1.26427j 0.352142+0.44982j -0.239025-0.388178j -0.634921+0.983071j -1.19258-0.915771j 0.0369255-0.141908j -0.246503-0.187604j -0.944795+0.710363j 1.0773+0.259106j 0.261706+0.614107j -0.214135-0.467089j -0.379534+0.0409542j -0.094013+0.256889j 0.327897+0.947898j -0.16161+0.0891685j -0.0898281-0.146252j -0.134625-0.784712j 0.0784344+0.222079j -1.13129+0.462005j 0.220619+0.337197j -0.346571-0.228201j 0.0775192+0.00781242j -0.308823-0.00151386j -0.149762+0.0207373j 0.332532-0.401228j 0.420582-0.15216j 0.185862-0.194028j -0.0964848-0.223321j 0.535497+0.27054j 0.0860974+0.659396j -0.00490716+0.264208j 0.043125+0.0816572j -0.032957-0.214889j 0.477993-0.0741392j 0.106867+0.206692j -0.21348-0.175738j -0.0378325-0.0333625j 0.284954-0.377687j -0.531953+0.0572123j -0.107273+0.143514j 0.145812-0.141061j 0.278062-0.366571j -0.0272371+0.036926j -0.551719-0.400079j -0.00751314+0.16501j 0.40794+0.163371j -0.254554-0.32785j 0.201109-0.155123j -0.0909618+0.234008j 0.164849+0.45691j -0.0846563+0.000126879j -0.0924822+0.151208j 0.0426893-0.239224j -0.0013932-0.0380094j -0.00676744+0.0484653j 
