-0.00271914-0j -0.000423921-0j -0.000328368-0j -4.73958e-05-0j -0.000299757-0j -5.29901e-05-0j -3.53267e-05-0j -4.41584e-06-0j -3.05938e-05-0j -6.24494e-06-0j -3.12247e-06-0j -3.67987e-07-0j -4.5069e-07-0j -2.90919e-08-0j -9.16309e-10-0j 1.00622-0j -0.000395298-0j -0.000301914-0j -4.35775e-05-0j -0.00027004-0j -0.000184884-0j -4.77367e-05-0j -3.97806e-06-0j -4.35775e-05-0j -2.66856e-05-0j -2.51595e-05-0j -5.44719e-06-0j -3.63146e-06-0j -3.20978e-07-0j -4.44761e-06-0j -1.1119e-06-0j -5.24156e-07-0j -3.20978e-07-0j -2.39243e-08-0j -3.27597e-08-0j -1.72659e-09-0j -4.70966e-11-0j 
-0.143691-0j -0.00308426-0j 5.06682e-05-0j -0.000696975-0j 4.62535e-05-0j -0.000385533-0j -0.000257022-0j -9.77459e-05-0j 4.72073e-06-0j -9.18346e-05-0j -2.27177e-05-0j -1.08796e-05-0j -9.97615e-06-0j -1.07626e-06-0j -4.7515e-08-0j 0.000395298-0j 0.984951-0j 4.65863e-05-0j -0.000640826-0j 4.1668e-05-0j 2.85282e-05-0j -0.000347312-0j -8.80556e-05-0j -0.000317051-0j 4.11768e-06-0j 3.88219e-06-0j -8.01032e-05-0j -5.34021e-05-0j -9.48978e-06-0j -3.23589e-05-0j 1.7157e-07-0j -1.16023e-05-0j -4.72013e-06-0j -8.85081e-07-0j -9.68547e-07-0j -7.67035e-08-0j -2.7921e-09-0j 
0.000320454-0j -0.0146122-0j -0.00369977-0j 5.58565e-06-0j 3.53267e-05-0j -0.000597048-0j 4.1633e-06-0j 5.20412e-07-0j -0.000693018-0j -7.03628e-05-0j -0.00010628-0j 4.33677e-08-0j -1.02091e-05-0j -3.27783e-07-0j 1.07988e-10-0j 0.000301914-0j 4.65863e-05-0j 0.994933-0j -0.00150208-0j 3.18245e-05-0j 2.17887e-05-0j -0.000537858-0j 4.68819e-07-0j 5.13566e-06-0j -0.000604488-0j -0.000283476-0j -6.13743e-05-0j 4.27971e-07-0j 3.78277e-08-0j -0.000100748-0j -5.05051e-05-0j -5.90575e-06-0j -1.09252e-05-0j 2.81951e-09-0j -7.42079e-07-0j -1.94538e-08-0j 5.55039e-12-0j 
-4.62535e-05-0j -0.201-0j -5.58565e-06-0j -0.003584-0j -5.09897e-06-0j 8.59034e-05-0j 5.72689e-05-0j -0.00102331-0j -5.20412e-07-0j -0.000472233-0j 5.0619e-06-0j -0.000171751-0j -0.000104441-0j -2.27092e-05-0j -1.50731e-06-0j -4.35775e-05-0j 0.000640826-0j 0.00150208-0j 0.963799-0j -4.59347e-06-0j -3.14493e-06-0j 7.7387e-05-0j -0.000921859-0j 7.06444e-05-0j -4.53932e-07-0j -4.27971e-07-0j -0.000411908-0j -0.000274605-0j -0.000149811-0j 7.21011e-06-0j -1.89138e-08-0j -0.000121466-0j -2.42719e-05-0j -1.86754e-05-0j -1.529e-05-0j -2.0259e-06-0j -1.034e-07-0j 
0.000286623-0j 4.46852e-05-0j -0.00840402-0j -0.00121302-0j -0.00456148-0j 5.58565e-06-0j -0.00107888-0j 4.65471e-07-0j -0.000465554-0j -9.50309e-05-0j 3.29137e-07-0j -5.59975e-06-0j 4.75069e-08-0j 3.06656e-09-0j 9.65875e-11-0j 0.00027004-0j 4.1668e-05-0j 3.18245e-05-0j 4.59347e-06-0j 0.997728-0j 1.94884e-05-0j -0.00122174-0j -0.000101812-0j -0.00066313-0j 2.81291e-06-0j -0.000768368-0j 5.74184e-07-0j -0.000110904-0j 3.38341e-08-0j -6.76804e-05-0j 1.17205e-07-0j -7.97621e-06-0j 3.38341e-08-0j -3.64063e-07-0j 3.45318e-09-0j 1.81998e-10-0j 4.96442e-12-0j 
0.000196237-0j 3.05938e-05-0j 2.36979e-05-0j 3.4205e-06-0j -0.00839053-0j -0.00148325-0j 2.54949e-06-0j -0.000123604-0j 2.20792e-06-0j 4.5069e-07-0j 2.25345e-07-0j 2.65572e-08-0j 3.25257e-08-0j 2.09953e-09-0j 6.61289e-11-0j 0.000184884-0j 2.85282e-05-0j 2.17887e-05-0j 3.14493e-06-0j 1.94884e-05-0j 0.998414-0j 3.4451e-06-0j 2.87092e-07-0j -0.00121978-0j -0.00074696-0j 1.81573e-06-0j -0.000152473-0j 2.62078e-07-0j -8.98454e-06-0j 3.20978e-07-0j 8.02446e-08-0j 3.78277e-08-0j 2.31646e-08-0j 1.72659e-09-0j 2.36423e-09-0j 1.24606e-10-0j 3.3989e-12-0j 
-5.06682e-05-0j 0.00037246-0j -0.142034-0j -0.0204359-0j -5.58565e-06-0j -0.00445113-0j 3.10383e-05-0j 1.18039e-05-0j 0.000109576-0j -0.00106027-0j -0.000792344-0j 1.31384e-06-0j -0.000231562-0j -1.24258e-05-0j 5.73798e-09-0j -4.77367e-05-0j 0.000347312-0j 0.000537858-0j 7.7387e-05-0j 0.00122174-0j -3.4451e-06-0j 0.973592-0j -0.00258186-0j 3.82875e-05-0j 9.5578e-05-0j 4.48215e-05-0j -0.000924824-0j 6.44892e-06-0j 1.146e-06-0j -0.0007511-0j 7.98555e-06-0j -0.000133954-0j -0.000164627-0j 1.06884e-07-0j -2.24815e-05-0j -8.85574e-07-0j 3.37178e-10-0j 
4.22235e-06-0j -9.44316e-05-0j -0.000123803-0j -0.243439-0j 4.65471e-07-0j -1.18039e-05-0j -7.8693e-06-0j -0.00430988-0j 4.75069e-08-0j 0.000132109-0j -6.95554e-07-0j -0.00148366-0j -0.000439875-0j -0.000296344-0j -3.29438e-05-0j 3.97806e-06-0j -8.80556e-05-0j 4.68819e-07-0j 0.000921859-0j -0.000101812-0j 2.87092e-07-0j 0.00258186-0j 0.942695-0j -9.70721e-06-0j 4.14381e-08-0j 3.90683e-08-0j 0.000115232-0j 7.68216e-05-0j -0.00129413-0j -9.90738e-07-0j 1.72659e-09-0j -0.000511578-0j 6.79013e-06-0j -0.000243705-0j -0.000132082-0j -3.53607e-05-0j -2.71487e-06-0j 
-4.62535e-05-0j 0.000340008-0j -5.58565e-06-0j 7.68343e-05-0j -0.142384-0j -0.00822088-0j -0.00820913-0j -0.00208428-0j 7.51285e-05-0j -0.00146151-0j 2.50439e-06-0j -0.000173144-0j 1.09977e-06-0j 1.18646e-07-0j 5.23803e-09-0j -4.35775e-05-0j 0.000317051-0j -5.13566e-06-0j 7.06444e-05-0j 0.00066313-0j 0.00121978-0j 3.82875e-05-0j 9.70721e-06-0j 0.975986-0j 8.78032e-05-0j 0.000123995-0j -0.00170807-0j -0.00170563-0j -0.000202355-0j -0.000514978-0j -1.89138e-08-0j -0.000184646-0j 5.20345e-07-0j -1.40857e-05-0j 1.06772e-07-0j 8.45577e-09-0j 3.078e-10-0j 
-2.83244e-05-0j -4.41584e-06-0j 0.000657454-0j -4.93706e-07-0j 0.000603973-0j -0.020522-0j -3.67987e-07-0j 8.89737e-06-0j -0.00582547-0j 1.25036e-05-0j -0.00180247-0j -3.8332e-09-0j -8.58173e-05-0j 5.82475e-08-0j -9.54489e-12-0j -2.66856e-05-0j -4.11768e-06-0j 0.000604488-0j -4.53932e-07-0j -2.81291e-06-0j 0.00074696-0j 9.5578e-05-0j -4.14381e-08-0j 8.78032e-05-0j 0.982865-0j 5.0374e-05-0j -0.00210958-0j -3.78277e-08-0j 6.46731e-07-0j -0.000846883-0j -0.00128817-0j 1.04946e-06-0j -0.000185287-0j -2.49212e-10-0j -6.23788e-06-0j 3.45696e-09-0j -4.90589e-13-0j 
-2.67045e-05-0j -4.1633e-06-0j 0.000308314-0j -4.65471e-07-0j 0.000852926-0j 4.9754e-05-0j -0.0144608-0j -4.33677e-08-0j -0.0167322-0j -0.00169883-0j 8.85668e-06-0j 1.04707e-06-0j 8.50759e-07-0j 2.73153e-08-0j -8.999e-12-0j -2.51595e-05-0j -3.88219e-06-0j 0.000283476-0j -4.27971e-07-0j 0.000768368-0j -1.81573e-06-0j 4.48215e-05-0j -3.90683e-08-0j 0.000123995-0j 5.0374e-05-0j 0.984623-0j 5.11453e-06-0j -0.00148651-0j -3.15231e-09-0j -0.00243245-0j 4.20876e-06-0j -0.000142588-0j 9.10434e-07-0j 6.8074e-08-0j 6.184e-08-0j 1.62115e-09-0j -4.62532e-13-0j 
5.78169e-06-0j -8.59034e-05-0j -6.6752e-05-0j 0.000448-0j -0.000123286-0j -0.198573-0j -7.15861e-06-0j -0.0247421-0j -1.25036e-05-0j -0.00564348-0j 0.000182744-0j 2.14688e-05-0j -0.00250933-0j -0.00027139-0j 1.88414e-07-0j 5.44719e-06-0j -8.01032e-05-0j -6.13743e-05-0j 0.000411908-0j 5.74184e-07-0j -0.000152473-0j 0.000924824-0j 0.000115232-0j 0.00170807-0j 0.00210958-0j -5.11453e-06-0j 0.952161-0j 3.43257e-05-0j -0.00362219-0j 0.000173232-0j -9.11222e-07-0j -0.00145159-0j -0.000876262-0j 2.33443e-06-0j -0.000367361-0j -2.42108e-05-0j 1.2925e-08-0j 
3.85446e-06-0j -5.72689e-05-0j 4.65471e-07-0j 0.000298666-0j -0.000123109-0j -7.15861e-06-0j -0.198917-0j 8.52757e-05-0j -1.25648e-05-0j -0.0114016-0j -4.21825e-07-0j -0.00414674-0j 8.70342e-06-0j 1.89244e-06-0j 1.25609e-07-0j 3.63146e-06-0j -5.34021e-05-0j 4.27971e-07-0j 0.000274605-0j -0.000110904-0j 2.62078e-07-0j -6.44892e-06-0j 7.68216e-05-0j 0.00170563-0j 3.78277e-08-0j 0.00148651-0j 3.43257e-05-0j 0.953811-0j 1.24842e-05-0j 0.00017408-0j 1.57615e-09-0j -0.00293266-0j 2.02266e-06-0j -0.000450898-0j 1.27416e-06-0j 1.68825e-07-0j 8.61667e-09-0j 
-3.4069e-07-0j 1.01769e-05-0j -4.11422e-08-0j -0.000162937-0j 7.26467e-06-0j -0.000246063-0j 8.48077e-07-0j -0.277869-0j -3.8332e-09-0j -2.14688e-05-0j 7.49601e-08-0j -0.00546182-0j 0.000146617-0j -0.00225462-0j -0.000507707-0j -3.20978e-07-0j 9.48978e-06-0j -3.78277e-08-0j -0.000149811-0j -3.38341e-08-0j 8.98454e-06-0j 1.146e-06-0j 0.00129413-0j -0.000202355-0j 6.46731e-07-0j -3.15231e-09-0j 0.00362219-0j -1.24842e-05-0j 0.921511-0j 1.06772e-07-0j -1.39314e-10-0j 0.000170517-0j -1.10346e-06-0j -0.00185413-0j -0.000486234-0j -0.000407138-0j -5.24095e-05-0j 
4.72073e-06-0j -3.47019e-05-0j -0.000109576-0j -7.84187e-06-0j -7.51285e-05-0j 0.000833758-0j 0.000837841-0j -1.09977e-06-0j -0.140164-0j -0.028671-0j -0.0141647-0j 1.76715e-05-0j -0.00205179-0j 2.32752e-06-0j -5.34605e-10-0j 4.44761e-06-0j -3.23589e-05-0j -0.000100748-0j -7.21011e-06-0j -6.76804e-05-0j 3.20978e-07-0j 0.0007511-0j -9.90738e-07-0j 0.000514978-0j 0.000846883-0j 0.00243245-0j 0.000173232-0j 0.00017408-0j -1.06772e-07-0j 0.960774-0j 0.000214695-0j -0.00362228-0j -0.00294304-0j 1.43762e-06-0j -0.000199201-0j 1.6588e-07-0j -3.14148e-11-0j 
1.18018e-06-0j 1.83993e-07-0j -5.49304e-05-0j 2.05711e-08-0j 1.30103e-07-0j -8.86435e-06-0j 1.53328e-08-0j 1.9166e-09-0j 0.00147683-0j -1.04467e-06-0j -0.0288705-0j 1.59716e-10-0j 2.17557e-05-0j -4.86659e-09-0j 3.97704e-13-0j 1.1119e-06-0j 1.7157e-07-0j -5.05051e-05-0j 1.89138e-08-0j 1.17205e-07-0j 8.02446e-08-0j -7.98555e-06-0j 1.72659e-09-0j 1.89138e-08-0j 0.00128817-0j -4.20876e-06-0j -9.11222e-07-0j 1.57615e-09-0j 1.39314e-10-0j 0.000214695-0j 0.967332-0j -8.76824e-08-0j -0.00296778-0j 1.03838e-11-0j 1.58138e-06-0j -2.88829e-10-0j 2.04412e-14-0j 
-5.56344e-07-0j 1.24425e-05-0j 6.42322e-06-0j -0.000132109-0j 8.85398e-06-0j -0.000148695-0j -0.00030041-0j 0.000567876-0j -0.000173692-0j -0.240247-0j -2.64691e-05-0j -0.0282216-0j -0.0111402-0j -0.00373307-0j 4.34073e-06-0j -5.24156e-07-0j 1.16023e-05-0j 5.90575e-06-0j -0.000121466-0j 7.97621e-06-0j -3.78277e-08-0j -0.000133954-0j 0.000511578-0j -0.000184646-0j 1.04946e-06-0j -0.000142588-0j 0.00145159-0j 0.00293266-0j 0.000170517-0j 0.00362228-0j 8.76824e-08-0j 0.930335-0j 0.000258397-0j -0.00463564-0j -0.00334509-0j -0.000445441-0j 3.57715e-07-0j 
-3.4069e-07-0j 5.0619e-06-0j 1.18825e-05-0j -2.63986e-05-0j -3.75575e-08-0j -0.000182744-0j 4.21825e-07-0j -7.53738e-06-0j -0.000212423-0j 0.00100459-0j -0.195457-0j -1.26506e-06-0j -0.0426309-0j 4.831e-05-0j -1.11024e-08-0j -3.20978e-07-0j 4.72013e-06-0j 1.09252e-05-0j -2.42719e-05-0j -3.38341e-08-0j -2.31646e-08-0j -0.000164627-0j -6.79013e-06-0j 5.20345e-07-0j -0.000185287-0j 9.10434e-07-0j 0.000876262-0j -2.02266e-06-0j -1.10346e-06-0j 0.00294304-0j 0.00296778-0j 0.000258397-0j 0.937217-0j -1.37557e-07-0j -0.00624109-0j 4.30975e-06-0j -7.61613e-10-0j 
2.53935e-08-0j -9.49169e-07-0j 3.06656e-09-0j 2.03118e-05-0j -4.04127e-07-0j -1.18646e-07-0j 2.29167e-05-0j -0.000270524-0j -4.12461e-08-0j -0.000386362-0j -6.99129e-09-0j -0.30687-0j -2.76102e-05-0j -0.00758044-0j -0.00539043-0j 2.39243e-08-0j -8.85081e-07-0j 2.81951e-09-0j 1.86754e-05-0j -3.64063e-07-0j 1.72659e-09-0j -1.06884e-07-0j -0.000243705-0j 1.40857e-05-0j 2.49212e-10-0j -6.8074e-08-0j 2.33443e-06-0j -0.000450898-0j 0.00185413-0j 1.43762e-06-0j 1.03838e-11-0j 0.00463564-0j 1.37557e-07-0j 0.899952-0j 0.000189237-0j -0.0028511-0j -0.000745332-0j 
3.47715e-08-0j -1.03868e-06-0j -8.07101e-07-0j 1.66297e-05-0j 3.8332e-09-0j 2.49556e-05-0j -8.65565e-08-0j -0.000146617-0j 7.15144e-06-0j -0.000421162-0j -0.00042397-0j 0.000557445-0j -0.273538-0j -0.0442297-0j 5.18177e-05-0j 3.27597e-08-0j -9.68547e-07-0j -7.42079e-07-0j 1.529e-05-0j 3.45318e-09-0j 2.36423e-09-0j 2.24815e-05-0j -0.000132082-0j -1.06772e-07-0j 6.23788e-06-0j -6.184e-08-0j -0.000367361-0j 1.27416e-06-0j 0.000486234-0j -0.000199201-0j 1.58138e-06-0j 0.00334509-0j 0.00624109-0j 0.000189237-0j 0.907148-0j -0.00798697-0j 5.34902e-06-0j 
-1.83262e-09-0j 8.22575e-08-0j 2.11583e-08-0j -2.20341e-06-0j -2.02027e-10-0j -9.8303e-07-0j 6.8548e-09-0j 3.9252e-05-0j 3.96324e-09-0j 2.77565e-05-0j -1.74989e-07-0j -0.000466764-0j -0.000770022-0j -0.331456-0j -0.036417-0j -1.72659e-09-0j 7.67035e-08-0j 1.94538e-08-0j -2.0259e-06-0j -1.81998e-10-0j -1.24606e-10-0j -8.85574e-07-0j 3.53607e-05-0j 8.45577e-09-0j 3.45696e-09-0j 1.62115e-09-0j 2.42108e-05-0j -1.68825e-07-0j -0.000407138-0j -1.6588e-07-0j 2.88829e-10-0j -0.000445441-0j 4.30975e-06-0j 0.0028511-0j 0.00798697-0j 0.877134-0j -0.00764843-0j 
4.99888e-11-0j -2.99428e-09-0j 6.03672e-12-0j 1.1246e-07-0j 5.51074e-12-0j -3.74284e-10-0j -2.49523e-10-0j -3.01363e-06-0j 5.62438e-13-0j 1.48179e-08-0j -2.20549e-11-0j 6.0085e-05-0j -3.07578e-07-0j -0.000906322-0j -0.378589-0j 4.70966e-11-0j -2.7921e-09-0j 5.55039e-12-0j 1.034e-07-0j 4.96442e-12-0j 3.3989e-12-0j -3.37178e-10-0j -2.71487e-06-0j -3.078e-10-0j 4.90589e-13-0j 4.62532e-13-0j 1.2925e-08-0j 8.61667e-09-0j 5.24095e-05-0j -3.14148e-11-0j 2.04412e-14-0j -3.57715e-07-0j 7.61613e-10-0j -0.000745332-0j 5.34902e-06-0j 0.00764843-0j 0.847183-0j 
0.00258207-0j 0.000402552-0j 0.000311815-0j 4.50066e-05-0j 0.000284647-0j 5.03189e-05-0j 3.3546e-05-0j 4.19325e-06-0j 2.90517e-05-0j 5.93014e-06-0j 2.96507e-06-0j 3.49437e-07-0j 4.27971e-07-0j 2.76254e-08-0j 8.70119e-10-0j 4.21483e-05-0j 6.50363e-06-0j 4.96723e-06-0j 7.16957e-07-0j 4.44282e-06-0j 3.04179e-06-0j 7.85387e-07-0j 6.5449e-08-0j 7.16957e-07-0j 4.39045e-07-0j 4.13936e-07-0j 8.96197e-08-0j 5.97465e-08-0j 5.28089e-09-0j 7.31742e-08-0j 1.82935e-08-0j 8.62366e-09-0j 5.28089e-09-0j 3.93614e-10-0j 5.38979e-10-0j 2.84067e-11-0j 7.74855e-13-0j 
-0.000395298-0j 0.00290582-0j -4.77367e-05-0j 0.000656651-0j -4.35775e-05-0j 0.000363227-0j 0.000242151-0j 9.20907e-05-0j -4.44761e-06-0j 8.65213e-05-0j 2.14034e-05-0j 1.02501e-05-0j 9.39897e-06-0j 1.01399e-06-0j 4.47659e-08-0j 0.00253442-0j 4.69464e-05-0j -7.60448e-07-0j 1.04605e-05-0j -6.80166e-07-0j -4.65677e-07-0j 5.66932e-06-0j 1.43737e-06-0j 5.17536e-06-0j -6.72148e-08-0j -6.33707e-08-0j 1.30756e-06-0j 8.71706e-07-0j 1.54906e-07-0j 5.28208e-07-0j -2.80061e-09-0j 1.8939e-07-0j 7.70487e-08-0j 1.44476e-08-0j 1.581e-08-0j 1.25207e-09-0j 4.55767e-11-0j 
0.102336-0j -4.65863e-05-0j 0.00344997-0j -5.20851e-06-0j -3.29415e-05-0j 0.000556736-0j -3.88219e-06-0j -4.85274e-07-0j 0.000646225-0j 6.56119e-05-0j 9.91042e-05-0j -4.04395e-08-0j 9.5198e-06-0j 3.05652e-07-0j -1.00697e-10-0j -4.87772e-06-0j 0.00025776-0j 5.49581e-05-0j -8.29717e-08-0j -5.14157e-07-0j -3.52019e-07-0j 8.68964e-06-0j -7.57425e-09-0j -8.29717e-08-0j 9.76612e-06-0j 4.57984e-06-0j 9.91565e-07-0j -6.91431e-09-0j -6.11144e-10-0j 1.62769e-06-0j 8.1596e-07-0j 9.54133e-08-0j 1.76508e-07-0j -4.5552e-11-0j 1.1989e-08-0j 3.14295e-10-0j -8.96721e-14-0j 
-0.0147709-0j -0.000640826-0j 5.20851e-06-0j 0.00334201-0j 4.75469e-06-0j -8.01032e-05-0j -5.34021e-05-0j 0.000954215-0j 4.85274e-07-0j 0.000440348-0j -4.72013e-06-0j 0.000160154-0j 9.73892e-05-0j 2.11759e-05-0j 1.40554e-06-0j 7.04038e-07-0j 0.00354566-0j 8.29717e-08-0j 5.32383e-05-0j 7.42121e-08-0j 5.08096e-08-0j -1.25027e-06-0j 1.48936e-05-0j -1.14133e-06-0j 7.33373e-09-0j 6.91431e-09-0j 6.65479e-06-0j 4.43652e-06-0j 2.42034e-06-0j -1.16487e-07-0j 3.05572e-10-0j 1.9624e-06-0j 3.92137e-07-0j 3.0172e-07-0j 2.47025e-07-0j 3.27305e-08-0j 1.67053e-09-0j 
-0.000263532-0j 0.0120166-0j -3.18245e-05-0j -4.59347e-06-0j 0.004194-0j -5.13566e-06-0j 0.000991959-0j -4.27971e-07-0j 0.000428048-0j 8.7375e-05-0j -3.02621e-07-0j 5.14862e-06-0j -4.36796e-08-0j -2.81951e-09-0j -8.88062e-11-0j -4.30174e-06-0j -6.63774e-07-0j 0.000148277-0j 2.1402e-05-0j 6.54608e-05-0j -3.10452e-07-0j -8.01583e-08-0j -6.67986e-09-0j 1.05637e-05-0j -4.48098e-08-0j 1.22401e-05-0j -9.14677e-09-0j 1.76671e-06-0j -5.38979e-10-0j 1.07815e-06-0j -1.86708e-09-0j 1.27061e-07-0j -5.38979e-10-0j 5.79953e-09-0j -5.50093e-11-0j -2.89924e-12-0j -7.90833e-14-0j 
-0.000250008-0j -3.89769e-05-0j 0.00733045-0j 0.00105806-0j 0.00533103-0j 0.000942402-0j -3.24807e-06-0j 7.85335e-05-0j -2.81291e-06-0j -5.74184e-07-0j -2.87092e-07-0j -3.38341e-08-0j -4.14381e-08-0j -2.67482e-09-0j -8.42489e-11-0j -4.08099e-06-0j -6.29711e-07-0j -4.8095e-07-0j -6.94191e-08-0j 0.000104446-0j 0.000114231-0j 1.84637e-05-0j 1.53864e-06-0j 1.34276e-05-0j 8.22269e-06-0j -4.00791e-08-0j 1.67845e-06-0j -5.78493e-09-0j 9.89036e-08-0j -7.08506e-09-0j -1.77126e-09-0j -8.34982e-10-0j -5.1132e-10-0j -3.81115e-11-0j -5.21864e-11-0j -2.75046e-12-0j -7.5025e-14-0j 
4.65863e-05-0j 0.100161-0j -0.000537858-0j -7.7387e-05-0j 5.13566e-06-0j 0.00409254-0j -2.85378e-05-0j -1.0853e-05-0j -0.000100748-0j 0.00097485-0j 0.000728511-0j -1.20799e-06-0j 0.000212907-0j 1.14248e-05-0j -5.27572e-09-0j 7.60448e-07-0j -5.53269e-06-0j 0.002506-0j 0.000360563-0j 8.01583e-08-0j 5.48806e-08-0j 6.38772e-05-0j -1.69396e-07-0j -6.09922e-07-0j -1.52256e-06-0j -7.14008e-07-0j 1.47325e-05-0j -1.02732e-07-0j -1.82558e-08-0j 1.19651e-05-0j -1.2721e-07-0j 2.13389e-06-0j 2.62252e-06-0j -1.70266e-09-0j 3.58131e-07-0j 1.41072e-08-0j -5.37127e-12-0j 
-3.88219e-06-0j -0.0253943-0j -4.68819e-07-0j -0.000921859-0j -4.27971e-07-0j 1.0853e-05-0j 7.23533e-06-0j 0.00396267-0j -4.36796e-08-0j -0.000121466-0j 6.39519e-07-0j 0.00136414-0j 0.000404438-0j 0.00027247-0j 3.02898e-05-0j -6.33707e-08-0j 1.40273e-06-0j 2.18433e-06-0j 0.00429515-0j -6.67986e-09-0j -4.57338e-09-0j 1.69396e-07-0j 6.185e-05-0j 1.54636e-07-0j -6.60111e-10-0j -6.22359e-10-0j -1.83566e-06-0j -1.22377e-06-0j 2.06156e-05-0j 1.57825e-08-0j -2.75046e-11-0j 8.14946e-06-0j -1.08167e-07-0j 3.88222e-06-0j 2.10407e-06-0j 5.63297e-07-0j 4.32479e-08-0j 
4.1668e-05-0j -0.0003063-0j -0.00122174-0j 0.0168059-0j -0.00066313-0j -3.82875e-05-0j 0.00739529-0j -9.70721e-06-0j -6.76804e-05-0j 0.00131662-0j -2.25611e-06-0j 0.000155979-0j -9.90738e-07-0j -1.06884e-07-0j -4.71874e-09-0j 6.80166e-07-0j -4.94859e-06-0j 8.01583e-08-0j -1.10263e-06-0j 0.00251304-0j 4.90867e-08-0j 0.000145097-0j 3.67871e-05-0j 7.87547e-05-0j 7.08506e-09-0j -1.93534e-06-0j -1.37829e-07-0j 2.66218e-05-0j -1.63285e-08-0j 8.03787e-06-0j 2.95211e-10-0j 2.882e-06-0j -8.12164e-09-0j 2.19852e-07-0j -1.66652e-09-0j -1.31979e-10-0j -4.80421e-12-0j 
2.85282e-05-0j -0.000209709-0j 3.4451e-06-0j -4.73897e-05-0j -0.00121978-0j 0.0101671-0j -1.74758e-05-0j 0.00257772-0j 3.20978e-07-0j -6.24414e-06-0j -1.54466e-06-0j -7.3974e-07-0j -6.78312e-07-0j -7.31783e-08-0j -3.2307e-09-0j 4.65677e-07-0j -3.38807e-06-0j 5.48806e-08-0j -7.5492e-07-0j 4.90867e-08-0j 0.00251476-0j -4.09148e-07-0j -1.03733e-07-0j 0.000144864-0j -1.88141e-06-0j 4.57338e-09-0j 3.66e-05-0j -6.291e-08-0j 4.33598e-06-0j -3.81201e-08-0j 2.02117e-10-0j -1.3668e-08-0j -5.56051e-09-0j -1.04266e-09-0j -1.14099e-09-0j -9.036e-11-0j -3.28922e-12-0j 
2.55164e-05-0j 3.97806e-06-0j 0.143804-0j -0.000107988-0j 2.81291e-06-0j -9.5578e-05-0j 3.31505e-07-0j 4.14381e-08-0j 0.00524794-0j -1.1264e-05-0j 0.00162377-0j 3.45318e-09-0j 7.73095e-05-0j -5.24729e-08-0j 8.59862e-12-0j 4.16515e-07-0j 6.42696e-08-0j -9.43497e-06-0j 7.08506e-09-0j -1.066e-05-0j 3.00594e-08-0j 0.000362208-0j -1.57037e-07-0j 7.08506e-09-0j 7.93099e-05-0j -7.86247e-07-0j -1.70228e-07-0j 5.90421e-10-0j 5.21864e-11-0j 1.32183e-05-0j 2.0106e-05-0j -1.63801e-08-0j 2.89199e-06-0j 3.88974e-12-0j 9.73621e-08-0j -5.39569e-11-0j 7.65721e-15-0j 
-5.20851e-06-0j 7.7387e-05-0j -0.0146006-0j 0.0979904-0j -5.74184e-07-0j -0.000924824-0j 6.44892e-06-0j -0.000115232-0j 1.1264e-05-0j 0.005084-0j -0.000164627-0j -1.93405e-05-0j 0.00226056-0j 0.000244485-0j -1.69735e-07-0j -8.50207e-08-0j 1.25027e-06-0j 9.57942e-07-0j -6.42913e-06-0j 2.17596e-06-0j -6.13584e-09-0j 0.00350477-0j 0.000436692-0j 1.37829e-07-0j 1.70228e-07-0j 7.98285e-08-0j 7.68322e-05-0j -5.35761e-07-0j -2.92284e-07-0j -2.70384e-06-0j 1.42225e-08-0j 2.26567e-05-0j 1.36769e-05-0j -3.64362e-08-0j 5.73384e-06-0j 3.77887e-07-0j -2.01736e-10-0j 
3.29415e-05-0j 5.13566e-06-0j -0.000380323-0j 5.74184e-07-0j 0.101405-0j 0.0118715-0j -0.000123995-0j -1.03477e-05-0j 0.0102844-0j 0.00104419-0j -1.09252e-05-0j -6.43578e-07-0j -1.04946e-06-0j -3.36949e-08-0j 1.11008e-11-0j 5.37718e-07-0j 8.29717e-08-0j -6.05856e-06-0j 9.14677e-09-0j -8.18259e-06-0j -1.50513e-05-0j -9.57942e-07-0j 8.34982e-10-0j 0.000255414-0j 0.000208247-0j 0.000146277-0j 2.11436e-05-0j -2.20839e-07-0j -1.30317e-08-0j 2.5904e-05-0j -8.99512e-08-0j 1.51846e-06-0j -1.94582e-08-0j -7.24941e-10-0j -1.32167e-09-0j -3.46478e-11-0j 9.88542e-15-0j 
3.06914e-07-0j -9.168e-06-0j -8.99898e-06-0j -0.035639-0j 3.38341e-08-0j -1.146e-06-0j -7.64e-07-0j -0.00129413-0j 3.45318e-09-0j 1.93405e-05-0j -6.75287e-08-0j 0.00492035-0j -0.000132082-0j 0.0020311-0j 0.000457374-0j 5.00989e-09-0j -1.48118e-07-0j 5.90421e-10-0j 2.33827e-06-0j -1.2822e-07-0j 3.61558e-10-0j 4.34295e-06-0j 0.00490432-0j -1.63285e-08-0j 5.21864e-11-0j 4.92018e-11-0j 2.92284e-07-0j 1.94856e-07-0j 7.43591e-05-0j -1.66652e-09-0j 2.17443e-12-0j -2.66146e-06-0j 1.7223e-08-0j 2.89396e-05-0j 7.58924e-06-0j 6.35468e-06-0j 8.18017e-07-0j 
1.26792e-05-0j 1.97671e-06-0j 1.53116e-06-0j 2.21003e-07-0j -0.000608147-0j 2.47089e-07-0j 0.020741-0j 2.05908e-08-0j -6.20688e-05-0j -1.26697e-05-0j 1.45599e-08-0j -7.46571e-07-0j 2.10154e-09-0j 1.35654e-10-0j 4.27269e-12-0j 2.06968e-07-0j 3.19358e-08-0j 2.43914e-08-0j 3.52059e-09-0j -9.49208e-06-0j 1.49366e-08-0j 3.85662e-09-0j 3.21385e-10-0j -1.53178e-06-0j 2.15591e-09-0j 0.000255931-0j 4.40074e-10-0j 3.69405e-05-0j 2.59316e-11-0j -1.56336e-07-0j 8.98298e-11-0j -1.84244e-08-0j 2.59316e-11-0j -8.40956e-10-0j 2.64663e-12-0j 1.3949e-13-0j 3.8049e-15-0j 
-4.75469e-06-0j 7.06444e-05-0j -5.74184e-07-0j -0.000368422-0j -0.0146365-0j -0.00170807-0j -0.00170563-0j 0.0203471-0j 7.72293e-06-0j 0.00700796-0j 5.20345e-07-0j 0.00254879-0j -1.07361e-05-0j -2.33443e-06-0j -1.54946e-07-0j -7.76129e-08-0j 1.14133e-06-0j -9.14677e-09-0j -5.86897e-06-0j 1.18106e-06-0j 2.17247e-06-0j 1.37829e-07-0j -1.64186e-06-0j 0.00351339-0j 1.5638e-07-0j 2.20839e-07-0j 0.000141903-0j 0.0001417-0j 5.161e-05-0j -1.85384e-06-0j -3.36862e-11-0j 3.12308e-05-0j -4.3229e-08-0j 4.80175e-06-0j -2.72319e-08-0j -3.60819e-09-0j -1.84159e-10-0j 
-4.11768e-06-0j 3.02689e-05-0j 9.5578e-05-0j 6.84011e-06-0j 8.78032e-05-0j 0.14067-0j 2.52241e-06-0j -0.000185551-0j -0.000846883-0j -0.000173232-0j 0.0123552-0j 1.06772e-07-0j 0.00178969-0j -2.0302e-06-0j 4.66312e-10-0j -6.72148e-08-0j 4.89025e-07-0j 1.52256e-06-0j 1.08963e-07-0j -7.08506e-09-0j 1.88141e-06-0j -1.1351e-05-0j 1.49726e-08-0j -1.04277e-05-0j 0.0024756-0j 1.2688e-07-0j 0.000506391-0j 9.08027e-09-0j -3.12116e-07-0j 0.000100578-0j -3.24459e-06-0j -3.79195e-07-0j 4.44768e-05-0j 1.50495e-10-0j 3.01043e-06-0j -2.50687e-09-0j 4.74757e-13-0j 
-3.88219e-06-0j 2.85378e-05-0j 4.48215e-05-0j 6.44892e-06-0j 0.000123995-0j -0.000341045-0j 0.099123-0j 9.04416e-07-0j -0.00243245-0j 0.0235367-0j -6.07092e-05-0j -2.91656e-05-0j -1.77423e-05-0j -9.52064e-07-0j 4.39643e-10-0j -6.33707e-08-0j 4.61057e-07-0j 7.14008e-07-0j 1.02732e-07-0j 1.93534e-06-0j -4.57338e-09-0j -5.3231e-06-0j 1.41163e-08-0j -1.47259e-05-0j 1.2688e-07-0j 0.00248003-0j -1.22771e-06-0j 0.000356827-0j 1.52132e-09-0j 0.000288883-0j 1.06008e-08-0j 5.15205e-05-0j -2.18543e-07-0j -4.11089e-08-0j -2.98443e-08-0j -1.1756e-09-0j 4.47606e-13-0j 
4.85274e-07-0j -1.0853e-05-0j -5.60269e-06-0j 0.000115232-0j -1.03477e-05-0j -0.0250876-0j -9.04416e-07-0j 0.0958113-0j -1.04946e-06-0j -0.00145159-0j 2.30878e-05-0j -0.000170517-0j 0.00971713-0j 0.00325619-0j -3.78622e-06-0j 7.92134e-09-0j -1.75341e-07-0j -8.9251e-08-0j 1.83566e-06-0j 8.34982e-10-0j -2.21727e-07-0j 2.02438e-06-0j -7.73125e-06-0j 3.73887e-06-0j 3.06777e-06-0j -7.43758e-09-0j 0.00424328-0j 1.52971e-07-0j 0.000498454-0j 3.79195e-07-0j -1.32511e-09-0j 9.73912e-05-0j -3.90504e-06-0j -4.85278e-07-0j 5.05529e-05-0j 6.73175e-06-0j -5.40599e-09-0j 
-1.9411e-06-0j -3.02621e-07-0j 6.7701e-05-0j -3.38341e-08-0j 3.08917e-05-0j 1.09252e-05-0j 7.30647e-06-0j -3.15231e-09-0j 0.174722-0j -0.000185875-0j 0.0116852-0j 3.79232e-08-0j -1.78292e-05-0j 5.99801e-09-0j -6.54119e-13-0j -3.16853e-08-0j -4.88915e-09-0j 1.07848e-06-0j -5.38979e-10-0j 4.82164e-07-0j -2.28669e-09-0j 1.70523e-07-0j -4.92018e-11-0j 7.78089e-08-0j -1.82906e-05-0j -2.60388e-05-0j 1.94582e-08-0j 1.30131e-08-0j -3.96995e-12-0j 0.000440082-0j 0.000292964-0j -2.70301e-07-0j 2.08117e-05-0j 4.27176e-11-0j -2.24538e-08-0j 6.16763e-12-0j -5.82504e-16-0j 
3.23516e-07-0j -7.23533e-06-0j 3.90683e-08-0j 7.68216e-05-0j -1.03329e-05-0j -9.04416e-07-0j -0.0251311-0j -0.000330222-0j -1.0546e-06-0j -0.00293266-0j -5.32932e-08-0j 0.0329356-0j -3.37032e-05-0j -2.27058e-05-0j -2.52415e-06-0j 5.28089e-09-0j -1.16894e-07-0j 6.22359e-10-0j 1.22377e-06-0j -1.61278e-07-0j 3.81115e-10-0j -1.41163e-08-0j -5.15417e-06-0j 3.73353e-06-0j 5.50093e-11-0j 2.1617e-06-0j 1.52971e-07-0j 0.00425064-0j -1.71796e-06-0j 3.81052e-07-0j 2.29205e-12-0j 0.00019676-0j 9.01393e-09-0j 9.37321e-05-0j -1.75339e-07-0j -4.69414e-08-0j -3.60399e-09-0j 
-2.21496e-08-0j 8.27917e-07-0j -2.67482e-09-0j -1.77171e-05-0j 4.72306e-07-0j -2.00178e-05-0j 6.89931e-08-0j -0.0456424-0j -2.49212e-10-0j -2.33443e-06-0j 6.09819e-09-0j -0.00185413-0j 2.40832e-05-0j 0.00661208-0j 0.00470183-0j -3.61558e-10-0j 1.33758e-08-0j -4.261e-11-0j -2.82233e-07-0j -3.81115e-11-0j 1.01204e-08-0j 1.61529e-09-0j 3.683e-06-0j -2.85219e-07-0j 7.28494e-10-0j -3.55083e-12-0j 6.82398e-06-0j -2.35194e-08-0j 0.00541999-0j 1.50495e-10-0j -1.56926e-13-0j 4.85278e-07-0j -2.07884e-09-0j 9.42106e-05-0j -2.85985e-06-0j 4.30875e-05-0j 1.12639e-05-0j 
4.85274e-07-0j -7.21011e-06-0j -1.1264e-05-0j 3.76019e-05-0j -7.72293e-06-0j 0.000173232-0j 0.00017408-0j 1.07361e-05-0j -0.0144084-0j 0.137478-0j -0.00294304-0j -0.000260135-0j 0.02003-0j -4.57953e-05-0j 1.58141e-08-0j 7.92134e-09-0j -1.16487e-07-0j -1.79436e-07-0j 5.98999e-07-0j -1.20541e-07-0j 5.71673e-10-0j 2.70384e-06-0j 1.67572e-07-0j 1.85384e-06-0j 1.50833e-06-0j 4.33228e-06-0j -1.43917e-05-0j -1.44622e-05-0j 2.72319e-08-0j 0.00345863-0j 3.82379e-07-0j 0.000612666-0j 0.000244501-0j -4.90077e-07-0j 5.08056e-05-0j -7.07833e-08-0j 1.87956e-11-0j 
1.7157e-07-0j -1.26121e-06-0j -7.98555e-06-0j -2.85005e-07-0j 1.89138e-08-0j 6.07618e-05-0j -1.051e-07-0j -3.99699e-08-0j 0.000214695-0j 1.44736e-05-0j 0.197897-0j -4.44884e-09-0j -0.000453707-0j 1.69623e-07-0j -1.94297e-11-0j 2.80061e-09-0j -2.0376e-08-0j -1.2721e-07-0j -4.54014e-09-0j 2.95211e-10-0j 2.02117e-10-0j 9.48381e-07-0j -6.23858e-10-0j -2.24625e-09-0j 3.24459e-06-0j -1.06008e-08-0j 2.18733e-07-0j -3.78345e-10-0j -6.72334e-11-0j -2.54976e-05-0j 0.00243648-0j 3.16818e-08-0j 0.000712396-0j -6.27064e-12-0j -7.6318e-07-0j 2.09449e-10-0j -1.97816e-14-0j 
-4.04395e-08-0j 1.20799e-06-0j 4.6689e-07-0j -1.93405e-05-0j 6.43578e-07-0j -1.44362e-05-0j -2.91656e-05-0j 0.000170517-0j -1.26253e-05-0j -0.0351718-0j -2.56979e-06-0j 0.0935927-0j -0.00334509-0j 0.0255859-0j -6.02643e-05-0j -6.60111e-10-0j 1.95163e-08-0j 7.43758e-09-0j -3.08094e-07-0j 1.00451e-08-0j -4.76394e-11-0j -2.25324e-07-0j 2.66146e-06-0j -3.10594e-07-0j 1.32167e-09-0j -1.79573e-07-0j 3.68192e-06-0j 7.43861e-06-0j -9.79767e-06-0j 6.09303e-06-0j 1.10425e-10-0j 0.00484002-0j 6.55417e-07-0j 0.000550478-0j 0.000192204-0j 8.00504e-05-0j -1.07783e-07-0j 
-2.8595e-08-0j 6.39519e-07-0j 9.97331e-07-0j -6.79013e-06-0j -3.15231e-09-0j -2.30878e-05-0j 5.32932e-08-0j 2.91878e-05-0j -1.78292e-05-0j 0.000258397-0j -0.0246939-0j 1.00478e-05-0j 0.165084-0j -0.000579632-0j 2.23105e-07-0j -4.66769e-10-0j 1.03321e-08-0j 1.58875e-08-0j -1.08167e-07-0j -4.92018e-11-0j -3.36862e-11-0j -3.60359e-07-0j 4.55568e-07-0j 1.139e-09-0j -2.69446e-07-0j 1.32396e-09-0j 3.90504e-06-0j -9.01393e-09-0j 1.51848e-07-0j 6.44213e-06-0j 4.31577e-06-0j -1.73365e-05-0j 0.00417668-0j 2.85953e-08-0j 0.000858843-0j -1.19832e-06-0j 3.18551e-10-0j 
1.50709e-09-0j -6.76462e-08-0j 1.81998e-10-0j 1.81202e-06-0j -2.39847e-08-0j -8.45577e-09-0j 1.63324e-06-0j -3.22797e-05-0j -2.44793e-09-0j -3.44675e-05-0j -4.98261e-10-0j -0.0554144-0j -3.29453e-06-0j -0.0028511-0j 0.0299482-0j 2.46009e-11-0j -1.09289e-09-0j 2.89924e-12-0j 2.88656e-08-0j -3.74358e-10-0j 1.77542e-12-0j -1.31979e-10-0j -5.03828e-07-0j 1.73929e-08-0j 2.56259e-13-0j -6.99991e-11-0j 3.60819e-09-0j -6.96928e-07-0j 5.80101e-06-0j 1.77516e-09-0j 1.06775e-14-0j 9.5836e-06-0j 2.12615e-10-0j 0.00586452-0j 5.92063e-07-0j 0.000130721-0j 0.000108977-0j 
2.26064e-09-0j -8.4499e-08-0j -5.24729e-08-0j 1.80824e-06-0j 2.49212e-10-0j 2.0302e-06-0j -7.04158e-09-0j -2.40832e-05-0j 4.64944e-07-0j -4.57953e-05-0j -3.4491e-05-0j 0.000189237-0j -0.044931-0j 0.129712-0j -0.000479879-0j 3.69013e-11-0j -1.36517e-09-0j -8.35896e-10-0j 2.88053e-08-0j 3.88974e-12-0j 2.66312e-12-0j 3.16877e-08-0j -3.75895e-07-0j -1.50495e-10-0j 7.0265e-09-0j -6.9658e-11-0j -6.92084e-07-0j 2.40044e-09-0j 2.85985e-06-0j -2.80773e-07-0j 1.7813e-09-0j 9.51987e-06-0j 1.17578e-05-0j -9.61533e-06-0j 0.00533551-0j 0.000845262-0j -1.14962e-06-0j 
-1.00697e-10-0j 5.27572e-09-0j 1.16259e-09-0j -1.69735e-07-0j -1.11008e-11-0j -6.30482e-08-0j 4.39643e-10-0j 3.78622e-06-0j 2.17768e-10-0j 2.13816e-06-0j -1.12232e-08-0j -6.02643e-05-0j -7.42758e-05-0j -0.0648825-0j 0.0881738-0j -1.64372e-12-0j 8.52345e-11-0j 1.852e-11-0j -2.70388e-09-0j -1.73263e-13-0j -1.18625e-13-0j -9.84067e-10-0j 5.90961e-08-0j 9.39622e-12-0j 3.29103e-12-0j 1.54334e-12-0j 3.23131e-08-0j -2.25324e-10-0j -9.10748e-07-0j -1.84329e-10-0j 2.74966e-13-0j -7.44438e-07-0j 5.75204e-09-0j 9.6696e-06-0j 1.78665e-05-0j 0.00624554-0j 0.000679131-0j 
2.42239e-12-0j -1.63283e-10-0j 2.92531e-13-0j 7.01192e-09-0j 2.67043e-13-0j -2.04104e-11-0j -1.36069e-11-0j -2.19381e-07-0j 2.7255e-14-0j 9.23901e-10-0j -1.20269e-12-0j 5.25557e-06-0j -2.23905e-08-0j -9.93374e-05-0j -0.0846439-0j 3.95417e-14-0j -2.638e-12-0j 4.66003e-15-0j 1.117e-10-0j 4.16806e-15-0j 2.85367e-15-0j -3.18569e-13-0j -3.42415e-09-0j -2.90812e-13-0j 4.11892e-16-0j 3.88336e-16-0j 1.39625e-11-0j 9.30835e-12-0j 7.94252e-08-0j -2.96809e-14-0j 1.71622e-17-0j -4.51171e-10-0j 8.22749e-13-0j -1.41539e-06-0j 8.1063e-09-0j 1.94689e-05-0j 0.00700456-0j 
