-0.00308601-0j 0.143404-0j -0.000372671-0j -5.37904e-05-0j -0.000340201-0j -6.01395e-05-0j -4.0093e-05-0j -5.01163e-06-0j -3.47216e-05-0j -7.08751e-06-0j -3.54376e-06-0j -4.17636e-07-0j -5.11497e-07-0j -3.3017e-08-0j -1.03994e-09-0j -0.00289834-0j -0.000447224-0j 0.101811-0j 0.0146951-0j -0.000305512-0j -0.00020917-0j -5.40075e-05-0j -4.50062e-06-0j -4.93018e-05-0j -3.01911e-05-0j -2.84644e-05-0j -6.16273e-06-0j -4.10849e-06-0j -3.63142e-07-0j -5.03185e-06-0j -1.25796e-06-0j -5.93009e-07-0j -3.63142e-07-0j -2.7067e-08-0j -3.70631e-08-0j -1.95339e-09-0j -5.32832e-11-0j 
0.000487941-0j -0.00359836-0j -0.0145343-0j 0.200564-0j 5.37904e-05-0j -0.000449795-0j -0.000299863-0j -0.000114034-0j 5.48996e-06-0j -0.000107138-0j -2.65044e-05-0j -1.26924e-05-0j -1.16385e-05-0j -1.25558e-06-0j -5.54318e-08-0j 0.000458268-0j -0.00334487-0j 5.40075e-05-0j -0.000745271-0j -0.0119151-0j 3.30727e-05-0j 0.0996336-0j 0.0252595-0j -0.000368738-0j 4.77363e-06-0j 4.50062e-06-0j -9.31588e-05-0j -6.21059e-05-0j -1.10363e-05-0j -3.76341e-05-0j 1.98901e-07-0j -1.34932e-05-0j -5.48944e-06-0j -1.02932e-06-0j -1.12639e-06-0j -8.92031e-08-0j -3.24709e-09-0j 
0.000385751-0j 6.01395e-05-0j -0.00448202-0j 6.7238e-06-0j -0.00833009-0j 0.141681-0j 5.01163e-06-0j -0.000122714-0j -0.000839515-0j -8.52397e-05-0j -0.000128746-0j 5.22045e-08-0j -1.23672e-05-0j -3.97087e-07-0j 1.29992e-10-0j 0.000362293-0j 5.5903e-05-0j -0.00410801-0j 6.16273e-06-0j 3.8189e-05-0j -0.0102695-0j -0.000649534-0j 5.62578e-07-0j -0.0012072-0j 0.142992-0j -0.000342334-0j 0.0145186-0j 5.13561e-07-0j -8.89184e-06-0j -0.000121662-0j -6.09885e-05-0j -7.13197e-06-0j -1.3193e-05-0j 3.38338e-09-0j -8.96129e-07-0j -2.3493e-08-0j 6.6604e-12-0j 
0.000257167-0j 4.0093e-05-0j 3.10559e-05-0j 4.48254e-06-0j -0.00829183-0j 5.01163e-06-0j 0.141927-0j 4.17636e-07-0j -0.000846281-0j -0.000172746-0j 2.95313e-07-0j -1.01792e-05-0j 4.26248e-08-0j 2.75142e-09-0j 8.66615e-11-0j 0.000241529-0j 3.72687e-05-0j 2.84644e-05-0j 4.10849e-06-0j -0.00744636-0j 1.74308e-05-0j 4.50062e-06-0j 3.75052e-07-0j -0.00120165-0j 2.51592e-06-0j 0.100763-0j 5.13561e-07-0j 0.0145438-0j 3.02619e-08-0j -0.000122643-0j 1.0483e-07-0j -1.44536e-05-0j 3.02619e-08-0j -6.59714e-07-0j 3.08859e-09-0j 1.62783e-10-0j 4.44027e-12-0j 
-5.56784e-05-0j 0.00082989-0j -6.7238e-06-0j -0.00434206-0j 0.00120235-0j -0.0203205-0j 6.91575e-05-0j 0.242834-0j -6.26453e-07-0j -0.000572117-0j 6.11272e-06-0j -0.00020806-0j -0.000126523-0j -2.75098e-05-0j -1.82593e-06-0j -5.22925e-05-0j 0.000771428-0j -6.16273e-06-0j -0.00397974-0j -5.51211e-06-0j 0.00148228-0j 9.31588e-05-0j -0.00111327-0j -0.0166586-0j 0.000106702-0j -5.13561e-07-0j 0.0974472-0j -0.000331645-0j 0.0354382-0j 8.67956e-06-0j -2.26964e-08-0j -0.000146686-0j -2.93135e-05-0j -2.25523e-05-0j -1.84643e-05-0j -2.44644e-06-0j -1.24863e-07-0j 
-6.42919e-05-0j 0.000474125-0j 0.000747003-0j 0.000107138-0j 0.00103293-0j -0.00570219-0j -0.011556-0j 1.50252e-05-0j -0.0203918-0j 0.197948-0j -0.001015-0j -0.000243731-0j -0.000296623-0j -1.59174e-05-0j 7.30378e-09-0j -6.03822e-05-0j 0.000440726-0j 0.000684669-0j 9.8198e-05-0j 0.000927612-0j -4.35771e-06-0j -0.00512077-0j 1.34932e-05-0j -0.00708085-0j 0.000121662-0j -0.0166877-0j -0.001181-0j -0.00239341-0j 1.45416e-06-0j 0.139788-0j 1.01647e-05-0j 0.0249299-0j -0.00021022-0j -1.97659e-05-0j -2.87075e-05-0j -1.13086e-06-0j 4.27842e-10-0j 
-2.27306e-05-0j -3.54376e-06-0j 0.000797807-0j -3.96204e-07-0j -2.50581e-06-0j 0.000128746-0j -2.95313e-07-0j -3.69141e-08-0j -0.0143529-0j 1.51728e-05-0j 0.139467-0j -3.07618e-09-0j -0.000211438-0j 7.06821e-08-0j -7.65986e-12-0j -2.13483e-05-0j -3.29412e-06-0j 0.000731233-0j -3.63142e-07-0j -2.25031e-06-0j -1.54068e-06-0j 0.000115618-0j -3.31502e-08-0j -3.63142e-07-0j -0.0124801-0j 6.09361e-05-0j 1.3193e-05-0j -3.02619e-08-0j -2.6748e-09-0j -0.00208002-0j 0.201163-0j 1.2695e-06-0j 0.0142918-0j -1.99367e-10-0j -1.53208e-05-0j 4.18179e-09-0j -3.92468e-13-0j 
5.35765e-06-0j -0.000120202-0j 6.46998e-07-0j 0.00128032-0j -8.60779e-05-0j -1.50252e-05-0j 0.00292972-0j -0.00552163-0j -8.78529e-06-0j -0.024586-0j -8.85371e-07-0j 0.276994-0j -0.000563549-0j -0.00037961-0j -4.21992e-05-0j 5.03185e-06-0j -0.000111734-0j 5.93009e-07-0j 0.00117349-0j -7.7301e-05-0j 3.63142e-07-0j -1.34932e-05-0j -0.00495862-0j 0.00179516-0j 5.24151e-08-0j -1.44536e-05-0j 0.000146686-0j -0.0286018-0j -0.00165261-0j 0.000183218-0j 2.18396e-09-0j 0.0952201-0j 8.64354e-06-0j 0.0453545-0j -0.000168669-0j -4.51534e-05-0j -3.46666e-06-0j 
5.68265e-06-0j -8.47003e-05-0j -0.000132739-0j 0.00044316-0j 6.26453e-07-0j 0.00204793-0j -7.05836e-06-0j 0.000126523-0j 0.00118368-0j -0.0112945-0j -0.0350126-0j 2.1235e-05-0j 0.239066-0j -0.000543089-0j 1.86358e-07-0j 5.33708e-06-0j -7.87336e-05-0j -0.000121662-0j 0.00040618-0j 5.62578e-07-0j 3.85171e-07-0j 0.00183911-0j 0.000113622-0j -8.67956e-06-0j 0.00102924-0j -1.01385e-05-0j -0.00982083-0j 3.38483e-05-0j 1.84643e-05-0j -0.0164-0j 0.000260901-0j -0.00289582-0j 0.167903-0j 2.30173e-06-0j 0.0348882-0j -4.82969e-05-0j 1.27438e-08-0j 
-4.73554e-07-0j 1.41905e-05-0j 5.5022e-06-0j -0.000227918-0j -5.22045e-08-0j -0.000170666-0j 1.18254e-06-0j 0.00201589-0j 1.0306e-06-0j 0.00288939-0j -3.03788e-05-0j -0.00768999-0j -0.0397971-0j 0.305378-0j -0.000714678-0j -4.44757e-07-0j 1.31909e-05-0j 5.04306e-06-0j -0.000208899-0j -4.68815e-08-0j -3.20975e-08-0j -0.000153264-0j 0.00181035-0j 1.45416e-06-0j 8.96129e-07-0j 4.20255e-07-0j 0.00251238-0j -1.74083e-05-0j -0.00668659-0j -2.87075e-05-0j 7.48704e-08-0j -0.0229503-0j 0.000447207-0j -0.00260197-0j 0.132004-0j 0.0549695-0j -7.35422e-05-0j 
1.76483e-08-0j -7.94651e-07-0j 2.13124e-09-0j 2.13534e-05-0j 1.94555e-09-0j -9.93314e-08-0j -6.62209e-08-0j -0.0003816-0j 1.98566e-10-0j 2.81356e-06-0j -5.85316e-09-0j 0.00455224-0j -3.89469e-05-0j -0.0339212-0j 0.357445-0j 1.65751e-08-0j -7.38672e-07-0j 1.95339e-09-0j 1.95716e-05-0j 1.74717e-09-0j 1.1962e-09-0j -8.92031e-08-0j -0.00034269-0j -8.14309e-08-0j 1.72657e-10-0j 1.62783e-10-0j 2.44644e-06-0j 1.63096e-06-0j 0.00395826-0j -8.31101e-09-0j 7.19405e-12-0j -4.51534e-05-0j 1.44158e-07-0j -0.0278083-0j 0.000403988-0j 0.0897887-0j 0.0748313-0j 
-1.00433-0j 0.000447224-0j 0.000346418-0j 5.00012e-05-0j 0.000316235-0j 5.5903e-05-0j 3.72687e-05-0j 4.65859e-06-0j 3.22756e-05-0j 6.58823e-06-0j 3.29412e-06-0j 3.88215e-07-0j 4.75465e-07-0j 3.06911e-08-0j 9.6668e-10-0j 3.83484e-05-0j -0.00207169-0j 4.5194e-06-0j 6.52319e-07-0j 4.04227e-06-0j 2.76756e-06-0j 7.1458e-07-0j 5.95483e-08-0j 6.52319e-07-0j 3.99462e-07-0j 3.76617e-07-0j 8.15399e-08-0j 5.43599e-08-0j 4.80478e-09-0j 6.6577e-08-0j 1.66443e-08-0j 7.84618e-09-0j 4.80478e-09-0j 3.58127e-10-0j 4.90386e-10-0j 2.58456e-11-0j 7.04997e-13-0j 
-0.000447224-0j -0.983044-0j -5.40075e-05-0j 0.000745271-0j -4.93018e-05-0j 0.000412261-0j 0.000274841-0j 0.000104518-0j -5.03185e-06-0j 9.8198e-05-0j 2.42927e-05-0j 1.16333e-05-0j 1.06673e-05-0j 1.15081e-06-0j 5.08062e-08-0j -5.9786e-06-0j 4.36375e-05-0j 0.000210012-0j -0.00289804-0j -6.302e-07-0j -4.31469e-07-0j 5.26973e-06-0j 1.336e-06-0j 4.81058e-06-0j -6.22771e-08-0j -5.87154e-08-0j 1.21536e-06-0j 8.10238e-07-0j 1.4398e-07-0j 4.90978e-07-0j -2.59488e-09-0j 1.76033e-07-0j 7.16156e-08-0j 1.34285e-08-0j 1.46949e-08-0j 1.16375e-09-0j 4.23618e-11-0j 
-0.000346418-0j -5.40075e-05-0j -0.992808-0j 0.00148938-0j -3.8189e-05-0j 0.000649534-0j -4.50062e-06-0j -5.62578e-07-0j 0.000753915-0j 7.65483e-05-0j 0.000115618-0j -4.68815e-08-0j 1.11062e-05-0j 3.56598e-07-0j -1.16738e-10-0j -4.63101e-06-0j -7.1458e-07-0j 5.25106e-05-0j -7.8775e-08-0j 0.000120407-0j -3.34214e-07-0j -0.00204793-0j 1.77376e-06-0j -7.8775e-08-0j 9.3309e-06-0j 4.37589e-06-0j 9.47407e-07-0j -6.56458e-09-0j -5.80233e-10-0j 1.55515e-06-0j 7.79585e-07-0j 9.11643e-08-0j 1.6864e-07-0j -4.3248e-11-0j 1.14548e-08-0j 3.00299e-10-0j -8.51365e-14-0j 
5.00012e-05-0j -0.000745271-0j -0.00148938-0j -0.961807-0j 5.51211e-06-0j -9.31588e-05-0j -6.21059e-05-0j 0.00111327-0j 5.62578e-07-0j 0.000513782-0j -5.48944e-06-0j 0.000186845-0j 0.000113622-0j 2.47048e-05-0j 1.63975e-06-0j 6.68428e-07-0j -9.86078e-06-0j 7.8775e-08-0j 5.08709e-05-0j -1.73793e-05-0j 4.82396e-08-0j 0.000293723-0j -0.00351004-0j -1.08705e-06-0j 6.96279e-09-0j 6.56458e-09-0j 6.35887e-06-0j 4.23925e-06-0j 2.31251e-06-0j -1.10946e-07-0j 2.90116e-10-0j 1.87501e-06-0j 3.747e-07-0j 2.88274e-07-0j 2.36019e-07-0j 3.12717e-08-0j 1.59606e-09-0j 
-0.000316235-0j -4.93018e-05-0j -3.8189e-05-0j -5.51211e-06-0j -0.995249-0j 0.0012072-0j 0.00120165-0j 0.0001006-0j 0.000518551-0j 0.000105849-0j -3.63142e-07-0j 6.2372e-06-0j -5.24151e-08-0j -3.38338e-09-0j -1.06566e-10-0j -4.22751e-06-0j -6.52319e-07-0j -4.98217e-07-0j -7.19114e-08-0j 6.49445e-05-0j 0.000119833-0j -7.8775e-08-0j -6.56458e-09-0j -0.00205297-0j 8.62618e-06-0j 1.21432e-05-0j 1.76081e-06-0j 1.75272e-06-0j 1.03757e-07-0j 1.06965e-06-0j -1.83486e-09-0j 1.26059e-07-0j -5.29678e-10-0j 5.75379e-09-0j -5.406e-11-0j -2.84921e-12-0j -7.77186e-14-0j 
5.5903e-05-0j -0.000412261-0j -0.000649534-0j -9.31588e-05-0j -0.0012072-0j -0.971238-0j -3.43551e-05-0j 0.00255921-0j -0.000121662-0j 0.001181-0j 0.000882561-0j -1.45416e-06-0j 0.00025792-0j 1.38405e-05-0j -6.35078e-09-0j 7.47325e-07-0j -5.45468e-06-0j -8.47387e-06-0j -1.21536e-06-0j 7.8775e-08-0j -2.11837e-05-0j 6.33777e-05-0j -1.67e-07-0j 0.000117791-0j 0.00029496-0j -7.06156e-07-0j -0.00286323-0j -1.0128e-07-0j 3.52548e-06-0j 1.18711e-05-0j -1.25805e-07-0j 2.11711e-06-0j 2.60181e-06-0j -1.67857e-09-0j 3.55301e-07-0j 1.39961e-08-0j -5.29523e-12-0j 
3.72687e-05-0j -0.000274841-0j 4.50062e-06-0j -6.21059e-05-0j -0.00120165-0j -3.43551e-05-0j -0.972922-0j -8.70982e-06-0j -0.000122643-0j 0.00239341-0j -2.02439e-06-0j 0.000283542-0j -8.88943e-07-0j -9.59008e-08-0j -4.23385e-09-0j 4.98217e-07-0j -3.63646e-06-0j 5.87154e-08-0j -8.10238e-07-0j -1.53601e-05-0j 3.59557e-08-0j -4.39144e-07-0j -1.11333e-07-0j 0.00011725-0j 5.18976e-09-0j 0.000207849-0j -1.0128e-07-0j -0.0028682-0j -1.19984e-08-0j 1.19668e-05-0j 2.1624e-10-0j 4.29052e-06-0j -5.96797e-09-0j 3.27298e-07-0j -1.22458e-09-0j -9.69792e-11-0j -3.53015e-12-0j 
-4.65859e-06-0j 0.000104518-0j -5.62578e-07-0j -0.00111327-0j 0.0001006-0j -0.00255921-0j 8.70982e-06-0j -0.940483-0j -5.24151e-08-0j -0.000146686-0j 7.69847e-07-0j 0.00165261-0j 0.000490016-0j 0.000330079-0j 3.6693e-05-0j -6.22771e-08-0j 1.38289e-06-0j -7.33943e-09-0j -1.45238e-05-0j -6.56458e-09-0j 1.76531e-06-0j 1.67e-07-0j 6.13708e-05-0j -2.98628e-05-0j 1.27076e-07-0j -6.11619e-10-0j 0.000355626-0j -1.21031e-06-0j -0.00400661-0j 1.55593e-08-0j -2.703e-11-0j 8.08631e-06-0j -1.06978e-07-0j 3.85161e-06-0j 2.08755e-06-0j 5.58846e-07-0j 4.29055e-08-0j 
3.22756e-05-0j 5.03185e-06-0j -0.000753915-0j 5.62578e-07-0j -0.000518551-0j -0.000121662-0j -0.000122643-0j 5.24151e-08-0j -0.979803-0j 0.00208963-0j 0.00208002-0j -6.36581e-07-0j 9.90384e-05-0j -6.67935e-08-0j 1.08764e-11-0j 4.31469e-07-0j 6.6577e-08-0j -9.83563e-06-0j 7.33943e-09-0j -6.62837e-06-0j 3.11386e-08-0j -1.55515e-06-0j 6.69995e-10-0j -1.06965e-06-0j 8.32072e-05-0j 0.000239727-0j -1.77456e-07-0j -1.78886e-07-0j 5.406e-11-0j -0.0020211-0j 2.10921e-05-0j 2.48862e-06-0j 3.0339e-06-0j -5.87244e-10-0j 1.02146e-07-0j -5.62482e-11-0j 7.93212e-15-0j 
-6.58823e-06-0j 9.8198e-05-0j 7.65483e-05-0j -0.000513782-0j 0.000105849-0j -0.001181-0j -0.00239341-0j -0.000146686-0j -0.00208963-0j -0.949259-0j -0.00021022-0j 0.00358798-0j 0.00289582-0j 0.00031319-0j -2.16056e-07-0j -8.80731e-08-0j 1.29927e-06-0j 9.98655e-07-0j -6.70283e-06-0j 1.35301e-06-0j -6.35613e-09-0j -1.50962e-05-0j -1.87501e-06-0j -2.08745e-05-0j 1.77456e-07-0j -2.43406e-05-0j 8.06133e-05-0j 0.000163371-0j -3.04699e-07-0j 0.000412098-0j 1.48263e-08-0j -0.00346425-0j 1.43493e-05-0j 5.53571e-06-0j 6.01527e-06-0j 3.9644e-07-0j -2.103e-10-0j 
-3.29412e-06-0j 2.42927e-05-0j 0.000115618-0j 5.48944e-06-0j -3.63142e-07-0j -0.000882561-0j 2.02439e-06-0j 7.69847e-07-0j -0.00208002-0j -0.00021022-0j -0.95606-0j 8.56872e-08-0j 0.00440955-0j -2.46363e-06-0j 3.74223e-10-0j -4.40366e-08-0j 3.2142e-07-0j 1.50836e-06-0j 7.16156e-08-0j -4.64186e-09-0j -3.17807e-09-0j -1.12813e-05-0j 9.84056e-09-0j 3.54333e-08-0j -2.57435e-05-0j 1.25697e-07-0j -2.60181e-06-0j 5.96797e-09-0j 1.06051e-09-0j 0.000202956-0j 0.000414953-0j -3.76849e-07-0j -0.00281849-0j 9.89104e-11-0j 6.07445e-06-0j -2.49133e-09-0j 3.12024e-13-0j 
3.88215e-07-0j -1.16333e-05-0j 4.68815e-08-0j 0.000186845-0j -6.2372e-06-0j -1.45416e-06-0j 0.000283542-0j -0.00165261-0j -6.36581e-07-0j -0.00358798-0j -8.56872e-08-0j -0.918772-0j -0.000168669-0j 0.00260197-0j 0.000585886-0j 5.18976e-09-0j -1.53921e-07-0j 6.11619e-10-0j 2.43759e-06-0j -7.97269e-08-0j 3.74539e-10-0j -1.85878e-08-0j -2.11245e-05-0j 2.47295e-06-0j 5.406e-11-0j -1.49072e-08-0j 3.04699e-07-0j -5.94123e-05-0j 7.80243e-05-0j 2.52395e-07-0j 2.2525e-12-0j 0.000405652-0j 1.79546e-08-0j -0.00442493-0j 7.96332e-06-0j 6.66666e-06-0j 8.58147e-07-0j 
4.75465e-07-0j -1.06673e-05-0j -1.11062e-05-0j 0.000113622-0j 5.24151e-08-0j 0.00025792-0j -8.88943e-07-0j -0.000490016-0j 9.90384e-05-0j -0.00289582-0j -0.00440955-0j -0.000168669-0j -0.925887-0j 0.0065163-0j -3.74497e-06-0j 6.35613e-09-0j -1.41141e-07-0j -1.44892e-07-0j 1.48232e-06-0j 6.69995e-10-0j 4.58714e-10-0j 3.29685e-06-0j -6.26363e-06-0j -1.55593e-08-0j 1.22576e-06-0j -1.20744e-08-0j -3.58404e-05-0j 1.23527e-07-0j -2.08755e-06-0j -2.93993e-05-0j 3.10717e-07-0j 0.000159637-0j 0.00061275-0j -3.93103e-07-0j -0.00394442-0j 1.10325e-05-0j -4.37902e-09-0j 
-3.06911e-08-0j 1.15081e-06-0j 3.56598e-07-0j -2.47048e-05-0j -3.38338e-09-0j -1.38405e-05-0j 9.59008e-08-0j 0.000330079-0j 6.67935e-08-0j 0.00031319-0j -2.46363e-06-0j -0.00260197-0j -0.0065163-0j -0.895768-0j 0.00661886-0j -4.10287e-10-0j 1.52265e-08-0j 4.65221e-09-0j -3.223e-07-0j -4.3248e-11-0j -2.96099e-11-0j -1.76916e-07-0j 4.21923e-06-0j 1.67857e-09-0j 8.26676e-10-0j 3.87684e-10-0j 3.87623e-06-0j -2.68584e-08-0j -3.22035e-05-0j -3.31377e-08-0j 6.90677e-11-0j -5.34884e-05-0j 6.89974e-07-0j 0.000108638-0j 0.000635751-0j -0.00477961-0j 1.29854e-05-0j 
9.6668e-10-0j -5.08062e-08-0j 1.16738e-10-0j 1.63975e-06-0j 1.06566e-10-0j -6.35078e-09-0j -4.23385e-09-0j -3.6693e-05-0j 1.08764e-11-0j 2.16056e-07-0j -3.74223e-10-0j 0.000585886-0j -3.74497e-06-0j -0.00661886-0j -0.865712-0j 1.29228e-11-0j -6.72224e-10-0j 1.52297e-12-0j 2.13922e-08-0j 1.36218e-12-0j 9.32624e-13-0j -8.11788e-11-0j -4.69028e-07-0j -7.41057e-11-0j 1.34613e-13-0j 1.26914e-13-0j 2.67403e-09-0j 1.78269e-09-0j 7.25128e-06-0j -7.56338e-12-0j 5.60886e-15-0j -6.17999e-08-0j 1.57569e-10-0j -7.72339e-05-0j 7.4008e-07-0j 0.000523471-0j -0.00545929-0j 
0.00188553-0j 0.000293958-0j 0.000227699-0j 3.28655e-05-0j 0.00020786-0j 3.67448e-05-0j 2.44965e-05-0j 3.06206e-06-0j 2.12146e-05-0j 4.33041e-06-0j 2.16521e-06-0j 2.55172e-07-0j 3.12521e-07-0j 2.01731e-08-0j 6.35394e-10-0j -0.713296-0j 0.00027325-0j 0.000208698-0j 3.0123e-05-0j 0.000186666-0j 0.000127801-0j 3.29981e-05-0j 2.74984e-06-0j 3.0123e-05-0j 1.84465e-05-0j 1.73915e-05-0j 3.76538e-06-0j 2.51025e-06-0j 2.21877e-07-0j 3.07442e-06-0j 7.68605e-07-0j 3.62324e-07-0j 2.21877e-07-0j 1.65377e-08-0j 2.26452e-08-0j 1.19351e-09-0j 3.25556e-11-0j 
-0.00190507-0j -0.000297004-0j -0.000230059-0j -3.32061e-05-0j -0.000210014-0j -3.71256e-05-0j -2.47504e-05-0j -3.0938e-06-0j -2.14345e-05-0j -4.37529e-06-0j -2.18764e-06-0j -2.57816e-07-0j -3.15759e-07-0j -2.03822e-08-0j -6.41978e-10-0j -0.700172-0j 0.000268223-0j 0.000204858-0j 2.95688e-05-0j 0.000183231-0j 0.00012545-0j 3.2391e-05-0j 2.69925e-06-0j 2.95688e-05-0j 1.81071e-05-0j 1.70715e-05-0j 3.6961e-06-0j 2.46406e-06-0j 2.17795e-07-0j 3.01785e-06-0j 7.54463e-07-0j 3.55657e-07-0j 2.17795e-07-0j 1.62334e-08-0j 2.22286e-08-0j 1.17155e-09-0j 3.19566e-11-0j 
0.101861-0j 0.00214558-0j -3.51347e-05-0j 0.000484838-0j -3.20735e-05-0j 0.000268198-0j 0.000178799-0j 6.79945e-05-0j -3.27348e-06-0j 6.38831e-05-0j 1.58037e-05-0j 7.56806e-06-0j 6.93965e-06-0j 7.48663e-07-0j 3.30522e-08-0j -0.00027325-0j -0.698269-0j -3.22029e-05-0j 0.00044438-0j -2.88031e-05-0j -1.97201e-05-0j 0.000240851-0j 6.10615e-05-0j 0.000219866-0j -2.84636e-06-0j -2.68357e-06-0j 5.55476e-05-0j 3.70317e-05-0j 6.58058e-06-0j 2.244e-05-0j -1.18598e-07-0j 8.04555e-06-0j 3.27317e-06-0j 6.13747e-07-0j 6.71628e-07-0j 5.31889e-08-0j 1.93614e-09-0j 
-0.102917-0j -0.00216782-0j 3.54988e-05-0j -0.000489863-0j 3.24058e-05-0j -0.000270977-0j -0.000180651-0j -6.86991e-05-0j 3.30741e-06-0j -6.45451e-05-0j -1.59675e-05-0j -7.64649e-06-0j -7.01157e-06-0j -7.56422e-07-0j -3.33947e-08-0j -0.000268223-0j -0.685421-0j -3.16103e-05-0j 0.000436204-0j -2.82732e-05-0j -1.93573e-05-0j 0.00023642-0j 5.99379e-05-0j 0.000215821-0j -2.79399e-06-0j -2.6342e-06-0j 5.45255e-05-0j 3.63503e-05-0j 6.4595e-06-0j 2.20271e-05-0j -1.16416e-07-0j 7.89752e-06-0j 3.21295e-06-0j 6.02454e-07-0j 6.5927e-07-0j 5.22102e-08-0j 1.90051e-09-0j 
-0.000222211-0j 0.0103259-0j 0.00258186-0j -3.87324e-06-0j -2.44965e-05-0j 0.000416646-0j -2.88694e-06-0j -3.60868e-07-0j 0.000483602-0j 4.91022e-05-0j 7.41637e-05-0j -3.00723e-08-0j 7.12413e-06-0j 2.28742e-07-0j -7.48819e-11-0j -0.000208698-0j -3.22029e-05-0j -0.705345-0j 0.00105814-0j -2.19987e-05-0j -1.50615e-05-0j 0.000374163-0j -3.24072e-07-0j -3.55003e-06-0j 0.000420501-0j 0.000197201-0j 4.26953e-05-0j -2.95836e-07-0j -2.61485e-08-0j 7.00835e-05-0j 3.51323e-05-0j 4.10836e-06-0j 7.59984e-06-0j -1.94899e-09-0j 5.16214e-07-0j 1.35331e-08-0j -3.83672e-12-0j 
3.20735e-05-0j 0.142492-0j 3.87324e-06-0j 0.00250124-0j 3.53577e-06-0j -5.97571e-05-0j -3.98381e-05-0j 0.00071411-0j 3.60868e-07-0j 0.000329567-0j -3.52122e-06-0j 0.000119853-0j 7.28835e-05-0j 1.5847e-05-0j 1.05182e-06-0j 3.0123e-05-0j -0.00044438-0j -0.00105814-0j -0.68332-0j 3.17525e-06-0j 2.17394e-06-0j -5.3664e-05-0j 0.000641296-0j -4.89883e-05-0j 3.13782e-07-0j 2.95836e-07-0j 0.000286565-0j 0.000191044-0j 0.000104214-0j -4.99985e-06-0j 1.30742e-08-0j 8.44982e-05-0j 1.6886e-05-0j 1.29912e-05-0j 1.06363e-05-0j 1.40927e-06-0j 7.19273e-08-0j 
0.000224514-0j -0.0104329-0j -0.00260862-0j 3.91338e-06-0j 2.47504e-05-0j -0.000420964-0j 2.91686e-06-0j 3.64607e-07-0j -0.000488613-0j -4.96111e-05-0j -7.49323e-05-0j 3.0384e-08-0j -7.19796e-06-0j -2.31112e-07-0j 7.56578e-11-0j -0.000204858-0j -3.16103e-05-0j -0.692367-0j 0.00103867-0j -2.1594e-05-0j -1.47844e-05-0j 0.000367279-0j -3.18109e-07-0j -3.48471e-06-0j 0.000412764-0j 0.000193573-0j 4.19098e-05-0j -2.90393e-07-0j -2.56673e-08-0j 6.8794e-05-0j 3.44859e-05-0j 4.03277e-06-0j 7.46e-06-0j -1.91313e-09-0j 5.06716e-07-0j 1.32841e-08-0j -3.76612e-12-0j 
-3.24058e-05-0j -0.143969-0j -3.91338e-06-0j -0.00252716-0j -3.57241e-06-0j 6.03764e-05-0j 4.02509e-05-0j -0.00072151-0j -3.64607e-07-0j -0.000332983-0j 3.55771e-06-0j -0.000121095-0j -7.36388e-05-0j -1.60112e-05-0j -1.06272e-06-0j 2.95688e-05-0j -0.000436204-0j -0.00103867-0j -0.670747-0j 3.11682e-06-0j 2.13394e-06-0j -5.26766e-05-0j 0.000629496-0j -4.8087e-05-0j 3.08008e-07-0j 2.90393e-07-0j 0.000281293-0j 0.000187528-0j 0.000102297-0j -4.90786e-06-0j 1.28337e-08-0j 8.29434e-05-0j 1.65753e-05-0j 1.27522e-05-0j 1.04406e-05-0j 1.38334e-06-0j 7.06039e-08-0j 
-0.000198752-0j -3.09859e-05-0j 0.00592022-0j 0.00085451-0j 0.00319322-0j -3.87324e-06-0j 0.00075523-0j -3.2277e-07-0j 0.000325906-0j 6.65253e-05-0j -2.28233e-07-0j 3.92004e-06-0j -3.29426e-08-0j -2.12643e-09-0j -6.69764e-11-0j -0.000186666-0j -2.88031e-05-0j -2.19987e-05-0j -3.17525e-06-0j -0.707326-0j -1.34714e-05-0j 0.000857958-0j 7.14965e-05-0j 0.000462761-0j -1.94443e-06-0j 0.000536183-0j -3.96906e-07-0j 7.73914e-05-0j -2.33879e-08-0j 4.72303e-05-0j -8.1018e-08-0j 5.56614e-06-0j -2.33879e-08-0j 2.54059e-07-0j -2.38702e-09-0j -1.25807e-10-0j -3.43166e-12-0j 
-0.000136076-0j -2.12146e-05-0j -1.64328e-05-0j -2.37186e-06-0j 0.00589199-0j 0.00104157-0j -1.76788e-06-0j 8.67972e-05-0j -1.53103e-06-0j -3.12521e-07-0j -1.5626e-07-0j -1.84155e-08-0j -2.25542e-08-0j -1.45587e-09-0j -4.58556e-11-0j -0.000127801-0j -1.97201e-05-0j -1.50615e-05-0j -2.17394e-06-0j -1.34714e-05-0j -0.707812-0j -2.38143e-06-0j -1.98453e-07-0j 0.000853866-0j 0.000522884-0j -1.25513e-06-0j 0.000106733-0j -1.81162e-07-0j 6.28932e-06-0j -2.21877e-07-0j -5.54693e-08-0j -2.61485e-08-0j -1.60126e-08-0j -1.19351e-09-0j -1.63428e-09-0j -8.61341e-11-0j -2.3495e-12-0j 
0.000200812-0j 3.1307e-05-0j -0.00598157-0j -0.000863365-0j -0.00322631-0j 3.91338e-06-0j -0.000763057-0j 3.26115e-07-0j -0.000329284-0j -6.72147e-05-0j 2.30598e-07-0j -3.96067e-06-0j 3.3284e-08-0j 2.14847e-09-0j 6.76704e-11-0j -0.000183231-0j -2.82732e-05-0j -2.1594e-05-0j -3.11682e-06-0j -0.694312-0j -1.32236e-05-0j 0.000842171-0j 7.0181e-05-0j 0.000454246-0j -1.90866e-06-0j 0.000526318-0j -3.89603e-07-0j 7.59674e-05-0j -2.29576e-08-0j 4.63613e-05-0j -7.95273e-08-0j 5.46373e-06-0j -2.29576e-08-0j 2.49384e-07-0j -2.3431e-09-0j -1.23492e-10-0j -3.36852e-12-0j 
0.000137486-0j 2.14345e-05-0j 1.66031e-05-0j 2.39644e-06-0j -0.00595305-0j -0.00105236-0j 1.7862e-06-0j -8.76967e-05-0j 1.5469e-06-0j 3.15759e-07-0j 1.5788e-07-0j 1.86063e-08-0j 2.2788e-08-0j 1.47096e-09-0j 4.63308e-11-0j -0.00012545-0j -1.93573e-05-0j -1.47844e-05-0j -2.13394e-06-0j -1.32236e-05-0j -0.694789-0j -2.33762e-06-0j -1.94801e-07-0j 0.000838156-0j 0.000513263-0j -1.23203e-06-0j 0.000104769-0j -1.77829e-07-0j 6.1736e-06-0j -2.17795e-07-0j -5.44486e-08-0j -2.56673e-08-0j -1.5718e-08-0j -1.17155e-09-0j -1.60421e-09-0j -8.45492e-11-0j -2.30627e-12-0j 
3.51347e-05-0j -0.000259104-0j 0.100693-0j 0.0144419-0j 3.87324e-06-0j 0.00311618-0j -2.1592e-05-0j -8.21111e-06-0j -7.64642e-05-0j 0.000742254-0j 0.000554684-0j -9.13931e-07-0j 0.000162101-0j 8.69867e-06-0j -3.99143e-09-0j 3.29981e-05-0j -0.000240851-0j -0.000374163-0j -5.3664e-05-0j -0.000857958-0j 2.38143e-06-0j -0.690261-0j 0.00181884-0j -2.65514e-05-0j -6.64871e-05-0j -3.11803e-05-0j 0.000645404-0j -4.472e-06-0j -7.9468e-07-0j 0.000524168-0j -5.55491e-06-0j 9.34808e-05-0j 0.000114883-0j -7.4117e-08-0j 1.56883e-05-0j 6.17999e-07-0j -2.33811e-10-0j 
-2.92789e-06-0j 6.56889e-05-0j 8.72131e-05-0j 0.172583-0j -3.2277e-07-0j 8.21111e-06-0j 5.47407e-06-0j 0.0030175-0j -3.29426e-08-0j -9.21911e-05-0j 4.83844e-07-0j 0.00103866-0j 0.000307972-0j 0.000207453-0j 2.30614e-05-0j -2.74984e-06-0j 6.10615e-05-0j -3.24072e-07-0j -0.000641296-0j 7.14965e-05-0j -1.98453e-07-0j -0.00181884-0j -0.668404-0j 6.73139e-06-0j -2.86442e-08-0j -2.7006e-08-0j -8.0162e-05-0j -5.34413e-05-0j 0.000903132-0j 6.8702e-07-0j -1.19351e-09-0j 0.000357051-0j -4.72359e-06-0j 0.000170068-0j 9.21756e-05-0j 2.46758e-05-0j 1.89449e-06-0j 
-3.54988e-05-0j 0.000261789-0j -0.101737-0j -0.0145915-0j -3.91338e-06-0j -0.00314847-0j 2.18157e-05-0j 8.2962e-06-0j 7.72566e-05-0j -0.000749945-0j -0.000560432-0j 9.23402e-07-0j -0.000163781-0j -8.78882e-06-0j 4.03279e-09-0j 3.2391e-05-0j -0.00023642-0j -0.000367279-0j -5.26766e-05-0j -0.000842171-0j 2.33762e-06-0j -0.677561-0j 0.00178537-0j -2.60628e-05-0j -6.52637e-05-0j -3.06066e-05-0j 0.000633529-0j -4.38972e-06-0j -7.80058e-07-0j 0.000514523-0j -5.4527e-06-0j 9.17608e-05-0j 0.000112769-0j -7.27533e-08-0j 1.53996e-05-0j 6.06628e-07-0j -2.29509e-10-0j 
3.20735e-05-0j -0.000236528-0j 3.87324e-06-0j -5.34484e-05-0j 0.100941-0j 0.00579159-0j 0.00576499-0j 0.0014683-0j -5.25929e-05-0j 0.00102637-0j -1.7422e-06-0j 0.000121591-0j -7.65025e-07-0j -8.25324e-08-0j -3.64366e-09-0j 3.0123e-05-0j -0.000219866-0j 3.55003e-06-0j -4.89883e-05-0j -0.000462761-0j -0.000853866-0j -2.65514e-05-0j -6.73139e-06-0j -0.691958-0j -6.14656e-05-0j -8.65262e-05-0j 0.00119952-0j 0.00119401-0j 0.000142104-0j 0.000360529-0j 1.30742e-08-0j 0.000129263-0j -3.60833e-07-0j 9.86067e-06-0j -7.404e-08-0j -5.86352e-09-0j -2.13439e-10-0j 
2.95824e-06-0j -6.63696e-05-0j -8.81169e-05-0j -0.174372-0j 3.26115e-07-0j -8.2962e-06-0j -5.5308e-06-0j -0.00304877-0j 3.3284e-08-0j 9.31465e-05-0j -4.88858e-07-0j -0.00104942-0j -0.000311164-0j -0.000209602-0j -2.33003e-05-0j -2.69925e-06-0j 5.99379e-05-0j -3.18109e-07-0j -0.000629496-0j 7.0181e-05-0j -1.94801e-07-0j -0.00178537-0j -0.656106-0j 6.60754e-06-0j -2.81172e-08-0j -2.65091e-08-0j -7.8687e-05-0j -5.2458e-05-0j 0.000886515-0j 6.74379e-07-0j -1.17155e-09-0j 0.000350481-0j -4.63668e-06-0j 0.000166938-0j 9.04796e-05-0j 2.42218e-05-0j 1.85963e-06-0j 
1.96409e-05-0j 3.06206e-06-0j -0.000458785-0j 3.42349e-07-0j -0.000424135-0j 0.0145027-0j 2.55172e-07-0j -6.2481e-06-0j 0.00409116-0j -8.72524e-06-0j 0.00126577-0j 2.65804e-09-0j 6.02685e-05-0j -4.06463e-08-0j 6.61868e-12-0j 1.84465e-05-0j 2.84636e-06-0j -0.000420501-0j 3.13782e-07-0j 1.94443e-06-0j -0.000522884-0j -6.64871e-05-0j 2.86442e-08-0j -6.14656e-05-0j -0.696836-0j -3.50418e-05-0j 0.00148615-0j 2.61485e-08-0j -4.52737e-07-0j 0.000592891-0j 0.000901749-0j -7.30037e-07-0j 0.000129708-0j 1.72268e-10-0j 4.36705e-06-0j -2.40477e-09-0j 3.39121e-13-0j 
-3.24058e-05-0j 0.000238979-0j -3.91338e-06-0j 5.40023e-05-0j -0.101987-0j -0.00585161-0j -0.00582473-0j -0.00148352-0j 5.31379e-05-0j -0.001037-0j 1.76025e-06-0j -0.000122851-0j 7.72953e-07-0j 8.33876e-08-0j 3.68142e-09-0j 2.95688e-05-0j -0.000215821-0j 3.48471e-06-0j -4.8087e-05-0j -0.000454246-0j -0.000838156-0j -2.60628e-05-0j -6.60754e-06-0j -0.679227-0j -6.03347e-05-0j -8.49341e-05-0j 0.00117745-0j 0.00117204-0j 0.000139489-0j 0.000353895-0j 1.28337e-08-0j 0.000126884-0j -3.54194e-07-0j 9.67923e-06-0j -7.26777e-08-0j -5.75564e-09-0j -2.09512e-10-0j 
1.85176e-05-0j 2.88694e-06-0j -0.000215155-0j 3.2277e-07-0j -0.000597062-0j -3.47205e-05-0j 0.0102196-0j 3.00723e-08-0j 0.011787-0j 0.00119679-0j -6.18031e-06-0j -7.32963e-07-0j -5.93677e-07-0j -1.90618e-08-0j 6.24015e-12-0j 1.73915e-05-0j 2.68357e-06-0j -0.000197201-0j 2.95836e-07-0j -0.000536183-0j 1.25513e-06-0j -3.11803e-05-0j 2.7006e-08-0j -8.65262e-05-0j -3.50418e-05-0j -0.698082-0j -3.55795e-06-0j 0.00104724-0j 2.17904e-09-0j 0.00170817-0j -2.9277e-06-0j 0.000100135-0j -6.3332e-07-0j -4.75034e-08-0j -4.30178e-08-0j -1.12776e-09-0j 3.19726e-13-0j 
-4.00918e-06-0j 5.97571e-05-0j 4.65825e-05-0j -0.000312655-0j 8.65762e-05-0j 0.140781-0j 4.97976e-06-0j 0.0174856-0j 8.72524e-06-0j 0.00396363-0j -0.000127927-0j -1.49816e-05-0j 0.00176221-0j 0.000190588-0j -1.31478e-07-0j -3.76538e-06-0j 5.55476e-05-0j 4.26953e-05-0j -0.000286565-0j -3.96906e-07-0j 0.000106733-0j -0.000645404-0j -8.0162e-05-0j -0.00119952-0j -0.00148615-0j 3.55795e-06-0j -0.675113-0j -2.38804e-05-0j 0.00255177-0j -0.000120889-0j 6.33865e-07-0j 0.00101624-0j 0.000613473-0j -1.6239e-06-0j 0.00025717-0j 1.6949e-05-0j -8.99091e-09-0j 
-1.98444e-05-0j -3.0938e-06-0j 0.000463539-0j -3.45897e-07-0j 0.00042853-0j -0.014653-0j -2.57816e-07-0j 6.31285e-06-0j -0.00413356-0j 8.81566e-06-0j -0.00127888-0j -2.68559e-09-0j -6.08931e-05-0j 4.10675e-08-0j -6.68727e-12-0j 1.81071e-05-0j 2.79399e-06-0j -0.000412764-0j 3.08008e-07-0j 1.90866e-06-0j -0.000513263-0j -6.52637e-05-0j 2.81172e-08-0j -6.03347e-05-0j -0.684015-0j -3.4397e-05-0j 0.0014588-0j 2.56673e-08-0j -4.44407e-07-0j 0.000581982-0j 0.000885157-0j -7.16604e-07-0j 0.000127321-0j 1.69098e-10-0j 4.2867e-06-0j -2.36052e-09-0j 3.32881e-13-0j 
-1.87095e-05-0j -2.91686e-06-0j 0.000217385-0j -3.26115e-07-0j 0.000603249-0j 3.50803e-05-0j -0.0103255-0j -3.0384e-08-0j -0.0119091-0j -0.00120919-0j 6.24435e-06-0j 7.40559e-07-0j 5.9983e-07-0j 1.92593e-08-0j -6.30482e-12-0j 1.70715e-05-0j 2.6342e-06-0j -0.000193573-0j 2.90393e-07-0j -0.000526318-0j 1.23203e-06-0j -3.06066e-05-0j 2.65091e-08-0j -8.49341e-05-0j -3.4397e-05-0j -0.685238-0j -3.49248e-06-0j 0.00102797-0j 2.13894e-09-0j 0.00167674-0j -2.87383e-06-0j 9.82921e-05-0j -6.21667e-07-0j -4.66294e-08-0j -4.22263e-08-0j -1.10701e-09-0j 3.13843e-13-0j 
-2.67279e-06-0j 3.98381e-05-0j -3.2277e-07-0j -0.000208437-0j 8.61785e-05-0j 4.97976e-06-0j 0.141025-0j -5.95091e-05-0j 8.79555e-06-0j 0.00803266-0j 2.93435e-07-0j 0.00292121-0j -6.07363e-06-0j -1.32058e-06-0j -8.76518e-08-0j -2.51025e-06-0j 3.70317e-05-0j -2.95836e-07-0j -0.000191044-0j 7.73914e-05-0j -1.81162e-07-0j 4.472e-06-0j -5.34413e-05-0j -0.00119401-0j -2.61485e-08-0j -0.00104724-0j -2.38804e-05-0j -0.676284-0j -8.68451e-06-0j -0.000121863-0j -1.08952e-09-0j 0.0020595-0j -1.40717e-06-0j 0.000316639-0j -8.86359e-07-0j -1.17439e-07-0j -5.99394e-09-0j 
4.05073e-06-0j -6.03764e-05-0j -4.70652e-05-0j 0.000315895-0j -8.74734e-05-0j -0.142239-0j -5.03137e-06-0j -0.0176668-0j -8.81566e-06-0j -0.0040047-0j 0.000129253-0j 1.51368e-05-0j -0.00178048-0j -0.000192563-0j 1.3284e-07-0j -3.6961e-06-0j 5.45255e-05-0j 4.19098e-05-0j -0.000281293-0j -3.89603e-07-0j 0.000104769-0j -0.000633529-0j -7.8687e-05-0j -0.00117745-0j -0.0014588-0j 3.49248e-06-0j -0.662691-0j -2.34411e-05-0j 0.00250482-0j -0.000118665-0j 6.22202e-07-0j 0.00099754-0j 0.000602186-0j -1.59402e-06-0j 0.000252438-0j 1.66371e-05-0j -8.82548e-09-0j 
2.36243e-07-0j -7.07928e-06-0j 2.85291e-08-0j 0.000113702-0j -5.10155e-06-0j 0.000173342-0j -5.8994e-07-0j 0.196998-0j 2.65804e-09-0j 1.49816e-05-0j -5.21438e-08-0j 0.00383633-0j -0.000102641-0j 0.0015834-0j 0.000356534-0j 2.21877e-07-0j -6.58058e-06-0j 2.61485e-08-0j 0.000104214-0j 2.33879e-08-0j -6.28932e-06-0j -7.9468e-07-0j -0.000903132-0j 0.000142104-0j -4.52737e-07-0j 2.17904e-09-0j -0.00255177-0j 8.68451e-06-0j -0.653431-0j -7.404e-08-0j 9.63008e-11-0j -0.000118998-0j 7.6761e-07-0j 0.00129805-0j 0.000340455-0j 0.000285019-0j 3.66882e-05-0j 
-3.27348e-06-0j 2.41406e-05-0j 7.64642e-05-0j 5.45505e-06-0j 5.25929e-05-0j -0.000583683-0j -0.000588387-0j 7.65025e-07-0j 0.0993744-0j 0.0202622-0j 0.00997901-0j -1.24098e-05-0j 0.00144552-0j -1.62933e-06-0j 3.71879e-10-0j -3.07442e-06-0j 2.244e-05-0j 7.00835e-05-0j 4.99985e-06-0j 4.72303e-05-0j -2.21877e-07-0j -0.000524168-0j 6.8702e-07-0j -0.000360529-0j -0.000592891-0j -0.00170817-0j -0.000120889-0j -0.000121863-0j 7.404e-08-0j -0.681219-0j -0.000150292-0j 0.00255186-0j 0.00206679-0j -1.0064e-06-0j 0.000139899-0j -1.15756e-07-0j 2.1784e-11-0j 
2.70049e-06-0j -4.02509e-05-0j 3.26115e-07-0j 0.000210597-0j -8.70715e-05-0j -5.03137e-06-0j -0.142486-0j 6.01258e-05-0j -8.8867e-06-0j -0.0081159-0j -2.96476e-07-0j -0.00295148-0j 6.13657e-06-0j 1.33427e-06-0j 8.85602e-08-0j -2.46406e-06-0j 3.63503e-05-0j -2.90393e-07-0j -0.000187528-0j 7.59674e-05-0j -1.77829e-07-0j 4.38972e-06-0j -5.2458e-05-0j -0.00117204-0j -2.56673e-08-0j -0.00102797-0j -2.34411e-05-0j -0.66384-0j -8.52472e-06-0j -0.000119621-0j -1.06947e-09-0j 0.00202161-0j -1.38128e-06-0j 0.000310813-0j -8.7005e-07-0j -1.15278e-07-0j -5.88366e-09-0j 
-2.38692e-07-0j 7.15264e-06-0j -2.88247e-08-0j -0.00011488-0j 5.15442e-06-0j -0.000175138-0j 5.96053e-07-0j -0.19904-0j -2.68559e-09-0j -1.51368e-05-0j 5.26842e-08-0j -0.00387608-0j 0.000103705-0j -0.0015998-0j -0.000360228-0j 2.17795e-07-0j -6.4595e-06-0j 2.56673e-08-0j 0.000102297-0j 2.29576e-08-0j -6.1736e-06-0j -7.80058e-07-0j -0.000886515-0j 0.000139489-0j -4.44407e-07-0j 2.13894e-09-0j -0.00250482-0j 8.52472e-06-0j -0.641408-0j -7.26777e-08-0j 9.45289e-11-0j -0.000116809-0j 7.53486e-07-0j 0.00127417-0j 0.00033419-0j 0.000279775-0j 3.60132e-05-0j 
-8.18371e-07-0j -1.27586e-07-0j 3.83309e-05-0j -1.42646e-08-0j -9.02169e-08-0j 6.18562e-06-0j -1.06322e-08-0j -1.32902e-09-0j -0.00103707-0j 7.28983e-07-0j 0.0204025-0j -1.10752e-10-0j -1.52774e-05-0j 3.39595e-09-0j -2.75778e-13-0j -7.68605e-07-0j -1.18598e-07-0j 3.51323e-05-0j -1.30742e-08-0j -8.1018e-08-0j -5.54693e-08-0j 5.55491e-06-0j -1.19351e-09-0j -1.30742e-08-0j -0.000901749-0j 2.9277e-06-0j 6.33865e-07-0j -1.08952e-09-0j -9.63008e-11-0j -0.000150292-0j -0.685871-0j 6.09937e-08-0j 0.00209073-0j -7.17784e-12-0j -1.107e-06-0j 2.00916e-10-0j -1.413e-14-0j 
3.30741e-06-0j -2.43907e-05-0j -7.72566e-05-0j -5.51158e-06-0j -5.31379e-05-0j 0.000589731-0j 0.000594484-0j -7.72953e-07-0j -0.100404-0j -0.0204722-0j -0.0100824-0j 1.25384e-05-0j -0.0014605-0j 1.64621e-06-0j -3.75733e-10-0j -3.01785e-06-0j 2.20271e-05-0j 6.8794e-05-0j 4.90786e-06-0j 4.63613e-05-0j -2.17795e-07-0j -0.000514523-0j 6.74379e-07-0j -0.000353895-0j -0.000581982-0j -0.00167674-0j -0.000118665-0j -0.000119621-0j 7.26777e-08-0j -0.668685-0j -0.000147526-0j 0.0025049-0j 0.00202876-0j -9.87883e-07-0j 0.000137325-0j -1.13626e-07-0j 2.13832e-11-0j 
3.85784e-07-0j -8.65527e-06-0j -4.4824e-06-0j 9.21911e-05-0j -6.19813e-06-0j 0.000104095-0j 0.000210958-0j -0.000397591-0j 0.000122361-0j 0.170332-0j 1.8529e-05-0j 0.0199453-0j 0.0078491-0j 0.00262994-0j -3.0386e-06-0j 3.62324e-07-0j -8.04555e-06-0j -4.10836e-06-0j 8.44982e-05-0j -5.56614e-06-0j 2.61485e-08-0j 9.34808e-05-0j -0.000357051-0j 0.000129263-0j -7.30037e-07-0j 0.000100135-0j -0.00101624-0j -0.0020595-0j -0.000118998-0j -0.00255186-0j -6.09937e-08-0j -0.659684-0j -0.000180892-0j 0.0032658-0j 0.00234922-0j 0.000312823-0j -2.49621e-07-0j 
2.36243e-07-0j -3.52122e-06-0j -8.29175e-06-0j 1.84234e-05-0j 2.60434e-08-0j 0.000127927-0j -2.93435e-07-0j 5.25991e-06-0j 0.000149172-0j -0.000705532-0j 0.138581-0j 8.82797e-07-0j 0.0301279-0j -3.39249e-05-0j 7.7474e-09-0j 2.21877e-07-0j -3.27317e-06-0j -7.59984e-06-0j 1.6886e-05-0j 2.33879e-08-0j 1.60126e-08-0j 0.000114883-0j 4.72359e-06-0j -3.60833e-07-0j 0.000129708-0j -6.3332e-07-0j -0.000613473-0j 1.40717e-06-0j 7.6761e-07-0j -0.00206679-0j -0.00209073-0j -0.000180892-0j -0.664563-0j 9.56893e-08-0j 0.00439674-0j -3.01694e-06-0j 5.29795e-10-0j 
8.26852e-07-0j 1.28908e-07-0j -3.87281e-05-0j 1.44124e-08-0j 9.11519e-08-0j -6.24973e-06-0j 1.07423e-08-0j 1.34279e-09-0j 0.00104781-0j -7.36537e-07-0j -0.020614-0j 1.11899e-10-0j 1.54357e-05-0j -3.43114e-09-0j 2.78636e-13-0j -7.54463e-07-0j -1.16416e-07-0j 3.44859e-05-0j -1.28337e-08-0j -7.95273e-08-0j -5.44486e-08-0j 5.4527e-06-0j -1.17155e-09-0j -1.28337e-08-0j -0.000885157-0j 2.87383e-06-0j 6.22202e-07-0j -1.06947e-09-0j -9.45289e-11-0j -0.000147526-0j -0.673251-0j 5.98714e-08-0j 0.00205226-0j -7.04577e-12-0j -1.08663e-06-0j 1.97219e-10-0j -1.38701e-14-0j 
-1.76085e-08-0j 6.60259e-07-0j -2.12643e-09-0j -1.4174e-05-0j 2.82905e-07-0j 8.25324e-08-0j -1.60927e-05-0j 0.000189377-0j 2.88738e-08-0j 0.000272182-0j 4.86327e-09-0j 0.217567-0j 1.93282e-05-0j 0.00534156-0j 0.00379747-0j -1.65377e-08-0j 6.13747e-07-0j -1.94899e-09-0j -1.29912e-05-0j 2.54059e-07-0j -1.19351e-09-0j 7.4117e-08-0j 0.000170068-0j -9.86067e-06-0j -1.72268e-10-0j 4.75034e-08-0j -1.6239e-06-0j 0.000316639-0j -0.00129805-0j -1.0064e-06-0j -7.17784e-12-0j -0.0032658-0j -9.56893e-08-0j -0.63819-0j -0.000132482-0j 0.00200237-0j 0.000523412-0j 
-3.89782e-07-0j 8.74496e-06-0j 4.52885e-06-0j -9.31465e-05-0j 6.26236e-06-0j -0.000105173-0j -0.000213144-0j 0.000401711-0j -0.000123629-0j -0.172097-0j -1.8721e-05-0j -0.020152-0j -0.00793044-0j -0.00265719-0j 3.07009e-06-0j 3.55657e-07-0j -7.89752e-06-0j -4.03277e-06-0j 8.29434e-05-0j -5.46373e-06-0j 2.56673e-08-0j 9.17608e-05-0j -0.000350481-0j 0.000126884-0j -7.16604e-07-0j 9.82921e-05-0j -0.00099754-0j -0.00202161-0j -0.000116809-0j -0.0025049-0j -5.98714e-08-0j -0.647546-0j -0.000177564-0j 0.00320571-0j 0.002306-0j 0.000307067-0j -2.45028e-07-0j 
-2.38692e-07-0j 3.55771e-06-0j 8.37768e-06-0j -1.86143e-05-0j -2.63133e-08-0j -0.000129253-0j 2.96476e-07-0j -5.31442e-06-0j -0.000150718-0j 0.000712843-0j -0.140017-0j -8.91946e-07-0j -0.0304401-0j 3.42765e-05-0j -7.82769e-09-0j 2.17795e-07-0j -3.21295e-06-0j -7.46e-06-0j 1.65753e-05-0j 2.29576e-08-0j 1.5718e-08-0j 0.000112769-0j 4.63668e-06-0j -3.54194e-07-0j 0.000127321-0j -6.21667e-07-0j -0.000602186-0j 1.38128e-06-0j 7.53486e-07-0j -0.00202876-0j -0.00205226-0j -0.000177564-0j -0.652335-0j 9.39287e-08-0j 0.00431584-0j -2.96143e-06-0j 5.20047e-10-0j 
-2.41115e-08-0j 7.22526e-07-0j 5.63212e-07-0j -1.16047e-05-0j -2.65804e-09-0j -1.74696e-05-0j 6.02105e-08-0j 0.000102641-0j -5.02238e-06-0j 0.000295761-0j 0.000298671-0j -0.000391543-0j 0.193941-0j 0.0312589-0j -3.63885e-05-0j -2.26452e-08-0j 6.71628e-07-0j 5.16214e-07-0j -1.06363e-05-0j -2.38702e-09-0j -1.63428e-09-0j -1.56883e-05-0j 9.21756e-05-0j 7.404e-08-0j -4.36705e-06-0j 4.30178e-08-0j 0.00025717-0j -8.86359e-07-0j -0.000340455-0j 0.000139899-0j -1.107e-06-0j -0.00234922-0j -0.00439674-0j -0.000132482-0j -0.643289-0j 0.00562674-0j -3.74448e-06-0j 
1.7791e-08-0j -6.67101e-07-0j 2.14847e-09-0j 1.43209e-05-0j -2.85836e-07-0j -8.33876e-08-0j 1.62595e-05-0j -0.00019134-0j -2.91731e-08-0j -0.000275003-0j -4.91366e-09-0j -0.219821-0j -1.95285e-05-0j -0.00539691-0j -0.00383682-0j -1.62334e-08-0j 6.02454e-07-0j -1.91313e-09-0j -1.27522e-05-0j 2.49384e-07-0j -1.17155e-09-0j 7.27533e-08-0j 0.000166938-0j -9.67923e-06-0j -1.69098e-10-0j 4.66294e-08-0j -1.59402e-06-0j 0.000310813-0j -0.00127417-0j -9.87883e-07-0j -7.04577e-12-0j -0.00320571-0j -9.39287e-08-0j -0.626448-0j -0.000130044-0j 0.00196552-0j 0.000513782-0j 
2.43614e-08-0j -7.30013e-07-0j -5.69048e-07-0j 1.17249e-05-0j 2.68559e-09-0j 1.76506e-05-0j -6.08344e-08-0j -0.000103705-0j 5.07442e-06-0j -0.000298826-0j -0.000301766-0j 0.000395601-0j -0.195951-0j -0.0315828-0j 3.67656e-05-0j -2.22286e-08-0j 6.5927e-07-0j 5.06716e-07-0j -1.04406e-05-0j -2.3431e-09-0j -1.60421e-09-0j -1.53996e-05-0j 9.04796e-05-0j 7.26777e-08-0j -4.2867e-06-0j 4.22263e-08-0j 0.000252438-0j -8.7005e-07-0j -0.00033419-0j 0.000137325-0j -1.08663e-06-0j -0.002306-0j -0.00431584-0j -0.000130044-0j -0.631453-0j 0.00552321-0j -3.67558e-06-0j 
1.27079e-09-0j -5.72197e-08-0j -1.47652e-08-0j 1.53758e-06-0j 1.40091e-10-0j 6.88167e-07-0j -4.76831e-09-0j -2.74775e-05-0j -2.76563e-09-0j -1.94923e-05-0j 1.22495e-07-0j 0.000327789-0j 0.000542452-0j 0.235006-0j 0.0257382-0j 1.19351e-09-0j -5.31889e-08-0j -1.35331e-08-0j 1.40927e-06-0j 1.25807e-10-0j 8.61341e-11-0j 6.17999e-07-0j -2.46758e-05-0j -5.86352e-09-0j -2.40477e-09-0j -1.12776e-09-0j -1.6949e-05-0j 1.17439e-07-0j 0.000285019-0j 1.15756e-07-0j -2.00916e-10-0j 0.000312823-0j -3.01694e-06-0j -0.00200237-0j -0.00562674-0j -0.622056-0j 0.00538831-0j 
-1.28396e-09-0j 5.78127e-08-0j 1.49182e-08-0j -1.55351e-06-0j -1.41543e-10-0j -6.95299e-07-0j 4.81772e-09-0j 2.77623e-05-0j 2.79429e-09-0j 1.96943e-05-0j -1.23764e-07-0j -0.000331186-0j -0.000548073-0j -0.237441-0j -0.0260049-0j 1.17155e-09-0j -5.22102e-08-0j -1.32841e-08-0j 1.38334e-06-0j 1.23492e-10-0j 8.45492e-11-0j 6.06628e-07-0j -2.42218e-05-0j -5.75564e-09-0j -2.36052e-09-0j -1.10701e-09-0j -1.66371e-05-0j 1.15278e-07-0j 0.000279775-0j 1.13626e-07-0j -1.97219e-10-0j 0.000307067-0j -2.96143e-06-0j -0.00196552-0j -0.00552321-0j -0.61061-0j 0.00528917-0j 
-3.46636e-11-0j 2.08286e-09-0j -4.18602e-12-0j -7.84758e-08-0j -3.8213e-12-0j 2.60358e-10-0j 1.73572e-10-0j 2.10959e-06-0j -3.9001e-13-0j -1.03401e-08-0j 1.53417e-11-0j -4.21937e-05-0j 2.15309e-07-0j 0.000638471-0j 0.268424-0j -3.25556e-11-0j 1.93614e-09-0j -3.83672e-12-0j -7.19273e-08-0j -3.43166e-12-0j -2.3495e-12-0j 2.33811e-10-0j 1.89449e-06-0j 2.13439e-10-0j -3.39121e-13-0j -3.19726e-13-0j -8.99091e-09-0j -5.99394e-09-0j -3.66882e-05-0j 2.1784e-11-0j -1.413e-14-0j 2.49621e-07-0j -5.29795e-10-0j 0.000523412-0j -3.74448e-06-0j -0.00538831-0j -0.600868-0j 
3.50228e-11-0j -2.10445e-09-0j 4.2294e-12-0j 7.9289e-08-0j 3.8609e-12-0j -2.63056e-10-0j -1.75371e-10-0j -2.13145e-06-0j 3.94051e-13-0j 1.04472e-08-0j -1.55007e-11-0j 4.26309e-05-0j -2.17541e-07-0j -0.000645087-0j -0.271206-0j -3.19566e-11-0j 1.90051e-09-0j -3.76612e-12-0j -7.06039e-08-0j -3.36852e-12-0j -2.30627e-12-0j 2.29509e-10-0j 1.85963e-06-0j 2.09512e-10-0j -3.32881e-13-0j -3.13843e-13-0j -8.82548e-09-0j -5.88366e-09-0j -3.60132e-05-0j 2.13832e-11-0j -1.38701e-14-0j 2.45028e-07-0j -5.20047e-10-0j 0.000513782-0j -3.67558e-06-0j -0.00528917-0j -0.589812-0j 
