-0.00780315-1.42514e-13j -0.00496316+8.36148e-07j -0.00578279-0.000468187j -0.00601843-0.000392407j 0.00394305+0.000104879j 0.000981608-0.000189334j -0.0069609-0.000405933j -0.00426912-0.000563137j -0.000775052-0.000207634j 0.0026131-0.000174052j 0.00203802+0.000395656j 0.00649153+0.00035514j 0.00386577+0.00035721j 0.00111297+0.000266698j 0.00278609+0.000372346j 0.00141335+0.000392515j 0.000911407+0.000123463j 0.000119197+1.9863e-05j 0.00149128+0.000157045j -0.00311023+0.000207718j -0.00480923-0.00046425j 0.0026664+0.000407633j 0.00378592+0.000409333j -0.000245644+8.32746e-05j -0.00124154-9.18943e-05j -0.00194714-9.87158e-05j 0.002609+0.000147952j -0.00217551-0.000129427j 0.000621561+6.90414e-05j 0.000740455-0.000110254j 0.00100548-5.18607e-05j -0.000620432+0.000171316j 0.00411895+0.000391185j -0.00197706-2.71348e-05j -0.000519576-0.00015063j 0.00170557+0.000220115j -0.00220509-0.00036202j -0.00440393-0.000436409j -0.00330754-0.00027288j 0.00101796+0.000153503j 0.000891845+1.25558e-05j -0.00248701-0.000319244j 0.00192782+0.000593131j 0.00188827+0.000124062j -0.00134262-0.00058036j -0.0028758-0.000363795j -0.00117749-4.52254e-06j -0.00105773-4.50327e-05j 0.000234966-0.00033106j 0.000653024-0.00017783j -0.000911611-0.000414796j 0.000905992-1.09335e-05j 0.00210507+0.000267016j 0.00415116+0.000446875j -0.000808761-0.000137111j -0.00267466+0.000356044j 0.00155604+6.83962e-05j 0.00084087-3.30942e-05j -0.00250128+0.00012828j -0.00531632-0.000404786j 0.00330292+0.0003878j -0.00188531-0.000523161j 0.000394807-0.000234572j -0.00216591-0.00020801j 0.00341306-0.000390115j 0.000686865+0.000223386j -0.00995956-0.000898999j 0.00359632-0.00024429j -0.00490701-0.0013154j -0.00600875+0.000441166j -0.000659758-0.000295543j 0.0177933+0.000891085j 0.00469007-0.000649187j -0.0107739+0.00544944j -0.0375422-0.00277356j -0.0016011+2.49489e-05j -0.885242+0.00452331j 
-0.00496316-8.36148e-07j 0.00781272-1.14813e-14j 0.00582222+0.000378004j -0.00581591-0.000484197j -0.00126336-0.000405913j -0.00624002-0.000196439j -0.00436477-0.000380353j 0.00508098+0.000496158j -0.0010275-0.000334371j -0.00199345-0.000212734j 0.00514073+1.67636e-06j 0.00257517+0.000156902j -0.00679063-0.000730295j -7.60732e-05+6.0873e-05j 0.00141985+0.000124555j 0.00091322+0.000177068j 0.0014611-8.94749e-05j 0.00201557+2.8009e-05j 0.00206381+3.35011e-06j 0.000764003+8.57941e-05j 0.00365555+0.00033096j 0.00504281+0.000311624j -0.000285853-0.000230475j 0.00188914+3.32655e-05j -0.00122416-3.94192e-05j 0.000281739-1.19092e-07j -0.00314114-0.000500829j -0.000421054+0.00018394j 0.00282862+0.000227809j 0.00109861+7.55379e-05j -0.00108897-0.000216777j 0.00332316+0.00035871j -0.000835023-3.89328e-07j 0.00188586+0.000180113j -0.000562227-8.38766e-05j -0.00150517-0.000104979j -0.00340009-0.000360124j -0.00115244+0.000346708j 0.000268001+0.000371378j 0.00205534+0.000229397j 0.00172984-3.47551e-05j -0.00189268-0.000230324j 0.00246682+0.000218676j -0.00169512-0.000244519j -0.00267127-6.01956e-05j 0.000773947-5.58699e-05j 0.00147505+0.000236285j -0.00202434-7.51548e-05j -0.00451856-0.00077322j 0.00131434+0.000134037j -0.00094292+0.000142426j -0.00257904-0.00019627j 0.0014876-3.68586e-05j -0.00126658-0.000327187j -0.00226524-0.00014396j 0.00200854+0.000442408j 0.000328454+0.00049679j -0.00564008-0.000103713j -0.00145332-0.000189066j -0.000516465+0.000229281j -0.000433512-0.000507901j -0.0022445-0.000304877j -0.00469766-0.000394966j 0.00191394+0.000577306j -9.48895e-05+0.000298396j -0.00637192+0.000129274j -0.00345879+0.000195642j -0.00947204-0.001427j -0.00130028-0.000229564j -0.000601166-0.000905292j 0.0135974+8.57796e-05j 0.00330159-0.000529319j -0.0131517-0.000805526j -0.0374112-0.00269182j 0.0105856-0.00557912j 0.885363-0.00450468j -0.00162918+5.84507e-05j 
-0.00578279+0.000468187j 0.00582222-0.000378004j 0.00260243+1.29671e-16j 0.00162572-3.24188e-05j 0.00651324-0.000111201j -0.00455067+0.000184256j 0.000513416+0.000311521j 0.0031296+0.000280196j 0.00697752+0.000420512j 0.00123882-0.000233497j 0.00515787-0.000476194j 0.00174938+4.95694e-05j -0.000891595-2.50488e-05j -0.00493439-0.000679317j -0.00463849-0.000889488j -0.00410616-0.000298792j 0.00409208-0.000118439j 0.0014133-4.741e-05j 0.00237491-0.000376376j -0.00324554-5.97859e-05j 0.00539538+0.000535223j 0.00205695+0.000169281j 7.71676e-05+1.5708e-05j 0.000893256-2.94233e-05j -0.000917916-0.000147548j 0.00173069-8.74588e-05j 0.00252963+0.000518277j -0.00529819-0.000212898j 0.00170319+0.000164247j -3.3723e-05-0.000146806j 0.00462676+0.000737014j -0.000207154+0.000418434j -0.00557675-0.000624152j 0.000152838-4.36671e-05j 0.00280401+0.00103325j -0.00185716-0.000198223j 0.00474369+0.000949809j -0.00508438+5.45765e-05j -0.00143962+0.000410583j -0.00152384-0.000457424j 0.00211837-0.000350219j 0.00144969+0.000359395j -0.00717669-0.00107892j 6.37749e-05-3.71377e-05j 0.000999916+0.000466545j 0.00458433+8.64991e-05j -0.00182539-9.19687e-05j -0.0028579+0.000100435j 0.00553915+0.000612877j 0.00159257+0.000169396j 0.00312911+0.000289752j -0.00317916+0.000206919j 0.000126828+0.000283004j -0.00301231+1.5266e-06j -0.00368909+0.000668566j -0.00575607-0.00033925j -0.00633877+4.39403e-05j -0.00480196-0.00110663j -0.000550489+0.000658474j -0.00399562-0.000969607j -0.00171299+0.000264161j 0.00703934+0.000473545j 0.00140999+0.00181112j -0.00206477-0.000290436j -0.000433266+0.000456092j -0.0157391-0.000580046j -0.00274339+0.00167086j 0.014615+0.000419516j 0.0221065+0.000754009j 0.0148096-0.005019j 0.0410519+0.0017789j 0.00474277-0.00162019j 0.037225+0.00447949j 0.00230353+0.000447035j -0.886015+0.00545046j -0.00863928+0.00554054j -0.0241222-0.00285646j 
-0.00601843+0.000392407j -0.00581591+0.000484197j 0.00162572+3.24188e-05j -0.00259247+1.09288e-16j 0.00160762-0.00027289j 0.00661212-6.73887e-05j -0.00601078-7.16515e-05j 0.00642063+0.000626732j 0.00135801+0.000442623j 0.00660398-0.000127904j -0.00495055-0.000103183j 0.00574823+9.96813e-05j -0.00416435-0.00040616j -0.000911261-3.53675e-05j -0.00260593-0.000589859j -0.00391324-5.908e-05j -0.000745452+0.000249237j -0.00026715+0.000208863j 0.00106626-2.1984e-05j -0.00892321-0.000143096j 0.000139873+0.000225609j -0.00111786+0.000176003j -0.00399384-0.000355585j -0.00175428+6.88139e-05j -0.000517772-0.00010881j 0.000138106+0.000310649j -0.00251652-0.000358904j 0.000294895-0.000151758j 7.22114e-05-2.34612e-06j 0.00512834+8.50509e-06j -0.000461027-8.2861e-05j -0.00099485+0.000201156j 0.00305279-3.16733e-05j -0.00244024+6.68968e-05j -0.00110604-6.4228e-05j 0.000879964+0.000141173j -0.00169905+2.59632e-05j 0.00270701+4.56404e-05j -0.00114559+4.62208e-05j 0.00304362+0.000168049j -0.000140818-0.000395891j -0.00240772-0.000101282j -0.00331504-0.000279822j -0.00143522-0.000338225j 0.00496622-0.000258449j 0.001114+6.93223e-05j 4.64164e-05+0.0003473j -0.00463516-0.000320368j -0.00376543-0.000280708j 0.00105777+4.65903e-05j 0.00607264+0.000127448j -0.00234356-0.000571052j -0.0020672-0.000467562j -0.0017786-0.000736652j -0.000656193-0.000815009j -0.00384229+0.000135816j 0.0051046+0.000124038j 0.0042095+0.000719564j -0.00844512-0.000871657j 0.00273671+0.000432855j -0.0076329-0.00136309j -0.00211194-0.00026618j -0.00149332+0.00057233j 0.00311978+0.0020351j 0.0179417-0.000883711j 0.00071307-0.000262724j 0.00203647-0.000188437j -0.00469824-0.00100679j 0.0168935-0.000713688j -0.0509566-0.00288266j 0.00717163-0.00480743j -0.0114122-0.00263214j 0.00999986-0.00515128j 0.890968-0.00466554j 0.00343082-0.000813551j -0.0239606-0.00277273j 0.00868278-0.00540432j 
0.00394305-0.000104879j -0.00126336+0.000405913j 0.00651324+0.000111201j 0.00160762+0.00027289j -0.00288395-2.74086e-16j 0.00897386+4.93562e-06j -0.00127454+9.86385e-05j 0.0064983+0.000523808j 0.0021213+0.000773825j -0.000909819-4.59164e-06j -0.00583612-5.16213e-05j 0.00127423-6.21581e-06j -0.00276555+0.000254111j -0.0012035-0.000445718j -0.00565061-0.00051443j -0.00351372-0.000305665j -0.00415098+8.67319e-05j -0.00452138-0.000250105j 0.00196629-6.6912e-05j 0.00329251+0.000295599j -0.000173406+0.000181717j 0.000670656+0.00021926j -0.00153288+0.000180235j 0.00155058+0.000344544j -0.00290416-0.000426242j 0.00189626+0.000228671j 0.00566439+0.000816205j 0.00390072-0.000335958j 0.00138239+8.25062e-05j 0.00360883-9.05491e-05j 0.00212655+0.000441625j 0.00479081-0.000396442j 0.00316725-0.000275122j -0.0019293-0.000168985j 0.00210722-0.000169077j 0.00360445+0.000122821j 0.00455671+0.000603349j 0.0030594+0.000233934j -0.00200627+9.55474e-05j 0.00473898+0.000194131j -0.00608683-0.000551745j -0.000766791+7.23548e-05j -0.00319842-0.000322902j -0.00272785-0.000444217j -0.00030335-8.15157e-06j 0.00250845+4.34305e-05j -0.000886654+0.000162494j -0.00831301-0.000136752j -0.00329572-0.000449337j -0.00699608-0.000317643j 0.0021582-0.00086752j -0.000967145-0.000277456j 0.00370692+0.00121326j 0.00667852+0.00110228j 0.00909026-0.000124116j 0.00723306-0.00120398j -0.00265356-0.000693269j -0.00959118-0.000387752j 0.00705282+0.00174198j -0.00464951-0.000941597j 0.00434521+0.000136977j -0.0176086+0.000116839j 0.0131918+0.00129394j -0.0261053-9.67764e-05j 0.00894116-0.000826571j -0.00623058-0.00212132j 0.0306713+0.00177324j -0.00300083+0.000918444j -0.0429388-0.00302825j 0.00340978+0.00311614j 0.0393825+0.0023288j -0.0174871+0.00143918j -0.888593+0.00668921j -0.00253682+0.00509835j 0.00993401+0.00465732j 0.00674091+0.000962467j 0.00118581-0.000743572j 
0.000981608+0.000189334j -0.00624002+0.000196439j -0.00455067-0.000184256j 0.00661212+6.73887e-05j 0.00897386-4.93562e-06j 1.10836e-05+6.32307e-16j 9.65585e-06+0.000210966j -0.00195807-2.26062e-05j 0.000784101+0.000290473j -0.000443948-0.000143353j -0.00443542-0.00021509j 0.00263389+0.000250358j 0.0016318+0.000213395j -0.00410006-0.000334019j 0.00138517-0.000188791j -7.42511e-05-0.000105795j 0.00344614+0.00027686j -0.00968152+2.21566e-05j -0.00217298-0.000398386j -0.00441285-0.00012623j 0.00414856+4.97518e-05j 0.000199537+0.000323252j -0.00149431+0.000317035j -0.0049657+2.06731e-05j 0.00455878+0.000154514j -0.0024199-0.000375117j 0.00224822+0.000425354j -0.00428213-0.000333232j 0.00125601-7.43866e-05j -0.00716685-0.000312735j 0.0052141+0.000382278j -0.00347134-1.10665e-05j -0.00269467-0.000206591j 0.000140287-6.27709e-05j -0.00484741+0.000204605j 0.000413639-0.000125337j 0.000355654+8.71817e-05j 0.000113448-0.000302016j 0.00540133-0.000215457j 6.56121e-05-0.000225193j -0.000280211+5.67417e-05j -0.00565+2.44348e-05j 0.00195833+0.000406837j -0.000515954-0.00010954j -5.58748e-05-4.13116e-05j -0.00552981-0.000306881j -0.00558653+0.000198479j 0.00280314+0.000511158j -0.00997165-0.00124434j -0.00275136-0.000264812j 0.00617868-0.000759361j -0.00268798-0.000130363j 0.00509777+0.00048135j 0.00288649+6.87825e-05j -0.00281067-0.000488359j 0.00479632+0.000826621j 0.00584617+0.000490724j 0.00466125-0.00028959j 0.0171425+0.000266621j -0.0153018-0.00114514j -0.016691+0.000243143j -0.000595104+0.000394302j -0.0161045+0.00054967j -0.0133019-0.000473409j 0.0156154-0.000772026j 0.033082+0.00193563j 0.00260095+0.00179069j -0.0174843-0.00131068j 0.00363091-0.00368694j -0.00653247+5.03724e-05j -0.019683+0.0014313j -0.907195+0.00393554j 0.0113391+0.00158681j -0.000859811+0.00275231j -0.00355186-0.00164975j -0.000756953+0.000601095j 0.00919881+0.000978216j 
-0.0069609+0.000405933j -0.00436477+0.000380353j 0.000513416-0.000311521j -0.00601078+7.16515e-05j -0.00127454-9.86385e-05j 9.65585e-06-0.000210966j -0.00253935+1.53957e-16j 0.00122511+4.30649e-05j -0.00476474+0.000244881j 0.00709038-0.000148282j -0.000683744+0.000248392j 0.00374706-8.56681e-05j -0.0039607-0.000139627j -0.00331313-0.000210642j 0.00410151-0.00050894j -0.00249394-0.000266809j -0.00509123+3.80013e-05j 0.0036218+0.000167452j -0.00478709-0.000301808j -0.00579225+0.000210831j 0.00280018+0.000289584j 0.00339698+0.000584917j -3.86091e-05+7.85188e-06j 0.00166279+0.000293207j -0.00225416-0.00042446j -0.0057967+0.000371453j -0.000140679+0.000395758j -6.22255e-05-0.000585287j 0.00136812-0.000126153j 0.00526851+6.69844e-05j 0.00151377+0.000444793j 0.000284605+0.000348481j -0.00346709-0.00069811j -0.00222123+1.13232e-06j 0.00715893+0.001021j -0.00714485-3.40429e-05j -0.000785325+0.000618632j 0.00755811+0.00070384j 0.0049715+0.00053654j -0.00355357-0.000429975j 0.00759128-5.55215e-05j 0.00078124+0.000380587j -0.00256002-0.000646543j 0.00114827-0.000158026j 0.010595+0.000622481j 0.00197202+9.74844e-05j 0.00296413+0.00045728j 0.0042617+0.000336567j -0.00591295-0.000643576j 0.00929274+2.32695e-05j 0.00364902-0.00112687j 0.0058269+0.000842095j 0.00335763+0.00146171j -0.00237683+0.000477408j 0.00658711+0.000194457j -0.00610179-0.000212647j 0.0166115-0.000406822j -0.0138189-0.00123004j 0.00683635+0.00117078j -0.0014355-0.00103903j 0.0131278+0.000942142j 0.0178367+0.000331453j -0.00699955+0.00175683j -0.00492407+0.000931843j 0.0524496+0.00180199j -0.0173181+0.00195219j 0.0238927+0.00189553j 0.00664276-0.00125262j -0.0161151-0.001916j -0.00827288+0.00240989j -0.894578+0.00548436j 0.0111127+0.0012604j -0.00989676+0.00273468j -0.0115528+0.00492715j 0.0220338+0.00199825j -0.00766372+2.22728e-05j -0.00102865-0.000354739j 
-0.00426912+0.000563137j 0.00508098-0.000496158j 0.0031296-0.000280196j 0.00642063-0.000626732j 0.0064983-0.000523808j -0.00195807+2.26062e-05j 0.00122511-4.30649e-05j 0.000800009+1.15576e-16j 0.00280238-0.000572056j 0.00485902-0.000300782j 0.00750024-0.000544122j -0.00551572-0.000184656j -0.000995041-0.000268495j 0.00421388+0.000560893j 0.00392559-0.000155835j -0.00447491+0.000444077j 0.00413834+3.15591e-05j -0.00096008+0.000249408j 0.00794444-8.6823e-05j -0.00268696-0.000391136j 0.00028826-0.000155127j -0.00721643-0.00047721j -0.00416878-0.000212518j -0.00158523-0.00057059j 0.0020961+0.000231193j 0.00875642+3.62313e-05j -0.00592702-0.000783496j -0.0030786+0.00036899j -0.00492847-7.25246e-05j 0.00381453-8.46511e-06j -0.00559729-0.000248894j -0.0103489+0.000493123j -0.00335579+0.000143672j 0.00133553+0.000246919j -0.00943728+0.000474303j 0.00145049+0.000131161j -0.00389418-0.000181226j 0.00561613-0.000193959j -0.00137007+0.000220707j 0.00324477-0.000268737j 0.0078375-0.000522889j 0.0029439+0.000118308j 0.00395525-0.000493716j -0.000502194+1.90875e-05j 0.00613143+0.000698294j 0.00592632-0.000411294j -0.00211312-0.000154693j 0.000154371+0.000377571j -0.00276366+0.00031587j -0.00299752-6.64201e-05j -0.00558267+0.000141856j 0.0031261+0.0001634j 0.0078998+5.15268e-05j 0.00580591+0.000783164j -0.00373608+0.00181614j -0.0124912+3.69846e-05j -0.0196394+0.000330697j 0.0110668-0.00152251j 0.00111855+0.00044351j 0.0197757-0.000590578j 0.00493844+0.00119078j 0.014857-0.000231285j -0.0369464+0.000209093j -0.0458691-0.00223265j 0.00416509+0.00413972j -0.011884-0.00100879j 0.00203982+0.00343597j 0.0045253+0.000394792j 0.00813773-0.00413973j -0.904462+0.00389494j 0.00303669+0.00263834j 0.00198879+0.000123841j -0.00507409+0.00357926j 0.0234287+0.00292681j 0.0114968-0.00487883j 0.00178348+0.000982457j -0.00456977+0.000558684j 
-0.000775052+0.000207634j -0.0010275+0.000334371j 0.00697752-0.000420512j 0.00135801-0.000442623j 0.0021213-0.000773825j 0.000784101-0.000290473j -0.00476474-0.000244881j 0.00280238+0.000572056j -0.0101173+2.28333e-16j -0.00127138-5.10618e-05j -0.0025692-0.000429361j -0.00118213-0.000117102j -0.00979711-0.000321604j 0.00196269+0.000283767j 0.0100573-0.000560214j -0.00402249-4.57919e-06j -0.00196946+0.000594503j -0.0125614+0.000490473j 0.00325738-0.000379364j 0.00053792-0.000424401j 0.00458626+7.87591e-05j 0.000724734+9.81896e-05j -0.00264507-0.000105268j -0.00274081-1.9699e-06j 0.00356106-0.000150719j -0.000232525+0.000127101j 0.00272823+0.000124325j 0.00158261-1.77443e-05j -0.00105097+0.000100464j 0.00279849-0.000141481j 0.00179103+0.000207651j 0.00270137+0.000597217j -0.00510813-0.000414438j 0.00245556+1.27293e-05j 0.000921361+0.000648679j -0.000269218+0.000214601j -0.00301323+0.000114075j 0.00632722-0.000275111j -3.87677e-05-0.000289072j 0.00220239-0.000493771j 0.00802385-0.000572242j 0.000153069+0.000532642j 0.00865945-0.000669099j -0.00189748-0.000404765j -0.00281764+0.00065187j -0.00150477-0.000294525j -0.0119849+0.000300496j -0.0057831+0.000431577j 0.0135794-0.000106884j 0.00319844-9.02044e-05j 0.0167098-0.000615258j 0.0158464-0.000549689j 0.000587588-0.000238475j -0.00425631-0.000103208j 0.0201556+0.000349074j 0.0106756+0.000116757j -0.00775383+0.000311715j -0.0198204-0.000759153j -0.00669081-0.00138187j -0.00555243-0.000393138j -0.004777-0.000429261j 0.0106881-0.0012676j -0.00459775+0.00227749j -0.0164711+0.00344661j 0.0107929-0.00123201j -0.00145864-0.000754607j 0.00074449-0.000133125j -0.0365407+0.0010785j -0.917852+0.00318448j 0.00345542-0.00456698j 0.00908181-0.00217704j 0.000966411-0.00386821j 0.000204544-0.00330204j -0.00468171+0.000369576j 0.00818352+0.000577469j -0.00137254+0.000296225j -0.00353369-0.00139087j 
0.0026131+0.000174052j -0.00199345+0.000212734j 0.00123882+0.000233497j 0.00660398+0.000127904j -0.000909819+4.59164e-06j -0.000443948+0.000143353j 0.00709038+0.000148282j 0.00485902+0.000300782j -0.00127138+5.10618e-05j 0.0117494+1.06143e-15j -0.00611033-0.000142j -0.00241781-7.25433e-05j -0.0019658-0.000636625j -0.000422132+7.67126e-05j -0.00175888-0.000596942j 0.00332442-0.000191997j 0.00244872+9.36436e-05j 0.00517156+0.000297862j -0.00572418-0.000131389j -0.00852123-0.000610805j 0.00414817+0.000310833j -0.00337037-0.000459147j -0.00999899-0.000729379j -0.00401505-0.000268155j 0.00655192+0.000400068j 0.000274466+4.95788e-05j -0.00628134-0.000415983j 0.0012098+5.79251e-06j 0.00281085-7.75939e-06j -0.00156272-0.000116017j 7.49798e-05+0.000206492j 0.00273973+0.000414607j -0.00372759-0.000125603j -0.00810472-1.90893e-05j -0.00199219+0.000729851j -0.00146834-0.000223326j -0.0041367+0.000709576j 0.00545832-0.000828191j 0.000155845-0.000153546j -0.00890606-0.000472762j 0.00677414+0.000429289j -0.00678842-4.07135e-05j -0.000771463-0.00103417j 0.00819076+0.000905085j -0.00738995+0.000134585j -0.00354147+0.000596519j -0.00454669-0.000375489j 0.000220766+4.40162e-05j 0.00578371+0.000866042j -0.0128129-0.000531845j 0.0014709+0.000664946j -0.0180742-9.78977e-05j -0.0158933-9.31051e-05j 0.0108097-6.86321e-05j 0.0129589+0.000827404j -0.00663176+0.000871886j 0.0113691-0.000527515j 0.00104031-0.00171145j 0.0332012+0.00170866j 0.0202106-0.00067426j 0.0206517+4.88248e-05j -0.0129374+0.000879191j -0.0281732+0.000625875j -0.036371-0.00244011j 0.0072839-0.000421032j -0.00128451-0.000505509j 0.0595472-0.000489813j -0.92171+0.00329494j 0.0281661+0.00117532j 0.00870917+0.000129596j 0.00297653-0.00131164j 0.0037126-0.00133943j 0.00908484+0.000858079j 0.00406153+0.000818449j 0.00175177+0.000429633j 0.00477871+0.00148954j -3.07462e-05-0.000179087j 
0.00203802-0.000395656j 0.00514073-1.67636e-06j 0.00515787+0.000476194j -0.00495055+0.000103183j -0.00583612+5.16213e-05j -0.00443542+0.00021509j -0.000683744-0.000248392j 0.00750024+0.000544122j -0.0025692+0.000429361j -0.00611033+0.000142j -0.00951063-1.42486e-15j 0.00287017+0.000305302j -0.00574579-0.000312682j -0.00280784-0.000582909j -0.00518968-0.00018434j 0.000168802-0.000529962j 0.00718168+1.64213e-05j 0.00262962-0.000376405j -0.00577072-4.5545e-05j -0.000979785+0.000301079j 0.00522816+0.000586975j 0.00399342+0.0002552j 0.000924142-6.3697e-05j -0.0011147+0.000157826j 0.00935606+0.0003109j -0.0049382-5.23582e-06j 0.000678997+0.000689771j 0.00021093-0.000204239j -0.00611826+1.62379e-05j 0.00249674+0.000188028j 0.00304922+0.000428648j 0.00270808-0.000509005j -0.0040596-0.000513252j -0.000197274-0.000473807j 0.00139854-0.000321172j -0.00200677-0.000198474j -0.00250714+0.000506263j -0.00211939+0.000831548j -0.0148548-1.45047e-06j -0.00800275+0.000131583j -0.00989935+0.000350156j 0.00584212-6.55578e-06j -0.000902014+0.000408362j -0.017218-0.000284426j 0.00211897+0.000107156j -0.00168251+0.000386452j 0.00167932-0.000214038j -0.00137458-0.000244226j 0.00862346-0.000397458j -0.00156531-0.000491964j -0.0196068-0.000810435j -0.00172077-3.58975e-05j -0.0129967+0.00142846j -0.000467763+0.00101591j 0.00748403-0.000605411j -0.0120409-0.00135335j -0.0148993-0.00146187j -0.0356798-0.000560674j 0.00731179-0.000463726j -0.0269968-0.000707383j 0.000779191-0.00212912j 0.00411844+0.000375532j 0.030908-7.07063e-05j 0.0093988-0.00148708j -0.0375837+0.000259832j -0.0704977-7.43563e-05j -0.919782+0.00378835j -0.0509663-0.000127982j 0.00422317-0.000365177j -0.00834741+0.00372837j -0.00346613+0.00204733j -0.0115192+0.00188942j 0.0103175+0.00180075j 0.00129644+0.000516538j 0.00436638+0.00167426j 0.00142191-0.000143371j -0.00460352-0.000939964j 
0.00649153-0.00035514j 0.00257517-0.000156902j 0.00174938-4.95694e-05j 0.00574823-9.96813e-05j 0.00127423+6.21581e-06j 0.00263389-0.000250358j 0.00374706+8.56681e-05j -0.00551572+0.000184656j -0.00118213+0.000117102j -0.00241781+7.25433e-05j 0.00287017-0.000305302j -0.00225484+5.59448e-16j 0.00228587+0.000356103j 0.000610343-0.000362931j -0.00149046+2.06088e-06j -0.00382871-1.23227e-05j -0.00189736+0.00018332j -0.00367483-0.000113573j 8.8299e-05-0.000471205j 0.00876367-0.000175569j -0.00511827-8.46293e-06j 0.00489011+0.000297987j 0.00260502+0.000527185j -0.00128213-0.000170208j 0.00506473+0.000115509j 0.00637582-0.000390118j 0.0115061+0.000754943j -0.00585533-0.00010245j -0.00777915+0.000296j 0.00293471+3.01784e-05j 0.0026558+0.000399012j 0.00296028-0.000438658j 0.000875283+2.2863e-05j -0.005664-0.000152684j 0.0136725+0.000633496j 0.011738+0.000108013j 0.00646882-0.000403603j 0.00375812+0.000353286j -0.0140256-0.000460481j -0.00601696-0.000762761j 0.0125658+0.00133223j -0.00338104-7.10652e-05j 0.00862537+0.000210904j 0.00678062+0.000227731j -0.0105756-0.000336421j 0.00370032+8.42529e-05j 0.00542431+0.000464299j -0.0075637+0.000362925j -0.00152988-0.00162109j -0.016087-5.12781e-05j -0.0132542-0.000197976j 0.0147194-0.000950012j 0.00140039-4.33283e-05j -0.0034487-0.000326243j -0.0142405-0.00135968j 0.0615822+0.000667101j -0.0195392-0.00095152j 0.00876289+7.7527e-05j -0.0177097+0.000808301j -0.0166864-0.00107453j 0.0311673+0.000992392j 0.024961+0.00188287j 0.0137263-0.000283121j 0.0887022+0.00285334j -0.0502896+0.000556021j -0.899345+0.00537466j 0.0578937-0.000504222j -0.00514871-0.000490199j 0.00235412-0.00121928j -0.00931107-0.000870103j -0.0182177+0.00187603j 0.00860109+0.00180996j -0.00283266-0.00225709j 0.00295095+0.000477048j -0.00647915-0.00076851j 0.00346558-0.000132157j 0.00202261+0.000296637j 
0.00386577-0.00035721j -0.00679063+0.000730295j -0.000891595+2.50488e-05j -0.00416435+0.00040616j -0.00276555-0.000254111j 0.0016318-0.000213395j -0.0039607+0.000139627j -0.000995041+0.000268495j -0.00979711+0.000321604j -0.0019658+0.000636625j -0.00574579+0.000312682j 0.00228587-0.000356103j -0.00595923+2.28658e-16j 0.00300966+3.81532e-05j -0.0023579-0.000510782j 0.00694838-0.000352268j -0.00566673+0.000170302j -0.00523813+0.00053066j 0.00144053+0.000205982j -0.00475717-0.000207015j 0.00115124+0.000108792j 0.00282309-3.09852e-05j -0.00287468-0.000160678j -0.00866448+0.000746835j -0.00428154-0.000934668j 0.00130379+0.000278586j -0.004048+0.000675379j 0.000758495-0.00016422j 0.00565352+0.00013236j -0.000683486-0.000181048j 0.00417846+0.000244465j 0.0185072+0.000168147j -0.0025898-0.000785144j 0.00331345-3.9468e-05j 0.0211366-1.97417e-05j 0.00242771-0.000236381j -0.000813539+0.000523475j -0.00490422-0.00026716j 0.0119344-5.69492e-05j -0.00225811+0.000100066j -0.00235425-0.000314819j -0.00890886+0.000762049j -0.00862849-0.000477206j 0.00810752-5.9107e-05j -0.0189804+0.000522925j -0.0222408+2.26608e-05j -0.00926899+0.000469223j -0.00981177+0.000712518j 0.0196586-0.000482274j 0.00330628-0.000393439j 0.030004-0.00207243j 0.00735537-1.12383e-05j 0.00604337+0.00102245j -0.000348779+0.000127739j 0.0395701-0.00051529j 0.0187503+0.000154502j 0.024555-0.000643131j -0.0437988-0.000113489j 0.00337438+0.00105071j -0.0190903-2.17793e-05j 0.0108918+0.00112606j -0.045902+0.00064445j 0.0867877+0.00034191j 0.16935+3.39085e-05j -0.901607+0.00182012j 0.0431102-0.000116689j 0.0297481+0.000562809j -0.000845536-0.00012716j 0.00350436-0.00221272j -0.0217961+0.00436356j 0.0113781+0.00143335j 0.00317034-0.000929539j 0.00650465-0.000544447j -0.00504607+0.00146878j 0.00352179+0.00017874j -0.00138384-0.000170116j 0.0025308-0.000390266j 
0.00111297-0.000266698j -7.60732e-05-6.0873e-05j -0.00493439+0.000679317j -0.000911261+3.53675e-05j -0.0012035+0.000445718j -0.00410006+0.000334019j -0.00331313+0.000210642j 0.00421388-0.000560893j 0.00196269-0.000283767j -0.000422132-7.67126e-05j -0.00280784+0.000582909j 0.000610343+0.000362931j 0.00300966-3.81532e-05j 0.0066855-2.16125e-15j -0.00244681+0.000924398j 0.0114277+1.31237e-05j 0.0103712-0.000669959j -0.000610924-0.000503857j 0.0007538+0.000461809j -0.00115549+0.00050554j -0.00211616+5.33752e-05j 0.00113666-0.000141186j -0.000335313+0.000253552j -0.0037047-0.000105179j -0.00187286+0.00043325j 0.00916899-0.000153932j -0.00447589-0.000254478j -0.00511496-6.43992e-05j 0.00142422-0.00044377j 2.85259e-05+0.000414518j -2.27061e-05-0.000205071j -0.00740475-0.000615858j 0.00170598+0.000161808j -0.00278815-6.07212e-05j -0.00681534-0.000742053j 0.00984015-0.000704376j -0.0109156-0.00014729j 0.0158594+0.000244119j 0.00196294-9.4926e-05j -0.00661232+0.00070263j -0.00808356+0.000814579j 0.0047834-0.000360633j -0.0113474+0.00145151j -0.0141077+0.000183623j 0.00403803-0.00064341j -0.0100563+0.000463117j 0.0109386-0.000197006j -0.00225184-0.000333312j -0.0318906-0.000248257j -0.00248994+6.40085e-05j -0.0328718+0.000849862j -0.00346612+0.000248528j 0.0132369-0.000420512j 0.00777595-0.00035867j -0.031257-0.000701629j -0.00647093+0.00173633j -0.00478383-0.00109763j 0.0202401+0.000803868j 0.0203099-0.00246402j -0.00560332+0.000275335j -0.00377653-0.000606685j 0.00559983+0.00163209j -0.0747331-0.000703567j -0.901543+0.00289919j -0.177044+0.000759824j -0.0554322+0.00347222j -0.00311222-0.00169399j 0.0153869-0.00264571j 0.00500522+0.00343041j -0.00851455-0.00147119j 0.00102056+0.00136881j 0.000270667-0.000412109j -0.00440056-0.000697266j -0.00324677-0.00206214j -0.00478242-1.30293e-06j -0.00174746-0.000702796j -8.28557e-05-0.000316325j 
0.00278609-0.000372346j 0.00141985-0.000124555j -0.00463849+0.000889488j -0.00260593+0.000589859j -0.00565061+0.00051443j 0.00138517+0.000188791j 0.00410151+0.00050894j 0.00392559+0.000155835j 0.0100573+0.000560214j -0.00175888+0.000596942j -0.00518968+0.00018434j -0.00149046-2.06088e-06j -0.0023579+0.000510782j -0.00244681-0.000924398j -0.0195266-2.1664e-15j -0.00837456-0.000273145j 0.00186857-0.000517263j 0.0153166-0.000477182j -0.0078604+0.000394274j -0.0180895+0.000606622j -0.00334127+0.000433291j -0.0088788+0.000393377j -0.000709581+0.000390693j -0.0114278+0.000333346j -0.00059282-0.00031401j 0.0105495-0.00019947j -0.0187216+0.000719555j -0.0122853-0.000181569j -0.0152972+0.000100298j 0.000900226+5.01584e-05j -0.00744671+0.000205881j -0.00907952-0.00106736j 0.00164707-0.000536069j 0.00720811-0.000206371j 0.0130192-0.000751044j 0.00481761-0.000340662j 0.00594167-1.1779e-05j -0.00176709+0.00140275j -0.00422232+0.000583224j 0.00309953+0.000315346j -0.0161005+0.000950276j -0.00658687-3.72666e-06j -0.0122257+0.000940268j -0.0114191+0.000299571j 0.0312944-0.000746926j -0.00902505+9.55057e-05j 0.0393838-0.000785839j 0.0231519-7.41812e-05j -0.0424913+0.000606131j -0.0144855-0.000331124j -0.045795-0.000551791j -0.007723-0.000682198j 0.0577991+0.000835822j 0.00716514-0.000753039j -0.0269755-0.00131043j -0.0483995-0.00117814j -0.017576-0.00091074j 0.05117+0.00115725j 0.0790148+0.00103472j 0.112931-4.28653e-05j -0.0304259-0.000258528j 0.0282981+0.000900292j -0.911926+0.00116028j 0.0926005-0.000548592j -0.0570441-0.000141347j -0.00853782-0.000606891j -0.00678276-7.67794e-05j 0.0171957+0.000927017j -0.00681768+0.00200212j -0.000960654+0.000929747j 0.00132949+0.00164743j 0.000671326+0.000569397j 0.00948431+0.000927263j -0.00342579-0.000244172j -0.0019363+0.00220149j 0.00237468+0.000404591j 1.6992e-05-0.000211869j 
0.00141335-0.000392515j 0.00091322-0.000177068j -0.00410616+0.000298792j -0.00391324+5.908e-05j -0.00351372+0.000305665j -7.42511e-05+0.000105795j -0.00249394+0.000266809j -0.00447491-0.000444077j -0.00402249+4.57919e-06j 0.00332442+0.000191997j 0.000168802+0.000529962j -0.00382871+1.23227e-05j 0.00694838+0.000352268j 0.0114277-1.31237e-05j -0.00837456+0.000273145j 8.15378e-05+1.01015e-15j 0.0102108-0.000511578j 0.00523628-0.000267205j 0.00711917+0.000573282j -0.00106829+0.00036011j -0.00995512+5.33857e-05j 0.00181508-0.000308015j 0.00787543+0.000521313j -0.00385059+6.10822e-05j -0.00114834-0.000204566j 0.011413-0.0001949j 0.0126876+0.000540219j -0.0057821+0.000191313j -0.0089288+5.2033e-06j 0.0173505+0.000338679j -0.000983938+6.23992e-05j -0.00149307-0.000187663j -0.0129966-0.000263313j -0.00774686-0.000260718j 0.0233533-0.00072503j 0.0177672-0.000382709j -0.0054999-7.47214e-05j -0.00976703-0.000361224j -0.0177284-0.000143047j -0.0165918+0.000723273j -0.0064756+0.000260266j 0.0161284+0.000563925j -0.0179046+0.00034597j -0.0208128+0.000370943j 0.00959317-4.83162e-05j -0.0273494+0.000253652j 0.00471249-0.000142187j -0.0199056+0.000711662j -0.0121302-0.000558064j 0.00567581+0.000478247j -0.0319532+0.000362465j 0.0403382+0.000389043j -0.0213473-5.03313e-05j -0.0324211+0.000523658j -0.0153832+0.000392127j 0.00104628+8.20656e-05j -0.0200668-0.000590551j 0.0495058-0.000360918j -0.126376-0.000725506j 0.10021+0.000186045j -0.0906781-0.000265378j 0.91498-0.000713436j 0.0456703-0.00106068j 0.00177528-0.00174574j -0.0221522-0.00102064j 0.0203994-0.00193525j 0.00148384-0.000376632j -0.0146875-0.000328845j -0.0135357+0.000978452j -0.003121+0.000816777j 0.00170813-0.000187593j 0.000249475-0.000349541j -0.000128663+0.000256694j -0.0027211+0.000196701j -0.00135375-0.000205148j -8.53875e-05-0.000248109j 0.00203529+0.000616551j 
0.000911407-0.000123463j 0.0014611+8.94749e-05j 0.00409208+0.000118439j -0.000745452-0.000249237j -0.00415098-8.67319e-05j 0.00344614-0.00027686j -0.00509123-3.80013e-05j 0.00413834-3.15591e-05j -0.00196946-0.000594503j 0.00244872-9.36436e-05j 0.00718168-1.64213e-05j -0.00189736-0.00018332j -0.00566673-0.000170302j 0.0103712+0.000669959j 0.00186857+0.000517263j 0.0102108+0.000511578j -0.0051258+6.82614e-16j -0.00529538-8.85241e-05j 0.00662736+0.000320417j 0.00716666-0.000216179j -0.00642563-0.000224602j 8.59838e-05-0.000506978j -0.00883071-0.000180715j -4.91154e-05-0.00017978j -0.00348694+0.000111469j 0.0097229-5.96181e-06j -0.00429623-0.000874278j -0.000964948+0.000276204j 0.00357022-0.000112755j -0.00317463-0.000197078j 0.001383-0.000263861j 0.00320404-0.000278649j 0.00449269+0.000430419j -0.0105274+0.000486547j -0.00848947-0.00105803j 0.00113723-0.000377079j 0.0101812-0.000765011j 0.0068388-0.000405234j -0.00523916-0.000705077j 0.0120214+0.000751997j 0.0099526-0.000371762j 0.0135143-7.74685e-05j 0.00424598+0.000548962j 0.0117204-0.00016874j -0.0340279-0.000347751j -0.0142869-0.000100578j 0.000788204+0.000107788j -0.0146154-0.000560393j 0.0113108+0.000616246j -0.00512475-0.000382754j -0.0145156-0.000534585j 0.0356927-0.000756299j 0.0382724-0.00163173j -0.0135544-0.000891947j -0.0231583-0.000314839j 0.0402358+0.000313179j 0.018274+0.00119511j -0.0307598+0.000715655j -0.135288-0.00140247j -0.158932+0.000993844j 0.903016-0.0035861j 0.0845725-0.000900019j -0.0572944+0.000489753j 0.0134095+5.26973e-05j 0.0116921-0.0010618j 0.0211843-0.00132442j 0.00110665+0.00199792j -0.00854518+8.80327e-05j 0.00679986+0.000383643j -0.00141043-0.00120647j -0.0011031-0.00110223j -0.00397032-0.000420636j 0.000306943+7.29445e-05j -0.000555233-0.00146657j -0.000282602-0.000283081j -0.000691415-0.000489478j -0.00139929-0.000464708j 
0.000119197-1.9863e-05j 0.00201557-2.8009e-05j 0.0014133+4.741e-05j -0.00026715-0.000208863j -0.00452138+0.000250105j -0.00968152-2.21566e-05j 0.0036218-0.000167452j -0.00096008-0.000249408j -0.0125614-0.000490473j 0.00517156-0.000297862j 0.00262962+0.000376405j -0.00367483+0.000113573j -0.00523813-0.00053066j -0.000610924+0.000503857j 0.0153166+0.000477182j 0.00523628+0.000267205j -0.00529538+8.85241e-05j -0.00349235+9.26928e-15j -0.0111982+7.56151e-05j 0.00630718-0.000201492j 0.00095842+9.59901e-05j 0.010383-8.06735e-05j -0.00141115-0.000488482j 0.000949559-0.000478102j 0.00235906+0.000556356j -0.00256519+8.14538e-05j 0.00596066-0.00128939j -0.00413047+0.000289658j 0.00550953+6.84431e-05j -0.0193681+5.78627e-05j -0.00484342-0.000559641j -0.00668492+0.000157172j -0.000592424+0.000240302j -0.00665724+0.000117805j -0.00842029-3.00713e-05j 0.00399194-8.88332e-05j 0.00717201-0.000123322j 0.00881871-0.00017073j -0.010634-0.000445278j 0.00421978+0.000100544j 0.0030702+0.000686863j -0.0185914+7.5364e-05j 0.0148474-0.000673845j -0.0135736+0.000344154j -0.0133856-0.000208723j -0.0147862+0.000437041j 0.0351335-0.00055554j 0.00589782-0.000816869j 0.0607464+0.000588404j 0.0245373+0.000107704j 0.0343716+0.00138631j -0.0233329-0.0012019j -0.0392153-0.000582577j -0.0699914-0.000776014j -0.0238781+0.000324425j -0.0109597+4.45647e-05j -0.0537501-0.000615312j -0.124841-9.87135e-05j -0.0784749+0.000582486j -0.892171+0.00241571j -0.179857+0.000358389j 0.0684353-6.76401e-05j -0.109334+0.000233154j -0.00441091-0.000439581j 0.00642795+0.000258211j 0.00139593-0.00121604j 0.0157437-0.00118025j -0.00114138-0.000676448j -0.00260903-0.000239113j -0.000466076-0.000318225j -0.00305316-0.000624086j -0.00681704-0.00101243j -0.00300162-0.000496398j 0.00299902-0.00019678j -0.00065634-0.000857287j 0.000830918-7.54326e-05j -0.0019049-0.000234945j 
0.00149128-0.000157045j 0.00206381-3.35011e-06j 0.00237491+0.000376376j 0.00106626+2.1984e-05j 0.00196629+6.6912e-05j -0.00217298+0.000398386j -0.00478709+0.000301808j 0.00794444+8.6823e-05j 0.00325738+0.000379364j -0.00572418+0.000131389j -0.00577072+4.5545e-05j 8.8299e-05+0.000471205j 0.00144053-0.000205982j 0.0007538-0.000461809j -0.0078604-0.000394274j 0.00711917-0.000573282j 0.00662736-0.000320417j -0.0111982-7.56151e-05j 0.00495748-3.04791e-15j 0.000739446-0.00012567j 0.001421+0.000598534j 0.00430394-0.000243255j -0.00147378-0.000187956j 0.00252493+2.28749e-05j -0.0126957+0.000299585j 0.00671758-5.87583e-05j 0.00989751+0.000485483j -0.00390758-0.000372974j 0.00967013-8.69867e-05j -0.00124933+3.41487e-05j 0.0186822+0.000943266j 0.00449016-0.000259642j 0.00973138-0.000317883j 0.00616522-0.000245992j 0.0208973+0.00103516j 0.0121504-0.000917226j 0.00177517+0.00141528j 0.00338702-0.000490499j -0.0202374-0.000756784j -0.0229238-0.000489438j 0.0150107+0.00109328j 0.0196495-3.50395e-06j -0.0532652+0.000274945j 0.015165+0.000500692j -0.0133566+0.000475303j 0.0180857+0.0010776j -0.011837-0.00100229j -0.0301202-0.000520376j 0.0579098+0.000435176j -0.00717197-0.00105632j 0.0014209+6.07272e-05j 0.0352524+4.68526e-05j 0.03588+0.00192607j -0.0362871+0.000409155j -0.0299816-9.92747e-05j 0.0848772+0.00178624j -0.0994216-0.00052895j 0.0478517-0.000424249j -0.88847+0.00449876j 0.0901071-0.000660205j -0.101153+0.0021961j -0.130292+0.0018586j -0.054247+0.00104634j -0.0194329-0.00278229j 0.00294925+0.000758828j 0.0141711+0.000950406j 0.0122299-0.000821563j -0.00323917+0.00182978j -0.00541313-0.00119046j 0.00136583+0.000872054j 0.000397389+0.00157205j -0.00119112+0.000571235j 0.000459516+0.00216169j 0.00233283+0.00120839j 0.00370301+0.00105756j 0.00157564+0.000301972j -0.000592517+0.000143858j 
-0.00311023-0.000207718j 0.000764003-8.57941e-05j -0.00324554+5.97859e-05j -0.00892321+0.000143096j 0.00329251-0.000295599j -0.00441285+0.00012623j -0.00579225-0.000210831j -0.00268696+0.000391136j 0.00053792+0.000424401j -0.00852123+0.000610805j -0.000979785-0.000301079j 0.00876367+0.000175569j -0.00475717+0.000207015j -0.00115549-0.00050554j -0.0180895-0.000606622j -0.00106829-0.00036011j 0.00716666+0.000216179j 0.00630718+0.000201492j 0.000739446+0.00012567j -0.00759216+9.98117e-16j 0.00156413+0.000260916j -0.00296688+0.00042028j -0.00659638+0.000119723j -0.00920133+0.00067129j 0.016887-0.000319318j 0.00244706-0.000378571j -0.00649591+0.00139525j -0.00256354+0.000215119j -0.00909512+0.000829438j 0.00440524+7.35211e-05j -0.0106508+0.000479571j -0.00860325-0.00023523j 0.00414411-0.000232991j 0.0148375-0.000383449j 0.0195192+0.000192586j -0.00300618-0.000182492j 0.00798019+0.000502607j -0.0309314+0.000467393j -0.00287662-0.0006985j -0.00753305+6.85079e-05j 0.00878445+0.000254619j -0.0123648+0.000417566j -0.0502006-0.000117744j -0.00650181-0.000415596j 0.0554485+0.00074742j 0.00722177+0.000217175j 0.0326919+0.00045105j 0.00269293-0.000537065j -0.0254112-0.000695204j -0.0109572-6.99977e-05j 0.00141911-0.00126497j -0.022771+0.000325342j 0.0482785+0.000265527j 0.0374754+0.00112105j -0.0519941+0.000282453j -0.183714-0.000725805j -0.0347619-0.000546192j 0.903127-0.00249132j 0.0288463+0.000358564j -0.142203+0.000702144j 0.0339529+0.000296456j -0.0349741-0.000343398j 0.0527561-0.00119581j 0.0150668+0.000103805j -0.0113178-0.000242168j -0.011904-0.000296878j 0.00206181+0.000123077j -0.00605598+0.00177147j -0.00520945+0.000433351j 0.00422045+0.00149878j 0.00795304+0.00073146j 0.000771568+4.41093e-05j 0.000411917-0.000277225j -0.00308109+0.000746062j 0.00482544+0.000850405j -0.00260944-0.00026525j -0.00134153-1.98617e-05j 
-0.00480923+0.00046425j 0.00365555-0.00033096j 0.00539538-0.000535223j 0.000139873-0.000225609j -0.000173406-0.000181717j 0.00414856-4.97518e-05j 0.00280018-0.000289584j 0.00028826+0.000155127j 0.00458626-7.87591e-05j 0.00414817-0.000310833j 0.00522816-0.000586975j -0.00511827+8.46293e-06j 0.00115124-0.000108792j -0.00211616-5.33752e-05j -0.00334127-0.000433291j -0.00995512-5.33857e-05j -0.00642563+0.000224602j 0.00095842-9.59901e-05j 0.001421-0.000598534j 0.00156413-0.000260916j 0.00210567-3.76576e-15j -0.0105194+8.19942e-05j -0.00220326-6.14931e-05j 0.0114169-0.000223844j 0.000139773+0.000344345j -0.0130385-4.68996e-05j 0.00870415+0.000211272j 0.0117324-0.000262031j -0.00414506-0.000220162j 0.00812996+2.41921e-05j -0.00422176+0.000653894j -0.0233857+0.000202371j -0.0062577+0.000281235j 0.000297812+4.26091e-05j -0.00414499+0.00150711j -0.0335837+0.0001238j 0.0196378+4.22044e-05j -0.00212745+0.000438387j 0.00365764-0.000188577j -0.00449807-0.000978623j 0.033958+0.000244852j 0.0356027-0.000238489j 0.0149886-0.000249278j 0.0170387-3.35386e-05j 0.00468148+7.8455e-05j 0.0265399-0.00051257j -0.0153598-0.000205059j 0.0339248-0.000332712j -0.053371-0.000679589j 0.0248263+4.21276e-05j 0.0381182+0.000410315j -0.0169626-9.77509e-05j 0.00985555+0.000310179j -0.0491225+0.000129116j 0.00174305-9.20148e-05j -0.141298+0.000404895j 0.908748-0.00119946j 0.00932747-0.000665846j -0.0971548+0.00127864j -0.0320707+0.000300678j -0.0253208+0.00157249j 0.0143236-9.2604e-05j -0.0190773+0.000797851j -0.0174186+0.000676353j -0.0263594+0.00123881j -0.00925112+0.00121329j -0.00110827+0.000979724j 0.00209448+0.000850286j -8.80376e-05-0.000332147j 0.00317875-0.000176985j -0.000420216+0.000664167j 0.000711049-0.000355996j -0.000120225+0.000815256j 0.00321704+0.000204929j 0.00130302-6.01478e-06j 0.00104404+0.000514692j -0.00212394+5.80533e-05j 
