-0.00831868-1.51094e-15j 0.0398507+4.3333e-06j 0.0389382-0.000683171j -0.0187357+0.00238634j -0.0202232+0.000122092j -0.0330611+0.000312783j -0.00276187+0.00350821j 0.0311892-0.00137434j -0.00398431+0.00134028j 0.0110024-0.00012514j -0.00652811-0.00226043j 0.0199389-0.00184745j 0.0282468-0.000134639j -0.0102419+0.000729815j -0.00258726+0.000773225j -0.000522907+0.00146085j -0.00923295+0.0021169j 0.00991493-0.000203468j -0.00418879+0.000419768j -0.0213266+0.00137991j -0.0114787+0.0020331j -0.0155067-0.000313584j 0.00553487-0.00021626j 0.00739789-7.2028e-05j 0.0102254-1.50962e-05j -0.00179221-0.000358415j 0.00717888-0.000189059j 0.00962469+0.00051652j -0.0088679+0.00154391j -0.0042508+0.000235302j 0.00855772-0.000803195j 0.0137364+6.43964e-05j -0.00300211-0.00141728j 0.0186461-0.000457732j 0.0168937-0.00311612j 0.00184105-0.000747571j -0.0171652-0.000835286j -0.0423909+0.00165781j 0.0013384-0.00517916j -0.000671504+0.00209945j -0.0593376+0.00687993j -0.0701633-0.00339434j -0.0109421+0.00382421j 0.0423669-0.00387727j -0.168439+0.0157366j 0.25495+0.00601385j 0.0889727-0.0036451j 0.0897042-0.00936332j -0.0947405-0.0123532j -0.153429+0.00766224j -0.0044571-0.00398163j -0.0186989+0.000976372j -0.0389736+0.00396773j 0.0245592+0.0079976j 0.0404123-0.0048692j -0.0685356-0.00081504j -0.0106031+0.00215958j -0.0283864+0.00158513j 0.016054-0.000647212j 0.0238156-0.00103622j 0.0222465-0.00506653j 0.0110406+0.000572817j 0.000675414+0.00183276j 0.0239312+0.00322087j 0.0341052-0.00370578j -0.0257514+0.000388816j 0.0128321-2.6327e-05j 0.0247135+0.000486745j -0.0111581-0.0036185j 0.016704-0.00131738j 0.00350517-0.0012268j -0.00884423-0.00386206j -0.0223219-0.00294658j -0.0161121-0.000352046j 0.00695056-5.28655e-06j -0.000234193-0.000208933j 0.0254284-0.0040066j -0.00460696-0.00261413j 0.00843491-9.5486e-05j 0.023482+0.000293828j 0.0174087+0.000320905j 0.0032764-0.000179097j 0.00179054+0.000445198j -0.00194555+0.0037449j 0.0163669-0.00254735j 0.00976856+0.000109096j -0.00368753+0.00406403j -0.0240004-0.00329577j -0.0110391+0.00462681j 0.0200961+0.00291283j 0.01561-0.000525223j 0.0175042-0.00801253j -0.0298108-0.00430937j -0.0230422+0.00898295j 0.0115533-0.00972818j 0.0824125+0.00410797j -0.00632838+0.0118964j -0.0749243-0.00974352j 
0.0398507-4.3333e-06j 0.00839829-2.94556e-15j 0.0204123-0.00226363j 0.0433579-0.00100859j -0.00755805+0.000162276j 0.00696573+0.00229664j 0.0475909-0.00101496j 0.00256276-0.00206121j 0.0103993-0.000761774j -0.00221343+0.000116816j -0.0212426+0.000821776j -0.0255263-0.00135713j 0.0102012-0.0022933j 0.00325881+0.00135066j 0.006384+3.36517e-05j 0.00690733-0.000685671j 0.0116097+0.000508944j -0.0082901+8.19931e-06j 0.00506563+0.00128368j -0.0030955+0.00100754j 0.0103918+0.0012174j 0.00060432+0.00101078j 0.000437263-0.000268861j -0.00043109-0.00204927j 0.0169563-0.0019354j -0.00438254+0.000261831j -0.00332431+3.7231e-05j 0.00624248-0.0011528j 0.00890893-0.000373587j -0.00790605+0.000677006j 0.00423317-0.000489994j 0.0126755-0.00186813j -0.0112242+0.000216537j 0.00387591-0.0021961j -0.0232027+6.59709e-05j -0.0105181+0.000470816j -0.020881+0.00329797j 0.00389562+0.00507403j -0.0360709+0.000477833j 0.0124529-0.00200356j 0.0619117+0.00325009j -0.0593634+0.00742632j -0.0320481+0.00487237j 0.0071784+0.00291695j 0.246215+0.00487679j 0.184875-0.0170516j -0.0421097-0.00598351j -0.0943116-0.00507605j -0.180342+0.0107574j 0.07229+0.0114004j -0.0385576+0.00068395j 0.00626059+0.00174931j 0.0200683+0.00356106j 0.0853634-0.00415515j -0.0444194-0.00277058j -0.0104017+0.00741409j 0.0157422+0.000885757j 0.0102571+0.00304819j 0.00122119-0.00252283j -0.00338016-0.00273634j -0.0412295-0.00121597j 0.0109139-0.00101558j 0.0088114+0.000734484j 0.0309684-0.00364784j -0.0225776-0.00388095j -0.00257007+0.00259733j -0.000777715-0.000758511j 0.00923957-0.0034361j -0.0236835+0.0012899j -0.00419952-0.00242702j -0.0139077-0.00037755j -0.0219092+0.00163358j -0.0262889+0.00309485j -0.000817806+0.00235424j -0.00209256-0.00079733j -0.00324196+0.000440738j -0.0249221-0.00278105j -0.0206568+0.000586479j 0.00445749-0.00199878j 0.00498991-0.00356137j 0.00688194-0.00239184j 0.00151733-0.00138175j 0.00579802+0.00116911j 0.024672-0.00095446j -0.00678416-0.00337932j 0.0106941-0.00194317j 0.0209995-0.00015133j -0.0107107+0.00522285j 0.0255826+0.00427858j 0.00149812-0.00127644j 0.0134406-0.000867868j -0.0297117-0.00143058j -0.0223001+0.0119858j 0.0153234+0.00419825j 0.0834253+0.00306224j -0.0112768+0.0107554j 0.0744152+0.00958907j -0.00622461+0.0116877j 
0.0389382+0.000683171j 0.0204123+0.00226363j -0.00858802-1.21431e-17j 0.0105317-0.000367334j -0.0156735-0.002701j -0.0151277+0.00158152j 0.0388209+3.41993e-05j -0.0430067+0.0023618j -0.00905887-0.00121186j 0.0121029+0.00179396j -0.0436808+0.00109607j -0.00363832-0.00225963j -0.042598+0.00391773j 0.0125181+0.00112179j 0.00961259-0.00113459j -0.00253498-0.000925324j 0.0329561-0.000734464j -0.000788113+0.000907772j 0.0174507+0.00167129j 0.00553715-0.00226354j 0.0158259-0.000505733j 0.00268125-0.000709877j -0.00250722-0.000108772j -0.0062729-0.00213718j -0.0102512+0.000126292j 0.0188363-0.000906904j 0.0212923-0.000686768j -0.0463669+0.0037376j -0.024173+0.00030097j 0.0157528+0.000748431j -0.000631451-0.00158378j -0.00945208+0.000145809j 0.0531065-0.00294323j 0.00798175+0.00036397j -0.0285162+0.00340874j 0.00252055+0.00108045j -0.00383631+0.0058627j 0.0125804+0.000952536j -0.0318167-0.00264728j 0.154468-0.00503287j 0.314847-0.00241572j 0.064877+0.00159015j 0.355187-0.010886j 0.214853+0.00549792j -0.157831+0.00611179j 0.0811678+0.00832223j 0.128943+0.00189536j 0.0899286-0.00880564j -0.0701024-0.00081779j 0.00459426-0.00132017j 0.0457052+0.00347867j -0.0482452+0.000740751j -0.0530551+0.00543865j 0.0263704-0.00075824j -0.0334604-0.00104644j 0.0185193-0.00340124j 0.0062028-0.00262924j 0.0104757-0.00334924j 0.0254348+0.000279275j 0.00990645-0.00318088j -0.0155653+0.000465465j 0.0122486+0.00225099j -0.0496051-0.00413351j 0.0182611-0.000798522j 0.0110263+0.00114192j 0.00290653+0.00249549j -0.0295419-0.000350445j 0.00455406-0.00190522j 0.0309239+0.000144698j 0.0234292-0.00133357j -0.0124342+0.00142765j 0.0217804-0.00115589j 0.0193201+0.00114036j 0.0179463-0.00187808j -0.0103939+0.00122506j -0.025235+0.00323803j -0.0092119+0.000159317j 0.0158158-0.00436573j 0.0141254+0.00788333j -0.0171141+0.00311924j 0.014715-0.000321294j 0.00897982+0.00173564j -0.0198801-0.00576002j 0.00834083-0.00509587j 0.0171955+0.00178021j 0.0197244-0.00417198j 0.0315449-0.000912568j 0.00225988+0.00658277j -0.0397663-8.83776e-05j -0.0677461+0.00716088j -0.0186215+0.0101235j -0.0889544-0.00544227j 0.00778527-0.000924808j -0.0863161-0.00960412j 0.00464854-0.0163845j -0.0647611-0.0152528j 0.003283-0.00649439j 0.0201293+0.00502589j 
-0.0187357-0.00238634j 0.0433579+0.00100859j 0.0105317+0.000367334j 0.0204769+3.1225e-17j 0.0399429-0.00169346j -0.0525378-0.00145801j 0.0241315+0.000650448j -0.0210983+6.75733e-05j 0.0399578+0.000387884j -0.00283166+0.000980653j -0.028382-0.00175858j 0.0268523+0.000733885j -0.0157884-0.000212804j -0.00885228+0.000634264j 0.0133674-0.000109695j 0.011338+0.00128942j 0.016771+0.00209168j 0.0230972+0.00115579j -0.00837736-0.000148909j 0.0210103+0.00195686j 0.0220084+0.00077358j -0.0115551-0.000857823j 0.0182161-0.000264896j -0.00104295+0.000958305j -0.00724882-0.00215526j -0.00115424+0.000834701j 0.0182356+0.00132627j -0.0042289-0.00170188j -0.0117054+0.000124287j 0.00804875+0.00212281j 0.0217158-0.00238897j -0.00608867-0.00178123j 0.0168923+0.00279036j -0.0192347+0.00017806j -0.0115826-0.00382535j -0.0198183+0.000510816j -0.0688309+0.00100079j -0.0119409+0.00181484j 0.0531758-0.00345654j 0.0740994+0.00845663j 0.0159745+0.00326549j -0.402814+0.00496356j 0.193493+0.00808919j -0.341594+0.0119536j -0.0868079-0.00702974j -0.165286+0.00416417j -0.0791414+0.00952361j 0.165974+0.0023948j 0.037468-0.00336254j 0.0357089+0.00045521j -0.0160643+0.00524431j -0.00326727-0.00485205j -0.0894901-0.00109383j -0.0154513+0.00187533j 0.0054889-0.00261857j 0.0400013+0.000297862j 0.00876237-0.000101017j 0.00782388+0.000540918j -0.00828034+0.00241968j 0.0256601-0.000655548j 0.0108323-0.00262291j 0.00603238+0.000599368j 0.0125113-0.00472256j -0.000877784+0.00117949j -0.000354817+0.00141515j -0.0209953+0.00197386j 0.000228664-0.001734j 0.00800776-0.00167253j 0.00993007+0.00199087j -0.0115846+0.00136521j -0.0146071-0.00125794j 0.0278683-0.000698415j -0.011219+0.00173558j 0.0199391+0.000632153j 0.00108731-0.00228201j -0.00926714-0.00382122j 0.00382521-0.00127598j -0.00298277+0.00353146j -0.0182038+0.00117802j -0.00463387-0.00192624j 0.0141269+0.00103204j 0.000819917+0.0016828j 0.0297686+0.00159116j 0.00318529-0.00357845j 0.00448949-0.00658015j 0.0427496-0.00226765j -0.0162656+0.00858583j 0.0173932-0.000547745j 0.0240217-0.00454137j -0.0205634-0.000756179j 0.134494+0.00174682j -0.00915167+0.0136306j 0.0177942+0.00156068j -0.00650701+0.0157869j 0.0496114+0.0109378j 0.00303102-0.0108714j 0.0194191+0.00440454j -0.00300288+0.0058016j 
-0.0202232-0.000122092j -0.00755805-0.000162276j -0.0156735+0.002701j 0.0399429+0.00169346j 0.0707682+8.23994e-17j -0.0428248-0.000495084j -0.0087579+0.000990247j -0.0374615+0.00171344j 0.0100452+0.00247681j -0.0105029-0.000951231j -0.0152448-0.000391759j 0.049147-0.000567263j -0.0524096+0.00114892j -0.0192073-0.00022678j 0.00719287+0.000155093j 0.00187069+0.000911888j -0.00452343+0.00116955j 0.00546327+0.000786125j -0.0282816-0.000491146j 0.0214782+0.0019146j 0.0147354+4.08215e-05j -0.0223379+0.000814386j 0.0186721+0.000242427j 0.0632547-0.000599923j -0.0144817+0.00113397j 0.0158191-0.000626021j 0.0424145-0.000165687j -0.0411999+0.00204908j -0.00906687+0.000171317j 0.0191669+5.33255e-05j 0.0318376-0.000346136j -0.0273726+0.00106153j 0.00742768+0.000156667j -0.0828357+0.0012445j -0.0365575+0.000288575j -0.0643923-0.00264064j -0.231478-0.00181699j 0.116266-0.00557499j 0.354444-0.0028352j 0.40405-0.00507263j -0.312716-0.00050691j 0.127589-0.0140422j -0.0792267-0.00271321j 0.12112-0.00482439j 0.153503+0.0024951j 0.0624578-0.000585602j -0.146838+0.00503736j 0.0532837+0.00467555j -0.00517594-0.00443575j 0.0924389-0.00163622j 0.00595141+0.00302536j 0.00758901-0.00135261j -0.0405303-0.0017873j -0.00665678+0.00211578j -0.0094778-0.00207001j 0.0352311-0.00280593j -0.019702-0.00293776j -0.00319297-0.00149175j -0.0109031+0.00488471j -0.0158906+0.00198445j 0.00745354-0.00189298j 0.0422956-0.00262901j -0.0101971-0.00207099j 0.00370232-0.00229115j 0.0049805+0.00138422j -0.0162877+0.00140318j 0.00420947+0.000430652j -9.88557e-05-0.00284045j 0.0155854-0.000705829j -0.0013796-0.0044347j -0.0227009-0.00227225j 0.0367238-0.00367952j -0.0100624-0.00542806j 0.024237-0.00488607j -0.012407-0.00151768j 0.0189469-0.00193624j -0.00221519+0.00288895j -0.0440934+0.00220364j 0.0221424+0.00778551j 0.0114702+0.00454756j 0.00250932-0.00302899j -0.0190832+0.0098153j -0.00965781-0.00176717j -0.00138217-0.00230266j 0.0601803-0.00486993j 0.0360389+0.00303761j 0.0191119-0.00383683j 0.0800953+0.00272484j -0.0316442+0.00429241j 0.0849216+0.00209986j -0.00523678-0.0135973j -0.0038913-0.00662571j 0.00214312-0.0177177j -0.0942907-0.014797j 0.0108368-0.00612605j -0.0209825-0.00721503j 0.000235572-0.00181452j -0.00287783+0.00186317j 
-0.0330611-0.000312783j 0.00696573-0.00229664j -0.0151277-0.00158152j -0.0525378+0.00145801j -0.0428248+0.000495084j -0.0377373-1.07119e-15j 0.0135465+0.000713287j 0.00372139-9.9986e-05j -0.0202623+0.00100345j -0.0154733-8.7559e-05j -0.0199631+0.000182551j 0.0312399-0.00138838j 0.0223254+0.00016763j -0.00434511+0.000118209j -0.0194879+0.000398349j 0.0244828+0.000373275j 0.0242431+0.000756401j 0.00881085-0.000762851j -0.00266945+0.000169597j -0.00239769+0.00161299j -0.0307756+0.0007026j -0.0376451+0.00205565j -0.0231156-0.000559468j 0.0331561-0.00172932j -0.019499+0.000158102j 0.00938278-0.00014457j 0.0135758-0.00228794j 0.0282974-0.00125934j 0.00781262+0.00134215j 0.063323-0.000925672j -0.0669214-0.00134337j -0.00548148+0.000392734j 0.0017743+0.00243188j 0.0233906+0.00203196j 0.100346-0.00425756j -0.0587849+0.00138742j 0.111935+0.000673754j -0.587259+0.00370864j -0.0603857-0.00573016j 0.368735-0.00262085j 0.105041+0.00490381j 0.013811-0.00146581j -0.196689+0.000591998j -0.0129697-0.00619147j 0.103162+0.00203159j -0.223142+0.00152131j 0.0460493+0.00200237j 0.00745257-0.00811483j 0.0307504-0.00331359j 0.0331462+0.0012261j 0.0413544-0.00161932j 0.0284106+0.000417713j -0.0149466+0.000867113j -0.0166774+0.0014621j -0.0138032-0.00379168j 0.0235847-0.00401684j -0.00843028+0.00323668j -0.0154483-0.00269294j 0.0312297-0.0020945j 0.00603599+0.000819341j -0.0159932-0.00197698j -0.0322238-0.000416846j -0.0166564-0.00113369j -0.00678145+0.00230721j 0.0221073-0.00334296j 0.0249658+0.000625461j 0.00181473-0.00457687j 0.0115188+0.000482365j 0.010403-0.00225401j 0.0081083-0.00822709j 0.00366449+0.00426387j 0.00949772-0.0052658j -0.0191501+0.00138928j -0.0117762+0.000694603j -0.00304126+0.00396754j 0.00688143-0.00109797j -0.0119605-0.00499369j -0.00860277-0.00298241j 0.00730304-0.00390532j 0.0324314-0.00240272j -0.0418265+0.00759335j 0.036197+0.00222728j 0.017971-0.00966536j 0.0522578-0.00435654j 0.0469341-0.00650755j 0.0242697-0.00491867j -0.0567583-0.0115149j -0.0382973+0.000656525j 0.0339578+0.00377662j -0.00766952+0.00923046j 0.00683382+0.00549074j 0.00467091-0.0131971j -0.0792973-0.00855425j 0.00628654+0.00659897j -0.00911828+0.000330654j -0.0225763+0.000362322j 0.00468047-0.0028045j -0.00305146-0.00196884j 
-0.00276187-0.00350821j 0.0475909+0.00101496j 0.0388209-3.41993e-05j 0.0241315-0.000650448j -0.0087579-0.000990247j 0.0135465-0.000713287j 0.0355792+3.79904e-16j 0.0117646+0.000598462j 0.0509151+0.000780369j 0.00236461+0.000497751j -0.0375264+0.000420386j -0.0151006+0.000276709j 0.00246337+0.0019883j 0.0145096+0.000334025j 0.0364266-0.00060802j 0.0347698+0.000666157j 0.0413516-0.000137285j 0.0275366+0.00165131j 0.0240945-0.00071388j 0.0224646+0.00153218j 0.064677+0.000339984j -0.0122198-0.000127755j 0.014773+0.000609013j -0.0620135-0.000545271j -0.0286156-0.000250506j -0.0170394-0.00130323j 0.0273314-0.00105669j -0.0238596+0.00271216j -0.0205353+0.00186104j -0.0134507-2.0366e-06j 0.0238073-0.00167676j -0.030599-0.000941438j 0.0434641-0.00166502j -0.0286696-0.000566724j -0.0660785-0.00270204j 0.0162776+0.00129037j -0.217034+0.00235288j 0.0669045+0.00447843j -0.60287+0.00264794j 0.198709-0.00555859j -0.293111+0.00126482j 0.199754-0.00645811j -0.0561431+0.00471106j -0.185883-0.00201242j -0.16684+0.002506j -0.0507319-0.00243209j -0.00476872-0.00288389j 0.0141942-0.00228786j 0.0342878+0.00345202j -0.0314493+0.00291035j -0.0367091-0.0013217j 0.0132856-0.00466302j -0.0429344+0.00335707j -0.00913097-0.000814098j -0.0266113+0.000647228j 0.00310123+0.00124099j 0.0135054-5.58127e-05j -0.0120054+0.00502593j -0.0183425-0.000668407j 0.0277104-0.00202621j -0.00290846+0.00299251j 0.00112358+0.00348742j -0.0121624-0.000865867j -0.00135278-0.00187879j -0.0276736-0.000867632j 0.00523981-0.00122087j -0.0422055+0.00178415j 0.00541642-0.00427826j 0.0201841-0.00037593j -0.0307824-0.00176433j 0.00657276-0.0018112j 0.0187065-0.00140459j 0.0143168+0.00244956j 0.0237618-0.00272331j 0.0288986+0.00233269j -0.020072+0.00292632j 0.00703633+6.93234e-05j -0.00367346-0.00144361j -0.00312436+0.00475004j -0.0255585-0.00342929j -0.00115474+0.00404206j 0.0309105-0.0114915j -0.0542239+0.000899197j 0.0283953-0.0058396j -0.0062723+0.00274007j 0.104896+0.00554636j 0.0565189-0.0097207j 0.0290163-0.001858j -0.0217005+0.0068655j 0.0121884+8.57921e-05j -0.00867498-0.0138085j -0.0645634-0.0133215j 0.000483856+0.00509646j 0.00331014-0.00351366j -0.0261862-0.00680754j 0.00223962-0.00601874j 0.00471083+0.000782402j 0.0064001-0.0020687j 
0.0311892+0.00137434j 0.00256276+0.00206121j -0.0430067-0.0023618j -0.0210983-6.75733e-05j -0.0374615-0.00171344j 0.00372139+9.9986e-05j 0.0117646-0.000598462j -0.00265071+1.37043e-16j -0.0117583-0.00244035j 0.0259365+0.00219759j 0.0103439-0.000139006j -0.0496559-0.000635935j 0.0106976+0.00125997j 0.0337251+0.00132713j -0.0248693-0.00139188j -0.0294146-0.00104041j 0.013729-0.000518755j 0.000429654-1.07258e-05j 0.029733+0.00150878j -0.0120204-0.00257829j -0.0248076-0.00108127j 0.0407954-0.000493786j -0.00818569+0.000154542j -0.0756053-0.00147969j -0.00435506-0.000375294j 0.0144511+0.000174195j -0.043199-0.00160679j 0.0368068+0.00304871j -0.0231873+0.000421972j 0.0381164+0.00132524j -0.0563822-0.000940479j 0.00939878+0.000450648j 0.128633-0.00155355j 0.0885502-0.000169007j -0.00370701+0.00345813j -0.0234902-0.00100096j 0.559792+0.00134248j 0.315748-0.0017963j -0.0863655+0.000755881j 0.371854-0.00474918j -0.203918+0.00933658j -0.324454-0.00223062j -0.0616987-0.00121031j 0.0168753-0.001613j 0.0253728-0.00080498j 0.0081977+5.91012e-05j 0.0695943-4.89599e-05j 0.0173608-0.00310096j -0.0403725+0.000737045j -0.0292241+0.00146093j -0.0333746+0.00163835j -0.0220762+0.000170831j 0.0237504+0.000600915j 0.0164796-0.00203371j 0.00586702+0.00476345j 0.00308904+0.00229313j 0.0242191+0.00320308j 0.0522006-0.00220299j 0.0227548-0.00201429j 0.0218715-0.00221196j 0.00277956-0.000557186j -0.0461094+0.00135533j 0.0216841-0.000532676j -0.0146527+0.00386911j -0.0137142+0.00364095j -0.00432203+0.00168123j 0.00462559+0.00176686j -0.0105534+0.00278569j -0.0124656+0.00046774j -0.00404106+0.00437637j -0.00152403+0.00293988j -0.0264714+0.00296481j 0.00702789+0.00138886j -0.0339771+0.00262697j -0.00733251-0.00185674j -0.00558688+0.00387907j -0.00156866-0.000645904j 0.0620872-0.00421138j -0.0147913+0.000334116j -0.0386135+0.0045876j -0.00835934+0.000597219j -0.00337385+0.00319483j -0.0512275+0.00115496j 0.0478382+0.00188498j 0.0777568-0.00242204j -0.0817704+0.00967551j 0.0580821+0.00281154j 0.0114994+0.00906196j -0.0325108-0.00629701j -0.00527194+0.0139648j -0.0476375-0.00784657j 0.00238558-0.000577631j -0.0109942+0.00247687j -0.00303951-0.00240859j 0.00434216-0.00608849j 0.013598+0.00617857j -0.00593151+0.00039032j 0.00459233+0.000363554j 
-0.00398431-0.00134028j 0.0103993+0.000761774j -0.00905887+0.00121186j 0.0399578-0.000387884j 0.0100452-0.00247681j -0.0202623-0.00100345j 0.0509151-0.000780369j -0.0117583+0.00244035j 0.0451752+1.41575e-15j -0.0484045+0.00024261j -0.0112143+0.000188795j -0.0103512-0.000879188j -0.0627906+0.00248884j 0.0175439+0.000764347j 0.00753691-0.000907478j 0.0147558+0.00101779j 0.0669326+0.000432358j 0.0297489+0.000592013j -0.00444118+0.000147286j 0.109736+0.000975299j 0.012365-0.000467995j 0.0586961+0.000937362j 0.00613054+0.000390572j -0.0448656-0.00150492j -0.0293432+0.000753551j -0.00364929-0.000446123j -0.0027721-0.000784654j -0.0364104+0.00171045j 0.0027979+0.000181457j 0.0797811+0.00139015j -0.0570547-0.00206758j -0.087679-0.000258183j 0.280828+0.00215994j -0.186784+0.00170869j -0.358339+0.0012396j -0.568425+0.000795129j 0.106459+0.000261183j -0.209103-0.000790771j 0.0599769-0.00198393j -0.2576+0.00251827j -0.194247-0.000553899j 0.0487988-0.00301492j -0.00578142-0.00198868j 0.0714103+0.00450329j -0.0750599-0.00137973j 0.106994+0.00118655j 0.00789029+0.00369346j 0.0377425-0.000735459j -0.0869107+0.000978609j -0.0313405+0.00280863j -0.047388-0.000337074j 0.0664151-0.00497967j -0.0102875-0.00475606j 0.0052207-0.0031827j -0.0176339+0.00270305j 0.0280857+0.000876366j 0.00803228+0.00363766j 0.0153629-0.00141216j 0.0257445+0.00146411j 0.0227977-0.00076245j 0.000724979-0.00187875j -0.0344777-0.000518432j -0.00480104-0.00447994j -0.00735481+0.00257763j -0.0125547+0.0034596j 0.00593923-0.000400873j -0.0129542-0.00169172j 0.0180689-0.0004091j 0.0100336+0.000631234j 0.0304524-0.00235239j 0.00421969+0.00386708j 0.044744-0.00137243j 0.0278264+0.00105254j 0.00230814+0.000492412j 0.0260913-0.0076535j -0.00609763+0.000963306j -0.0163771+0.00432564j 0.0207179-0.00307811j 0.0354247+0.00148141j -0.0516257+0.0030532j 0.0259118+0.00199704j 0.0415117-0.0024728j -0.0193128+0.00285519j 0.00981193+0.0031264j 0.0365419-0.00675649j 0.0337947-0.00045154j -0.00520592+0.0010121j 0.048987+0.00265286j -0.00158994-0.0166716j -0.0694984-0.00140192j -0.007219-0.00260532j 0.0250896-0.00213268j -0.0134464+0.00056255j 0.010281+0.00432807j -0.0024939-0.00236723j 0.0217504-0.0026598j 0.00220188+0.00248663j 0.00656929+0.000339415j 
0.0110024+0.00012514j -0.00221343-0.000116816j 0.0121029-0.00179396j -0.00283166-0.000980653j -0.0105029+0.000951231j -0.0154733+8.7559e-05j 0.00236461-0.000497751j 0.0259365-0.00219759j -0.0484045-0.00024261j -0.00273881+3.34368e-16j 0.00659638-0.000702069j -0.0485592+8.19771e-05j 0.0344639-0.00297086j 0.0175099+7.94207e-05j -0.030186+0.000378327j -0.00975447-0.000742468j -0.0192871+0.000972565j -0.0434507+6.32574e-05j 0.0216425+0.000456704j -0.0665719+0.00141613j -0.0242209-0.000197153j -0.000226858+0.00114314j -0.00156169-0.000206478j 0.00102126+0.000161841j 0.0559801-0.000729105j -0.00408132+0.00120257j -0.0245067+0.0012644j 0.0719992-0.00175286j -0.0136258-0.00102767j -0.060914+0.00225563j 0.0214361-0.00161538j 0.143633-0.00194725j -0.539041+0.00344181j 0.124015-0.000795323j 0.118518+0.000100616j -0.586345+0.00033357j -0.00826704+0.00327553j 0.168443+0.000174742j -0.0412106+0.00140063j 0.106-0.000726188j 0.0244625-0.000373065j 0.0769268+0.00237624j 0.117734+0.00276491j -0.00887278+0.000800432j -0.137534-0.00296511j -0.104924-0.00336286j 0.0366497-0.000640678j 0.0759245+2.05479e-05j 0.0432004-0.00112153j -0.0719723+0.00172819j 0.0545764-0.00245257j -0.00948093+0.00705368j 0.0445496+0.000212062j -0.00854546-0.00184772j 0.0175058+0.000147197j -0.0313796+0.00205847j -0.0438138+0.00244065j 0.00435563-0.00101697j 0.0223988+0.00147287j -0.0156108+0.0021015j 0.0248128-0.000409713j 0.0154349-0.00572268j -0.00990973+0.00319302j -0.00464015-0.00288803j 0.0222018-0.00405926j -0.00103933-0.00155873j 0.0259653+0.00148785j -0.0183494-0.00195812j -0.00200855-0.0059718j -0.0209477-0.00072041j -0.0155204+0.00142611j 0.00483363+0.00153405j -0.00837381-0.000544538j -0.0328079+0.0027264j 0.0213159-0.00295614j 0.0257673-0.000159452j -0.0637285+0.00491388j -0.0201773+0.00709808j -0.0150272+0.000284434j 0.0102734-0.000197153j 0.00706553+0.0080652j 0.06149-0.00807822j 0.070505+0.00430533j 0.0203558+0.0015486j -0.0380273-0.00989159j -0.0231488+2.94668e-05j -0.0193809-0.0110815j -0.000316059+0.00809968j 0.0903199+0.00667288j -0.0127957-0.00574792j -0.00604761+0.00580273j 0.00429213+0.000368649j 0.00656102-0.00496597j -0.017787+0.0018048j -0.0238645+0.00109081j 0.00530004+0.000548201j 0.00567975+0.000562146j -0.000548167-0.00417288j 
-0.00652811+0.00226043j -0.0212426-0.000821776j -0.0436808-0.00109607j -0.028382+0.00175858j -0.0152448+0.000391759j -0.0199631-0.000182551j -0.0375264-0.000420386j 0.0103439+0.000139006j -0.0112143-0.000188795j 0.00659638+0.000702069j 0.0225999-4.97258e-15j 0.0445344-0.00101627j -0.00734765+0.0005046j -0.0109707+0.000535333j -0.0222365-0.000551691j -0.012953-0.000773654j -0.0185252-0.000468873j 0.00827729-0.000460208j -0.0380931-0.000298252j 0.0266113-0.000444719j -0.0751376+0.000368267j 0.0235238+0.00114729j -0.0253835+0.00069026j 0.0448243-0.00212924j -0.00169227-0.000467881j 0.0302086+0.000111845j -0.0652181-0.000949114j 0.0780916+0.000545672j 0.0376874-0.000458068j 0.0805168-0.00191979j -0.168396+0.00144523j -0.0627391+0.0010911j 0.42369+0.00106232j 0.0460516+0.00153169j 0.52892-0.00483666j -0.305543+0.00110061j -0.292244+0.000933608j 0.218935+0.00189396j -0.136478+0.00264782j -0.049861+0.00170355j 0.0745316+0.00196685j -0.0985297-0.00155815j -0.00821361-0.00151678j 0.0898731-0.00153862j 0.180715-0.00143099j 0.00900292+0.00112915j -0.00853586+0.00178798j -0.0400153-0.000147318j -0.0217068-0.00290301j 0.0172787-0.00122355j -0.0211744-0.000870174j 0.00149736-0.00243263j 0.00131089-5.59184e-05j 0.00378263+0.00208839j -0.00364497+0.00153157j -0.00280677-0.000961793j 0.0084983+0.00163042j 0.00691156-0.00189226j 0.0228103-0.000325395j 0.00126402+0.000600957j 0.0134627-0.00385437j -0.00963499+0.00132592j -0.00654905+0.0010286j -0.00674406+0.00257723j 0.0112982-0.000116208j -0.0252687+0.00236925j -0.011467-0.00325657j 0.0242368+0.00308519j 0.00170927+0.00286118j 0.0382177-0.00621883j 0.0158098+0.00249978j -0.0221953-0.00232607j 0.0218258-0.00391079j -0.0261708+0.00276626j 0.00735717-0.00279477j 0.0567541-0.0026595j -0.0229203-0.00747854j -0.00406089+0.002999j -0.069893+0.00606135j 0.0557395-7.01506e-05j -0.0279413-0.00138263j 0.0573616-0.00225568j -0.0366102-0.00409306j 0.0285538-0.00857662j -0.00346562-0.00341487j 0.00502192+0.00503747j -0.084892-0.010228j -0.0447261-0.0103218j -0.00209948-4.64563e-05j -0.0165017+0.00515469j 0.0103835+0.00657971j -0.0266488-0.0027331j 0.00432288+0.00151545j 0.005143+0.00481581j 0.023482+0.0012652j -0.0121658+0.00268798j -0.00605921-0.00119133j -0.00497032+0.00339298j 
0.0199389+0.00184745j -0.0255263+0.00135713j -0.00363832+0.00225963j 0.0268523-0.000733885j 0.049147+0.000567263j 0.0312399+0.00138838j -0.0151006-0.000276709j -0.0496559+0.000635935j -0.0103512+0.000879188j -0.0485592-8.19771e-05j 0.0445344+0.00101627j 0.0125749-4.05925e-16j -0.0748122-0.000378342j 0.00146666-0.00119387j -0.00745736+0.00157007j -0.0280905-0.00104499j -0.0360381-0.000552048j -0.0810061+0.00107634j 0.0132454-0.000427729j -0.00763985+0.000152344j -0.0249642+0.00133662j 0.0685462-1.61184e-06j -0.0159355-0.000235554j 0.0632598-0.00137187j 0.0895606+0.00027034j 0.0267471-0.00122576j 0.00391059+0.00112847j -0.202695-0.000739251j -0.00292164-0.00115044j -0.0970351-0.00106712j 0.10455+0.00178216j -0.057797+6.64727e-05j -0.16819+0.00213398j -0.682734+0.00190879j 0.305688+0.0013525j 0.036467+0.00221305j 0.180436-0.000991227j -0.0630315-0.000108378j -0.186274+0.00209429j 0.0308625-0.00435652j -0.0227784-0.00366225j -0.115208-0.00104333j 0.0530425-0.00123869j 0.0512199-4.9829e-05j -0.0369919-0.00128832j 0.226772-0.000603097j 0.0126401+4.30233e-05j 0.0133332+0.00428013j -0.0638913+0.00250711j 0.0108966-0.00387644j 0.0347081+0.000220865j 0.0105236+0.00223573j -0.0232441-0.00438826j -0.00852315+0.000964551j 0.00848553-0.00399798j -0.0183087-0.00158689j -0.0037422-0.00175833j -0.037784-0.0025185j 0.00398676+0.00204055j -0.0287478+0.0027739j 0.00899363+0.00118791j 0.00456828-0.000942594j -0.0262745+0.000567325j 0.01146-0.00742351j 0.0386883-0.00304735j -0.0197255-0.00387859j 0.0197839-0.00740605j -0.030112+0.00363475j -0.0154294+0.00213767j -0.0235492+0.00166618j 0.00966093-0.00193735j -0.00311814-0.00455647j 0.0263543-0.00667456j 0.0122392-0.00456297j -0.00197119-0.0063397j 0.0408673-0.00390885j -0.0160745+0.000165062j -0.0314827+0.00312474j 0.0492771+0.00285334j 0.0363674-0.00401977j -0.0491944+0.000298983j -0.00499134+0.000531372j -0.00684987+0.00261423j -0.0456804-0.00229485j -0.0194217+0.00632877j -0.0295704-0.000245833j -0.0503348-0.0124884j 0.0515151+0.000137992j 0.00740599-0.00126445j 0.00739103-0.00327455j 0.0183882+0.000928823j -0.0100791-0.00311815j -0.0237447-0.00459215j -0.00511213+0.000588342j 0.0222518-0.000535247j 0.0249758+0.00206457j -0.00685491+0.00475686j 0.00495335+0.00193985j 
0.0282468+0.000134639j 0.0102012+0.0022933j -0.042598-0.00391773j -0.0157884+0.000212804j -0.0524096-0.00114892j 0.0223254-0.00016763j 0.00246337-0.0019883j 0.0106976-0.00125997j -0.0627906-0.00248884j 0.0344639+0.00297086j -0.00734765-0.0005046j -0.0748122+0.000378342j 0.0406279+3.7804e-15j 0.0418372+0.00191258j -0.0320837-0.00185509j -0.0706043-0.000590006j 0.0241689-0.000499217j 0.0033906-0.000132021j 0.0928188+0.00129546j -0.0795705-0.00167907j -0.0345949-0.000167874j 0.0551735-0.000478068j 0.000337921-0.000531661j -0.278212-0.000175653j -0.0599837-0.00194342j 0.059435+0.000466279j -0.249189+0.000432412j 0.230345-0.000235335j 0.00267713-2.56308e-05j 0.0879417+0.00151596j -0.564316-0.000188216j -0.0683232-0.00155341j -0.153175-0.000177224j -0.242171-0.00105166j -0.155721+0.000894986j 0.124606-0.000479706j -0.310126+0.0023978j -0.0766911+0.0023949j 0.0691941-0.000302276j 0.0752998+0.000751703j -0.0906189+0.00236249j -0.140254+0.00292621j 0.0503017-0.00288814j 0.0782309+0.000861289j -0.0755117-0.00374608j 0.0236792-0.000507709j 0.0905671-0.00137059j 0.038997-0.00182634j -0.00428266+0.000488666j -0.0861057+0.00117414j 0.013196-0.000678202j -0.0171139+0.00278117j 0.0293999+0.00127549j 0.0147972-0.00241354j 0.00629927+0.00218469j -0.0547352+0.00432405j -0.00590895+0.00643004j 0.0131425+0.000171148j 0.0144717-0.00180037j -0.00535409+0.000491322j -0.00654745+0.00353763j -0.0517229+0.00242054j 0.025238+0.00245318j 0.0014698-0.00367088j 0.00500989+0.001946j -0.0120022-0.00346857j 0.0158711-0.00144579j -0.0240231+0.00409488j -0.0166643+0.00112362j -0.0160434+0.00555395j 0.0119206-0.00153931j -0.0545686+0.00289935j 0.0504754-0.00660737j -0.0365291+0.00469602j -0.0423823+0.000476984j 0.0261961-0.00169808j -0.0729959-0.000335685j 0.126279-0.000691271j -0.0205206-4.29599e-05j -0.01577-0.00116311j 0.0381522-0.00012377j -0.0215462-0.00674187j -0.0184186+0.000435408j 0.0146588-0.00773778j -0.0245542-0.00512441j -0.0269334-0.000250504j -0.0101108+0.00193639j -0.00854334+0.00402444j -0.00712486-0.000108339j 0.0214845+0.00649306j 0.0291512+0.00385219j 0.00793193+0.00476341j -0.0103112+0.000628904j -0.0192107+0.00450863j -0.00350976-0.00253342j 0.0240812+0.0022391j -0.000625138+0.00383955j 0.00956468-0.00233888j 
-0.0102419-0.000729815j 0.00325881-0.00135066j 0.0125181-0.00112179j -0.00885228-0.000634264j -0.0192073+0.00022678j -0.00434511-0.000118209j 0.0145096-0.000334025j 0.0337251-0.00132713j 0.0175439-0.000764347j 0.0175099-7.94207e-05j -0.0109707-0.000535333j 0.00146666+0.00119387j 0.0418372-0.00191258j -0.00345055+4.36944e-15j 0.0165918+0.000456147j 0.0269841+0.000658666j 0.0153768+0.000740096j 0.0229863-0.00117745j -0.00799508+0.000277672j 0.00372863-0.000294075j 0.0368336-0.000157001j -0.029154-0.000825547j -0.0270432-0.000406598j -0.0226073+0.000957265j 0.0688305-0.00100053j -0.0354678+0.000587125j -0.0762113-0.000164709j 0.309622-0.00192437j 0.283758+0.000937714j 0.0286882+0.000918651j 0.129883+0.000112142j 0.674353-0.00116004j 0.251991+0.000219278j -0.32308+0.000686126j -0.00295996+0.000794498j 0.020494+0.00133464j 0.0257069-0.00080073j 0.045462-0.000193242j 0.0695497-0.00186516j 0.0475412+0.00146416j 0.0214448+0.0015184j 0.11702+0.0028782j 0.0477518+0.00195545j 0.00490581+0.000798992j -0.104101-0.000795989j -0.135957-0.000835377j 0.0150973-0.000569926j 0.0134701-0.000601347j 0.0597528+0.000693817j -0.023916+0.00265073j -0.0173387-7.92615e-05j -0.0113741-0.00114066j -0.00620785+0.00105703j -0.0103388+0.00206314j 0.0285257+0.00077626j -0.0076848+0.00159061j 0.00300972+0.00103353j -0.00583821+0.00154078j 0.00268162-0.00563433j 0.000974277-0.000499273j -0.00195517-0.00177582j -0.00375302-0.00215351j 0.00156429+0.00621217j -0.0100912+0.00255786j -0.0136588+0.00255508j 0.00221124+0.00321106j 0.00421051+0.00536143j -0.0186035+0.000596757j -0.0204913+0.0013356j 0.0100873+3.4283e-05j -0.00746629-0.00412016j 0.0021605-0.00150295j -0.051611+0.00892995j 0.0287803+0.00213695j 0.0165582+0.000618916j -0.0587493+0.00213786j -0.0208294+0.00172561j -0.0136945+0.00104135j -0.0690974-0.00307547j 0.0108671-0.00545406j -0.0404846+0.00271539j 0.00941288+0.00720953j 0.0622672+0.00889759j 0.0378914-0.00168106j -0.0561725-0.00112246j 0.00598482-0.00192071j -0.00819769+0.00194907j 0.0130466-8.33309e-05j -0.0280825+0.00250639j -0.00418039+0.00017409j -0.016905+0.00213019j 0.00557248+0.000973665j 0.0135134-0.00139594j -0.0112126-0.00112927j -0.0254182+0.00126024j -0.00667275-0.00172217j 0.00964616-0.00207272j -0.00403993-0.0041542j 
-0.00258726-0.000773225j 0.006384-3.36517e-05j 0.00961259+0.00113459j 0.0133674+0.000109695j 0.00719287-0.000155093j -0.0194879-0.000398349j 0.0364266+0.00060802j -0.0248693+0.00139188j 0.00753691+0.000907478j -0.030186-0.000378327j -0.0222365+0.000551691j -0.00745736-0.00157007j -0.0320837+0.00185509j 0.0165918-0.000456147j 0.022184+8.31626e-15j 0.0469258+8.76904e-06j 0.0534204+0.000212741j -0.0050207+8.48013e-05j 0.0400414-5.01879e-05j 0.018064+0.000654782j -0.00708118+0.000290271j -0.0179612+0.00101044j -0.0535775+0.000238309j 0.0536162-0.00128973j 0.0245003+0.000875532j 0.0719506-0.000838782j 0.263484-0.00138366j -0.507011+0.00165027j -0.0346498+0.00124205j 0.297-0.000115841j -0.433533+0.00143212j 0.469769-0.000170966j -0.0809703-0.00110581j 0.0955479-0.000224302j 0.0831079-0.00111238j 0.0538931+0.000107977j 0.0215172+0.000134426j 0.0494584+0.000717058j 0.0264256+3.85357e-05j -0.109883-0.00209581j -0.089673-0.00127306j -0.0125734-0.00220657j -0.0466957-0.000276165j -0.0499933-0.000981073j -0.00889895+0.00128728j -0.000208478-9.81882e-06j -0.00785765+0.00142781j 0.0400205-0.00304113j -0.0321072+0.000711677j 0.0224715+0.00058586j 0.0223716+0.000869423j 0.0239115+0.00155863j -0.0103575-0.00191963j -0.000549799-0.00216724j -0.0108082-0.00317898j 0.0287817-0.00333349j 0.00269042-0.00131037j -0.00596043-0.003742j 0.00276934-0.000476541j -0.00981795-0.000123923j -0.0206361+0.00246162j -0.00917919+0.000336907j -0.0206989-0.00409288j 0.016739-0.0035584j -0.00783475+0.00200533j 0.0124635-0.0024616j -0.0353282-0.00511937j -0.00115201+0.000852671j 0.042344-0.00447593j 0.00927036-0.00230363j 0.0169639-0.00296933j 0.0195821-0.0031946j 0.0165859-0.000951345j -0.00544428+0.00198929j 0.000737181+0.00338607j -0.030611+0.00237561j 0.038924-0.00126564j -0.0093751-0.00326175j 0.0962177+0.000706993j 0.00941028-0.00207403j 0.00636569-0.00285162j 0.0355593-0.00223944j -0.0866079-0.0100088j 0.0342662+0.00251953j -0.0185031+0.00202326j -0.0129416+0.000225966j -0.012552-0.00372063j -0.000805512-0.00257569j 0.00501626-0.00482817j 0.00879911-0.00113962j 0.000966818-0.00294315j 0.0154729-0.00429774j 0.00227993-8.53511e-05j 0.00819164+1.26134e-05j -0.00137422-0.00120517j 0.00522037-0.00113754j 0.00151125-0.000139677j 0.00267793-0.000471308j 
-0.000522907-0.00146085j 0.00690733+0.000685671j -0.00253498+0.000925324j 0.011338-0.00128942j 0.00187069-0.000911888j 0.0244828-0.000373275j 0.0347698-0.000666157j -0.0294146+0.00104041j 0.0147558-0.00101779j -0.00975447+0.000742468j -0.012953+0.000773654j -0.0280905+0.00104499j -0.0706043+0.000590006j 0.0269841-0.000658666j 0.0469258-8.76904e-06j 0.0407395-3.71253e-15j 0.0427596-0.000291588j -0.0133147-0.000754418j 0.0580938+1.21086e-05j 0.111183-0.00126005j 0.0744741+0.000803169j 0.08901-0.0017542j -0.0842508-0.00110188j -0.180034+0.0002641j -0.155683-0.00101529j -0.0363408+7.04829e-05j -0.289087-0.000298485j -0.146514-0.000905661j 0.519696-0.00100793j 0.369131-0.00201241j 0.273814-0.000266054j -0.0655096+0.0013009j -0.11842-0.000995509j 0.210422-0.000630923j 0.168955-0.000785291j 0.00929654+9.69641e-05j -0.0518636+0.00092612j -0.0865972+0.000372451j 0.0673929-0.000591869j 0.0143458-0.00149039j -0.104791-0.00111544j -0.0651657+0.00103867j -0.0250056-0.00101068j 0.0739747+0.00137515j -0.128881-0.00268109j 0.181023+0.00125033j 0.067285+0.00111569j 0.0400736+7.40081e-05j -0.0818485+0.0040767j -0.0459218+0.00097694j -0.00593574+0.00310861j -0.00639739-0.000248864j -0.0154089-0.00208325j 0.0248556-0.00191703j 0.00347177-0.00204914j -0.00946412+0.000166004j -0.00381031+0.0010878j -0.0259637+0.000862995j -0.014338-0.00376456j 0.00677605+0.00497202j -0.0289872+0.00422021j -0.0182312+0.000603712j 0.0169617-0.000516813j -0.030734+0.000444785j 0.00667749+0.000792978j 0.0107146+0.000984984j -0.0232696+0.000224504j -0.0514045+0.00444542j 0.0332274-0.00476242j -0.0254252+0.00567589j 0.0102157-0.00504306j -0.0411929+0.00249065j 0.0305974+0.00196125j 0.0206654-0.00288106j -0.00411238-0.00365343j -0.0802662-0.00313049j 0.0491267-0.001739j -0.0066244-0.00104006j -0.013821-0.00571268j -0.0314914-0.00642829j -0.036551+0.00248387j 0.03025+0.00383157j -0.0131452-0.00292254j -0.0643427-0.0111461j -0.0111219+0.00828606j 0.0194107-0.002648j -0.00563132+0.00279135j -0.0297582-0.00347199j -0.00257227+0.00151538j 0.026704+0.00146807j 0.0115064-0.00128174j 0.0141157-0.00375821j -0.0221643+0.000672415j -0.0117438+0.00365649j 0.00711648-0.00231967j 0.034388+0.000415451j 8.2596e-05+0.00717923j 0.0151967-0.00112479j 
-0.00923295-0.0021169j 0.0116097-0.000508944j 0.0329561+0.000734464j 0.016771-0.00209168j -0.00452343-0.00116955j 0.0242431-0.000756401j 0.0413516+0.000137285j 0.013729+0.000518755j 0.0669326-0.000432358j -0.0192871-0.000972565j -0.0185252+0.000468873j -0.0360381+0.000552048j 0.0241689+0.000499217j 0.0153768-0.000740096j 0.0534204-0.000212741j 0.0427596+0.000291588j 0.0184213-1.17024e-14j 0.0413607-0.000570173j 0.00143132-0.000734853j 0.0871452+0.000337255j 0.129361-0.000663119j 0.0372895+7.15317e-05j 0.00398988-0.000323438j -0.1035+0.00108294j -0.00313776-0.000435441j -0.171165+0.000520752j 0.153841+0.000115874j -0.113998+0.000364354j 0.380384+5.53606e-05j -0.637139+0.00121633j -0.301727+0.000657936j -0.0593338-0.000687177j 0.0698472+5.59085e-05j 0.090666-0.000997444j 0.200239+0.000408798j -0.0217482+0.000506242j 0.0741397-0.000256294j -0.0661372-0.000723751j 0.154602+0.00121083j 0.0472153+0.000896385j -0.0318532-0.000793843j 0.0661337-0.000274415j 0.00143997+0.00277055j -0.0173145+0.00170036j -0.16136+0.000409492j 0.0126362+0.000105937j 0.0401181-0.00194847j 0.0066174-0.000201128j 0.00526782+0.00372638j -0.0366109+0.00103681j -0.0194645-0.00229678j 0.023015-0.00360165j -0.019875-0.000580562j -0.000263358-0.0012896j -0.0153811+0.00119624j 0.0043975+0.00227057j 0.0186119-0.00126453j -0.00707425+0.00403681j -0.0121073-0.00111477j -0.00236413-0.000512914j -0.00762613+0.00271237j 0.0012468+0.00110038j 0.0103842+0.000271465j 0.00850365-0.00179969j -0.0261317+0.0013404j 0.000798735-0.00264071j -0.00889264+0.00230495j 0.0194388-0.00494368j -0.014011+0.00595975j -0.0494609+0.00673128j -0.026024+0.00552887j 0.0256884-0.000720067j 0.0831426-0.00855559j 0.0501304+0.0011627j 0.033866+0.000112883j -0.0400149-0.00286126j 0.0380527+0.000631979j -0.0312183+0.00142202j -0.012269+0.00171615j -0.0480635-0.00924815j 0.0493243+0.00281797j -0.0883404-0.00383351j -0.00435246+0.00192276j 0.0154712+0.00516959j 0.0215608+0.00162747j -0.017695-0.0034958j -0.0240283+0.00377339j -0.0140328-0.0015643j -0.0138429-0.00278189j 0.0105732-0.000244467j -0.0100916-0.00396318j 0.0211276-0.000436236j -0.0064964+0.00095934j -0.00906401-0.00186711j -0.0167823-0.000855662j 0.0111528-0.00174098j 0.00868542+0.00182409j 0.00572843-0.00386761j 
