0.836156-0j -0.181342-0j -0.143364-0j -0.0955758-0j -0.144849-0j -0.167258-0j -0.0591345-0j -0.0975669-0j -0.103485-0j -0.0603665-0j -0.0157481-0j -0.0217575-0j 0.121176-0j -0.0183922-0j -0.0185828-0j -0.0167897-0j -0.0207763-0j -0.0138508-0j -0.0121195-0j -0.0119952-0j -0.0171395-0j -0.00856977-0j -0.0070697-0j -0.00865857-0j -0.00391236-0j -0.000862594-0j -0.0143011-0j -0.00206418-0j -0.0154469-0j -0.00222957-0j 0.0602083-0j 0.00869032-0j 0.0608323-0j 0.00878038-0j -0.0105523-0j -0.00722464-0j -0.00152309-0j -0.00104279-0j -0.0130578-0j -0.00188472-0j -0.00761702-0j -0.01192-0j -0.00109942-0j -0.00729951-0j -0.00172051-0j -0.00688204-0j -0.00105359-0j -0.01043-0j -0.000993337-0j -0.00695336-0j -0.00150545-0j -0.00430217-0j -0.00851609-0j -0.00100363-0j -0.000620965-0j -0.00212902-0j -0.00122919-0j -0.00702542-0j -0.00430217-0j -0.000307298-0j -0.00101403-0j -0.00224465-0j -0.000620965-0j -0.00307362-0j -0.000323988-0j -0.000443639-0j -0.00113396-0j -0.000163673-0j -0.000216519-0j -3.12518e-05-0j 
0.181342-0j -0.0115825-0j 0.158675-0j 0.105783-0j -0.155755-0j 0.00263497-0j 0.0654499-0j -0.211362-0j -0.111277-0j -0.196636-0j -0.0856611-0j 0.0240811-0j 0.000374067-0j -0.0825308-0j 0.0810123-0j 0.0185828-0j 0.000327308-0j 0.000218206-0j -0.0262548-0j 0.0132762-0j -0.01843-0j 0.000135008-0j -0.0230287-0j -0.0187574-0j -0.0170126-0j -0.00563318-0j 0.0158284-0j 0.00228463-0j 0.00024335-0j 3.51246e-05-0j 0.0130578-0j 0.00188472-0j -0.0128175-0j -0.00185005-0j -0.0473507-0j 0.00799621-0j -0.00683449-0j 0.00115415-0j -0.00083401-0j -0.000120379-0j 0.0668996-0j 0.000187788-0j 0.00965613-0j 0.00807907-0j 2.71048e-05-0j 0.00761702-0j 0.00116611-0j -0.0112153-0j 0.00109942-0j -0.00747687-0j -0.00161879-0j -0.0140138-0j 0.000134162-0j -0.00107919-0j -0.00202272-0j 0.0023564-0j 1.93646e-05-0j -0.0152194-0j -0.00462608-0j 0.000340116-0j -0.00219673-0j -0.0097607-0j -0.000667717-0j -0.0100119-0j -0.00140884-0j -0.0014451-0j -0.00616812-0j -0.000890291-0j -0.00165021-0j -0.000238187-0j 
0.143364-0j 0.158675-0j 0.372526-0j 0.0836288-0j -0.382523-0j -0.144003-0j -0.256223-0j 0.0853711-0j -0.268744-0j -0.0519734-0j 0.0137796-0j 0.0190378-0j 0.0207763-0j -0.0158351-0j 0.01626-0j -0.0443389-0j 0.0539865-0j 0.0121195-0j -0.0320055-0j -0.0311506-0j -0.0147565-0j -0.0371319-0j 0.00618598-0j -0.0224857-0j -0.0033684-0j 0.00075477-0j 0.0125134-0j 0.00180616-0j 0.0135161-0j 0.00195087-0j -0.0101575-0j -0.0014661-0j 0.01043-0j 0.00150545-0j 0.00923323-0j -0.0444797-0j 0.0013327-0j -0.00642009-0j -0.0112423-0j -0.00162268-0j 0.00666489-0j -0.0314788-0j 0.000961995-0j 0.0572119-0j -0.00454358-0j -0.00592519-0j 0.00825782-0j 0.0271021-0j -0.000855227-0j 0.00608419-0j 0.00391186-0j -0.0113613-0j -0.0221157-0j 0.000878177-0j -0.00163986-0j -0.0129207-0j -0.00319212-0j -0.00604863-0j -0.0186408-0j -0.00186495-0j -0.000873045-0j 0.00196407-0j -0.00269057-0j -0.00798197-0j 0.000283489-0j -0.0011521-0j -0.000976297-0j -0.000140916-0j 0.000189454-0j 2.73453e-05-0j 
0.0955758-0j 0.105783-0j 0.0836288-0j 0.387905-0j 0.0844955-0j -0.4868-0j 0.0344951-0j -0.283966-0j 0.0603665-0j 0.0352138-0j 0.00918638-0j 0.0126919-0j 0.0138508-0j 0.0107288-0j 0.01084-0j -0.0488662-0j 0.0121195-0j 0.0562152-0j 0.0070697-0j -0.0349117-0j -0.0498842-0j 0.00499903-0j -0.0205762-0j 0.00505084-0j 0.00228221-0j 0.00050318-0j 0.00834229-0j 0.00120411-0j 0.00901071-0j 0.00130058-0j 0.00688204-0j 0.000993337-0j 0.00695336-0j 0.00100363-0j -0.0307121-0j 0.00421437-0j -0.00443291-0j 0.000608292-0j 0.00761702-0j 0.00109942-0j 0.00444326-0j -0.034693-0j 0.00064133-0j 0.00425804-0j -0.00500751-0j 0.0279315-0j 0.000614596-0j 0.00608419-0j 0.00403157-0j 0.028221-0j 0.000878177-0j 0.0025096-0j -0.0247859-0j 0.00407335-0j 0.00036223-0j 0.00124193-0j -0.00357754-0j -0.0204473-0j 0.0025096-0j 0.000179257-0j -0.00295132-0j -0.00653302-0j 0.00036223-0j 0.00179294-0j -0.00094296-0j 0.000258789-0j 0.000661475-0j 9.54757e-05-0j 0.000126303-0j 1.82302e-05-0j 
-0.144849-0j 0.155755-0j 0.382523-0j -0.0844955-0j -0.38633-0j 0.143658-0j -0.0522789-0j -0.0789941-0j 0.091451-0j -0.254816-0j -0.255097-0j -0.0192351-0j 0.020394-0j -0.01626-0j 0.0164218-0j 0.0447984-0j -0.0538571-0j 0.0118965-0j 0.0296148-0j -0.0106045-0j 0.0151464-0j 0.00736057-0j -0.0298422-0j -0.00701033-0j -0.0365838-0j -0.0213618-0j -0.0126431-0j -0.00182488-0j 0.0132674-0j 0.00191498-0j -0.01043-0j -0.00150545-0j 0.0105339-0j 0.00152043-0j -0.00932891-0j 0.0449406-0j -0.00134651-0j 0.00648662-0j 0.0112153-0j 0.00161879-0j -0.00616705-0j -0.0308996-0j -0.000890137-0j 0.0194765-0j -0.00445998-0j -0.00608419-0j 0.0028112-0j -0.0278181-0j -0.000878177-0j 0.00614475-0j -0.0040152-0j 0.0548089-0j 0.00731447-0j 0.000886918-0j 0.00791098-0j -0.0018822-0j 0.00105575-0j -0.00568806-0j 0.00380187-0j -0.000271672-0j -0.000821001-0j -0.0209893-0j 0.000548752-0j -0.0129742-0j -0.00302955-0j -0.00187267-0j -0.0183686-0j -0.00265128-0j -0.00758871-0j -0.00109534-0j 
-0.167258-0j -0.00263497-0j 0.144003-0j 0.4868-0j 0.143658-0j -0.00476997-0j 0.298927-0j -0.388858-0j -0.304609-0j -0.178454-0j 0.0790079-0j -0.0222107-0j -0.000345013-0j 0.0184742-0j 0.01843-0j 0.0341881-0j 0.000297044-0j 0.00100415-0j 0.0242156-0j -0.072492-0j 0.033363-0j 0.000616617-0j -0.0423674-0j -0.0513464-0j -0.0154395-0j 0.00519565-0j -0.014599-0j -0.00210719-0j -0.000224449-0j -3.23965e-05-0j 0.0118504-0j 0.00171045-0j 0.011822-0j 0.00170635-0j 0.0214871-0j -0.00737515-0j 0.00310139-0j -0.00106451-0j 0.00018669-0j 2.69464e-05-0j 0.0152194-0j 0.000345486-0j 0.00219673-0j 0.0221157-0j 4.98667e-05-0j -0.0344903-0j 0.00319212-0j -0.0101783-0j -0.00497824-0j -0.0344076-0j -0.00146911-0j 0.0129253-0j -0.000732564-0j -0.00496631-0j 0.00186561-0j 0.0150742-0j -0.000105736-0j 0.027551-0j -0.0211285-0j 0.00217577-0j 0.00397665-0j -0.0179574-0j -0.00304964-0j -0.0274067-0j -0.00259193-0j -0.00395581-0j -0.00559779-0j -0.000807971-0j 0.00152204-0j 0.000219687-0j 
-0.0591345-0j -0.0654499-0j 0.256223-0j -0.0344951-0j -0.0522789-0j 0.298927-0j -0.152382-0j -0.0352138-0j -0.474821-0j 0.107889-0j -0.00568378-0j -0.00785268-0j -0.00856977-0j 0.0328711-0j -0.0067069-0j -0.00605974-0j 0.0371319-0j -0.00499903-0j -0.00437415-0j -0.0550374-0j 0.0306322-0j -0.0220832-0j -0.00255159-0j -0.0397281-0j 0.00699227-0j -0.000311327-0j -0.00516153-0j -0.000745003-0j -0.00557509-0j -0.000804695-0j 0.0210853-0j 0.0030434-0j -0.00430217-0j -0.000620965-0j -0.00380851-0j -0.00260751-0j -0.000549711-0j -0.000376362-0j 0.0233372-0j 0.00336843-0j -0.00274913-0j -0.00430217-0j -0.000396803-0j -0.0334923-0j -0.000620965-0j 0.0122998-0j -0.00483419-0j 0.0186408-0j 0.00177532-0j -0.0025096-0j 0.00269057-0j -0.00155274-0j -0.0390743-0j -0.00036223-0j -0.000224118-0j 0.0526551-0j -0.00563989-0j 0.012556-0j -0.0110862-0j 0.00760012-0j 0.0018123-0j -0.000810139-0j -0.00160015-0j -0.0141027-0j -0.000116933-0j -0.00203554-0j 0.00202664-0j 0.00029252-0j -7.81457e-05-0j -1.12794e-05-0j 
0.0975669-0j -0.211362-0j 0.0853711-0j -0.283966-0j 0.0789941-0j 0.388858-0j 0.0352138-0j -0.448721-0j 0.0564361-0j 0.0418277-0j -0.414835-0j 0.0129563-0j -0.027675-0j 0.0109523-0j 0.0101342-0j -0.0199431-0j -0.0242156-0j 0.0805475-0j 0.0279435-0j -0.014248-0j -0.0186446-0j -0.00998844-0j -0.00977115-0j 0.0199638-0j -0.0301857-0j -0.0505558-0j 0.00851609-0j 0.00122919-0j -0.0180041-0j -0.00259866-0j 0.00702542-0j 0.00101403-0j 0.00650064-0j 0.000938286-0j -0.0125341-0j 0.00430217-0j -0.00180914-0j 0.000620965-0j -0.0152194-0j -0.00219673-0j 0.0175623-0j 0.027713-0j 0.00253491-0j 0.00434675-0j 0.00400002-0j -0.0204473-0j 0.0006274-0j 0.00568806-0j -0.00295132-0j -0.01892-0j 0.000821001-0j 0.00298096-0j 0.0197991-0j -0.00273086-0j 0.000430264-0j 0.0012678-0j 0.00285775-0j -0.0323107-0j 0.0023462-0j 0.000182992-0j -0.00466364-0j 0.0345453-0j 0.000338645-0j 0.0021297-0j 0.00498618-0j 0.000307396-0j -0.0298707-0j -0.00431146-0j -0.0233709-0j -0.00337329-0j 
0.103485-0j -0.111277-0j -0.268744-0j 0.0603665-0j -0.091451-0j 0.304609-0j 0.474821-0j 0.0564361-0j -0.0611771-0j -0.540307-0j 0.18225-0j 0.0137422-0j -0.0145702-0j -0.0344774-0j -0.0117323-0j 0.0106045-0j 0.0378377-0j -0.00849926-0j 0.00701033-0j 0.00709402-0j 0.0321161-0j -0.0668522-0j 0.0213203-0j 0.00468964-0j -0.0775716-0j 0.0152616-0j 0.00903268-0j 0.00130375-0j -0.00947866-0j -0.00136813-0j -0.0221157-0j -0.00319212-0j -0.00752575-0j -0.00108625-0j 0.00666489-0j 0.00456314-0j 0.000961995-0j 0.000658633-0j 0.0237807-0j 0.00343245-0j 0.00440595-0j -0.00731447-0j 0.000635944-0j 0.00431698-0j -0.00105575-0j -0.0129008-0j 0.000623102-0j 0.0195438-0j -0.00186207-0j -0.00439002-0j 0.00282091-0j 0.0129742-0j -0.00489309-0j -0.000633645-0j 0.00187267-0j 0.0435167-0j -0.000706257-0j -0.0120609-0j -0.0345303-0j 0.0062811-0j -0.00174084-0j 0.0149955-0j -0.00498403-0j 0.00867923-0j 0.00216442-0j 0.00125274-0j -0.0389484-0j -0.00562172-0j 0.00542164-0j 0.000782546-0j 
-0.0603665-0j 0.196636-0j 0.0519734-0j -0.0352138-0j -0.254816-0j -0.178454-0j 0.107889-0j -0.0418277-0j 0.540307-0j -0.308651-0j -0.187974-0j -0.00801628-0j 0.0257468-0j 0.0066677-0j -0.0326905-0j -0.00618598-0j -0.0221671-0j 0.015019-0j -0.00519572-0j 0.0131167-0j 0.0296678-0j -0.0460154-0j 0.0367364-0j 0.0110169-0j -0.0265112-0j -0.0657309-0j -0.00526906-0j -0.000760524-0j 0.0167497-0j 0.00241761-0j 0.00427703-0j 0.000617336-0j -0.0209695-0j -0.00302668-0j -0.00388786-0j -0.00266183-0j -0.000561164-0j -0.000384202-0j -0.0139319-0j -0.00201089-0j -0.00326548-0j 0.0129253-0j -0.000471331-0j 0.00798197-0j 0.00186561-0j 0.00249493-0j 0.0011521-0j 0.018054-0j 0.000360112-0j -0.0122322-0j 0.00260587-0j 0.0223554-0j -0.0274067-0j -0.00176557-0j 0.00322673-0j 0.00544056-0j -0.00395581-0j 0.00296354-0j 0.0374772-0j 0.000785277-0j 0.00042775-0j 0.0154583-0j 0.00540937-0j -0.0474021-0j 0.00223122-0j -0.0068419-0j 0.0133181-0j 0.00192231-0j -0.047458-0j -0.00684998-0j 
0.0157481-0j -0.0856611-0j 0.0137796-0j 0.00918638-0j 0.255097-0j -0.0790079-0j 0.00568378-0j -0.414835-0j 0.18225-0j 0.187974-0j -0.238618-0j 0.00209124-0j -0.0112161-0j 0.00176779-0j 0.0327267-0j 0.00161377-0j -0.00981412-0j -0.00654275-0j -0.0515296-0j 0.00115293-0j 0.0301848-0j -0.00404812-0j 0.0220142-0j -0.0368145-0j 0.0537554-0j -0.0831697-0j 0.00137456-0j 0.000198401-0j -0.0072967-0j -0.00105319-0j 0.00113396-0j 0.000163673-0j 0.0209927-0j 0.00303003-0j 0.00101424-0j 0.000694404-0j 0.000146393-0j 0.000100229-0j -0.00616812-0j -0.000890291-0j -0.0323861-0j -0.0056307-0j -0.00467453-0j 0.000701601-0j -0.000812721-0j 0.000661475-0j 0.000101267-0j 0.0183686-0j 9.54757e-05-0j 0.0122457-0j 0.00265128-0j 0.0133964-0j -0.00402276-0j 0.00176752-0j 0.00193361-0j 0.000204633-0j -0.000580636-0j -0.0298707-0j 0.00757665-0j 2.95363e-05-0j -0.00431146-0j 0.0308413-0j 0.0010936-0j 0.00957087-0j 0.00445156-0j 0.00138144-0j -0.017182-0j -0.00248-0j -0.0188172-0j -0.00271603-0j 
0.0217575-0j 0.0240811-0j 0.0190378-0j 0.0126919-0j 0.0192351-0j 0.0222107-0j 0.00785268-0j 0.0129563-0j 0.0137422-0j 0.00801628-0j 0.00209124-0j 0.842628-0j -0.149149-0j -0.11553-0j -0.116728-0j -0.105464-0j -0.130506-0j -0.0870037-0j -0.0761282-0j -0.0753474-0j -0.107662-0j -0.0538308-0j -0.0444081-0j -0.0543886-0j -0.0245754-0j -0.00541837-0j 0.00189909-0j -0.0262063-0j -0.0126469-0j 0.17452-0j 0.00156667-0j -0.0216191-0j 0.00158291-0j -0.0218432-0j 0.00140127-0j 0.000959386-0j -0.0193367-0j -0.013239-0j 0.00173399-0j -0.023928-0j 0.00101149-0j 0.00158291-0j -0.013958-0j 0.000969328-0j -0.0218432-0j 0.000913891-0j -0.0133761-0j 0.00138504-0j -0.0126112-0j 0.000923362-0j -0.0191128-0j 0.000571301-0j 0.00113088-0j -0.0127418-0j -0.00788361-0j 0.000282721-0j -0.0156055-0j 0.00093293-0j 0.000571301-0j -0.00390138-0j -0.0128739-0j 0.000298076-0j -0.00788361-0j 0.000408157-0j -0.00411327-0j -0.00563232-0j 0.000150582-0j -0.00207795-0j 2.87523e-05-0j -0.000396765-0j 
0.121176-0j -0.000374067-0j -0.0207763-0j -0.0138508-0j 0.020394-0j -0.000345013-0j -0.00856977-0j 0.027675-0j 0.0145702-0j 0.0257468-0j 0.0112161-0j 0.149149-0j -0.0118236-0j 0.12608-0j -0.12376-0j 0.115095-0j 0.00202722-0j 0.00135148-0j -0.162612-0j 0.0822279-0j -0.114148-0j 0.000836187-0j -0.142631-0j -0.116176-0j -0.105369-0j -0.0348898-0j -0.00207251-0j 0.0285994-0j -3.18634e-05-0j 0.000439696-0j 0.00872538-0j -0.120405-0j -0.00856484-0j 0.11819-0j -0.00152923-0j -0.00104699-0j 0.0211025-0j 0.0144479-0j -2.69351e-05-0j 0.000371688-0j 0.00216058-0j -2.45882e-05-0j -0.0298147-0j -0.00105784-0j 0.000339303-0j -0.000997345-0j 0.0145976-0j 0.00146849-0j 0.0137628-0j 0.000978994-0j -0.0202643-0j 0.00183491-0j -1.75667e-05-0j -0.0135095-0j -0.0253207-0j -0.000308538-0j 0.00024241-0j 0.00199277-0j 0.000605721-0j 0.00425764-0j -0.027499-0j 0.00127803-0j -0.0083586-0j 0.00131093-0j -0.017636-0j -0.01809-0j 0.000807631-0j -0.0111448-0j 0.000216072-0j -0.00298167-0j 
-0.0183922-0j 0.0825308-0j 0.0158351-0j -0.0107288-0j -0.01626-0j 0.0184742-0j 0.0328711-0j -0.0109523-0j 0.0344774-0j 0.0066677-0j -0.00176779-0j 0.11553-0j 0.12608-0j 0.389595-0j -0.400049-0j 0.0891522-0j -0.108551-0j 0.0735469-0j 0.0643535-0j -0.189037-0j -0.0895497-0j -0.225334-0j 0.0375395-0j -0.136454-0j -0.0204411-0j 0.00458031-0j -0.00160536-0j 0.022153-0j -0.00173399-0j 0.023928-0j 0.00130311-0j -0.0179821-0j -0.00133808-0j 0.0184647-0j 0.00480244-0j -0.000810998-0j -0.0662709-0j 0.0111913-0j -0.00584739-0j 0.0806906-0j 0.00346659-0j -0.00133808-0j -0.0478368-0j 0.00243192-0j 0.0184647-0j 0.000760147-0j -0.033559-0j 0.00115204-0j -0.0104896-0j -0.000780546-0j -0.0158974-0j -0.000482938-0j 0.00283724-0j 0.0107711-0j 0.00666426-0j 0.00165761-0j -0.0391522-0j 0.000775984-0j 0.00239145-0j -0.022874-0j -0.0107081-0j -0.000251972-0j -0.0330006-0j 0.00102401-0j 0.00347707-0j -0.0141308-0j 0.00012525-0j -0.00172837-0j -2.43052e-05-0j 0.000335397-0j 
0.0185828-0j 0.0810123-0j 0.01626-0j 0.01084-0j -0.0164218-0j -0.01843-0j 0.0067069-0j 0.0101342-0j -0.0117323-0j 0.0326905-0j 0.0327267-0j -0.116728-0j 0.12376-0j 0.400049-0j -0.404031-0j -0.0900761-0j 0.10829-0j 0.0721936-0j -0.0595465-0j -0.0643535-0j 0.0919155-0j 0.0446675-0j -0.181097-0j -0.0425421-0j -0.222008-0j -0.129634-0j 0.001622-0j -0.0223826-0j -0.00170208-0j 0.0234877-0j 0.00133808-0j -0.0184647-0j -0.0013514-0j 0.0186485-0j -0.00485221-0j 0.000819402-0j 0.0669576-0j -0.0113073-0j 0.00583338-0j -0.0804971-0j -0.00320764-0j -0.00131346-0j 0.0442636-0j 0.000827894-0j 0.0181249-0j 0.000780546-0j -0.0114244-0j -0.00118247-0j -0.0107711-0j -0.000788315-0j 0.0163174-0j 0.00232977-0j -0.00093838-0j 0.0108783-0j -0.0321495-0j 0.000241469-0j 0.0129491-0j 0.000729726-0j -0.000487745-0j -0.00333213-0j -0.0100698-0j 0.00269274-0j 0.00673059-0j 0.00166447-0j -0.0371582-0j -0.0229687-0j 0.00235652-0j -0.0325186-0j 0.000973562-0j -0.0134346-0j 
-0.0167897-0j -0.0185828-0j 0.0443389-0j 0.0488662-0j 0.0447984-0j 0.0341881-0j -0.00605974-0j 0.0199431-0j -0.0106045-0j -0.00618598-0j -0.00161377-0j 0.105464-0j 0.115095-0j 0.0891522-0j 0.0900761-0j 0.489949-0j -0.303947-0j -0.334982-0j -0.177302-0j -0.115979-0j -0.165719-0j 0.04154-0j -0.0683557-0j 0.0419705-0j 0.0189643-0j 0.00418123-0j -0.00146549-0j 0.0202228-0j -0.00158291-0j 0.0218432-0j -0.00120896-0j 0.016683-0j -0.00122149-0j 0.0168559-0j 0.00215692-0j 0.00520915-0j -0.0297643-0j -0.0718831-0j -0.00133808-0j 0.0184647-0j -0.000780546-0j -0.00735361-0j 0.0107711-0j 0.00225756-0j 0.101475-0j 0.00351866-0j -0.031153-0j 0.00322576-0j -0.0485555-0j 0.00355513-0j -0.0445135-0j 0.00133056-0j 0.00174072-0j -0.0490586-0j -0.0183609-0j -0.000218169-0j -0.024021-0j 0.00143602-0j -0.00044086-0j 0.0030106-0j -0.0198163-0j 0.000458817-0j 0.00608361-0j -0.000314966-0j -0.0063314-0j 0.00434634-0j -0.000116201-0j 0.0016035-0j -2.21875e-05-0j 0.000306174-0j 
0.0207763-0j 0.000327308-0j 0.0539865-0j 0.0121195-0j 0.0538571-0j -0.000297044-0j -0.0371319-0j -0.0242156-0j 0.0378377-0j 0.0221671-0j -0.00981412-0j -0.130506-0j -0.00202722-0j 0.108551-0j 0.10829-0j 0.303947-0j -0.00526768-0j -0.00118255-0j -0.429432-0j 0.21354-0j -0.0982774-0j 0.00362311-0j 0.124802-0j -0.3017-0j -0.0907193-0j 0.0305285-0j 0.00181345-0j -0.0250245-0j 2.78805e-05-0j -0.000384734-0j -0.00147202-0j 0.020313-0j -0.00146849-0j 0.0202643-0j 0.00133808-0j -0.00644599-0j -0.0184647-0j 0.0889508-0j -2.31901e-05-0j 0.00032001-0j -0.00189051-0j -6.49335e-05-0j 0.0260879-0j 0.00829114-0j 0.000896043-0j -0.000858678-0j -0.114413-0j -0.00381583-0j 0.0118492-0j -0.00085662-0j 0.0526562-0j 0.0048457-0j -4.56194e-05-0j 0.0118208-0j -0.0668678-0j -0.00187247-0j 0.000629521-0j 0.0017157-0j 0.00262453-0j 0.025839-0j -0.0236757-0j -0.00111828-0j -0.0362169-0j 0.00340438-0j 0.0154315-0j -0.0469784-0j 0.000695341-0j -0.00959529-0j -0.000189063-0j 0.00260896-0j 
0.0138508-0j 0.000218206-0j 0.0121195-0j 0.0562152-0j -0.0118965-0j -0.00100415-0j 0.00499903-0j 0.0805475-0j -0.00849926-0j -0.015019-0j -0.00654275-0j -0.0870037-0j -0.00135148-0j -0.0735469-0j 0.0721936-0j 0.334982-0j -0.00118255-0j -0.00548514-0j 0.0948572-0j 0.239322-0j -0.332226-0j -0.000487776-0j -0.415124-0j 0.0677693-0j 0.0614655-0j 0.0203524-0j 0.00120896-0j -0.016683-0j 1.8587e-05-0j -0.000256489-0j 0.000997345-0j -0.0137628-0j -0.000978994-0j 0.0135095-0j -0.0044508-0j 0.000610746-0j 0.0614183-0j -0.00842794-0j 1.57121e-05-0j -0.000216818-0j -0.00126034-0j -7.15636e-05-0j 0.0173919-0j 0.000617075-0j 0.000987535-0j 0.00404783-0j -0.00851527-0j -0.00085662-0j -0.0558577-0j -0.00397336-0j 0.0118208-0j -0.00107037-0j -5.11275e-05-0j 0.0548299-0j 0.0147704-0j 0.00017998-0j 0.000705529-0j 0.00579991-0j -0.000353338-0j -0.00248362-0j -0.0800353-0j 0.00371968-0j 0.00487585-0j -0.000764706-0j -0.0513293-0j 0.0105525-0j -0.000471118-0j 0.00650115-0j -0.000126042-0j 0.0017393-0j 
-0.0121195-0j 0.0262548-0j 0.0320055-0j -0.0070697-0j 0.0296148-0j 0.0242156-0j -0.00437415-0j -0.0279435-0j -0.00701033-0j -0.00519572-0j 0.0515296-0j 0.0761282-0j -0.162612-0j 0.0643535-0j 0.0595465-0j -0.177302-0j 0.429432-0j -0.0948572-0j -0.495541-0j 0.0419705-0j 0.0549216-0j -0.0586899-0j 0.0287829-0j 0.117303-0j -0.177365-0j -0.297055-0j -0.00105784-0j 0.0145976-0j 0.00223641-0j -0.0308612-0j -0.000872676-0j 0.0120424-0j -0.00080749-0j 0.0111429-0j -0.000780546-0j 0.00376016-0j 0.0107711-0j -0.051888-0j 0.00189051-0j -0.0260879-0j -0.00218154-0j -0.0052086-0j 0.030104-0j 0.00162959-0j 0.0718755-0j -0.000509061-0j -0.0224874-0j 0.00213245-0j 0.00702474-0j -0.000471036-0j -0.0294265-0j 0.00111756-0j 0.00123296-0j 0.00650002-0j -0.0154216-0j -0.000157483-0j -0.0170142-0j -0.0020121-0j -0.000291439-0j 0.00217317-0j 0.0277658-0j 0.00215126-0j 0.00402168-0j -0.000264545-0j -0.0296861-0j 0.00365057-0j 0.00371045-0j -0.051202-0j 0.00290306-0j -0.0400605-0j 
0.0119952-0j 0.0132762-0j -0.0311506-0j -0.0349117-0j 0.0106045-0j 0.072492-0j 0.0550374-0j -0.014248-0j 0.00709402-0j -0.0131167-0j 0.00115293-0j -0.0753474-0j -0.0822279-0j 0.189037-0j -0.0643535-0j 0.115979-0j 0.21354-0j 0.239322-0j -0.0419705-0j 0.0775856-0j -0.351388-0j -0.377286-0j 0.0488357-0j -0.0280766-0j 0.0402115-0j -0.00298722-0j 0.00104699-0j -0.0144479-0j 0.00113088-0j -0.0156055-0j -0.00256347-0j 0.0353743-0j 0.000872676-0j -0.0120424-0j -0.00154098-0j 0.000528922-0j 0.0212646-0j -0.00729881-0j -0.00283724-0j 0.0391522-0j 0.000557649-0j -0.00174072-0j -0.00769522-0j 0.000500388-0j 0.024021-0j 0.00746091-0j -0.00690506-0j -0.00226628-0j -0.102956-0j -0.00253991-0j 0.0312733-0j 0.000314966-0j -0.00116448-0j 0.0350492-0j -0.00434634-0j 0.0050441-0j 0.0160691-0j 0.00304492-0j 0.0040041-0j -0.0696056-0j -0.0420181-0j -0.000327794-0j -0.0552541-0j 0.0002107-0j 0.00452337-0j -0.00290753-0j -0.000246391-0j 0.00340004-0j 1.58515e-05-0j -0.000218741-0j 
-0.0171395-0j 0.01843-0j 0.0147565-0j 0.0498842-0j 0.0151464-0j 0.033363-0j 0.0306322-0j 0.0186446-0j -0.0321161-0j 0.0296678-0j -0.0301848-0j 0.107662-0j -0.114148-0j -0.0895497-0j -0.0919155-0j -0.165719-0j 0.0982774-0j 0.332226-0j 0.0549216-0j 0.351388-0j -0.166391-0j 0.204009-0j -0.333177-0j -0.116455-0j -0.20148-0j 0.119565-0j -0.00149602-0j 0.0206441-0j 0.00156988-0j -0.0216634-0j 0.00121435-0j -0.0167574-0j 0.00124644-0j -0.0172001-0j 0.00220186-0j -0.00075576-0j -0.0303844-0j 0.010429-0j -0.00130578-0j 0.018019-0j -0.000729726-0j -0.00241646-0j 0.0100698-0j 0.00226628-0j 0.0333457-0j -0.00353435-0j -0.0312733-0j -0.00107314-0j 0.0487719-0j -0.00362772-0j 0.0148086-0j -0.00214882-0j 0.00512382-0j 0.0500604-0j 0.0296525-0j 0.00154471-0j -0.0707057-0j -0.00132099-0j -0.00222766-0j -0.0213161-0j 0.0182289-0j 0.00495402-0j 0.0307404-0j 0.00455633-0j -0.0683626-0j -0.0628746-0j 0.00213863-0j -0.0295118-0j -0.000897947-0j 0.0123911-0j 
-0.00856977-0j -0.000135008-0j 0.0371319-0j -0.00499903-0j 0.00736057-0j 0.000616617-0j -0.0220832-0j 0.00998844-0j 0.0668522-0j -0.0460154-0j 0.00404812-0j 0.0538308-0j 0.000836187-0j -0.225334-0j -0.0446675-0j 0.04154-0j -0.00362311-0j 0.000487776-0j -0.0586899-0j 0.377286-0j 0.204009-0j 0.00215475-0j -0.0514782-0j -0.533049-0j 0.188319-0j -0.0125924-0j -0.000748008-0j 0.0103221-0j -1.15001e-05-0j 0.000158695-0j 0.00305568-0j -0.0421666-0j 0.000605721-0j -0.0083586-0j -0.000551929-0j -0.00037788-0j 0.00761629-0j 0.00521452-0j 4.81391e-05-0j -0.000664291-0j 0.000779795-0j -8.87437e-06-0j -0.0107607-0j -0.0048537-0j 0.000122461-0j 0.00178248-0j 0.0669781-0j -0.00262453-0j -0.0245972-0j 0.000353338-0j 0.0362169-0j 0.000662255-0j -8.06011e-05-0j -0.00487585-0j -0.00913873-0j 0.00763078-0j 0.00111225-0j -0.00356153-0j 0.00156087-0j -0.1053-0j 0.049147-0j 0.000461265-0j -0.0215391-0j 0.00601491-0j -0.00636519-0j -0.0830022-0j -0.00144342-0j 0.0199183-0j 7.79845e-05-0j -0.00107614-0j 
0.0070697-0j -0.0230287-0j 0.00618598-0j -0.0205762-0j 0.0298422-0j 0.0423674-0j 0.00255159-0j -0.00977115-0j 0.0213203-0j -0.0367364-0j 0.0220142-0j -0.0444081-0j 0.142631-0j -0.0375395-0j -0.181097-0j 0.0683557-0j 0.124802-0j -0.415124-0j -0.0287829-0j 0.0488357-0j 0.333177-0j 0.0514782-0j -0.40594-0j -0.0205635-0j 0.149259-0j -0.364132-0j 0.000617075-0j -0.00851527-0j -0.0019616-0j 0.027069-0j 0.000509061-0j -0.00702474-0j 0.0024558-0j -0.0338886-0j -0.000908221-0j 0.000311735-0j 0.0125329-0j -0.00430176-0j -0.0016582-0j 0.0228822-0j 0.00038243-0j 0.00301942-0j -0.0052773-0j 0.000314966-0j -0.0416662-0j -0.00148161-0j -0.00434634-0j 0.00214882-0j 0.0204454-0j -0.00714755-0j -0.0296525-0j -0.00261811-0j 0.00215718-0j 0.0986319-0j 0.0361284-0j 9.1865e-05-0j -0.0297678-0j -0.000703583-0j 0.000886344-0j -0.00126768-0j 0.00970902-0j 0.00361114-0j -0.012231-0j -0.00187047-0j -0.0498316-0j 0.0258114-0j 0.00158515-0j -0.0218742-0j 0.00555795-0j -0.0766964-0j 
0.00865857-0j -0.0187574-0j -0.0224857-0j 0.00505084-0j 0.00701033-0j 0.0513464-0j 0.0397281-0j 0.0199638-0j 0.00468964-0j -0.0110169-0j -0.0368145-0j -0.0543886-0j 0.116176-0j 0.136454-0j -0.0425421-0j -0.0419705-0j -0.3017-0j 0.0677693-0j -0.117303-0j -0.0280766-0j 0.116455-0j 0.533049-0j -0.0205635-0j -0.0784711-0j -0.376081-0j 0.212226-0j 0.00075576-0j -0.010429-0j -0.00159777-0j 0.0220483-0j -0.00185041-0j 0.0255345-0j 0.000576899-0j -0.00796086-0j 0.000557649-0j 0.000381796-0j -0.00769522-0j -0.00526856-0j 0.0040086-0j -0.0553163-0j 0.00155857-0j -0.00123296-0j -0.0215073-0j 0.000361199-0j 0.0170142-0j -0.0010794-0j -0.00498434-0j -0.00149817-0j 0.0148951-0j 0.000336524-0j 0.0206738-0j 0.000264545-0j -0.000824804-0j -0.00464384-0j -0.00365057-0j 0.00364102-0j 0.0113818-0j -0.00426643-0j 0.00264698-0j -0.050244-0j 0.0588742-0j -0.00153694-0j -0.0365268-0j 0.00017697-0j 0.0212088-0j -0.00244209-0j 0.00786757-0j -0.108568-0j -0.00207405-0j 0.0286206-0j 
-0.00391236-0j 0.0170126-0j 0.0033684-0j -0.00228221-0j -0.0365838-0j -0.0154395-0j 0.00699227-0j 0.0301857-0j 0.0775716-0j -0.0265112-0j -0.0537554-0j 0.0245754-0j -0.105369-0j -0.0204411-0j 0.222008-0j 0.0189643-0j 0.0907193-0j -0.0614655-0j -0.177365-0j -0.0402115-0j -0.20148-0j 0.188319-0j -0.149259-0j 0.376081-0j -0.220986-0j -0.0162989-0j -0.000341489-0j 0.00471234-0j 0.00144915-0j -0.0199974-0j 0.000277195-0j -0.00382512-0j -0.00301058-0j 0.0415442-0j -0.000251972-0j -0.000172514-0j 0.00347707-0j 0.00238059-0j -0.00120536-0j 0.0166332-0j 0.00235659-0j 0.00111828-0j -0.0325195-0j 0.000517313-0j -0.0154315-0j 0.000161697-0j -0.00713861-0j 0.002592-0j -0.00223132-0j -0.00175617-0j -0.035768-0j 0.00192019-0j -0.00237117-0j 0.0242341-0j -0.0264975-0j 0.000352604-0j 0.0327208-0j -0.00213869-0j 0.00538058-0j -0.00486572-0j 0.0295126-0j -0.00272405-0j -0.0742488-0j -0.00407154-0j 0.0375902-0j 0.0561848-0j 0.00380863-0j -0.0525568-0j 0.00535691-0j -0.0739221-0j 
0.000862594-0j -0.00563318-0j 0.00075477-0j 0.00050318-0j 0.0213618-0j -0.00519565-0j 0.000311327-0j -0.0505558-0j 0.0152616-0j 0.0657309-0j -0.0831697-0j -0.00541837-0j 0.0348898-0j -0.00458031-0j -0.129634-0j -0.00418123-0j 0.0305285-0j 0.0203524-0j 0.297055-0j -0.00298722-0j -0.119565-0j 0.0125924-0j -0.364132-0j 0.212226-0j 0.0162989-0j -0.0181872-0j 7.52912e-05-0j -0.00103897-0j -0.00047984-0j 0.0066215-0j 6.21121e-05-0j -0.000857109-0j 0.00175792-0j -0.0242583-0j 5.55547e-05-0j 3.80357e-05-0j -0.000766622-0j -0.00052487-0j -0.000405623-0j 0.00559736-0j -0.00394688-0j -0.000370282-0j 0.0544646-0j 3.84299e-05-0j 0.00510967-0j 3.6232e-05-0j -0.000530309-0j 0.00153818-0j -0.00049998-0j 0.00102545-0j -0.021226-0j 0.00468448-0j -0.000264542-0j -0.0141507-0j -0.064643-0j 1.12087e-05-0j 0.00365052-0j -0.00364033-0j 0.000634468-0j -0.000154674-0j 0.0502344-0j -0.000197689-0j -0.00875528-0j 0.00334675-0j 0.002728-0j -0.0461832-0j -0.00598873-0j 0.0826409-0j 0.00798702-0j -0.110216-0j 
0.0143011-0j 0.0158284-0j 0.0125134-0j 0.00834229-0j 0.0126431-0j 0.014599-0j 0.00516153-0j 0.00851609-0j 0.00903268-0j 0.00526906-0j 0.00137456-0j 0.00189909-0j 0.00207251-0j 0.00160536-0j 0.001622-0j 0.00146549-0j 0.00181345-0j 0.00120896-0j 0.00105784-0j 0.00104699-0j 0.00149602-0j 0.000748008-0j 0.000617075-0j 0.00075576-0j 0.000341489-0j 7.52912e-05-0j 0.869613-0j -0.00130457-0j -0.129723-0j 0.000194607-0j -0.0990777-0j 0.000148634-0j -0.100104-0j 0.000150174-0j -0.0886178-0j -0.0606725-0j 0.000132942-0j 9.10192e-05-0j -0.109659-0j 0.000164507-0j -0.0639677-0j -0.100104-0j 9.59626e-05-0j -0.0613012-0j 0.000150174-0j -0.0577953-0j 9.19624e-05-0j -0.0875914-0j 8.6703e-05-0j -0.0583943-0j 0.000131402-0j -0.0361296-0j -0.0715181-0j 8.76015e-05-0j 5.42007e-05-0j -0.0178795-0j 0.000107289-0j -0.0589994-0j -0.0361296-0j 2.68224e-05-0j 8.85093e-05-0j -0.0188506-0j 5.42007e-05-0j -0.0258122-0j 2.82791e-05-0j 3.87228e-05-0j -0.00952297-0j 1.42861e-05-0j -0.00181832-0j 2.7278e-06-0j 
-0.00206418-0j -0.00228463-0j -0.00180616-0j -0.00120411-0j -0.00182488-0j -0.00210719-0j -0.000745003-0j -0.00122919-0j -0.00130375-0j -0.000760524-0j -0.000198401-0j 0.0262063-0j 0.0285994-0j 0.022153-0j 0.0223826-0j 0.0202228-0j 0.0250245-0j 0.016683-0j 0.0145976-0j 0.0144479-0j 0.0206441-0j 0.0103221-0j 0.00851527-0j 0.010429-0j 0.00471234-0j 0.00103897-0j 0.00130457-0j 0.842459-0j -0.000194607-0j -0.125672-0j -0.000148634-0j -0.0959839-0j -0.000150174-0j -0.0969786-0j -0.000132942-0j -9.10192e-05-0j -0.0858506-0j -0.0587779-0j -0.000164507-0j -0.106235-0j -9.59626e-05-0j -0.000150174-0j -0.0619703-0j -9.19624e-05-0j -0.0969786-0j -8.6703e-05-0j -0.059387-0j -0.000131402-0j -0.0559906-0j -8.76015e-05-0j -0.0848563-0j -5.42007e-05-0j -0.000107289-0j -0.0565709-0j -0.0350014-0j -2.68224e-05-0j -0.0692849-0j -8.85093e-05-0j -5.42007e-05-0j -0.0173212-0j -0.0571571-0j -2.82791e-05-0j -0.0350014-0j -3.87228e-05-0j -0.018262-0j -0.0250062-0j -1.42861e-05-0j -0.00922561-0j -2.7278e-06-0j -0.00176154-0j 
-0.0154469-0j -0.00024335-0j -0.0135161-0j -0.00901071-0j 0.0132674-0j -0.000224449-0j -0.00557509-0j 0.0180041-0j 0.00947866-0j 0.0167497-0j 0.0072967-0j 0.0126469-0j -3.18634e-05-0j -0.00173399-0j 0.00170208-0j -0.00158291-0j -2.78805e-05-0j -1.8587e-05-0j 0.00223641-0j -0.00113088-0j 0.00156988-0j -1.15001e-05-0j 0.0019616-0j 0.00159777-0j 0.00144915-0j 0.00047984-0j 0.129723-0j -0.000194607-0j -0.0122964-0j 1.84468e-05-0j 0.107016-0j -0.000160543-0j -0.105047-0j 0.000157589-0j 0.0957182-0j 0.0655338-0j -0.000143594-0j -9.83119e-05-0j 0.00168593-0j -2.52918e-06-0j -0.135236-0j 0.00153904-0j 0.000202877-0j 0.0662129-0j -2.30882e-06-0j 0.0624261-0j -9.93308e-05-0j -0.0919162-0j -9.36499e-05-0j -0.0612775-0j 0.00013789-0j -0.114851-0j 0.00109954-0j 9.19268e-05-0j 0.000172297-0j 0.0193121-0j -1.6495e-06-0j -0.124732-0j -0.0379135-0j -2.89715e-05-0j 0.00018712-0j -0.0799948-0j 5.68768e-05-0j -0.0820539-0j 0.000120006-0j 0.000123095-0j -0.0505515-0j 7.58359e-05-0j -0.0135244-0j 2.0289e-05-0j 
0.00222957-0j 3.51246e-05-0j 0.00195087-0j 0.00130058-0j -0.00191498-0j 3.23965e-05-0j 0.000804695-0j -0.00259866-0j -0.00136813-0j -0.00241761-0j -0.00105319-0j 0.17452-0j -0.000439696-0j -0.023928-0j 0.0234877-0j -0.0218432-0j -0.000384734-0j -0.000256489-0j 0.0308612-0j -0.0156055-0j 0.0216634-0j -0.000158695-0j 0.027069-0j 0.0220483-0j 0.0199974-0j 0.0066215-0j 0.000194607-0j 0.125672-0j -1.84468e-05-0j -0.0119125-0j 0.000160543-0j 0.103674-0j -0.000157589-0j -0.101767-0j 0.000143594-0j 9.83119e-05-0j 0.0927293-0j 0.0634874-0j 2.52918e-06-0j 0.00163328-0j -0.000202877-0j 2.30882e-06-0j -0.131013-0j 9.93308e-05-0j 0.00149098-0j 9.36499e-05-0j 0.0641453-0j -0.00013789-0j 0.0604768-0j -9.19268e-05-0j -0.0890461-0j -0.000172297-0j 1.6495e-06-0j -0.059364-0j -0.111265-0j 2.89715e-05-0j 0.00106521-0j -0.00018712-0j -5.68768e-05-0j 0.0187091-0j -0.120837-0j -0.000120006-0j -0.0367296-0j -0.000123095-0j -0.0774969-0j -0.0794916-0j -7.58359e-05-0j -0.048973-0j -2.0289e-05-0j -0.0131021-0j 
0.0602083-0j -0.0130578-0j 0.0101575-0j -0.00688204-0j -0.01043-0j 0.0118504-0j 0.0210853-0j -0.00702542-0j 0.0221157-0j 0.00427703-0j -0.00113396-0j -0.00156667-0j 0.00872538-0j 0.00130311-0j -0.00133808-0j -0.00120896-0j 0.00147202-0j -0.000997345-0j -0.000872676-0j 0.00256347-0j 0.00121435-0j 0.00305568-0j -0.000509061-0j 0.00185041-0j 0.000277195-0j -6.21121e-05-0j 0.0990777-0j -0.000148634-0j 0.107016-0j -0.000160543-0j 0.410432-0j -0.000615718-0j -0.421446-0j 0.000632241-0j 0.073106-0j 0.0500522-0j -0.000109672-0j -7.5087e-05-0j -0.0890129-0j 0.000133535-0j 0.0527707-0j 0.082582-0j -7.91651e-05-0j -0.15009-0j -0.000123887-0j -0.0469139-0j 0.000225161-0j -0.0711001-0j 7.0379e-05-0j 0.0481728-0j 0.000106662-0j 0.0298054-0j -0.175105-0j -7.22675e-05-0j -4.47133e-05-0j -0.102303-0j 0.000262688-0j -0.0478913-0j -0.147593-0j 0.000153471-0j 7.18452e-05-0j 0.015551-0j 0.000221415-0j -0.0631989-0j -2.33291e-05-0j 9.48092e-05-0j -0.00773003-0j 1.15964e-05-0j 0.00150004-0j -2.25032e-06-0j 
-0.00869032-0j 0.00188472-0j -0.0014661-0j 0.000993337-0j 0.00150545-0j -0.00171045-0j -0.0030434-0j 0.00101403-0j -0.00319212-0j -0.000617336-0j 0.000163673-0j -0.0216191-0j 0.120405-0j 0.0179821-0j -0.0184647-0j -0.016683-0j 0.020313-0j -0.0137628-0j -0.0120424-0j 0.0353743-0j 0.0167574-0j 0.0421666-0j -0.00702474-0j 0.0255345-0j 0.00382512-0j -0.000857109-0j 0.000148634-0j 0.0959839-0j 0.000160543-0j 0.103674-0j 0.000615718-0j 0.397616-0j -0.000632241-0j -0.408285-0j 0.000109672-0j 7.5087e-05-0j 0.0708232-0j 0.0484893-0j -0.000133535-0j -0.0862334-0j 7.91651e-05-0j 0.000123887-0j 0.0511229-0j -0.000225161-0j 0.0800033-0j -7.0379e-05-0j -0.145404-0j -0.000106662-0j -0.045449-0j 7.22675e-05-0j -0.0688799-0j 4.47133e-05-0j -0.000262688-0j 0.0466686-0j 0.0288747-0j -0.000153471-0j -0.169638-0j -7.18452e-05-0j -0.000221415-0j -0.0991081-0j -0.0463958-0j 2.33291e-05-0j -0.142984-0j -9.48092e-05-0j 0.0150654-0j -0.0612254-0j -1.15964e-05-0j -0.00748865-0j 2.25032e-06-0j 0.0014532-0j 
-0.0608323-0j -0.0128175-0j 0.01043-0j 0.00695336-0j -0.0105339-0j -0.011822-0j 0.00430217-0j 0.00650064-0j -0.00752575-0j 0.0209695-0j 0.0209927-0j 0.00158291-0j 0.00856484-0j 0.00133808-0j -0.0013514-0j 0.00122149-0j -0.00146849-0j -0.000978994-0j 0.00080749-0j 0.000872676-0j -0.00124644-0j -0.000605721-0j 0.0024558-0j 0.000576899-0j 0.00301058-0j 0.00175792-0j -0.100104-0j 0.000150174-0j 0.105047-0j -0.000157589-0j 0.421446-0j -0.000632241-0j -0.42564-0j 0.000638534-0j -0.0738636-0j -0.0505709-0j 0.000110808-0j 7.58651e-05-0j 0.0887995-0j -0.000133215-0j -0.0488289-0j 0.0810625-0j 7.32517e-05-0j -0.051095-0j -0.000121608-0j -0.0481728-0j 7.66513e-05-0j 0.0729785-0j 7.22675e-05-0j 0.0486523-0j -0.00010948-0j -0.143786-0j 0.0579138-0j -7.29869e-05-0j 0.000215704-0j -0.0149027-0j -8.68808e-05-0j -0.0450364-0j 0.0301021-0j 2.23566e-05-0j 6.75624e-05-0j -0.166188-0j -4.51583e-05-0j -0.102726-0j 0.00024931-0j 0.000154107-0j -0.145437-0j 0.000218181-0j -0.0600852-0j 9.01382e-05-0j 
0.00878038-0j 0.00185005-0j -0.00150545-0j -0.00100363-0j 0.00152043-0j 0.00170635-0j -0.000620965-0j -0.000938286-0j 0.00108625-0j -0.00302668-0j -0.00303003-0j 0.0218432-0j 0.11819-0j 0.0184647-0j -0.0186485-0j 0.0168559-0j -0.0202643-0j -0.0135095-0j 0.0111429-0j 0.0120424-0j -0.0172001-0j -0.0083586-0j 0.0338886-0j 0.00796086-0j 0.0415442-0j 0.0242583-0j -0.000150174-0j -0.0969786-0j 0.000157589-0j 0.101767-0j 0.000632241-0j 0.408285-0j -0.000638534-0j -0.412349-0j -0.000110808-0j -7.58651e-05-0j -0.0715571-0j -0.0489918-0j 0.000133215-0j 0.0860267-0j -7.32517e-05-0j 0.000121608-0j -0.0473041-0j -7.66513e-05-0j 0.0785312-0j -7.22675e-05-0j -0.0494995-0j 0.00010948-0j -0.0466686-0j 7.29869e-05-0j 0.0706996-0j -0.000215704-0j 8.68808e-05-0j 0.0471331-0j -0.139297-0j -2.23566e-05-0j 0.0561054-0j -6.75624e-05-0j 4.51583e-05-0j -0.0144374-0j -0.0436301-0j -0.00024931-0j 0.0291621-0j -0.000154107-0j -0.160998-0j -0.0995182-0j -0.000218181-0j -0.140896-0j -9.01382e-05-0j -0.058209-0j 
-0.0105523-0j 0.0473507-0j -0.00923323-0j 0.0307121-0j -0.00932891-0j 0.0214871-0j -0.00380851-0j 0.0125341-0j -0.00666489-0j -0.00388786-0j -0.00101424-0j -0.00140127-0j -0.00152923-0j 0.00480244-0j 0.00485221-0j 0.00215692-0j -0.00133808-0j 0.0044508-0j -0.000780546-0j 0.00154098-0j 0.00220186-0j -0.000551929-0j 0.000908221-0j -0.000557649-0j -0.000251972-0j -5.55547e-05-0j 0.0886178-0j -0.000132942-0j 0.0957182-0j -0.000143594-0j 0.073106-0j -0.000109672-0j 0.0738636-0j -0.000110808-0j 0.528795-0j 0.0447681-0j -0.000793284-0j -6.71598e-05-0j -0.328046-0j 0.000492125-0j -0.19136-0j -0.147335-0j 0.000287073-0j 0.045232-0j 0.000221028-0j -0.212773-0j -6.78558e-05-0j 0.0646306-0j 0.000319197-0j -0.214978-0j -9.69571e-05-0j 0.0266588-0j -0.105261-0j 0.000322505-0j -3.99928e-05-0j 0.0131927-0j 0.00015791-0j -0.0868363-0j 0.0266588-0j -1.97913e-05-0j 0.000130269-0j -0.0277446-0j -3.99928e-05-0j 0.0190459-0j 4.16217e-05-0j -2.85722e-05-0j 0.00702667-0j -1.05412e-05-0j 0.00134168-0j -2.01275e-06-0j 
-0.00722464-0j -0.00799621-0j 0.0444797-0j -0.00421437-0j 0.0449406-0j -0.00737515-0j -0.00260751-0j -0.00430217-0j -0.00456314-0j -0.00266183-0j -0.000694404-0j -0.000959386-0j -0.00104699-0j -0.000810998-0j -0.000819402-0j 0.00520915-0j 0.00644599-0j -0.000610746-0j 0.00376016-0j -0.000528922-0j -0.00075576-0j -0.00037788-0j -0.000311735-0j -0.000381796-0j -0.000172514-0j -3.80357e-05-0j 0.0606725-0j -9.10192e-05-0j 0.0655338-0j -9.83119e-05-0j 0.0500522-0j -7.5087e-05-0j 0.0505709-0j -7.58651e-05-0j 0.0447681-0j 0.527736-0j -6.71598e-05-0j -0.000791695-0j 0.0553977-0j -8.31061e-05-0j 0.0323153-0j -0.355827-0j -4.84785e-05-0j -0.217898-0j 0.000533801-0j 0.0291971-0j 0.000326885-0j -0.311348-0j -4.38007e-05-0j 0.0294997-0j 0.000467076-0j -0.128425-0j 0.0361296-0j -4.42546e-05-0j 0.000192659-0j 0.0090324-0j -5.42007e-05-0j 0.0298054-0j 0.018252-0j -1.35502e-05-0j -4.47133e-05-0j 0.00952297-0j -2.73812e-05-0j 0.0130399-0j -1.42861e-05-0j -1.95621e-05-0j 0.00481083-0j -7.21707e-06-0j 0.000918583-0j -1.37803e-06-0j 
0.00152309-0j -0.00683449-0j 0.0013327-0j -0.00443291-0j 0.00134651-0j -0.00310139-0j 0.000549711-0j -0.00180914-0j 0.000961995-0j 0.000561164-0j 0.000146393-0j -0.0193367-0j -0.0211025-0j 0.0662709-0j 0.0669576-0j 0.0297643-0j -0.0184647-0j 0.0614183-0j -0.0107711-0j 0.0212646-0j 0.0303844-0j -0.00761629-0j 0.0125329-0j -0.00769522-0j -0.00347707-0j -0.000766622-0j 0.000132942-0j 0.0858506-0j 0.000143594-0j 0.0927293-0j 0.000109672-0j 0.0708232-0j 0.000110808-0j 0.0715571-0j 0.000793284-0j 6.71598e-05-0j 0.512283-0j 0.0433702-0j -0.000492125-0j -0.317802-0j -0.000287073-0j -0.000221028-0j -0.185385-0j 6.78558e-05-0j -0.142735-0j -0.000319197-0j 0.0438196-0j 9.69571e-05-0j -0.206129-0j -0.000322505-0j 0.0626125-0j 3.99928e-05-0j -0.00015791-0j -0.208265-0j 0.0258263-0j 1.97913e-05-0j -0.101975-0j -0.000130269-0j 3.99928e-05-0j 0.0127807-0j -0.0841247-0j -4.16217e-05-0j 0.0258263-0j 2.85722e-05-0j -0.0268783-0j 0.0184512-0j 1.05412e-05-0j 0.00680725-0j 2.01275e-06-0j 0.00129978-0j 
0.00104279-0j 0.00115415-0j -0.00642009-0j 0.000608292-0j -0.00648662-0j 0.00106451-0j 0.000376362-0j 0.000620965-0j 0.000658633-0j 0.000384202-0j 0.000100229-0j -0.013239-0j -0.0144479-0j -0.0111913-0j -0.0113073-0j 0.0718831-0j 0.0889508-0j -0.00842794-0j 0.051888-0j -0.00729881-0j -0.010429-0j -0.00521452-0j -0.00430176-0j -0.00526856-0j -0.00238059-0j -0.00052487-0j 9.10192e-05-0j 0.0587779-0j 9.83119e-05-0j 0.0634874-0j 7.5087e-05-0j 0.0484893-0j 7.58651e-05-0j 0.0489918-0j 6.71598e-05-0j 0.000791695-0j 0.0433702-0j 0.511257-0j 8.31061e-05-0j 0.0536678-0j 4.84785e-05-0j -0.000533801-0j 0.0313062-0j -0.000326885-0j -0.344716-0j 4.38007e-05-0j -0.211094-0j -0.000467076-0j 0.0282854-0j 4.42546e-05-0j -0.301626-0j -0.000192659-0j 5.42007e-05-0j 0.0285786-0j -0.124414-0j 1.35502e-05-0j 0.0350014-0j 4.47133e-05-0j 2.73812e-05-0j 0.00875036-0j 0.0288747-0j 1.42861e-05-0j 0.0176821-0j 1.95621e-05-0j 0.00922561-0j 0.0126327-0j 7.21707e-06-0j 0.00466061-0j 1.37803e-06-0j 0.000889899-0j 
0.0130578-0j -0.00083401-0j -0.0112423-0j 0.00761702-0j -0.0112153-0j -0.00018669-0j -0.0233372-0j -0.0152194-0j 0.0237807-0j 0.0139319-0j -0.00616812-0j 0.00173399-0j 2.69351e-05-0j 0.00584739-0j 0.00583338-0j 0.00133808-0j -2.31901e-05-0j 1.57121e-05-0j -0.00189051-0j -0.00283724-0j 0.00130578-0j -4.81391e-05-0j -0.0016582-0j 0.0040086-0j 0.00120536-0j -0.000405623-0j -0.109659-0j 0.000164507-0j -0.00168593-0j 2.52918e-06-0j 0.0890129-0j -0.000133535-0j 0.0887995-0j -0.000133215-0j 0.328046-0j -0.0553977-0j -0.000492125-0j 8.31061e-05-0j -0.00568533-0j 8.52898e-06-0j -0.46348-0j -0.00130099-0j 0.0006953-0j 0.16612-0j 1.95171e-06-0j 0.0519242-0j -0.000249208-0j -0.0764532-0j -7.78952e-05-0j 0.0517997-0j 0.000114693-0j 0.0970874-0j 0.0027586-0j -7.77085e-05-0j -0.000145648-0j 0.113228-0j -4.13838e-06-0j -0.103748-0j -0.158705-0j -0.000169862-0j 0.000155641-0j 0.067622-0j 0.000238085-0j -0.205863-0j -0.000101445-0j 0.000308829-0j -0.0420472-0j 6.30781e-05-0j 0.0114326-0j -1.71509e-05-0j 
-0.00188472-0j 0.000120379-0j 0.00162268-0j -0.00109942-0j 0.00161879-0j 2.69464e-05-0j 0.00336843-0j 0.00219673-0j -0.00343245-0j -0.00201089-0j 0.000890291-0j 0.023928-0j 0.000371688-0j 0.0806906-0j 0.0804971-0j 0.0184647-0j -0.00032001-0j 0.000216818-0j -0.0260879-0j -0.0391522-0j 0.018019-0j -0.000664291-0j -0.0228822-0j 0.0553163-0j 0.0166332-0j -0.00559736-0j -0.000164507-0j -0.106235-0j -2.52918e-06-0j -0.00163328-0j 0.000133535-0j 0.0862334-0j 0.000133215-0j 0.0860267-0j 0.000492125-0j -8.31061e-05-0j 0.317802-0j -0.0536678-0j -8.52898e-06-0j -0.0055078-0j -0.0006953-0j -1.95171e-06-0j -0.449007-0j 0.000249208-0j -0.00126037-0j 7.78952e-05-0j 0.160932-0j -0.000114693-0j 0.0503028-0j 7.77085e-05-0j -0.0740659-0j 0.000145648-0j 4.13838e-06-0j 0.0501822-0j 0.0940558-0j 0.000169862-0j 0.00267246-0j -0.000155641-0j -0.000238085-0j 0.109693-0j -0.100509-0j 0.000101445-0j -0.153749-0j -0.000308829-0j 0.0655105-0j -0.199434-0j -6.30781e-05-0j -0.0407342-0j 1.71509e-05-0j 0.0110756-0j 
