-0.063857+4.89192e-15j -0.0182962+8.90183e-05j -0.0161914+0.00152304j 0.0309111-0.000648396j -0.0451954+0.00367672j 0.053148-0.00270419j 0.0118018-0.00437397j 0.042867+0.00062762j -0.0105586-0.00276666j -0.0144935+0.00271673j -0.0386599+0.00371578j 0.0416282-0.00424351j -0.141845+0.00690259j 0.233165-0.00358504j 0.0317046-0.00403242j -0.0296968-0.0117776j -0.301674+0.00947497j -0.0619187-0.00281493j -0.0747027+0.00715895j 0.0503111-0.00149154j 0.0470756-0.00758196j 0.00675215-0.00223768j -0.00915914+0.00633042j 0.00368188+0.000471028j 0.021606+0.00387707j -0.0333048+0.00514758j -0.0295803+0.00241423j -0.0105389-0.00230759j -0.0219175+0.00358027j 0.00804806-0.00663008j -0.0415558+0.0127871j -0.00849411+0.00185425j 0.00719665-0.00645952j -0.0206389+0.00211347j -0.0875248+0.00901527j 0.0981633+0.0220301j 0.0548267-0.000205379j -0.00804996-0.0258374j -0.0465656+0.0226283j 0.0228916+0.000310724j 0.0122213-0.00305607j -0.0062141+0.0130495j -0.0539849+0.00820533j 0.00552935+0.0129927j -0.000988675+0.00641297j -0.0239604-0.0041472j -0.0110566+0.00975516j -0.0107301+0.0104219j 0.0259605+0.000543823j -0.0294673+0.000931748j -0.01036+0.00251192j 0.0176373-0.00852466j 0.0176973-0.00801094j 0.00801745-0.0176453j 0.00699249+0.0101925j -0.0105312-0.00519289j 0.00790308-0.00431942j -0.0147538+0.0141813j 0.0207022-0.00103052j 7.28565e-05+0.00840221j -0.00523117-0.0103617j 0.024892+0.00896112j 0.0157262-0.00213812j 0.00042353+0.0158612j -0.00052262-0.0068757j -0.0170076-0.00883393j -0.00850071-0.00567239j 0.012549+0.00568834j -0.00481309+0.00160404j 0.00834779-0.0017133j -0.0122682+0.000750626j 0.0279336+0.00473151j 0.00047984+0.00706968j -0.0104175-0.000164657j 0.0148678-0.00383634j -0.00131324+0.00336385j 0.014077-0.00540546j 0.00891003+0.0124727j 0.00715803+0.000189152j 0.00647764+0.00238482j -0.0134405-0.000927501j 0.00165513-0.00084407j 0.0292655+0.0108636j 0.0228755+0.00912416j 0.00652467+0.00687143j 0.0202511+0.0110075j 0.004591-0.0172449j -0.0192737-0.0453109j -0.0224942-0.00578349j 0.0164036+0.0243645j -0.0245294-0.0192016j -0.0529336+0.372097j 0.159338-0.00672288j 0.015968+0.0353335j 0.00461926+0.0782853j 0.0657515-0.0434712j 0.336047+0.0955986j 
-0.0182962-8.90183e-05j 0.0686631-2.73392e-15j -0.0273105+0.00158723j -0.04346+0.00297813j -0.063664-0.000274019j 0.0446889-0.000180353j 0.0800444-0.0024964j -0.00651734+0.00129054j 0.0486661-0.00149297j -0.0598858+5.44162e-06j -0.0942811-0.0010704j 0.0360138+0.00101309j -0.0390729-0.00476067j -0.11446+0.0112671j 0.148825-0.00488883j 0.33694-0.00975202j -0.0435886-0.0115971j 0.0891321-0.00695541j -0.08156-0.00215773j 0.0163357+0.00571922j 0.0163857+0.00223093j 0.0506571-0.00610107j -0.0232978+0.00336169j -0.0169885+0.00357988j -0.00866568+0.00827247j -0.0122467-0.00249454j -0.0220666+8.03412e-05j -0.00210053-0.00338728j -0.0128727-0.00113557j 0.0244293-0.005242j -0.00730844-0.00433509j 0.00706662-0.00312102j -0.0130566+0.0143051j -0.0432531+0.003765j -0.016909-0.0151157j -0.0423622+0.0187067j -0.0608167+0.00967977j 0.0814497-0.0171227j -0.0774142-0.0263011j -0.0140328+0.00444519j 0.0217784+0.000544719j -0.0429487+0.00683169j 0.00175967-0.0177146j -0.038829+0.00524251j -0.0182193+0.00142186j 0.00790423-0.012663j -0.026607-0.00124991j -0.0303741-0.00234943j -0.00430032+0.0129892j 0.00899069-0.00828058j 0.000354256-0.00332035j 0.0185193+0.0097271j 0.0159088+0.00800992j 0.0314927+0.00245502j -0.0174691+0.000639745j 0.0090479-0.00627698j 0.00284794+0.00638811j -0.0154563-0.00557985j 0.00759802+0.0101067j -0.0138561-0.00197848j 0.0107818+0.00193723j -0.00515165+0.0123284j 0.00722161+0.00857626j -0.0154715-0.00371934j 0.0148686+0.00546598j 0.0116965-0.00970634j 0.00230157-0.00528363j 0.00575551+0.00239946j 0.0118534-0.00543803j 0.0134716+0.00155029j -0.00277081-0.0125915j -0.0174839+0.0189583j -0.00592963+0.0049711j -0.00679715-0.0180368j 0.0112952+0.00184371j -0.0133169+0.00242513j 0.0233008-0.000581742j -0.00774009+0.00236366j 0.00151188-0.00642002j -0.0207113+0.000903684j -0.0223173-0.0194391j -0.0188472-0.010221j -0.00646883-0.00341169j 0.0158644+0.010016j -0.00205955-0.00209491j -0.00988692+0.0146544j 0.0151103+0.0237347j 0.0118189-0.0310598j -0.00765068+0.0115247j -0.0388323-0.0234989j -0.0116629-0.0388782j -0.160514+0.00511011j -0.0497323+0.37047j 0.000403544+0.0635547j -0.00398294-0.0488773j 0.333816+0.0897704j -0.0647677+0.0410318j 
-0.0161914-0.00152304j -0.0273105-0.00158723j 0.352119+1.73993e-15j 0.210577+0.000211322j -0.24051-0.000569114j 0.348361+0.00203091j 0.127236-0.00143507j 0.262326+0.00146957j 0.0198391-0.00219615j -0.154992+0.00166162j -0.493772+0.00141422j -0.126524+0.000568078j 0.00442486+0.00205604j -0.395388+0.00617193j -0.0443223+0.00814261j 0.00475562+0.000764225j -0.103732-0.000223537j -0.0202904+0.00351099j 0.0442432+0.00128988j -0.0334548-0.00163323j -0.0157111+5.46447e-06j -0.0525477+0.00368409j 0.00188555-0.00191169j 0.0330362-0.00214421j 0.0222912-0.00222776j -0.0234448+0.00376886j -0.00755411-0.00111662j 0.0235989-0.0029223j -0.00866284-0.000311607j -0.038245+0.00017497j -0.0766103+0.00879005j -0.039963+0.0022584j 0.0383155-0.0063098j 0.00379432-9.85653e-05j 0.0252354+0.000295135j -0.0432894-0.0145726j 0.0569473-0.00383005j 0.0301364-0.00119844j 0.0139707+0.0135615j 0.0269418+0.00599603j -0.0112608-0.00283279j 0.00686495+0.00193289j -0.0132094-0.0012593j 0.0260628+0.00525225j 0.00953065-0.000922226j -0.0122569+1.99534e-05j 0.00335612+0.000421746j 0.013641-0.0143382j -0.00116877+0.00240064j -0.00229671+0.00853421j 0.00664656+0.00778737j 0.0223425-0.00260154j -0.00335717+0.00745374j -0.00574473-0.0151143j -0.00621312-0.0051556j 0.00186643+0.000833791j 0.00243568+0.00614899j -0.00313365-0.000370823j -0.0178158+0.00518045j 0.00651155+0.0172183j 0.00526192-0.00195323j 0.0116743+0.00693785j -0.00465757-0.0173147j -0.0139573+0.00313069j -0.0230156-0.00629204j 0.00427154-0.00141371j 0.0152262-0.00387249j -0.0130357-0.00494172j -0.0142504+0.0025199j 0.00529792-0.00448795j 0.0222257-0.00040917j 0.00421662-0.00181941j 0.0112349-0.0124733j 0.00827261-0.012265j 0.0296657+0.00917771j -0.0119022+0.00395331j -0.00273143+0.00931894j 0.0162491+0.0325847j -0.015747-0.00517079j -0.0127538+0.0029611j -0.00965542-0.0018988j -0.0123735+0.00519809j -0.0172228+0.0327265j 0.0058872-0.00842397j 0.00810339-0.0186332j 0.0146866-0.0450752j 0.00585757-0.0742556j -0.0127328-0.0299213j 0.00576155+0.0324601j 0.00445281-0.0156355j 0.00576487-0.0421615j 0.0303208+0.00311128j 0.0250595-0.0604047j -0.0576709-0.0414347j -0.00474529-0.040824j -0.0702034-0.0154938j 0.0135973+0.00438825j 
0.0309111+0.000648396j -0.04346-0.00297813j 0.210577-0.000211322j 0.0318328-1.42594e-15j 0.114423+0.000405514j 0.0886361+0.00218967j -0.0925902+0.000249835j 0.176153+0.000192495j -0.128204-0.00238855j 0.113135+0.00299744j -0.0103368+0.00602802j -0.117566+0.00654168j 0.0497477-0.00590475j 0.298838+0.00768218j 0.636104-0.0184542j -0.0567837-0.0074961j -0.121275+0.000298554j -0.026589+0.00203373j 0.0693192-0.00386768j -0.00994019+0.000250436j -0.0273102+0.00333501j -0.0501717+0.00286816j -0.0425184-0.00620667j 0.0320854-0.002623j -0.0456996-0.00526187j 0.044594-0.00105169j 0.0684532-0.00829395j 0.078142-0.00469306j 0.0544604-0.00600805j -0.0491703+0.0043545j 0.0311207-0.0124055j -0.0160205-0.00361088j -0.0178021-0.000894455j 0.0645912-0.00302601j 0.0464377+0.016466j -0.0487264-0.00467178j -0.0280333-0.0214881j -0.0466067+0.00511333j -0.140251-0.0183458j 0.00367436-0.00201375j -0.0419475-0.00735894j 0.0300818-0.00354148j 0.00130708-0.00206748j 0.0344238+0.00162249j 0.00514928-0.00160722j -0.0132677+0.00889168j 0.0140659-0.0022722j 0.022979-0.00743098j 0.0123022-0.002015j 0.00931547+0.0012813j -0.0055635-0.00010932j 0.0026248-0.00898995j 0.00708563-0.00182859j -0.0214091+0.00459079j -0.0178604-0.000754273j -0.0141142-0.000100783j 0.0173087-0.00440884j 0.0078914-0.00502371j -0.00979272-0.00196929j 0.00199225+0.00880625j 0.012084-0.00514747j 0.00596234-0.00053844j -0.00473813-0.00911125j -0.0276236+0.0141034j 0.00575986-0.0142208j 0.0149523-1.88426e-05j 0.0298822+0.000366618j -0.0185815-0.0063258j 0.00301483-0.0057578j -0.00960526-0.00529394j 0.017997+0.00298806j -0.0103591+0.0018043j -0.00125241+0.0113166j 0.0327433+0.00397536j 0.000625726-0.00504921j 0.0181232+0.0113162j -0.00404738+0.000117314j -0.00747076+0.00765426j 0.00843975-0.0012021j 0.0404742-0.00403788j -0.015075+0.0129044j -0.00823219+0.0245625j 0.0193557+0.00393737j 0.0202595-0.00663185j 0.0147506+0.00137374j -0.0261893-0.0715146j 0.00356566-0.0563456j -0.0278626+0.0860344j 0.0211041-0.104374j -0.00928989-0.0317752j -0.00742001+0.0399355j 0.0326636-0.0394441j -0.0268606+0.0106579j -0.0208847+0.084445j -0.115105-0.101477j -0.00678798-0.00335488j -0.0745706-0.0286087j 
-0.0451954-0.00367672j -0.063664+0.000274019j -0.24051+0.000569114j 0.114423-0.000405514j -0.404775+2.06645e-13j -0.18199-0.00247405j 0.17373-0.00395827j -0.328866+0.00057235j 0.0739874-0.00346205j -0.195633+0.00192373j 0.0617446+0.000354049j -0.14499-0.000187999j 0.578108-0.00263613j -0.0137572+0.0021205j 0.135622-0.00392503j 0.0276377-0.00652148j -0.0181011+0.00279893j -0.0244676-0.00313548j -0.00131173+0.0032793j -0.0659628+0.00462571j 0.077319-0.00566635j -0.0481337+0.0104276j 0.0114673+0.00455238j -0.00676804+0.00111631j -0.0758602+0.0109501j -0.0981183+0.00710578j -0.0106899+0.00718671j 0.012193-0.0164867j -0.0470627+0.00270465j -0.00235292+0.00487446j -0.0128687+0.00107119j 0.0126895+0.00308546j 0.063814+0.00146417j 0.0734951-0.00685392j 0.134907+0.0153848j -0.0155991-0.00400954j 0.0131744-0.00139619j 0.0103821-0.00593054j -0.0265214+0.00420543j 0.0299081+0.000540713j 0.0165031+0.000883583j -0.00429305-0.00524835j -0.000152034+0.00432584j -0.00451749+0.00113745j 0.0263742-0.0085737j -0.0181891-0.00673021j -0.00393235-0.00306858j 0.0137722+0.00231984j 0.000776899+0.0079682j -0.00518775-0.00166096j -0.00567195+0.00380419j 0.0102112+0.00178533j 0.0153605+0.00171193j -0.0208383-0.0187036j -0.0068263-0.00373098j -0.000893619+0.00468997j -0.0036293+0.00140289j -0.0272246+0.00737526j -0.0150907-0.0154993j 0.0300135-0.0197295j 0.0144214-0.00728361j -0.0333045-0.0131853j 0.00536688+0.0150762j -0.00778437+0.00469801j 0.0185203-0.00293232j 0.00566992-0.0166417j 0.0225535-0.0146144j 0.0157454+0.0077648j 0.0092145-0.00841752j -0.00729738+0.00622504j 0.038035+0.000542782j 0.00712716+0.0143963j 0.0113609-0.0172069j -0.00814211-0.00940308j -0.0298551+0.0256488j -0.0278331-0.00337616j 0.0107036-0.0142239j 0.0243902+0.0302715j -0.0126505+0.0189237j 0.0296846+0.0406221j -0.0105018-0.00478675j -0.0171017-0.0281664j 0.0102612-0.0245546j 0.00590072+0.0189281j -0.00441749+0.0284981j -0.0141489-0.0475561j 0.0123894-0.0275007j -0.0158896+0.00659705j 0.0136884-0.05231j -0.017492-0.0504612j 0.0085832+0.0176885j 0.00894931+0.0626238j 0.039173-0.0245534j -0.0299592-0.00747396j -0.036106-0.0411945j -0.0234733+0.00953865j 0.0603234+0.00472915j 
0.053148+0.00270419j 0.0446889+0.000180353j 0.348361-0.00203091j 0.0886361-0.00218967j -0.18199+0.00247405j 0.158912+1.64625e-14j 0.401322+0.00407534j 0.112808-0.00205397j -0.276133+0.00168262j -0.0185822-0.000819116j 0.191+0.00408998j 0.485007-0.00121029j 0.254944+0.00213397j 0.162895-0.00772543j -0.00671259-0.00130314j 0.012172+0.0045377j 0.115461+0.00463573j 0.00804402+0.000454782j -0.0159386+0.00280709j 0.127682-0.00701877j -0.0422458+0.0018987j 0.0098019-0.000803708j 0.000432919+0.00802827j 0.0096928+0.00250438j 0.134867-0.00311371j -0.0258668-0.00219515j -0.0602713-0.00208662j -0.000715286+0.00820368j -0.00392997+0.0037864j 0.0149486-0.00218248j 0.0629061-0.0126052j 0.0690079-0.00622411j 0.0394793-0.00968526j -0.0901059+0.00194105j 0.0163904-0.0158463j 0.00103139+0.00290484j -0.0462262+0.00348995j -0.017041+0.00673117j 0.0218467+0.00309773j -0.0200483+0.000383498j -0.00778946+0.00126883j -0.00467007+0.00762381j 0.0024606-0.00857702j 0.00783236+0.000151592j -0.0460066+0.00198054j -0.00721377+0.0050316j 0.00766607-0.00518349j -0.02922-0.0157146j 0.0316909-0.0163622j -0.00404882+0.010214j 0.0107088+0.0225132j 0.0111884-0.00328366j -0.0116699-0.0147864j 0.0455965-0.0145493j 0.000660131+0.00438245j 0.0129895+0.0093501j 0.00733089+0.0184969j -0.0122551-0.0143285j -0.0278193+0.00842401j 0.00343189+0.00554337j -0.0574643-0.00642823j 0.017937+0.00772966j -0.000910263+0.00399939j 0.0221948-0.00703145j -0.00667302-0.0161802j -0.0163019-0.00980075j 0.0046699-0.00626445j 0.00945085-0.00145788j -0.0294712+0.00135339j 0.0360459-0.0251284j 0.000654255-0.00395195j -0.0236518-0.00956954j 0.0118686+0.0031596j -0.0294711-0.0425275j -0.0219034+0.0119792j -0.00927514+0.000561625j 0.000356122+0.00534379j -0.0179959-0.00459398j -0.0107019+0.00473466j 0.0271823-0.00736296j 0.0125293+0.0233567j 0.0096418+0.0203292j 0.0259279+0.00754447j -0.00588837+0.0265581j -0.00833629+0.0639467j -0.0124055+0.00471681j -0.0221734+0.095554j 0.0186378+0.00772049j -0.0167468-0.0308138j -0.00533207+0.0327259j -0.0274059+0.000193048j -2.57929e-05-0.0109433j -0.0152951-0.00978953j 0.0559861+0.0215656j 0.0235959+0.0470494j 0.0025323+0.0035138j -0.00454205+0.007661j 
0.0118018+0.00437397j 0.0800444+0.0024964j 0.127236+0.00143507j -0.0925902-0.000249835j 0.17373+0.00395827j 0.401322-0.00407534j 0.166704-2.40667e-14j -0.0470676-0.000822377j 0.374815-0.0008284j 0.338192-0.000688391j -0.0144806+0.00064883j -0.385041+0.00193125j 0.270532+0.00209659j 0.216106-0.00277937j -0.140166+0.00172624j -0.078652-0.00132452j 0.17084-0.000303258j 0.0577106-0.00477343j -0.0225631-0.00113505j 0.0748464+0.00463392j -0.0493152+0.00076626j 0.0399772-0.0112617j -0.0644829+0.0106109j 0.00923976-0.000297635j 0.0552852+0.00440092j 0.0225573+0.00789052j -0.143247+0.0043573j -0.00729475-0.00074696j 0.027386-0.00182539j 0.055777+0.00237007j -0.0436734-0.0114302j -0.037754-0.0110623j 0.0527266-0.00262636j 0.114567-0.000920809j 0.0279116-0.00614985j 0.035918+0.00870504j -0.0286699+0.00825111j -0.0188107+0.00347497j 0.0600588+0.00854437j -0.0395283-0.000498642j 0.0172371+0.00282504j 0.00575423+0.00649658j 0.0253163-0.00476221j -0.0161375-0.00345854j -0.0272896+0.00438021j 0.00774338-0.00352613j -0.0014996+0.00145674j -0.0152139+0.00158028j 0.0129707-0.00479618j 0.0147663+0.0107379j -0.0165543-0.00230325j -0.00797412+0.00296682j 0.0161478+0.00471496j 0.0164009+0.0137684j -0.0203674-0.00420594j 0.00267026+0.0028396j 0.0157127-0.00926339j 0.00492922-0.00612052j 0.00725252+0.00476303j -0.0298836+0.00195752j -0.00989053-0.00170558j 0.00113717+0.0046314j 0.00656007-0.0159981j 0.0180368-0.00710274j -0.00494502-0.00326692j 0.00276909+0.0113008j -0.0362481-0.0178199j 0.00956028+0.0136795j 0.0337979-0.0155007j -0.0329878+0.00596265j 0.00576093-0.0293323j 0.00989779+0.0338069j 0.0361852-0.00192733j 0.0111521+0.00649458j 0.0119253-0.0166308j -0.0253885-0.00481319j -0.0246362+0.0117313j 0.0173306+0.0166511j -0.00619196-0.0698829j 0.013275-0.0111082j -0.00692866+0.00211287j 0.00932708-0.00221847j 0.00467938-0.00605932j -0.00887469+0.0157701j 0.000509573+0.00301575j -0.00953867-0.0219047j -0.0138421+0.037817j 0.022412-0.0020447j 0.0216704+0.0134361j -0.00625806-0.0389202j -0.00412835-0.00095745j -0.0342308+0.0407336j 0.00345026+0.0441064j 0.031592+0.00717619j 0.019571+0.0438184j 0.0631798+0.0184955j 0.0378459-0.0031516j 
0.042867-0.00062762j -0.00651734-0.00129054j 0.262326-0.00146957j 0.176153-0.000192495j -0.328866-0.00057235j 0.112808+0.00205397j -0.0470676+0.000822377j -0.0682075+2.17942e-14j 0.436186+0.00303381j -0.198401-0.0022316j 0.514532-0.00329993j -0.154036+0.000804554j -0.324282+0.00190723j -0.0219489-0.00218946j 0.131846-0.000861471j 0.120302+0.00536079j 0.0201382+0.00040507j -0.0340162+0.00472004j 0.0549758+0.00307705j 0.046802-0.0103111j 0.00493037+0.00169466j -0.0324746+0.00352216j 0.0289621+0.000112611j 0.0291939-0.00695507j 0.0428545+0.00358459j -0.02067-0.00519299j 0.000150604+5.02225e-05j -0.118506+0.0116893j -0.0697751+0.00277612j 0.0138029+0.000633171j 0.000222984-0.00488956j -0.000470963+0.0149484j -0.128028-0.00674164j 0.00289282+0.00944778j -0.0287065-0.00753763j -0.0326494-0.00199694j -0.0433274-0.000470054j 0.0039869+0.00274091j -0.0350144+9.6851e-05j 0.0116409+0.000824295j -0.0155981+0.00189739j 0.00208941+0.00512634j -0.00147434-0.00522619j 0.0332191-0.00266324j -0.0154058-0.00148082j -0.0155421+0.00982377j 0.00730674-0.00676673j -0.00727372-0.0137485j 0.0122343-0.00978106j -0.00681162+0.00176807j 0.0131057+0.0108332j 0.027369-0.00253585j -0.0195578-0.00746316j 0.0208421-0.0209225j 0.0123415+0.0118454j 0.00273952+0.010716j -0.00581075+0.0115093j -0.00844948+0.0105274j -0.00599675+0.00927435j -0.00477226+0.0189226j -0.0157133-0.00924482j -0.0140892+0.00624669j -0.00622934-0.0301381j 0.000610646-0.00319873j -0.0506284+0.0123281j 0.0164591+0.0103452j -0.0267218-0.0194603j 0.00592281+0.00530639j 0.00540697-0.00758283j 0.00666932+0.00734423j -0.0145447+0.00706002j 0.0174495+0.00996831j -0.0145931+0.0113302j -0.0116272-0.00938145j -0.03237+0.0107218j 0.0313864-0.00376877j -0.0064458-0.0115624j 0.000119964-0.0106353j 0.0310124+0.0188178j -0.0278169+0.0282589j -0.00261718-0.000668758j -0.00225648+0.0284596j -0.00607521-0.0377415j 0.00930162+0.0167349j -0.00154508-0.0510232j -0.00624653+0.0478941j 0.000164753+0.0129197j 0.00714652+0.020931j -0.0125061+0.018366j 0.0122331+0.0166789j 0.00584097+0.0247477j 0.0194891-0.0192192j -0.00342296-0.0370715j 0.0126126+0.00118503j 0.00909812+0.00115624j -0.0444477-0.0051762j -0.0120227+0.0116054j 
-0.0105586+0.00276666j 0.0486661+0.00149297j 0.0198391+0.00219615j -0.128204+0.00238855j 0.0739874+0.00346205j -0.276133-0.00168262j 0.374815+0.0008284j 0.436186-0.00303381j -0.281982-4.41978e-13j -0.2589-0.00120547j 0.243919-0.00221662j -0.441372-0.00066032j -0.0485825-0.00136228j -0.00323652+0.000515798j -0.0992269+0.00164184j -0.123127-0.00158398j 0.0608516-0.0030232j 0.0409949-0.00215698j 0.0132867-0.00379643j -0.0438657+0.00521077j 0.0479015+0.0030005j 0.0834041-0.0140529j -0.100316-0.000989507j 0.0446128-0.000166891j 0.0417794+0.00294995j -0.0649139+0.0121484j 0.00435709-0.00171601j -0.0394612-0.00611543j -0.0240631+0.00413342j -0.139523-0.000383453j -0.0203686-0.0102264j -0.0457279+0.0180391j -0.0256318+0.00551998j 0.0920505+0.00236066j 0.0141988+0.00201188j 0.0157289+0.00574092j 0.0110372+0.00245333j -0.0066943-0.00208738j 0.0383232+0.00359035j -0.0253642-0.000594141j 0.0114242+0.000252757j 0.0167264+0.00395254j 0.0150082+0.000690223j -0.00500554+0.000466345j 0.00892856+0.0130147j 0.0145374+0.00291742j -0.0126357+0.000209897j 0.00421443-0.00995576j -0.0275928+0.00129555j 0.014303+0.00659364j 0.00474391-0.0175272j 0.0271158+0.00905994j -0.00453607-0.00794513j 0.0201166+0.000453684j -0.0357203-0.0116747j -0.044682-0.000672325j 0.0111277-0.0040274j 0.00849005-0.0131882j 0.00579629+0.0126492j -0.00249763-0.00361423j 0.000117655+0.00030975j 0.0190027-0.0106911j -0.020742+0.0189674j 0.00342677-0.0202759j 0.00912174-0.0100516j -0.00660363-0.0377043j 0.0321692+0.0124406j 0.0492347+0.00162451j -0.000109762-0.0208974j 0.00544038-0.0303094j 0.00677823-0.000417238j 0.0184834-0.00768423j -0.0249078-0.000524742j -0.0090953-0.018696j -0.0225577+3.05219e-05j 0.0239647-0.00587225j -0.0295532-0.0242023j 0.0199437-0.029664j 0.0186263+0.0305164j -0.00406121+0.0172834j -0.000814757-0.0139189j 0.0128503+0.0181997j -0.0164431-0.0284779j -0.00849021+0.032192j 0.0107444-0.0465893j -0.00738154-0.00522141j 0.00880926-0.0130426j 0.00355025-0.00614661j 0.0132561+0.0270275j 0.00862989-0.00469143j 0.01008+0.00578926j -0.0297592+0.0233418j 0.00153446+0.0520541j -0.000147028-0.000674879j 0.00524857+0.013846j 0.0620734+0.0096012j 0.0186313-0.0144801j 
-0.0144935-0.00271673j -0.0598858-5.44162e-06j -0.154992-0.00166162j 0.113135-0.00299744j -0.195633-0.00192373j -0.0185822+0.000819116j 0.338192+0.000688391j -0.198401+0.0022316j -0.2589+0.00120547j 0.592028+2.89421e-14j 0.0372117-0.00223815j -0.183671-0.00274115j -0.274183+0.0059483j -0.267714+6.67352e-05j 0.127187+0.00133937j 0.0353883+0.000643562j 0.0487202+0.00447766j -0.0600137-0.00108237j -0.0447797+0.00552336j 0.0299024-0.00225412j 0.0347975-0.00510111j 0.0244829+0.010602j 0.0959657+0.00755388j -0.0266037+0.00795086j 0.0749843-0.00403692j -0.0491272-0.00153399j -0.0593936-0.00604155j 0.069209+0.00151921j 0.09108-0.0127289j 0.00371391+0.0017265j 0.10145+0.00364745j -0.0156216-0.00496604j -0.07592-0.0124524j 0.0244103+0.00370975j 0.0206362-0.00464469j -0.0705715-0.000672963j 0.000479378-0.00215913j 0.000132279+0.000274996j -0.0318357+0.000406035j 0.0192506-0.00206224j 0.00452992-0.00120992j -0.00842733-0.00583448j -0.0153232+0.00184813j -0.00543187+0.00155707j 0.0124351-0.0110482j -0.0163853-0.00531159j 0.00768859-0.00619294j -0.0149008+0.00199765j 0.0247753-0.00543315j -0.0283248+0.00716864j 0.00405323+0.0221234j 0.00282719-0.0063077j -0.00347245-0.00313676j 0.0287973-0.035662j 0.0083651-0.00311451j 0.0242237-6.05292e-06j -0.0136931+0.0272243j -0.0306543-0.0115971j -0.0380644-0.00258793j 0.0430088-0.0220386j -0.0482955-0.0108172j -0.00040425-0.0115645j 0.00666387+0.0307867j 0.0291043+0.00410361j 0.0351444-0.00577716j -0.0115311-0.0377466j 0.0128873-0.00355799j -0.00450235+0.0130717j 0.00541739-0.0149352j -0.038954+0.0149546j -0.0284966-0.00189441j 0.0108039+0.0150592j -0.0301837+0.00213472j 0.02823+0.0446641j 0.0462508-0.0213185j 0.0285681+0.00598301j -0.0181729+0.0345942j -0.0205178-0.0282711j 0.00981075-0.00924805j -0.0269657-0.0302716j -0.00618976-0.0299989j -0.00248894+0.0560743j -0.0158446+0.0220435j 0.000118992-0.0233656j -0.00289967-0.0245315j -0.00766267+0.0154424j -0.00548772-0.0105027j -0.00123248+0.0130048j -0.013288+0.00960011j 0.00624675+0.0395615j -0.00941937+0.0123875j 0.0105088+0.0220346j 0.0157125-0.0312492j 0.00506798-0.0039144j -0.00104548-0.00557493j -0.0325143+0.00765473j 0.0325587+0.00903392j 
-0.0386599-0.00371578j -0.0942811+0.0010704j -0.493772-0.00141422j -0.0103368-0.00602802j 0.0617446-0.000354049j 0.191-0.00408998j -0.0144806-0.00064883j 0.514532+0.00329993j 0.243919+0.00221662j 0.0372117+0.00223815j 0.174203+1.29443e-14j 0.156823+0.00170066j 0.148664+0.00362059j -0.295427-0.00067963j 0.137572-0.000940416j -0.0186926+5.16578e-05j 0.111817+0.00933377j -0.04202-0.00921065j -0.184613+0.00988015j 0.0611324+0.00636874j 0.0310478-0.0111727j -0.0673025+0.0189665j -0.0159034+0.0116597j 0.0322254-0.0187858j 0.070279-0.00395239j 0.130377-0.00903491j 0.03674-0.00308188j -0.0524564-0.00791423j 0.0294625+0.0037085j 0.000812713-0.0128134j 0.0667361-0.00733791j 0.0288294-0.00732727j -0.0493793-0.0177559j -0.0227372-0.00186015j 0.0771108-0.00324022j -0.0867262-0.00120947j 0.0219963-0.00285178j -0.0125854+0.00118149j -0.0216424+0.00108276j 0.0176398-0.00624198j 0.02067-0.004114j -0.0323262-0.0144782j -0.0149808+0.0119908j -0.0539235+0.00766691j 0.00148686-0.0165183j -0.0320535-0.0231021j -0.006605-0.00398094j -0.0165482+0.0314157j 0.0438216+0.00942533j -0.0243531-0.00578357j -0.0328267-0.032898j -0.0506943+0.00563654j 0.0401918-0.0154962j -0.0235224+0.0143147j -0.00253447+0.0027449j -0.0233239+0.00494478j 0.0247859+0.00425511j -0.00521533+0.0147857j 0.0119426+0.0039368j -0.0124259+0.0104839j -0.0353347+0.0132841j -0.0111922-0.00901105j -0.0165575-0.0239689j -0.0239082+0.0136417j -0.042864+0.00343548j 0.0154737+0.01586j -0.00996756+0.00187334j -0.0288228-0.0166559j -0.0110619+0.000926581j 0.0410362-0.00731265j 0.0148394-0.00662635j -0.0347828+0.0073607j 0.0274034+0.017837j -0.00175399-0.0434839j -0.00243634+0.0176987j -0.00471089+0.00406919j -0.0042684+0.0115916j -0.00837909+0.0317589j -0.00159181-0.0149607j 0.00113075+0.00622527j -0.0081309+0.022082j -0.00212966+0.0436457j -0.00623952+0.0242664j -0.00123961+0.0194613j -0.0130203+0.0107826j -0.0181056-0.00962158j -0.0139772+0.00355282j -0.00695741+0.0209446j -0.00944628-0.0243645j -0.0030506+0.0288654j -0.0191532+0.00764534j 0.0102229+0.0495565j 0.0258534-0.0374358j 0.0113071+0.00133035j -0.0130877-0.00543846j -0.0326527+0.0190723j 0.0629332+0.00962006j 
0.0416282+0.00424351j 0.0360138-0.00101309j -0.126524-0.000568078j -0.117566-0.00654168j -0.14499+0.000187999j 0.485007+0.00121029j -0.385041-0.00193125j -0.154036-0.000804554j -0.441372+0.00066032j -0.183671+0.00274115j 0.156823-0.00170066j -0.21032+1.47103e-13j 0.0504521+0.00402158j -0.0394217-0.00152766j -0.0715515+0.000994808j -0.129294+0.000476964j 0.0165698+0.0016418j 0.0328216-0.00785268j -0.132935+0.0038907j 0.191354-0.00543857j -0.0784784+0.000791157j -0.0180231+0.0109348j 0.176344-0.00407973j 0.0236877+0.00673639j -0.00185909+0.000448964j -0.0587047-0.00199445j 0.0848821-0.000358566j 0.0442067-0.00834743j -0.0190344-0.0255656j -0.106659-0.0179037j -0.00229514-0.00722591j -0.0248832+0.00312411j -0.00733802-0.0153501j 0.0570035+0.00174934j 0.0221159-0.0100757j 0.00243044+0.00277309j 0.00863962+0.0018786j -0.0108956-8.32854e-05j 0.0390683+0.00193318j -0.0257047+0.000174624j -0.0115896-0.000924073j -0.0121601-0.00113398j -0.012828+0.00225522j -0.052923+0.00296158j -0.0326238-0.00892543j 0.0104335-0.00445208j 0.00665399-0.00240907j -0.0459833+0.0192981j 0.0632554-0.000267522j -0.0125294-0.0114922j -0.0135231+0.0191075j -0.028849-0.0106363j 0.00825745+0.00929017j 0.0137023+0.0155682j 0.0343599-0.0184566j 0.0244397-0.00485127j -0.00312568-0.0280929j -0.00673782-0.036706j -0.0295285+0.00490456j 0.0203214+0.00683566j 0.024827-0.00735409j 0.0438377+0.00701433j 0.0243344-0.0328521j 0.00681607+0.00743981j -0.0411846+0.00757051j 0.0270987+0.00341247j 0.0104352-0.037685j 0.00965101-0.0244906j -0.0241329-0.0272771j -0.00599461-0.00360253j 0.0250739+0.0100756j 0.011944-0.00180103j -0.0259914-0.0180094j -0.00415808-0.0064455j -0.00938623+0.0116967j 0.0300785-0.00612959j -0.00708943-0.000203264j 0.00186912-0.0183231j 0.0151508+0.0224495j 0.0068397+0.00381623j -0.00878624-0.0335111j 0.0109312+0.0471754j -0.0103408+0.00748226j -0.0128519+0.0193822j 0.0142034-0.00265487j -0.00326719+0.00490641j -0.0169944+0.0207528j 0.00629292+0.00249482j -0.00547415-0.0044818j 0.00446239+0.0324252j -0.0190302-0.0127012j -0.0205834-0.00204627j -0.0143494+0.045368j 0.0280423+0.0192826j 0.00465798+0.0214751j 0.0601527+0.00182226j -0.00766175-0.0166775j 
-0.141845-0.00690259j -0.0390729+0.00476067j 0.00442486-0.00205604j 0.0497477+0.00590475j 0.578108+0.00263613j 0.254944-0.00213397j 0.270532-0.00209659j -0.324282-0.00190723j -0.0485825+0.00136228j -0.274183-0.0059483j 0.148664-0.00362059j 0.0504521-0.00402158j 0.0161914+1.45717e-15j -0.249089-0.000127203j 0.119697-0.000345462j 0.089871-0.00389237j -0.0109688+0.00190734j -0.131695+0.00713282j 0.0824513-0.000222159j -0.0660766+0.00618177j -0.169325+0.00764315j 0.178161+0.00102978j -0.0237795+0.012115j -0.048208+0.00267349j -0.0645137+0.00951208j 0.0163043+0.0227521j -0.0210459-0.0148107j 0.00524498+0.0207974j -0.0110998+0.0020955j 0.00296222+0.00346446j 0.0384972+0.00679538j 0.0244002+0.0138764j -0.0318209+0.00206753j -0.00498172+0.0074795j 0.05114+0.00469501j -0.0478642-0.00369739j 0.0260783-0.00548523j 0.0526943-0.00250295j -0.0530191-0.000793148j 0.0358892+0.00202112j 0.0347213-0.0027646j 0.0216897-0.00524327j -0.0485159+0.00533592j 0.0425671-0.00531756j 0.0395858-0.0132123j -0.00471908-0.0126079j 0.0522113+0.0182763j 0.00789406+0.0240295j -0.0156326-0.0126127j -0.000582335+0.0243954j -0.00355879+0.0154731j -0.0387107+0.0175433j -0.0191009+0.0178955j 0.0293505-0.000519587j -0.036936-0.0211496j 0.0533502+0.00149494j 0.0110123-0.0403158j 0.0131716-0.00961342j -0.0428508+0.0324303j -0.0285264+0.0446326j 0.0538203-0.0020304j 0.0403488+0.0326364j -0.0205985-0.0115416j 0.00854654-0.0143587j -0.027216-0.0170835j 0.00977538-0.0116853j 0.00918975-0.0168428j 0.0421003+0.0247485j 0.0113613+0.00727943j -0.00257867-0.00201616j -0.00623572+0.0130982j -0.0117317+0.00765627j -0.0317208+0.00634622j -0.0125995+0.0176903j -0.0253528-0.00178483j 0.00681201+0.0147434j 0.00394771-0.0123666j -0.0112046-0.0281234j 0.00270458+0.0456388j -0.0189247+0.018674j 0.00529083+0.012462j -0.0108085-0.00785984j -0.00742891-0.0132929j 0.00951848-0.00482171j -0.0146476-0.0168472j -0.011109+0.0112054j 0.0217487-0.0206698j -0.00945128-0.00363116j -0.0114533-0.00454316j 4.95101e-05+0.0147346j 0.012868+0.0337689j 0.00926359+0.0560949j 0.0363083-0.0415934j -0.0227289-0.0279409j -0.00318219-0.020881j -0.0478647+0.0187088j 0.0740217+0.0132914j 
0.233165+0.00358504j -0.11446-0.0112671j -0.395388-0.00617193j 0.298838-0.00768218j -0.0137572-0.0021205j 0.162895+0.00772543j 0.216106+0.00277937j -0.0219489+0.00218946j -0.00323652-0.000515798j -0.267714-6.67352e-05j -0.295427+0.00067963j -0.0394217+0.00152766j -0.249089+0.000127203j 0.334232+7.37702e-15j 0.120512-0.00167879j 0.040132+0.0168605j 0.15212+0.000276205j -0.0595774-0.00703909j -0.170926+0.0203751j 0.0412936-0.0150198j 0.0716261+0.0252454j 0.107235+0.00219725j -0.0531492+0.00932746j -0.0208852+0.00061828j -0.018707-0.00571841j -0.0953116+0.00298138j -0.0749667-0.00378084j 0.00794642+0.00752775j -0.0583192-0.00475141j 0.0332943+0.00280738j -0.113326-0.0117889j -0.0180878+0.00110804j 0.0146534+0.00407985j -0.0389713-0.00216514j -0.0908002-0.00229403j -0.015463+0.00760344j -0.0595366+0.0105173j -0.148102+0.0123731j 0.00682726-0.00151731j -0.0265857-0.0175232j -0.0369385-0.000247332j -0.0353422-0.0174503j 0.0295186-0.00751875j -0.0321781+0.00423897j 0.00486373-0.0417298j -0.0569869-0.00470298j -0.010039+0.0372257j -0.0642684+0.0139714j 0.0138931-0.00291658j 0.00513202+0.0106285j -0.00579998+0.00310131j -0.0314573-0.0147134j -0.0126803+0.00793238j 0.0521235+0.00661124j -0.033861+0.0115387j 0.0124745+0.00125527j 0.0120923-0.0173893j -0.00456105-0.00986351j 0.0108454+0.00484488j -0.0298909+0.00161282j 0.027987-0.0134177j 0.0352326+0.0102581j 0.00452744-0.000643377j 0.00710643-0.0207885j 0.00405927+0.000311872j -0.0145154+0.00270291j -0.00213738-0.0122986j 0.0283187+0.0140432j 0.00106494-0.00530246j -0.000873578-0.0178928j -0.00957157-0.00303016j 0.0233196-0.00289008j -0.00696929+0.00396422j -0.0096292-0.0015846j -0.000552312-0.0186838j -0.00299095-0.00271414j 0.00680727-0.017311j 0.00966042-0.0249219j 0.00756256-0.0118813j 0.0019973-0.0105787j -0.000726808+0.0122572j -0.00712543-0.00328107j 0.017453-0.0293537j 0.0187862+0.0055503j 0.0217139+0.00190489j 0.00582538-0.00253829j -0.0206894+0.0367724j 0.0193226+0.0190865j 0.00491442+0.0292224j 0.00958541-0.0346076j -0.00271568-0.0112938j 0.0300264-0.0921162j -0.0335517-0.0509386j 0.0205445+0.0157217j 0.0157677+0.00766187j -0.0700887-0.0313929j -0.10126+0.0272453j 
0.0317046+0.00403242j 0.148825+0.00488883j -0.0443223-0.00814261j 0.636104+0.0184542j 0.135622+0.00392503j -0.00671259+0.00130314j -0.140166-0.00172624j 0.131846+0.000861471j -0.0992269-0.00164184j 0.127187-0.00133937j 0.137572+0.000940416j -0.0715515-0.000994808j 0.119697+0.000345462j 0.120512+0.00167879j -0.232878-1.36722e-14j 0.0803137-0.00455353j -0.0348453-0.0160768j -0.409162+0.035631j 0.0608719+0.0222302j -0.0897438+0.0162883j -0.00698371+0.0183102j -0.118958-0.00431489j 0.0472728+0.00507429j 0.0356508+0.00499412j 0.0296874+0.0151867j 0.0195534+0.00726751j 0.0398898-0.00136278j 0.0139987+0.0055197j 0.0217152+0.00778895j -0.035366-0.00159371j 0.00562509+0.00889031j -0.0117549+0.00144859j 0.0294797-0.00578978j 0.0425489-0.00015501j -0.00354757-0.00221944j 0.0390455-0.00678552j -0.0711451+0.0117913j 0.0481358-0.0157625j 0.0760835-0.0026607j -0.0041643-0.0107279j 0.0498765+0.0126835j -0.0428937-0.02481j -0.120115-0.0161476j 0.092892+0.0112564j 0.0440588-0.00173383j -0.0859409+0.0220643j 0.00952167+0.0311227j 0.0303676+0.0141984j -0.0572875+0.0149408j -0.0725371+0.0179664j -0.0217814+0.0214834j -0.0363547-0.00489079j -0.024696-0.00921747j -0.0301025-0.00363739j -0.0180308-0.017073j 0.0117249+0.0159086j 0.00467916-0.0156171j 0.00190363+0.0196172j -0.0221093+0.00239861j 0.00972483+0.00817115j 0.0116159+0.0206016j -0.00580792-0.00515192j -0.0185208+0.00810437j 0.017475-0.0105182j -0.0143047+0.0066051j -0.0154661-0.00381302j -0.00197173-0.00737737j -0.00111673+0.027121j -0.000906318+0.0160509j -0.00124217+0.0156609j -0.00106713+0.00101721j 0.00993512+0.00944092j 0.0128185+0.00364862j -0.00357549-0.00562163j -0.00520681+0.0184798j 0.00586678-0.00510975j -0.00601575+0.0115669j -0.00292954+0.0117395j 5.93002e-05+0.01509j 0.00373281+0.00257383j 0.0047457-0.0114866j 0.0176224-0.0157235j 0.00481735+0.0174969j -0.0111986+0.00227679j -0.00226088-0.00972897j 0.0131038+0.0159535j 0.0149119-0.0100187j -0.0114022-0.0249783j -0.00309124-0.0214975j -0.000277192+0.0143606j 0.00606034-0.00484527j -0.0290124-0.0257342j -0.0172329+0.103882j -0.010652+0.00693626j -0.00681121+0.00176555j 0.11885-0.0197266j -0.0451894-0.0465111j 
-0.0296968+0.0117776j 0.33694+0.00975202j 0.00475562-0.000764225j -0.0567837+0.0074961j 0.0276377+0.00652148j 0.012172-0.0045377j -0.078652+0.00132452j 0.120302-0.00536079j -0.123127+0.00158398j 0.0353883-0.000643562j -0.0186926-5.16578e-05j -0.129294-0.000476964j 0.089871+0.00389237j 0.040132-0.0168605j 0.0803137+0.00455353j 0.648956-2.3149e-14j -0.106923-0.00291931j 0.110968+0.0150348j -0.132459+0.00106587j 0.0154085+0.017778j 0.00528349+0.00785329j 0.0439824-0.0172344j -0.0342162-0.0054251j -0.00161285+0.00892721j -0.024254+0.0104842j 0.0197315+0.000777642j 0.0255816+0.00701166j 0.026947-0.00486677j 0.0229932-0.000687712j -0.0426265-0.00377778j 0.0308163-0.00489384j -0.012278-0.00205104j 0.00317698+0.0115503j 0.0323742+0.00376786j -0.0174397+0.00970233j 0.0781826-0.00109302j -0.177799+0.0149506j 0.153393-0.00189929j -0.0175867-0.00980411j -0.0689502+0.00243683j 0.0686411+0.0230769j -0.0892783-0.00508803j -0.00935996-0.00308633j -0.0395817-0.00187663j -0.0266685+0.0213039j 0.0304573+0.00710469j -0.0284602+0.0035273j -0.0376866-0.00368308j -0.039082+0.00480922j -0.0172777+0.00995319j -0.00301636+0.00711759j 0.00994707+0.00592912j 0.0204641-0.00708956j 0.0341128+0.017443j -0.0194549-0.0207018j 0.00288251+0.00838629j 0.0213501-0.0192238j -0.0142599+0.00302556j 0.0148928-0.00963536j -0.0168367-0.0119883j 0.0146571+0.0239887j -0.0125758-0.0198762j 0.00337569+0.00635051j -0.0232634-0.00554871j 0.0323212+0.0102753j 0.013056+0.00280161j -0.010862+0.00225252j 0.0152007-0.00421887j 0.00834233-0.00330973j 0.00205639+0.00219223j 0.00499397-0.00348572j -0.011557-0.00706856j -0.00276277-0.00510427j -0.0115296-0.00796356j 0.00377042+0.000677804j -0.0171167-0.0143466j 0.00138322-0.00759423j -0.0115977-0.00522339j -0.00358186-0.00996839j -0.0230022-0.0130598j -0.00323569-0.0194144j -0.0168056-0.012733j 0.00436751-0.0214976j 0.00595467-0.0127123j 0.00474873-0.0100223j -0.00846513+0.00974322j 0.00924943+0.0376042j 0.051204-0.0109447j 0.00178479+0.0160445j -0.0217572-0.0411908j 0.00256637+0.0103119j 0.038216+0.003554j 0.0217296-0.209386j 0.00159919-0.0418971j 0.0587006-0.00931921j -0.249133+0.0111478j 0.0403788+0.111129j 
-0.301674-0.00947497j -0.0435886+0.0115971j -0.103732+0.000223537j -0.121275-0.000298554j -0.0181011-0.00279893j 0.115461-0.00463573j 0.17084+0.000303258j 0.0201382-0.00040507j 0.0608516+0.0030232j 0.0487202-0.00447766j 0.111817-0.00933377j 0.0165698-0.0016418j -0.0109688-0.00190734j 0.15212-0.000276205j -0.0348453+0.0160768j -0.106923+0.00291931j -0.604542+5.89849e-14j -0.0931198-0.00474311j -0.153174-0.00752727j 0.0998442+0.0128725j 0.0727065-0.0201168j 0.0463591+0.00412707j -0.0325157+0.0119893j -0.00809152-0.00159648j 0.034457+0.0159505j -0.0364341+0.00496876j -0.0846955-0.00263503j -0.0338663-0.00863056j -0.0238127+0.00157438j 0.0306932-0.00604447j -0.0133593+0.00928917j 0.00442464+0.00234212j -0.0128604-0.00622008j 0.0138794-0.0102724j 0.00848069-0.00173364j 0.119393-0.0037256j 0.166664+0.00146671j 0.106622-0.0144475j -0.0268746+0.00147793j 0.0647018+0.0206957j 0.0611642-0.00493453j -0.0215876+0.000151308j -0.0971258+0.00495948j -0.0130127+0.00370559j 0.0148055+0.00103164j -0.0127496-0.0211895j -0.021177-0.023094j -0.0106575+0.00459384j 0.0431452-0.00129166j -0.0356058+0.00295698j -0.0186981-0.00883851j 0.0300583+0.0219334j 0.055511+0.00424828j 0.00721438-0.00572691j -0.00111982-0.0095198j -0.00744261-0.0032114j 0.0019573+4.34647e-05j -0.0202324-0.000579013j 0.00737524+0.00945915j 0.00747858+0.00112484j -0.00363476+0.00733795j 0.0122042+0.00428204j 0.0142188+0.00368947j 0.00538349+0.000417097j -0.00528318-0.00110816j -0.0178786-0.00730346j -0.0109231+0.00193671j 0.00759756+0.0060661j -0.0110795+0.00692266j 0.00786198+0.0131822j -0.0176554-0.00280466j 0.027021+0.00189021j 0.0091375-0.00886266j -0.0306004-0.00280102j 0.00964011+0.0188948j -0.0123132-0.00579304j -0.00185768+0.0215043j 0.000113827+0.0192939j 0.0023534+0.00490595j -0.00992341+0.00583241j -0.0274226-0.0281286j -0.017059-0.0109045j 0.0353548+0.00156443j 0.00361966+0.0242605j -5.3644e-05-0.00303076j 0.0426579-0.00525622j 0.0264249+0.00167427j -0.0142901-0.0394314j -0.0152693-0.00830078j -0.00477488-0.0136617j -0.00678891-0.0402451j 0.0201685-0.22528j -0.0457265-0.0122786j -0.0374892+0.0103313j 0.0185096-0.0264991j -0.0457558-0.11884j -0.26605+0.0163804j 
-0.0619187+0.00281493j 0.0891321+0.00695541j -0.0202904-0.00351099j -0.026589-0.00203373j -0.0244676+0.00313548j 0.00804402-0.000454782j 0.0577106+0.00477343j -0.0340162-0.00472004j 0.0409949+0.00215698j -0.0600137+0.00108237j -0.04202+0.00921065j 0.0328216+0.00785268j -0.131695-0.00713282j -0.0595774+0.00703909j -0.409162-0.035631j 0.110968-0.0150348j -0.0931198+0.00474311j 0.0331747-5.6153e-15j -0.0747817-0.00214264j 0.0202033+0.00804327j 0.0150633+0.00109123j 0.0682054-0.00471106j -0.00367981+0.00288043j -0.0225817+0.00224913j 0.0223237+0.00818794j -0.0212141-0.0023393j -0.0528839-0.00139634j -0.0440845+0.00132221j -0.0250515-0.00100444j 0.0189754+0.00415953j -0.01353+0.00452002j -0.000331405+0.00536754j 0.0129015-0.00770428j 0.00390373-0.011249j 0.0174106-0.00435889j 0.00928388+0.00532126j -0.031324-0.000356921j 0.0836243+0.00454283j 0.0622515+0.000576315j 0.00502077-0.00355266j 0.0354651+0.00515436j -0.0456897-0.00276131j 0.00872028+0.000785491j -0.0092193+0.00204285j -0.0130359+0.00278561j 0.0036855+0.0155109j 0.000802156-0.0011584j -0.0273966-0.00257595j -0.00679373-0.0106277j 0.00164416-0.000470075j 0.00593155+0.00713392j 0.00879135-0.0208766j 0.00791252-0.0168971j 0.01758+0.00561729j 0.0023864+0.00865726j 0.00507448-0.000202364j 0.0110113-0.0145459j 0.00165898+0.00753817j 0.0076184-0.00143904j -0.00514558-0.00210829j -0.00797649-0.0191228j 0.0053049-0.000228267j 0.000842695+0.00446537j 0.0113542+0.00971395j 0.00444992-0.00237225j -0.0109736+0.00494056j -0.0258107-0.0117691j 0.0156412+0.0149848j -0.00421749+0.00234976j 0.00553631-0.00995734j -0.0102564-0.00732636j 0.0230836-0.0013932j 0.00594854+0.0153488j -0.0220215-0.00972533j 0.00912165-0.0228256j 0.00297901+0.00483214j 0.0139864-0.0013352j 0.00290002-0.0087353j 0.000831278-0.00301488j -0.00922412+0.00646198j -0.000390462+0.00432272j -0.00404207+0.0449448j -0.0162268-0.0107679j 0.020587-0.00895641j 0.0138172+0.0377406j -0.0012917-0.0373424j -0.0642122-0.104799j -0.128337+0.274311j 0.0266477-0.133449j 0.0216499+0.000995804j 0.0150689+0.0444924j 0.0455116-0.0204229j -0.0253841+0.0282263j 0.106245-0.0249531j -0.326336-0.0982798j -0.0124461+0.00826428j -0.0590484-0.0065727j 
