-0.923154+1.2258e-15j 0.285365-3.04608e-05j 0.00305997-0.00526753j 0.0679592+0.00238465j -0.0173474-0.00334524j -0.031217+0.00642931j -0.0274487-0.00219482j -0.0442925+0.000157001j -0.0453513+0.00811668j -0.0769582-0.000826368j 0.056261+0.00173911j 0.0123367-0.000517346j 0.0015942-0.000824116j 0.00986182+0.000788304j -0.0105983+0.00136504j -0.00802873-0.0014302j -0.0149225+0.000415345j 0.0116917-9.48424e-05j -0.0121997+3.67748e-05j -0.0100837+0.000349679j 0.0109372+0.000436668j 0.0123601+0.000136626j -0.0047759+5.2838e-05j -0.00221116+0.000103994j -0.02531+0.000422842j -0.0141108-6.78568e-05j 0.0191238+0.000274861j 0.0103541+0.000201171j -0.00121642+0.00100906j 0.028912-0.00102315j 0.0187023+0.000683487j -0.000571523+0.000941083j 0.0549165-0.000113418j 0.0275636-0.000635441j 0.0199271+2.79106e-05j 0.00823737+0.000492197j 0.0013028+4.00527e-05j 0.00505229-0.00140874j -0.00122142-8.05934e-05j 0.000118529+0.000530785j -0.0105458-0.000498167j 0.00621993+0.00093414j 0.00291994-0.000291814j 0.00492623-0.000249179j 0.00176422-5.26629e-05j -0.000792489+0.000354685j 0.0103087-0.000489964j -0.00512448+0.000424281j 0.00252298+0.000459649j 0.00338812+0.000238199j 0.00262565+0.00016404j -0.00391574+0.000508677j 0.00211379+0.000218282j -0.00936688-0.000154255j -0.0121668+0.000309091j -0.00339854+0.0018975j -0.00650149-0.0015323j 0.000365235+0.000278666j -0.00165232+0.000716357j 9.37422e-05+0.000456729j -0.00442483-3.52429e-06j -0.000279946+0.000101461j -0.0040094+0.000296545j -0.00161861+0.000967689j -0.000655134-0.000793269j 0.00023207+0.000126857j -0.00539765-0.000297087j 0.00370497+0.000422629j 0.00188263+3.67332e-05j 
0.285365+3.04608e-05j 0.0248054-5.68122e-17j -0.0337088+0.00381448j -0.0495494-0.0034629j 0.0552233-0.00176603j -0.0205058+0.0021164j 0.0390379+0.000958677j -0.00323868-0.00435797j -0.058935+0.000586528j -0.338013+0.00636536j 0.107277-0.00062709j 0.0147449-0.00128321j 0.0224979-0.00293848j 0.000236742+0.000400913j -0.0216104+0.00297438j 0.0256818-0.00190955j -0.0229753+0.000959743j 0.0584693-0.00302713j 0.0135597-0.00175273j -0.019572+0.000598941j -0.0233777+0.00128153j 0.00681243+0.000145925j 0.00557698+0.000413054j -0.0235288+0.00133012j -0.0531821+0.001805j 0.00797374+0.000107748j 0.02721+0.0011181j 0.00430771+0.00126193j -0.00459572+0.00134055j 0.0725853-0.00316314j 0.0302672+0.00207734j 0.0467355+0.00299931j 0.0640919+0.00371499j 0.0758136-0.00234461j 0.0259643-0.00108713j -0.0154149+0.00260443j 0.0190908-0.00171194j 0.0275785-0.00178601j 2.32528e-05+0.000344933j 0.00645295+0.0010199j -0.0218329-0.0019082j 0.0153266+0.00189501j 0.000563818-0.00108992j 0.00983051-0.00137597j 0.0150405-0.000832905j -0.0149652+0.00166362j 0.0377681-0.00171624j -0.0278045+0.00128366j 0.00297932+0.00136471j 0.00463087-0.000435364j 0.0244045+0.000834913j -0.00528967-0.000730589j 0.0111354-0.000206094j -0.0294258-0.000183799j -0.0256086+0.00345858j -0.0113051+0.00445256j -0.00489439-0.00721893j 0.0215857-0.0025437j -0.012412+0.002143j -0.011254+0.000611117j -0.016596+0.000878073j 0.000260822+0.000352597j -0.00766586+0.000102098j -0.00636569+0.00390157j 0.000589511-0.00206957j -0.00490989-0.00050072j -0.0145869-0.0028546j 0.000683967+0.00104522j 0.0104443+0.000549315j 
0.00305997+0.00526753j -0.0337088-0.00381448j -0.146356+7.45931e-17j -0.0691447+0.0021759j -0.0786952-0.00300718j 0.0756988-0.000479742j 0.0443253-0.00382196j -0.189388-0.00288641j -0.0280665-0.00070398j 0.565313+0.00348346j 0.0243557-0.00406822j -0.106184-0.000795653j -0.0843475+0.00341896j -0.00294868+0.000687462j 0.0545492-0.0050521j -0.0804482-0.00242647j 0.0674833+0.00345378j -0.0646719+0.00112843j -0.046196+0.000743397j 0.0303288+0.00407704j 0.0699687+0.00244011j 0.015377+0.00209868j -0.0235571-0.00641392j 0.038391-0.000541851j 0.0336286+0.00355355j -0.0262551+0.000961015j -0.00570876-0.00483183j -0.0171068-0.00292471j -0.0502118+0.00145613j -0.0329769-0.00177641j -0.0191734-0.000517997j 0.0233931-0.00777512j 0.138166-0.00575755j 0.0267072+1.239e-05j 0.0150853-0.000767536j 0.0673591-0.000322678j -0.00412628-0.000147816j 0.0105729-0.00418157j -0.00499646-0.000804268j 0.0164611-0.00120218j -0.0204671+0.00182992j 0.0118293-0.000369881j -0.0176286+0.000431906j 0.00754819+0.00268097j -0.00256399+0.000408296j 0.00680868+0.000198212j -0.0229527-0.00322077j 0.00810613+0.00242751j 0.00999989+0.00109963j -0.00369199-0.000286586j -0.0191176-0.00371629j -0.0211924+0.00219897j -0.00447569-0.000293032j -0.00305118+0.00188009j -0.00976703-0.00765283j -0.015542+0.00457127j -0.048795+0.00116832j -0.0329178+0.00127256j -0.00763101+0.0017692j -0.00427026+0.0016691j 0.0110659-0.00115796j 0.00105811-0.00115643j -0.0101498+0.00151411j 0.00511411-0.000725283j -0.000703508-0.00238399j 0.00640104+0.00396312j -0.00336329+0.00189518j 0.0184917+0.00153598j -0.00399864-0.000141473j 
0.0679592-0.00238465j -0.0495494+0.0034629j -0.0691447-0.0021759j 0.0472281+1.9082e-17j 0.048576+0.00339656j -0.296441-0.00165277j 0.0357831+0.0020624j 0.0636225+0.00400252j 0.301339-0.000289775j 0.377135-0.00503691j 0.0251525+0.00186833j -0.0511287-8.01572e-05j -0.0110538+0.000985834j 0.00250585-0.000106273j -0.040862-0.00277607j 0.0169219-0.0013521j 0.0165647+0.00110048j -0.0480254+0.00265181j -0.0173641+0.00113319j 0.0242071+0.000667037j 0.0181164+0.000134486j -0.0529449+0.000383053j 0.0138958-0.0014315j -0.00102618-0.000265055j 0.0141902+0.00160783j 0.00124414+0.000520427j -0.0290585-0.00240446j 0.014281+3.83494e-06j 0.00314177+0.00137293j -0.0286818+0.000459935j 0.0068266-0.00227983j 0.050567-0.00371134j 0.0379532-0.00157373j 0.0261786+0.0014982j 0.041582+0.000871826j 0.0259393+0.000885121j 0.0170466-0.000904982j 0.0020231+0.00245374j 0.000306681-0.00066902j 0.00201993-0.00326436j 0.00593131+0.00282133j -0.00599445+0.000387987j -0.00605083-0.000597049j 0.00535753+0.00222161j 0.0104-0.000902092j -0.00572166-0.000377556j 0.000457393-0.000960404j -0.00651641+0.000862431j -0.00262412-0.000363759j 0.000631767-0.000902951j 0.00338749-0.00438348j -0.00299779-0.00201636j 8.52846e-05-0.000668379j 0.00575972-0.00137652j 0.00804153-0.00625726j -0.00211647+0.00112535j -0.027524+0.000448423j -0.00438051+0.000813141j -0.00686098+0.000430021j -0.002277+0.000919009j -0.00862834+0.000725718j 0.00317122-0.000951286j -0.00123477-0.000568339j 0.0012853-0.000471576j 0.00356016-0.000468608j 0.00638605+0.00231975j -0.0038822+0.000635918j 0.00828454+0.00126434j 0.00284113-7.29122e-05j 
-0.0173474+0.00334524j 0.0552233+0.00176603j -0.0786952+0.00300718j 0.048576-0.00339656j -0.0300188+4.11455e-16j 0.0178873+0.00250536j 0.076721+0.00194179j 0.870722+0.000490115j -0.148596+0.0034343j 0.137605+0.000340967j 0.0778346+0.000450482j 0.0282771+0.00260844j 0.0226502-0.0021182j 0.0933263-0.00375213j -0.0385103+0.00360904j 0.0308526+0.00327924j -0.112447-0.00172783j 0.0398187-0.00313585j 0.0456207-0.00307436j 0.0300483-0.00359842j 0.039497-0.00498488j -0.00725287-0.00364998j 0.0219964+0.00460053j 0.0249227-0.0002557j 0.00223241-0.00203617j 0.0381427+0.000448972j -0.00937276+0.00172373j 0.0077779-0.000290113j -0.0335619-0.00130067j -0.0680557-6.82482e-05j 0.0206159+0.0019236j -0.0102669-0.00172085j -0.0505778+0.000249976j 0.0399484-0.000998376j 0.00913105+5.2586e-05j -0.0258457-0.000429336j -0.00706114-9.02187e-06j -0.00171202+0.00162303j -0.0069024-0.00593971j -0.0137472+0.00330485j 0.00127355+9.74041e-05j -0.0034125-0.00497543j 0.00283117+0.00415298j -0.0118614+0.00114573j 0.00792644-0.000267005j -0.0109453-0.00326123j 0.0121697+0.000313467j -0.00588306-0.00107881j 0.0120716-1.45759e-07j -0.00813808+0.00206499j 0.00535972-0.00381966j -0.00296992-0.000931916j -0.00348729+0.00147397j -0.00451926+0.00473351j 0.00994124-0.00742515j 0.00140065+0.000598624j 0.0109899-0.000426708j 0.024248-0.000375836j -0.00114531-0.000463356j 0.00199288-0.000458572j -0.00921937+0.000667424j -0.000610174-0.000262463j 0.00292906-0.00115667j -0.00163248+2.6434e-05j 0.000870718-0.000324254j -0.00231105-0.00145424j -0.00173267-0.00134369j -0.00777274-0.000222163j 0.00496304+0.000192948j 
-0.031217-0.00642931j -0.0205058-0.0021164j 0.0756988+0.000479742j -0.296441+0.00165277j 0.0178873-0.00250536j 0.0433431+3.09518e-15j -0.688694-0.00215112j 0.183114-0.00353445j -0.0052534-0.00196887j 0.239173+0.00132372j -0.0615532-0.00138905j -0.0199638-0.0013043j -0.0267147-0.000893535j -0.0274856+0.00111057j 0.118996+0.000126114j -0.0213021+0.000709268j -0.0388861-5.23087e-06j 0.0403641-0.00174884j 0.00361887-0.00226724j 0.0226679+0.000191443j -0.00192502+0.000886715j 0.0184924-0.00128581j -0.0307708+0.000855807j -0.00732633+0.00126952j 0.0222407+0.001989j -0.0038856+0.00213848j -0.0538186-0.001911j -0.00848212-0.0025056j 0.0146679-0.00166271j -0.0320185+0.00204589j 0.0131432-0.000760283j 0.00819722-0.00424218j 0.0135762+0.00255868j 0.00837916+0.00131054j -0.000241357-0.0009707j 0.0208054+0.000224696j 0.000285322+0.000340161j 0.0168137-0.00306528j 0.00206309-0.00142838j 0.000350733+0.00307138j 0.00137267-0.00239576j 0.0074078-0.00130118j -0.00283818+0.000480144j -0.00565521-0.000581983j -0.00747774-0.000298867j -0.000403993-3.27171e-05j -0.0088289-0.00101895j 0.00905054+0.000139684j -0.00679078+0.000468156j 0.0063425+0.00166342j 0.0118968+0.00155082j 0.00633829+0.00112946j 0.00996684-0.000259663j -0.00752169+0.00149943j -0.00349071-0.000572893j -0.00271826+0.00105572j -0.00525587-0.000701304j -0.00131786-0.000498183j -0.00191938-0.00010393j -0.00223805-0.000356404j 0.00669386-0.000207995j 0.00311421+0.000485267j -0.00152352+0.0014035j 0.000288142+0.00161881j 0.00218221-1.67979e-05j -0.00434079+0.000106948j -0.00218957+2.13376e-05j 0.00344934-2.78188e-05j -0.00143288+3.01607e-05j 
-0.0274487+0.00219482j 0.0390379-0.000958677j 0.0443253+0.00382196j 0.0357831-0.0020624j 0.076721-0.00194179j -0.688694+0.00215112j -0.137034+6.85866e-16j 0.0539078-0.00302779j 0.510382+0.00106269j -0.0795766+0.00397725j 0.0220868-0.00126474j 0.0321617+0.00076792j 0.0325013-0.00119983j 0.0080733+0.000534618j -0.0951335+0.000227387j 0.0670947-0.00227532j 0.0297289-0.00108243j -0.0234357+0.00196003j -0.0097826+0.00218015j 0.0232393-0.000818719j 0.00737416-0.00139586j -0.0683326-0.00131456j 0.0257659+0.00282973j -0.0217929+0.00011863j -0.0158416+0.00116426j -0.0119773-0.00128801j -0.00164948+0.000294208j 0.0198577+0.00215686j -0.0210279+0.00127089j -0.0127676-0.00185688j -0.00652292-0.00173514j 0.0186475+0.000898624j -0.0380351+0.00136079j -0.020115-0.00163767j -0.00331376-0.000324952j -0.0209876-0.000548771j -0.00503972-0.000802286j -0.00917949+0.0028371j -0.00408559+0.0025396j -0.00580923-0.00408812j 0.00483468+0.00322094j -0.00430349+0.00104752j -0.00238811-0.0013054j 0.00611371+0.00104017j 0.0105242+0.000414539j -0.000577058+0.000213236j 0.00256907+0.000813484j -0.00427788-0.000343355j 0.00309191-0.000510493j -0.00191907-0.00223014j -0.00202147-0.00280063j 0.000797827-0.00173383j -0.00846277-0.000581245j 0.00955999-0.000626503j 0.0146323-9.86884e-05j 0.00564286-0.0013649j 0.00554276+0.000423535j 0.0036372-0.00107672j 0.0029315-7.56827e-05j 0.00249885-0.000296527j -0.00456173-7.69368e-05j 0.00248668-0.000520502j 0.0031978-0.00119233j 0.00452384-0.00161476j 0.00222037+0.000110457j 0.00228015-0.000269554j 0.00264358-0.000362958j -0.00440393-0.000456772j 0.000985517+0.000147891j 
-0.0442925-0.000157001j -0.00323868+0.00435797j -0.189388+0.00288641j 0.0636225-0.00400252j 0.870722-0.000490115j 0.183114+0.00353445j 0.0539078+0.00302779j 0.0101434+2.07375e-15j 0.0708734+0.0039808j 0.0819173+0.000327411j 0.195813-0.00117152j -0.0838618+0.00330353j 0.184615-0.00141645j -0.0566486-0.00251954j 0.0380201-0.00503677j 0.0520095+0.0031833j 0.0390149-0.00180884j 0.0182623+0.00146815j 0.0260082+0.000198482j -0.0458114+0.00210835j 0.0638583+0.00241063j 0.00831004+0.0037164j 0.00335594-0.00682542j 0.0177455+0.000719026j 0.0109353+0.00407427j 0.00908322+0.00334714j -0.00874921-0.00495746j 0.0315129-0.00123595j -0.0276553-0.000575839j 0.0201529+0.00194613j -0.0080991-0.00191132j -0.00136201-0.0042887j 0.00714693+0.00161243j 0.0220378+0.00198245j 0.0410599-3.56396e-05j -0.0216576+0.000388443j -0.00399037-0.000726145j 0.00602064+0.000551804j -0.00880887+0.00485199j -0.00368771-0.0037898j -0.0223319+0.000928447j 0.0137821+0.00520873j 0.00539979-0.00309594j 0.00384088-9.96826e-05j 0.00776564+0.000916692j 0.00189067+0.00247633j 0.0120765-0.000574478j -0.010891-5.8429e-05j 0.00306946-0.00015465j 0.00232542-0.00297788j -0.00332068+0.00126643j 0.00119862-0.000182165j -0.00959326-0.00092593j -0.0016664-0.00350699j -0.00820658+0.00384228j -0.00887989+0.00054178j -0.00559982-0.00113569j 0.00390571+0.000285038j -0.0103493+0.000952712j -0.00222709+0.000574639j -0.00230352-0.000643106j 0.000970177+0.000107612j -0.010668+0.000389187j 0.0040181+0.000516566j -0.00281195-0.000752953j 0.00505847+0.000699743j -0.00265774+0.000114378j 0.000918665+0.000532078j 0.00416142+2.84357e-05j 
-0.0453513-0.00811668j -0.058935-0.000586528j -0.0280665+0.00070398j 0.301339+0.000289775j -0.148596-0.0034343j -0.0052534+0.00196887j 0.510382-0.00106269j 0.0708734-0.0039808j 0.0619781-4.66651e-15j 0.19547+0.00295382j -0.0205833-0.0013258j -0.0104972-0.000931232j -0.0297651-0.000644053j 0.0603107-0.00204359j -0.0532097-9.91763e-05j -0.0101083-0.00129913j 0.0243237+0.00100539j -0.025971-0.000194286j -0.00632412+0.000171965j -0.000842052-0.000386383j 0.0787131+0.000492702j -0.0140129+0.000933342j 0.026336-0.000636465j 0.0292823-1.67487e-05j -0.0252339-0.00161442j 0.00263676-0.00190282j 0.0311226+0.00173753j -0.0160629+0.00120005j -0.0121492+0.000571313j 0.00208846-0.00297111j -0.0124772+0.00112697j -0.00117424+0.000233697j 0.0297423+0.000209884j 0.0254069+9.53264e-05j 0.00506414-0.000319496j 0.0136197+7.78688e-05j -0.0095448-0.000222195j 0.00224578+0.00124246j -0.000952033-0.000147576j 0.00701301-0.00231162j -0.0146054+0.00328853j 0.00795343+5.41954e-05j -0.00238507+0.000563512j -0.00138002+0.00315185j -0.00967113+0.000189772j -0.00284918-0.000899456j 0.00137369-0.000342751j -0.000915904+0.000368287j 0.00232448+0.000928672j -0.00453642-0.00159076j -0.00920674-0.00562859j -0.00833956-0.000993287j 0.000878565-0.000188438j -0.00141766+0.000756911j -0.00184196-0.00659714j -0.00176281+0.000229523j -0.00285138+1.63901e-05j 0.000888095-0.000151582j 0.00125891-0.000267136j 0.00142145-0.000326348j -0.0011174+2.44898e-05j -0.00220602-0.000179901j -0.000862176-2.99361e-05j -0.000384847-0.000642645j -0.00233407-0.000467816j 0.00154924+0.000319495j 0.00102545+8.29409e-05j 0.000919818-0.000197295j -7.0654e-06+7.15965e-05j 
-0.0769582+0.000826368j -0.338013-0.00636536j 0.565313-0.00348346j 0.377135+0.00503691j 0.137605-0.000340967j 0.239173-0.00132372j -0.0795766-0.00397725j 0.0819173-0.000327411j 0.19547-0.00295382j 0.0284466+6.96437e-16j -0.430424+0.00137295j 0.0180757+2.08071e-05j 0.0915155-0.0058088j -0.0211742-0.00388551j -0.0234637+0.00373813j 0.0231125+0.00365524j -0.0285475-0.00130575j -0.043187-0.00410582j 0.0123822-0.00372537j -0.0298331-0.00311769j 0.000976093-0.000654202j 0.000536153-0.00338667j 0.00883885+0.00542021j 0.0342849+0.00128542j 0.0549482-0.00249475j -0.00282941-0.000880663j -0.00402629+0.003415j -0.00152987+0.00141236j 0.0268943-0.00171919j -0.0428653-0.00261425j 0.0206744-0.00245011j 0.00813915-9.85795e-05j 0.0192058+0.00166322j -0.0369057+0.000514008j -0.0339673-0.000791493j 0.0394082-0.000912392j 0.0228871+0.000543035j -0.0247543+0.0019025j 0.00366512+0.00402997j 0.00242256-0.00413241j 0.0210929+0.00456781j -0.0211519+0.00121826j -0.00240829-0.00289133j 0.00292356+0.000577764j -0.00298567+2.28134e-05j 0.0163408+0.00150417j -0.0228304-0.000188184j 0.0222341-0.000240241j -0.00864651-0.00181869j 0.00440437-0.00255169j -0.0118562-0.00137723j -0.00782071-0.00108018j 0.00182353-0.00243715j 0.010428-0.00297009j 0.0102655+0.00345023j 0.00334965-0.00350054j -0.00255026+0.0014976j 0.000322982-0.00183712j 0.00286654-0.000972801j 0.00220947-0.000759242j -0.00149964+0.000997224j -0.0025262-0.000799339j 0.0138923-0.00129494j -0.00259387-0.0022205j 0.00177571+0.000570187j 0.000501477+0.000547876j 0.00441276+0.000175769j 0.00252878-0.000388015j -0.00352619+3.44024e-05j 
0.056261-0.00173911j 0.107277+0.00062709j 0.0243557+0.00406822j 0.0251525-0.00186833j 0.0778346-0.000450482j -0.0615532+0.00138905j 0.0220868+0.00126474j 0.195813+0.00117152j -0.0205833+0.0013258j -0.430424-0.00137295j 0.0211091-1.63931e-16j -0.0236026+0.00146989j 0.00954498-0.000926447j 0.031354+0.00174075j 0.000720111+0.00198668j 0.0168997+0.0017655j 0.0215445-9.12512e-05j 0.00318233-0.000526581j -0.0400657-0.00224305j 0.00738093-0.000933226j 0.0317376+0.00150687j 0.0168975-0.00149135j -0.0117514+0.00374279j 0.0142422+0.000963135j 0.0199935-0.000112195j 0.0163623-0.00434161j 0.00875683+0.0020075j 0.0179758-0.00132713j 0.0457338-0.000902689j -0.0757768-0.00373932j 0.0601107-0.00279751j -0.0379216-0.00475639j 0.106693-0.0124051j -0.0472801-0.00571707j -0.0756808-0.00107866j 0.0773581-0.00384264j -0.034308-0.000435888j -0.012816-0.00647939j -0.000899429+0.00104637j 0.0147259-0.00185323j -0.0032585+0.00175424j 0.00837493-0.00125348j -0.0264903-0.000356351j 0.0163692-0.0004173j -0.0131939-0.000360875j 0.0142428+0.00199853j -0.0322182-0.00379995j 0.0286856+0.00321273j -0.00783089-0.000919015j 0.00951321+0.000349914j -0.0100612+0.000370773j 0.00294792+0.00422867j -0.00176775-0.0023279j -0.00483278+0.00180314j -0.020023+0.00206219j -0.00138979+0.000996998j -0.0855826+0.00890336j -0.0672707+0.000779169j -0.0238013+0.00271495j -0.00635712+0.0035343j 0.0274504-0.00238452j -0.000182978-0.000931504j 0.00303681+0.00268485j 0.00326545-0.000407108j -0.000714399-0.000687863j 0.00978625+0.00588079j -0.0111835+0.00392772j 0.0279248+0.00294849j -0.0134367-0.000707862j 
0.0123367+0.000517346j 0.0147449+0.00128321j -0.106184+0.000795653j -0.0511287+8.01572e-05j 0.0282771-0.00260844j -0.0199638+0.0013043j 0.0321617-0.00076792j -0.0838618-0.00330353j -0.0104972+0.000931232j 0.0180757-2.08071e-05j -0.0236026-0.00146989j -0.0934048+4.09395e-16j -0.0140611+0.000960356j 0.00479305-0.000651691j 0.00974516-0.00080411j 0.0311182-0.000388035j 0.0357865-0.00377165j 0.00549071+0.00363217j 0.00357512+0.0037736j -0.00180875-0.000482264j 0.0772282-0.00317915j 0.0303054+0.00243549j 0.000753317-0.00168193j 0.0238942-0.00143411j 0.012802-0.0018371j -0.0892649+0.00145141j -0.0181371+0.00029024j 0.019899+0.000823371j -0.0473298-0.00163374j -0.111552+0.00454795j -0.0950596+0.00362423j -0.313049+0.0022855j -0.33651+0.00271917j -0.332423+0.000407395j -0.0497324-0.00133593j -0.0170615-0.00611524j -0.127038+0.00527379j -0.0693446-0.000829464j -0.0199918+0.00253221j -0.0470397+0.000749718j 0.0135325+0.0015921j -0.00164017-0.00292917j 0.0199527+0.00128887j -0.0388158+0.000820484j -0.0400651+0.00394561j 0.0319395-0.00154586j -0.0667232+0.00281291j 0.0595959-0.00198381j 8.20404e-05-0.00427219j -0.0146952+0.00229393j -0.05844+0.00256641j 0.0327381+0.00512764j -0.0365152+0.000628732j 0.0532441+0.00135976j 0.0508448+0.00187394j 0.0366908-0.01193j 0.0391584+0.0137816j -0.045436-0.00168967j 0.00359831-0.00647012j 0.0157405-0.00520245j 0.0567354-0.00331295j -0.00255874+0.00100765j 0.0111784+0.00316033j 0.0172612-0.00648125j -0.00761983+0.005037j 0.0038651-0.000795828j 0.0289173+0.00494431j -0.0181363-0.00525858j -0.0192696-0.000577685j 
0.0015942+0.000824116j 0.0224979+0.00293848j -0.0843475-0.00341896j -0.0110538-0.000985834j 0.0226502+0.0021182j -0.0267147+0.000893535j 0.0325013+0.00119983j 0.184615+0.00141645j -0.0297651+0.000644053j 0.0915155+0.0058088j 0.00954498+0.000926447j -0.0140611-0.000960356j -0.0173325-5.1608e-17j 0.0267163+0.00407312j 0.029893+0.000260804j 0.0262565+0.00082104j 0.0124494-0.00239632j 0.0481808-0.00310914j -0.0908248+0.000485763j -0.0180616+0.00195855j 0.00945951+0.00351881j 0.00674347+0.00257278j 0.0174478-0.00389725j 0.0238027+0.000878078j 0.05161-0.000109688j 0.00188345-0.00358477j 0.0210272+0.000324232j 0.0709399-0.00188563j 0.156648-0.000130683j 0.0533129-0.0041777j 0.050529-0.00587074j -0.140969+0.00677464j -0.149762+0.0108524j -0.0380028+0.00210703j -0.0286764-0.0031486j 0.0367244-0.00149402j -0.055927+0.00089381j -0.0229217-0.000128517j 0.00915355-0.00318455j -0.00898228+0.000392469j 0.0137192+0.00116654j -0.00607707-0.00139978j 0.00428017-0.000498654j 0.000515986+0.00021086j -0.0130484-0.000643054j 0.0146938-0.000774645j -0.0347975+0.000809259j 0.028452-0.000369891j -0.0234827-0.001035j 0.0104738+0.00199664j -0.00287515-0.000608614j 0.0222138+0.00116031j 0.0141646-0.000940977j 0.0117197-0.00235719j 0.000647327+0.00141489j 0.0144492-0.00579091j 0.00125765+0.00774181j -0.0595538-0.00154226j -0.00296264-0.00354195j 0.00796969-0.00208703j 0.031444-0.00162993j -0.00166111+0.0023177j 0.00808207+0.00349324j 0.00115187-0.000556315j -0.00155234+0.00461811j 0.00538681+0.000946314j 0.00373766+0.00362805j 0.00400303-0.00216269j -0.016061-0.000551488j 
0.00986182-0.000788304j 0.000236742-0.000400913j -0.00294868-0.000687462j 0.00250585+0.000106273j 0.0933263+0.00375213j -0.0274856-0.00111057j 0.0080733-0.000534618j -0.0566486+0.00251954j 0.0603107+0.00204359j -0.0211742+0.00388551j 0.031354-0.00174075j 0.00479305+0.000651691j 0.0267163-0.00407312j 0.140711-1.46324e-15j 0.0891586-0.00110409j 0.0636969-0.00544543j -0.0784939-0.00416685j -0.100222-0.000130423j 0.0242869+0.000629169j 0.0566738+0.00238099j 0.0675715-0.00246387j 0.152885-0.00461552j -0.123928+0.0015275j -0.0192177-0.00126513j -0.00739993-0.000584862j -0.109172+0.00302736j 0.10081+0.000585192j -0.0884496-0.00208822j 0.108727-0.00210982j -0.119313-0.00550048j -0.338883+0.0105209j 0.00987577-0.00321766j 0.155522-0.00285882j 0.0421648+0.00185475j -0.0914875-0.000420862j -0.0518869+0.00162534j -0.0956869+0.00103684j -0.0272039+0.000441004j -0.0274389+0.00456361j -0.0480331+0.000936968j 0.0322067-0.000301414j -0.00862987+0.0017327j 0.0438484+0.00231501j -0.0571976+0.000344504j -0.0324174+0.00204785j 0.0235069+0.000119969j -0.0136616+0.000104494j 0.0140995+0.000164099j 0.0144187+0.00447562j 0.00520792-0.00207758j 0.0215854+0.000833907j -0.0186072+0.00343442j 0.00427211+0.00183722j -0.0159666+0.00312853j -0.0241994-0.00203338j -0.00205714-0.00200534j 0.00461552-0.00320085j 0.00445291+0.0030851j 0.0529282-0.00104141j 0.0314347-0.00159291j 0.0247961-0.000551187j -0.0033256-0.000394546j 0.00975231+0.000859019j -0.00555052-0.00109501j 0.00142997+0.00049086j -0.0143954-0.00539094j 0.00926134-0.000333334j -0.0149423-0.0034811j -0.0106322-0.000148251j 
-0.0105983-0.00136504j -0.0216104-0.00297438j 0.0545492+0.0050521j -0.040862+0.00277607j -0.0385103-0.00360904j 0.118996-0.000126114j -0.0951335-0.000227387j 0.0380201+0.00503677j -0.0532097+9.91763e-05j -0.0234637-0.00373813j 0.000720111-0.00198668j 0.00974516+0.00080411j 0.029893-0.000260804j 0.0891586+0.00110409j -0.104566+4.46162e-14j 0.00256389+0.00132147j 0.0248006-0.00683308j -0.0477934-0.000608369j 0.0374258+0.000951477j 0.0219766+4.45898e-07j 0.00343666-0.00236271j 0.0360035+0.00261936j -0.0445447-0.00266217j -0.0468026-0.000271897j -0.00266813-0.000531259j -0.0540221-0.00324621j 0.0169914-4.59737e-05j 0.0859652-0.00282054j -0.438338+0.000788544j -0.107638-0.00257506j -0.145822-0.00329148j 0.00718091-0.00354296j -0.0552374-0.0021183j -0.0598042-0.00309019j -0.00447474-0.00136841j -0.048295-0.00192858j -0.0365605-0.00038223j -0.055539-0.00156986j -0.0261936+0.00373354j -0.00865909-0.000342412j -0.0111462+0.000446765j 0.0029049+0.000243383j -0.0214322+0.00394169j 0.0107341-0.00136255j -0.0171001+0.00332167j 0.00457142+0.000269687j 0.0130437-5.2801e-05j -0.0151948-0.000143731j 0.0420306+0.0010901j -0.030948-0.00127441j -0.0545943+0.000483001j -0.0229034+0.00207411j -0.0485682+0.00343563j 0.0371947+0.00348746j 0.0328092-0.000474236j 0.0266657+0.00344753j 0.00219369+0.0005371j 0.0033362-0.000899974j 0.0215255+0.00144717j -0.00379399+0.000663168j 0.00183668-0.00114608j 0.000398781-0.00436838j -0.00387315-0.00355384j 0.0183014-0.00730566j -0.00574875-0.00368165j 0.00450319+0.00127644j 0.0147492-0.000290074j -0.0107621-0.000508171j 0.00142149+0.000467649j 
-0.00802873+0.0014302j 0.0256818+0.00190955j -0.0804482+0.00242647j 0.0169219+0.0013521j 0.0308526-0.00327924j -0.0213021-0.000709268j 0.0670947+0.00227532j 0.0520095-0.0031833j -0.0101083+0.00129913j 0.0231125-0.00365524j 0.0168997-0.0017655j 0.0311182+0.000388035j 0.0262565-0.00082104j 0.0636969+0.00544543j 0.00256389-0.00132147j 0.0574055-6.40763e-15j 0.0628534+0.00040719j -0.0742269-0.00223253j -0.0568067-0.00262077j -0.00818105+0.000404696j -0.0977001-0.000990234j 0.0112603+0.000957337j -0.0702209+0.000583677j -0.0314867+0.000387053j 0.0759644-0.00397452j 0.0149372+0.00431104j -0.190818+0.00247488j -0.145+0.00174897j 0.0805946+0.00325276j -0.325038+0.00167141j -0.0784503+0.00223392j 0.240975-0.00315933j 0.161235+0.00115747j 0.0451069+0.00793043j -0.086825+0.000522129j 0.00728032+0.00227996j -0.0237104-0.000151563j -0.0529773+0.000609063j 0.0108419-0.000479061j 0.0238059-0.00142012j 0.0295826-0.00127193j -0.024358-0.00201559j -0.00263198-0.00101648j -0.00576491+0.000892377j 0.011592-0.00296571j 0.00350645+0.000406524j -0.0290116-0.00142295j 0.0244739+9.80739e-05j -0.0159789-0.000147277j 0.0137086-0.000794043j 0.00741507+0.00310446j -0.0150132-0.0017173j -0.0207784-0.00272932j -0.0360227+0.00153378j -0.0187192-0.00227259j -0.0182688-0.000369402j -0.0485552+7.55937e-05j -0.0281429+0.00378361j 0.0299375-0.000822603j 0.0175407+0.000104183j 0.0126202+0.000668265j -0.00236573-0.0024513j 0.0128424+0.000180022j -0.00207839-0.00287675j 0.00442001-0.00194124j -0.00205167+0.000334597j -0.00359444+0.00255617j 0.0106842-0.000594497j -0.0119874-0.000659627j 
-0.0149225-0.000415345j -0.0229753-0.000959743j 0.0674833-0.00345378j 0.0165647-0.00110048j -0.112447+0.00172783j -0.0388861+5.23087e-06j 0.0297289+0.00108243j 0.0390149+0.00180884j 0.0243237-0.00100539j -0.0285475+0.00130575j 0.0215445+9.12512e-05j 0.0357865+0.00377165j 0.0124494+0.00239632j -0.0784939+0.00416685j 0.0248006+0.00683308j 0.0628534-0.00040719j 0.0499145+8.20904e-15j 0.130768+0.00145008j 0.209744-0.0037626j -0.0570508+0.000285662j 0.0965655-0.00245694j 0.0481978+0.00381293j 0.0579028-0.00397746j 0.00512682-0.0012549j -0.0597558-0.00033291j -0.0814258-0.00553235j -0.0103034-0.00102399j -0.474401+0.00135883j -0.164564-0.0022448j -0.198148-0.00312872j -0.17544-0.00152768j 0.0446559-0.00253126j -0.0601603+0.00506779j -0.0880716-0.00109152j 0.0135721-0.00742079j -0.11835-0.000371677j -0.0485098-0.00289003j 0.0671026-0.00265203j -0.0250124+0.00134426j -0.000502975-0.00107556j -0.0483149-0.00203285j 0.0469954-0.000988205j 0.0121461-0.00103963j -0.0249305+0.00273755j 0.0075995-0.000765509j 0.00987629+0.000939047j -0.0236427-0.00173929j 0.0334566+0.000218087j -0.0262618+0.00211823j 0.00791855-0.00365693j -0.00373178+0.00165346j 0.0199247-0.000963386j -0.0508078-0.00350303j -0.0204485+0.00241786j -0.0188315-0.00232852j -0.000342334+0.00275856j 0.00573186-0.00373295j 0.0457431-0.00283786j 0.02432+0.00151021j -0.0205333-0.000847907j 0.0201238-0.00080094j 0.000917363-0.00103341j -0.00920256+0.000963194j 0.00137553+0.00191146j -0.00217458-0.00195934j -0.0141573-0.00134876j 0.00661007-0.00256047j -0.00985295-0.000617407j 0.00194868+0.000796602j 
0.0116917+9.48424e-05j 0.0584693+0.00302713j -0.0646719-0.00112843j -0.0480254-0.00265181j 0.0398187+0.00313585j 0.0403641+0.00174884j -0.0234357-0.00196003j 0.0182623-0.00146815j -0.025971+0.000194286j -0.043187+0.00410582j 0.00318233+0.000526581j 0.00549071-0.00363217j 0.0481808+0.00310914j -0.100222+0.000130423j -0.0477934+0.000608369j -0.0742269+0.00223253j 0.130768-0.00145008j 0.00368813-3.19536e-14j -0.130542+0.00365707j 0.0237047-0.000402665j 0.0614154-0.00452558j -0.0446127-0.00277147j 0.0227523+0.000255904j 0.0312037-0.00364194j 0.234096-0.00667464j -0.170746+0.00193829j -0.0873525+0.000693412j -0.260074-0.000602854j -0.190758-0.00165716j -0.275307+0.000989713j 0.11145+0.000401364j 0.1506-0.00205627j 0.238611+0.00126401j -0.0237661+0.00251282j -0.125255+0.000897619j 0.0017611-0.00162855j -0.00843955+0.00481079j -0.012138-0.00609002j -0.0190637-0.00138876j 0.0192973-0.00174693j -0.0569089-0.000582758j 0.0349544-0.00237341j -0.00345722-0.00595126j 0.0132962+0.00435971j 0.0443172-0.000393981j 0.00732681+0.000282019j -0.0407254-0.00138787j 0.0261662-0.000357758j -0.0638312-0.00162733j 0.0127703+0.000421402j -0.0254645+0.00182914j -0.0359824-0.00108631j -0.0362665-0.00408209j -0.0419106-0.00235758j -0.0176697-0.00173933j -0.00118119+0.00323929j 0.00163034-0.00143068j 0.0164381+0.00598844j 0.0133458-0.000171534j 0.0242483-0.00034226j 0.0101603+0.000441252j -0.00176124-0.00575072j 0.00100006-0.000837445j 0.000104972-0.0032804j 0.00161746-0.00651908j -0.0086659-0.00140697j -0.00586114+0.00138097j 0.00191977-0.000554782j -0.0040168-0.000522543j 
-0.0121997-3.67748e-05j 0.0135597+0.00175273j -0.046196-0.000743397j -0.0173641-0.00113319j 0.0456207+0.00307436j 0.00361887+0.00226724j -0.0097826-0.00218015j 0.0260082-0.000198482j -0.00632412-0.000171965j 0.0123822+0.00372537j -0.0400657+0.00224305j 0.00357512-0.0037736j -0.0908248-0.000485763j 0.0242869-0.000629169j 0.0374258-0.000951477j -0.0568067+0.00262077j 0.209744+0.0037626j -0.130542-0.00365707j 0.172959-4.44969e-14j -0.043848+0.00138809j -0.0552198+0.00408285j 0.0131941-0.00411683j 0.0524047-0.000218649j -0.116901-0.0020053j -0.0197839+0.000895607j 0.532639-0.00126157j 0.04652-0.00271736j 0.12399+0.0042915j -0.130035+0.00145598j -0.0657119+0.00256303j 0.0823196-0.00347175j 0.00982977+0.00394058j 0.0470015+0.000257711j -0.0739874+0.00145317j -0.0172846+0.00531044j 0.0894463+0.0014126j 0.0594226-0.000783524j 0.0467482+0.00238089j 0.0456252+0.00378547j 0.0929774+0.000975584j 0.0402808-0.00185119j -0.030313+0.000289618j -0.0553476+0.00394381j 0.0217008+9.0887e-05j -0.0502552+0.00308437j -0.000518603+0.000370366j 0.0266758-0.000783661j -0.024686+0.000396255j 0.0583534+0.000451722j -0.0161005-0.00183454j 0.0121506+0.00239186j 0.00724892+0.000831748j -0.0309546+0.00318677j -0.00751512+0.00197147j -0.0151426-0.000204504j 0.0185499-0.00234652j -0.0245464+0.00447923j -0.00806742-0.00213165j -0.0492557-0.00253834j -0.00990086-0.000115437j -0.00835977+0.000501248j 0.00109453-0.00104932j 0.000126487+0.000203799j -0.00212986-0.000343868j 0.00150433-0.00127215j 0.00779431+0.00346429j -0.0130142+0.00233063j 0.0198191+0.00175243j 0.000284195-0.000580973j 
-0.0100837-0.000349679j -0.019572-0.000598941j 0.0303288-0.00407704j 0.0242071-0.000667037j 0.0300483+0.00359842j 0.0226679-0.000191443j 0.0232393+0.000818719j -0.0458114-0.00210835j -0.000842052+0.000386383j -0.0298331+0.00311769j 0.00738093+0.000933226j -0.00180875+0.000482264j -0.0180616-0.00195855j 0.0566738-0.00238099j 0.0219766-4.45899e-07j -0.00818105-0.000404696j -0.0570508-0.000285662j 0.0237047+0.000402665j -0.043848-0.00138809j -0.018353+1.18582e-13j 0.0827497+0.00111597j -0.0871375-0.000688441j 0.0225389+0.000320024j -0.024042+0.00135424j -0.458324+0.00271222j 0.0314514+0.00178846j -0.706563-9.64918e-05j 0.158764-0.00149958j -0.197519-0.00138347j -0.172611+0.000140928j 0.0185325+0.000827397j 0.09221-0.00044892j -0.11399-0.000266563j -0.0624719-0.00236997j 0.0088391-0.00057098j -0.0131014+0.000780791j -0.0136691-0.00078873j 0.0204044+0.000287333j -0.0206223+0.00385057j -0.0053555-0.000591861j -0.00212292-0.00163679j -0.00622341+0.00173256j -0.0153501-0.00063986j -0.0162137-0.00270328j 0.00334716+0.0015342j -0.0163357+0.000817492j 0.00397624-0.000707143j 0.00115357-0.00119338j 0.0571696+0.000828065j -0.0117036-0.0004891j -6.97572e-05+0.00205636j 0.00143542-0.00190479j 0.00735396+0.00168318j -0.0247054+0.0057974j 0.0308271-0.00372631j 0.0213364-0.000589271j 0.0202895-0.00025561j 0.00373953-0.00274408j -0.00177335-0.000737311j -0.00381235-0.000966898j 0.00625755-0.000469673j 0.00191823-0.00073855j -0.00297589+0.000250237j 0.00326887+0.000110246j 0.00190367-0.000862106j -0.00449698-0.00118356j 0.000183923-0.000932555j -0.00537216-0.000877108j -0.000274468+0.000234771j 
0.0109372-0.000436668j -0.0233777-0.00128153j 0.0699687-0.00244011j 0.0181164-0.000134486j 0.039497+0.00498488j -0.00192502-0.000886715j 0.00737416+0.00139586j 0.0638583-0.00241063j 0.0787131-0.000492702j 0.000976093+0.000654202j 0.0317376-0.00150687j 0.0772282+0.00317915j 0.00945951-0.00351881j 0.0675715+0.00246387j 0.00343666+0.00236271j -0.0977001+0.000990234j 0.0965655+0.00245694j 0.0614154+0.00452558j -0.0552198-0.00408285j 0.0827497-0.00111597j 0.246111-1.14112e-16j -0.0773873-0.000588616j -0.0826975+0.000987594j 0.132885+4.84249e-06j 0.00390902+0.000500942j -0.173599+0.00442225j 0.259616+0.00118209j 0.153904+0.00420046j -0.42313+0.00125576j 0.220524+0.00178816j -0.00334695+0.00423834j -0.0944784+0.000667226j 0.0244478+0.000793239j 0.0611436-0.00136371j -0.0922806-0.0041246j -0.023158+0.00153916j -0.0697265+0.000167666j 0.0729189-0.00563551j -0.0505826+0.00321434j -0.00371116-0.000256707j -0.0815699+0.000750942j 0.0614619+0.00501856j -0.0241028-0.00174246j 0.0143429+0.00203305j -0.008467+0.00315338j 0.00706637+0.00137428j -0.00616886+0.000443356j -0.00675957+0.000668537j 0.0190631+0.00634467j -0.0094324-0.00128582j -0.00610889-0.00242996j -0.0446072+0.00613952j 0.0152304+0.0033134j -0.0480402+0.00205446j -0.0157996-0.00364797j 0.0609103+0.00608644j 0.0471853-0.00489556j -0.00591357+0.00109326j 0.00865095+0.000880427j 0.00266677-0.000673074j 0.0338092-0.0015012j -0.00104338-0.00430767j -0.0114378+0.00186229j -0.000248011+0.000811947j -0.0012457-0.00610648j -0.0160673-0.00333672j -0.0038967-0.00088887j -0.00791899-0.0018655j -0.00827592+0.000125675j 
0.0123601-0.000136626j 0.00681243-0.000145925j 0.015377-0.00209868j -0.0529449-0.000383053j -0.00725287+0.00364998j 0.0184924+0.00128581j -0.0683326+0.00131456j 0.00831004-0.0037164j -0.0140129-0.000933342j 0.000536153+0.00338667j 0.0168975+0.00149135j 0.0303054-0.00243549j 0.00674347-0.00257278j 0.152885+0.00461552j 0.0360035-0.00261936j 0.0112603-0.000957337j 0.0481978-0.00381293j -0.0446127+0.00277147j 0.0131941+0.00411683j -0.0871375+0.000688441j -0.0773873+0.000588616j 0.183959+2.26386e-14j -0.0333431+0.00113893j 0.655935-0.00213071j -0.193558-0.00240958j -0.0331365-0.0037271j 0.0180377+0.0026226j -0.0471222+0.000592822j 0.169575-0.0011923j 0.0726198-0.00301494j -0.0854745+0.00110382j 0.0131105-0.00107567j 0.0665184-0.00429929j 0.0907386-1.18636e-05j -0.0610111+0.00098394j -0.0013603+0.000623274j -0.0642916-0.000154491j -0.0135857-0.00122312j 0.0144207+0.00112816j -0.0212869+0.000208106j 0.0115964-0.000890877j 0.0190192+0.00108681j 0.00627361+0.000710284j -0.0111807-0.000580598j -0.0311408+0.000361001j -0.0259709+0.00076091j 0.00443323+0.000408401j -0.00885941+0.00184371j -0.0214375+0.00225302j -0.00660186-0.000189757j 0.0121333+0.00102307j 0.0107684-0.000315216j 0.0211287+0.000407141j -0.00734628+0.0014655j -0.024828-0.000476646j -0.00948461+0.000782069j -0.00548386-0.00101556j -0.0102424+0.00232986j 0.0235649+0.0010698j 0.0192001+0.000709921j 0.0106889-0.000878647j 0.00162771+0.000438772j -0.00110209+0.000704024j -0.00360283+5.15263e-05j -0.00481265+0.000742397j -0.00397563-0.00146108j 0.00373122-7.39479e-05j -0.00404059-0.000711616j -0.00445755-3.98641e-05j 
-0.0047759-5.2838e-05j 0.00557698-0.000413054j -0.0235571+0.00641392j 0.0138958+0.0014315j 0.0219964-0.00460053j -0.0307708-0.000855807j 0.0257659-0.00282973j 0.00335594+0.00682542j 0.026336+0.000636465j 0.00883885-0.00542021j -0.0117514-0.00374279j 0.000753317+0.00168193j 0.0174478+0.00389725j -0.123928-0.0015275j -0.0445447+0.00266217j -0.0702209-0.000583677j 0.0579028+0.00397746j 0.0227523-0.000255904j 0.0524047+0.000218649j 0.0225389-0.000320024j -0.0826975-0.000987594j -0.0333431-0.00113893j 0.171858-2.13563e-14j 0.563678-0.000720876j -0.153456+0.000785113j -0.0358105+0.00068539j -0.148757-0.00246913j -0.100232+0.002798j 0.0344413+0.0038922j 0.0714956+0.00209634j 0.197367+6.80322e-05j -0.0207777+0.0030471j -0.0602558+0.00274818j -0.0484041-0.000434418j 0.0144756-0.00071715j 0.00245773-0.000654617j 0.0600179+0.000967612j 0.0221938-0.000787525j 0.0125522-0.00161533j 0.00914506-0.000786204j -0.0219404-1.84518e-05j 0.02078-0.00230195j -0.00678213-0.00331381j 0.00934522-0.000304944j 0.0153235-0.000365356j -0.0116958-0.000342321j -0.0210098+0.00129563j 0.0099196+0.000557783j -0.0351243-0.00263731j -0.000162303+0.00133519j -0.0204107+0.00157754j 0.0081899-0.00263228j -0.00465443-0.00242367j -0.000477664-0.00105594j 0.00743079+0.00155181j 0.0042259+0.00124411j 0.00437362+0.000662625j 0.00105671+0.000174143j -0.0170517-0.000317758j -0.00864661-5.36504e-05j -0.00639056+0.000743253j 0.00160458+0.000323095j 0.00235203-0.000323847j -0.00259073+0.000588043j -0.00124453-0.000150933j 0.00326022+0.000981338j -0.00405531+0.000459977j 0.00497415+0.000700483j 0.00171703-0.000136326j 
-0.00221116-0.000103994j -0.0235288-0.00133012j 0.038391+0.000541851j -0.00102618+0.000265055j 0.0249227+0.0002557j -0.00732633-0.00126952j -0.0217929-0.00011863j 0.0177455-0.000719026j 0.0292823+1.67487e-05j 0.0342849-0.00128542j 0.0142422-0.000963135j 0.0238942+0.00143411j 0.0238027-0.000878078j -0.0192177+0.00126513j -0.0468026+0.000271897j -0.0314867-0.000387053j 0.00512682+0.0012549j 0.0312037+0.00364194j -0.116901+0.0020053j -0.024042-0.00135424j 0.132885-4.84249e-06j 0.655935+0.00213071j 0.563678+0.000720876j -0.206652-1.16055e-14j -0.09553-0.000276838j 0.130286-0.000661396j -0.00739643+0.00127047j -0.129705+0.00218774j 0.0588298+0.00158617j 0.0761017+0.000364639j -0.082797+0.00251835j -0.0370789+0.00160346j -0.0479145-0.00217047j 0.0411609-0.00177076j 0.00200803-0.00128013j -0.0261368+4.48294e-05j -0.0459287-0.000525749j 0.022856-0.000887361j 0.00412444+0.000325046j -0.0111784-0.00100988j -0.0103246-0.000957986j 0.0207009-3.28002e-05j 0.0196324-0.000873372j 0.00757675-0.000210226j -0.0133914-0.000829183j 0.0118831+0.000284885j 0.0192102-0.00162913j 0.00625878-0.00191493j -0.0279271+0.00111519j 0.011622+0.00019793j -0.00446308+0.000525011j 0.0131236-0.000355776j 0.016956-0.000409875j 0.000766496+0.000317796j -0.0163831+0.000349723j 0.00829606+0.0017032j 0.0181776-0.00170663j -0.00359096+0.000513065j 0.0126242+0.00111059j -0.000585554+0.000275991j 0.00896673-0.000503871j 0.00321454+0.00155505j -0.00100473+0.000925182j -0.00308035+0.00189332j -0.00304166+0.00130986j -0.00366881-0.00147968j 0.00316282-0.000886964j -0.00569511-0.000619195j -0.0024582+0.000175654j 
-0.02531-0.000422842j -0.0531821-0.001805j 0.0336286-0.00355355j 0.0141902-0.00160783j 0.00223241+0.00203617j 0.0222407-0.001989j -0.0158416-0.00116426j 0.0109353-0.00407427j -0.0252339+0.00161442j 0.0549482+0.00249475j 0.0199935+0.000112195j 0.012802+0.0018371j 0.05161+0.000109688j -0.00739993+0.000584862j -0.00266813+0.000531259j 0.0759644+0.00397452j -0.0597558+0.00033291j 0.234096+0.00667464j -0.0197839-0.000895607j -0.458324-0.00271222j 0.00390902-0.000500942j -0.193558+0.00240958j -0.153456-0.000785113j -0.09553+0.000276838j 0.0902844-8.40768e-14j -0.0760728-0.000771952j -0.0420066-0.0011824j -0.157458+0.00251447j 0.17943-0.000759491j 0.0717314+0.0043521j 0.0167371+5.22546e-05j -0.000201932-0.0019093j -0.272272-0.00186003j 0.0297509-0.00375933j 0.0976132-0.00320486j -0.0591804-0.000148872j -0.0273595-0.00211105j -0.0116878+0.00142137j 0.0274889-0.00692166j -0.0126848-0.000605739j -0.0100947+0.00203359j -0.0123449-0.0014725j 0.0218578-0.00150465j 0.00254+0.000166521j 0.0496732-0.00464214j -0.0139618-0.000758418j -0.0131498-0.000155013j 0.0196567-0.00138516j -0.0514638-0.00216985j 0.0167139-0.000806402j -0.00158412-0.00118644j 0.0344876-0.00344926j 0.000113877-0.00367622j 0.0188118-0.0025872j 0.0163132+0.00425016j -0.0147032-0.00111109j 0.0142531-0.00175315j -0.0156749-0.0020709j 0.0169991+0.00207707j -0.0167011+0.000694212j 8.46887e-06-0.000262277j -0.000815007+0.00425253j 0.00321781+0.0004737j 0.00134734+0.00237123j -0.000107077+0.0047255j 0.00277219-0.000487328j 0.0088067-0.00163569j -0.00597276-0.000277014j -0.000438733+0.000485316j 
