0.0667367+3.05311e-16j -0.0653575-0.0319966j 0.0224477+0.0159875j 0.001118+0.0693078j -0.0706553-0.0346227j -0.00309414+0.0418043j 0.0636433-0.0684608j -0.0373888+0.0185472j -0.0182371+0.00819116j 0.045249+0.0175127j 0.0240892-0.0128127j -0.023959-0.0527095j -0.0807989+0.028201j -0.064609-0.00976833j -0.00807672-0.0597952j 0.0064852-0.0306938j 0.157897+0.0123976j -0.00932481-0.0457342j -0.106612+0.0374552j 0.0457239+0.176493j -0.0142914+0.0269701j -0.0152173+0.059048j 0.0969516+0.128263j 0.0316062-0.0434509j 0.220012+0.107556j 0.128395+0.0583104j -0.162205-0.145599j -0.276288-0.0516917j -0.0687241+0.0124603j -0.138512+0.11869j -0.211055+0.0627745j 0.0483926+0.265383j -0.021071+0.045003j -0.0710917-0.0578056j 0.0917992+0.116845j 0.0768704+0.0263267j -0.157176-0.106013j 0.0314982+0.00182578j -0.03051+0.217241j 0.0484215-0.56175j 0.318565+0.14791j -0.121356-0.159247j -0.556613-0.279784j 0.984694+0.00410037j -0.139479+0.173328j 0.0484559-0.0100056j 0.0676507-0.178257j 0.0308049+0.0154093j -0.0587455-0.148817j -0.123254+0.0379414j -0.0154178+0.12314j -0.00602699+0.179618j 0.040619-0.19253j 0.0952539-0.0276575j 0.0263124+0.00255303j 0.084357-0.0928696j 0.117123-0.0719477j 0.0128761+0.0390429j 0.0326501-0.0343022j 0.124653-0.00479577j -0.0731089-0.00913494j -0.0641953+0.198388j 0.0771761-0.297558j -0.0489838-0.0909575j 0.0526973-0.149416j -0.0634921-0.294633j -0.125965-0.0468293j 0.000441473+0.0281775j -0.134596-0.170303j 0.0512783+0.0163992j -0.404404-0.212175j -0.0493079-0.00670789j 0.174341+0.359437j 0.268425+0.0317781j 0.0495959+0.108084j 0.306383-0.232274j -0.508935+0.397144j -0.164288-0.0209597j -0.00144381+0.525851j 0.0735947-0.236595j 0.0727314+0.0956172j -0.345027-0.19334j 0.215286+0.470291j -0.143921+0.0016524j 0.568624-0.228765j -0.207844+0.704258j 0.275912+0.339255j -0.648772-0.362887j -0.538929+0.434524j -0.429674-0.0129589j 1.19807+0.507463j -0.404078+0.433534j 
-0.0653575+0.0319966j 0.0693896-1.52656e-15j -0.0405691-0.0101759j -0.074403-0.0157048j 0.0381048+0.0193444j -0.0502481+0.043062j -0.0391533+0.00762811j 0.0916431+0.0172213j 0.0353901-0.0235962j 0.000289228+0.0895134j -0.0633142-0.0938736j -0.0152125-0.0138037j 0.133283+0.111638j 0.017603+0.127698j -0.197847-0.0507685j -0.091185-0.0505824j -0.0736996+0.10465j -0.166102-0.0136115j 0.166117-0.0781944j 0.461629+0.0188705j 0.0415988-0.123317j 0.258349-0.0931838j 0.162081-0.0168088j -0.0516976+0.0246506j 0.0363372+0.0283802j 0.192818-0.084774j -0.133982-0.133568j -0.22307+0.153325j -0.0230687-0.217572j -0.0858428+0.198399j -0.0323894+0.0490366j -0.0700632+0.130856j 0.0326886+0.0291291j 0.014437+0.195555j 0.0529036+0.000852249j 0.127579+0.0361848j -0.169964-0.214254j 0.188641-0.261274j 0.342295+0.306825j -0.372833-0.294842j 0.0455405-0.576771j 0.12262+0.0152414j -0.109037+0.364546j 0.256711-0.129763j -0.137104-0.0482775j 0.0132465+0.0532927j -0.084862-0.0292375j -0.0294828-0.0216377j -0.0612365+0.0176546j -0.0894613+0.0229475j 0.108134+0.015493j -0.173243-0.15325j 0.0853729+0.0313965j -0.0379982-0.0219863j 0.0865625-0.151141j -0.260127-0.164187j -0.217995-0.267707j 0.0133963-0.030465j 0.200671-0.0664742j -0.249289-0.0503274j 0.29818+0.00492531j 0.443538+0.153445j 0.198412-0.0530586j -0.403627+0.0443075j 0.174882+0.0671479j -0.295597+0.125234j 0.0339314+0.154001j -0.151766+0.0592972j -0.150706+0.197196j -0.277893+0.104185j -0.231828+0.581645j -0.0264947+0.0397989j -0.310712+0.00885527j -0.311241-0.0466707j -0.0314703+0.331825j 0.22934-0.127315j 0.110683+0.322916j -0.101542-0.221872j 0.162871-0.195424j -0.157516-0.133879j 0.0749474-0.14813j -0.467159+0.264143j -0.142539+0.69881j -0.174269-0.290644j 0.0530971-0.268047j 0.742524-0.757534j 0.621613-0.25805j -0.718772+0.339317j -0.0426935+0.809552j -1.2706+0.193578j -0.123144-0.818567j -0.758651+0.786807j 
0.0224477-0.0159875j -0.0405691+0.0101759j -0.0438452+5.55112e-16j -0.0509349-0.00115714j -0.000508193-0.052914j -0.132046-0.131643j 0.0350949+0.00891312j 0.127753+0.091683j 0.0070237+0.113466j -0.094589-0.0153579j -0.171696+0.17662j 0.0831381-0.0174558j 0.148982-0.184271j -0.0504913-0.0823835j -0.0980394+0.130091j -0.120713+0.227013j -0.049127-0.0614565j -0.0290941+0.0558318j 0.131619-0.000721577j 0.12055-0.113158j 0.177258+0.00836723j 0.0508313+0.0501833j 0.113572-0.0301853j -0.0772668-0.144172j 0.0571682-0.00344425j 0.0396116-0.169691j -0.196885-0.0218372j -0.0255649+0.236688j -0.0805972+0.0611748j 0.0774487+0.203905j 0.272672+0.158809j 0.261477+0.298788j 0.116722-0.0178252j 0.0230065+0.0539732j 0.187391-0.254642j -0.0719808+0.104691j -0.501091+0.355818j -0.319346+0.0221363j -0.280891-0.198049j 0.0272469+0.393709j 0.442139+0.488019j 0.304306-0.00210741j -0.0073395-0.398282j -0.0933902+0.774919j 0.0224058-0.229522j -0.107073-0.0477413j 0.278631+0.0883214j -0.0654312-0.0780542j 0.127882+0.158175j 0.0609156-0.162862j 0.220246+0.0783041j -0.152263-0.020935j -0.0214743+0.137619j -0.327935+0.00649845j 0.159365+0.0710491j -0.312517+0.247506j -0.293657+0.201966j -0.0734887-0.0547171j 0.021574-0.0131968j -0.0507326-0.352483j 0.0931751+0.284236j -0.111561-0.230845j 0.140992-0.00950772j 0.0869783+0.0756426j -0.0591029-0.0654343j 0.276245+0.189307j 0.25048+0.0201328j 0.060858-0.230061j 0.00977109+0.0927783j 0.274939+0.0924242j -0.0867086+0.103815j -0.14675-0.0910726j -0.0844397-0.251751j -0.29609+0.15436j -0.116156-0.0270811j 0.407647-0.333035j 0.290309+0.337725j -0.0434364+0.662369j 0.625068-0.0658334j -0.258773+0.254664j -0.502793-0.299921j -0.585584-0.0343576j 0.563544+0.428106j -0.838166+0.461661j -0.109505-0.417912j 0.395763-0.363113j -0.109542-0.27984j 0.0792338-0.163802j 0.269302-0.275862j -0.279691+0.112734j 0.918042+0.391598j 0.188974-0.700742j 
0.001118-0.0693078j -0.074403+0.0157048j -0.0509349+0.00115714j 0.0221075-2.55351e-15j -0.0652192-0.0188203j -0.353666-0.100408j -0.0996127-0.0621342j 0.566539+0.1549j 0.194544+0.0512757j -0.0846473-0.0407007j -0.395455-0.0783863j 0.00893379+0.00940242j 0.583886+0.149108j 0.163853-0.0575353j -0.539202-0.00648213j -0.109503-0.0230822j -0.0842312-0.143169j -0.353138+0.013729j 0.406856+0.00369644j 0.938596-0.113043j 0.209765+0.102298j 0.260388-0.0530783j 0.452945+0.0312131j 0.0578867+0.142323j 0.409994+0.00772877j 0.440782+0.0691711j -0.0298933-0.151833j -0.629654-0.285833j 0.172583+0.21502j -0.741815+0.070497j -0.217946-0.183015j -0.633591+0.229295j -0.156907+0.207427j 0.159841-0.210615j -0.0512253+0.286659j 0.0477736+0.112716j -0.255796+0.0865738j 0.213334-0.438976j -0.178209+0.0121116j 0.156705+0.255225j 0.321315-0.239538j 0.27272+0.00124425j 0.0891337-0.180048j -0.0819479+0.335589j -0.0057655-0.043548j -0.0571286-0.184755j 0.0526054-0.112971j -0.213359-0.174488j 0.14884+0.383279j 0.0637198-0.15687j 0.49986+0.069845j -0.351838+0.0259694j -0.169724-0.0816592j -0.161594+0.0311129j -0.377037-0.233575j -0.82426+0.0336112j -0.68581+0.409932j -0.262344+0.0990568j 0.155722+0.247943j 0.0640356-0.245788j 0.154399-0.0636789j 0.961627+0.019524j -0.035478-0.230217j -0.512803+0.409386j -0.205025-0.169729j -0.141672-0.0484083j -0.672003-0.0740987j -0.183109-0.0238598j -0.309669+0.271535j -0.0431474-0.433666j -0.262159-0.195957j 0.162617-0.205969j -0.23589-0.158949j 0.207131-0.333584j -0.341376+0.0660798j 0.173881-0.0567305j -0.813484+0.182801j -0.218547-0.242208j -0.241009+0.447231j -0.0671068-0.192153j 0.062626-0.234909j 0.266497-0.794289j -0.179947+0.267025j 0.269736-1.27948j -0.244737+0.0905172j -0.534309-0.446667j 0.109662-0.733869j 0.12822+0.952087j 0.164749+0.174281j -0.19434+0.259468j 0.103103-0.372465j -0.0613733-0.622699j 
-0.0706553+0.0346227j 0.0381048-0.0193444j -0.000508193+0.052914j -0.0652192+0.0188203j -0.0756335-5.27356e-16j -0.0900892-0.0125985j -0.114622-0.0761118j 0.197159-0.00851869j 0.0367452+0.114206j 0.0313145+0.0475843j -0.181264+0.153136j -0.130345-0.0353215j 0.247286+0.145458j 0.0245967+0.0838708j -0.0134403+0.0212547j -0.202956+0.064369j -0.109141-0.151687j 0.0731883-0.0629919j 0.247444-0.000348303j 0.260455+0.0179453j -0.0417058-0.0841103j -0.0512608+0.180519j 0.225845-0.00545267j -0.0839184-0.021651j -0.0588156+0.000365981j 0.220955+0.14642j -0.20951-0.0350025j -0.426114-0.299262j -0.0372637-0.0629393j -0.212743+0.0507827j 0.15869-0.0410179j 0.0249686+0.0844366j -0.0260201+0.04521j -0.273147-0.468069j -0.272955+0.0399953j -0.0515617-0.114479j 0.388474+0.61579j -0.133417-0.0244597j 0.334917-0.0253999j -0.537697+0.361828j 0.314923+0.505478j 0.160382+0.262492j -0.191076+0.00487659j 0.215336+0.118229j -0.125895-0.206859j -0.114592-0.016118j 0.0788628-0.139155j -0.196424+0.0277628j 0.0610778+0.0882593j 0.0579741+0.239998j 0.32993-0.231269j 0.0671621+0.0960641j 0.107092+0.0919252j -0.0281913-0.10491j 0.255472-0.0575029j -0.105116+0.104489j -0.0736246-0.0905184j -0.387939-0.125866j -0.0481783-0.163162j -0.257098+0.0648821j 0.158008-0.0726889j 0.671684-0.125551j -0.0397814-0.254673j -0.157296-0.311305j -0.225863+0.114374j 0.0405725+0.0586476j 0.203763+0.4117j -0.310921-0.316274j -0.184857+0.0713385j 0.0219596+0.165951j -0.107772-0.361663j 0.0960322+0.101258j 0.259543+0.176029j 0.163877+0.297953j -0.567813-0.213845j -0.0329999-0.189477j -0.49553+0.332242j 0.0722749-0.690138j 0.538004+0.618229j 0.0165128-0.175915j 0.238307-0.239171j -0.241086-0.114912j 0.196016-0.917718j 0.539281-0.00143408j -0.768177+0.0758434j 0.781645+1.0102j 0.0284842-0.0863223j -0.890034-0.248853j -0.0826678-0.844469j -0.618601-0.359677j 0.202401+0.958995j -0.104002+0.0694061j 
-0.00309414-0.0418043j -0.0502481-0.043062j -0.132046+0.131643j -0.353666+0.100408j -0.0900892+0.0125985j -0.280966-6.12704e-15j -0.0173494+0.0188082j 0.73116+0.108612j 0.194661+0.00194789j 0.256064-0.000388591j -0.620865-0.0806951j 0.111456-0.0233313j 0.750872-0.0870488j 0.342795+0.16179j -0.640868-0.0681583j -0.459589-0.0620075j -0.252934+0.0674078j -0.44404+0.00392571j 0.512183+0.0921551j 1.29054+0.00800751j 0.355438+0.12246j 0.517938+0.185532j 0.579355-0.0368617j -0.0693589+0.165185j 0.282768-0.17407j 0.788198+0.257875j -0.386948+0.0177778j -1.00876-0.290008j 0.0235484+0.141577j -0.371813+0.345308j -0.552187+0.474635j -0.470202-0.496204j 0.0564994+0.292105j -0.0358176-0.0397376j 0.0434061-0.351133j 0.00953085+0.0269271j -0.272827-0.0869799j -0.224445-0.258889j -0.158764+0.200362j 0.145308-0.384158j -0.522624+0.125575j 0.122686-0.0510185j 0.499225+0.16566j -0.365422-0.115529j -0.269435-0.0852638j -0.19928+0.167204j 0.0406857-0.0816871j -0.209397-0.137067j 0.328156+0.226861j 0.14614+0.177277j 0.403591-0.0644841j -0.561138-0.161087j -0.0358964+0.107256j -0.609561+0.573359j -0.167766-0.0914401j -0.911863+0.1426j -0.866746-0.00568979j 0.281362-0.259949j 0.169669+0.0417509j -0.184882+0.0292074j 0.187685+0.141751j 1.06082+0.0936715j -0.0674089+0.2273j -0.574264-0.095749j 0.120177+0.228331j -0.690137+0.0973233j -0.389901+0.36196j -0.277098-0.194811j -0.293484-0.110573j -0.224804+0.085975j -0.609092-0.107074j 0.652184-0.00802304j 0.41582-0.0487537j 0.658571-0.449374j -0.0661266-0.0438143j 0.162982-0.228143j -0.299453+1.09019j -0.120471-0.490689j -0.455594+0.0589986j -0.376911-0.388989j -0.618239+0.161432j 0.12908+0.13928j 0.243836-0.250728j 0.101529-0.377755j -0.266548+0.615947j -0.323281+0.0321019j -0.115664+1.62836j 0.195307-0.548363j 0.570287+0.284534j 0.299891-1.11111j -0.582525+0.0631819j 0.663689-0.124225j 
0.0636433+0.0684608j -0.0391533-0.00762811j 0.0350949-0.00891312j -0.0996127+0.0621342j -0.114622+0.0761118j -0.0173494-0.0188082j -0.0633918-1.55986e-14j 0.0516115-0.134872j 0.0434514+0.0295011j 0.135008-0.127852j 0.00346945+0.190651j -0.01401+0.0638633j 0.0751456-0.131262j 0.0988455+0.0455011j -0.186026+0.0768903j -0.120999+0.00518299j -0.0210047-0.089226j -0.164136+0.0776696j 0.103356-0.0238212j 0.0505464-0.323537j 0.123847+0.0258765j -0.037009-0.153709j -0.060442+0.0282804j -0.0869534+0.0563235j -0.220956+0.0530205j -0.0238676-0.0680483j -0.0602691-0.0988886j 0.177388+0.0481816j -0.0399944-0.235683j -0.176608+0.509748j 0.34593-0.287239j -0.121069+0.347485j 0.271319+0.094418j -0.236446+0.32454j -0.0921377+0.0432823j 0.0750181-0.213166j 0.290063+0.385498j 0.174893-0.178032j -0.00491741+0.133317j 0.0472779-0.304531j -0.0307187+0.324367j -0.26283+0.0217993j -0.146986-0.00840701j -0.0101522-0.191472j -0.141918-0.0772417j -0.0525307+0.0590284j -0.128001-0.107777j -0.181734+0.213216j 0.110298-0.184548j 0.406371+0.00400315j 0.063129-0.457118j 0.0716463-0.00674652j 0.0434035+0.00798532j -0.0562636+0.268925j -0.165422+0.144146j 0.156641-0.179233j -0.0529038-0.207296j 0.00246051+0.0696142j -0.145293+0.432848j 0.0879764-0.267693j -0.174975-0.00891111j 0.130356+0.0995562j -0.114718+0.251918j 0.019664+0.329129j -0.0440327-0.134921j 0.430428+0.378718j 0.264389+0.176308j 0.155777+0.446292j 0.291073-0.225433j -0.629935-0.00397002j 0.196418-0.345243j 0.0334882+0.0423879j -0.479906+0.321506j -0.000905106+0.273356j -0.201222-0.331522j 0.665298-0.0603941j 0.242957+0.0749365j 0.368335+0.473944j -0.146477-0.268073j 0.429665+0.00727591j 0.471747+0.114547j -0.80974-0.628869j 0.284414-0.0586872j -0.338368+0.209035j -0.429126+0.462614j 0.00523708-0.086102j 0.213544+1.00449j -0.737327+0.090497j 0.385098-0.0918129j -0.454022+0.0446482j 0.0977719+0.0724948j -0.214358-0.0468227j 
-0.0373888-0.0185472j 0.0916431-0.0172213j 0.127753-0.091683j 0.566539-0.1549j 0.197159+0.00851869j 0.73116-0.108612j 0.0516115+0.134872j -0.905944-3.38618e-15j -0.171706-0.026224j -0.116053+0.116739j 1.10127+0.00267683j 0.062042-0.066846j -1.58096+0.0163323j -0.477485+0.103202j 1.23158-0.15761j 0.689806+0.0771158j 0.125812+0.183994j 0.763944-0.118213j -0.873635-0.0600907j -2.40384-0.0694013j -0.337618-0.0543104j -0.66694-0.163479j -0.825774+0.0141446j -0.283947-0.061612j -0.548768+0.159008j -1.16384+0.0393163j 0.650608+0.108559j 1.60218-0.077791j 0.172076-0.00888807j 0.910022+0.409985j 0.374948+0.215615j 0.829042+0.116082j 0.0277361+0.801443j 0.278892+0.489428j 0.717374-0.222333j -0.0503048+0.194017j -0.31784-0.194956j -0.770025+0.262546j 0.416441+0.122529j -0.389721-0.416453j 0.106882+0.0591995j -0.053881+0.0682503j -0.2869-0.388758j -0.175313+0.390153j 0.420847+0.109247j 0.539022+0.00951714j -0.457473-0.0582583j 0.4873-0.289916j -0.457862+0.358853j -0.377837-0.00600094j -0.676313+0.226605j 0.568087+0.00138138j 0.411601+0.0123014j 0.766752+0.0670272j 0.537247+0.158524j 1.6781-0.163397j 1.2194+0.00349707j 0.135247+0.049146j -0.357463+0.0554015j -0.0878028+0.115273j 0.171552+0.185092j -1.51097-0.455473j 0.0269986+0.177116j 0.890946+0.0438246j 0.035237+0.0917183j 0.829832+0.0482309j 0.411572-0.450917j -0.13502+0.0300261j 0.61807-0.367662j 0.0477445+0.139357j 1.26886-0.276387j -0.0964385+0.339638j -0.647857+0.220612j -0.193896+0.462985j 0.189949-0.723707j 0.185592+0.470288j 0.746075-0.522286j -0.229722+0.234534j 0.422607+0.372754j -0.310369-1.66827j 0.450069+0.125269j -0.02921+0.934374j 0.174884-0.556186j -0.543267+0.357239j 0.879465+0.877774j -0.00509702+0.319454j -0.388238+0.506304j 0.0162413+0.632891j 0.254622-0.537633j -0.695215+0.187387j 0.378944+0.0409729j -0.50033-0.394298j 
-0.0182371-0.00819116j 0.0353901+0.0235962j 0.0070237-0.113466j 0.194544-0.0512757j 0.0367452-0.114206j 0.194661-0.00194789j 0.0434514-0.0295011j -0.171706+0.026224j -0.049375+7.66054e-15j -0.0250383+0.0306062j 0.236338-0.00621785j -0.0563295+0.178621j -0.291894-0.0393302j 0.00337487-0.137228j 0.308429-0.138134j 0.370102-0.0825695j 0.0771685+0.0748327j 0.193402-0.0419583j -0.175083+0.0398746j -0.515941+0.100708j 0.130156-0.273866j -0.142859-0.214002j -0.561084+0.123066j -0.13133+0.153291j -0.312251+0.182299j -0.146064+0.233247j 0.00156608+0.275545j 0.346312-0.14984j -0.115018+0.186999j 0.292197+0.141292j 0.172536+0.362395j 0.486763+0.0180262j 0.194601-1.38209j -0.317538+0.242269j 0.588316+0.705304j -0.0336371+0.220339j -0.222878-0.150971j -0.152865-0.094772j -0.0232898+0.133841j 0.0303458-0.175798j -0.000777483-0.158229j -0.0598642+0.0393693j -0.0378836-0.255355j 0.1028+0.046689j 0.30381+0.0751443j 0.21829-0.00457756j 0.00840605-0.0575482j 0.124824-0.182092j -0.146912+0.104226j 0.113677-0.0405107j -0.0679451+0.16157j 0.386463-0.0856067j -0.14368-0.0147662j 0.0739626-0.0660417j -0.405389-0.103315j 0.499777-0.180408j 0.496567+0.282689j 0.179207-0.0437792j 0.0334833+0.155914j -0.290014+0.138619j 0.385921-0.0556678j -0.274539+0.198691j 0.364313+0.0309634j 0.131521-0.127756j 0.24891+0.216968j 0.208517+0.288009j 0.591152-0.0656667j -0.034425+0.177266j 0.595824-0.0432446j 0.187773+0.354033j 0.179689-0.533739j 0.227942-0.00426849j -0.069913-0.158033j 0.406878+0.300624j 0.219975-0.37042j 0.0364022+0.0854234j 0.395515+0.457808j 0.410546-0.230952j -0.0159475-0.231552j -0.15816+1.38329j 0.187253-0.344205j -0.0405951+0.130975j -0.136311+0.210458j -0.543125-1.23571j 0.304226-0.725902j -0.257226+0.31503j -0.815752-0.121622j -0.0536501+0.320883j 0.249178+0.0872408j -0.110621-0.0830668j 0.0953326-0.0604958j -0.186528-0.0979652j 
0.045249-0.0175127j 0.000289228-0.0895134j -0.094589+0.0153579j -0.0846473+0.0407007j 0.0313145-0.0475843j 0.256064+0.000388591j 0.135008+0.127852j -0.116053-0.116739j -0.0250383-0.0306062j 0.106014-6.06182e-14j 0.160403+0.00349541j 0.0203633-0.071856j -0.172827+0.0723968j -0.0279488-0.119577j 0.217421+0.001675j 0.204229-0.0914065j -0.138045-0.195162j 0.224442-0.315653j 0.0560245-0.166703j -0.14103-0.0011349j -0.0124319-0.0314251j -0.0984468+0.396798j 0.00585806+0.0122758j -0.309018-0.0477128j -0.365871-0.0412627j -0.128046-0.0585169j 0.0914166+0.333705j -0.256769+0.177819j -0.118166+0.0146401j 0.0435767+0.184225j -0.110399-0.805523j 0.371003+0.304862j 0.0202301-0.188622j 0.595784-0.671719j 0.295751-0.121045j 0.0625003-0.216594j -0.22462+0.0657294j 0.0642145-0.542221j 0.234253-0.201047j -0.419006-0.17793j 0.0804355-0.328292j 0.0180048-0.0666515j 0.24205-0.114434j -0.213737-0.0716167j 0.0266813-0.0307118j 0.178824+0.399687j -0.178189+0.234014j 0.114594-0.0733516j 0.115869-0.0518399j -0.0241948+0.256266j -0.327619+0.22011j 0.131157-0.227455j 0.123844+0.166882j 0.193555+0.0502503j -0.195146+0.152028j 0.143138-0.0423771j 0.509024-0.0488737j -0.254349+0.0309197j -0.21868+0.14217j -0.349659-0.0749674j -0.245299-0.15012j 0.0469328-0.0314505j -0.131439+0.455711j 0.0692324-0.547731j -0.0726173-0.0505375j 0.207539-0.350746j 0.647451-0.177487j -0.782885-0.131572j -0.00459112+0.303941j -0.178207-0.909554j 0.166145-0.313283j 0.031908+0.449339j 0.234114+0.342962j 0.220867+0.362531j -0.672697+0.400734j 0.214788-0.358926j 0.10636-0.0674886j -0.616161-0.0333803j -0.235566-0.653969j 0.238587-0.217944j 0.430483-0.391596j 0.214657-0.406702j -0.212337-0.483683j -1.03884+0.571659j 0.746385-0.275252j 0.0598266-0.678721j 0.213172-0.342951j -0.189587-0.345032j 0.162448+0.354393j -0.532705-0.0506498j -0.0915502-0.408746j 0.254623-0.117648j 
0.0240892+0.0128127j -0.0633142+0.0938736j -0.171696-0.17662j -0.395455+0.0783863j -0.181264-0.153136j -0.620865+0.0806951j 0.00346945-0.190651j 1.10127-0.00267683j 0.236338+0.00621785j 0.160403-0.00349541j -1.08741-5.71765e-15j -0.0701919-0.0451286j 1.55102-0.048155j 0.698673-0.140047j -1.29837-0.120752j -0.871773-0.178655j -0.252367-0.0542382j -0.690868+0.065203j 0.973026+0.298315j 2.25258+0.0288183j 0.466802+0.182295j 0.737632+0.24045j 0.638337-0.090544j -0.0993564+0.213169j 1.14508+0.309976j 1.0033+0.0149743j -0.787679-0.234816j -1.63624-0.233931j -0.266384-0.259704j -1.30232-0.573884j -0.335778-0.123096j -0.56952-0.374784j -0.271975+0.582513j -0.133596-0.0616713j -0.504811+0.921779j 0.0536126+0.161538j -0.222721-0.0290915j 0.622572+0.413695j -0.342037+0.00308136j 0.0597675+0.214673j 0.0466073-0.311271j -0.0883848+0.107419j 0.0937625-0.0120989j 0.401806-0.205244j 0.0445611+0.000186495j -0.287791-0.0087317j 0.368168-0.0349016j -0.490025-0.064639j 0.675019-0.104574j 0.175988+0.157294j 0.828151-0.138539j -0.44629-0.00985088j -0.526164-0.166209j -0.728744+0.0762687j -0.672275-0.0464028j -1.59131-0.504408j -1.26289+0.129321j 0.131774-0.201959j 0.163859+0.288449j -0.0283872-0.165444j 0.242967+0.162206j 1.38624+0.0872604j -0.244732-0.363306j -0.786726-0.414393j 0.251716+0.509186j -0.936555+0.119765j -0.501957-0.274343j -0.573428-0.047489j -0.0701725+0.0773097j -0.0227543+0.281115j -1.48175+0.341452j 0.130351-0.700558j 0.176538-0.00293347j 0.323636+0.432162j -0.0127109+0.561853j 0.410389-0.280245j -0.521544-0.888999j 0.295739+0.410814j -0.734273+0.425852j 0.672363-1.1859j -0.663874+0.125533j 0.855493+0.967238j -0.359039-0.129177j -0.357559+0.619474j -0.314546+0.671562j -0.202412+0.602913j -0.31255-0.668242j 0.0846573+0.0248454j -0.0341009+0.169772j 0.465358-0.118472j -0.247467-0.207245j 0.0818199+0.377628j 
-0.023959+0.0527095j -0.0152125+0.0138037j 0.0831381+0.0174558j 0.00893379-0.00940242j -0.130345+0.0353215j 0.111456+0.0233313j -0.01401-0.0638633j 0.062042+0.066846j -0.0563295-0.178621j 0.0203633+0.071856j -0.0701919+0.0451286j -0.221702-1.37196e-13j -0.116559-0.210127j -0.141077-0.0642559j -0.138703+0.0355644j 0.124309+0.258122j -0.118371-0.0166761j -0.0071733-0.010109j -0.0388639-0.0461961j -0.223111+0.0721429j -0.0277987-0.0676036j 0.138072+0.160868j -0.0653458-0.0362648j -0.114338+0.0511057j 0.3219+0.160348j -0.0815151-0.102886j 0.373443+0.295751j 0.0620056+0.050151j 1.00258+0.397044j -0.143982-0.132422j -0.116502-0.282076j -0.0841997+0.0990026j -0.0938668+0.085982j 0.143537+0.215119j 0.239544+0.181992j 0.0974946-0.0563704j -0.126587-0.120972j -0.349203-0.400584j 0.141705+0.195332j -0.0917272-0.223047j 0.0244009+0.524612j -0.0668343+0.126865j -0.193393-0.175666j 0.0163887-0.0227894j -0.104795-0.136586j 0.00901049+0.0929564j 0.0902126-0.13952j 0.13127-0.256199j -0.0385032-0.211555j 0.136619+0.429907j 0.0525774-0.0460805j -0.275979-0.00868168j -0.534725+0.0971313j 0.0909873+0.0186805j 0.405039-0.0747874j -0.000227997+0.110012j 0.29067+0.165214j 0.0087904-0.0895921j -0.0769405-0.330929j 0.172429-0.0526478j 0.0502338-0.0267943j -0.159737+0.0705118j -0.352215-0.09891j 0.299772+0.221035j -0.174371+0.280112j 0.153715-0.332423j 0.239774-0.00719318j -0.275407-0.13248j 0.168812-0.0649786j -0.427652-0.195263j -0.882949-0.262976j -0.119125-0.168152j -0.601788-0.412654j 0.151895-0.432422j -0.234322+6.62015e-05j -0.129376-0.0217208j 0.88473-0.0955098j 1.33114+0.533803j -0.0550815-0.3134j 0.226739-0.0117974j -0.836704-0.349381j -0.143601-0.332509j 1.26674+0.320638j -0.128734-0.504975j 0.205292+0.10403j -0.159453-0.569628j -0.159005-0.253035j 0.113801+0.0808731j 0.492442+0.411879j 0.0256166-0.30108j 0.212145+0.403494j -0.150831-0.0077923j 
-0.0807989-0.028201j 0.133283-0.111638j 0.148982+0.184271j 0.583886-0.149108j 0.247286-0.145458j 0.750872+0.0870488j 0.0751456+0.131262j -1.58096-0.0163323j -0.291894+0.0393302j -0.172827-0.0723968j 1.55102+0.048155j -0.116559+0.210127j -2.4489+9.99201e-16j -0.715771-0.118446j 1.75403-0.158232j 1.04989+0.135495j 0.409341+0.107685j 1.16458+0.100354j -1.21473+0.159664j -3.06679+0.00749402j -0.576019+0.1185j -1.27765-0.147095j -1.89797-0.182082j 0.107016+0.0879871j -1.30341+0.175732j -1.30856-0.371514j 1.3952+0.514664j 2.57613+0.375423j 0.0482071-0.209493j 2.13592+0.14123j 0.53322+0.377157j 1.38667-0.261071j 0.471531+0.274817j 0.692776+0.00668691j 1.16354+0.708817j -0.00350553+0.14655j 0.612026+0.464079j -0.391701-0.557411j 0.283094+0.123669j 0.188848-0.247609j -0.0701357+0.267656j 0.143347-0.160185j 0.314038-0.0327695j -0.181311-0.147327j 0.426661+0.0399486j 0.27507-0.108658j -0.0831596-0.0451938j 0.766482+0.192781j -1.0144+0.018107j -0.0542917-0.0179402j -1.23614+0.31022j 1.05578+0.129884j 0.341322-0.105348j 1.08041+0.0125882j 0.492946+0.398513j 2.40782+0.202074j 1.62935+0.353865j -0.147427-0.383345j -0.776573-0.0612568j 0.39755-0.156708j -0.36613+0.146273j -1.73969+0.287764j 0.191246+0.505875j 1.05389+0.214047j 0.148008+0.768647j 1.35954-0.128427j 0.746114-0.362703j 0.898075+0.0724924j 0.979906+0.150453j 0.183947+0.136545j 1.88044+0.205844j 0.580449-0.0245928j -0.703737-0.087322j 0.172833-0.338367j -0.634904+0.204757j -0.413839-0.2886j 1.70622-1.2536j -0.71379-0.237369j 1.85359-0.113864j -0.932374-0.37664j 1.14364+0.355391j -1.16592+0.125556j 0.100573+0.15651j -0.552941+0.568318j 0.189887+0.254985j 0.739078-0.49575j -0.453289-0.675165j -0.521662-0.203779j -0.0566285+0.303051j -0.250425-0.140811j 0.412536+0.0626046j 0.252283-0.372266j 
-0.064609+0.00976833j 0.017603-0.127698j -0.0504913+0.0823835j 0.163853+0.0575353j 0.0245967-0.0838708j 0.342795-0.16179j 0.0988455-0.0455011j -0.477485-0.103202j 0.00337487+0.137228j -0.0279488+0.119577j 0.698673+0.140047j -0.141077+0.0642559j -0.715771+0.118446j -0.412894+2.33147e-15j 0.302357-0.0393543j 0.541913-0.239691j -0.0418759-0.260454j -0.0484124+0.0915515j -0.31891+0.112348j -1.57297+0.0654105j -0.234016+0.0707305j -0.566449+0.00885182j -0.296371-7.8681e-05j -0.011284-0.32886j -0.200066-0.196629j -0.843295-0.165955j 0.349757+0.58771j 0.823132+0.376548j -0.341779-0.181481j 0.2756+0.0182031j 0.183917+0.248431j 0.107847+0.161238j 0.134379-0.172863j 0.140523+0.0748871j 0.0382604+0.0110816j -0.0299451+0.264566j -0.01909-0.054609j 0.30255-0.256867j 0.0253839+0.0451194j 0.120456+0.0681607j -0.0745472-0.247757j 0.223869+0.0428666j 0.146583+0.0487422j -0.085198-0.0884442j 0.0386263-0.106244j 0.6521+0.196032j 0.0280338-0.192346j 0.0369946+0.0168808j -0.340572+0.17277j -0.0340964+0.342301j -0.0699801-0.0881647j 0.318541-0.297954j 0.516057-0.299351j 0.312189-0.351077j -0.0749079+0.0682044j 0.821939-0.271385j 0.741626-0.216367j 0.00256877+0.122829j -0.288486+0.303218j 0.0476702-0.446597j -0.170986-0.0648944j -0.602536+0.0358262j -0.249242+0.160927j 1.06856+0.4138j -0.531492+0.384286j 0.488831-0.0256225j 0.0899829+0.216703j 1.15059+0.073976j 0.303064-0.272979j 0.155183+0.154348j 0.336853+0.240504j -0.552442-0.0133701j 0.689045-0.209507j -0.708054+0.0324845j 0.033008-0.169995j -0.108757-0.230026j 0.484377+0.12162j 0.28924+0.203453j -0.340741-0.148485j 0.277955-0.561984j 0.39492-0.480964j 0.32303-0.0280645j -0.0318112+0.119216j -0.0850831+0.00637781j -0.229505+0.0279625j -0.673723-0.228667j 0.331021+0.143505j 0.365113+0.381131j -0.522857+0.508706j 0.121187-0.161462j 0.0584388-0.183793j 0.259986-0.247224j 
-0.00807672+0.0597952j -0.197847+0.0507685j -0.0980394-0.130091j -0.539202+0.00648213j -0.0134403-0.0212547j -0.640868+0.0681583j -0.186026-0.0768903j 1.23158+0.15761j 0.308429+0.138134j 0.217421-0.001675j -1.29837+0.120752j -0.138703-0.0355644j 1.75403+0.158232j 0.302357+0.0393543j -1.51436-1.58207e-14j -0.708548-0.339891j -0.121291+0.0758651j -0.744522+0.0473748j 1.04846+0.127599j 2.20717+0.300432j 0.71226-0.0332071j 0.986505+0.367075j 0.639495-0.277567j 0.154292+0.15571j 1.19021+0.354378j 1.97781+0.4742j -1.014-0.129693j -0.885517-0.250141j -0.184521+0.0806374j -0.973202+0.158318j -0.700752+0.141643j -0.984971+0.241766j -0.3744-0.182548j -0.444616-0.00337434j -0.976288-0.350582j -0.0380369-0.0339892j -0.0940844-0.0820559j 0.383928-0.0556933j -0.256807-0.230846j -0.0937327+0.0553464j 0.134238-0.123382j 0.136645+0.00704738j 0.0986937+0.238267j 0.233542+0.261395j -0.148664-0.176233j -0.551454+0.131945j 0.150871-0.158162j -0.549229-0.0763178j 0.535797+0.380452j 0.371469+0.316139j 1.34719+0.036159j -0.76964+0.0345131j -0.333971-0.225225j -0.828856-0.311794j -0.596761-0.107828j -1.55011-0.674506j -0.848245-0.180769j 0.124855-0.164256j 0.80603+0.0777243j -0.114916-0.204605j 0.179362+0.110132j 1.40182+0.178531j 0.21533-0.215517j -1.07074-0.411044j 0.0357877+0.484365j -1.01917+0.028944j -0.0914542-0.545079j -0.287929+0.0654798j -2.14546-1.26211j -0.0476809-0.0425843j -0.780181+0.058066j 0.713523+0.252307j 0.700156+0.0845142j -0.143358-0.239699j -0.434201-0.615046j -0.195162-0.0535003j -2.11926-0.325624j 0.0101842+0.21089j 0.0755134+0.00264987j 0.0282307-0.842971j -0.135696+0.223426j -0.0797743+0.114458j -0.302909-0.00571805j 0.14925-0.211891j -0.535211+0.364754j -0.480426+0.0765843j 0.420004+0.351644j -0.036581+0.0526134j -0.0779571+0.156167j 0.264035-0.0605908j -0.0312633-0.198906j -0.146615+0.126972j 
0.0064852+0.0306938j -0.091185+0.0505824j -0.120713-0.227013j -0.109503+0.0230822j -0.202956-0.064369j -0.459589+0.0620075j -0.120999-0.00518299j 0.689806-0.0771158j 0.370102+0.0825695j 0.204229+0.0914065j -0.871773+0.178655j 0.124309-0.258122j 1.04989-0.135495j 0.541913+0.239691j -0.708548+0.339891j -0.37362-1.99146e-15j -0.00476516+0.0506523j -0.591019+0.226735j 0.562853+0.0233424j 1.75552+0.0904568j 0.710412+0.142284j 0.853326+0.143099j 0.924426+0.507936j 0.173163+0.0249522j 0.670144-0.121161j 0.905836+0.105991j -0.389561-0.264093j -1.51589+0.277166j -0.752242-0.174j -0.939645-0.129644j -0.73432-0.137601j -0.357707+0.373607j 0.231237+0.00602262j -0.470815+0.28008j -0.270758+0.308843j -0.0661073+0.169279j 0.0550031+0.0888931j 0.522385+0.0711687j -0.189581+0.119588j 0.0403214-0.193134j 0.0231661-0.0988309j -0.0440979+0.280352j -0.174227-0.262147j 0.148767+0.0466614j 0.295967+0.042036j -0.286331-0.148812j -0.088726-0.0535455j -0.148164+0.365369j 0.719373+0.446355j -0.261288+0.421728j 0.718317-0.195007j -0.641253-0.0191028j -0.190254-0.18489j -0.609804-0.0147704j -0.268956-0.366249j -0.749458+0.35852j -0.813797-0.232798j -0.294939-0.289979j -0.00509104-0.0641665j -0.542735+0.131133j 0.095832+0.309819j 0.482503+0.50144j -0.0985466+0.303033j -1.20045-4.88688e-05j 0.382807-0.694897j -0.564087+0.0972601j -0.421323+0.203621j -0.0240361-0.178728j -0.682154-0.488175j -0.386399+0.594002j -1.03542-0.224997j -0.00826927-0.061642j 0.870264+0.413566j 0.275655-0.79139j -0.549749-0.267308j 0.612957+0.527555j -0.6582+0.00275294j -0.257782-0.208068j -0.585384+0.893149j 0.464638+0.251543j -0.547776+0.30258j 0.141608-0.601233j -0.469098-0.204424j 0.176848-0.342459j 0.153595+0.0583058j -0.114247+0.501262j -0.357993-0.0931473j 0.0427412+0.184002j -0.290029+0.228251j 0.247264-0.282896j 0.0565824-0.0413221j -0.2998+0.0900458j 
0.157897-0.0123976j -0.0736996-0.10465j -0.049127+0.0614565j -0.0842312+0.143169j -0.109141+0.151687j -0.252934-0.0674078j -0.0210047+0.089226j 0.125812-0.183994j 0.0771685-0.0748327j -0.138045+0.195162j -0.252367+0.0542382j -0.118371+0.0166761j 0.409341-0.107685j -0.0418759+0.260454j -0.121291-0.0758651j -0.00476516-0.0506523j 0.0465669+8.60423e-16j -0.118297+0.293712j 0.826389-0.0505486j 0.458641+0.49418j 0.0361285-0.0217989j -0.0262738-0.409152j -0.00584464-0.423921j -0.00565667+0.188268j 0.314629+0.102548j 0.334275-0.109046j -0.439708+0.25101j -0.658705-0.212814j -0.254907-0.0314534j -0.379592+0.234806j 0.494413+0.0869517j 0.0750149-0.182479j -0.0335582+0.192051j 0.0765567-0.0659301j -0.315157+0.262844j -0.0883629-0.236478j -0.194266-0.0154604j 0.0618861-0.330812j 0.12826-0.0372836j -0.121624-0.319897j 0.0914855-0.21805j 0.146295+0.0655026j -0.0899066-0.0585578j -0.118975+0.0530164j -0.420387+0.0795085j -0.0043646+0.0201531j 0.00349767+0.409288j -0.025291+0.386344j 0.256356-0.229813j -0.0109246-0.0149485j 0.227892-0.339236j -0.0116232-0.0547004j -0.210433+0.176488j -0.503897+0.0136454j 0.190239-0.0147979j 0.0519978+0.549118j 0.315536+0.1209j -0.252617-0.00838913j 0.595922-0.0250101j 0.596351+0.032305j 0.921423-0.203198j 0.255737+0.611316j -0.49492-0.254753j -0.0505299-0.0290818j -0.255428+0.444903j 0.507503+0.109629j -0.122807-0.181986j 0.0472308-0.00563662j -0.260362-0.211667j -0.172381+0.45791j -0.073212+0.330396j -0.262705-0.252053j -0.0422379-0.652681j -0.735391-0.267042j 0.900297-0.00683483j 0.0916726-0.390351j -0.631543+0.604337j -0.1159-0.280155j -0.483444+0.5152j 0.291849+0.310901j 0.403673+0.105603j 0.247306+0.0818901j 0.359796-0.251605j -0.0271552+0.102683j 0.166067-0.112884j -0.175926+0.157045j -0.278961-0.256918j 0.34354-0.185749j -0.035517+0.271947j -0.392136-0.0294912j -0.0665585-0.174465j -0.0301518+0.0310473j 
-0.00932481+0.0457342j -0.166102+0.0136115j -0.0290941-0.0558318j -0.353138-0.013729j 0.0731883+0.0629919j -0.44404-0.00392571j -0.164136-0.0776696j 0.763944+0.118213j 0.193402+0.0419583j 0.224442+0.315653j -0.690868-0.065203j -0.0071733+0.010109j 1.16458-0.100354j -0.0484124-0.0915515j -0.744522-0.0473748j -0.591019-0.226735j -0.118297-0.293712j -0.0929059-8.16014e-14j 0.61215+0.238809j 1.68058+0.0565738j 0.349466-0.0475079j 0.408236-0.206942j 0.49081+0.720162j 0.190119+0.341985j 0.635358+0.347805j 0.172876-0.708289j -0.398195-0.0742352j -1.33784-0.105734j 0.131502+0.0738463j -0.156466+0.353072j -0.132858+0.138476j -1.03449-0.0575985j 0.0742636-0.0921203j -0.299907+0.105291j -0.594217-0.099646j 0.0261826-0.0266802j -0.277579+0.0721485j 0.347008-0.0063474j -0.109605-0.22125j -0.0781589-0.0140962j 0.0437357-0.0290832j 0.171227-0.0300412j 0.0434779+0.287621j 0.0804698+0.352934j -0.249406+0.00681676j -0.276028-0.0690999j 0.0544887-0.0926057j -0.409121-0.0488725j 0.349027+0.190703j -0.145984+0.448444j 0.562387+0.0242963j -0.426767-0.239153j -0.401019+0.00552437j -0.803958-0.397824j -0.128849+0.140453j -1.09027-0.269456j -0.211659+0.189693j -0.26873+0.0571516j -0.0856097+0.1214j 0.0998779-0.119047j -0.0362214-0.000389027j 1.14409+0.498193j 0.591511-0.123942j -1.35083-0.690389j -0.998348-1.03155j -0.662801+0.0066756j 0.0205966-0.312231j 0.599077+0.264186j 0.172757-0.558765j 0.0281725+0.221862j -1.12681+0.194496j -0.404999-0.757625j -0.00889025-0.320192j 0.584053+0.259422j -0.411119-0.231781j 0.548537+0.83693j 0.00423017+0.135884j -0.134791-0.103631j -0.755887+0.0292479j -0.547604-0.874793j 0.165156+0.488671j -0.350475-0.0124111j 0.212384-0.0385092j 0.237415-0.190606j -0.475672+0.0447592j -0.0950743+0.196966j 0.0900395+0.191104j 0.0934853-0.182525j -0.0904978+0.0691541j 0.133683-0.0133759j 0.0475591-0.0651919j -0.140553+0.0319012j 
-0.106612-0.0374552j 0.166117+0.0781944j 0.131619+0.000721577j 0.406856-0.00369644j 0.247444+0.000348303j 0.512183-0.0921551j 0.103356+0.0238212j -0.873635+0.0600907j -0.175083-0.0398746j 0.0560245+0.166703j 0.973026-0.298315j -0.0388639+0.0461961j -1.21473-0.159664j -0.31891-0.112348j 1.04846-0.127599j 0.562853-0.0233424j 0.826389+0.0505486j 0.61215-0.238809j -0.400039-2.08444e-14j -2.02261+0.0851093j -0.365678-0.0133671j -1.13956+0.362556j -0.952676+0.0207371j -0.47111-0.302975j -1.08945-0.28744j -1.04035-0.317749j 1.18217+0.0748825j 1.39285+0.113374j 0.250278+0.292508j 0.914036+0.625525j 0.43396-0.356386j 0.69379+0.611173j 0.202757-0.105085j 0.390255+0.253256j 0.566737+0.100653j 0.0905164+0.140916j -0.130404+0.147505j -0.221005+0.074359j 0.0474574+0.201805j 0.105896+0.19511j -0.243483+0.189758j -0.214435-0.0310152j 0.00692702+0.0740159j 0.0282919+0.0404606j 0.240036+0.411628j 0.528833-0.244316j -0.175203-0.271516j 0.361851-0.160707j -0.60993-0.0724813j -0.411534+0.256916j -0.952583+0.246228j 0.736814+0.0160495j 0.0672204-0.229669j 0.2447-0.0299754j -0.118207+0.150943j 1.14435+0.195922j 0.498913-0.322722j -0.267206-0.483992j -0.243306+0.125072j 0.522895+0.212062j -0.0406928+0.0213095j -1.21515-0.0855306j 0.363346+0.47195j 0.81178-0.185315j -0.0309435+0.0577951j 1.32403+0.672529j 0.312752+0.0307832j 0.107022-0.133129j 0.864384+0.176349j 0.360724-0.54643j 0.611267-1.16499j -0.154809+0.251498j -0.310103+0.772783j -1.352-0.475564j 1.06604+0.35863j -1.16729-0.212083j 1.6107-0.236375j -0.147481-0.345947j 0.320634+0.276793j -0.423036-0.579068j -0.197123-0.516429j -0.582583-0.820708j 0.230486-0.235351j -0.417344-0.106946j 0.126195+0.198771j 0.520497+0.0540318j -0.126084+0.0725151j 0.0306248-0.339212j 0.146694-0.121595j 0.152633+0.132511j 0.0628486+0.339607j 0.0333772-0.0495246j 
0.0457239-0.176493j 0.461629-0.0188705j 0.12055+0.113158j 0.938596+0.113043j 0.260455-0.0179453j 1.29054-0.00800751j 0.0505464+0.323537j -2.40384+0.0694013j -0.515941-0.100708j -0.14103+0.0011349j 2.25258-0.0288183j -0.223111-0.0721429j -3.06679-0.00749402j -1.57297-0.0654105j 2.20717-0.300432j 1.75552-0.0904568j 0.458641-0.49418j 1.68058-0.0565738j -2.02261-0.0851093j -4.82744+1.91513e-15j -1.13099+2.49775e-05j -1.55002-0.0213898j -2.42713-0.226518j -0.188111+0.683601j -1.37183-0.00731341j -2.10073-0.281362j 2.19404-0.236697j 2.58155-0.090757j -0.0470248+0.0893389j 2.72575+0.0802692j 1.11979-0.0483729j 2.17291+0.0661156j 0.762394+0.0630603j 0.693212+0.361504j 1.74391-0.0939583j -0.178736-0.0226614j 0.3986+0.0249046j -0.912172+0.292425j 0.346291+0.434246j 0.115789+0.0873796j -0.404068-0.0386783j -0.325057+0.200683j -0.074296-0.145194j -0.109394-0.247798j 0.334567+0.398317j 0.840987+0.166261j -0.661213-0.0799909j 1.31617+0.186075j -1.50233-0.576476j -0.445387+0.0572364j -1.71681-0.111941j 1.23205+0.60209j 0.812755+0.17618j 0.911323-0.00490578j 0.389032+0.666746j 2.61917+0.682349j 2.66098+0.208691j -0.381622+0.596202j -0.923019-0.141307j 0.557169-0.172191j -0.641443-0.63058j -3.08151-0.625538j 0.482118-0.176463j 2.73503+1.02482j 0.154398+0.357931j 1.22345+0.322299j 0.301522+0.133645j 0.404372-0.304996j 2.05608-0.742103j -0.0403408+0.371273j 2.87151-0.18084j 0.636732+0.294499j -0.879511+0.0050139j -0.686393+0.22234j -0.326171-0.714922j -1.64169-0.366841j 1.88472-0.14281j -0.302258+0.684271j 0.427763+0.179096j -0.718519+0.329853j 0.58058-0.20177j -1.01407-0.171577j 0.0843681+0.134341j -0.685149+0.364057j 1.074-0.0715422j 0.696543-0.0353745j -0.599763-0.0431603j -0.081218+0.148047j 0.13363-0.397605j -0.216867+0.229752j -0.231902+0.446299j 0.247478-0.00242897j 
-0.0142914-0.0269701j 0.0415988+0.123317j 0.177258-0.00836723j 0.209765-0.102298j -0.0417058+0.0841103j 0.355438-0.12246j 0.123847-0.0258765j -0.337618+0.0543104j 0.130156+0.273866j -0.0124319+0.0314251j 0.466802-0.182295j -0.0277987+0.0676036j -0.576019-0.1185j -0.234016-0.0707305j 0.71226+0.0332071j 0.710412-0.142284j 0.0361285+0.0217989j 0.349466+0.0475079j -0.365678+0.0133671j -1.13099-2.49775e-05j 0.858899+3.4691e-13j -0.36806-0.0917091j -0.637038+0.0316899j 0.057608+0.0811759j -0.915931-0.00730489j -0.562292+0.0539658j 0.359705-0.187978j 0.375203-0.105244j -0.0519177-0.0786955j 0.502397+0.21659j 0.302554+0.166835j 0.153139+0.194785j 0.291739-0.160158j 0.033884-0.308044j 0.376322+0.123036j 0.0691703-0.0897097j -0.202869-0.233497j -0.175819-0.195669j -0.166815+0.272328j 0.213129+0.0600284j -0.111573+0.324231j -0.206085-0.0389457j -0.343302-0.0973981j -0.175902+0.016725j -0.120778-0.0346631j 0.185153-0.091682j 0.0847805-0.49429j 0.358282-0.139482j -0.154483-0.0350625j 0.210872+0.189257j -0.0911971+0.258212j 0.863291-0.163071j 0.30076-0.100504j 0.162193+0.158187j 0.0133382+0.0423469j 0.19861+0.374606j 0.853248+0.303453j 0.226802-0.0151926j 0.543823-0.291527j -0.767865-0.147665j 0.284082-0.0802433j -1.4046-0.103296j 0.476169+0.31555j 0.622016-0.12258j 0.112568-0.02891j 0.0596457+0.0346602j -1.93552+0.0144952j -0.143729-0.00146662j 0.31034+0.0783128j 0.295057-0.201827j 1.46951+0.105853j 0.15164+0.0745286j 0.683762-0.168109j 0.57222+0.234716j 0.456683-0.0477916j -0.610274+0.172406j -0.0206594-0.254849j 0.0970201+0.068058j -0.0436146-0.188716j -0.541272-0.15216j 0.638788+0.108462j 0.0653025-0.279655j -0.225458+0.0975884j -0.0116612+0.0832238j 0.206428+0.223299j -0.133059-0.561659j -0.086932-0.171534j 0.332941-0.0916759j 0.214435+0.00704206j 0.109644-0.116449j -0.0146526+0.328003j -0.0943561-0.115822j 
