-0.043134+5.55112e-17j -0.0477286-0.000192786j -0.0305104-0.000168927j 0.0374002-0.00222674j 0.0101232+8.73931e-05j 0.0343355+0.00113227j 0.0357133-0.0028577j 0.022802-0.000221989j -0.00330826-0.00168354j 0.0123003+1.57008e-05j -0.016755+0.00225279j 0.0404321-0.00136524j 0.00702158-0.000471337j -0.00513424-0.000940979j -0.000410017+0.000717307j -0.0135268+0.00173618j 0.0237329+5.53883e-05j -0.00363646-0.000118886j -0.0132009+0.00147787j -0.00766013+0.000686858j 0.00327915-0.000276518j -0.0200312-0.00131742j 0.00352613-0.000156974j 0.0188569-0.000890185j 0.00492837-0.0016599j 0.00446778-3.85211e-05j 0.0165018+0.000493702j 0.0225283+0.00116212j -0.0113824-0.000286007j 0.00104589-0.00188927j -0.0265888+0.001655j 0.00411972+0.000921985j 0.0408235+0.000802171j -0.0110734-0.00394189j 0.0354289-0.00165608j -0.00382015+0.00119701j 0.0371512+0.00482317j -0.0688475+0.0028509j 0.204967-0.00205951j -0.102752+0.00501183j -0.458727+0.00930896j 0.065598+0.0197323j 0.139743+0.000470682j 0.00549857-0.0100394j -0.00964578-0.00301362j -0.0560649-0.000970385j -0.0229042+0.0076422j 0.0618434+0.00240527j 0.00826818+0.00235353j 0.0103691-0.000777887j -0.0135921-0.00352768j -0.0540802+0.00294343j -0.0177859-0.00128268j 0.0133913+0.00436217j -0.0125649-0.000399719j 0.0062245+0.00116152j -0.0207077-0.000802972j 0.0424248-0.000947552j -0.00387562-0.000789843j 0.0210435-7.20104e-05j 0.00943401-0.00383691j -0.00547561-0.00144514j 0.0160735+0.00197028j 0.0135185-0.000347911j -0.000591034+7.95371e-05j 0.00925516+3.66597e-05j 0.014288-0.00133939j -0.00371637+7.44646e-05j -0.00166048-0.00326185j -0.0143909-0.00151669j 0.0143887+2.59964e-05j 0.0167629-0.00365177j -0.013273+0.00175808j 0.0141952+0.00042293j -0.00357865-0.000276043j 0.0166619+0.00112581j -0.00708058-0.00108195j 0.00104839-0.00255326j -0.0148648+0.0029512j 0.0117668-0.00151857j -0.0089643-0.00372712j 0.0170433-0.000717098j 0.00362398+0.00584802j -0.0295746-0.000712449j -0.017337+0.000721831j 0.0147985-0.00657618j 0.0329022+0.0017166j -0.0342788+0.00644718j -0.0206747-0.0166077j -0.0884846+0.00219467j -0.00127421-0.0200119j -0.100823-0.00913327j 
-0.0477286+0.000192786j 0.0612603-4.59702e-17j 0.0440304-0.00250774j 0.0283009-0.000110863j -0.01489+0.00027733j -0.0283002+0.00202718j 0.0311318+0.00103978j -0.0185416+0.0017684j 0.0159832-0.00056062j -0.00885005+0.000247307j -0.0308376-0.000658334j 0.00292172+0.00211475j 0.00780823+0.000606769j 0.0138181-0.000929694j -0.0123722+0.000197985j -0.012756-0.000703233j -0.00985118+0.00132431j 0.00198501-0.00054716j -0.0207641-0.00100248j -0.00505286-0.00046973j 0.00019867+0.000315655j 0.02381-0.00155933j -0.00785547+0.000895983j 0.0136081+0.00114407j 0.00748132+0.00156793j 0.00324442+9.52129e-05j -0.0162125+0.00180156j -0.0155218+0.00156834j -0.00521578-0.000223428j 0.0308727+0.000256385j -0.0176781-0.00229598j -0.0213515+0.00119099j -0.0104557+0.00401112j 0.0557838-0.000243925j 0.03561+0.00310399j -0.0257562+0.000940408j -0.077828+0.00187989j -0.0829815-0.00358688j -0.173047+0.00934172j -0.162307+0.00614429j -0.112745-0.0177084j -0.45237+0.00685161j -0.0192251+0.00997778j 0.147108-0.000302213j 0.0212937-0.00251004j 0.0433228-0.00670812j -0.0742602-0.000957175j -0.0228572+0.00616516j -0.0288499+0.00117867j -0.00687007+0.00115096j 0.0387768-0.0030264j -0.0122937-0.00636786j 0.00434154-0.00146979j -0.0279567+0.00160543j 0.00284902-0.00125446j -0.00800805+0.00182265j 0.0127999-0.00284722j 0.00356219+0.00460448j 0.00981495-0.000645716j -0.00457014+0.00351088j 0.026864+0.000845796j 0.0113322-0.000620898j -0.0184999+0.00351416j -0.00404809+0.00154113j -0.00124116-0.000855006j 0.00648086+0.00145771j -0.00101741+0.00289837j 0.000995503-0.000325394j 0.0197291+0.000241043j 0.0127121-0.00240486j -0.000513519+0.00219454j 0.0225034+0.00266981j -0.00691926-0.00189627j -0.00477192+0.000543055j -0.00384691+0.000623133j -0.0109453+0.00363792j 0.0114325-0.00325418j 0.0220395+0.000471286j -0.00996203-0.00310054j -0.00784084+0.00204771j 0.0231631-0.00297009j 0.00397563+0.00498942j -0.0279174-0.00195356j -0.00973398-0.00492197j 0.0305556-0.000582111j 0.0305246-0.0009046j -0.0173903+0.0119218j -0.017212-0.00607444j -0.083373+0.00262924j 0.0189657+0.0157018j 0.1099+0.00956032j -0.00181094-0.0199626j 
-0.0305104+0.000168927j 0.0440304+0.00250774j -0.0285525-8.82974e-16j 0.00421196-0.000592683j 0.0022413-0.00169281j -0.0291321+0.000535765j 0.0343372-0.000470456j 0.0461745-0.00204559j 0.0266773-0.00181978j -0.0107075-0.00132028j -0.0299371-0.000217968j 0.0130969-0.000589896j 0.00263666+0.00110364j -0.0202656+1.30836e-06j 0.014004-0.00184733j -0.036741+0.00139931j 0.0113824-0.00159336j -0.0103193-0.000604694j -0.0249448-0.000315236j 0.017019-0.00156269j 0.00798147-0.000340763j 0.00548224-0.000271223j 0.0370394-0.00163572j -0.0030967+0.0024699j 0.0494545-0.00155721j -0.00281581-0.00127j 0.0364755-0.00123519j -0.0223895+0.00047763j 0.0320974-0.00214317j 0.000996419+0.00134793j -0.0590503+0.00306966j 0.0218812-0.000673721j 0.0536512+0.00305009j 0.0995814+0.000660257j 0.0672129-0.00180705j 0.159273-0.00538331j -0.0679885+0.00160561j -0.519761+0.00362275j 0.216676-0.0109927j 0.355687+0.000504646j 0.232051-0.00592095j -0.125643-0.0068847j 0.00126249-0.00245262j -0.0390638-0.000656564j 0.0145649+0.00251137j 0.0625467-0.00409279j -0.00574785+0.00164319j 0.0603241-1.39225e-05j -0.0262446+0.00589604j -0.00846793+0.00485355j 0.0243601+0.00131486j -0.0006115+0.000697119j -0.0370017-0.00106114j 0.0326609+0.000312799j -0.0268417+0.00205751j 0.000459822+0.000671045j 4.43497e-05-0.00132066j 0.037337-0.000649181j 0.0136943-0.00382963j -0.0093232+0.00241819j 0.00247085+0.0038402j 0.00200071-0.00435665j -0.00604186-0.00307743j 0.00430078+0.00289013j 0.00774674+0.00256373j 0.0211932-0.00378503j -0.00892022-0.00442966j -0.0116487+0.00207137j -0.0172655-0.000924353j -0.00166499-0.00450337j 0.0106631-0.00433863j 0.00566442+0.00200238j 0.00657013+0.00398675j 0.0214863+0.00135011j -0.0394419+0.000767426j -0.00825145+0.000847869j 0.0157447+0.00617645j -0.00124372-0.00769265j 0.0125304+0.00330979j -0.010203-0.00113322j 0.0389716-0.00746302j -0.018404+0.00492066j 0.0546176+0.00251072j -0.0446251+0.0031954j -0.00932893+0.013527j 0.0859743+0.0014691j 0.0561898+0.00350778j 0.0711325+0.0101346j -0.042105+0.017223j -0.116446-0.0218014j -0.00302821-0.00853673j -0.00240016-0.0031677j 
0.0374002+0.00222674j 0.0283009+0.000110863j 0.00421196+0.000592683j 0.039343+3.38271e-17j 0.0416174-0.00100121j -0.0455837-0.00102j 0.0197165-0.000271851j 0.0240735-0.00041256j 0.0586496+0.000661814j 0.00409118-0.000310795j 0.0099403-0.000525301j 0.0058785-0.000573932j -0.00658192-8.48422e-05j 0.00809162-0.000297078j 0.00775115+7.79485e-05j -0.0141945-0.0010173j -0.00210842-0.000650904j 0.0115969-0.000465657j 0.00291181-0.000138497j 0.0184098+0.000555814j 0.0243362+9.22451e-05j 0.027169+0.000440568j 0.0127319+0.00191189j -0.0173258-0.00128467j 0.0363025+0.00277592j -0.00587322-0.00043034j -0.0103406+0.00150959j -0.0348887-0.00209817j 0.0479961+0.00246712j 0.00431402-0.00154147j -0.0448612-0.00157774j 0.00925301+0.00104263j -0.0919864+0.000754151j 0.0398217+0.00324933j -0.00569833-0.000533622j 0.154491+0.00615917j -0.615235+0.00600379j 0.161828-0.00518244j 0.298757+0.000518048j -0.205803+0.0101739j 0.110118+0.00942952j 0.1478-0.00600472j 0.0496351-0.0012406j 0.0220345-0.00551147j -0.0577747+0.00393242j 0.0521268+0.00434793j 0.00586311+0.000233221j 0.0444411+0.00511843j -0.0333693-0.000748311j -0.0464919+0.0027032j -0.00311399+0.00378475j 0.00720221+0.000413715j -0.0129699-0.00231991j 0.021997+0.00230124j -0.00187175-0.00308097j 0.0138115-0.00169604j 0.00945507-8.88227e-05j 0.00436308+0.00321894j 0.0158199-0.000620423j 0.00158011+0.000325278j -0.0105529+0.000531566j 0.0150589-0.000585978j 0.0101971+0.000215364j -0.0244829+0.00233184j -0.0135653+0.00144177j 0.0238857+0.00211813j -0.000690007-0.000262768j 0.0023934-0.00252048j 0.0055182-0.00163571j 0.00459971+0.000867721j 0.00952169+0.000830223j 0.00511579+0.00164214j -0.000207521+0.000115232j -0.0214361-0.0002886j -0.000925091+0.00071892j 0.000226222+0.00233212j -0.00734441+0.000687909j 0.0249152-0.00323002j 0.00435285-0.0047092j -0.0368368+0.00271599j -0.00201629+0.00687777j -0.000358645+0.0102959j -0.00505466+0.00309578j -0.0301456+0.00356515j 0.143032-0.00411855j -0.00964476-0.0174491j 0.0180219-0.00803638j -0.0158148-0.0200864j -0.0897764-0.014823j 0.025876-0.0109685j 0.00154854+0.00234869j -0.00133362-0.00618008j 
0.0101232-8.73931e-05j -0.01489-0.00027733j 0.0022413+0.00169281j 0.0416174+0.00100121j 0.0403031+1.3288e-15j -0.0185121-0.000344369j -0.0149099+0.000466113j 0.0258976-0.00109501j 0.0185509+0.00125719j 0.00881763+0.000644326j 0.0147178+9.82978e-05j -0.0159867+0.000878864j -0.0190191+9.34375e-05j -0.011535+0.00113506j 0.0352908-0.00132767j 0.00261782-0.000319665j 0.0198955-0.000640376j 0.0101568+0.000212842j 0.0072332+0.000482851j 0.0354459+0.000231049j 0.00307136+0.00047761j 0.0142288+0.000335934j 0.0114698-0.000369875j -0.0509338+0.000593042j -0.0197047+0.000389633j 0.028901-0.00125341j 0.00495105-0.00121938j -0.0117857-0.00126116j 0.0254727+0.000463073j -0.0389459-0.000750048j -0.0577941+0.000735922j -0.0231389-0.0016658j -0.193261-0.00224216j -0.103446+0.00121532j 0.0462558-0.00228228j 0.740334-0.00658094j 0.22921-0.00931727j 0.09542+0.00307387j -0.179168+0.000996361j -0.12206-0.00636928j -0.104035+0.0021843j -0.0173285-0.00203568j 0.0734475+0.000270801j 0.0624103-0.00438094j -0.0502078+0.00308135j 0.0247343+0.00553962j 0.0150297-0.000519791j 0.0269338+0.000316578j 0.00167945+0.00096061j -0.0104149+0.000604389j 0.0125905+0.00337586j 0.0170777+0.000215325j -0.00955982-0.00155521j 0.0206702-0.000965002j 0.00303273+0.00045862j 0.0228614-0.00565953j -0.000636577+0.00301476j -0.015232-0.00174666j 0.000579435-0.00556864j 0.00958693+0.00166395j 0.0139513+0.000855459j -0.00417398-0.00275613j -0.0103495-0.00107286j -0.0172058+0.00193078j -0.000445201+0.000413371j 0.0131937+0.00157174j -0.0495921-0.0022436j 0.0173045-0.00213386j -0.000913223-0.000922463j -0.0240766+0.00353833j -0.00313003-0.0028776j 0.002292+0.00097215j -0.00450358+0.0041155j 0.0119637-0.00175843j -0.0231002+0.0061337j -0.0190579+0.00331947j 0.000380377+0.0114042j -0.000578115-0.00581935j 0.0440656-0.005887j -0.0512167-0.00318068j -0.000553833-0.00207649j 0.0479162+0.0027668j 0.0555207-0.0040044j 0.0566542+0.00055016j 0.0108632-0.0115533j -0.000904796+0.0170668j 0.0166888-0.0134353j 0.151739+0.0186721j -0.00793989+0.00441036j -0.00613966-0.00671744j 0.00594842-0.000630401j -0.0052706+0.000574153j 
0.0343355-0.00113227j -0.0283002-0.00202718j -0.0291321-0.000535765j -0.0455837+0.00102j -0.0185121+0.000344369j -0.0471387+6.26899e-14j -0.0186466+0.000483909j 0.00575543-0.000228192j -0.0137001+0.000408767j 0.0136842-4.66538e-05j 0.0131712-0.000451272j -0.0399182+0.00112863j -0.0242813+0.000201266j -0.0178996+0.000695505j -0.00313029-0.000515791j -0.00193469-0.000773181j -0.0167034+0.000482352j -0.0123457+0.000352795j 0.0390065-0.000404995j 0.00316325-0.000661633j -0.0133683+0.000453212j -0.00525014-0.000220841j 0.00676454+0.00093784j -0.0302035+0.000271424j -0.0651985+0.00266448j -0.0238551+4.2017e-05j 0.00217744+0.000905366j -0.0465614-0.000401484j -0.00173329+0.000844152j -0.0891937+0.000225068j 0.1177-0.0008231j -0.0642448+0.00112666j -0.171891+0.00333426j 0.00632463+0.00190249j -0.723032+0.00256396j 0.027631-0.00208607j -0.0401266+0.00240829j -0.336716-0.00124982j -0.0362761+0.00242793j -0.138145-0.00265737j -0.131031+0.000919123j 0.0639174-0.00348145j 0.00837109-0.00480017j -0.0896444+0.00169302j 0.0266495+0.00380242j 0.0401694-0.00220979j 0.00265018-0.00402022j 0.00994684-0.000649078j 0.0231288+0.000564417j -0.00507921-0.00209951j -0.0032806+0.00209509j 0.0124975-0.000554479j 0.0109142-0.000754418j 0.0159734-0.0044201j -0.00707065+0.00597687j -0.0365863-0.00148501j 0.0010719+0.00109437j -0.0217528+0.00509405j -0.0113056-0.000790047j -0.000999332-0.000376195j -0.0135818+0.00364786j -0.0143121+0.00274588j -0.00701225-0.00549522j -0.0068118+0.000748311j 0.00732004+0.000460154j -0.00886813-0.00514278j -0.0299404+0.00697293j 0.0128614-0.00152862j 0.000558763+0.00260134j 0.0155276-0.000871742j -0.0014577+0.00199522j -0.00477407+0.00614972j -0.0190076-0.00173159j 0.0180622-0.00458439j 0.0558787-0.00352339j 0.00148874-0.00441491j 0.0234334+0.00532136j 0.0483542-0.00664959j 0.0243101-0.00237863j -0.00541134+0.0114647j -0.0424946-0.00560954j -0.0615401+0.00227527j -0.0575665-0.00273066j 0.0087597+0.00850149j 0.0240865+0.0134926j -0.014238+0.00945319j -0.135276-0.00825437j 0.00364692-0.0100661j -0.00519047-0.000976129j -0.0162683+0.00234573j 0.00209507+0.00202655j -0.00512633+0.00174155j 
0.0357133+0.0028577j 0.0311318-0.00103978j 0.0343372+0.000470456j 0.0197165+0.000271851j -0.0149099-0.000466113j -0.0186466-0.000483909j 0.0405008+6.41848e-16j -0.0117391-0.000878062j 0.0517707+0.000486356j 0.0152775+0.000102483j -0.0251282+0.000487553j 0.00535984+0.000506756j -0.00273709+0.000377338j 0.0387482+0.000874448j 0.00210383-0.00167331j -0.0439228+0.000489776j -0.0185747-0.000843913j 0.00151244+0.000499907j -0.0172252+0.000236474j -0.00529502-0.000419566j -0.000682982+0.00122722j 0.0509564+0.000232749j 0.0178034-0.000205231j -0.0161851+0.0011059j 0.096811+0.00254122j 0.00480096-0.00118428j -0.0002386-0.000672923j -0.073364-0.000527523j 0.0810262+0.00116465j 0.0116616+0.00109328j -0.0826628-0.000868352j 0.0117794+0.0016812j -0.282903+0.00248994j 0.691561-0.00383218j -0.000543807+0.00159906j -0.0792207-0.00119946j 0.324086-0.0048474j 0.116303+0.00357409j 0.132829+0.00485674j -0.142282+0.000851941j 0.060764-0.000958323j 0.159749-0.00408767j -0.00842229+0.00205297j 0.0312251-0.000462768j -0.00171444+0.000237704j -0.00463777-0.00326856j -0.0254146+0.000686169j 0.0211097+0.00107372j -0.00536499-0.00284001j -0.0405947+0.00411225j 0.0106468+0.00126109j -0.0139949-0.000994876j -0.0257408-0.00342031j 0.00870384-0.0025327j 0.0260345-0.00127947j -0.000367758+0.00240376j 0.00949974-0.000245468j 0.0410164+0.000196856j 0.00281966-0.00202924j 0.00993358+0.000647631j 0.0141655+0.00294187j 0.00354533-0.00100932j -0.0227429-0.000554089j -0.00983771+0.00238091j 0.0102277+0.000352509j -0.00448318-0.000524243j -0.00400682+0.00258454j 0.0152595-0.00193317j 0.0143506-0.000651691j -3.32081e-05-0.00345279j -0.00482449-0.00280337j 0.00468573+0.00589934j -0.0154711+0.00690381j 0.0221637-0.00480239j -0.0283661-0.00285784j -0.0146355+0.00325104j 0.0654481-0.00976967j 0.0080446-0.00479466j -0.0262866+0.00137762j -0.0693202-0.00346378j 0.0694809-0.0147252j -0.0123143-0.00688307j -0.0154375-0.0115973j -0.0165759+0.000962j 0.0559033-0.00640708j 0.118204+0.016598j -0.0104446+0.00669989j -0.00680845-0.00412805j 0.0178206+0.0016742j -0.00332112-0.00748676j -0.00811005+0.000743106j -0.00460074-0.000766876j 
0.022802+0.000221989j -0.0185416-0.0017684j 0.0461745+0.00204559j 0.0240735+0.00041256j 0.0258976+0.00109501j 0.00575543+0.000228192j -0.0117391+0.000878062j 0.00947997-6.95819e-15j 0.0107664+0.0016189j 0.0151956+0.00146877j 0.0175112+0.0009338j -0.0220563+0.00132996j -0.025722-0.000626324j 0.0259221+0.00121167j 0.0336397+0.000446981j 0.00882051-0.00071728j 0.0226979+0.00120563j 0.0244725+0.000871929j 0.00308966+0.000277322j 0.0323422+0.00211966j -0.0184265-0.000269558j 0.0399649+0.000484175j -0.0173429+0.00059177j -0.0679862-0.00182935j -0.0416453+0.00171433j 0.0666192+0.00102368j -0.0283917+0.000193035j 0.014961-0.000238352j 0.00147882+0.00146465j 0.00245053-0.00035207j 0.0156656-0.00241103j -0.029555+0.00062668j -0.676596-0.00125301j -0.325705-0.000257092j 0.286317+0.000756468j -0.282154+0.00370634j 0.0390593+0.00424717j -0.270404+0.00384768j 0.00972505-0.000167013j 0.0324446-0.00234868j -0.0288789+0.00251889j 0.0937907+0.000364148j -0.00570895+0.00446549j 0.0581704+0.000158173j -0.0357783+0.000576992j -0.00929646+0.00381106j 0.0216875-0.000678714j 0.0238435-0.002765j 0.021382-0.000136722j 0.000882189-0.000854934j 0.0211162+0.00316524j 0.0270108-0.00431926j 0.0116608-0.00412072j 0.0198585-0.00323162j 0.0222359+0.000205687j 0.0346189-0.00307747j -0.00524609+0.0039278j -0.00660964-0.00250606j 0.00983093-0.00530113j 0.0231668+0.00126225j 0.0196051-0.000109085j 0.00144607-0.0015573j -0.0116812+0.00132361j -0.0201106+0.00108934j -0.00453862-0.00224057j -0.000914572+0.0060206j -0.0345976+0.00242026j 0.017251-0.00521674j 0.0257317-0.000249465j -0.0254906+0.00574493j -0.0181521-0.0025799j 0.0221111+0.000299169j -0.00532018+0.0042279j -0.0492207+0.00208985j 0.0406985+0.00137774j 0.00162604+0.00427522j -0.00754899-0.00390259j -0.00293366-0.00110861j -0.0521549+0.00456823j -0.0923072+0.0107665j -0.0210507-2.90089e-05j 0.000980635-0.00772676j -0.058057-0.00623972j 0.0348574-0.0138628j 0.0947375+0.00446414j -0.0287945-0.00204422j 0.0194166-0.00677981j 0.00214746-0.00231727j 0.000956837-0.00753847j -0.0138508-0.00391597j -0.000831527+0.00133003j -0.000589082+0.000327238j 
-0.00330826+0.00168354j 0.0159832+0.00056062j 0.0266773+0.00181978j 0.0586496-0.000661814j 0.0185509-0.00125719j -0.0137001-0.000408767j 0.0517707-0.000486356j 0.0107664-0.0016189j 0.0434915-3.28817e-15j 0.0398798+0.000718008j -0.0130486+2.3149e-05j 0.0578196+0.000118229j 0.0049715-2.27659e-05j 0.00601042+0.00123938j -0.00180791-0.00123563j -0.0390003+0.000160581j 0.0159049-0.00107856j 0.00159363-0.000124505j -0.0245681+0.000519888j 0.0261671+0.000587248j 0.0297762+0.000359102j 0.00497067+0.000451663j 0.0329234-0.000555438j -0.00648505+0.00105473j 0.122995-9.77888e-05j 0.0357294-0.00142183j 0.0511009+0.000529372j -0.040715-0.0010325j 0.0955366+0.000790141j 0.00634878-0.00229916j -0.77872+0.00319327j -0.137052+0.000113855j 0.000101422-0.00187574j -0.235865+0.00253927j -0.254918-0.000971485j -0.157928-0.0003128j 0.0921599-0.0001888j 0.0790012+0.00149165j -0.0470863-0.00180052j 0.0327858+5.31918e-06j 0.0870828+0.00101273j 0.00849218-0.00112382j 0.012384+0.00384255j 0.0791352-0.00407857j -0.0185833-0.000411224j 0.0136093-0.000561758j -0.0379316+0.00208931j 0.0226722+0.00386002j 0.00318683-0.00262147j -0.0377956-0.00028593j -0.0152998-0.000313221j -0.0270393+0.00444679j -0.0144678-0.00277539j 0.0201044+0.00135962j -0.00674031-0.0013482j -0.000335306-0.00176527j -0.00217334-0.000806739j 0.0261615-0.000387926j 0.0141392-0.00427406j -0.000378832-0.00173889j 0.00381846+0.000782561j -0.00369992-0.00166302j 0.0116117-0.00136235j -0.0019601+0.00183175j -0.00918354-0.00209437j 0.0192838-0.00128799j 0.00219667-0.00476162j 0.0193651-0.00175285j -0.0129755-0.00427745j -0.00092799-0.00369744j -0.00159213-0.00478809j 0.0197816-0.00491311j 0.0485046-0.00126192j 0.021211-0.0055168j -0.0880852+0.00163465j 0.0433237-0.00117507j 0.0215433+0.000468971j -0.00266413+0.00730812j 0.020452-0.00578122j -0.0745794+0.00234228j 0.000582986+0.00195837j 0.0590492+0.00114729j 0.0794438+0.0167j -0.0886504-0.000903332j -0.00490652-0.00775999j -0.0133511+0.000914551j -0.0134112-0.000990235j -0.0025516+0.00107131j 0.0110149+0.000535565j 0.0122627-0.00544627j -0.000392516-0.000591668j 0.0019385-0.00106965j 
0.0123003-1.57008e-05j -0.00885005-0.000247307j -0.0107075+0.00132028j 0.00409118+0.000310795j 0.00881763-0.000644326j 0.0136842+4.66538e-05j 0.0152775-0.000102483j 0.0151956-0.00146877j 0.0398798-0.000718008j -0.00049569+5.29676e-15j 0.0381601+0.000406141j -0.00204416-0.000890167j -0.0100772-3.39353e-05j 0.0146758+0.000876718j 0.0145393-0.000420266j -0.0130401+0.000688865j 0.00517819-0.000731571j -0.000883899+0.000934278j 0.0168999+0.000199627j 0.0340014-0.00146979j 0.0120821-0.000492422j 0.000931141+0.00125898j 0.016768-0.00156093j -0.0251523-0.000533782j 0.0722666-0.000379646j 0.00133962+0.00095567j 0.0446591-0.0022808j -0.0615516+0.000477583j 0.184315-0.00115634j -0.180339+0.00227571j -0.0484561+0.000797759j 0.859909-0.00166183j -0.0122401-0.00234615j -0.0653221+0.000587081j -0.0638927+0.00127803j -0.0736467-0.00108701j -0.00369036-0.000451231j -0.0321491+0.000209431j -0.109393-0.000407751j -0.0890925-0.0025528j -0.0371642+0.000567452j -0.0420196-0.00250935j 0.0130321-0.000946919j 0.0125683-0.00156279j -0.00601952-3.6819e-05j -0.0210107+0.000944037j -0.0115296+0.00441518j 0.0327199-0.000298421j -0.0298838-0.00191607j -0.0329382+0.00466146j -0.00986781+0.00578232j 0.0142842+0.00192712j -0.0018955-0.00119043j 0.0113175+0.000621487j 0.0119792-0.0015597j 0.00619422+0.00489347j -0.00497035+0.000202699j 0.0306736-0.000975209j 0.0123383+0.00133896j -0.016996+0.00149987j -0.0163175+0.000501491j 0.00353417+0.000132533j -0.000423025-0.00476907j 0.00590291-0.0010237j -0.0200809+0.00893163j -0.0022226-0.000688224j 0.000473127-0.00377633j -0.0303172-0.000683484j -0.000799484-0.000117966j -0.017478+0.000583053j -0.0128704-0.00364587j -0.0446486+0.00353798j 0.00506692-0.0054342j 0.0168653+0.00569825j -0.0452976+0.000779042j -0.0288594+0.00398256j -0.0430617+0.00684534j -0.0806127-0.00366123j 0.0123682+0.0128478j -0.0281901+0.00370126j 0.0299897+0.0123021j -0.0321227-0.00277581j 0.103539-0.000512411j 0.0758133+0.00741957j 0.00279529-0.00562592j 0.00461509-0.000680107j -0.00458199+0.0038155j -0.00855642+0.00359596j -0.00601721+0.00180832j 0.00340135-0.00261745j 0.00591771-0.000642854j -0.00250416+0.000101643j 
-0.016755-0.00225279j -0.0308376+0.000658334j -0.0299371+0.000217968j 0.0099403+0.000525301j 0.0147178-9.82978e-05j 0.0131712+0.000451272j -0.0251282-0.000487553j 0.0175112-0.0009338j -0.0130486-2.3149e-05j 0.0381601-0.000406141j 0.0273985+1.471e-14j 0.0012634+0.000921866j -0.0106994+0.000755608j -0.0391105+0.000682576j 0.0280767-0.00157677j 0.014233+0.00101178j 0.019902-0.000394495j -0.0319604+0.00138428j 0.0406189+0.000485013j 0.0536845-0.000467937j -0.00920167+0.000821729j -0.0750312-0.000351742j 0.00433786-0.000568927j -0.0197822+0.00119051j -0.120942+0.00128362j -0.00296068-0.00125054j 0.120502-0.00191091j 0.160397-0.000534946j -0.0710528+0.000851715j -0.805177+0.00222776j -0.122854-0.000572982j -0.149161+0.000648843j -0.00291829+0.00180182j 0.160852-0.00201295j 0.152277+6.59402e-06j -0.0545207+0.00131263j -0.11659-0.00181326j 0.0210216+0.000308279j -0.117109-0.00221217j 0.0560603-0.00306625j -0.0329711+0.00142686j -0.0742344+0.00158474j 0.0403429-0.00137567j -0.0015493-0.00231407j -0.00535715+0.00112299j 0.00220926+0.00178865j 0.014239-0.00102638j 0.00357858-0.00120784j 0.0249969-0.00243698j -0.0141484-0.00188629j -0.0139414+0.00162158j 0.0121044+0.00320273j -0.0219403-0.000471838j 0.0128698-0.000242604j -0.00226359+0.00411757j -0.00781218-0.00401351j -0.0221434+0.000931708j -0.0132674+0.00326412j -0.0129516-0.00177452j -0.0357999+0.00272529j -0.0123384+0.000221775j 0.00648329-0.000773512j -0.0162865-0.00851821j -0.000736087-0.00173338j 0.0239591-0.00327704j -0.0327329-0.00213209j -0.0127726-0.00466863j 0.0354317-0.0124424j -0.0204223-0.00272889j -0.046528+0.00278619j 0.0268592+0.00322643j -0.0306997+0.00761976j -0.021382+0.0042251j 0.0350113+0.00184452j 0.0452635+0.00167017j -0.00634265+0.00304144j 0.0583865-0.000301252j -0.0278284-0.00640982j 0.01855-0.0058293j -0.000820839-0.0055609j -0.118604-0.00332675j -0.0897094-0.0149761j 0.0246347+0.00218549j -0.0201616+0.00831301j 0.0120077+0.00402625j 0.00564624+0.0035627j -0.00109485-0.00294342j -0.00429509-0.00265481j -0.0105362+0.000538273j 0.0052573+0.00102612j 0.00567671-0.000593723j 0.00256495+0.000128835j 
0.0404321+0.00136524j 0.00292172-0.00211475j 0.0130969+0.000589896j 0.0058785+0.000573932j -0.0159867-0.000878864j -0.0399182-0.00112863j 0.00535984-0.000506756j -0.0220563-0.00132996j 0.0578196-0.000118229j -0.00204416+0.000890167j 0.0012634-0.000921866j -0.00147832-2.40628e-15j -0.00913202+0.000223451j 0.0366163+0.000746365j -0.0165401-0.00144072j -0.0290713+0.000114319j -0.03902-0.00143403j 0.0289163-0.000180733j 0.0413369+0.000735072j 0.0328427-0.00144787j 0.0294345+0.00134614j 0.0709556+0.00025959j 0.0497263+9.27192e-05j -0.0805319+0.000668423j 0.163494-0.000100294j -0.0816151-0.00119282j -0.0895512-0.00114952j -0.447254-0.000259788j 0.563616-0.00104743j -0.226355+0.000912641j 0.200618-0.0011754j -0.259329-0.00109978j 0.180392-0.000881351j -0.189332+0.00112535j 0.127955-0.00148408j -0.0634324+0.00135957j 0.0904325-0.000238129j -0.0613615-0.000286662j -0.00680251+0.00313912j -0.133508-0.00167758j -0.048144+0.000480284j 0.0884474-0.00508328j 0.0130235-0.000327667j 0.0157402-0.00140523j 0.00223744+0.00133541j 0.00387775-0.000942379j -0.0199689-0.000949215j -0.00899346+0.0022348j -0.0246053-0.00363283j -0.0310038+0.00523314j -0.00500874+0.000703274j -0.0169683+0.00336309j -0.0152368+0.0029589j 0.0182204+0.000385411j -0.00560985-0.00443682j 0.000287114-0.000603521j 0.0104707+0.000708243j 0.0323057+0.000325117j 0.0499296-0.000970429j -0.0218085+0.00427387j -0.0251909+0.0091516j -0.0147097+0.00249623j -0.019753+0.00048876j -0.0164585+0.000451051j 0.0112938+0.00365142j 0.0123435-0.00651468j -0.00834093+0.000103875j -0.0095186+0.00727841j 0.00159516+0.000144013j 0.0547032-0.00902153j -0.0113993-0.00219905j -0.0450695+0.00287336j -0.0217855+0.000813191j -0.0122427+0.00277981j -0.0698513+0.00104495j -0.0396741-0.0042739j 0.0435764+0.00263449j 0.0228965-0.00514382j 0.0390162-0.00549309j -0.0437237+0.00488376j 0.0868291+0.010359j -0.0782443-0.00226076j 0.00120372-0.00193152j -0.00716149+0.00367642j -0.0157959-0.00456699j -0.0065913+0.00215452j 0.00408922+0.00412318j -0.00811028-0.00103017j 0.00607587+0.000706774j -0.0062392-0.00416802j 3.15961e-05-7.32385e-06j -0.00641787+0.000513857j 
0.00702158+0.000471337j 0.00780823-0.000606769j 0.00263666-0.00110364j -0.00658192+8.48422e-05j -0.0190191-9.34375e-05j -0.0242813-0.000201266j -0.00273709-0.000377338j -0.025722+0.000626324j 0.0049715+2.27659e-05j -0.0100772+3.39353e-05j -0.0106994-0.000755608j -0.00913202-0.000223451j 0.00630785-7.97387e-15j 0.0120655-0.000269588j -0.0414626+0.000206737j -0.00679343-0.000624798j -0.0352155-0.000301117j -0.00126647-0.000868856j -0.00384838+2.85643e-05j -0.0246752-0.000669448j 0.00738137+0.000684917j 0.0346514-0.000437017j -0.0273841+0.000401416j 0.0510745+0.000878206j 0.00645387-0.000250226j -0.0931499+0.000573849j -0.173664+0.00140589j -0.659231+0.000317836j -0.618111+0.00208709j -0.154558+0.000160292j -0.0965707+0.000746198j 0.0915497+0.000640661j 0.00615109+4.98524e-05j -0.0576822+0.00121332j 0.0633246+0.000146923j 0.0252724+0.000558586j 0.0343347+0.000803319j -0.00311804-0.000723394j 0.0621595+0.00168723j -0.00604456+0.000919515j -0.00236319-0.000657174j 0.055222-0.000542577j 0.00145303-0.000541594j -0.0151159+0.000578626j 0.0101238+0.000134418j 0.00891724-0.00142123j -0.00523346-0.00278808j -0.0242519+0.00130094j -0.00695203-0.00159836j -0.0029697+0.000304952j -0.00289538-0.00139936j -0.00105968-0.000631257j 0.0116168+0.0039301j -0.00817875-0.000502012j -0.00953592+0.00016411j -0.0169854+0.000603981j -0.00151326-0.00101115j -0.000520641+0.000994461j 0.0102186-0.00105275j -0.0141695+0.00351918j 0.0081084-0.000529509j -0.00320545+0.00358387j -0.000388094+0.00202378j 0.00108457-0.000986673j -0.0156156+0.00477182j 0.00362127+0.0010574j -0.00625522+0.00369101j 0.00390254+0.0028082j 0.0188225+0.00444611j 0.0616217-0.00859733j 0.0202844+0.000554584j 0.0119388-0.00238974j -0.0292562+0.00144419j 0.0237455-0.002214j 0.00866675+0.000711407j -0.0375716+0.0029011j 0.0420122+0.000487642j 0.0735468+0.0023394j -0.084402-0.00696436j 0.0189774+0.00199678j 0.00709397+0.000452973j -0.0112465+0.00176747j 0.00872805-0.000950127j -0.00220446+0.00152407j -0.00548386+0.00208042j -0.00324448+0.000682336j 0.00590728+1.10246e-06j 0.00252562-0.00156753j 0.00504335-0.000281131j -0.0046807+0.000256943j -0.00357727+0.000263874j -0.00130059+0.000366783j 
-0.00513424+0.000940979j 0.0138181+0.000929694j -0.0202656-1.30836e-06j 0.00809162+0.000297078j -0.011535-0.00113506j -0.0178996-0.000695505j 0.0387482-0.000874448j 0.0259221-0.00121167j 0.00601042-0.00123938j 0.0146758-0.000876718j -0.0391105-0.000682576j 0.0366163-0.000746365j 0.0120655+0.000269588j -0.00751815-2.77276e-14j -0.0121079-0.00171894j -0.0546566+0.000860531j 0.000666364-0.00099015j -0.0454409+8.21293e-05j -0.0554803-0.000570978j -0.046683-0.00165163j 0.0271552-9.74613e-05j -0.0400076-7.58692e-05j 0.128321-0.000809501j 0.153355+0.000819753j 0.350179-0.000626242j -0.128896-0.000137614j 0.748691-0.00112762j -0.112914+0.000459958j -0.135084-0.000960284j 0.0285515+0.00145402j 0.199255-0.00128341j -0.0760744-0.00116623j -0.136146+0.000566159j -0.110304+1.98701e-05j -0.018541-4.22024e-05j -0.00550904-0.00101235j 0.000454039-0.000913782j 0.0866238+0.00187687j -0.0460105-0.000892632j -0.0316284+0.000371928j 0.0529834-0.000714612j -0.0380227-0.00116703j 0.0109288-0.00164752j -0.00640873-0.00201718j 0.0184277+0.000228246j 0.0323767-0.00425031j -0.0262249+0.000923568j 0.0216134+0.00300834j 0.0077629+0.00215968j -0.0100733-0.000844502j -0.000939117-0.00219288j -0.0325516+0.00337549j -0.00836092-0.00559781j 0.00399271-0.000293168j -0.00463751+0.0026968j -0.0159742+0.00504287j -0.00275963-0.00158083j 0.0466737-0.000884754j -0.0115893-0.000203913j 0.00541314-0.00438479j -0.00901389-0.00344983j 0.0255092-0.00303673j 0.0196356-0.00996594j 0.0281983-0.000433886j 0.0251357-0.00349385j -0.01534+0.00246812j 0.0354843-0.00433485j -0.0616627+0.00407957j -0.0755479+0.00501567j -0.021188+0.00140607j 0.0201941-0.00152652j -0.0141891+0.00315905j 0.0661742-0.00214101j 0.0489933+0.0029355j -0.0860066-0.00474629j -0.0121454-0.00325823j 0.061304-0.00490795j -0.0980751-0.0116111j -0.00594847+0.00304954j 0.0408807+0.000622706j -0.0100666+0.000171598j 0.00320741-0.00241502j -0.0078121+0.00374002j 0.00771457+0.00450142j 0.00798818-0.00321553j -0.00836634+0.000787373j -0.00951456+0.00452542j 0.00110933-0.00118337j 0.00068903+0.00348792j 0.0136754-0.00118513j 0.00105266-0.000238628j 0.000445878-0.000497441j 
-0.000410017-0.000717307j -0.0123722-0.000197985j 0.014004+0.00184733j 0.00775115-7.79485e-05j 0.0352908+0.00132767j -0.00313029+0.000515791j 0.00210383+0.00167331j 0.0336397-0.000446981j -0.00180791+0.00123563j 0.0145393+0.000420266j 0.0280767+0.00157677j -0.0165401+0.00144072j -0.0414626-0.000206737j -0.0121079+0.00171894j 0.0538796-4.89264e-14j -0.00158524-0.000598035j 0.0624287+0.0013789j 0.0109639+0.00110393j 0.00160624+0.000283871j 0.0845787+0.000386307j -0.0395103-0.000542781j -0.0077805+0.00132607j 0.0351676-0.000843847j -0.273001-0.000118983j -0.319466+0.000644158j 0.67336+7.7217e-05j 0.319272-0.00106928j -0.277067+0.00050063j 0.00231273-0.00097253j 0.0981699+0.00133324j 0.0243568+0.000718257j -0.00674096+0.000641599j 0.157188-0.000165764j 0.0699021-0.0016919j 0.00785999+0.000345308j -0.0482976-0.0020947j -0.0397553-0.000185769j 0.0214127+0.00132281j -0.0200446-0.00096485j 0.0098407-0.00181545j -0.0289104+0.000351578j -0.00742376+0.000896027j -0.00122372+0.00160258j 0.0198761+0.000410294j -0.0328069+0.00293303j 0.0134917+0.002331j 0.00884947+0.00184978j 0.0415423-0.00107574j 0.00903821+0.00523787j 0.00600147-0.00159771j 0.00617726+0.00639595j 0.0279574-0.00180079j 0.00992408-0.00165816j 0.0390601-0.00289703j 0.00392362+0.00610122j 0.0172578-0.00251932j -0.0075361+0.00520481j -0.00438318-0.00121476j -0.0126234-0.00408365j 0.0278554-0.00315468j 0.00411497+0.00302847j -0.0159724-0.00327777j -0.00725469-0.00537611j 0.00853982+0.00592551j -0.0108632+0.00234001j -0.000544324+0.00449953j -0.0893062+0.00834488j -0.00419228+0.00119925j 0.0390485-0.00589612j 0.00275764-0.00290777j -0.134153+0.000242375j -0.00266636-0.00149326j -0.0218119-0.00453692j -0.0194765-0.00207948j 0.0388944+0.000853002j 0.0548226+0.00310184j 0.0842862+0.00911399j -0.062642+0.00179473j -0.0205415+0.0102721j -0.0413874+0.000702491j -0.00661631-0.00307301j 0.00862714-0.00916097j -0.000192186-0.00103674j -0.00471024-0.00511923j -0.000458605+0.00165681j 0.000672492+0.00495715j 0.00168699-0.00165362j -0.0064629+0.00127419j -0.00452847-6.63e-05j 4.28823e-05-0.000959319j 0.0013823-9.00263e-05j 4.44356e-05+0.000100041j 
-0.0135268-0.00173618j -0.012756+0.000703233j -0.036741-0.00139931j -0.0141945+0.0010173j 0.00261782+0.000319665j -0.00193469+0.000773181j -0.0439228-0.000489776j 0.00882051+0.00071728j -0.0390003-0.000160581j -0.0130401-0.000688865j 0.014233-0.00101178j -0.0290713-0.000114319j -0.00679343+0.000624798j -0.0546566-0.000860531j -0.00158524+0.000598035j 0.0338669-1.2699e-14j -0.00544361-0.000538341j -0.0274554-0.000280977j 0.0476948-0.000485992j -0.00536583-0.000348802j -0.0163223+0.000127165j -0.112195+0.0004366j -0.00982832+0.000281488j 0.0377993+0.000198321j -0.593976+0.00198568j -0.50805-0.000201187j 0.260823-0.000304885j -0.199654+3.48846e-05j 0.225263-0.000763827j 0.187724+0.000260588j -0.184534-0.000363802j 0.0387171-0.00110476j -0.0582862+0.00147709j 0.0710637+0.000883724j 0.0992966+0.000549959j -0.00979262-0.000373298j -0.033415+0.000609808j 0.01606-0.000696514j -0.00956237-0.000285471j 0.02881-0.0004044j -0.0354723-0.000355356j -0.0365753+0.00166297j 0.0324197-0.00318942j -0.0369834-0.000758855j 0.000859501+0.00103042j 0.0105864+0.0025658j 0.030261-0.00363027j -0.0185278-0.000495859j 0.00458252+0.000926748j 0.0195847-0.00142395j -0.00668493-0.000762969j 0.0147863+1.55893e-06j 0.00894015+0.0033139j -0.00448725-0.000281869j -0.0168536+0.00228447j -0.0149799-0.00261156j 0.00332325-7.57457e-05j -0.0377734+0.00414341j -0.00768469+0.00130392j -0.0291055+0.00344052j -0.0223897+0.0017595j -0.00591384+0.00304172j 0.00108358-0.00365613j 0.0230279-0.00394789j 0.0150745+0.000854777j -0.0405389+0.00366936j -0.0479067+0.00686328j -0.0166777+0.0052527j -0.00499172-0.00339515j 0.0548348-0.00622296j 0.105543-0.000596603j -0.000736253+0.000386491j -0.0518079-0.00229015j 0.0232352+0.00065572j 0.124239+0.0106443j 0.0165523-0.00275536j 0.0571393+0.00228242j -0.00833384-0.00779548j 0.00606495-0.00337051j 0.00934038-0.00425656j 0.0148673+0.00115272j 0.0030866+0.000534555j 0.00238206-0.00304835j -0.00505749+0.00284706j 0.00454424+0.00570593j 0.00625402+0.00121991j 0.00677453-0.00394322j -0.000536789-0.00211161j -0.00479491+0.000531636j -0.000861118+0.00234131j 0.00116062-0.000308519j 0.000714648+0.000136926j 
0.0237329-5.53883e-05j -0.00985118-0.00132431j 0.0113824+0.00159336j -0.00210842+0.000650904j 0.0198955+0.000640376j -0.0167034-0.000482352j -0.0185747+0.000843913j 0.0226979-0.00120563j 0.0159049+0.00107856j 0.00517819+0.000731571j 0.019902+0.000394495j -0.03902+0.00143403j -0.0352155+0.000301117j 0.000666364+0.00099015j 0.0624287-0.0013789j -0.00544361+0.000538341j 0.00116679-2.99335e-14j 0.0387897-0.000463199j 0.0517862-0.000354723j 0.123724+0.00116665j -0.0249767+0.00125898j 0.131492-0.000261638j 0.122596-0.00056632j -0.778254+0.00180273j 0.113199-0.00112456j -0.335218+0.000638777j 0.0623251-0.000139195j 0.137582+0.000277701j -0.194056+0.00114946j 0.0737972-0.000227351j -0.00866869+0.000604961j 0.011938+0.000180298j 0.131695-0.00096455j 0.0191702-0.000979559j 0.0415101+0.000118334j -0.0610984-0.000659359j 0.00764238-0.000715014j -0.0456119+0.000951675j -0.0298271+0.000696765j -0.0806591-0.00215891j -0.066226+0.00088662j 0.0149169-0.00232699j 0.00334069+0.000149806j 0.0129007-3.16936e-05j -0.0211697+0.00280467j 0.00912939+0.00209655j 0.0129082+0.000583511j 0.0254423-0.00147584j 0.00720381+0.00329315j 0.00337004+0.0015083j 0.0141062+0.00196842j 0.00969826+0.000366785j -0.0198445-0.00306619j 0.0222378-0.000856383j 0.00244905-0.00137379j 0.0217285-0.00352518j 0.0202617-0.00156845j 0.00826437-0.00167434j 0.0258828-0.00298203j 0.00730935-0.00231775j 0.0138447+0.00675671j -0.0160163-0.00439492j -0.0129481-0.00293111j -0.0444491+0.00274076j 0.00328645-0.00109806j -0.0134618-0.00496466j -0.0515244-0.000127212j 0.0537363-0.0028016j -0.0297134+0.00537354j 0.0214589+0.000337097j -0.0311589-0.0011511j -0.0524499-0.000906183j 0.130509+0.00777078j -0.0426036+0.00502j -0.0124451-0.0017824j -0.0646715-0.012552j 0.042495+0.00485664j 0.0174789+0.00436744j 0.0252794-0.00405462j -0.00333514+0.00164674j -0.00631107-0.00271918j 0.0118809-0.00175529j -0.0054246+0.00190306j -0.00598819-0.00373644j -0.00598463-0.00231114j 0.0012451+0.00172757j 0.00310926+0.000448992j -0.00982814+0.00101928j -0.00306845-0.000104179j -0.00521059-0.00190353j 0.00295709-0.000436763j -0.00378855+0.000246545j 
-0.00363646+0.000118886j 0.00198501+0.00054716j -0.0103193+0.000604694j 0.0115969+0.000465657j 0.0101568-0.000212842j -0.0123457-0.000352795j 0.00151244-0.000499907j 0.0244725-0.000871929j 0.00159363+0.000124505j -0.000883899-0.000934278j -0.0319604-0.00138428j 0.0289163+0.000180733j -0.00126647+0.000868856j -0.0454409-8.21293e-05j 0.0109639-0.00110393j -0.0274554+0.000280977j 0.0387897+0.000463199j -0.0178599+2.49875e-14j -0.0210819-0.000139584j 0.024532-0.00100255j 0.0334099+0.000680583j -0.139346-0.000415228j 0.89819+0.000128209j 0.0999362+7.26519e-05j -0.103444-0.00012928j 0.0144566-0.000614997j -0.208811-0.00039907j 0.00926695-2.8127e-05j -0.0393608-0.000518577j 0.0107144+0.000416915j 0.0435271+0.000544592j 0.0293765-0.00102866j -0.0476166+0.000495579j -0.00733934-0.000175648j 0.0141588-0.000907716j -0.0354137-0.00101351j 0.00168673-0.0003344j 0.0494679+0.000640962j -0.0389893-0.000892183j -0.010586-0.000212699j 0.0185391-5.33738e-05j -0.0267979-0.000433889j 0.0155901-0.0006603j 0.0087073-0.00207188j -0.00871744+0.00131683j 0.0219862+0.0011895j 0.00579769-0.000938244j 0.00416362+0.00183225j -0.00377204+0.00403654j 0.0128465+0.000869551j 0.0108566-0.00391883j -0.0261902+0.00107418j -0.0162505-0.000601009j 0.0220286+0.00376199j -0.0233229+0.00355476j -0.00514254-0.00183359j -0.00989913+0.00592657j 0.0132469-0.000784283j -0.0110289+0.00134301j 0.0190565-0.00452367j -0.0402324+0.00319963j -0.0104887-0.00162128j -0.0111068-0.00525095j 0.0361712+0.00238071j 0.0746503-0.00427966j 0.0287786+0.00131375j -0.00371692+0.00100789j 0.0160557+0.0025538j -0.0857897+0.00211077j 0.0556456-0.00416677j -0.0615644+0.000762506j -0.000192786-0.00246554j 0.0661648+0.000218075j 0.0591893+0.00147678j 0.00795127+6.07034e-05j 0.0482125-0.0055841j 0.0158496+0.00201838j 0.00141103-0.00631855j 0.00191627-0.00227978j -0.00504407-0.00103641j 0.00146585-0.00119922j 0.00352041+0.000387176j -0.00773452+0.00317141j 0.00327234-0.000613696j 0.00378255-0.00103874j -0.0028888+0.00148389j -0.0029777-0.000918483j -0.00181515-0.00116631j 0.00026621+0.00150827j 0.00794521-0.000910309j 0.00150899-0.00017152j 0.000296796-0.000307801j 
