0.257599-0j 0.102457-0j 0.0570942-0j -0.16858-0j -0.322669-0j -0.251245-0j 0.044225-0j -0.174723-0j -0.0885476-0j -0.0339042-0j 0-0j 0.052859-0j 0.133794-0j 0.0699036-0j -0.0515551-0j 0.093044-0j -0.167848-0j -0.068201-0j -0.0321503-0j 0.094929-0j 0.245647-0j 0.0576966-0j -0.0176094-0j 0.0935301-0j 0.0273105-0j 0.0189925-0j 0.00853809-0j 0.00196994-0j 0-0j 0-0j 0-0j 0-0j 0-0j 0-0j 0-0j 0-0j 0-0j 0-0j 0-0j 0-0j 0-0j 0-0j 0-0j 0-0j 0.123842-0j 0-0j 0-0j 0-0j 0-0j 0-0j -0.000320224-0j 0-0j 0-0j 0-0j 0-0j 0-0j 0-0j 0-0j 0-0j 0-0j 0-0j 0-0j 0-0j 0-0j 0-0j 0-0j 0-0j 0-0j 0-0j 
0.102457-0j 0.00339779-0j 0.000443966-0j -0.00131088-0j 0.000271873-0j -0.103749-0j -0.22981-0j -0.0733614-0j 0.0711036-0j -0.126538-0j 0-0j -0.0652126-0j 0.22695-0j 7.84829e-05-0j 0.0660347-0j 0.160478-0j 0.041828-0j 0.000543745-0j 0.0821034-0j -0.242424-0j 0.000271873-0j 0.0290279-0j -0.280291-0j 0.118307-0j 0.0448997-0j 0.0317489-0j -0.0544081-0j 0.0146892-0j 0-0j 0-0j 0-0j 0-0j 0-0j 0-0j 0-0j 0-0j 0-0j 0-0j 0-0j 0-0j 0-0j 0-0j 0-0j 0-0j 0.156649-0j 0-0j 0-0j 0-0j 0-0j 0-0j 0.00326342-0j 0-0j 0-0j 0-0j 0-0j 0-0j 0-0j 0-0j 0-0j 0-0j 0-0j 0-0j 0-0j 0-0j 0-0j 0-0j 0-0j 0-0j 0-0j 
0.0570942-0j 0.000443966-0j 0.00266193-0j -0.000293827-0j -0.000927264-0j 0.0563878-0j -0.063332-0j -0.121634-0j -0.0815068-0j -0.0705135-0j 0-0j 0.0747539-0j -0.0610008-0j -0.000623103-0j 0.073829-0j 0.131584-0j 0.115393-0j 0.000607926-0j -0.480132-0j 0.0529975-0j 0.000303963-0j -0.164733-0j 0.0753383-0j 0.336325-0j 0.0501994-0j -0.108284-0j 0.029571-0j -0.0168384-0j 0-0j 0-0j 0-0j 0-0j 0-0j 0-0j 0-0j 0-0j 0-0j 0-0j 0-0j 0-0j 0-0j 0-0j 0-0j 0-0j -0.0214335-0j 0-0j 0-0j 0-0j 0-0j 0-0j 0.00364861-0j 0-0j 0-0j 0-0j 0-0j 0-0j 0-0j 0-0j 0-0j 0-0j 0-0j 0-0j 0-0j 0-0j 0-0j 0-0j 0-0j 0-0j 0-0j 
0.16858-0j 0.00131088-0j 0.000293827-0j 0.00126606-0j 0.000535356-0j 0.166495-0j 0.0365648-0j -0.359143-0j 0.047058-0j -0.208203-0j 0-0j -0.0431592-0j 0.0352188-0j 0.000359748-0j -0.0426252-0j -0.0759701-0j 0.340718-0j -0.000350986-0j -0.0529975-0j -0.22836-0j -0.000175493-0j 0.0951089-0j -0.0434966-0j -0.189858-0j -0.0289826-0j 0.062518-0j 0.0873134-0j 0.00972165-0j 0-0j 0-0j 0-0j 0-0j 0-0j 0-0j 0-0j 0-0j 0-0j 0-0j 0-0j 0-0j 0-0j 0-0j 0-0j 0-0j 0.479296-0j 0-0j 0-0j 0-0j 0-0j 0-0j -0.00210653-0j 0-0j 0-0j 0-0j 0-0j 0-0j 0-0j 0-0j 0-0j 0-0j 0-0j 0-0j 0-0j 0-0j 0-0j 0-0j 0-0j 0-0j 0-0j 
0.322669-0j -0.000271873-0j 0.000927264-0j 0.000535356-0j 0.000636513-0j 0.107106-0j 0.115392-0j -0.026918-0j -0.460638-0j 0.128476-0j 0-0j -0.136202-0j -0.115869-0j -0.00182798-0j -0.0452109-0j 0.0291201-0j 0.18737-0j -0.000372277-0j -0.0562123-0j -0.0324542-0j 0.00134087-0j -0.267487-0j -0.0461351-0j 0.0393759-0j 0.0953517-0j -0.0239638-0j -0.0181085-0j 0.0306798-0j 0-0j 0-0j 0-0j 0-0j 0-0j 0-0j 0-0j 0-0j 0-0j 0-0j 0-0j 0-0j 0-0j 0-0j 0-0j 0-0j 0.0131253-0j 0-0j 0-0j 0-0j 0-0j 0-0j -0.00223431-0j 0-0j 0-0j 0-0j 0-0j 0-0j 0-0j 0-0j 0-0j 0-0j 0-0j 0-0j 0-0j 0-0j 0-0j 0-0j 0-0j 0-0j 0-0j 
0.251245-0j 0.103749-0j -0.0563878-0j 0.166495-0j 0.107106-0j -0.251225-0j -0.0431307-0j 0.0572707-0j -0.08965-0j -0.16869-0j 0-0j 0.0515551-0j -0.133794-0j -0.00996806-0j -0.051551-0j 0.0305004-0j -0.0330679-0j -0.0690607-0j 0.0333738-0j -0.0985416-0j 0.248743-0j 0.0117994-0j 0.0898313-0j -0.0935301-0j -0.305601-0j 0.0696668-0j -0.164817-0j 0.0565699-0j 0-0j 0-0j 0-0j 0-0j 0-0j 0-0j 0-0j 0-0j 0-0j 0-0j 0-0j 0-0j 0-0j 0-0j 0-0j 0-0j -0.123842-0j 0-0j 0-0j 0-0j 0-0j 0-0j 0.0178676-0j 0-0j 0-0j 0-0j 0-0j 0-0j 0-0j 0-0j 0-0j 0-0j 0-0j 0-0j 0-0j 0-0j 0-0j 0-0j 0-0j 0-0j 0-0j 
-0.044225-0j 0.22981-0j 0.063332-0j 0.0365648-0j 0.115392-0j -0.0431307-0j -0.201499-0j 0.0930366-0j -0.0324619-0j -0.0921033-0j 0-0j -0.0579041-0j -0.196544-0j 0.0775409-0j -0.0564713-0j 0.423963-0j -0.0893832-0j -0.0756522-0j 0.0365591-0j 0.0211074-0j -0.0378261-0j -0.0656087-0j -0.409324-0j 0.049807-0j 0.107927-0j -0.232809-0j 0.0877689-0j -0.0635365-0j 0-0j 0-0j 0-0j 0-0j 0-0j 0-0j 0-0j 0-0j 0-0j 0-0j 0-0j 0-0j 0-0j 0-0j 0-0j 0-0j 0.0166023-0j 0-0j 0-0j 0-0j 0-0j 0-0j 0.0195729-0j 0-0j 0-0j 0-0j 0-0j 0-0j 0-0j 0-0j 0-0j 0-0j 0-0j 0-0j 0-0j 0-0j 0-0j 0-0j 0-0j 0-0j 0-0j 
-0.174723-0j -0.0733614-0j -0.121634-0j 0.359143-0j 0.026918-0j -0.0572707-0j -0.0930366-0j -0.0446452-0j 0.0623453-0j -0.363879-0j 0-0j 0.111209-0j -0.0305004-0j 0.239785-0j 0.0364521-0j -0.0237765-0j 0.314707-0j 0.0488333-0j -0.0235988-0j 0.0696795-0j 0.0244167-0j -0.112295-0j -0.0635204-0j 0.0661358-0j -0.0696668-0j -0.0543084-0j 0.116543-0j 0.122026-0j 0-0j 0-0j 0-0j 0-0j 0-0j 0-0j 0-0j 0-0j 0-0j 0-0j 0-0j 0-0j 0-0j 0-0j 0-0j 0-0j 0.0875693-0j 0-0j 0-0j 0-0j 0-0j 0-0j -0.0126343-0j 0-0j 0-0j 0-0j 0-0j 0-0j 0-0j 0-0j 0-0j 0-0j 0-0j 0-0j 0-0j 0-0j 0-0j 0-0j 0-0j 0-0j 0-0j 
-0.0885476-0j 0.0711036-0j -0.0815068-0j -0.047058-0j 0.460638-0j 0.08965-0j 0.0324619-0j 0.0623453-0j -0.254002-0j 0.0107561-0j 0-0j 0.037377-0j 0.0946063-0j -0.0997933-0j -0.0378423-0j 0.065792-0j 0.0576966-0j 0.0973626-0j -0.0922242-0j -0.0532457-0j -0.350681-0j 0.165505-0j -0.0114921-0j -0.0321503-0j -0.279581-0j -0.194429-0j 0.141635-0j -0.148399-0j 0-0j 0-0j 0-0j 0-0j 0-0j 0-0j 0-0j 0-0j 0-0j 0-0j 0-0j 0-0j 0-0j 0-0j 0-0j 0-0j -0.0107168-0j 0-0j 0-0j 0-0j 0-0j 0-0j 0.0726915-0j 0-0j 0-0j 0-0j 0-0j 0-0j 0-0j 0-0j 0-0j 0-0j 0-0j 0-0j 0-0j 0-0j 0-0j 0-0j 0-0j 0-0j 0-0j 
0.0339042-0j 0.126538-0j 0.0705135-0j -0.208203-0j 0.128476-0j -0.16869-0j -0.0921033-0j 0.363879-0j -0.0107561-0j -0.213243-0j 0-0j -0.0215796-0j 0.0176094-0j 0.0863336-0j 0.107369-0j -0.0379851-0j 0.0685239-0j -0.0842308-0j 0.0121137-0j -0.0357677-0j -0.0421154-0j -0.0217391-0j -0.110756-0j -0.0381835-0j -0.0687314-0j 0.14826-0j -0.136477-0j -0.18771-0j 0-0j 0-0j 0-0j 0-0j 0-0j 0-0j 0-0j 0-0j 0-0j 0-0j 0-0j 0-0j 0-0j 0-0j 0-0j 0-0j -0.0505582-0j 0-0j 0-0j 0-0j 0-0j 0-0j 0.189408-0j 0-0j 0-0j 0-0j 0-0j 0-0j 0-0j 0-0j 0-0j 0-0j 0-0j 0-0j 0-0j 0-0j 0-0j 0-0j 0-0j 0-0j 0-0j 
0-0j 0-0j 0-0j 0-0j 0-0j 0-0j 0-0j 0-0j 0-0j 0-0j 0.00161347-0j 0-0j 0-0j 0-0j 0-0j 0-0j 0-0j 0-0j 0-0j 0-0j 0-0j 0-0j 0-0j 0-0j 0-0j 0-0j 0-0j 0-0j 0.0738152-0j 0.000838014-0j 0.000585825-0j 0.000331082-0j 0.00058278-0j -0.00105132-0j 0.0729019-0j 0.0406246-0j -0.119951-0j -0.229591-0j -0.291021-0j 0.0512266-0j -0.202385-0j -0.133099-0j -0.0607447-0j -0.0860497-0j 0-0j 0.358369-0j -0.0491354-0j -0.0485274-0j 0.174786-0j 0.176976-0j 0-0j -0.0844052-0j 0.24922-0j 0.0497389-0j -0.0597171-0j 0.217812-0j -0.0483261-0j 0.142691-0j -0.121371-0j 0.0867256-0j -0.03155-0j 0.000775681-0j 0.0558171-0j 0.0388169-0j 0.0193828-0j 0.00487971-0j -0.0282321-0j 0.0271095-0j -0.000912008-0j 
-0.052859-0j 0.0652126-0j -0.0747539-0j -0.0431592-0j -0.136202-0j 0.0515551-0j -0.0579041-0j -0.111209-0j -0.037377-0j -0.0215796-0j 0-0j 0.437035-0j 0.0564758-0j -0.0915253-0j -0.426255-0j -0.121823-0j -0.106833-0j 0.089296-0j 0.0420946-0j 0.0243033-0j 0.044648-0j -0.0755426-0j 0.0230561-0j 0.0595307-0j 0.0115281-0j -0.0248671-0j 0.00543438-0j -0.00257925-0j 0-0j 0-0j 0-0j 0-0j 0-0j 0-0j 0-0j 0-0j 0-0j 0-0j 0-0j 0-0j 0-0j 0-0j 0-0j 0-0j 0.0198436-0j 0-0j 0-0j 0-0j 0-0j 0-0j 0.000419272-0j 0-0j 0-0j 0-0j 0-0j 0-0j 0-0j 0-0j 0-0j 0-0j 0-0j 0-0j 0-0j 0-0j 0-0j 0-0j 0-0j 0-0j 0-0j 
-0.133794-0j -0.22695-0j 0.0610008-0j 0.0352188-0j -0.115869-0j -0.133794-0j -0.196544-0j 0.0305004-0j -0.0946063-0j 0.0176094-0j 0-0j 0.0564758-0j 0.609641-0j 0.0107835-0j 0.0564758-0j -0.138978-0j 0.0176094-0j 0.0747104-0j 0.0352188-0j 0.0203336-0j -0.269092-0j 0.0124517-0j -0.0802388-0j 0.049807-0j -0.0299171-0j 0.0068201-0j 0.00454673-0j 0.00210473-0j 0-0j 0-0j 0-0j 0-0j 0-0j 0-0j 0-0j 0-0j 0-0j 0-0j 0-0j 0-0j 0-0j 0-0j 0-0j 0-0j 0.0166023-0j 0-0j 0-0j 0-0j 0-0j 0-0j 0.000350788-0j 0-0j 0-0j 0-0j 0-0j 0-0j 0-0j 0-0j 0-0j 0-0j 0-0j 0-0j 0-0j 0-0j 0-0j 0-0j 0-0j 0-0j 0-0j 
0.0699036-0j 7.84829e-05-0j -0.000623103-0j -0.000359748-0j 0.00182798-0j 0.00996806-0j -0.0775409-0j 0.239785-0j -0.0997933-0j -0.0863336-0j 0-0j 0.0915253-0j -0.0107835-0j -0.00201317-0j 0.0130512-0j -0.259401-0j 0.301469-0j 0.000107467-0j 0.0162271-0j 0.00936872-0j 5.37336e-05-0j -0.430372-0j 0.0133181-0j -0.0113668-0j 0.00887408-0j 0.213469-0j 0.00522747-0j -0.0206162-0j 0-0j 0-0j 0-0j 0-0j 0-0j 0-0j 0-0j 0-0j 0-0j 0-0j 0-0j 0-0j 0-0j 0-0j 0-0j 0-0j -0.00378894-0j 0-0j 0-0j 0-0j 0-0j 0-0j 0.00064499-0j 0-0j 0-0j 0-0j 0-0j 0-0j 0-0j 0-0j 0-0j 0-0j 0-0j 0-0j 0-0j 0-0j 0-0j 0-0j 0-0j 0-0j 0-0j 
-0.0515551-0j 0.0660347-0j 0.073829-0j 0.0426252-0j 0.0452109-0j 0.051551-0j 0.0564713-0j 0.0364521-0j -0.0378423-0j -0.107369-0j 0-0j 0.426255-0j -0.0564758-0j 0.0130512-0j -0.426221-0j -0.0399344-0j -0.0210473-0j 0.0904217-0j -0.0436965-0j -0.0252282-0j 0.0452109-0j -0.0154491-0j -0.117617-0j -0.0595307-0j -0.128998-0j -0.0912152-0j -0.104904-0j -0.0740674-0j 0-0j 0-0j 0-0j 0-0j 0-0j 0-0j 0-0j 0-0j 0-0j 0-0j 0-0j 0-0j 0-0j 0-0j 0-0j 0-0j -0.0198436-0j 0-0j 0-0j 0-0j 0-0j 0-0j -0.0233941-0j 0-0j 0-0j 0-0j 0-0j 0-0j 0-0j 0-0j 0-0j 0-0j 0-0j 0-0j 0-0j 0-0j 0-0j 0-0j 0-0j 0-0j 0-0j 
0.093044-0j 0.160478-0j 0.131584-0j 0.0759701-0j -0.0291201-0j -0.0305004-0j -0.423963-0j -0.0237765-0j 0.065792-0j 0.0379851-0j 0-0j 0.121823-0j 0.138978-0j -0.259401-0j -0.0399344-0j 0.108339-0j -0.167589-0j -0.0528283-0j -0.0249035-0j -0.014378-0j -0.0264141-0j -0.118503-0j 0.0567374-0j -0.0352188-0j -0.0068201-0j -0.00531658-0j -0.00321503-0j 0.00454008-0j 0-0j 0-0j 0-0j 0-0j 0-0j 0-0j 0-0j 0-0j 0-0j 0-0j 0-0j 0-0j 0-0j 0-0j 0-0j 0-0j -0.0117396-0j 0-0j 0-0j 0-0j 0-0j 0-0j -0.000248045-0j 0-0j 0-0j 0-0j 0-0j 0-0j 0-0j 0-0j 0-0j 0-0j 0-0j 0-0j 0-0j 0-0j 0-0j 0-0j 0-0j 0-0j 0-0j 
0.167848-0j -0.041828-0j -0.115393-0j 0.340718-0j 0.18737-0j -0.0330679-0j -0.0893832-0j -0.314707-0j -0.0576966-0j 0.0685239-0j 0-0j -0.106833-0j 0.0176094-0j -0.301469-0j 0.0210473-0j 0.167589-0j -0.0912698-0j 0.0278429-0j 0.0131253-0j -0.0387546-0j 0.0139215-0j 0.0313733-0j 0.00718901-0j -0.0381835-0j 0.00359451-0j 0.034209-0j -0.00348566-0j -0.00398144-0j 0-0j 0-0j 0-0j 0-0j 0-0j 0-0j 0-0j 0-0j 0-0j 0-0j 0-0j 0-0j 0-0j 0-0j 0-0j 0-0j -0.0505582-0j 0-0j 0-0j 0-0j 0-0j 0-0j 0.000130731-0j 0-0j 0-0j 0-0j 0-0j 0-0j 0-0j 0-0j 0-0j 0-0j 0-0j 0-0j 0-0j 0-0j 0-0j 0-0j 0-0j 0-0j 0-0j 
0.068201-0j -0.000543745-0j -0.000607926-0j -0.000350986-0j -0.000372277-0j -0.0690607-0j -0.0756522-0j -0.0488333-0j -0.0973626-0j -0.0842308-0j 0-0j 0.089296-0j 0.0747104-0j -0.000107467-0j -0.0904217-0j 0.0528283-0j 0.0278429-0j 0.00551893-0j -0.112425-0j -0.0649084-0j -0.000372277-0j -0.0397481-0j -0.0922702-0j 0.0787517-0j -0.0614814-0j -0.0434739-0j -0.0362169-0j -0.020114-0j 0-0j 0-0j 0-0j 0-0j 0-0j 0-0j 0-0j 0-0j 0-0j 0-0j 0-0j 0-0j 0-0j 0-0j 0-0j 0-0j 0.0262506-0j 0-0j 0-0j 0-0j 0-0j 0-0j -0.00446862-0j 0-0j 0-0j 0-0j 0-0j 0-0j 0-0j 0-0j 0-0j 0-0j 0-0j 0-0j 0-0j 0-0j 0-0j 0-0j 0-0j 0-0j 0-0j 
0.0321503-0j -0.0821034-0j 0.480132-0j -0.0529975-0j -0.0562123-0j 0.0333738-0j 0.0365591-0j 0.0235988-0j 0.0922242-0j 0.0121137-0j 0-0j 0.0420946-0j 0.0352188-0j -0.0162271-0j 0.0436965-0j 0.0249035-0j 0.0131253-0j -0.112425-0j -0.557004-0j 0.0614828-0j -0.0562123-0j 0.0376504-0j 0.0132699-0j -0.194177-0j -0.104079-0j -0.073595-0j -0.163546-0j -0.167129-0j 0-0j 0-0j 0-0j 0-0j 0-0j 0-0j 0-0j 0-0j 0-0j 0-0j 0-0j 0-0j 0-0j 0-0j 0-0j 0-0j 0.0123746-0j 0-0j 0-0j 0-0j 0-0j 0-0j -0.0839369-0j 0-0j 0-0j 0-0j 0-0j 0-0j 0-0j 0-0j 0-0j 0-0j 0-0j 0-0j 0-0j 0-0j 0-0j 0-0j 0-0j 0-0j 0-0j 
0.094929-0j -0.242424-0j 0.0529975-0j 0.22836-0j 0.0324542-0j 0.0985416-0j -0.0211074-0j 0.0696795-0j -0.0532457-0j 0.0357677-0j 0-0j -0.0243033-0j -0.0203336-0j 0.00936872-0j -0.0252282-0j -0.014378-0j 0.0387546-0j 0.0649084-0j -0.0614828-0j -0.264922-0j 0.0324542-0j -0.0217375-0j -0.00766137-0j 0.109615-0j 0.06009-0j 0.0424901-0j -0.482896-0j 0.096492-0j 0-0j 0-0j 0-0j 0-0j 0-0j 0-0j 0-0j 0-0j 0-0j 0-0j 0-0j 0-0j 0-0j 0-0j 0-0j 0-0j -0.276722-0j 0-0j 0-0j 0-0j 0-0j 0-0j 0.048461-0j 0-0j 0-0j 0-0j 0-0j 0-0j 0-0j 0-0j 0-0j 0-0j 0-0j 0-0j 0-0j 0-0j 0-0j 0-0j 0-0j 0-0j 0-0j 
0.245647-0j 0.000271873-0j 0.000303963-0j 0.000175493-0j -0.00134087-0j -0.248743-0j 0.0378261-0j 0.0244167-0j -0.350681-0j 0.0421154-0j 0-0j -0.044648-0j 0.269092-0j 5.37336e-05-0j 0.0452109-0j -0.0264141-0j -0.0139215-0j 0.000372277-0j 0.0562123-0j 0.0324542-0j 0.00339561-0j 0.0198741-0j 0.0461351-0j -0.0393759-0j -0.221444-0j 0.021737-0j 0.0181085-0j 0.010057-0j 0-0j 0-0j 0-0j 0-0j 0-0j 0-0j 0-0j 0-0j 0-0j 0-0j 0-0j 0-0j 0-0j 0-0j 0-0j 0-0j -0.0131253-0j 0-0j 0-0j 0-0j 0-0j 0-0j 0.00223431-0j 0-0j 0-0j 0-0j 0-0j 0-0j 0-0j 0-0j 0-0j 0-0j 0-0j 0-0j 0-0j 0-0j 0-0j 0-0j 0-0j 0-0j 0-0j 
-0.0576966-0j -0.0290279-0j 0.164733-0j 0.0951089-0j -0.267487-0j 0.0117994-0j -0.0656087-0j 0.112295-0j -0.165505-0j -0.0217391-0j 0-0j -0.0755426-0j 0.0124517-0j 0.430372-0j 0.0154491-0j 0.118503-0j 0.0313733-0j -0.0397481-0j 0.0376504-0j 0.0217375-0j -0.0198741-0j 0.0899954-0j 0.00469161-0j 0.0131253-0j -0.0367975-0j -0.350202-0j -0.0578221-0j 0.299928-0j 0-0j 0-0j 0-0j 0-0j 0-0j 0-0j 0-0j 0-0j 0-0j 0-0j 0-0j 0-0j 0-0j 0-0j 0-0j 0-0j 0.00437509-0j 0-0j 0-0j 0-0j 0-0j 0-0j -0.0296762-0j 0-0j 0-0j 0-0j 0-0j 0-0j 0-0j 0-0j 0-0j 0-0j 0-0j 0-0j 0-0j 0-0j 0-0j 0-0j 0-0j 0-0j 0-0j 
-0.0176094-0j -0.280291-0j 0.0753383-0j 0.0434966-0j 0.0461351-0j -0.0898313-0j 0.409324-0j -0.0635204-0j -0.0114921-0j 0.110756-0j 0-0j -0.0230561-0j 0.0802388-0j 0.0133181-0j -0.117617-0j 0.0567374-0j -0.00718901-0j 0.0922702-0j -0.0132699-0j -0.00766137-0j 0.0461351-0j -0.00469161-0j -0.504668-0j -0.0203336-0j 0.0752915-0j 0.0532391-0j -0.0726771-0j -0.200554-0j 0-0j 0-0j 0-0j 0-0j 0-0j 0-0j 0-0j 0-0j 0-0j 0-0j 0-0j 0-0j 0-0j 0-0j 0-0j 0-0j -0.00677787-0j 0-0j 0-0j 0-0j 0-0j 0-0j -0.207486-0j 0-0j 0-0j 0-0j 0-0j 0-0j 0-0j 0-0j 0-0j 0-0j 0-0j 0-0j 0-0j 0-0j 0-0j 0-0j 0-0j 0-0j 0-0j 
-0.0935301-0j -0.118307-0j -0.336325-0j -0.189858-0j 0.0393759-0j -0.0935301-0j 0.049807-0j -0.0661358-0j 0.0321503-0j -0.0381835-0j 0-0j 0.0595307-0j 0.049807-0j 0.0113668-0j 0.0595307-0j 0.0352188-0j -0.0381835-0j 0.0787517-0j -0.194177-0j -0.109615-0j 0.0393759-0j 0.0131253-0j 0.0203336-0j 0.564892-0j 0.0101668-0j 0.00718901-0j -0.00985894-0j 0.00221858-0j 0-0j 0-0j 0-0j 0-0j 0-0j 0-0j 0-0j 0-0j 0-0j 0-0j 0-0j 0-0j 0-0j 0-0j 0-0j 0-0j -0.143-0j 0-0j 0-0j 0-0j 0-0j 0-0j 0.000369763-0j 0-0j 0-0j 0-0j 0-0j 0-0j 0-0j 0-0j 0-0j 0-0j 0-0j 0-0j 0-0j 0-0j 0-0j 0-0j 0-0j 0-0j 0-0j 
-0.0273105-0j -0.0448997-0j -0.0501994-0j -0.0289826-0j 0.0953517-0j -0.305601-0j 0.107927-0j 0.0696668-0j 0.279581-0j -0.0687314-0j 0-0j 0.0115281-0j -0.0299171-0j -0.00887408-0j 0.128998-0j 0.0068201-0j 0.00359451-0j -0.0614814-0j -0.104079-0j -0.06009-0j 0.221444-0j -0.0367975-0j -0.0752915-0j 0.0101668-0j -0.356611-0j 0.0812952-0j 0.143488-0j -0.0182155-0j 0-0j 0-0j 0-0j 0-0j 0-0j 0-0j 0-0j 0-0j 0-0j 0-0j 0-0j 0-0j 0-0j 0-0j 0-0j 0-0j 0.00338893-0j 0-0j 0-0j 0-0j 0-0j 0-0j -0.325714-0j 0-0j 0-0j 0-0j 0-0j 0-0j 0-0j 0-0j 0-0j 0-0j 0-0j 0-0j 0-0j 0-0j 0-0j 0-0j 0-0j 0-0j 0-0j 
0.0189925-0j 0.0317489-0j -0.108284-0j -0.062518-0j 0.0239638-0j -0.0696668-0j 0.232809-0j -0.0543084-0j -0.194429-0j -0.14826-0j 0-0j 0.0248671-0j -0.0068201-0j 0.213469-0j -0.0912152-0j -0.00531658-0j -0.034209-0j 0.0434739-0j 0.073595-0j 0.0424901-0j 0.021737-0j 0.350202-0j 0.0532391-0j -0.00718901-0j -0.0812952-0j -0.0633733-0j -0.101461-0j -0.0392925-0j 0-0j 0-0j 0-0j 0-0j 0-0j 0-0j 0-0j 0-0j 0-0j 0-0j 0-0j 0-0j 0-0j 0-0j 0-0j 0-0j -0.00239634-0j 0-0j 0-0j 0-0j 0-0j 0-0j 0.230315-0j 0-0j 0-0j 0-0j 0-0j 0-0j 0-0j 0-0j 0-0j 0-0j 0-0j 0-0j 0-0j 0-0j 0-0j 0-0j 0-0j 0-0j 0-0j 
0.00853809-0j -0.0544081-0j 0.029571-0j -0.0873134-0j 0.0181085-0j 0.164817-0j -0.0877689-0j 0.116543-0j 0.141635-0j 0.136477-0j 0-0j -0.00543438-0j -0.00454673-0j 0.00522747-0j -0.104904-0j -0.00321503-0j 0.00348566-0j 0.0362169-0j 0.163546-0j -0.482896-0j 0.0181085-0j 0.0578221-0j -0.0726771-0j 0.00985894-0j -0.143488-0j -0.101461-0j -0.178178-0j 0.22915-0j 0-0j 0-0j 0-0j 0-0j 0-0j 0-0j 0-0j 0-0j 0-0j 0-0j 0-0j 0-0j 0-0j 0-0j 0-0j 0-0j 0.0130541-0j 0-0j 0-0j 0-0j 0-0j 0-0j -0.218434-0j 0-0j 0-0j 0-0j 0-0j 0-0j 0-0j 0-0j 0-0j 0-0j 0-0j 0-0j 0-0j 0-0j 0-0j 0-0j 0-0j 0-0j 0-0j 
-0.00196994-0j -0.0146892-0j 0.0168384-0j 0.00972165-0j 0.0306798-0j 0.0565699-0j -0.0635365-0j -0.122026-0j 0.148399-0j -0.18771-0j 0-0j -0.00257925-0j 0.00210473-0j 0.0206162-0j 0.0740674-0j -0.00454008-0j -0.00398144-0j -0.020114-0j -0.167129-0j -0.096492-0j -0.010057-0j 0.299928-0j 0.200554-0j 0.00221858-0j -0.0182155-0j 0.0392925-0j -0.22915-0j -0.0252925-0j 0-0j 0-0j 0-0j 0-0j 0-0j 0-0j 0-0j 0-0j 0-0j 0-0j 0-0j 0-0j 0-0j 0-0j 0-0j 0-0j 0.000739526-0j 0-0j 0-0j 0-0j 0-0j 0-0j 0.225005-0j 0-0j 0-0j 0-0j 0-0j 0-0j 0-0j 0-0j 0-0j 0-0j 0-0j 0-0j 0-0j 0-0j 0-0j 0-0j 0-0j 0-0j 0-0j 
0-0j 0-0j 0-0j 0-0j 0-0j 0-0j 0-0j 0-0j 0-0j 0-0j -0.0738152-0j 0-0j 0-0j 0-0j 0-0j 0-0j 0-0j 0-0j 0-0j 0-0j 0-0j 0-0j 0-0j 0-0j 0-0j 0-0j 0-0j 0-0j 0.274625-0j 0.159472-0j 0.0831319-0j 0.0469824-0j -0.343996-0j -0.149188-0j -0.26785-0j 0.0358834-0j -0.105952-0j 0.06538-0j 0.041566-0j -0.0944001-0j -0.0896614-0j 0.0126867-0j -0.0134767-0j 0.0769652-0j 0-0j 0.103338-0j 0.043948-0j -0.0428639-0j -0.021432-0j 0.021974-0j 0-0j 0.0754943-0j -0.222909-0j 0.043934-0j -0.0264562-0j 0.0628076-0j -0.014288-0j 0.0421876-0j -0.0349982-0j 0.0256411-0j 0.0291155-0j 0.110074-0j -0.00319489-0j 0.00689165-0j 0.00286832-0j 0.000619047-0j 0.0252516-0j 0.225966-0j -9.00058e-05-0j 
0-0j 0-0j 0-0j 0-0j 0-0j 0-0j 0-0j 0-0j 0-0j 0-0j -0.000838014-0j 0-0j 0-0j 0-0j 0-0j 0-0j 0-0j 0-0j 0-0j 0-0j 0-0j 0-0j 0-0j 0-0j 0-0j 0-0j 0-0j 0-0j 0.159472-0j 0.00381848-0j 0.000311965-0j 0.000353735-0j -0.000870485-0j 0.000110296-0j -0.161483-0j 0.0434043-0j 0.0250595-0j -0.0824446-0j -0.154975-0j -0.22766-0j 0.0353291-0j -0.142206-0j 0.03155-0j -0.0458235-0j 0-0j 0.0767619-0j -0.0524974-0j 0.0531591-0j -0.191469-0j 0.189085-0j 0-0j -0.0303094-0j -0.0174991-0j 0.00767286-0j 0.0654168-0j 0.0470069-0j 0.0529385-0j 0.0305641-0j 0.132956-0j 0.0187166-0j -0.14376-0j 0.000103988-0j -0.0611446-0j 0.0139389-0j 0.0103218-0j 0.0052136-0j -0.00338869-0j 0.276751-0j 0.000999055-0j 
0-0j 0-0j 0-0j 0-0j 0-0j 0-0j 0-0j 0-0j 0-0j 0-0j -0.000585825-0j 0-0j 0-0j 0-0j 0-0j 0-0j 0-0j 0-0j 0-0j 0-0j 0-0j 0-0j 0-0j 0-0j 0-0j 0-0j 0-0j 0-0j 0.0831319-0j 0.000311965-0j 0.00353819-0j 0.00037287-0j 0.000220593-0j -0.000239162-0j -0.0841799-0j -0.239307-0j -0.135091-0j 0.0280173-0j -0.108338-0j 0.0576922-0j -0.0766062-0j 0.0483261-0j -0.0684117-0j 0.0993617-0j 0-0j 0.133409-0j -0.0553371-0j 0.0560347-0j 0.0280173-0j -0.0276685-0j 0-0j 0.167109-0j 0.0943344-0j 0.00808791-0j 0.0689554-0j -0.0159744-0j -0.291874-0j -0.164765-0j 0.236328-0j 0.019729-0j 0.0364308-0j -0.000895679-0j 0.0207789-0j 0.0146929-0j -0.0223813-0j 0.00549561-0j -0.00357199-0j -0.0313034-0j 0.0010531-0j 
0-0j 0-0j 0-0j 0-0j 0-0j 0-0j 0-0j 0-0j 0-0j 0-0j -0.000331082-0j 0-0j 0-0j 0-0j 0-0j 0-0j 0-0j 0-0j 0-0j 0-0j 0-0j 0-0j 0-0j 0-0j 0-0j 0-0j 0-0j 0-0j 0.0469824-0j 0.000353735-0j 0.00037287-0j 0.00273736-0j -0.000763038-0j -0.000669149-0j 0.0464011-0j -0.0531901-0j -0.0307093-0j -0.0969129-0j 0.0597171-0j -0.0670713-0j -0.128815-0j -0.0561825-0j -0.0386632-0j 0.345856-0j 0-0j -0.0295789-0j 0.0643333-0j 0.0635373-0j 0.0317687-0j 0.0321666-0j 0-0j 0.110512-0j 0.0638043-0j -0.0651235-0j -0.493738-0j 0.0919409-0j 0.0632737-0j 0.0365311-0j -0.0512322-0j -0.11355-0j 0.0413087-0j 0.00012429-0j 0.0235611-0j -0.0508233-0j 0.0123369-0j -0.00638904-0j 0.0369645-0j -0.0354947-0j 0.0011941-0j 
0-0j 0-0j 0-0j 0-0j 0-0j 0-0j 0-0j 0-0j 0-0j 0-0j 0.00058278-0j 0-0j 0-0j 0-0j 0-0j 0-0j 0-0j 0-0j 0-0j 0-0j 0-0j 0-0j 0-0j 0-0j 0-0j 0-0j 0-0j 0-0j 0.343996-0j 0.000870485-0j -0.000220593-0j 0.000763038-0j 0.000678583-0j -0.00104969-0j 0.114186-0j 0.0936268-0j 0.0540555-0j -0.02072-0j -0.0353291-0j -0.491083-0j -0.0275407-0j 0.0988941-0j 0.0680561-0j 0.0324021-0j 0-0j 0.0174991-0j -0.113241-0j -0.0375892-0j -0.0187946-0j -0.0566207-0j 0-0j 0.0236275-0j 0.0136414-0j -0.184573-0j -0.0462567-0j 0.144227-0j -0.0374332-0j -0.0216121-0j 0.0303094-0j -0.178126-0j 0.101654-0j -7.35309e-05-0j -0.0139389-0j -0.010866-0j -0.0072986-0j 0.0112462-0j 0.150439-0j -0.195692-0j -0.000706439-0j 
0-0j 0-0j 0-0j 0-0j 0-0j 0-0j 0-0j 0-0j 0-0j 0-0j 0.00105132-0j 0-0j 0-0j 0-0j 0-0j 0-0j 0-0j 0-0j 0-0j 0-0j 0-0j 0-0j 0-0j 0-0j 0-0j 0-0j 0-0j 0-0j -0.149188-0j 0.000110296-0j -0.000239162-0j -0.000669149-0j 0.00104969-0j -0.000571667-0j -0.0297621-0j -0.0821064-0j 0.242433-0j 0.133321-0j -0.0383031-0j -0.103534-0j -0.364531-0j -0.0867256-0j 0.122771-0j 0.0351296-0j 0-0j 0.0471672-0j 0.0993075-0j 0.0198112-0j 0.00990562-0j 0.0496538-0j 0-0j -0.152029-0j 0.448891-0j -0.214506-0j 0.0243794-0j -0.0381836-0j 0.019729-0j -0.0582533-0j -0.0159744-0j 0.0471582-0j 0.0128802-0j -0.00031667-0j 0.00734645-0j 0.0699162-0j -0.00791299-0j -0.00986239-0j 0.355771-0j -0.0110674-0j 0.000372326-0j 
0-0j 0-0j 0-0j 0-0j 0-0j 0-0j 0-0j 0-0j 0-0j 0-0j 0.0729019-0j 0-0j 0-0j 0-0j 0-0j 0-0j 0-0j 0-0j 0-0j 0-0j 0-0j 0-0j 0-0j 0-0j 0-0j 0-0j 0-0j 0-0j 0.26785-0j 0.161483-0j 0.0841799-0j -0.0464011-0j 0.114186-0j 0.0297621-0j -0.267829-0j -0.0349955-0j 0.10333-0j -0.0214303-0j -0.0431478-0j -0.0955753-0j -0.0305101-0j 0.0631225-0j -0.147083-0j -0.0769652-0j 0-0j -0.103338-0j 0.0428639-0j -0.0428605-0j -0.0214303-0j 0.021432-0j 0-0j 0.0247475-0j -0.0730711-0j -0.00618638-0j 0.027463-0j 0.0123737-0j 0.0728876-0j -0.215213-0j 0.0349982-0j 0.0257697-0j -0.3258-0j 0.111461-0j 0.0616733-0j 0.0436096-0j -0.0844517-0j 0.0251215-0j 0.00276685-0j -0.225966-0j 0.0064815-0j 
0-0j 0-0j 0-0j 0-0j 0-0j 0-0j 0-0j 0-0j 0-0j 0-0j 0.0406246-0j 0-0j 0-0j 0-0j 0-0j 0-0j 0-0j 0-0j 0-0j 0-0j 0-0j 0-0j 0-0j 0-0j 0-0j 0-0j 0-0j 0-0j -0.0358834-0j -0.0434043-0j 0.239307-0j 0.0531901-0j 0.0936268-0j 0.0821064-0j -0.0349955-0j -0.209825-0j 0.0231608-0j 0.0730912-0j 0.023451-0j -0.026339-0j -0.0505859-0j -0.072358-0j -0.0819622-0j 0.0418309-0j 0-0j 0.0225913-0j -0.0491354-0j -0.0479195-0j -0.0239598-0j -0.0245677-0j 0-0j 0.441482-0j -0.0487313-0j 0.0491158-0j 0.0307046-0j -0.070221-0j -0.426239-0j 0.0470487-0j -0.204666-0j -0.146243-0j 0.0875703-0j -0.0152507-0j 0.0689528-0j -0.148737-0j 0.0458998-0j -0.0287971-0j -0.0282321-0j 0.0271095-0j 0.00724654-0j 
0-0j 0-0j 0-0j 0-0j 0-0j 0-0j 0-0j 0-0j 0-0j 0-0j 0.119951-0j 0-0j 0-0j 0-0j 0-0j 0-0j 0-0j 0-0j 0-0j 0-0j 0-0j 0-0j 0-0j 0-0j 0-0j 0-0j 0-0j 0-0j -0.105952-0j 0.0250595-0j -0.135091-0j -0.0307093-0j -0.0540555-0j 0.242433-0j -0.10333-0j -0.0231608-0j -0.099797-0j -0.0421992-0j 0.069243-0j 0.0152068-0j -0.149363-0j 0.0417759-0j -0.242007-0j 0.123513-0j 0-0j -0.097343-0j 0.0283683-0j 0.0276663-0j 0.0138332-0j 0.0141842-0j 0-0j 0.0487313-0j 0.209977-0j -0.028357-0j -0.0177273-0j 0.0405421-0j -0.0470487-0j -0.202727-0j -0.0225913-0j 0.0844333-0j -0.0505587-0j 0.341036-0j -0.0398099-0j 0.0858735-0j 0.135527-0j 0.016626-0j 0.0162998-0j -0.0156517-0j -0.00418379-0j 
0-0j 0-0j 0-0j 0-0j 0-0j 0-0j 0-0j 0-0j 0-0j 0-0j 0.229591-0j 0-0j 0-0j 0-0j 0-0j 0-0j 0-0j 0-0j 0-0j 0-0j 0-0j 0-0j 0-0j 0-0j 0-0j 0-0j 0-0j 0-0j 0.06538-0j -0.0824446-0j 0.0280173-0j -0.0969129-0j 0.02072-0j 0.133321-0j 0.0214303-0j -0.0730912-0j -0.0421992-0j -0.0501729-0j 0.0445442-0j 0.04799-0j -0.0111949-0j -0.408933-0j 0.149336-0j -0.0256161-0j 0-0j 0.0429112-0j 0.0895252-0j 0.0293446-0j -0.105693-0j -0.322452-0j 0-0j -0.0186792-0j -0.0107845-0j 0.14409-0j -0.0188026-0j 0.353673-0j -0.0499027-0j -0.0288113-0j 0.0743244-0j -0.237462-0j -0.0536256-0j 0.00933911-0j 0.130973-0j -0.0329162-0j -0.0281078-0j 0.0524686-0j -0.118932-0j -0.0166011-0j -0.00443758-0j 
0-0j 0-0j 0-0j 0-0j 0-0j 0-0j 0-0j 0-0j 0-0j 0-0j 0.291021-0j 0-0j 0-0j 0-0j 0-0j 0-0j 0-0j 0-0j 0-0j 0-0j 0-0j 0-0j 0-0j 0-0j 0-0j 0-0j 0-0j 0-0j 0.041566-0j -0.154975-0j -0.108338-0j 0.0597171-0j 0.0353291-0j -0.0383031-0j 0.0431478-0j -0.023451-0j 0.069243-0j 0.0445442-0j -0.337615-0j -0.0579624-0j 0.0769649-0j 0.0228654-0j -0.122836-0j 0.0496808-0j 0-0j -0.206904-0j -0.0276685-0j -0.0287215-0j 0.103449-0j 0.0996567-0j 0-0j -0.0159744-0j 0.0471672-0j -0.00414559-0j -0.0692783-0j 0.0247748-0j -0.00851203-0j 0.0251332-0j 0.0700737-0j -0.00300946-0j 0.065413-0j -0.143448-0j -0.308703-0j 0.0703738-0j -0.197249-0j 0.0761624-0j -0.001786-0j -0.0156517-0j 0.0284378-0j 
0-0j 0-0j 0-0j 0-0j 0-0j 0-0j 0-0j 0-0j 0-0j 0-0j -0.0512266-0j 0-0j 0-0j 0-0j 0-0j 0-0j 0-0j 0-0j 0-0j 0-0j 0-0j 0-0j 0-0j 0-0j 0-0j 0-0j 0-0j 0-0j -0.0944001-0j -0.22766-0j 0.0576922-0j -0.0670713-0j 0.491083-0j -0.103534-0j 0.0955753-0j 0.026339-0j 0.0152068-0j 0.04799-0j -0.0579624-0j -0.27079-0j 0.12503-0j 0.00827945-0j -0.0670674-0j -0.0264562-0j 0-0j -0.014288-0j 0.0310759-0j -0.0314628-0j -0.0157314-0j 0.015538-0j 0-0j 0.0533825-0j 0.0308204-0j 0.0322483-0j -0.0758906-0j 0.0444117-0j -0.00932446-0j -0.00538348-0j -0.0247475-0j 0.0167336-0j -0.29806-0j 0.0192307-0j 0.109023-0j -0.235171-0j 0.10504-0j -0.0855418-0j 0.0178556-0j 0.159782-0j 0.031152-0j 
0-0j 0-0j 0-0j 0-0j 0-0j 0-0j 0-0j 0-0j 0-0j 0-0j -0.202385-0j 0-0j 0-0j 0-0j 0-0j 0-0j 0-0j 0-0j 0-0j 0-0j 0-0j 0-0j 0-0j 0-0j 0-0j 0-0j 0-0j 0-0j 0.0896614-0j -0.0353291-0j 0.0766062-0j 0.128815-0j -0.0275407-0j 0.364531-0j -0.0305101-0j -0.0505859-0j 0.149363-0j 0.0111949-0j -0.0769649-0j -0.12503-0j -0.0599977-0j -0.0159013-0j -0.264968-0j -0.0351296-0j 0-0j -0.0471672-0j -0.0596835-0j 0.0203092-0j 0.0101546-0j -0.0298417-0j 0-0j 0.0124528-0j -0.036769-0j 0.0997234-0j 0.0489871-0j 0.0760144-0j 0.00601891-0j -0.0177718-0j 0.0159744-0j 0.028641-0j -0.046254-0j 0.101433-0j -0.0703738-0j -0.0548596-0j 0.139476-0j 0.164289-0j 0.0792883-0j 0.0110674-0j -0.0201085-0j 
0-0j 0-0j 0-0j 0-0j 0-0j 0-0j 0-0j 0-0j 0-0j 0-0j -0.133099-0j 0-0j 0-0j 0-0j 0-0j 0-0j 0-0j 0-0j 0-0j 0-0j 0-0j 0-0j 0-0j 0-0j 0-0j 0-0j 0-0j 0-0j -0.0126867-0j 0.142206-0j -0.0483261-0j 0.0561825-0j 0.0988941-0j 0.0867256-0j 0.0631225-0j -0.072358-0j -0.0417759-0j 0.408933-0j -0.0228654-0j -0.00827945-0j -0.0159013-0j -0.239646-0j 0.0495175-0j 0.0147895-0j 0-0j -0.0247748-0j -0.017372-0j 0.086434-0j -0.311319-0j 0.0625705-0j 0-0j -0.0298417-0j -0.0172291-0j -0.0885919-0j 0.00965173-0j 0.0770081-0j -0.0870117-0j -0.0502362-0j -0.0429112-0j 0.156151-0j -0.0529057-0j -0.0161087-0j -0.153375-0j -0.106661-0j 0.128646-0j -0.162048-0j -0.00998156-0j 0.00958466-0j 0.0975208-0j 
0-0j 0-0j 0-0j 0-0j 0-0j 0-0j 0-0j 0-0j 0-0j 0-0j 0.0607447-0j 0-0j 0-0j 0-0j 0-0j 0-0j 0-0j 0-0j 0-0j 0-0j 0-0j 0-0j 0-0j 0-0j 0-0j 0-0j 0-0j 0-0j -0.0134767-0j 0.03155-0j -0.0684117-0j -0.0386632-0j -0.0680561-0j 0.122771-0j 0.147083-0j 0.0819622-0j -0.242007-0j 0.149336-0j -0.122836-0j -0.0670674-0j 0.264968-0j -0.0495175-0j -0.160642-0j 0.0157105-0j 0-0j 0.0210938-0j 0.00897085-0j -0.0979066-0j -0.0489533-0j 0.00448542-0j 0-0j 0.0154102-0j -0.0455012-0j 0.100351-0j 0.0781835-0j 0.0128205-0j 0.0557675-0j -0.164663-0j -0.00714399-0j -0.10008-0j -0.0834354-0j -0.0905828-0j -0.100826-0j 0.21749-0j -0.0248241-0j -0.153756-0j 0.00515446-0j -0.0049495-0j 0.217504-0j 
0-0j 0-0j 0-0j 0-0j 0-0j 0-0j 0-0j 0-0j 0-0j 0-0j -0.0860497-0j 0-0j 0-0j 0-0j 0-0j 0-0j 0-0j 0-0j 0-0j 0-0j 0-0j 0-0j 0-0j 0-0j 0-0j 0-0j 0-0j 0-0j -0.0769652-0j 0.0458235-0j -0.0993617-0j -0.345856-0j 0.0324021-0j -0.0351296-0j -0.0769652-0j 0.0418309-0j -0.123513-0j 0.0256161-0j -0.0496808-0j 0.0264562-0j -0.0351296-0j 0.0147895-0j -0.0157105-0j 0.5809-0j 0-0j -0.123513-0j 0.0512322-0j 0.0512322-0j 0.0256161-0j 0.0256161-0j 0-0j 0.0295789-0j -0.0873367-0j 0.00739473-0j -0.19968-0j 0.0147895-0j 0.0170774-0j -0.0504239-0j 0.0418309-0j 0.00603777-0j 0.00836618-0j -0.131563-0j 0.00381862-0j 0.00270017-0j -0.0034283-0j 0.000721652-0j 0.00330702-0j 0.0289813-0j 0.000107577-0j 
0.123842-0j 0.156649-0j -0.0214335-0j -0.479296-0j -0.0131253-0j 0.123842-0j -0.0166023-0j 0.0875693-0j -0.0107168-0j 0.0505582-0j 0-0j -0.0198436-0j -0.0166023-0j -0.00378894-0j -0.0198436-0j -0.0117396-0j 0.0505582-0j -0.0262506-0j -0.0123746-0j -0.276722-0j -0.0131253-0j -0.00437509-0j -0.00677787-0j 0.143-0j -0.00338893-0j -0.00239634-0j 0.0130541-0j -0.000739526-0j 0-0j 0-0j 0-0j 0-0j 0-0j 0-0j 0-0j 0-0j 0-0j 0-0j 0-0j 0-0j 0-0j 0-0j 0-0j 0-0j 0.17334-0j 0-0j 0-0j 0-0j 0-0j 0-0j -0.000123254-0j 0-0j 0-0j 0-0j 0-0j 0-0j 0-0j 0-0j 0-0j 0-0j 0-0j 0-0j 0-0j 0-0j 0-0j 0-0j 0-0j 0-0j 0-0j 
0-0j 0-0j 0-0j 0-0j 0-0j 0-0j 0-0j 0-0j 0-0j 0-0j -0.358369-0j 0-0j 0-0j 0-0j 0-0j 0-0j 0-0j 0-0j 0-0j 0-0j 0-0j 0-0j 0-0j 0-0j 0-0j 0-0j 0-0j 0-0j 0.103338-0j 0.0767619-0j 0.133409-0j -0.0295789-0j -0.0174991-0j 0.0471672-0j 0.103338-0j -0.0225913-0j -0.097343-0j 0.0429112-0j -0.206904-0j -0.014288-0j 0.0471672-0j 0.0247748-0j 0.0210938-0j 0.123513-0j 0-0j 0.301939-0j -0.0276685-0j -0.0276685-0j 0.0996567-0j 0.0996567-0j 0-0j -0.0159744-0j -0.0688319-0j -0.00399361-0j -0.0170774-0j 0.0247748-0j -0.00922285-0j -0.0397401-0j 0.0700737-0j -0.00326077-0j -0.00451825-0j -0.33679-0j 0.00639682-0j -0.00145826-0j 0.00460305-0j -0.000389736-0j -0.001786-0j -0.0156517-0j -5.80985e-05-0j 
0-0j 0-0j 0-0j 0-0j 0-0j 0-0j 0-0j 0-0j 0-0j 0-0j -0.0491354-0j 0-0j 0-0j 0-0j 0-0j 0-0j 0-0j 0-0j 0-0j 0-0j 0-0j 0-0j 0-0j 0-0j 0-0j 0-0j 0-0j 0-0j -0.043948-0j 0.0524974-0j 0.0553371-0j -0.0643333-0j -0.113241-0j -0.0993075-0j 0.0428639-0j -0.0491354-0j -0.0283683-0j -0.0895252-0j 0.0276685-0j -0.0310759-0j -0.0596835-0j -0.017372-0j -0.00897085-0j 0.0512322-0j 0-0j 0.0276685-0j 0.446066-0j -0.435062-0j 0.0293469-0j -0.0300891-0j 0-0j -0.103375-0j -0.0596835-0j -0.0601591-0j 0.0362266-0j -0.0860028-0j 0.0195646-0j 0.0112956-0j 0.0479233-0j -0.0351105-0j 0.00958466-0j 0.0184457-0j 0.00437478-0j -0.00943678-0j 0.00190931-0j -0.000847665-0j -0.0345771-0j 0.0332022-0j 0.000123245-0j 
0-0j 0-0j 0-0j 0-0j 0-0j 0-0j 0-0j 0-0j 0-0j 0-0j 0.0485274-0j 0-0j 0-0j 0-0j 0-0j 0-0j 0-0j 0-0j 0-0j 0-0j 0-0j 0-0j 0-0j 0-0j 0-0j 0-0j 0-0j 0-0j -0.0428639-0j 0.0531591-0j 0.0560347-0j 0.0635373-0j 0.0375892-0j 0.0198112-0j 0.0428605-0j 0.0479195-0j 0.0276663-0j 0.0293446-0j -0.0287215-0j -0.0314628-0j -0.0203092-0j -0.086434-0j -0.0979066-0j -0.0512322-0j 0-0j -0.0276685-0j 0.435062-0j -0.435028-0j 0.0293446-0j -0.0293469-0j 0-0j -0.0338869-0j -0.0195646-0j 0.00847105-0j -0.0376053-0j -0.0169435-0j -0.0998054-0j -0.0576227-0j -0.0479233-0j -0.0352865-0j -0.107251-0j 0.0186782-0j -0.0844496-0j -0.0597149-0j -0.0562156-0j -0.0343991-0j -0.00378867-0j -0.0332022-0j -0.00887516-0j 
0-0j 0-0j 0-0j 0-0j 0-0j 0-0j 0-0j 0-0j 0-0j 0-0j 0.174786-0j 0-0j 0-0j 0-0j 0-0j 0-0j 0-0j 0-0j 0-0j 0-0j 0-0j 0-0j 0-0j 0-0j 0-0j 0-0j 0-0j 0-0j 0.021432-0j 0.191469-0j -0.0280173-0j -0.0317687-0j -0.0187946-0j -0.00990562-0j -0.0214303-0j -0.0239598-0j -0.0138332-0j 0.105693-0j -0.103449-0j 0.0157314-0j 0.0101546-0j -0.311319-0j 0.0489533-0j 0.0256161-0j 0-0j -0.0996567-0j 0.0293469-0j -0.0293446-0j -0.267658-0j 0.267679-0j 0-0j 0.0169435-0j 0.00978231-0j -0.00423553-0j 0.0188026-0j -0.061027-0j 0.0499027-0j 0.0288113-0j -0.17261-0j 0.0176433-0j 0.0536256-0j -0.00933911-0j -0.304171-0j 0.0298574-0j 0.0281078-0j 0.0171995-0j 0.00189434-0j 0.0166011-0j 0.00443758-0j 
0-0j 0-0j 0-0j 0-0j 0-0j 0-0j 0-0j 0-0j 0-0j 0-0j -0.176976-0j 0-0j 0-0j 0-0j 0-0j 0-0j 0-0j 0-0j 0-0j 0-0j 0-0j 0-0j 0-0j 0-0j 0-0j 0-0j 0-0j 0-0j 0.021974-0j 0.189085-0j -0.0276685-0j 0.0321666-0j 0.0566207-0j 0.0496538-0j -0.021432-0j 0.0245677-0j 0.0141842-0j -0.322452-0j 0.0996567-0j 0.015538-0j 0.0298417-0j -0.0625705-0j 0.00448542-0j -0.0256161-0j 0-0j 0.0996567-0j 0.0300891-0j -0.0293469-0j -0.267679-0j 0.274449-0j 0-0j 0.0516874-0j 0.0298417-0j 0.0300796-0j -0.0181133-0j -0.309765-0j -0.00978231-0j -0.00564782-0j 0.17261-0j 0.0175553-0j -0.00479233-0j -0.00922285-0j 0.0157571-0j 0.00471839-0j -0.000954655-0j 0.000423833-0j 0.0172886-0j -0.0166011-0j -6.16227e-05-0j 
-0.000320224-0j 0.00326342-0j 0.00364861-0j 0.00210653-0j 0.00223431-0j -0.0178676-0j -0.0195729-0j -0.0126343-0j 0.0726915-0j -0.189408-0j 0-0j -0.000419272-0j -0.000350788-0j 0.00064499-0j -0.0233941-0j -0.000248045-0j -0.000130731-0j 0.00446862-0j 0.0839369-0j 0.048461-0j 0.00223431-0j 0.0296762-0j -0.207486-0j -0.000369763-0j 0.325714-0j 0.230315-0j -0.218434-0j -0.225005-0j 0-0j 0-0j 0-0j 0-0j 0-0j 0-0j 0-0j 0-0j 0-0j 0-0j 0-0j 0-0j 0-0j 0-0j 0-0j 0-0j -0.000123254-0j 0-0j 0-0j 0-0j 0-0j 0-0j 0.301147-0j 0-0j 0-0j 0-0j 0-0j 0-0j 0-0j 0-0j 0-0j 0-0j 0-0j 0-0j 0-0j 0-0j 0-0j 0-0j 0-0j 0-0j 0-0j 
0-0j 0-0j 0-0j 0-0j 0-0j 0-0j 0-0j 0-0j 0-0j 0-0j 0.0844052-0j 0-0j 0-0j 0-0j 0-0j 0-0j 0-0j 0-0j 0-0j 0-0j 0-0j 0-0j 0-0j 0-0j 0-0j 0-0j 0-0j 0-0j 0.0754943-0j -0.0303094-0j 0.167109-0j 0.110512-0j -0.0236275-0j -0.152029-0j -0.0247475-0j -0.441482-0j 0.0487313-0j -0.0186792-0j -0.0159744-0j 0.0533825-0j -0.0124528-0j 0.0298417-0j 0.0154102-0j -0.0295789-0j 0-0j -0.0159744-0j 0.103375-0j -0.0338869-0j -0.0169435-0j 0.0516874-0j 0-0j 0.112816-0j -0.0124528-0j -0.166394-0j -0.0209154-0j -0.131661-0j 0.059082-0j -0.00652154-0j 0.144721-0j -0.0537503-0j -0.00553371-0j -0.0106496-0j -0.00252578-0j -0.00196896-0j -0.00110234-0j 0.00145613-0j -0.137331-0j -0.0191693-0j -7.11558e-05-0j 
0-0j 0-0j 0-0j 0-0j 0-0j 0-0j 0-0j 0-0j 0-0j 0-0j 0.24922-0j 0-0j 0-0j 0-0j 0-0j 0-0j 0-0j 0-0j 0-0j 0-0j 0-0j 0-0j 0-0j 0-0j 0-0j 0-0j 0-0j 0-0j 0.222909-0j 0.0174991-0j -0.0943344-0j -0.0638043-0j 0.0136414-0j -0.448891-0j -0.0730711-0j -0.0487313-0j -0.209977-0j 0.0107845-0j -0.0471672-0j -0.0308204-0j -0.036769-0j -0.0172291-0j 0.0455012-0j -0.0873367-0j 0-0j 0.0688319-0j -0.0596835-0j 0.0195646-0j 0.00978231-0j -0.0298417-0j 0-0j 0.0124528-0j 0.0536577-0j 0.0960675-0j 0.0120755-0j 0.0760144-0j 0.00652154-0j 0.0281005-0j 0.0159744-0j 0.0310328-0j 0.00319489-0j 0.238147-0j 0.00145826-0j 0.00113678-0j -0.00325485-0j -0.000840696-0j 0.0792883-0j 0.0110674-0j 4.10818e-05-0j 
0-0j 0-0j 0-0j 0-0j 0-0j 0-0j 0-0j 0-0j 0-0j 0-0j 0.0497389-0j 0-0j 0-0j 0-0j 0-0j 0-0j 0-0j 0-0j 0-0j 0-0j 0-0j 0-0j 0-0j 0-0j 0-0j 0-0j 0-0j 0-0j -0.043934-0j -0.00767286-0j -0.00808791-0j 0.0651235-0j -0.184573-0j 0.214506-0j -0.00618638-0j 0.0491158-0j 0.028357-0j -0.14409-0j 0.00414559-0j -0.0322483-0j 0.0997234-0j -0.0885919-0j -0.100351-0j 0.00739473-0j 0-0j 0.00399361-0j -0.0601591-0j -0.00847105-0j -0.00423553-0j -0.0300796-0j 0-0j 0.166394-0j 0.0960675-0j 0.158687-0j 0.00542785-0j -0.183455-0j 0.0144057-0j 0.00831712-0j 0.00691713-0j -0.382064-0j 0.0154804-0j -0.00269597-0j 0.0121892-0j 0.293216-0j 0.00811402-0j -0.0352579-0j 0.261351-0j 0.00479233-0j 0.00128102-0j 
0-0j 0-0j 0-0j 0-0j 0-0j 0-0j 0-0j 0-0j 0-0j 0-0j -0.0597171-0j 0-0j 0-0j 0-0j 0-0j 0-0j 0-0j 0-0j 0-0j 0-0j 0-0j 0-0j 0-0j 0-0j 0-0j 0-0j 0-0j 0-0j 0.0264562-0j -0.0654168-0j -0.0689554-0j 0.493738-0j -0.0462567-0j -0.0243794-0j 0.027463-0j 0.0307046-0j 0.0177273-0j 0.0188026-0j 0.0692783-0j 0.0758906-0j 0.0489871-0j 0.00965173-0j -0.0781835-0j -0.19968-0j 0-0j 0.0170774-0j 0.0362266-0j 0.0376053-0j 0.0188026-0j 0.0181133-0j 0-0j 0.0209154-0j 0.0120755-0j 0.00542785-0j -0.572789-0j 0.0104577-0j 0.0111449-0j 0.00643449-0j 0.0295789-0j 0.0039403-0j -0.0856458-0j -0.0229851-0j -0.130307-0j -0.0921409-0j -0.125546-0j -0.09972-0j 0.00233842-0j 0.0204929-0j -0.0372338-0j 
0-0j 0-0j 0-0j 0-0j 0-0j 0-0j 0-0j 0-0j 0-0j 0-0j 0.217812-0j 0-0j 0-0j 0-0j 0-0j 0-0j 0-0j 0-0j 0-0j 0-0j 0-0j 0-0j 0-0j 0-0j 0-0j 0-0j 0-0j 0-0j -0.0628076-0j -0.0470069-0j 0.0159744-0j -0.0919409-0j 0.144227-0j 0.0381836-0j 0.0123737-0j -0.070221-0j -0.0405421-0j -0.353673-0j -0.0247748-0j -0.0444117-0j 0.0760144-0j 0.0770081-0j -0.0128205-0j 0.0147895-0j 0-0j -0.0247748-0j -0.0860028-0j 0.0169435-0j -0.061027-0j 0.309765-0j 0-0j 0.131661-0j 0.0760144-0j -0.183455-0j 0.0104577-0j -0.10257-0j 0.00564782-0j 0.00326077-0j -0.0429112-0j 0.0134999-0j 0.00276685-0j 0.00532481-0j -0.00391724-0j 0.0120189-0j 0.00055117-0j -0.00121143-0j -0.308107-0j 0.00958466-0j 3.55779e-05-0j 
0-0j 0-0j 0-0j 0-0j 0-0j 0-0j 0-0j 0-0j 0-0j 0-0j 0.0483261-0j 0-0j 0-0j 0-0j 0-0j 0-0j 0-0j 0-0j 0-0j 0-0j 0-0j 0-0j 0-0j 0-0j 0-0j 0-0j 0-0j 0-0j -0.014288-0j 0.0529385-0j -0.291874-0j 0.0632737-0j 0.0374332-0j 0.019729-0j -0.0728876-0j 0.426239-0j -0.0470487-0j -0.0499027-0j -0.00851203-0j -0.00932446-0j -0.00601891-0j 0.0870117-0j 0.0557675-0j -0.0170774-0j 0-0j -0.00922285-0j -0.0195646-0j -0.0998054-0j -0.0499027-0j -0.00978231-0j 0-0j 0.059082-0j -0.00652154-0j -0.0144057-0j -0.0111449-0j -0.00564782-0j -0.525522-0j 0.0580078-0j 0.0835545-0j 0.0355224-0j 0.0610902-0j 0.0186007-0j -0.0570964-0j -0.0403733-0j -0.148548-0j -0.182501-0j -0.00126289-0j -0.0110674-0j -0.112607-0j 
0-0j 0-0j 0-0j 0-0j 0-0j 0-0j 0-0j 0-0j 0-0j 0-0j 0.142691-0j 0-0j 0-0j 0-0j 0-0j 0-0j 0-0j 0-0j 0-0j 0-0j 0-0j 0-0j 0-0j 0-0j 0-0j 0-0j 0-0j 0-0j -0.0421876-0j -0.0305641-0j 0.164765-0j -0.0365311-0j -0.0216121-0j 0.0582533-0j -0.215213-0j 0.0470487-0j 0.202727-0j 0.0288113-0j -0.0251332-0j 0.00538348-0j -0.0177718-0j -0.0502362-0j 0.164663-0j -0.0504239-0j 0-0j 0.0397401-0j 0.0112956-0j 0.0576227-0j 0.0288113-0j 0.00564782-0j 0-0j 0.00652154-0j 0.0281005-0j 0.00831712-0j 0.00643449-0j 0.00326077-0j -0.0580078-0j -0.249949-0j 0.00922285-0j -0.0205088-0j -0.0352704-0j -0.415949-0j 0.0329646-0j 0.0233095-0j -0.438612-0j 0.105367-0j 0.00072913-0j 0.00638978-0j 0.0650139-0j 
0-0j 0-0j 0-0j 0-0j 0-0j 0-0j 0-0j 0-0j 0-0j 0-0j -0.121371-0j 0-0j 0-0j 0-0j 0-0j 0-0j 0-0j 0-0j 0-0j 0-0j 0-0j 0-0j 0-0j 0-0j 0-0j 0-0j 0-0j 0-0j 0.0349982-0j -0.132956-0j -0.236328-0j 0.0512322-0j 0.0303094-0j 0.0159744-0j 0.0349982-0j -0.204666-0j 0.0225913-0j -0.0743244-0j -0.0700737-0j 0.0247475-0j 0.0159744-0j -0.0429112-0j 0.00714399-0j 0.0418309-0j 0-0j -0.0700737-0j 0.0479233-0j 0.0479233-0j -0.17261-0j -0.17261-0j 0-0j -0.144721-0j 0.0159744-0j 0.00691713-0j 0.0295789-0j -0.0429112-0j -0.0835545-0j 0.00922285-0j 0.634834-0j 0.00564782-0j 0.00782584-0j 0.0150608-0j -0.0110796-0j 0.00252578-0j 0.00155895-0j 0.000675043-0j 0.00309344-0j 0.0271095-0j 0.00010063-0j 
0-0j 0-0j 0-0j 0-0j 0-0j 0-0j 0-0j 0-0j 0-0j 0-0j -0.0867256-0j 0-0j 0-0j 0-0j 0-0j 0-0j 0-0j 0-0j 0-0j 0-0j 0-0j 0-0j 0-0j 0-0j 0-0j 0-0j 0-0j 0-0j 0.0256411-0j 0.0187166-0j 0.019729-0j -0.11355-0j 0.178126-0j 0.0471582-0j -0.0257697-0j 0.146243-0j 0.0844333-0j -0.237462-0j -0.00300946-0j 0.0167336-0j -0.028641-0j -0.156151-0j -0.10008-0j -0.00603777-0j 0-0j -0.00326077-0j 0.0351105-0j -0.0352865-0j -0.0176433-0j 0.0175553-0j 0-0j -0.0537503-0j -0.0310328-0j 0.382064-0j -0.0039403-0j -0.0134999-0j 0.0355224-0j 0.0205088-0j -0.00564782-0j 0.0849088-0j 0.0215986-0j 0.00657634-0j -0.0201866-0j -0.192116-0j -0.0525196-0j 0.327515-0j 0.125784-0j -0.00391292-0j -0.0398127-0j 
0-0j 0-0j 0-0j 0-0j 0-0j 0-0j 0-0j 0-0j 0-0j 0-0j -0.03155-0j 0-0j 0-0j 0-0j 0-0j 0-0j 0-0j 0-0j 0-0j 0-0j 0-0j 0-0j 0-0j 0-0j 0-0j 0-0j 0-0j 0-0j -0.0291155-0j 0.14376-0j -0.0364308-0j -0.0413087-0j 0.101654-0j -0.0128802-0j -0.3258-0j 0.0875703-0j 0.0505587-0j 0.0536256-0j -0.065413-0j 0.29806-0j -0.046254-0j -0.0529057-0j 0.0834354-0j 0.00836618-0j 0-0j 0.00451825-0j 0.00958466-0j 0.107251-0j 0.0536256-0j 0.00479233-0j 0-0j 0.00553371-0j 0.00319489-0j 0.0154804-0j -0.0856458-0j 0.00276685-0j -0.0610902-0j -0.0352704-0j 0.00782584-0j -0.0215986-0j -0.38018-0j -0.0121436-0j 0.110449-0j 0.0780993-0j -0.0132194-0j -0.164276-0j 0.000618687-0j -0.0505275-0j -0.238264-0j 
0-0j 0-0j 0-0j 0-0j 0-0j 0-0j 0-0j 0-0j 0-0j 0-0j 0.000775681-0j 0-0j 0-0j 0-0j 0-0j 0-0j 0-0j 0-0j 0-0j 0-0j 0-0j 0-0j 0-0j 0-0j 0-0j 0-0j 0-0j 0-0j -0.110074-0j -0.000103988-0j 0.000895679-0j -0.00012429-0j -7.35309e-05-0j 0.00031667-0j 0.111461-0j -0.0152507-0j -0.341036-0j -0.00933911-0j 0.143448-0j -0.0192307-0j 0.101433-0j -0.0161087-0j 0.0905828-0j -0.131563-0j 0-0j 0.33679-0j 0.0184457-0j -0.0186782-0j -0.00933911-0j 0.00922285-0j 0-0j 0.0106496-0j 0.238147-0j -0.00269597-0j -0.0229851-0j 0.00532481-0j -0.0186007-0j -0.415949-0j 0.0150608-0j -0.00657634-0j -0.0121436-0j 0.00108571-0j -0.0069263-0j -0.00489763-0j 0.0296347-0j -0.00183187-0j 0.00119066-0j 0.0104345-0j -0.000351032-0j 
