0.00161347-0j 0.0738152-0j 0.000838014-0j 0.000585825-0j 0.000331082-0j 0.00058278-0j -0.00105132-0j 0.0729019-0j 0.0406246-0j -0.119951-0j -0.229591-0j -0.291021-0j 0.0512266-0j -0.202385-0j -0.133099-0j -0.0607447-0j 0-0j 0-0j -0.0485274-0j 0.174786-0j -0.0844052-0j 0.24922-0j 0.217812-0j 0.0497389-0j -0.0597171-0j -0.0860497-0j 0.358369-0j 0.000775681-0j -0.0483261-0j 0.142691-0j -0.0491354-0j 0.0867256-0j -0.03155-0j 0.0558171-0j 0.0388169-0j 0.0193828-0j 0.00487971-0j 0-0j 0-0j 0-0j 0-0j 0-0j 0-0j 0-0j 0-0j 0.176976-0j 0-0j 0-0j 0-0j 0-0j 0-0j 0-0j -0.121371-0j 0-0j 0-0j 0-0j 0-0j 0-0j 0-0j 0-0j 0-0j 0-0j 0-0j 0-0j 0-0j 0-0j 0-0j 0-0j 0-0j 0-0j 0-0j 0-0j 0-0j 0-0j 0-0j -0.0282321-0j 0-0j 0-0j 0.0271095-0j 0-0j 0-0j 0-0j 0-0j 0-0j 0-0j 0-0j -0.000912008-0j 0-0j 0-0j 0-0j 0-0j 0-0j 
-0.0738152-0j 0.274625-0j 0.159472-0j 0.0831319-0j 0.0469824-0j -0.343996-0j -0.149188-0j -0.26785-0j 0.0358834-0j -0.105952-0j 0.06538-0j 0.041566-0j -0.0944001-0j -0.0896614-0j 0.0126867-0j -0.0134767-0j 0-0j 0-0j -0.0428639-0j -0.021432-0j 0.0754943-0j -0.222909-0j 0.0628076-0j 0.043934-0j -0.0264562-0j 0.0769652-0j 0.103338-0j 0.110074-0j -0.014288-0j 0.0421876-0j 0.043948-0j 0.0256411-0j 0.0291155-0j -0.00319489-0j 0.00689165-0j 0.00286832-0j 0.000619047-0j 0-0j 0-0j 0-0j 0-0j 0-0j 0-0j 0-0j 0-0j 0.021974-0j 0-0j 0-0j 0-0j 0-0j 0-0j 0-0j -0.0349982-0j 0-0j 0-0j 0-0j 0-0j 0-0j 0-0j 0-0j 0-0j 0-0j 0-0j 0-0j 0-0j 0-0j 0-0j 0-0j 0-0j 0-0j 0-0j 0-0j 0-0j 0-0j 0-0j 0.0252516-0j 0-0j 0-0j 0.225966-0j 0-0j 0-0j 0-0j 0-0j 0-0j 0-0j 0-0j -9.00058e-05-0j 0-0j 0-0j 0-0j 0-0j 0-0j 
-0.000838014-0j 0.159472-0j 0.00381848-0j 0.000311965-0j 0.000353735-0j -0.000870485-0j 0.000110296-0j -0.161483-0j 0.0434043-0j 0.0250595-0j -0.0824446-0j -0.154975-0j -0.22766-0j 0.0353291-0j -0.142206-0j 0.03155-0j 0-0j 0-0j 0.0531591-0j -0.191469-0j -0.0303094-0j -0.0174991-0j 0.0470069-0j 0.00767286-0j 0.0654168-0j -0.0458235-0j 0.0767619-0j 0.000103988-0j 0.0529385-0j 0.0305641-0j -0.0524974-0j 0.0187166-0j -0.14376-0j -0.0611446-0j 0.0139389-0j 0.0103218-0j 0.0052136-0j 0-0j 0-0j 0-0j 0-0j 0-0j 0-0j 0-0j 0-0j 0.189085-0j 0-0j 0-0j 0-0j 0-0j 0-0j 0-0j 0.132956-0j 0-0j 0-0j 0-0j 0-0j 0-0j 0-0j 0-0j 0-0j 0-0j 0-0j 0-0j 0-0j 0-0j 0-0j 0-0j 0-0j 0-0j 0-0j 0-0j 0-0j 0-0j 0-0j -0.00338869-0j 0-0j 0-0j 0.276751-0j 0-0j 0-0j 0-0j 0-0j 0-0j 0-0j 0-0j 0.000999055-0j 0-0j 0-0j 0-0j 0-0j 0-0j 
-0.000585825-0j 0.0831319-0j 0.000311965-0j 0.00353819-0j 0.00037287-0j 0.000220593-0j -0.000239162-0j -0.0841799-0j -0.239307-0j -0.135091-0j 0.0280173-0j -0.108338-0j 0.0576922-0j -0.0766062-0j 0.0483261-0j -0.0684117-0j 0-0j 0-0j 0.0560347-0j 0.0280173-0j 0.167109-0j 0.0943344-0j -0.0159744-0j 0.00808791-0j 0.0689554-0j 0.0993617-0j 0.133409-0j -0.000895679-0j -0.291874-0j -0.164765-0j -0.0553371-0j 0.019729-0j 0.0364308-0j 0.0207789-0j 0.0146929-0j -0.0223813-0j 0.00549561-0j 0-0j 0-0j 0-0j 0-0j 0-0j 0-0j 0-0j 0-0j -0.0276685-0j 0-0j 0-0j 0-0j 0-0j 0-0j 0-0j 0.236328-0j 0-0j 0-0j 0-0j 0-0j 0-0j 0-0j 0-0j 0-0j 0-0j 0-0j 0-0j 0-0j 0-0j 0-0j 0-0j 0-0j 0-0j 0-0j 0-0j 0-0j 0-0j 0-0j -0.00357199-0j 0-0j 0-0j -0.0313034-0j 0-0j 0-0j 0-0j 0-0j 0-0j 0-0j 0-0j 0.0010531-0j 0-0j 0-0j 0-0j 0-0j 0-0j 
-0.000331082-0j 0.0469824-0j 0.000353735-0j 0.00037287-0j 0.00273736-0j -0.000763038-0j -0.000669149-0j 0.0464011-0j -0.0531901-0j -0.0307093-0j -0.0969129-0j 0.0597171-0j -0.0670713-0j -0.128815-0j -0.0561825-0j -0.0386632-0j 0-0j 0-0j 0.0635373-0j 0.0317687-0j 0.110512-0j 0.0638043-0j 0.0919409-0j -0.0651235-0j -0.493738-0j 0.345856-0j -0.0295789-0j 0.00012429-0j 0.0632737-0j 0.0365311-0j 0.0643333-0j -0.11355-0j 0.0413087-0j 0.0235611-0j -0.0508233-0j 0.0123369-0j -0.00638904-0j 0-0j 0-0j 0-0j 0-0j 0-0j 0-0j 0-0j 0-0j 0.0321666-0j 0-0j 0-0j 0-0j 0-0j 0-0j 0-0j -0.0512322-0j 0-0j 0-0j 0-0j 0-0j 0-0j 0-0j 0-0j 0-0j 0-0j 0-0j 0-0j 0-0j 0-0j 0-0j 0-0j 0-0j 0-0j 0-0j 0-0j 0-0j 0-0j 0-0j 0.0369645-0j 0-0j 0-0j -0.0354947-0j 0-0j 0-0j 0-0j 0-0j 0-0j 0-0j 0-0j 0.0011941-0j 0-0j 0-0j 0-0j 0-0j 0-0j 
0.00058278-0j 0.343996-0j 0.000870485-0j -0.000220593-0j 0.000763038-0j 0.000678583-0j -0.00104969-0j 0.114186-0j 0.0936268-0j 0.0540555-0j -0.02072-0j -0.0353291-0j -0.491083-0j -0.0275407-0j 0.0988941-0j 0.0680561-0j 0-0j 0-0j -0.0375892-0j -0.0187946-0j 0.0236275-0j 0.0136414-0j 0.144227-0j -0.184573-0j -0.0462567-0j 0.0324021-0j 0.0174991-0j -7.35309e-05-0j -0.0374332-0j -0.0216121-0j -0.113241-0j -0.178126-0j 0.101654-0j -0.0139389-0j -0.010866-0j -0.0072986-0j 0.0112462-0j 0-0j 0-0j 0-0j 0-0j 0-0j 0-0j 0-0j 0-0j -0.0566207-0j 0-0j 0-0j 0-0j 0-0j 0-0j 0-0j 0.0303094-0j 0-0j 0-0j 0-0j 0-0j 0-0j 0-0j 0-0j 0-0j 0-0j 0-0j 0-0j 0-0j 0-0j 0-0j 0-0j 0-0j 0-0j 0-0j 0-0j 0-0j 0-0j 0-0j 0.150439-0j 0-0j 0-0j -0.195692-0j 0-0j 0-0j 0-0j 0-0j 0-0j 0-0j 0-0j -0.000706439-0j 0-0j 0-0j 0-0j 0-0j 0-0j 
0.00105132-0j -0.149188-0j 0.000110296-0j -0.000239162-0j -0.000669149-0j 0.00104969-0j -0.000571667-0j -0.0297621-0j -0.0821064-0j 0.242433-0j 0.133321-0j -0.0383031-0j -0.103534-0j -0.364531-0j -0.0867256-0j 0.122771-0j 0-0j 0-0j 0.0198112-0j 0.00990562-0j -0.152029-0j 0.448891-0j -0.0381836-0j -0.214506-0j 0.0243794-0j 0.0351296-0j 0.0471672-0j -0.00031667-0j 0.019729-0j -0.0582533-0j 0.0993075-0j 0.0471582-0j 0.0128802-0j 0.00734645-0j 0.0699162-0j -0.00791299-0j -0.00986239-0j 0-0j 0-0j 0-0j 0-0j 0-0j 0-0j 0-0j 0-0j 0.0496538-0j 0-0j 0-0j 0-0j 0-0j 0-0j 0-0j -0.0159744-0j 0-0j 0-0j 0-0j 0-0j 0-0j 0-0j 0-0j 0-0j 0-0j 0-0j 0-0j 0-0j 0-0j 0-0j 0-0j 0-0j 0-0j 0-0j 0-0j 0-0j 0-0j 0-0j 0.355771-0j 0-0j 0-0j -0.0110674-0j 0-0j 0-0j 0-0j 0-0j 0-0j 0-0j 0-0j 0.000372326-0j 0-0j 0-0j 0-0j 0-0j 0-0j 
0.0729019-0j 0.26785-0j 0.161483-0j 0.0841799-0j -0.0464011-0j 0.114186-0j 0.0297621-0j -0.267829-0j -0.0349955-0j 0.10333-0j -0.0214303-0j -0.0431478-0j -0.0955753-0j -0.0305101-0j 0.0631225-0j -0.147083-0j 0-0j 0-0j -0.0428605-0j -0.0214303-0j 0.0247475-0j -0.0730711-0j 0.0123737-0j -0.00618638-0j 0.027463-0j -0.0769652-0j -0.103338-0j 0.111461-0j 0.0728876-0j -0.215213-0j 0.0428639-0j 0.0257697-0j -0.3258-0j 0.0616733-0j 0.0436096-0j -0.0844517-0j 0.0251215-0j 0-0j 0-0j 0-0j 0-0j 0-0j 0-0j 0-0j 0-0j 0.021432-0j 0-0j 0-0j 0-0j 0-0j 0-0j 0-0j 0.0349982-0j 0-0j 0-0j 0-0j 0-0j 0-0j 0-0j 0-0j 0-0j 0-0j 0-0j 0-0j 0-0j 0-0j 0-0j 0-0j 0-0j 0-0j 0-0j 0-0j 0-0j 0-0j 0-0j 0.00276685-0j 0-0j 0-0j -0.225966-0j 0-0j 0-0j 0-0j 0-0j 0-0j 0-0j 0-0j 0.0064815-0j 0-0j 0-0j 0-0j 0-0j 0-0j 
0.0406246-0j -0.0358834-0j -0.0434043-0j 0.239307-0j 0.0531901-0j 0.0936268-0j 0.0821064-0j -0.0349955-0j -0.209825-0j 0.0231608-0j 0.0730912-0j 0.023451-0j -0.026339-0j -0.0505859-0j -0.072358-0j -0.0819622-0j 0-0j 0-0j -0.0479195-0j -0.0239598-0j 0.441482-0j -0.0487313-0j -0.070221-0j 0.0491158-0j 0.0307046-0j 0.0418309-0j 0.0225913-0j -0.0152507-0j -0.426239-0j 0.0470487-0j -0.0491354-0j -0.146243-0j 0.0875703-0j 0.0689528-0j -0.148737-0j 0.0458998-0j -0.0287971-0j 0-0j 0-0j 0-0j 0-0j 0-0j 0-0j 0-0j 0-0j -0.0245677-0j 0-0j 0-0j 0-0j 0-0j 0-0j 0-0j -0.204666-0j 0-0j 0-0j 0-0j 0-0j 0-0j 0-0j 0-0j 0-0j 0-0j 0-0j 0-0j 0-0j 0-0j 0-0j 0-0j 0-0j 0-0j 0-0j 0-0j 0-0j 0-0j 0-0j -0.0282321-0j 0-0j 0-0j 0.0271095-0j 0-0j 0-0j 0-0j 0-0j 0-0j 0-0j 0-0j 0.00724654-0j 0-0j 0-0j 0-0j 0-0j 0-0j 
0.119951-0j -0.105952-0j 0.0250595-0j -0.135091-0j -0.0307093-0j -0.0540555-0j 0.242433-0j -0.10333-0j -0.0231608-0j -0.099797-0j -0.0421992-0j 0.069243-0j 0.0152068-0j -0.149363-0j 0.0417759-0j -0.242007-0j 0-0j 0-0j 0.0276663-0j 0.0138332-0j 0.0487313-0j 0.209977-0j 0.0405421-0j -0.028357-0j -0.0177273-0j 0.123513-0j -0.097343-0j 0.341036-0j -0.0470487-0j -0.202727-0j 0.0283683-0j 0.0844333-0j -0.0505587-0j -0.0398099-0j 0.0858735-0j 0.135527-0j 0.016626-0j 0-0j 0-0j 0-0j 0-0j 0-0j 0-0j 0-0j 0-0j 0.0141842-0j 0-0j 0-0j 0-0j 0-0j 0-0j 0-0j -0.0225913-0j 0-0j 0-0j 0-0j 0-0j 0-0j 0-0j 0-0j 0-0j 0-0j 0-0j 0-0j 0-0j 0-0j 0-0j 0-0j 0-0j 0-0j 0-0j 0-0j 0-0j 0-0j 0-0j 0.0162998-0j 0-0j 0-0j -0.0156517-0j 0-0j 0-0j 0-0j 0-0j 0-0j 0-0j 0-0j -0.00418379-0j 0-0j 0-0j 0-0j 0-0j 0-0j 
0.229591-0j 0.06538-0j -0.0824446-0j 0.0280173-0j -0.0969129-0j 0.02072-0j 0.133321-0j 0.0214303-0j -0.0730912-0j -0.0421992-0j -0.0501729-0j 0.0445442-0j 0.04799-0j -0.0111949-0j -0.408933-0j 0.149336-0j 0-0j 0-0j 0.0293446-0j -0.105693-0j -0.0186792-0j -0.0107845-0j 0.353673-0j 0.14409-0j -0.0188026-0j -0.0256161-0j 0.0429112-0j 0.00933911-0j -0.0499027-0j -0.0288113-0j 0.0895252-0j -0.237462-0j -0.0536256-0j 0.130973-0j -0.0329162-0j -0.0281078-0j 0.0524686-0j 0-0j 0-0j 0-0j 0-0j 0-0j 0-0j 0-0j 0-0j -0.322452-0j 0-0j 0-0j 0-0j 0-0j 0-0j 0-0j 0.0743244-0j 0-0j 0-0j 0-0j 0-0j 0-0j 0-0j 0-0j 0-0j 0-0j 0-0j 0-0j 0-0j 0-0j 0-0j 0-0j 0-0j 0-0j 0-0j 0-0j 0-0j 0-0j 0-0j -0.118932-0j 0-0j 0-0j -0.0166011-0j 0-0j 0-0j 0-0j 0-0j 0-0j 0-0j 0-0j -0.00443758-0j 0-0j 0-0j 0-0j 0-0j 0-0j 
0.291021-0j 0.041566-0j -0.154975-0j -0.108338-0j 0.0597171-0j 0.0353291-0j -0.0383031-0j 0.0431478-0j -0.023451-0j 0.069243-0j 0.0445442-0j -0.337615-0j -0.0579624-0j 0.0769649-0j 0.0228654-0j -0.122836-0j 0-0j 0-0j -0.0287215-0j 0.103449-0j -0.0159744-0j 0.0471672-0j 0.0247748-0j -0.00414559-0j -0.0692783-0j 0.0496808-0j -0.206904-0j -0.143448-0j -0.00851203-0j 0.0251332-0j -0.0276685-0j -0.00300946-0j 0.065413-0j -0.308703-0j 0.0703738-0j -0.197249-0j 0.0761624-0j 0-0j 0-0j 0-0j 0-0j 0-0j 0-0j 0-0j 0-0j 0.0996567-0j 0-0j 0-0j 0-0j 0-0j 0-0j 0-0j 0.0700737-0j 0-0j 0-0j 0-0j 0-0j 0-0j 0-0j 0-0j 0-0j 0-0j 0-0j 0-0j 0-0j 0-0j 0-0j 0-0j 0-0j 0-0j 0-0j 0-0j 0-0j 0-0j 0-0j -0.001786-0j 0-0j 0-0j -0.0156517-0j 0-0j 0-0j 0-0j 0-0j 0-0j 0-0j 0-0j 0.0284378-0j 0-0j 0-0j 0-0j 0-0j 0-0j 
-0.0512266-0j -0.0944001-0j -0.22766-0j 0.0576922-0j -0.0670713-0j 0.491083-0j -0.103534-0j 0.0955753-0j 0.026339-0j 0.0152068-0j 0.04799-0j -0.0579624-0j -0.27079-0j 0.12503-0j 0.00827945-0j -0.0670674-0j 0-0j 0-0j -0.0314628-0j -0.0157314-0j 0.0533825-0j 0.0308204-0j 0.0444117-0j 0.0322483-0j -0.0758906-0j -0.0264562-0j -0.014288-0j 0.0192307-0j -0.00932446-0j -0.00538348-0j 0.0310759-0j 0.0167336-0j -0.29806-0j 0.109023-0j -0.235171-0j 0.10504-0j -0.0855418-0j 0-0j 0-0j 0-0j 0-0j 0-0j 0-0j 0-0j 0-0j 0.015538-0j 0-0j 0-0j 0-0j 0-0j 0-0j 0-0j -0.0247475-0j 0-0j 0-0j 0-0j 0-0j 0-0j 0-0j 0-0j 0-0j 0-0j 0-0j 0-0j 0-0j 0-0j 0-0j 0-0j 0-0j 0-0j 0-0j 0-0j 0-0j 0-0j 0-0j 0.0178556-0j 0-0j 0-0j 0.159782-0j 0-0j 0-0j 0-0j 0-0j 0-0j 0-0j 0-0j 0.031152-0j 0-0j 0-0j 0-0j 0-0j 0-0j 
-0.202385-0j 0.0896614-0j -0.0353291-0j 0.0766062-0j 0.128815-0j -0.0275407-0j 0.364531-0j -0.0305101-0j -0.0505859-0j 0.149363-0j 0.0111949-0j -0.0769649-0j -0.12503-0j -0.0599977-0j -0.0159013-0j -0.264968-0j 0-0j 0-0j 0.0203092-0j 0.0101546-0j 0.0124528-0j -0.036769-0j 0.0760144-0j 0.0997234-0j 0.0489871-0j -0.0351296-0j -0.0471672-0j 0.101433-0j 0.00601891-0j -0.0177718-0j -0.0596835-0j 0.028641-0j -0.046254-0j -0.0703738-0j -0.0548596-0j 0.139476-0j 0.164289-0j 0-0j 0-0j 0-0j 0-0j 0-0j 0-0j 0-0j 0-0j -0.0298417-0j 0-0j 0-0j 0-0j 0-0j 0-0j 0-0j 0.0159744-0j 0-0j 0-0j 0-0j 0-0j 0-0j 0-0j 0-0j 0-0j 0-0j 0-0j 0-0j 0-0j 0-0j 0-0j 0-0j 0-0j 0-0j 0-0j 0-0j 0-0j 0-0j 0-0j 0.0792883-0j 0-0j 0-0j 0.0110674-0j 0-0j 0-0j 0-0j 0-0j 0-0j 0-0j 0-0j -0.0201085-0j 0-0j 0-0j 0-0j 0-0j 0-0j 
-0.133099-0j -0.0126867-0j 0.142206-0j -0.0483261-0j 0.0561825-0j 0.0988941-0j 0.0867256-0j 0.0631225-0j -0.072358-0j -0.0417759-0j 0.408933-0j -0.0228654-0j -0.00827945-0j -0.0159013-0j -0.239646-0j 0.0495175-0j 0-0j 0-0j 0.086434-0j -0.311319-0j -0.0298417-0j -0.0172291-0j 0.0770081-0j -0.0885919-0j 0.00965173-0j 0.0147895-0j -0.0247748-0j -0.0161087-0j -0.0870117-0j -0.0502362-0j -0.017372-0j 0.156151-0j -0.0529057-0j -0.153375-0j -0.106661-0j 0.128646-0j -0.162048-0j 0-0j 0-0j 0-0j 0-0j 0-0j 0-0j 0-0j 0-0j 0.0625705-0j 0-0j 0-0j 0-0j 0-0j 0-0j 0-0j -0.0429112-0j 0-0j 0-0j 0-0j 0-0j 0-0j 0-0j 0-0j 0-0j 0-0j 0-0j 0-0j 0-0j 0-0j 0-0j 0-0j 0-0j 0-0j 0-0j 0-0j 0-0j 0-0j 0-0j -0.00998156-0j 0-0j 0-0j 0.00958466-0j 0-0j 0-0j 0-0j 0-0j 0-0j 0-0j 0-0j 0.0975208-0j 0-0j 0-0j 0-0j 0-0j 0-0j 
0.0607447-0j -0.0134767-0j 0.03155-0j -0.0684117-0j -0.0386632-0j -0.0680561-0j 0.122771-0j 0.147083-0j 0.0819622-0j -0.242007-0j 0.149336-0j -0.122836-0j -0.0670674-0j 0.264968-0j -0.0495175-0j -0.160642-0j 0-0j 0-0j -0.0979066-0j -0.0489533-0j 0.0154102-0j -0.0455012-0j 0.0128205-0j 0.100351-0j 0.0781835-0j 0.0157105-0j 0.0210938-0j -0.0905828-0j 0.0557675-0j -0.164663-0j 0.00897085-0j -0.10008-0j -0.0834354-0j -0.100826-0j 0.21749-0j -0.0248241-0j -0.153756-0j 0-0j 0-0j 0-0j 0-0j 0-0j 0-0j 0-0j 0-0j 0.00448542-0j 0-0j 0-0j 0-0j 0-0j 0-0j 0-0j -0.00714399-0j 0-0j 0-0j 0-0j 0-0j 0-0j 0-0j 0-0j 0-0j 0-0j 0-0j 0-0j 0-0j 0-0j 0-0j 0-0j 0-0j 0-0j 0-0j 0-0j 0-0j 0-0j 0-0j 0.00515446-0j 0-0j 0-0j -0.0049495-0j 0-0j 0-0j 0-0j 0-0j 0-0j 0-0j 0-0j 0.217504-0j 0-0j 0-0j 0-0j 0-0j 0-0j 
0-0j 0-0j 0-0j 0-0j 0-0j 0-0j 0-0j 0-0j 0-0j 0-0j 0-0j 0-0j 0-0j 0-0j 0-0j 0-0j 0.00172011-0j -0.0525221-0j 0-0j 0-0j 0-0j 0-0j 0-0j 0-0j 0-0j 0-0j 0-0j 0-0j 0-0j 0-0j 0-0j 0-0j 0-0j 0-0j 0-0j 0-0j 0-0j 0.114892-0j 0.0598924-0j 0.109125-0j -0.000219211-0j 0.000482071-0j 0.000647257-0j 0.000275268-0j 0.000137634-0j 0-0j 0.000472857-0j -0.00139619-0j 0.000393394-0j 0.11347-0j 0.0591513-0j 0.0334296-0j 0-0j -0.244765-0j -0.106153-0j -0.310256-0j 0.0415643-0j -0.122726-0j 0.0757307-0j 0.0624791-0j -0.141896-0j -0.134773-0j 0.0227302-0j -0.0275438-0j 0.232208-0j 0.0783213-0j 0.0733295-0j 0.00141533-0j -0.129393-0j 0.0321991-0j -0.04965-0j -0.024825-0j -0.0715434-0j -0.0357717-0j 0.382055-0j 0-0j 0.0508895-0j -0.0397671-0j 0-0j 0.0793025-0j -0.0694563-0j -0.0255991-0j 0.0755857-0j 0.000158163-0j 0.04594-0j 0.0595063-0j 0-0j -0.00725289-0j 0.0156451-0j 0.00710509-0j 0.00165209-0j -0.000271548-0j 
0-0j 0-0j 0-0j 0-0j 0-0j 0-0j 0-0j 0-0j 0-0j 0-0j 0-0j 0-0j 0-0j 0-0j 0-0j 0-0j 0.0525221-0j -0.127181-0j 0-0j 0-0j 0-0j 0-0j 0-0j 0-0j 0-0j 0-0j 0-0j 0-0j 0-0j 0-0j 0-0j 0-0j 0-0j 0-0j 0-0j 0-0j 0-0j -0.0677322-0j -0.0473491-0j 0.267594-0j -0.08636-0j -0.0612274-0j 0.254992-0j -0.0349616-0j 0.125925-0j 0-0j -0.0600573-0j 0.177329-0j 0.154981-0j -0.0660561-0j -0.0461774-0j -0.0260974-0j 0-0j -0.0459374-0j 0.0828696-0j 0.030319-0j 0.0168953-0j -0.0498861-0j -0.095484-0j -0.258355-0j 0.0454766-0j -0.179668-0j -0.154709-0j -0.0834377-0j 0.0441335-0j -0.0611427-0j -0.0579721-0j 0.0192894-0j -0.0245925-0j 0.0789584-0j -0.020182-0j 0.0726915-0j 0.05656-0j -0.203718-0j 0.0726134-0j 0-0j 0.0206858-0j -0.0530141-0j 0-0j -0.0626941-0j 0.0549101-0j -0.0561723-0j 0.165858-0j -0.0200882-0j 0.100806-0j -0.0433364-0j 0-0j 0.0866388-0j 0.0602512-0j 0.0331485-0j 0.00904534-0j -0.00192417-0j 
0.0485274-0j -0.0428639-0j 0.0531591-0j 0.0560347-0j 0.0635373-0j 0.0375892-0j 0.0198112-0j 0.0428605-0j 0.0479195-0j 0.0276663-0j 0.0293446-0j -0.0287215-0j -0.0314628-0j -0.0203092-0j -0.086434-0j -0.0979066-0j 0-0j 0-0j -0.435028-0j 0.0293446-0j -0.0338869-0j -0.0195646-0j -0.0169435-0j 0.00847105-0j -0.0376053-0j -0.0512322-0j -0.0276685-0j 0.0186782-0j -0.0998054-0j -0.0576227-0j 0.435062-0j -0.0352865-0j -0.107251-0j -0.0844496-0j -0.0597149-0j -0.0562156-0j -0.0343991-0j 0-0j 0-0j 0-0j 0-0j 0-0j 0-0j 0-0j 0-0j -0.0293469-0j 0-0j 0-0j 0-0j 0-0j 0-0j 0-0j -0.0479233-0j 0-0j 0-0j 0-0j 0-0j 0-0j 0-0j 0-0j 0-0j 0-0j 0-0j 0-0j 0-0j 0-0j 0-0j 0-0j 0-0j 0-0j 0-0j 0-0j 0-0j 0-0j 0-0j -0.00378867-0j 0-0j 0-0j -0.0332022-0j 0-0j 0-0j 0-0j 0-0j 0-0j 0-0j 0-0j -0.00887516-0j 0-0j 0-0j 0-0j 0-0j 0-0j 
0.174786-0j 0.021432-0j 0.191469-0j -0.0280173-0j -0.0317687-0j -0.0187946-0j -0.00990562-0j -0.0214303-0j -0.0239598-0j -0.0138332-0j 0.105693-0j -0.103449-0j 0.0157314-0j 0.0101546-0j -0.311319-0j 0.0489533-0j 0-0j 0-0j -0.0293446-0j -0.267658-0j 0.0169435-0j 0.00978231-0j -0.061027-0j -0.00423553-0j 0.0188026-0j 0.0256161-0j -0.0996567-0j -0.00933911-0j 0.0499027-0j 0.0288113-0j 0.0293469-0j 0.0176433-0j 0.0536256-0j -0.304171-0j 0.0298574-0j 0.0281078-0j 0.0171995-0j 0-0j 0-0j 0-0j 0-0j 0-0j 0-0j 0-0j 0-0j 0.267679-0j 0-0j 0-0j 0-0j 0-0j 0-0j 0-0j -0.17261-0j 0-0j 0-0j 0-0j 0-0j 0-0j 0-0j 0-0j 0-0j 0-0j 0-0j 0-0j 0-0j 0-0j 0-0j 0-0j 0-0j 0-0j 0-0j 0-0j 0-0j 0-0j 0-0j 0.00189434-0j 0-0j 0-0j 0.0166011-0j 0-0j 0-0j 0-0j 0-0j 0-0j 0-0j 0-0j 0.00443758-0j 0-0j 0-0j 0-0j 0-0j 0-0j 
0.0844052-0j 0.0754943-0j -0.0303094-0j 0.167109-0j 0.110512-0j -0.0236275-0j -0.152029-0j -0.0247475-0j -0.441482-0j 0.0487313-0j -0.0186792-0j -0.0159744-0j 0.0533825-0j -0.0124528-0j 0.0298417-0j 0.0154102-0j 0-0j 0-0j -0.0338869-0j -0.0169435-0j 0.112816-0j -0.0124528-0j -0.131661-0j -0.166394-0j -0.0209154-0j -0.0295789-0j -0.0159744-0j -0.0106496-0j 0.059082-0j -0.00652154-0j 0.103375-0j -0.0537503-0j -0.00553371-0j -0.00252578-0j -0.00196896-0j -0.00110234-0j 0.00145613-0j 0-0j 0-0j 0-0j 0-0j 0-0j 0-0j 0-0j 0-0j 0.0516874-0j 0-0j 0-0j 0-0j 0-0j 0-0j 0-0j 0.144721-0j 0-0j 0-0j 0-0j 0-0j 0-0j 0-0j 0-0j 0-0j 0-0j 0-0j 0-0j 0-0j 0-0j 0-0j 0-0j 0-0j 0-0j 0-0j 0-0j 0-0j 0-0j 0-0j -0.137331-0j 0-0j 0-0j -0.0191693-0j 0-0j 0-0j 0-0j 0-0j 0-0j 0-0j 0-0j -7.11558e-05-0j 0-0j 0-0j 0-0j 0-0j 0-0j 
0.24922-0j 0.222909-0j 0.0174991-0j -0.0943344-0j -0.0638043-0j 0.0136414-0j -0.448891-0j -0.0730711-0j -0.0487313-0j -0.209977-0j 0.0107845-0j -0.0471672-0j -0.0308204-0j -0.036769-0j -0.0172291-0j 0.0455012-0j 0-0j 0-0j 0.0195646-0j 0.00978231-0j 0.0124528-0j 0.0536577-0j 0.0760144-0j 0.0960675-0j 0.0120755-0j -0.0873367-0j 0.0688319-0j 0.238147-0j 0.00652154-0j 0.0281005-0j -0.0596835-0j 0.0310328-0j 0.00319489-0j 0.00145826-0j 0.00113678-0j -0.00325485-0j -0.000840696-0j 0-0j 0-0j 0-0j 0-0j 0-0j 0-0j 0-0j 0-0j -0.0298417-0j 0-0j 0-0j 0-0j 0-0j 0-0j 0-0j 0.0159744-0j 0-0j 0-0j 0-0j 0-0j 0-0j 0-0j 0-0j 0-0j 0-0j 0-0j 0-0j 0-0j 0-0j 0-0j 0-0j 0-0j 0-0j 0-0j 0-0j 0-0j 0-0j 0-0j 0.0792883-0j 0-0j 0-0j 0.0110674-0j 0-0j 0-0j 0-0j 0-0j 0-0j 0-0j 0-0j 4.10818e-05-0j 0-0j 0-0j 0-0j 0-0j 0-0j 
0.217812-0j -0.0628076-0j -0.0470069-0j 0.0159744-0j -0.0919409-0j 0.144227-0j 0.0381836-0j 0.0123737-0j -0.070221-0j -0.0405421-0j -0.353673-0j -0.0247748-0j -0.0444117-0j 0.0760144-0j 0.0770081-0j -0.0128205-0j 0-0j 0-0j 0.0169435-0j -0.061027-0j 0.131661-0j 0.0760144-0j -0.10257-0j -0.183455-0j 0.0104577-0j 0.0147895-0j -0.0247748-0j 0.00532481-0j 0.00564782-0j 0.00326077-0j -0.0860028-0j 0.0134999-0j 0.00276685-0j -0.00391724-0j 0.0120189-0j 0.00055117-0j -0.00121143-0j 0-0j 0-0j 0-0j 0-0j 0-0j 0-0j 0-0j 0-0j 0.309765-0j 0-0j 0-0j 0-0j 0-0j 0-0j 0-0j -0.0429112-0j 0-0j 0-0j 0-0j 0-0j 0-0j 0-0j 0-0j 0-0j 0-0j 0-0j 0-0j 0-0j 0-0j 0-0j 0-0j 0-0j 0-0j 0-0j 0-0j 0-0j 0-0j 0-0j -0.308107-0j 0-0j 0-0j 0.00958466-0j 0-0j 0-0j 0-0j 0-0j 0-0j 0-0j 0-0j 3.55779e-05-0j 0-0j 0-0j 0-0j 0-0j 0-0j 
0.0497389-0j -0.043934-0j -0.00767286-0j -0.00808791-0j 0.0651235-0j -0.184573-0j 0.214506-0j -0.00618638-0j 0.0491158-0j 0.028357-0j -0.14409-0j 0.00414559-0j -0.0322483-0j 0.0997234-0j -0.0885919-0j -0.100351-0j 0-0j 0-0j -0.00847105-0j -0.00423553-0j 0.166394-0j 0.0960675-0j -0.183455-0j 0.158687-0j 0.00542785-0j 0.00739473-0j 0.00399361-0j -0.00269597-0j 0.0144057-0j 0.00831712-0j -0.0601591-0j -0.382064-0j 0.0154804-0j 0.0121892-0j 0.293216-0j 0.00811402-0j -0.0352579-0j 0-0j 0-0j 0-0j 0-0j 0-0j 0-0j 0-0j 0-0j -0.0300796-0j 0-0j 0-0j 0-0j 0-0j 0-0j 0-0j 0.00691713-0j 0-0j 0-0j 0-0j 0-0j 0-0j 0-0j 0-0j 0-0j 0-0j 0-0j 0-0j 0-0j 0-0j 0-0j 0-0j 0-0j 0-0j 0-0j 0-0j 0-0j 0-0j 0-0j 0.261351-0j 0-0j 0-0j 0.00479233-0j 0-0j 0-0j 0-0j 0-0j 0-0j 0-0j 0-0j 0.00128102-0j 0-0j 0-0j 0-0j 0-0j 0-0j 
-0.0597171-0j 0.0264562-0j -0.0654168-0j -0.0689554-0j 0.493738-0j -0.0462567-0j -0.0243794-0j 0.027463-0j 0.0307046-0j 0.0177273-0j 0.0188026-0j 0.0692783-0j 0.0758906-0j 0.0489871-0j 0.00965173-0j -0.0781835-0j 0-0j 0-0j 0.0376053-0j 0.0188026-0j 0.0209154-0j 0.0120755-0j 0.0104577-0j 0.00542785-0j -0.572789-0j -0.19968-0j 0.0170774-0j -0.0229851-0j 0.0111449-0j 0.00643449-0j 0.0362266-0j 0.0039403-0j -0.0856458-0j -0.130307-0j -0.0921409-0j -0.125546-0j -0.09972-0j 0-0j 0-0j 0-0j 0-0j 0-0j 0-0j 0-0j 0-0j 0.0181133-0j 0-0j 0-0j 0-0j 0-0j 0-0j 0-0j 0.0295789-0j 0-0j 0-0j 0-0j 0-0j 0-0j 0-0j 0-0j 0-0j 0-0j 0-0j 0-0j 0-0j 0-0j 0-0j 0-0j 0-0j 0-0j 0-0j 0-0j 0-0j 0-0j 0-0j 0.00233842-0j 0-0j 0-0j 0.0204929-0j 0-0j 0-0j 0-0j 0-0j 0-0j 0-0j 0-0j -0.0372338-0j 0-0j 0-0j 0-0j 0-0j 0-0j 
-0.0860497-0j -0.0769652-0j 0.0458235-0j -0.0993617-0j -0.345856-0j 0.0324021-0j -0.0351296-0j -0.0769652-0j 0.0418309-0j -0.123513-0j 0.0256161-0j -0.0496808-0j 0.0264562-0j -0.0351296-0j 0.0147895-0j -0.0157105-0j 0-0j 0-0j 0.0512322-0j 0.0256161-0j 0.0295789-0j -0.0873367-0j 0.0147895-0j 0.00739473-0j -0.19968-0j 0.5809-0j -0.123513-0j -0.131563-0j 0.0170774-0j -0.0504239-0j 0.0512322-0j 0.00603777-0j 0.00836618-0j 0.00381862-0j 0.00270017-0j -0.0034283-0j 0.000721652-0j 0-0j 0-0j 0-0j 0-0j 0-0j 0-0j 0-0j 0-0j 0.0256161-0j 0-0j 0-0j 0-0j 0-0j 0-0j 0-0j 0.0418309-0j 0-0j 0-0j 0-0j 0-0j 0-0j 0-0j 0-0j 0-0j 0-0j 0-0j 0-0j 0-0j 0-0j 0-0j 0-0j 0-0j 0-0j 0-0j 0-0j 0-0j 0-0j 0-0j 0.00330702-0j 0-0j 0-0j 0.0289813-0j 0-0j 0-0j 0-0j 0-0j 0-0j 0-0j 0-0j 0.000107577-0j 0-0j 0-0j 0-0j 0-0j 0-0j 
-0.358369-0j 0.103338-0j 0.0767619-0j 0.133409-0j -0.0295789-0j -0.0174991-0j 0.0471672-0j 0.103338-0j -0.0225913-0j -0.097343-0j 0.0429112-0j -0.206904-0j -0.014288-0j 0.0471672-0j 0.0247748-0j 0.0210938-0j 0-0j 0-0j -0.0276685-0j 0.0996567-0j -0.0159744-0j -0.0688319-0j 0.0247748-0j -0.00399361-0j -0.0170774-0j 0.123513-0j 0.301939-0j -0.33679-0j -0.00922285-0j -0.0397401-0j -0.0276685-0j -0.00326077-0j -0.00451825-0j 0.00639682-0j -0.00145826-0j 0.00460305-0j -0.000389736-0j 0-0j 0-0j 0-0j 0-0j 0-0j 0-0j 0-0j 0-0j 0.0996567-0j 0-0j 0-0j 0-0j 0-0j 0-0j 0-0j 0.0700737-0j 0-0j 0-0j 0-0j 0-0j 0-0j 0-0j 0-0j 0-0j 0-0j 0-0j 0-0j 0-0j 0-0j 0-0j 0-0j 0-0j 0-0j 0-0j 0-0j 0-0j 0-0j 0-0j -0.001786-0j 0-0j 0-0j -0.0156517-0j 0-0j 0-0j 0-0j 0-0j 0-0j 0-0j 0-0j -5.80985e-05-0j 0-0j 0-0j 0-0j 0-0j 0-0j 
0.000775681-0j -0.110074-0j -0.000103988-0j 0.000895679-0j -0.00012429-0j -7.35309e-05-0j 0.00031667-0j 0.111461-0j -0.0152507-0j -0.341036-0j -0.00933911-0j 0.143448-0j -0.0192307-0j 0.101433-0j -0.0161087-0j 0.0905828-0j 0-0j 0-0j -0.0186782-0j -0.00933911-0j 0.0106496-0j 0.238147-0j 0.00532481-0j -0.00269597-0j -0.0229851-0j -0.131563-0j 0.33679-0j 0.00108571-0j -0.0186007-0j -0.415949-0j 0.0184457-0j -0.00657634-0j -0.0121436-0j -0.0069263-0j -0.00489763-0j 0.0296347-0j -0.00183187-0j 0-0j 0-0j 0-0j 0-0j 0-0j 0-0j 0-0j 0-0j 0.00922285-0j 0-0j 0-0j 0-0j 0-0j 0-0j 0-0j 0.0150608-0j 0-0j 0-0j 0-0j 0-0j 0-0j 0-0j 0-0j 0-0j 0-0j 0-0j 0-0j 0-0j 0-0j 0-0j 0-0j 0-0j 0-0j 0-0j 0-0j 0-0j 0-0j 0-0j 0.00119066-0j 0-0j 0-0j 0.0104345-0j 0-0j 0-0j 0-0j 0-0j 0-0j 0-0j 0-0j -0.000351032-0j 0-0j 0-0j 0-0j 0-0j 0-0j 
0.0483261-0j -0.014288-0j 0.0529385-0j -0.291874-0j 0.0632737-0j 0.0374332-0j 0.019729-0j -0.0728876-0j 0.426239-0j -0.0470487-0j -0.0499027-0j -0.00851203-0j -0.00932446-0j -0.00601891-0j 0.0870117-0j 0.0557675-0j 0-0j 0-0j -0.0998054-0j -0.0499027-0j 0.059082-0j -0.00652154-0j -0.00564782-0j -0.0144057-0j -0.0111449-0j -0.0170774-0j -0.00922285-0j 0.0186007-0j -0.525522-0j 0.0580078-0j -0.0195646-0j 0.0355224-0j 0.0610902-0j -0.0570964-0j -0.0403733-0j -0.148548-0j -0.182501-0j 0-0j 0-0j 0-0j 0-0j 0-0j 0-0j 0-0j 0-0j -0.00978231-0j 0-0j 0-0j 0-0j 0-0j 0-0j 0-0j 0.0835545-0j 0-0j 0-0j 0-0j 0-0j 0-0j 0-0j 0-0j 0-0j 0-0j 0-0j 0-0j 0-0j 0-0j 0-0j 0-0j 0-0j 0-0j 0-0j 0-0j 0-0j 0-0j 0-0j -0.00126289-0j 0-0j 0-0j -0.0110674-0j 0-0j 0-0j 0-0j 0-0j 0-0j 0-0j 0-0j -0.112607-0j 0-0j 0-0j 0-0j 0-0j 0-0j 
0.142691-0j -0.0421876-0j -0.0305641-0j 0.164765-0j -0.0365311-0j -0.0216121-0j 0.0582533-0j -0.215213-0j 0.0470487-0j 0.202727-0j 0.0288113-0j -0.0251332-0j 0.00538348-0j -0.0177718-0j -0.0502362-0j 0.164663-0j 0-0j 0-0j 0.0576227-0j 0.0288113-0j 0.00652154-0j 0.0281005-0j 0.00326077-0j 0.00831712-0j 0.00643449-0j -0.0504239-0j 0.0397401-0j -0.415949-0j -0.0580078-0j -0.249949-0j 0.0112956-0j -0.0205088-0j -0.0352704-0j 0.0329646-0j 0.0233095-0j -0.438612-0j 0.105367-0j 0-0j 0-0j 0-0j 0-0j 0-0j 0-0j 0-0j 0-0j 0.00564782-0j 0-0j 0-0j 0-0j 0-0j 0-0j 0-0j 0.00922285-0j 0-0j 0-0j 0-0j 0-0j 0-0j 0-0j 0-0j 0-0j 0-0j 0-0j 0-0j 0-0j 0-0j 0-0j 0-0j 0-0j 0-0j 0-0j 0-0j 0-0j 0-0j 0-0j 0.00072913-0j 0-0j 0-0j 0.00638978-0j 0-0j 0-0j 0-0j 0-0j 0-0j 0-0j 0-0j 0.0650139-0j 0-0j 0-0j 0-0j 0-0j 0-0j 
-0.0491354-0j -0.043948-0j 0.0524974-0j 0.0553371-0j -0.0643333-0j -0.113241-0j -0.0993075-0j 0.0428639-0j -0.0491354-0j -0.0283683-0j -0.0895252-0j 0.0276685-0j -0.0310759-0j -0.0596835-0j -0.017372-0j -0.00897085-0j 0-0j 0-0j -0.435062-0j 0.0293469-0j -0.103375-0j -0.0596835-0j -0.0860028-0j -0.0601591-0j 0.0362266-0j 0.0512322-0j 0.0276685-0j 0.0184457-0j 0.0195646-0j 0.0112956-0j 0.446066-0j -0.0351105-0j 0.00958466-0j 0.00437478-0j -0.00943678-0j 0.00190931-0j -0.000847665-0j 0-0j 0-0j 0-0j 0-0j 0-0j 0-0j 0-0j 0-0j -0.0300891-0j 0-0j 0-0j 0-0j 0-0j 0-0j 0-0j 0.0479233-0j 0-0j 0-0j 0-0j 0-0j 0-0j 0-0j 0-0j 0-0j 0-0j 0-0j 0-0j 0-0j 0-0j 0-0j 0-0j 0-0j 0-0j 0-0j 0-0j 0-0j 0-0j 0-0j -0.0345771-0j 0-0j 0-0j 0.0332022-0j 0-0j 0-0j 0-0j 0-0j 0-0j 0-0j 0-0j 0.000123245-0j 0-0j 0-0j 0-0j 0-0j 0-0j 
-0.0867256-0j 0.0256411-0j 0.0187166-0j 0.019729-0j -0.11355-0j 0.178126-0j 0.0471582-0j -0.0257697-0j 0.146243-0j 0.0844333-0j -0.237462-0j -0.00300946-0j 0.0167336-0j -0.028641-0j -0.156151-0j -0.10008-0j 0-0j 0-0j -0.0352865-0j -0.0176433-0j -0.0537503-0j -0.0310328-0j -0.0134999-0j 0.382064-0j -0.0039403-0j -0.00603777-0j -0.00326077-0j 0.00657634-0j 0.0355224-0j 0.0205088-0j 0.0351105-0j 0.0849088-0j 0.0215986-0j -0.0201866-0j -0.192116-0j -0.0525196-0j 0.327515-0j 0-0j 0-0j 0-0j 0-0j 0-0j 0-0j 0-0j 0-0j 0.0175553-0j 0-0j 0-0j 0-0j 0-0j 0-0j 0-0j -0.00564782-0j 0-0j 0-0j 0-0j 0-0j 0-0j 0-0j 0-0j 0-0j 0-0j 0-0j 0-0j 0-0j 0-0j 0-0j 0-0j 0-0j 0-0j 0-0j 0-0j 0-0j 0-0j 0-0j 0.125784-0j 0-0j 0-0j -0.00391292-0j 0-0j 0-0j 0-0j 0-0j 0-0j 0-0j 0-0j -0.0398127-0j 0-0j 0-0j 0-0j 0-0j 0-0j 
-0.03155-0j -0.0291155-0j 0.14376-0j -0.0364308-0j -0.0413087-0j 0.101654-0j -0.0128802-0j -0.3258-0j 0.0875703-0j 0.0505587-0j 0.0536256-0j -0.065413-0j 0.29806-0j -0.046254-0j -0.0529057-0j 0.0834354-0j 0-0j 0-0j 0.107251-0j 0.0536256-0j 0.00553371-0j 0.00319489-0j 0.00276685-0j 0.0154804-0j -0.0856458-0j 0.00836618-0j 0.00451825-0j -0.0121436-0j -0.0610902-0j -0.0352704-0j 0.00958466-0j -0.0215986-0j -0.38018-0j 0.110449-0j 0.0780993-0j -0.0132194-0j -0.164276-0j 0-0j 0-0j 0-0j 0-0j 0-0j 0-0j 0-0j 0-0j 0.00479233-0j 0-0j 0-0j 0-0j 0-0j 0-0j 0-0j 0.00782584-0j 0-0j 0-0j 0-0j 0-0j 0-0j 0-0j 0-0j 0-0j 0-0j 0-0j 0-0j 0-0j 0-0j 0-0j 0-0j 0-0j 0-0j 0-0j 0-0j 0-0j 0-0j 0-0j 0.000618687-0j 0-0j 0-0j -0.0505275-0j 0-0j 0-0j 0-0j 0-0j 0-0j 0-0j 0-0j -0.238264-0j 0-0j 0-0j 0-0j 0-0j 0-0j 
-0.0558171-0j -0.00319489-0j -0.0611446-0j 0.0207789-0j 0.0235611-0j 0.0139389-0j 0.00734645-0j -0.0616733-0j -0.0689528-0j -0.0398099-0j 0.130973-0j -0.308703-0j 0.109023-0j 0.0703738-0j 0.153375-0j -0.100826-0j 0-0j 0-0j -0.0844496-0j 0.304171-0j -0.00252578-0j -0.00145826-0j 0.00391724-0j -0.0121892-0j 0.130307-0j -0.00381862-0j 0.00639682-0j 0.0069263-0j -0.0570964-0j -0.0329646-0j -0.00437478-0j -0.0201866-0j -0.110449-0j -0.20024-0j 0.0456479-0j 0.161018-0j 0.0539479-0j 0-0j 0-0j 0-0j 0-0j 0-0j 0-0j 0-0j 0-0j 0.0157571-0j 0-0j 0-0j 0-0j 0-0j 0-0j 0-0j 0.0110796-0j 0-0j 0-0j 0-0j 0-0j 0-0j 0-0j 0-0j 0-0j 0-0j 0-0j 0-0j 0-0j 0-0j 0-0j 0-0j 0-0j 0-0j 0-0j 0-0j 0-0j 0-0j 0-0j -0.000282391-0j 0-0j 0-0j -0.00247475-0j 0-0j 0-0j 0-0j 0-0j 0-0j 0-0j 0-0j -0.31172-0j 0-0j 0-0j 0-0j 0-0j 0-0j 
0.0388169-0j -0.00689165-0j -0.0139389-0j -0.0146929-0j 0.0508233-0j -0.010866-0j -0.0699162-0j 0.0436096-0j -0.148737-0j -0.0858735-0j 0.0329162-0j -0.0703738-0j 0.235171-0j -0.0548596-0j -0.106661-0j -0.21749-0j 0-0j 0-0j 0.0597149-0j 0.0298574-0j 0.00196896-0j 0.00113678-0j 0.0120189-0j 0.293216-0j -0.0921409-0j 0.00270017-0j 0.00145826-0j -0.00489763-0j 0.0403733-0j 0.0233095-0j -0.00943678-0j 0.192116-0j 0.0780993-0j -0.0456479-0j -0.0355846-0j -0.113857-0j 0.11637-0j 0-0j 0-0j 0-0j 0-0j 0-0j 0-0j 0-0j 0-0j -0.00471839-0j 0-0j 0-0j 0-0j 0-0j 0-0j 0-0j 0.00252578-0j 0-0j 0-0j 0-0j 0-0j 0-0j 0-0j 0-0j 0-0j 0-0j 0-0j 0-0j 0-0j 0-0j 0-0j 0-0j 0-0j 0-0j 0-0j 0-0j 0-0j 0-0j 0-0j 0.0125366-0j 0-0j 0-0j 0.00174991-0j 0-0j 0-0j 0-0j 0-0j 0-0j 0-0j 0-0j 0.220466-0j 0-0j 0-0j 0-0j 0-0j 0-0j 
0.0193828-0j -0.00286832-0j -0.0103218-0j 0.0223813-0j -0.0123369-0j -0.0072986-0j 0.00791299-0j -0.0844517-0j 0.0458998-0j -0.135527-0j 0.0281078-0j 0.197249-0j -0.10504-0j 0.139476-0j 0.128646-0j 0.0248241-0j 0-0j 0-0j 0.0562156-0j 0.0281078-0j 0.00110234-0j -0.00325485-0j 0.00055117-0j 0.00811402-0j -0.125546-0j -0.0034283-0j -0.00460305-0j 0.0296347-0j 0.148548-0j -0.438612-0j 0.00190931-0j 0.0525196-0j -0.0132194-0j -0.161018-0j -0.113857-0j -0.0336184-0j 0.221427-0j 0-0j 0-0j 0-0j 0-0j 0-0j 0-0j 0-0j 0-0j 0.000954655-0j 0-0j 0-0j 0-0j 0-0j 0-0j 0-0j 0.00155895-0j 0-0j 0-0j 0-0j 0-0j 0-0j 0-0j 0-0j 0-0j 0-0j 0-0j 0-0j 0-0j 0-0j 0-0j 0-0j 0-0j 0-0j 0-0j 0-0j 0-0j 0-0j 0-0j 0.000123245-0j 0-0j 0-0j 0.00108007-0j 0-0j 0-0j 0-0j 0-0j 0-0j 0-0j 0-0j -0.124961-0j 0-0j 0-0j 0-0j 0-0j 0-0j 
-0.00487971-0j 0.000619047-0j 0.0052136-0j 0.00549561-0j -0.00638904-0j -0.0112462-0j -0.00986239-0j -0.0251215-0j 0.0287971-0j 0.016626-0j 0.0524686-0j 0.0761624-0j -0.0855418-0j -0.164289-0j 0.162048-0j -0.153756-0j 0-0j 0-0j -0.0343991-0j -0.0171995-0j 0.00145613-0j 0.000840696-0j 0.00121143-0j 0.0352579-0j 0.09972-0j -0.000721652-0j -0.000389736-0j 0.00183187-0j -0.182501-0j -0.105367-0j 0.000847665-0j 0.327515-0j 0.164276-0j 0.0539479-0j -0.11637-0j -0.221427-0j 0.0730129-0j 0-0j 0-0j 0-0j 0-0j 0-0j 0-0j 0-0j 0-0j 0.000423833-0j 0-0j 0-0j 0-0j 0-0j 0-0j 0-0j -0.000675043-0j 0-0j 0-0j 0-0j 0-0j 0-0j 0-0j 0-0j 0-0j 0-0j 0-0j 0-0j 0-0j 0-0j 0-0j 0-0j 0-0j 0-0j 0-0j 0-0j 0-0j 0-0j 0-0j 0.00048705-0j 0-0j 0-0j -0.000467684-0j 0-0j 0-0j 0-0j 0-0j 0-0j 0-0j 0-0j 0.304808-0j 0-0j 0-0j 0-0j 0-0j 0-0j 
0-0j 0-0j 0-0j 0-0j 0-0j 0-0j 0-0j 0-0j 0-0j 0-0j 0-0j 0-0j 0-0j 0-0j 0-0j 0-0j -0.114892-0j -0.0677322-0j 0-0j 0-0j 0-0j 0-0j 0-0j 0-0j 0-0j 0-0j 0-0j 0-0j 0-0j 0-0j 0-0j 0-0j 0-0j 0-0j 0-0j 0-0j 0-0j 0.308627-0j 0.0252145-0j -0.1425-0j 0.0934249-0j -0.0321991-0j 0.0539389-0j 0.0378217-0j -0.136226-0j 0-0j 0.0649705-0j 0.0375107-0j -0.16766-0j -0.301014-0j -0.0245925-0j 0.0285905-0j 0-0j -0.209334-0j 0.0441335-0j 0.0646966-0j 0.0178293-0j 0.0102938-0j -0.100763-0j 0.0269694-0j -0.0406204-0j 0.0187554-0j -0.0151454-0j 0.00230176-0j -0.201098-0j -0.0081975-0j 0.0308715-0j 0.194467-0j 0.112058-0j 0.0864946-0j -0.0212977-0j 0.0767102-0j -0.0301195-0j 0.108485-0j 0.0646966-0j 0-0j 0.0218294-0j -0.0113841-0j 0-0j 0.00840482-0j 0.060151-0j -0.00549905-0j -0.00317488-0j 0.0217315-0j 0.00986855-0j 0.0102294-0j 0-0j 0.00322346-0j 0.00224169-0j -0.000424261-0j 0.000177584-0j -2.33548e-05-0j 
0-0j 0-0j 0-0j 0-0j 0-0j 0-0j 0-0j 0-0j 0-0j 0-0j 0-0j 0-0j 0-0j 0-0j 0-0j 0-0j -0.0598924-0j -0.0473491-0j 0-0j 0-0j 0-0j 0-0j 0-0j 0-0j 0-0j 0-0j 0-0j 0-0j 0-0j 0-0j 0-0j 0-0j 0-0j 0-0j 0-0j 0-0j 0-0j 0.0252145-0j 0.285973-0j -0.0996166-0j 0.166062-0j 0.0698192-0j 0.0937435-0j 0.0398676-0j 0.0199338-0j 0-0j -0.358211-0j -0.202213-0j 0.0569761-0j -0.0245925-0j -0.278919-0j 0.030137-0j 0-0j 0.0530482-0j -0.0956972-0j 0.0337259-0j -0.098301-0j -0.0554917-0j 0.0342424-0j 0.0188533-0j 0.0102938-0j -0.0406683-0j 0.00514688-0j -0.00499103-0j 0.050961-0j 0.0706072-0j -0.0669404-0j -0.0219962-0j 0.148531-0j -0.0293936-0j -0.0224498-0j -0.0112249-0j 0.0653099-0j 0.032655-0j 0.0838468-0j 0-0j 0.0230102-0j -0.0119999-0j 0-0j -0.0723929-0j 0.0634047-0j 0.0303187-0j 0.0171152-0j 0.022907-0j 0.0104024-0j -0.00259228-0j 0-0j -0.00109544-0j 0.00236295-0j 0.000919949-0j 0.00018719-0j -2.46181e-05-0j 
0-0j 0-0j 0-0j 0-0j 0-0j 0-0j 0-0j 0-0j 0-0j 0-0j 0-0j 0-0j 0-0j 0-0j 0-0j 0-0j 0.109125-0j -0.267594-0j 0-0j 0-0j 0-0j 0-0j 0-0j 0-0j 0-0j 0-0j 0-0j 0-0j 0-0j 0-0j 0-0j 0-0j 0-0j 0-0j 0-0j 0-0j 0-0j 0.1425-0j 0.0996166-0j 0.0683811-0j -0.0603055-0j -0.0427554-0j 0.178062-0j -0.0726392-0j 0.261632-0j 0-0j 0.015156-0j -0.0447506-0j -0.286964-0j -0.0467124-0j -0.032655-0j -0.0549101-0j 0-0j 0.0117398-0j -0.155389-0j -0.0206528-0j -0.0342424-0j 0.101107-0j -0.0235055-0j 0.0358112-0j -0.0187554-0j -0.00900007-0j 0.0290877-0j 0.00909371-0j 0.0827481-0j -0.0432379-0j -0.196381-0j 0.0134699-0j 0.0173895-0j -0.055832-0j 0.0137476-0j -0.0495162-0j -0.039994-0j 0.144051-0j -0.0513455-0j 0-0j 0.0675045-0j 0.00734841-0j 0-0j 0.131901-0j 0.0140317-0j 0.00354962-0j -0.0104808-0j 0.0964997-0j 0.0168909-0j 0.00158744-0j 0-0j -0.00208074-0j 0.000522931-0j -0.000563351-0j -0.000341063-0j 1.50754e-05-0j 
0-0j 0-0j 0-0j 0-0j 0-0j 0-0j 0-0j 0-0j 0-0j 0-0j 0-0j 0-0j 0-0j 0-0j 0-0j 0-0j 0.000219211-0j -0.08636-0j 0-0j 0-0j 0-0j 0-0j 0-0j 0-0j 0-0j 0-0j 0-0j 0-0j 0-0j 0-0j 0-0j 0-0j 0-0j 0-0j 0-0j 0-0j 0-0j 0.0934249-0j 0.166062-0j 0.0603055-0j 0.00397627-0j 0.000262007-0j -0.000438906-0j 0.000300167-0j -0.00108114-0j 0-0j -0.000906456-0j 0.000100056-0j -0.000268774-0j -0.0946026-0j -0.168156-0j 0.0364535-0j 0-0j 0.0215662-0j 0.0113664-0j 0.040539-0j -0.237068-0j 0.0261678-0j -0.0860912-0j -0.10533-0j 0.0371987-0j 0.0240117-0j -0.0768821-0j 0.0146009-0j -0.0122962-0j 0.0107163-0j -0.00561244-0j 0.0001698-0j 0.181912-0j 0.111664-0j 0.0555104-0j -0.199938-0j -0.0388841-0j 0.140053-0j -0.0200797-0j 0-0j 0.00801223-0j 0.044461-0j 0-0j -0.0105829-0j -0.0254556-0j -0.149701-0j 0.0165242-0j 1.93757e-05-0j 0.0101189-0j 0.0159944-0j 0-0j -0.0251525-0j 0.00573391-0j 0.00386165-0j 0.00180152-0j 0.000303599-0j 
0-0j 0-0j 0-0j 0-0j 0-0j 0-0j 0-0j 0-0j 0-0j 0-0j 0-0j 0-0j 0-0j 0-0j 0-0j 0-0j -0.000482071-0j -0.0612274-0j 0-0j 0-0j 0-0j 0-0j 0-0j 0-0j 0-0j 0-0j 0-0j 0-0j 0-0j 0-0j 0-0j 0-0j 0-0j 0-0j 0-0j 0-0j 0-0j -0.0321991-0j 0.0698192-0j 0.0427554-0j 0.000262007-0j 0.00363846-0j -0.00077362-0j 0.000320892-0j 0.000160446-0j 0-0j 0.000185267-0j -0.000547032-0j 9.26336e-05-0j 0.032605-0j -0.0706994-0j -0.246089-0j 0-0j 0.0230552-0j -0.024996-0j -0.0891501-0j 0.0484534-0j -0.143067-0j 0.0296715-0j -0.0746768-0j 0.0397671-0j -0.0528045-0j 0.0264976-0j -0.032109-0j -0.0131452-0j -0.0936118-0j 0.0123424-0j 0.000181524-0j -0.0371803-0j 0.243025-0j 0.0593431-0j 0.0296715-0j 0.0855107-0j 0.0427554-0j 0.109781-0j 0-0j 0.00856544-0j -0.300145-0j 0-0j 0.0924465-0j 0.171845-0j 0.0305968-0j -0.0903422-0j 2.07135e-05-0j 0.0108176-0j 0.0170988-0j 0-0j 0.00866886-0j 0.00612981-0j -0.00849221-0j 0.00192591-0j 0.000324561-0j 
0-0j 0-0j 0-0j 0-0j 0-0j 0-0j 0-0j 0-0j 0-0j 0-0j 0-0j 0-0j 0-0j 0-0j 0-0j 0-0j 0.000647257-0j -0.254992-0j 0-0j 0-0j 0-0j 0-0j 0-0j 0-0j 0-0j 0-0j 0-0j 0-0j 0-0j 0-0j 0-0j 0-0j 0-0j 0-0j 0-0j 0-0j 0-0j -0.0539389-0j -0.0937435-0j 0.178062-0j 0.000438906-0j 0.00077362-0j 0.00189119-0j -0.000173302-0j 0.000624198-0j 0-0j -0.000100056-0j -0.000431128-0j 0.000155177-0j 0.0546188-0j 0.0949253-0j -0.0210465-0j 0-0j -0.0124512-0j 0.0335612-0j 0.119698-0j -0.0261678-0j -0.112754-0j 0.0497048-0j -0.311004-0j -0.0214767-0j 0.0708985-0j 0.0443879-0j 0.0431115-0j 0.00709924-0j -0.239638-0j -0.0165717-0j -9.80342e-05-0j 0.0200797-0j -0.0644693-0j -0.0320489-0j 0.115434-0j -0.114812-0j 0.41353-0j 0.0865209-0j 0-0j -0.00462587-0j -0.0256696-0j 0-0j 0.236655-0j 0.0146968-0j -0.0165242-0j -0.0712006-0j -1.11866e-05-0j -0.00584217-0j -0.0092344-0j 0-0j 0.0145218-0j -0.00331048-0j 0.0114022-0j -0.00104011-0j -0.000175283-0j 
0-0j 0-0j 0-0j 0-0j 0-0j 0-0j 0-0j 0-0j 0-0j 0-0j 0-0j 0-0j 0-0j 0-0j 0-0j 0-0j -0.000275268-0j -0.0349616-0j 0-0j 0-0j 0-0j 0-0j 0-0j 0-0j 0-0j 0-0j 0-0j 0-0j 0-0j 0-0j 0-0j 0-0j 0-0j 0-0j 0-0j 0-0j 0-0j 0.0378217-0j 0.0398676-0j 0.0726392-0j 0.000300167-0j 0.000320892-0j 0.000173302-0j 0.00279393-0j -0.000188463-0j 0-0j -0.000647487-0j -0.000373827-0j -0.000538678-0j 0.0373537-0j 0.0393743-0j -0.0457754-0j 0-0j -0.0805753-0j -0.0706608-0j 0.04965-0j -0.0569143-0j -0.0328595-0j -0.103699-0j 0.0415895-0j -0.0467112-0j -0.0897121-0j -0.0311246-0j -0.0183346-0j 0.0764415-0j 0.0131248-0j 0.0488121-0j 0.000207962-0j -0.0425954-0j -0.0440905-0j -0.50394-0j 0.033993-0j 0.353002-0j -0.0238116-0j -0.0245925-0j 0-0j -0.0696833-0j 0.0544534-0j 0-0j 0.0132892-0j 0.095107-0j 0.035053-0j 0.0202379-0j -0.000216573-0j -0.0629059-0j 0.0195891-0j 0-0j 0.00993143-0j -0.021423-0j 0.00472953-0j -0.00226221-0j 0.000371832-0j 
0-0j 0-0j 0-0j 0-0j 0-0j 0-0j 0-0j 0-0j 0-0j 0-0j 0-0j 0-0j 0-0j 0-0j 0-0j 0-0j 0.000137634-0j -0.125925-0j 0-0j 0-0j 0-0j 0-0j 0-0j 0-0j 0-0j 0-0j 0-0j 0-0j 0-0j 0-0j 0-0j 0-0j 0-0j 0-0j 0-0j 0-0j 0-0j 0.136226-0j -0.0199338-0j 0.261632-0j 0.00108114-0j -0.000160446-0j 0.000624198-0j 0.000188463-0j 0.00171901-0j 0-0j 0.000323743-0j 0.000186913-0j -0.00194021-0j 0.134541-0j -0.0196872-0j 0.0228877-0j 0-0j 0.0402877-0j 0.0353304-0j -0.024825-0j 0.0284572-0j 0.0164297-0j -0.373502-0j 0.149797-0j 0.0233556-0j 0.0448561-0j -0.112105-0j 0.0091673-0j -0.0382207-0j -0.00656238-0j -0.024406-0j -0.000103981-0j 0.0212977-0j -0.158805-0j -0.033993-0j -0.310057-0j 0.0238116-0j 0.21719-0j 0.0122962-0j 0-0j 0.0348417-0j -0.0272267-0j 0-0j -0.00664459-0j -0.0475535-0j -0.0175265-0j -0.0101189-0j 0.000108287-0j 0.031453-0j -0.00979456-0j 0-0j 0.0357711-0j 0.0107115-0j -0.00236477-0j 0.00113111-0j -0.000185916-0j 
-0.176976-0j 0.021974-0j 0.189085-0j -0.0276685-0j 0.0321666-0j 0.0566207-0j 0.0496538-0j -0.021432-0j 0.0245677-0j 0.0141842-0j -0.322452-0j 0.0996567-0j 0.015538-0j 0.0298417-0j -0.0625705-0j 0.00448542-0j 0-0j 0-0j -0.0293469-0j -0.267679-0j 0.0516874-0j 0.0298417-0j -0.309765-0j 0.0300796-0j -0.0181133-0j -0.0256161-0j 0.0996567-0j -0.00922285-0j -0.00978231-0j -0.00564782-0j 0.0300891-0j 0.0175553-0j -0.00479233-0j 0.0157571-0j 0.00471839-0j -0.000954655-0j 0.000423833-0j 0-0j 0-0j 0-0j 0-0j 0-0j 0-0j 0-0j 0-0j 0.274449-0j 0-0j 0-0j 0-0j 0-0j 0-0j 0-0j 0.17261-0j 0-0j 0-0j 0-0j 0-0j 0-0j 0-0j 0-0j 0-0j 0-0j 0-0j 0-0j 0-0j 0-0j 0-0j 0-0j 0-0j 0-0j 0-0j 0-0j 0-0j 0-0j 0-0j 0.0172886-0j 0-0j 0-0j -0.0166011-0j 0-0j 0-0j 0-0j 0-0j 0-0j 0-0j 0-0j -6.16227e-05-0j 0-0j 0-0j 0-0j 0-0j 0-0j 
0-0j 0-0j 0-0j 0-0j 0-0j 0-0j 0-0j 0-0j 0-0j 0-0j 0-0j 0-0j 0-0j 0-0j 0-0j 0-0j 0.000472857-0j 0.0600573-0j 0-0j 0-0j 0-0j 0-0j 0-0j 0-0j 0-0j 0-0j 0-0j 0-0j 0-0j 0-0j 0-0j 0-0j 0-0j 0-0j 0-0j 0-0j 0-0j -0.0649705-0j 0.358211-0j 0.015156-0j 0.000906456-0j -0.000185267-0j -0.000100056-0j 0.000647487-0j 0.000323743-0j 0-0j 0.000706624-0j -7.7998e-05-0j -0.000824656-0j -0.0215662-0j 0.118904-0j 0.0786335-0j 0-0j -0.0168118-0j -0.108174-0j -0.0286654-0j -0.511376-0j 0.0564463-0j -0.0216364-0j -0.0240117-0j 0.080241-0j -0.0187182-0j 0.0534661-0j 0.0314954-0j 0.117023-0j -0.00757759-0j 0.135009-0j -0.000120067-0j -0.128631-0j 0.0254556-0j -0.0392518-0j -0.0196259-0j 0.0274952-0j 0.0137476-0j 0.0141985-0j 0-0j -0.192737-0j -0.0314387-0j 0-0j -0.0228283-0j 0.0198438-0j 0.105855-0j -0.0116843-0j -0.000860173-0j -0.0963021-0j -0.0113098-0j 0-0j -0.00573391-0j -0.00446985-0j -0.0027306-0j 0.00388605-0j -0.000214677-0j 
0-0j 0-0j 0-0j 0-0j 0-0j 0-0j 0-0j 0-0j 0-0j 0-0j 0-0j 0-0j 0-0j 0-0j 0-0j 0-0j 0.00139619-0j 0.177329-0j 0-0j 0-0j 0-0j 0-0j 0-0j 0-0j 0-0j 0-0j 0-0j 0-0j 0-0j 0-0j 0-0j 0-0j 0-0j 0-0j 0-0j 0-0j 0-0j 0.0375107-0j -0.202213-0j 0.0447506-0j 0.000100056-0j -0.000547032-0j 0.000431128-0j -0.000373827-0j -0.000186913-0j 0-0j 7.7998e-05-0j 0.000336084-0j 0.000476115-0j 0.0124512-0j -0.0671223-0j -0.045399-0j 0-0j 0.00970632-0j -0.319402-0j -0.0846395-0j -0.0564463-0j -0.24322-0j 0.0124918-0j -0.0708985-0j -0.0463271-0j -0.0552687-0j -0.0308687-0j 0.0929953-0j -0.0675635-0j 0.16945-0j 0.398637-0j 6.93206e-05-0j -0.0141985-0j -0.0146968-0j 0.022662-0j 0.011331-0j 0.0811843-0j 0.0405921-0j -0.0611795-0j 0-0j 0.111277-0j 0.0181511-0j 0-0j 0.510486-0j -0.0114568-0j 0.0116843-0j 0.0503464-0j 0.000496621-0j 0.0556-0j 0.00652971-0j 0-0j 0.00331048-0j 0.00258067-0j -0.00806254-0j -0.00224361-0j 0.000123944-0j 
